Year,Name,Frequency,Male,Female
1913,MARGARET,6,0,6
1913,MARY,7,0,7
1914,GLADYS,6,0,6
1914,MARGARET,9,0,9
1914,MARY,9,0,9
1915,DOROTHY,9,0,9
1915,MARGARET,13,0,13
1915,MARIE,10,0,10
1915,MARY,7,0,7
1915,RUTH,7,0,7
1916,RUTH,7,0,7
1916,MARY,12,0,12
1916,MARIE,12,0,12
1916,MARGARET,14,0,14
1916,ELIZABETH,6,0,6
1916,EDITH,10,0,10
1916,DOROTHY,8,0,8
1916,DORIS,6,0,6
1917,EMERSON,22,22,0
1917,EMIL,10,10,0
1917,EMILE,16,16,0
1917,ERIC,59,59,0
1917,ERLE,5,5,0
1917,ERNEST,284,284,0
1917,ERVIN,6,6,0
1917,ERWIN,5,5,0
1917,EUGENE,43,43,0
1917,EVERETT,26,26,0
1917,FRANK,306,306,0
1917,FELIX,11,11,0
1917,FERDINAND,6,6,0
1917,FERGUS,6,6,0
1917,FERNAND,8,8,0
1917,FLOYD,33,33,0
1917,FRANCESCO,13,13,0
1917,FRANCOIS,7,7,0
1917,EMANUEL,7,7,0
1917,FRANKLIN,37,37,0
1917,FRED,55,55,0
1917,EWART,6,6,0
1917,ELWOOD,13,13,0
1917,EDMUND,29,29,0
1917,ELMER,103,103,0
1917,DOMINIC,9,9,0
1917,DOMINICK,8,8,0
1917,DON,5,5,0
1917,DONALD,497,497,0
1917,DOUGLAS,279,279,0
1917,DUDLEY,6,6,0
1917,DUNCAN,38,38,0
1917,DWIGHT,5,5,0
1917,EARL,211,211,0
1917,EARLE,15,15,0
1917,EARNEST,23,23,0
1917,EDDIE,7,7,0
1917,EDGAR,68,68,0
1917,EDMOND,25,25,0
1917,FREDERIC,21,21,0
1917,EDWARD,428,428,0
1917,EDWIN,107,107,0
1917,ELDON,23,23,0
1917,ELGIN,21,21,0
1917,ELIAS,6,6,0
1917,ELLIOTT,8,8,0
1917,ELTON,6,6,0
1917,FREDERICK,450,450,0
1917,GILBERT,45,45,0
1917,GABRIEL,6,6,0
1917,HARVIE,5,5,0
1917,HECTOR,32,32,0
1917,HENRI,13,13,0
1917,HENRY,278,278,0
1917,HERBERT,263,263,0
1917,HERMAN,21,21,0
1917,HILLIARD,5,5,0
1917,AARON,7,7,0
1917,HILTON,9,9,0
1917,HIRAM,5,5,0
1917,HOMER,10,10,0
1917,HORACE,22,22,0
1917,HOWARD,220,220,0
1917,HUBERT,58,58,0
1917,HUGH,118,118,0
1917,HYMAN,11,11,0
1917,IAN,21,21,0
1917,IRA,18,18,0
1917,IRVIN,14,14,0
1917,IRVINE,8,8,0
1917,IRVING,10,10,0
1917,HARVEY,94,94,0
1917,FREDRICK,42,42,0
1917,HARRY,357,357,0
1917,HARLEY,12,12,0
1917,GARFIELD,11,11,0
1917,GARNET,42,42,0
1917,GARNETT,5,5,0
1917,GEORGE,1206,1206,0
1917,GERALD,148,148,0
1917,GERARD,25,25,0
1917,DOMENICO,6,6,0
1917,GINO,5,5,0
1917,GIOVANNI,10,10,0
1917,GLEN,38,38,0
1917,GLENN,15,15,0
1917,GORDEN,16,16,0
1917,GORDON,508,508,0
1917,GRAHAM,14,14,0
1917,GRANT,25,25,0
1917,GREGORY,10,10,0
1917,GRENVILLE,6,6,0
1917,GUISEPPE,8,8,0
1917,GUSTAVE,6,6,0
1917,GUY,14,14,0
1917,HAMILTON,7,7,0
1917,HAROLD,579,579,0
1917,DESMOND,6,6,0
1917,CURTIS,5,5,0
1917,DENIS,13,13,0
1917,ALPHONSE,13,13,0
1917,ALTON,8,8,0
1917,ALVIN,68,68,0
1917,AMBROSE,16,16,0
1917,AMOS,10,10,0
1917,ANDRE,6,6,0
1917,ANDREW,112,112,0
1917,ANGELO,18,18,0
1917,ANGUS,37,37,0
1917,ANTHONY,35,35,0
1917,ANTOINE,6,6,0
1917,ANTONIO,21,21,0
1917,ANTONY,5,5,0
1917,ARCHIBALD,38,38,0
1917,ARCHIE,39,39,0
1917,ARMAND,18,18,0
1917,ARNOLD,76,76,0
1917,ARTHUR,476,476,0
1917,ARVO,7,7,0
1917,AUBREY,20,20,0
1917,AUGUSTINE,5,5,0
1917,ALMER,7,7,0
1917,AURELE,5,5,0
1917,ALLEN,51,51,0
1917,ALFREDO,5,5,0
1917,WINIFRED,43,0,43
1917,WINNIFRED,121,0,121
1917,YETTA,7,0,7
1917,YVETTE,12,0,12
1917,YVONNE,14,0,14
1917,ZELMA,11,0,11
1917,WILSON,16,16,0
1917,ABE,5,5,0
1917,ABIE,5,5,0
1917,ABRAHAM,25,25,0
1917,ABRAM,7,7,0
1917,ADAM,19,19,0
1917,ADELARD,6,6,0
1917,ADRIAN,7,7,0
1917,ALAN,34,34,0
1917,ALBERT,502,502,0
1917,ALBIN,5,5,0
1917,ALCIDE,5,5,0
1917,ALEX,33,33,0
1917,ALEXANDER,187,187,0
1917,ALFRED,276,276,0
1917,ALLAN,132,132,0
1917,AUSTIN,30,30,0
1917,BASIL,35,35,0
1917,BAZIL,5,5,0
1917,CLARANCE,15,15,0
1917,CLARE,11,11,0
1917,CLARENCE,216,216,0
1917,CLAUD,5,5,0
1917,CLAUDE,29,29,0
1917,CLAYTON,43,43,0
1917,CLEMENT,14,14,0
1917,CLIFFORD,171,171,0
1917,CLIFTON,9,9,0
1917,CLINTON,16,16,0
1917,CLYDE,13,13,0
1917,COLIN,14,14,0
1917,CONRAD,7,7,0
1917,CORNELIUS,8,8,0
1917,IRWIN,15,15,0
1917,CYRIL,53,53,0
1917,DALTON,10,10,0
1917,DANIEL,91,91,0
1917,DAVID,317,317,0
1917,DEAN,5,5,0
1917,DELBERT,24,24,0
1917,CHRISTOPHER,18,18,0
1917,CHESTER,29,29,0
1917,CHARLIE,15,15,0
1917,CHARLEY,6,6,0
1917,BEN,5,5,0
1917,BENEDICT,5,5,0
1917,BENJAMIN,51,51,0
1917,BENNY,5,5,0
1917,BERNARD,91,91,0
1917,BERT,21,21,0
1917,BERTIE,8,8,0
1917,BERTRAM,21,21,0
1917,BEVERLEY,6,6,0
1917,BILLIE,9,9,0
1917,DENNIS,14,14,0
1917,BOBBIE,5,5,0
1917,BRUCE,103,103,0
1917,BRUNO,6,6,0
1917,BURTON,15,15,0
1917,CALVIN,14,14,0
1917,CAMERON,19,19,0
1917,CARL,92,92,0
1917,CARLTON,7,7,0
1917,CARMAN,17,17,0
1917,CECIL,159,159,0
1917,CHARLES,790,790,0
1917,BORDEN,6,6,0
1917,ISAAC,21,21,0
1917,JEROME,19,19,0
1917,ISRAEL,16,16,0
1917,ROLAND,30,30,0
1917,ROLLAND,7,7,0
1917,ROMEO,17,17,0
1917,RONALD,99,99,0
1917,ROSCOE,5,5,0
1917,ROSS,92,92,0
1917,ROWLAND,6,6,0
1917,ROY,278,278,0
1917,ROYAL,12,12,0
1917,RUBEN,11,11,0
1917,RUDOLPH,6,6,0
1917,RUPERT,5,5,0
1917,RUSSEL,41,41,0
1917,RUSSELL,152,152,0
1917,SALVATORE,7,7,0
1917,SAM,25,25,0
1917,SAMUEL,155,155,0
1917,SHELDON,5,5,0
1917,SHERMAN,5,5,0
1917,SIDNEY,84,84,0
1917,SILAS,6,6,0
1917,ROGER,20,20,0
1917,SIMEON,5,5,0
1917,RODNEY,6,6,0
1917,ROBERT,1005,1005,0
1917,PATRICK,85,85,0
1917,PAUL,94,94,0
1917,PERCIVAL,15,15,0
1917,PERCY,98,98,0
1917,PERRY,6,6,0
1917,PETE,7,7,0
1917,PETER,162,162,0
1917,PHILIP,48,48,0
1917,PHILIPPE,6,6,0
1917,PHILLIP,20,20,0
1917,PIERRE,15,15,0
1917,RALPH,145,145,0
1917,RANDOLPH,8,8,0
1917,RAOUL,5,5,0
1917,RAPHAEL,5,5,0
1917,RAYMOND,167,167,0
1917,REAL,5,5,0
1917,REGINALD,112,112,0
1917,RENE,21,21,0
1917,REUBEN,6,6,0
1917,RICHARD,182,182,0
1917,RODERICK,13,13,0
1917,SIMON,9,9,0
1917,SOLOMON,16,16,0
1917,STAFFORD,6,6,0
1917,WALLACE,47,47,0
1917,WALTER,396,396,0
1917,WARREN,24,24,0
1917,WELLINGTON,12,12,0
1917,WENDELL,5,5,0
1917,WESLEY,51,51,0
1917,WILBER,6,6,0
1917,WILBERT,65,65,0
1917,WILBUR,13,13,0
1917,WILFORD,12,12,0
1917,WILFRED,203,203,0
1917,WILFRID,40,40,0
1917,WILLARD,24,24,0
1917,WILLIAM,2236,2236,0
1917,WILLIARD,5,5,0
1917,WILLIE,18,18,0
1917,WILLIS,17,17,0
1917,WILMER,8,8,0
1917,WRAY,5,5,0
1917,WOODROW,13,13,0
1917,WINSTON,8,8,0
1917,WAINO,7,7,0
1917,VITTORIO,5,5,0
1917,VINCENT,75,75,0
1917,VICTOR,144,144,0
1917,STANISLAUS,5,5,0
1917,STANLEY,218,218,0
1917,STEFAN,5,5,0
1917,STEPHEN,68,68,0
1917,STERLING,6,6,0
1917,STEVE,13,13,0
1917,STEVEN,7,7,0
1917,STEWART,47,47,0
1917,STUART,50,50,0
1917,SYDNEY,35,35,0
1917,PASQUALE,8,8,0
1917,SYLVESTER,7,7,0
1917,THEODORE,32,32,0
1917,THEOPHILE,6,6,0
1917,THOMAS,629,629,0
1917,TIMOTHY,5,5,0
1917,TOIVO,6,6,0
1917,TOM,5,5,0
1917,TONY,17,17,0
1917,VERDUN,11,11,0
1917,VERNE,6,6,0
1917,VERNON,69,69,0
1917,TAUNO,5,5,0
1917,ISIDORE,5,5,0
1917,OWEN,11,11,0
1917,OTTO,8,8,0
1917,LEOPOLD,7,7,0
1917,LEROY,9,9,0
1917,LESLIE,108,108,0
1917,LESTER,19,19,0
1917,LEVI,6,6,0
1917,LEWIS,35,35,0
1917,LIONEL,27,27,0
1917,LLOYD,403,403,0
1917,LORENZO,14,14,0
1917,LORNE,91,91,0
1917,LOUIE,5,5,0
1917,LOUIS,136,136,0
1917,LOYD,41,41,0
1917,LOYDE,8,8,0
1917,LUCIEN,22,22,0
1917,LUIGI,8,8,0
1917,LYALL,6,6,0
1917,LYLE,21,21,0
1917,MALCOLM,37,37,0
1917,MALCOM,6,6,0
1917,MARCEL,5,5,0
1917,LEONARD,183,183,0
1917,MARIO,6,6,0
1917,LEON,27,27,0
1917,LENARD,15,15,0
1917,IVAN,59,59,0
1917,IVOR,5,5,0
1917,JACK,270,270,0
1917,JACOB,30,30,0
1917,JAMES,1213,1213,0
1917,JEREMIAH,7,7,0
1917,WILMA,40,0,40
1917,JESSE,7,7,0
1917,JOE,24,24,0
1917,JOSEPH,426,426,0
1917,JULIAN,5,5,0
1917,JULIUS,11,11,0
1917,KARL,16,16,0
1917,KEITH,33,33,0
1917,KENNETH,357,357,0
1917,LAURENCE,23,23,0
1917,LAURENT,11,11,0
1917,LAVERNE,5,5,0
1917,LAWRANCE,7,7,0
1917,LAWRENCE,135,135,0
1917,LEE,6,6,0
1917,LEO,131,131,0
1917,MARK,15,15,0
1917,MARSHALL,16,16,0
1917,MARTIN,43,43,0
1917,NELSON,54,54,0
1917,NEWTON,6,6,0
1917,NICHOLAS,26,26,0
1917,NICK,15,15,0
1917,NOEL,5,5,0
1917,NORBERT,8,8,0
1917,NORMAN,379,379,0
1917,NORMAND,5,5,0
1917,NORRIS,5,5,0
1917,NORVAL,6,6,0
1917,OLAVI,6,6,0
1917,OLIVER,43,43,0
1917,OMER,13,13,0
1917,ORAL,5,5,0
1917,ORLAND,8,8,0
1917,ORVAL,33,33,0
1917,ORVIL,8,8,0
1917,ORVILLE,30,30,0
1917,OSBORNE,7,7,0
1917,OSCAR,44,44,0
1917,OSWALD,12,12,0
1917,NEIL,30,30,0
1917,NATHAN,15,15,0
1917,NARCISSE,5,5,0
1917,NAPOLEON,12,12,0
1917,MARVIN,13,13,0
1917,MASON,5,5,0
1917,MATHEW,7,7,0
1917,MATTHEW,12,12,0
1917,MAURICE,81,81,0
1917,MAX,32,32,0
1917,MAXWELL,14,14,0
1917,MELVILLE,38,38,0
1917,MELVIN,54,54,0
1917,MERVIN,21,21,0
1917,OVILA,8,8,0
1917,MERVYN,11,11,0
1917,MICHEAL,8,8,0
1917,MICHELE,5,5,0
1917,MIKE,28,28,0
1917,MILFORD,7,7,0
1917,MILTON,55,55,0
1917,MORLEY,32,32,0
1917,MORRIS,56,56,0
1917,MOSES,16,16,0
1917,MURRAY,80,80,0
1917,MYER,7,7,0
1917,MICHAEL,140,140,0
1917,WILHELMINA,8,0,8
1917,WILMOT,7,7,0
1917,WANDA,12,0,12
1917,MAJORIE,6,0,6
1917,MAGGIE,17,0,17
1917,MAE,11,0,11
1917,MADELINE,58,0,58
1917,MADELEINE,9,0,9
1917,MADALINE,10,0,10
1917,MABLE,36,0,36
1917,MABEL,185,0,185
1917,M,2781,26,2755
1917,MALVINA,6,0,6
1917,LYLA,13,0,13
1917,LULU,13,0,13
1917,LUELLA,23,0,23
1917,LUCY,45,0,45
1917,LUCINDA,6,0,6
1917,LUCILLE,27,0,27
1917,LUCILE,7,0,7
1917,LUCIENNE,8,0,8
1917,LUCIA,12,0,12
1917,LOUISE,55,0,55
1917,LYDIA,13,0,13
1917,MARCELLA,8,0,8
1917,MARGARET,1385,0,1385
1917,MARGARETT,9,0,9
1917,MAVIS,8,0,8
1917,MAUDE,13,0,13
1917,MAUD,16,0,16
1917,MATILDA,19,0,19
1917,MARY,765,0,765
1917,MARTHA,86,0,86
1917,MARJORY,111,0,111
1917,MARJORIE,294,0,294
1917,MARION,326,0,326
1917,MARIE,436,0,436
1917,MARIAN,50,0,50
1917,MARIA,76,0,76
1917,MARGURITE,10,0,10
1917,MARGUERITE,136,0,136
1917,MARGUERIT,7,0,7
1917,MARGRET,16,0,16
1917,MARGORY,11,0,11
1917,MARGORIE,10,0,10
1917,MARGERY,27,0,27
1917,MARGARITE,7,0,7
1917,MARGARETTE,12,0,12
1917,LOUISA,37,0,37
1917,MAXINE,15,0,15
1917,LOTTIE,21,0,21
1917,LORNA,49,0,49
1917,LEITA,6,0,6
1917,LEILA,15,0,15
1917,LEAH,19,0,19
1917,LEA,7,0,7
1917,LAVINA,7,0,7
1917,LAURETTE,7,0,7
1917,LAURETTA,11,0,11
1917,LAURA,189,0,189
1917,KATIE,17,0,17
1917,LELA,8,0,8
1917,KATHRYN,24,0,24
1917,KATHLEEN,316,0,316
1917,KATHERINE,44,0,44
1917,KATHARINE,25,0,25
1917,KATHALEEN,9,0,9
1917,KATE,8,0,8
1917,JUNE,48,0,48
1917,WILDA,11,0,11
1917,JULIA,63,0,63
1917,JUDITH,6,0,6
1917,KATHRINE,6,0,6
1917,LENA,69,0,69
1917,LENORA,18,0,18
1917,LENORE,9,0,9
1917,LORETTO,6,0,6
1917,LORETTE,10,0,10
1917,LORETTA,41,0,41
1917,LORENE,6,0,6
1917,LORENA,7,0,7
1917,LORAINE,16,0,16
1917,LORA,6,0,6
1917,LOLA,25,0,25
1917,LOIS,66,0,66
1917,LIZZIE,13,0,13
1917,LINDA,7,0,7
1917,LINA,6,0,6
1917,LILY,49,0,49
1917,LILLY,21,0,21
1917,LILLIE,30,0,30
1917,LILLIAN,299,0,299
1917,LILIAN,76,0,76
1917,LILA,30,0,30
1917,LEONE,6,0,6
1917,LEONA,47,0,47
1917,LEOLA,9,0,9
1917,LORRAINE,25,0,25
1917,MAY,81,0,81
1917,MELBA,9,0,9
1917,MELVA,7,0,7
1917,SIMONE,12,0,12
1917,SHIRLEY,37,0,37
1917,SELMA,9,0,9
1917,SELINA,6,0,6
1917,SARAH,171,0,171
1917,SARA,12,0,12
1917,SADIE,54,0,54
1917,RUTH,412,0,412
1917,RUBY,166,0,166
1917,SIMONNE,8,0,8
1917,ROSINA,15,0,15
1917,ROSETTA,12,0,12
1917,ROSEMARY,7,0,7
1917,ROSELLA,7,0,7
1917,ROSE,151,0,151
1917,ROSALIE,7,0,7
1917,ROSA,31,0,31
1917,ROBERTA,23,0,23
1917,RITA,80,0,80
1917,RHODA,21,0,21
1917,ROSIE,25,0,25
1917,SOPHIA,15,0,15
1917,SOPHIE,18,0,18
1917,STELLA,81,0,81
1917,VERONA,6,0,6
1917,VERNA,142,0,142
1917,VERLA,8,0,8
1917,VERDA,9,0,9
1917,VERA,232,0,232
1917,VELMA,83,0,83
1917,VALMA,9,0,9
1917,VALERIE,6,0,6
1917,UNA,9,0,9
1917,TOINI,6,0,6
1917,TILLIE,6,0,6
1917,THORA,6,0,6
1917,THERESA,33,0,33
1917,THELMA,187,0,187
1917,THEDA,9,0,9
1917,TERESA,20,0,20
1917,SYLVIA,49,0,49
1917,SYBIL,14,0,14
1917,SUSAN,15,0,15
1917,STEPHANIE,8,0,8
1917,STEPHANIA,10,0,10
1917,RHEA,19,0,19
1917,REVA,8,0,8
1917,RETTA,13,0,13
1917,RETA,107,0,107
1917,NORA,89,0,89
1917,NOELLA,9,0,9
1917,NINA,12,0,12
1917,NETTIE,17,0,17
1917,NELLIE,101,0,101
1917,NELDA,11,0,11
1917,NAOMI,9,0,9
1917,NANCY,18,0,18
1917,MYRTLE,139,0,139
1917,MURIEL,243,0,243
1917,MURIAL,7,0,7
1917,MONICA,18,0,18
1917,MONA,29,0,29
1917,MOLLY,7,0,7
1917,MOLLIE,7,0,7
1917,MIRIAM,24,0,24
1917,MINNIE,65,0,65
1917,MINA,14,0,14
1917,MILLICENT,6,0,6
1917,MILDRED,313,0,313
1917,MERLE,10,0,10
1917,NORAH,25,0,25
1917,JOYCE,15,0,15
1917,NORINE,6,0,6
1917,OLGA,66,0,66
1917,RENA,14,0,14
1917,REGINA,10,0,10
1917,REBECCA,27,0,27
1917,RAY,39,33,6
1917,RACHEL,33,0,33
1917,RACHAEL,10,0,10
1917,PRISCILLA,12,0,12
1917,PHYLLIS,186,0,186
1917,PHYLISS,6,0,6
1917,PHYLIS,19,0,19
1917,PHOEBE,9,0,9
1917,PHILLIS,26,0,26
1917,PEARL,127,0,127
1917,PAULINE,42,0,42
1917,PATRICIA,61,0,61
1917,PANSY,7,0,7
1917,ORPHA,7,0,7
1917,ORMA,14,0,14
1917,ORA,8,0,8
1917,ONA,6,0,6
1917,OLIVE,200,0,200
1917,NORMA,157,0,157
1917,JOY,8,0,8
1917,JOSEPHINE,86,0,86
1917,JOHN,2464,2453,11
1917,CONSTANCE,37,0,37
1917,CLARA,117,0,117
1917,CLAIRE,9,0,9
1917,CHRISTINE,6,0,6
1917,CHRISTINA,40,0,40
1917,CHRISTENA,6,0,6
1917,CHARLOTTE,61,0,61
1917,CELIA,8,0,8
1917,CECILIA,27,0,27
1917,CORA,47,0,47
1917,CECILE,23,0,23
1917,CATHRINE,6,0,6
1917,CATHLEEN,6,0,6
1917,CATHERINE,161,0,161
1917,CATHARINE,68,0,68
1917,CARRIE,10,0,10
1917,CAROLINE,30,0,30
1917,CAROLINA,6,0,6
1917,CARMEN,12,6,6
1917,CARMELA,6,0,6
1917,CECELIA,13,0,13
1917,CYNTHIA,7,0,7
1917,DAISY,35,0,35
1917,DELIA,8,0,8
1917,ELEANOR,153,0,153
1917,ELDA,7,0,7
1917,ELAINE,18,0,18
1917,EILEEN,123,0,123
1917,EFFIE,13,0,13
1917,EDYTHE,23,0,23
1917,EDNA,371,0,371
1917,EDITH,401,0,401
1917,DORTHY,28,0,28
1917,DORTHA,7,0,7
1917,DORRIS,11,0,11
1917,DOROTHY,993,0,993
1917,DOROTHEA,28,0,28
1917,DORIS,418,0,418
1917,DOREEN,18,0,18
1917,DORATHY,13,0,13
1917,DORAS,12,0,12
1917,DORA,93,0,93
1917,DONNA,9,0,9
1917,DONALDA,18,0,18
1917,DELLA,25,0,25
1917,CARMEL,9,0,9
1917,BRIDGET,10,0,10
1917,BLANCHE,53,0,53
1917,BLANCH,11,0,11
1917,ANASTASIA,10,0,10
1917,AMY,31,0,31
1917,AMELIA,27,0,27
1917,ALVA,7,0,7
1917,ALTA,10,0,10
1917,ALMA,121,0,121
1917,ALINE,9,0,9
1917,ALICE,317,0,317
1917,ALFREDA,6,0,6
1917,ALDA,7,0,7
1917,ALBERTINE,6,0,6
1917,ALBERTA,29,0,29
1917,AILI,7,0,7
1917,AILEEN,30,0,30
1917,AGNES,193,0,193
1917,AGATHA,10,0,10
1917,ADELINE,15,0,15
1917,ADELE,10,0,10
1917,ADELAIDE,12,0,12
1917,ADDIE,6,0,6
1917,ADA,89,0,89
1917,ANGELA,12,0,12
1917,ELENA,6,0,6
1917,ANGELINA,14,0,14
1917,ANITA,19,0,19
1917,BEVERLY,15,8,7
1917,BEULAH,36,0,36
1917,BETTY,58,0,58
1917,BESSIE,110,0,110
1917,BERYL,17,0,17
1917,BERTHA,130,0,130
1917,BERNICE,97,0,97
1917,BERNADETTE,14,0,14
1917,BELLE,6,0,6
1917,BELLA,24,0,24
1917,BEATRICE,227,0,227
1917,BARBARA,81,0,81
1917,AUDRY,11,0,11
1917,AUDRIE,7,0,7
1917,AUDREY,212,5,207
1917,ANTONINA,6,0,6
1917,ANNIE,449,0,449
1917,ANNETTE,13,0,13
1917,ANNE,51,0,51
1917,ANNA,300,0,300
1917,ANN,26,0,26
1917,ANGELINE,7,0,7
1917,VERONICA,33,0,33
1917,ELENOR,16,0,16
1917,ELIZA,18,0,18
1917,INA,38,0,38
1917,ILENE,13,0,13
1917,ILEEN,7,0,7
1917,ILA,22,0,22
1917,IDA,126,0,126
1917,HILDA,151,0,151
1917,HENRIETTA,20,0,20
1917,HELVI,6,0,6
1917,HELMI,6,0,6
1917,INEZ,33,0,33
1917,HELLEN,25,0,25
1917,HELENA,32,0,32
1917,HELEN,947,0,947
1917,HAZEL,279,0,279
1917,HATTIE,8,0,8
1917,HARRIETT,15,0,15
1917,HARRIET,40,0,40
1917,HANNAH,23,0,23
1917,HANNA,6,0,6
1917,GWENDOLYN,32,0,32
1917,HELENE,16,0,16
1917,IONA,6,0,6
1917,IRENE,266,0,266
1917,IRIS,32,0,32
1917,JOAN,33,0,33
1917,JESSIE,158,0,158
1917,JENNY,8,0,8
1917,JENNIE,77,0,77
1917,JEANNETTE,10,0,10
1917,JEANNE,32,0,32
1917,JEANIE,6,0,6
1917,JEANETTE,20,0,20
1917,JEAN,477,50,427
1917,JANET,66,0,66
1917,JANE,45,0,45
1917,JACQUELINE,9,0,9
1917,J,1783,1774,9
1917,IVY,46,0,46
1917,IVA,30,0,30
1917,ISOBEL,30,0,30
1917,ISABELLE,29,0,29
1917,ISABELLA,74,0,74
1917,ISABELL,22,0,22
1917,ISABEL,78,0,78
1917,IRMA,24,0,24
1917,GWENDOLINE,20,0,20
1917,GRETA,21,0,21
1917,GRACIE,7,0,7
1917,GRACE,283,0,283
1917,EVA,196,0,196
1917,EUNICE,26,0,26
1917,EULA,8,0,8
1917,EUGENIA,6,0,6
1917,ETTA,16,0,16
1917,ETHEL,306,0,306
1917,ESTHER,94,0,94
1917,ESTER,19,0,19
1917,ESTELLA,13,0,13
1917,ERNESTINE,6,0,6
1917,ERMA,26,0,26
1917,ENID,15,0,15
1917,ENA,10,0,10
1917,EMMA,82,0,82
1917,EMILY,64,0,64
1917,ELVA,46,0,46
1917,ELSIE,227,0,227
1917,ELMA,31,0,31
1917,ELLEN,123,0,123
1917,ELLA,86,0,86
1917,ELIZABETH,395,0,395
1917,EVELINE,17,0,17
1917,ELINOR,16,0,16
1917,EVELYN,317,0,317
1917,FANNY,21,0,21
1917,GOLDIE,11,0,11
1917,GLADYS,307,0,307
1917,GLADIS,6,0,6
1917,GERTRUDE,207,0,207
1917,GERTIE,11,0,11
1917,GERMAINE,11,0,11
1917,GERALDINE,43,0,43
1917,GEORGINA,52,0,52
1917,GEORGIA,8,0,8
1917,GENEVIEVE,18,0,18
1917,GABRIELLE,6,0,6
1917,FRIEDA,11,0,11
1917,FREDA,46,0,46
1917,FRANCIS,425,352,73
1917,FRANCES,275,22,253
1917,FLOSSIE,19,0,19
1917,FLORIDA,9,0,9
1917,FLORENCE,525,0,525
1917,FLORANCE,16,0,16
1917,FLORA,43,0,43
1917,FERN,21,0,21
1917,FANNIE,24,0,24
1917,VICTORIA,40,0,40
1917,JULIETTE,14,0,14
1917,VIOLA,101,0,101
1917,VIVIAN,64,6,58
1917,VIRGINIA,38,0,38
1917,VIOLET,262,0,262
1917,VINA,6,0,6
1917,VIMY,7,0,7
1917,VIDA,12,0,12
1918,MICHEL,7,7,0
1918,MIKE,26,26,0
1918,MILTON,56,56,0
1918,MOISE,6,6,0
1918,MORRIS,63,63,0
1918,MORLEY,32,32,0
1918,MICHEAL,5,5,0
1918,MORTIMER,5,5,0
1918,MORGAN,9,9,0
1918,MICHAEL,147,147,0
1918,MELVIN,54,54,0
1918,MERVIN,28,28,0
1918,MEREDITH,5,5,0
1918,MOSES,13,13,0
1918,MELVILLE,51,51,0
1918,MAYNARD,5,5,0
1918,MAXWELL,16,16,0
1918,MAX,37,37,0
1918,MAURICE,70,70,0
1918,MATTHEW,17,17,0
1918,MATHEW,5,5,0
1918,MERVYN,13,13,0
1918,MURRAY,105,105,0
1918,MYRON,6,6,0
1918,MYER,5,5,0
1918,OSCAR,45,45,0
1918,ORVILLE,28,28,0
1918,ORVAL,23,23,0
1918,ORLEY,6,6,0
1918,ORLANDO,8,8,0
1918,ORLAND,6,6,0
1918,OMER,18,18,0
1918,OLIVER,30,30,0
1918,OIVA,5,5,0
1918,NYKOLA,5,5,0
1918,NORVAL,6,6,0
1918,NORMAN,356,356,0
1918,NOEL,13,13,0
1918,NICK,19,19,0
1918,NICHOLAS,28,28,0
1918,NELSON,53,53,0
1918,NEIL,29,29,0
1918,NATHANIEL,5,5,0
1918,NATHAN,9,9,0
1918,NAPOLEON,10,10,0
1918,MARVIN,9,9,0
1918,MURRY,9,9,0
1918,MARTIN,35,35,0
1918,MARCEL,6,6,0
1918,MARK,17,17,0
1918,LAVERN,7,7,0
1918,LAURI,8,8,0
1918,LAURENT,17,17,0
1918,LAURENCE,22,22,0
1918,KENNETH,394,394,0
1918,KENETH,5,5,0
1918,KEITH,35,35,0
1918,KARL,19,19,0
1918,JUSTIN,6,6,0
1918,JULIUS,6,6,0
1918,JULIAN,9,9,0
1918,JOSEPH,444,444,0
1918,JOHN,2364,2364,0
1918,JOEL,5,5,0
1918,JOE,22,22,0
1918,JESSE,9,9,0
1918,JEROME,14,14,0
1918,JEREMIAH,5,5,0
1918,JACOB,24,24,0
1918,JACKSON,7,7,0
1918,JACK,244,244,0
1918,LAWRENCE,169,169,0
1918,LAWSON,5,5,0
1918,LENARD,9,9,0
1918,LENNARD,5,5,0
1918,MARIO,5,5,0
1918,OSWALD,7,7,0
1918,MALCOLM,33,33,0
1918,MAC,5,5,0
1918,LYLE,23,23,0
1918,LUIGI,10,10,0
1918,LUCIEN,30,30,0
1918,LOYD,36,36,0
1918,LOUIS,119,119,0
1918,LORNE,116,116,0
1918,MARSHALL,19,19,0
1918,LORENZO,6,6,0
1918,LIONEL,25,25,0
1918,LEWIS,43,43,0
1918,LEVI,5,5,0
1918,LESTER,12,12,0
1918,LESLIE,101,101,0
1918,LEROY,13,13,0
1918,LEOPOLD,9,9,0
1918,LEONARD,172,172,0
1918,LEON,20,20,0
1918,LEO,106,106,0
1918,LLOYD,362,362,0
1918,OTTO,6,6,0
1918,PATRICK,97,97,0
1918,OWEN,12,12,0
1918,VERNON,78,78,0
1918,VERDUN,11,11,0
1918,UMBERTO,6,6,0
1918,TONY,12,12,0
1918,TOMAS,5,5,0
1918,TOM,5,5,0
1918,TOIVO,5,5,0
1918,TIMOTHY,5,5,0
1918,THOMAS,629,629,0
1918,THEODORE,29,29,0
1918,TERENCE,7,7,0
1918,TEDDY,8,8,0
1918,TAUNO,7,7,0
1918,SYLVESTER,9,9,0
1918,SYDNEY,42,42,0
1918,STUART,36,36,0
1918,STEWART,56,56,0
1918,STEVEN,10,10,0
1918,STEVE,22,22,0
1918,STEPHEN,42,42,0
1918,STEPHAN,5,5,0
1918,VICTOR,210,210,0
1918,VINCENT,73,73,0
1918,VINCENZO,10,10,0
1918,WALLACE,48,48,0
1918,WINSTON,6,6,0
1918,WILSON,13,13,0
1918,WILMOT,8,8,0
1918,WILMER,9,9,0
1918,WILLIS,11,11,0
1918,WILLIE,15,15,0
1918,WILLARD,25,25,0
1918,WILHO,7,7,0
1918,WILFRID,47,47,0
1918,WILFRED,187,187,0
1918,STANLEY,277,277,0
1918,WILFORD,8,8,0
1918,WILBERT,74,74,0
1918,WILBER,5,5,0
1918,WESLEY,46,46,0
1918,WENDELL,5,5,0
1918,WELLINGTON,6,6,0
1918,WELDON,7,7,0
1918,WASYL,6,6,0
1918,WARREN,17,17,0
1918,WARD,7,7,0
1918,WALTER,356,356,0
1918,WILBUR,12,12,0
1918,OVILA,6,6,0
1918,SOLOMON,13,13,0
1918,SIDNEY,67,67,0
1918,REINO,6,6,0
1918,REGINALD,96,96,0
1918,RAYMOND,187,187,0
1918,RAY,34,34,0
1918,RAOUL,8,8,0
1918,RANDOLPH,6,6,0
1918,RALPH,136,136,0
1918,RAE,5,5,0
1918,PIERRE,15,15,0
1918,PHILLIP,18,18,0
1918,PHILIPPE,7,7,0
1918,PHILIP,67,67,0
1918,PETRO,7,7,0
1918,PETER,144,144,0
1918,PETE,11,11,0
1918,PERRY,5,5,0
1918,PERCY,87,87,0
1918,PERCIVAL,18,18,0
1918,PAUL,120,120,0
1918,IVAN,63,63,0
1918,PASQUALE,9,9,0
1918,RENE,27,27,0
1918,REUBEN,18,18,0
1918,RICHARD,207,207,0
1918,ROBERT,1006,1006,0
1918,SEYMOUR,5,5,0
1918,SAUL,5,5,0
1918,SANFORD,5,5,0
1918,SAMUEL,151,151,0
1918,SAM,13,13,0
1918,SALVATORE,7,7,0
1918,RUSSELL,181,181,0
1918,RUSSEL,40,40,0
1918,RUPERT,7,7,0
1918,RUDOLPH,8,8,0
1918,SIMON,17,17,0
1918,ROYAL,7,7,0
1918,ROSS,116,116,0
1918,ROSCOE,6,6,0
1918,RONALD,115,115,0
1918,ROMEO,15,15,0
1918,ROLLAND,8,8,0
1918,ROLAND,41,41,0
1918,ROGER,20,20,0
1918,RODNEY,5,5,0
1918,RODERICK,17,17,0
1918,ROCCO,5,5,0
1918,ROY,268,268,0
1918,ISRAEL,11,11,0
1918,ISAAC,12,12,0
1918,WLFRED,5,5,0
1918,CHESTER,31,31,0
1918,CHARLIE,23,23,0
1918,CHARLES,822,822,0
1918,CARSON,10,10,0
1918,CARROLL,7,7,0
1918,CAROL,5,5,0
1918,CARMAN,15,15,0
1918,CARLTON,6,6,0
1918,CARL,96,96,0
1918,CAMPBELL,6,6,0
1918,CAMERON,14,14,0
1918,CALVIN,17,17,0
1918,BYRON,7,7,0
1918,BURTON,13,13,0
1918,BRUCE,106,106,0
1918,BRIAN,7,7,0
1918,BORDEN,6,6,0
1918,BOLESLAW,5,5,0
1918,BLAKE,7,7,0
1918,BILLY,8,8,0
1918,BILLIE,5,5,0
1918,CHRISTOPHER,14,14,0
1918,CLARANCE,23,23,0
1918,CLARENCE,232,232,0
1918,CLARK,6,6,0
1918,DOMINIC,7,7,0
1918,DESMOND,8,8,0
1918,DENNIS,16,16,0
1918,DENIS,7,7,0
1918,DELMER,9,9,0
1918,DELBERT,21,21,0
1918,DAVID,294,294,0
1918,DARCY,6,6,0
1918,DANIEL,72,72,0
1918,DALTON,16,16,0
1918,BILL,5,5,0
1918,CYRIL,32,32,0
1918,CONRAD,16,16,0
1918,COLIN,14,14,0
1918,CLYDE,10,10,0
1918,CLINTON,16,16,0
1918,CLIFTON,9,9,0
1918,CLIFFORD,205,205,0
1918,CLEMENT,11,11,0
1918,CLAYTON,44,44,0
1918,CLAUDE,23,23,0
1918,CLAUD,6,6,0
1918,CORNELIUS,6,6,0
1918,BEVERLEY,12,12,0
1918,BERTRAM,18,18,0
1918,BERTON,5,5,0
1918,ALVIN,57,57,0
1918,ALTON,8,8,0
1918,ALPHONSE,20,20,0
1918,ALONZO,8,8,0
1918,ALLEN,72,72,0
1918,ALLAN,127,127,0
1918,ALFRED,232,232,0
1918,ALEXANDER,209,209,0
1918,ALEX,22,22,0
1918,ALEC,5,5,0
1918,AMBROSE,16,16,0
1918,ALDO,6,6,0
1918,ALBERT,482,482,0
1918,ALAN,29,29,0
1918,AGOSTINO,5,5,0
1918,ADRIAN,5,5,0
1918,ADOLPHUS,5,5,0
1918,ADOLF,5,5,0
1918,ADELARD,8,8,0
1918,ADAM,16,16,0
1918,ABRAHAM,32,32,0
1918,AARON,7,7,0
1918,ALCIDE,11,11,0
1918,DOMINICO,6,6,0
1918,AMOS,10,10,0
1918,ANGELO,12,12,0
1918,BERTIE,5,5,0
1918,BERT,21,21,0
1918,BERNARD,91,91,0
1918,BENJAMIN,56,56,0
1918,BEN,6,6,0
1918,BASIL,29,29,0
1918,AUSTIN,25,25,0
1918,AURELE,6,6,0
1918,AUGUSTINE,6,6,0
1918,AUGUST,5,5,0
1918,ANDREW,94,94,0
1918,AUBREY,14,14,0
1918,ARTHUR,480,480,0
1918,ARNOLD,76,76,0
1918,ARMAND,22,22,0
1918,ARCHIE,28,28,0
1918,ARCHIBALD,52,52,0
1918,ANTONIO,29,29,0
1918,ANTOINE,7,7,0
1918,ANTHONY,46,46,0
1918,ANSON,5,5,0
1918,ANGUS,31,31,0
1918,ATHOL,5,5,0
1918,ISIDORE,6,6,0
1918,DONALD,534,534,0
1918,DOUGLAS,429,429,0
1918,GUY,8,8,0
1918,GUISEPPE,8,8,0
1918,GRENVILLE,5,5,0
1918,GREGORY,7,7,0
1918,GRANT,19,19,0
1918,GRAHAM,14,14,0
1918,GORDON,552,552,0
1918,GORDEN,11,11,0
1918,GORDAN,5,5,0
1918,GODFREY,5,5,0
1918,GLENN,19,19,0
1918,GLEN,41,41,0
1918,GIOVANNI,8,8,0
1918,GILBERT,64,64,0
1918,GERARD,29,29,0
1918,GERALD,188,188,0
1918,GEORGE,1193,1193,0
1918,GARNET,61,61,0
1918,GARFIELD,15,15,0
1918,FREDRICK,67,67,0
1918,FREDERICK,410,410,0
1918,HAROLD,591,591,0
1918,HARRIS,11,11,0
1918,HARROLD,5,5,0
1918,HARRY,370,370,0
1918,IRWIN,18,18,0
1918,IRVING,17,17,0
1918,IRVINE,9,9,0
1918,IRVIN,12,12,0
1918,IRA,6,6,0
1918,IAN,18,18,0
1918,HYMAN,9,9,0
1918,HUGH,123,123,0
1918,HUBERT,39,39,0
1918,HOWARD,242,242,0
1918,FREDERIC,17,17,0
1918,HORACE,23,23,0
1918,HIRAM,6,6,0
1918,HILLIARD,7,7,0
1918,HERMAN,27,27,0
1918,HERBERT,239,239,0
1918,HENRY,256,256,0
1918,HENRI,17,17,0
1918,HENERY,5,5,0
1918,HECTOR,33,33,0
1918,HARVIE,5,5,0
1918,HARVEY,100,100,0
1918,HOMER,9,9,0
1918,FREDDIE,5,5,0
1918,FRED,78,78,0
1918,FRASER,8,8,0
1918,ELMO,5,5,0
1918,ELMER,140,140,0
1918,ELLWOOD,6,6,0
1918,ELIJAH,6,6,0
1918,ELI,7,7,0
1918,ELGIN,20,20,0
1918,ELDRED,5,5,0
1918,ELDON,18,18,0
1918,ELBERT,5,5,0
1918,EINO,5,5,0
1918,ELTON,6,6,0
1918,EDWIN,107,107,0
1918,EDOUARD,5,5,0
1918,EDMUND,29,29,0
1918,EDMOND,25,25,0
1918,EDGAR,71,71,0
1918,EDDIE,7,7,0
1918,EARNEST,39,39,0
1918,EARLE,24,24,0
1918,EARL,172,172,0
1918,DWIGHT,8,8,0
1918,DUNCAN,29,29,0
1918,EDWARD,472,472,0
1918,DOUGALD,5,5,0
1918,ELWOOD,20,20,0
1918,EMANUEL,5,5,0
1918,FRANKLIN,47,47,0
1918,FRANK,298,298,0
1918,FRANCOIS,7,7,0
1918,FRANCISCO,5,5,0
1918,FRANCESCO,6,6,0
1918,FLOYD,32,32,0
1918,FERNAND,7,7,0
1918,FERGUS,5,5,0
1918,FERDINAND,7,7,0
1918,FELIX,9,9,0
1918,ELWYN,6,6,0
1918,EZRA,5,5,0
1918,EVERETT,47,47,0
1918,EVAN,9,9,0
1918,EUGENE,65,65,0
1918,ERWIN,7,7,0
1918,ERNIE,5,5,0
1918,ERNEST,272,272,0
1918,ERMINIO,5,5,0
1918,ERIC,63,63,0
1918,EMILE,17,17,0
1918,EMERSON,22,22,0
1918,EWART,14,14,0
1918,WLLIAM,7,7,0
1918,VERDA,11,0,11
1918,VERA,246,0,246
1918,MARCELLA,9,0,9
1918,MAMIE,20,0,20
1918,MAJORIE,7,0,7
1918,MAGGIE,14,0,14
1918,MAE,18,0,18
1918,MADGE,8,0,8
1918,MADELINE,71,0,71
1918,MADELENE,6,0,6
1918,MADELEINE,8,0,8
1918,MADALINE,8,0,8
1918,MABLE,37,0,37
1918,MABEL,186,0,186
1918,M,3271,26,3245
1918,LYLA,6,0,6
1918,LYDIA,19,0,19
1918,LULU,13,0,13
1918,LUELLA,26,0,26
1918,LUCY,45,0,45
1918,LUCINDA,7,0,7
1918,LUCILLE,19,0,19
1918,LUCILE,9,0,9
1918,MARGARET,1386,5,1381
1918,MARGARETTE,9,0,9
1918,MARGARITE,12,0,12
1918,MARGERY,21,0,21
1918,MILDRED,327,0,327
1918,MERNA,6,0,6
1918,MERLE,15,5,10
1918,MELVA,7,0,7
1918,MELBA,17,0,17
1918,MAY,88,0,88
1918,MAXINE,6,0,6
1918,MAUDE,9,0,9
1918,MAUD,19,0,19
1918,MATILDA,13,0,13
1918,LUCIENNE,8,0,8
1918,MARY,636,0,636
1918,MARJORY,103,0,103
1918,MARJORIE,290,0,290
1918,MARION,401,5,396
1918,MARIE,276,0,276
1918,MARIAN,79,5,74
1918,MARIA,68,0,68
1918,MARGUERITE,156,0,156
1918,MARGRET,28,0,28
1918,MARGORY,11,0,11
1918,MARGORIE,12,0,12
1918,MARTHA,76,0,76
1918,LUCIA,8,0,8
1918,LOUISE,47,0,47
1918,LOUISA,28,0,28
1918,LEILA,9,0,9
1918,LEAH,15,0,15
1918,LAVINA,8,0,8
1918,LAURINE,7,0,7
1918,LAURETTE,10,0,10
1918,LAURETTA,13,0,13
1918,LAURA,159,0,159
1918,KEITHA,8,0,8
1918,KATIE,19,0,19
1918,KATHRYN,17,0,17
1918,LELA,10,0,10
1918,KATHLEEN,341,0,341
1918,KATHELEEN,8,0,8
1918,KATHARINE,18,0,18
1918,KATHALEEN,18,0,18
1918,JUNE,81,0,81
1918,JULIETTE,9,0,9
1918,JULIA,61,0,61
1918,JOYCE,39,0,39
1918,JOY,8,0,8
1918,JOSEPHINE,88,0,88
1918,JOSEPHINA,8,0,8
1918,KATHERINE,44,0,44
1918,MINA,13,0,13
1918,LENA,74,0,74
1918,LENORE,11,0,11
1918,LOTTIE,34,0,34
1918,LORRAINE,41,0,41
1918,LORNA,49,0,49
1918,LORETTE,7,0,7
1918,LORETTA,37,0,37
1918,LORAINE,16,0,16
1918,LOLA,12,0,12
1918,LOIS,91,0,91
1918,LIZZIE,11,0,11
1918,LINDA,9,0,9
1918,LENORA,11,0,11
1918,LILY,44,0,44
1918,LILLIE,25,0,25
1918,LILLIAN,281,0,281
1918,LILIAN,60,0,60
1918,LILIA,7,0,7
1918,LILA,44,0,44
1918,LEVINA,6,0,6
1918,LETA,16,0,16
1918,LEONE,9,0,9
1918,LEONA,46,0,46
1918,LEOLA,17,0,17
1918,LILLY,15,0,15
1918,JOAN,48,0,48
1918,MINNIE,54,0,54
1918,MOLLIE,8,0,8
1918,TOINI,6,0,6
1918,THORA,9,0,9
1918,THERESE,15,0,15
1918,THERESA,24,0,24
1918,THELMA,152,0,152
1918,THEDA,8,0,8
1918,TERESA,26,0,26
1918,SYLVIA,61,0,61
1918,SYBIL,12,0,12
1918,SUSAN,19,0,19
1918,STEPHANIE,10,0,10
1918,STEPHANIA,8,0,8
1918,STELLA,99,0,99
1918,SOPHIE,16,0,16
1918,SOPHIA,22,0,22
1918,SIMONE,9,0,9
1918,SHIRLEY,77,5,72
1918,SHEILA,12,0,12
1918,SELMA,6,0,6
1918,SARAH,158,0,158
1918,SARA,8,0,8
1918,URSULA,6,0,6
1918,VALERIE,7,0,7
1918,VELMA,87,0,87
1918,ZELMA,7,0,7
1918,VERNA,141,0,141
1918,VERONA,9,0,9
1918,VERONICA,23,0,23
1918,VICTORIA,57,0,57
1918,VELVA,7,0,7
1918,VIDA,9,0,9
1918,VIMY,7,0,7
1918,VIOLA,113,0,113
1918,VIOLET,222,0,222
1918,VIRGINIA,51,0,51
1918,SADIE,41,0,41
1918,VIVIAN,57,0,57
1918,WILDA,8,0,8
1918,WILHELMINA,10,0,10
1918,WILLA,8,0,8
1918,WILLIAM,2215,2208,7
1918,WILMA,31,0,31
1918,WINIFRED,34,0,34
1918,WINNIE,7,0,7
1918,WINNIFRED,109,0,109
1918,YVONNE,25,0,25
1918,ZELDA,9,0,9
1918,WANDA,8,0,8
1918,RUTH,436,0,436
1918,RUBY,193,0,193
1918,ROSINA,11,0,11
1918,PANSY,9,0,9
1918,ORPHA,7,0,7
1918,OLIVE,225,0,225
1918,OLGA,58,0,58
1918,OLA,10,0,10
1918,NORMA,150,0,150
1918,NOREEN,11,0,11
1918,NORAH,23,0,23
1918,NORA,75,0,75
1918,NINA,19,0,19
1918,PATRICIA,65,0,65
1918,NETTIE,8,0,8
1918,NELDA,7,0,7
1918,NAOMI,6,0,6
1918,NANCY,27,0,27
1918,MYRTLE,150,0,150
1918,MYRA,14,0,14
1918,MURIEL,252,0,252
1918,MURIAL,6,0,6
1918,MONICA,12,0,12
1918,MONA,29,0,29
1918,MOLLY,14,0,14
1918,NELLIE,108,0,108
1918,MIRIAM,25,0,25
1918,PAULINE,53,0,53
1918,PHILLIS,9,0,9
1918,ROSIE,39,0,39
1918,ROSETTA,12,0,12
1918,ROSELLA,10,0,10
1918,ROSE,143,0,143
1918,ROSALIE,8,0,8
1918,ROSA,22,0,22
1918,ROBERTA,18,0,18
1918,RITA,89,0,89
1918,RHODA,17,0,17
1918,RHEA,8,0,8
1918,PEARL,151,0,151
1918,RETTA,8,0,8
1918,RENA,16,0,16
1918,REBECCA,16,0,16
1918,REA,8,0,8
1918,RACHEL,21,0,21
1918,RACHAEL,9,0,9
1918,QUEENIE,7,0,7
1918,PHYLLIS,176,0,176
1918,PHYLISS,9,0,9
1918,PHYLIS,31,0,31
1918,PHOEBE,13,0,13
1918,RETA,99,0,99
1918,WOODROW,20,20,0
1918,JEWEL,6,0,6
1918,JENNY,9,0,9
1918,DELPHINE,6,0,6
1918,DELLA,18,0,18
1918,DELIA,11,0,11
1918,DAISY,54,0,54
1918,CORA,34,0,34
1918,CONSTANCE,50,0,50
1918,CLARICE,10,0,10
1918,CLARE,7,0,7
1918,CLARA,137,0,137
1918,CLAIRE,10,0,10
1918,CHRISTINE,6,0,6
1918,CHRISTINA,38,0,38
1918,CHRISTENA,12,0,12
1918,CHARLOTTE,45,0,45
1918,CELINA,6,0,6
1918,CELIA,12,0,12
1918,CECILIA,23,0,23
1918,CECILE,37,0,37
1918,CECIL,151,145,6
1918,CECELIA,11,0,11
1918,CATHERINE,174,0,174
1918,DOLLY,8,0,8
1918,DONALDA,11,0,11
1918,DONNA,18,0,18
1918,DORA,98,0,98
1918,ELISABETH,7,0,7
1918,ELINOR,11,0,11
1918,ELENOR,13,0,13
1918,ELENA,8,0,8
1918,ELEN,6,0,6
1918,ELEANOR,155,0,155
1918,ELDA,8,0,8
1918,ELAINE,10,0,10
1918,EILEEN,109,0,109
1918,EFFIE,32,0,32
1918,CATHARINE,52,0,52
1918,EDYTHE,15,0,15
1918,EDNA,370,0,370
1918,EDITH,387,0,387
1918,DORTHY,26,0,26
1918,DORRIS,8,0,8
1918,DOROTHY,1028,0,1028
1918,DOROTHEA,21,0,21
1918,DORIS,477,0,477
1918,DOREEN,27,0,27
1918,DORATHY,9,0,9
1918,DORAS,6,0,6
1918,EDYTH,6,0,6
1918,CARRIE,21,0,21
1918,CAROLINE,38,0,38
1918,CARMEN,14,6,8
1918,ANIE,6,0,6
1918,ANGELINA,20,0,20
1918,ANGELA,14,0,14
1918,ANASTASIA,9,0,9
1918,AMY,26,0,26
1918,AMELIA,29,0,29
1918,ALVA,14,7,7
1918,ALTA,12,0,12
1918,ALMA,135,0,135
1918,ALINE,10,0,10
1918,ANITA,23,0,23
1918,ALICE,314,0,314
1918,ALETHA,6,0,6
1918,ALETA,8,0,8
1918,ALBERTINE,6,0,6
1918,ALBERTA,34,0,34
1918,AILEEN,31,0,31
1918,AGNES,200,0,200
1918,ADELINE,19,0,19
1918,ADELE,15,0,15
1918,ADELAIDE,10,0,10
1918,ADA,95,0,95
1918,ALFREDA,8,0,8
1918,ELIZA,15,0,15
1918,ANN,31,0,31
1918,ANNE,55,0,55
1918,CARMELA,8,0,8
1918,CARMEL,11,0,11
1918,BRIDGET,10,0,10
1918,BLANCHE,58,0,58
1918,BLANCH,6,0,6
1918,BEVERLY,17,11,6
1918,BEULAH,35,0,35
1918,BETTY,89,0,89
1918,BESSIE,120,0,120
1918,BERYL,16,0,16
1918,ANNA,248,0,248
1918,BERTHA,128,0,128
1918,BERNADETTE,14,0,14
1918,BELVA,6,0,6
1918,BELLA,22,0,22
1918,BEATRICE,228,0,228
1918,BARBARA,99,0,99
1918,AUDRY,20,0,20
1918,AUDREY,229,6,223
1918,ARLENE,6,0,6
1918,ANTOINETTE,10,0,10
1918,ANNIE,429,0,429
1918,BERNICE,87,0,87
1918,JESSIE,162,0,162
1918,ELIZABETH,389,0,389
1918,ELLEN,129,0,129
1918,ILA,27,0,27
1918,IDA,105,0,105
1918,HOPE,7,0,7
1918,HILDA,152,0,152
1918,HESTER,7,0,7
1918,HENRIETTA,14,0,14
1918,HELVI,6,0,6
1918,HELLEN,31,0,31
1918,HELENE,12,0,12
1918,HELENA,44,0,44
1918,HELEN,924,0,924
1918,HAZEL,279,0,279
1918,HATTIE,6,0,6
1918,HARRIETT,10,0,10
1918,HARRIET,32,0,32
1918,HANNAH,29,0,29
1918,GWENDOLYN,32,0,32
1918,GWENDOLINE,16,0,16
1918,GRETA,25,0,25
1918,GRACIE,9,0,9
1918,GRACE,257,0,257
1918,ILENE,18,0,18
1918,INA,28,0,28
1918,INEZ,26,0,26
1918,IOLA,8,0,8
1918,JENNIE,80,0,80
1918,JEANNETTE,19,0,19
1918,JEANNE,36,0,36
1918,JEANIE,7,0,7
1918,JEANETTE,17,0,17
1918,JEAN,562,58,504
1918,JANETTE,7,0,7
1918,JANET,50,0,50
1918,JANE,68,0,68
1918,JAMES,1264,1257,7
1918,GOLDIE,13,0,13
1918,JACQUELINE,8,0,8
1918,IVY,58,0,58
1918,IVA,45,0,45
1918,ISOBEL,24,0,24
1918,ISABELLE,34,0,34
1918,ISABELLA,51,0,51
1918,ISABELL,30,0,30
1918,ISABEL,77,0,77
1918,IRMA,30,0,30
1918,IRIS,32,0,32
1918,IRENE,293,0,293
1918,J,1943,1929,14
1918,GLADYS,355,0,355
1918,GLADIS,7,0,7
1918,GILBERTE,7,0,7
1918,EVELIN,6,0,6
1918,EVALINE,10,0,10
1918,EVA,223,0,223
1918,EUPHEMIA,6,0,6
1918,EUNICE,33,0,33
1918,ETTIE,8,0,8
1918,ETTA,21,0,21
1918,ETHEL,266,0,266
1918,ESTHER,72,0,72
1918,ESTER,18,0,18
1918,EVELINE,20,0,20
1918,ESTELLE,6,0,6
1918,ERMA,36,0,36
1918,ENID,15,0,15
1918,ENA,6,0,6
1918,EMMA,81,0,81
1918,EMILY,71,0,71
1918,EMILIA,8,0,8
1918,ELVA,47,0,47
1918,ELSIE,218,0,218
1918,ELSA,9,0,9
1918,ELMA,20,0,20
1918,ESTELLA,15,0,15
1918,ELLA,77,0,77
1918,EVELYN,380,0,380
1918,FANNIE,8,0,8
1918,GERTRUDE,249,0,249
1918,GERTIE,9,0,9
1918,GERMAINE,11,0,11
1918,GERALDINE,44,0,44
1918,GEORGINA,52,0,52
1918,GEORGIA,14,0,14
1918,GEORGENA,6,0,6
1918,GENEVIEVE,20,0,20
1918,GENEVA,9,0,9
1918,GABRIELLE,6,0,6
1918,EVELYNE,6,0,6
1918,FREDA,59,0,59
1918,FRANCESCA,7,0,7
1918,FRANCES,283,18,265
1918,FLOSSIE,19,0,19
1918,FLORENCE,522,0,522
1918,FLORANCE,12,0,12
1918,FLORA,45,0,45
1918,FERNANDE,6,0,6
1918,FERN,25,0,25
1918,FAY,7,0,7
1918,FANNY,22,0,22
1918,FRANCIS,425,343,82
1918,VICTORY,11,5,6
1919,WALLACE,53,53,0
1919,ABRAHAM,24,24,0
1919,REGINALD,103,103,0
1919,REINO,10,10,0
1919,RENE,24,24,0
1919,REUBEN,12,12,0
1919,REX,9,9,0
1919,RICHARD,202,202,0
1919,ROBERT,1062,1062,0
1919,RODERICK,8,8,0
1919,RODNEY,7,7,0
1919,REAL,7,7,0
1919,RODOLPHE,7,7,0
1919,ROLAND,35,35,0
1919,ROLLAND,14,14,0
1919,ROMEO,20,20,0
1919,RONALD,128,128,0
1919,ROSARIO,7,7,0
1919,ROSS,127,127,0
1919,ROWLAND,5,5,0
1919,ROY,254,254,0
1919,ROYAL,9,9,0
1919,ROGER,35,35,0
1919,RUPERT,5,5,0
1919,RAYMOND,161,161,0
1919,RANDOLPH,6,6,0
1919,ORVIL,6,6,0
1919,ORVILLE,30,30,0
1919,OSCAR,48,48,0
1919,OSWALD,8,8,0
1919,OTTO,12,12,0
1919,OVILA,7,7,0
1919,OWEN,7,7,0
1919,PASQUALE,7,7,0
1919,PATRICK,84,84,0
1919,RAY,25,25,0
1919,PAUL,123,123,0
1919,PERCY,77,77,0
1919,PETE,5,5,0
1919,PETER,150,150,0
1919,PHILIP,56,56,0
1919,PHILIPPE,9,9,0
1919,PHILLIP,19,19,0
1919,PIERRE,7,7,0
1919,PIETRO,5,5,0
1919,RALPH,159,159,0
1919,PERCIVAL,13,13,0
1919,RUSSEL,53,53,0
1919,RUSSELL,125,125,0
1919,SALVATORE,10,10,0
1919,VERNER,5,5,0
1919,VERNON,64,64,0
1919,VICTOR,182,182,0
1919,VINCENT,61,61,0
1919,VITO,6,6,0
1919,WALTER,360,360,0
1919,WARD,8,8,0
1919,WARREN,18,18,0
1919,WELLINGTON,12,12,0
1919,VERNE,5,5,0
1919,WERNER,5,5,0
1919,WILBERT,67,67,0
1919,WILBUR,12,12,0
1919,WILFORD,10,10,0
1919,WILFRED,205,205,0
1919,WILFRID,68,68,0
1919,WILLARD,33,33,0
1919,WILLIAM,2150,2150,0
1919,WILLIE,14,14,0
1919,WILLIS,17,17,0
1919,WESLEY,41,41,0
1919,TONY,10,10,0
1919,TOM,7,7,0
1919,TIMOTHY,11,11,0
1919,SAM,19,19,0
1919,SAMUEL,120,120,0
1919,SAUEL,5,5,0
1919,SHERMAN,6,6,0
1919,SIDNEY,64,64,0
1919,SIMON,13,13,0
1919,SOLOMON,9,9,0
1919,STANISLAW,5,5,0
1919,STANLEY,233,233,0
1919,STEPHEN,43,43,0
1919,STERLING,5,5,0
1919,STEVE,14,14,0
1919,STEVEN,6,6,0
1919,STEWART,55,55,0
1919,STUART,45,45,0
1919,SYDNEY,46,46,0
1919,SYLVESTER,7,7,0
1919,SYLVIO,6,6,0
1919,TEDDY,5,5,0
1919,THEODORE,39,39,0
1919,THOMAS,636,636,0
1919,ORVAL,25,25,0
1919,ORMOND,5,5,0
1919,ORMAND,6,6,0
1919,ORLANDO,8,8,0
1919,LAURENT,13,13,0
1919,LAURIER,5,5,0
1919,LAVERNE,6,6,0
1919,LAWRENCE,160,160,0
1919,LENARD,10,10,0
1919,LEO,104,104,0
1919,LEON,18,18,0
1919,LEONARD,191,191,0
1919,LEOPOLD,12,12,0
1919,LAURENCE,19,19,0
1919,LEROY,11,11,0
1919,LESTER,18,18,0
1919,LEWIS,47,47,0
1919,LINDSAY,5,5,0
1919,LIONEL,33,33,0
1919,LLOYD,365,365,0
1919,LORNE,105,105,0
1919,LOUIS,120,120,0
1919,LOYD,38,38,0
1919,LOYDE,8,8,0
1919,LESLIE,91,91,0
1919,KENNETH,406,406,0
1919,KENETH,7,7,0
1919,KEITH,50,50,0
1919,IRVING,8,8,0
1919,IRWIN,13,13,0
1919,ISAAC,21,21,0
1919,ISIDORE,8,8,0
1919,ISRAEL,10,10,0
1919,IVAN,53,53,0
1919,JACK,283,283,0
1919,JACKIE,5,5,0
1919,JACKSON,7,7,0
1919,JACOB,26,26,0
1919,JAKE,5,5,0
1919,JAMES,1272,1272,0
1919,JEROME,20,20,0
1919,JESSE,10,10,0
1919,JIM,6,6,0
1919,JOE,15,15,0
1919,JOHN,2407,2407,0
1919,JOSEPH,400,400,0
1919,JOSEPHAT,8,8,0
1919,JULIEN,6,6,0
1919,KARL,20,20,0
1919,LUCIEN,31,31,0
1919,WILMER,10,10,0
1919,LUIGI,5,5,0
1919,LYMAN,6,6,0
1919,MORLEY,29,29,0
1919,MORRIS,41,41,0
1919,MURRAY,112,112,0
1919,MURRY,7,7,0
1919,NAPOLEON,11,11,0
1919,NATHAN,11,11,0
1919,NEIL,30,30,0
1919,NELSON,34,34,0
1919,NEWTON,7,7,0
1919,MORGAN,11,11,0
1919,NICHOLAS,26,26,0
1919,NICKOLAS,5,5,0
1919,NICOLA,6,6,0
1919,NOBLE,6,6,0
1919,NOEL,6,6,0
1919,NORRIS,6,6,0
1919,OLIVER,27,27,0
1919,OMAR,5,5,0
1919,OMER,13,13,0
1919,ORLAND,11,11,0
1919,NICK,8,8,0
1919,MOISE,6,6,0
1919,MILTON,45,45,0
1919,MILES,5,5,0
1919,MACK,9,9,0
1919,MALCOLM,39,39,0
1919,MARCEL,13,13,0
1919,MARCUS,6,6,0
1919,MARIO,9,9,0
1919,MARK,5,5,0
1919,MARSHALL,8,8,0
1919,MARTIN,46,46,0
1919,MARVIN,10,10,0
1919,MATTHEW,7,7,0
1919,MAURICE,78,78,0
1919,MAX,45,45,0
1919,MAXWELL,17,17,0
1919,MELVILLE,37,37,0
1919,MELVIN,64,64,0
1919,MERRILL,6,6,0
1919,MERVIN,17,17,0
1919,MERVYN,11,11,0
1919,MICHAEL,128,128,0
1919,MICHEAL,6,6,0
1919,MIKE,31,31,0
1919,LYLE,25,25,0
1919,AARON,8,8,0
1919,WILSON,25,25,0
1919,WLADYSLAW,5,5,0
1919,CLAYTON,56,56,0
1919,CLAUDE,28,28,0
1919,CLARENCE,214,214,0
1919,CLARANCE,10,10,0
1919,CLAIR,7,7,0
1919,CHRISTOPHER,18,18,0
1919,CHESTER,25,25,0
1919,CHARLIE,22,22,0
1919,CHARLES,729,729,0
1919,CLEMENT,12,12,0
1919,CECIL,136,136,0
1919,CARMAN,14,14,0
1919,CARL,95,95,0
1919,CAMERON,13,13,0
1919,CALVIN,16,16,0
1919,BYRON,7,7,0
1919,BURTON,14,14,0
1919,BRUNO,13,13,0
1919,BRUCE,128,128,0
1919,BOYD,5,5,0
1919,CARSON,7,7,0
1919,BLAKE,9,9,0
1919,CLIFFORD,182,182,0
1919,CLINTON,8,8,0
1919,DONALD,572,572,0
1919,DON,6,6,0
1919,DOMINIC,13,13,0
1919,DOMENICO,8,8,0
1919,DNALD,5,5,0
1919,DESMOND,5,5,0
1919,DENNIS,22,22,0
1919,DENIS,5,5,0
1919,DELMER,8,8,0
1919,CLIFTON,10,10,0
1919,DELMAR,5,5,0
1919,DAVID,298,298,0
1919,DANIEL,87,87,0
1919,DAN,6,6,0
1919,DALTON,16,16,0
1919,CYRIL,33,33,0
1919,CURTIS,5,5,0
1919,CORNELIUS,5,5,0
1919,COLIN,15,15,0
1919,CLYDE,9,9,0
1919,DELBERT,32,32,0
1919,BILLY,5,5,0
1919,BILLIE,6,6,0
1919,BEVERLY,8,8,0
1919,ALWYN,6,6,0
1919,ALVIN,76,76,0
1919,ALPHONSE,16,16,0
1919,ALMER,7,7,0
1919,ALLEN,62,62,0
1919,ALLAN,147,147,0
1919,ALFREDO,7,7,0
1919,ALFRED,213,213,0
1919,ALEXANDER,166,166,0
1919,AMBROSE,13,13,0
1919,ALEX,24,24,0
1919,ALDO,6,6,0
1919,ALCIDE,8,8,0
1919,ALBERTO,6,6,0
1919,ALBERT,468,468,0
1919,ALAN,37,37,0
1919,AIME,6,6,0
1919,ADRIAN,6,6,0
1919,ADOLPH,6,6,0
1919,ADELARD,13,13,0
1919,ALEC,5,5,0
1919,AMOS,12,12,0
1919,ANDREW,95,95,0
1919,ANGELO,6,6,0
1919,BERTRAM,25,25,0
1919,BERT,22,22,0
1919,BERNARD,86,86,0
1919,BENNIE,8,8,0
1919,BENJAMIN,33,33,0
1919,BENEDICT,9,9,0
1919,BEN,6,6,0
1919,BASIL,20,20,0
1919,AUSTIN,26,26,0
1919,AURELE,7,7,0
1919,AUGUST,6,6,0
1919,AUBREY,9,9,0
1919,ARVO,5,5,0
1919,ARTHUR,549,549,0
1919,ARNOLD,71,71,0
1919,ARMAND,26,26,0
1919,ARCHIE,37,37,0
1919,ARCHIBALD,39,39,0
1919,ANTONIO,21,21,0
1919,ANTHONY,38,38,0
1919,ANGUS,46,46,0
1919,DONAT,9,9,0
1919,DOUGLAS,361,361,0
1919,DOUGLASS,5,5,0
1919,DUNCAN,37,37,0
1919,GUISEPPE,10,10,0
1919,GUIDO,5,5,0
1919,GRENVILLE,6,6,0
1919,GREGORY,9,9,0
1919,GRANT,27,27,0
1919,GRAHAM,10,10,0
1919,GORDON,559,559,0
1919,GORDEN,12,12,0
1919,GODFREY,5,5,0
1919,GUY,14,14,0
1919,GLENN,16,16,0
1919,GLEN,36,36,0
1919,GIOVANNI,8,8,0
1919,GILBERT,49,49,0
1919,GERARD,24,24,0
1919,GERALD,184,184,0
1919,GEORGE,1107,1107,0
1919,GEOFFREY,9,9,0
1919,GARNET,54,54,0
1919,GARFIELD,13,13,0
1919,GLENDON,5,5,0
1919,HAMILTON,5,5,0
1919,HARLEY,8,8,0
1919,HAROLD,599,599,0
1919,WLLIAM,9,9,0
1919,WOODROW,5,5,0
1919,WRAY,5,5,0
1919,IRA,10,10,0
1919,IAN,18,18,0
1919,HUGHIE,6,6,0
1919,HUGH,122,122,0
1919,HUBERT,32,32,0
1919,HOWARD,229,229,0
1919,HORACE,29,29,0
1919,HOMER,8,8,0
1919,HILTON,9,9,0
1919,HERMAN,28,28,0
1919,HERBERT,208,208,0
1919,HENRY,214,214,0
1919,HENRI,19,19,0
1919,HECTOR,24,24,0
1919,HARVIE,5,5,0
1919,HARVEY,102,102,0
1919,HARRY,304,304,0
1919,HARRISON,7,7,0
1919,GABRIEL,5,5,0
1919,WINSTON,10,10,0
1919,FREDRICK,71,71,0
1919,FREDERIC,15,15,0
1919,EMERSON,19,19,0
1919,ELWOOD,23,23,0
1919,ELVIN,10,10,0
1919,ELMORE,8,8,0
1919,ELMER,94,94,0
1919,ELLWOOD,5,5,0
1919,ELLIS,9,9,0
1919,ELIE,6,6,0
1919,ELI,7,7,0
1919,EMIL,8,8,0
1919,ELGIN,16,16,0
1919,ELDEN,5,5,0
1919,EDWIN,96,96,0
1919,EDWARD,499,499,0
1919,EDMUND,27,27,0
1919,EDMOND,20,20,0
1919,EDGAR,74,74,0
1919,EARNEST,36,36,0
1919,EARLE,24,24,0
1919,EARL,214,214,0
1919,ELDON,21,21,0
1919,EMILE,16,16,0
1919,EMMETT,5,5,0
1919,EORGE,9,9,0
1919,FREDDIE,7,7,0
1919,FRED,58,58,0
1919,FRASER,6,6,0
1919,FRANKLIN,44,44,0
1919,FRANK,298,298,0
1919,FRANCOIS,12,12,0
1919,FRANCESCO,6,6,0
1919,FORD,5,5,0
1919,FLOYD,37,37,0
1919,FERNAND,6,6,0
1919,FERDINAND,9,9,0
1919,FELIX,14,14,0
1919,EWART,6,6,0
1919,EVERETT,26,26,0
1919,EVAN,7,7,0
1919,EUGENE,54,54,0
1919,ERWIN,10,10,0
1919,ERVIN,7,7,0
1919,ERROL,6,6,0
1919,ERNEST,268,268,0
1919,ERIC,63,63,0
1919,FREDERICK,361,361,0
1919,IRVINE,5,5,0
1919,IRVIN,11,11,0
1919,SOPHIA,17,0,17
1919,JESSIE,163,0,163
1919,JENNY,8,0,8
1919,JENNIE,58,0,58
1919,JEANNIE,7,0,7
1919,JEANNETTE,16,0,16
1919,SOPHIE,18,0,18
1919,STELLA,93,0,93
1919,SUSAN,19,0,19
1919,SYBIL,15,0,15
1919,SYLVIA,46,0,46
1919,TAIMI,6,0,6
1919,TERESA,16,0,16
1919,THEDA,13,0,13
1919,THELMA,188,0,188
1919,THERESA,29,0,29
1919,THERESE,7,0,7
1919,THORA,7,0,7
1919,UNA,6,0,6
1919,VELMA,74,0,74
1919,VERA,210,0,210
1919,VERDA,8,0,8
1919,JOAN,58,0,58
1919,VERNA,136,0,136
1919,JOHANNA,10,0,10
1919,JOY,10,0,10
1919,LELA,11,0,11
1919,LEILA,12,0,12
1919,LEAH,15,0,15
1919,LEA,8,0,8
1919,LAVINA,6,0,6
1919,LAURETTE,9,0,9
1919,LAURETTA,9,0,9
1919,LAURA,152,0,152
1919,KEITHA,6,0,6
1919,KATIE,12,0,12
1919,KATHRYN,16,0,16
1919,KATHLEEN,348,0,348
1919,KATHERINE,59,0,59
1919,KATHELINE,7,0,7
1919,KATHARINE,20,0,20
1919,KATHALEEN,10,0,10
1919,KATE,10,0,10
1919,JUNE,68,0,68
1919,JULIETTE,7,0,7
1919,JULIA,57,0,57
1919,JOYCE,56,0,56
1919,JOSEPHINE,65,0,65
1919,VERONICA,28,0,28
1919,VICTORIA,45,0,45
1919,VINA,6,0,6
1919,REBECCA,13,0,13
1919,REGINA,11,0,11
1919,RENA,18,0,18
1919,RETA,118,0,118
1919,SIMONNE,7,0,7
1919,RHEA,8,0,8
1919,RHETA,6,0,6
1919,RHODA,22,0,22
1919,RITA,119,0,119
1919,ROBERTA,16,0,16
1919,ROSA,24,0,24
1919,ROSALIE,10,0,10
1919,ROSALINE,6,0,6
1919,ROSE,160,0,160
1919,ROSEMARY,11,0,11
1919,ROSIE,25,0,25
1919,ROSINA,18,0,18
1919,RUBY,174,0,174
1919,RUTH,486,0,486
1919,SADIE,37,0,37
1919,SARA,12,0,12
1919,RACHEL,16,0,16
1919,QUEENIE,6,0,6
1919,PHYLLIS,185,0,185
1919,PHYLISS,12,0,12
1919,VIOLA,97,0,97
1919,VIOLET,241,0,241
1919,VIRGINIA,36,0,36
1919,VIVIAN,62,0,62
1919,VOILET,6,0,6
1919,WANDA,17,0,17
1919,WILDA,16,0,16
1919,WILHELMINA,6,0,6
1919,WILLA,10,0,10
1919,WILMA,43,0,43
1919,LENA,58,0,58
1919,WINIFRED,34,0,34
1919,YETTA,6,0,6
1919,YVETTE,11,0,11
1919,YVONNE,36,0,36
1919,ZELLA,7,0,7
1919,PAULINA,6,0,6
1919,PAULINE,51,0,51
1919,PEARL,139,0,139
1919,PHILLIS,12,0,12
1919,PHOEBE,13,0,13
1919,PHYLIS,28,0,28
1919,WINNIFRED,106,0,106
1919,LENORA,14,0,14
1919,LEOLA,12,0,12
1919,LEONA,58,0,58
1919,MIRIAM,28,0,28
1919,MINNIE,52,0,52
1919,MINERVA,10,0,10
1919,MINA,14,0,14
1919,MILDRED,283,0,283
1919,MERLE,19,5,14
1919,MELBA,12,0,12
1919,MAY,87,0,87
1919,MAXINE,11,0,11
1919,MAVIS,9,0,9
1919,MAUDE,11,0,11
1919,MAUD,15,0,15
1919,MATILDA,14,0,14
1919,MARY,480,0,480
1919,MARTHA,89,0,89
1919,MARJORY,90,0,90
1919,MARJORIE,286,0,286
1919,MARION,389,0,389
1919,MARIE,328,5,323
1919,MARIAN,55,0,55
1919,MARIA,57,0,57
1919,MOLLIE,6,0,6
1919,MOLLY,9,0,9
1919,MONA,30,0,30
1919,MONICA,12,0,12
1919,PAMELA,8,0,8
1919,ORMA,9,0,9
1919,ORA,6,0,6
1919,OLIVE,200,0,200
1919,OLGA,55,0,55
1919,OLA,11,0,11
1919,NORMAN,368,361,7
1919,NORMA,208,5,203
1919,NORINE,7,0,7
1919,NOREEN,9,0,9
1919,MARGUERITE,134,0,134
1919,NORAH,24,0,24
1919,NINA,15,0,15
1919,NETTIE,13,0,13
1919,NETA,7,0,7
1919,NELLIE,76,0,76
1919,NATALIE,7,0,7
1919,NAOMI,7,0,7
1919,NANCY,37,0,37
1919,MYRTLE,154,0,154
1919,MURIEL,250,0,250
1919,MURIAL,12,0,12
1919,NORA,59,0,59
1919,SARAH,137,0,137
1919,MARGUERIT,10,0,10
1919,MARGORY,9,0,9
1919,LOUISE,43,0,43
1919,LOUISA,29,0,29
1919,LOTTIE,18,0,18
1919,LORRAINE,43,0,43
1919,LORNA,51,0,51
1919,LORETTO,9,0,9
1919,LORETTE,6,0,6
1919,LORETTA,43,0,43
1919,LORENA,6,0,6
1919,LORAINE,13,0,13
1919,LOLA,21,0,21
1919,LOIS,95,0,95
1919,LIZZIE,7,0,7
1919,LINA,9,0,9
1919,LILY,39,0,39
1919,LILLY,13,0,13
1919,LILLIE,22,0,22
1919,LILLIAN,301,0,301
1919,LILIAN,72,0,72
1919,LILA,42,0,42
1919,LETA,13,0,13
1919,LUCIA,7,0,7
1919,LUCIENNE,6,0,6
1919,LUCILE,8,0,8
1919,LUCILLE,25,0,25
1919,MARGORIE,10,0,10
1919,MARGERY,26,0,26
1919,MARGARETTE,7,0,7
1919,MARGARETT,6,0,6
1919,MARGARETE,7,0,7
1919,MARGARET,1435,7,1428
1919,MARCELLA,10,0,10
1919,MAMIE,11,0,11
1919,MAJORIE,6,0,6
1919,MAISIE,9,0,9
1919,MARGRET,27,0,27
1919,MAGGIE,16,0,16
1919,MADGE,8,0,8
1919,MADELINE,84,0,84
1919,MADELEINE,10,0,10
1919,MADALINE,12,0,12
1919,MABLE,33,0,33
1919,MABEL,185,0,185
1919,M,3111,11,3100
1919,LYDIA,8,0,8
1919,LUELLA,28,0,28
1919,LUCY,55,0,55
1919,MAE,10,0,10
1919,PANSY,10,0,10
1919,SELMA,6,0,6
1919,SILVIA,8,0,8
1919,DELIA,9,0,9
1919,DAISY,46,0,46
1919,CORINNE,8,0,8
1919,CORA,43,0,43
1919,CONSTANCE,46,0,46
1919,CLEO,6,0,6
1919,CLARICE,7,0,7
1919,CLARE,18,11,7
1919,CLARA,132,0,132
1919,CLAIRE,23,6,17
1919,CHRISTINE,7,0,7
1919,CHRISTINA,36,0,36
1919,CHRISTENA,9,0,9
1919,CHARLOTTE,57,0,57
1919,CELIA,11,0,11
1919,CECILIA,20,0,20
1919,CECILE,44,0,44
1919,CECELIA,16,0,16
1919,CATHERINE,165,0,165
1919,CATHERINA,7,0,7
1919,CATHARINE,47,0,47
1919,DELLA,19,0,19
1919,CARRIE,15,0,15
1919,DIANA,7,0,7
1919,DONALDA,12,0,12
1919,ELEZABETH,9,0,9
1919,ELENOR,11,0,11
1919,ELENA,10,0,10
1919,ELEANOR,147,0,147
1919,ELAINE,15,0,15
1919,EILEEN,137,0,137
1919,EFFIE,21,0,21
1919,EDYTHE,26,0,26
1919,EDYTH,8,0,8
1919,EDNA,311,0,311
1919,EDITH,371,0,371
1919,DORTHY,50,0,50
1919,DORTHA,6,0,6
1919,DORRIS,14,0,14
1919,DOROTHY,1053,0,1053
1919,DOROTHEA,18,0,18
1919,DORIS,514,0,514
1919,DOREEN,38,0,38
1919,DORATHY,14,0,14
1919,DORA,70,0,70
1919,DONNA,18,0,18
1919,DINA,6,0,6
1919,CAROLINE,30,0,30
1919,CARMEN,19,9,10
1919,CARMELA,9,0,9
1919,ANIE,6,0,6
1919,ANGELINA,15,0,15
1919,ANGELA,12,0,12
1919,AMY,38,0,38
1919,AMELIA,23,0,23
1919,AMANDA,9,0,9
1919,ALVA,6,0,6
1919,ALMA,95,0,95
1919,ALINE,6,0,6
1919,ALICE,340,0,340
1919,ALEDA,7,0,7
1919,ALDA,7,0,7
1919,ALBERTA,26,0,26
1919,AILI,6,0,6
1919,AILEEN,39,0,39
1919,AGNES,205,0,205
1919,AGATHA,11,0,11
1919,ADELINE,19,0,19
1919,ADELE,7,0,7
1919,ADELAIDE,9,0,9
1919,ADA,105,0,105
1919,ANITA,27,0,27
1919,ANN,30,0,30
1919,ANNA,239,0,239
1919,ANNE,44,0,44
1919,CARMEL,12,0,12
1919,BRIDGET,9,0,9
1919,BLANCHE,55,0,55
1919,BLANCH,10,0,10
1919,BEVERLEY,19,5,14
1919,BEULAH,29,0,29
1919,BETTY,117,0,117
1919,BESSIE,103,0,103
1919,BERYL,19,0,19
1919,BERTHA,119,0,119
1919,ELINOR,15,0,15
1919,BERNICE,90,0,90
1919,BELLA,13,0,13
1919,BEATRICE,195,0,195
1919,BARBARA,113,0,113
1919,AURORE,9,0,9
1919,AUDRY,16,0,16
1919,AUDREY,247,0,247
1919,ANTOINETTE,10,0,10
1919,ANNIE,386,0,386
1919,ANNETTE,15,0,15
1919,ANNETTA,6,0,6
1919,BERNADETTE,21,0,21
1919,ELIZA,9,0,9
1919,ELIZABETH,340,0,340
1919,ELLA,79,0,79
1919,HILDA,136,0,136
1919,HESTER,9,0,9
1919,HENRIETTA,21,0,21
1919,HELLEN,32,0,32
1919,HELENE,15,0,15
1919,HELENA,43,0,43
1919,HELEN,914,0,914
1919,HAZEL,263,0,263
1919,HATTIE,10,0,10
1919,HARRIETT,11,0,11
1919,HARRIET,28,0,28
1919,HANNAH,20,0,20
1919,GWENETH,6,0,6
1919,GWENDOLYN,31,0,31
1919,GWENDOLINE,14,0,14
1919,GRETTA,6,0,6
1919,GRETA,15,0,15
1919,GRACE,278,0,278
1919,GOLDIE,16,0,16
1919,GLENNA,6,0,6
1919,GLADYS,345,0,345
1919,IDA,128,0,128
1919,ILA,22,0,22
1919,ILEEN,13,0,13
1919,ILENE,18,0,18
1919,JEANNE,39,0,39
1919,JEANETTE,23,0,23
1919,JEAN,614,79,535
1919,JEA,7,0,7
1919,JANETTE,6,0,6
1919,JANET,73,0,73
1919,JANE,46,0,46
1919,JACQUELINE,6,0,6
1919,J,1870,1858,12
1919,IVY,35,0,35
1919,GLADIS,6,0,6
1919,IVA,32,0,32
1919,ISABELLE,29,0,29
1919,ISABELLA,56,0,56
1919,ISABELL,21,0,21
1919,ISABEL,64,0,64
1919,IRMA,27,0,27
1919,IRJA,6,0,6
1919,IRIS,24,0,24
1919,IRENE,293,0,293
1919,INEZ,22,0,22
1919,INA,31,0,31
1919,ISOBEL,25,0,25
1919,SHIRLEY,87,5,82
1919,GERTRUDE,222,0,222
1919,GERMAINE,8,0,8
1919,EVA,193,0,193
1919,EUPHEMIA,6,0,6
1919,EUNICE,31,0,31
1919,EUGENIE,6,0,6
1919,EUGENIA,7,0,7
1919,ETTA,16,0,16
1919,ETHEL,248,0,248
1919,ESTHER,68,0,68
1919,ESTER,14,0,14
1919,ESTELLE,7,0,7
1919,ESTELLA,9,0,9
1919,ERMA,31,0,31
1919,ENID,30,0,30
1919,EMMA,80,0,80
1919,EMILY,63,0,63
1919,EMILIA,7,0,7
1919,ELVA,60,0,60
1919,ELSIE,203,0,203
1919,ELSA,8,0,8
1919,ELMA,26,0,26
1919,ELLEN,125,0,125
1919,EVELIN,6,0,6
1919,EVELINE,15,0,15
1919,EVELYN,326,0,326
1919,EVELYNE,14,0,14
1919,GERALDINE,51,0,51
1919,GEORGINA,59,0,59
1919,GEORGIA,6,0,6
1919,GEORGETTE,7,0,7
1919,GENEVIEVE,20,0,20
1919,GABRIELLE,7,0,7
1919,FRIEDA,10,0,10
1919,FREIDA,6,0,6
1919,FREDA,47,0,47
1919,FRANCIS,404,319,85
1919,GERTIE,8,0,8
1919,FRANCES,293,14,279
1919,FLORIDA,14,0,14
1919,FLORENCE,476,0,476
1919,FLORANCE,11,0,11
1919,FLORA,27,0,27
1919,FERN,24,0,24
1919,FAY,7,0,7
1919,FANNY,20,0,20
1919,FANNIE,11,0,11
1919,FAITH,6,0,6
1919,EVLYN,7,0,7
1919,FLOSSIE,14,0,14
1919,PATRICIA,101,0,101
1920,LILA,33,0,33
1920,ADELAIDE,8,0,8
1920,ANITA,24,0,24
1920,ANN,25,0,25
1920,ANNA,248,0,248
1920,ANNE,58,0,58
1920,ANNETTA,6,0,6
1920,ANNETTE,15,0,15
1920,ANGELINE,9,0,9
1920,ANNIE,408,0,408
1920,ARLINE,6,0,6
1920,AUDREY,295,0,295
1920,AUDRY,14,0,14
1920,AURORE,6,0,6
1920,BARBARA,125,0,125
1920,BEATRICE,262,0,262
1920,ANTOINETTE,12,0,12
1920,ADA,86,0,86
1920,ANGELINA,15,0,15
1920,ANASTASIA,6,0,6
1920,ADELE,10,0,10
1920,ADELINE,19,0,19
1920,AGATHA,6,0,6
1920,AGNES,205,0,205
1920,AILEEN,41,0,41
1920,ALBERTA,26,0,26
1920,ANGELA,14,0,14
1920,ALEXANDRA,7,0,7
1920,ALICE,374,0,374
1920,ALINE,10,0,10
1920,ALMA,105,0,105
1920,ALMEDA,6,0,6
1920,AMELIA,33,0,33
1920,AMY,43,0,43
1920,ALFREDA,13,0,13
1920,ALTA,9,0,9
1920,ROBERT,1361,1352,9
1920,PHYLISS,6,0,6
1920,VERLA,7,0,7
1920,VERA,247,0,247
1920,VELMA,88,0,88
1920,VALMA,6,0,6
1920,UNA,7,0,7
1920,TRESSA,6,0,6
1920,VERNA,160,0,160
1920,THERESE,18,0,18
1920,THELMA,212,0,212
1920,THEDA,6,0,6
1920,TERESA,34,0,34
1920,SYLVIA,49,0,49
1920,SYBIL,12,0,12
1920,SUSIE,9,0,9
1920,THERESA,33,0,33
1920,SUSAN,17,0,17
1920,VERONICA,28,0,28
1920,VIDA,11,0,11
1920,YVETTE,13,0,13
1920,YETTA,7,0,7
1920,WINNIFRED,109,0,109
1920,WINIFRED,50,0,50
1920,WILMA,57,0,57
1920,WILLIAM,2530,2517,13
1920,VICTORIA,38,0,38
1920,WILLA,9,0,9
1920,WILDA,18,0,18
1920,WANDA,21,0,21
1920,VIVIAN,69,0,69
1920,VIRGINIA,49,0,49
1920,VIOLET,292,0,292
1920,VIOLA,112,0,112
1920,WILHELMINA,9,0,9
1920,STELLA,88,0,88
1920,SOPHIE,13,0,13
1920,SOPHIA,21,0,21
1920,ROBERTA,24,0,24
1920,BELLA,21,0,21
1920,RITA,174,0,174
1920,RHODA,26,0,26
1920,RHEA,12,0,12
1920,REVA,6,0,6
1920,ROBINA,7,0,7
1920,RETA,110,0,110
1920,REBECCA,21,0,21
1920,REBA,6,0,6
1920,RACHEL,28,0,28
1920,RACHAEL,6,0,6
1920,QUEENIE,9,0,9
1920,PHYLLIS,222,0,222
1920,RENA,14,0,14
1920,ROMA,8,0,8
1920,ROSA,26,0,26
1920,ROSE,134,0,134
1920,SIMONNE,9,0,9
1920,SILVIA,6,0,6
1920,SIGNE,8,0,8
1920,SHIRLEY,150,5,145
1920,SHEILA,11,0,11
1920,SELMA,8,0,8
1920,SARAH,140,0,140
1920,SARA,12,0,12
1920,SADIE,39,0,39
1920,RUTH,563,0,563
1920,RUBY,187,0,187
1920,ROSINA,23,0,23
1920,ROSIE,37,0,37
1920,ROSETTA,8,0,8
1920,ROSEMARY,6,0,6
1920,PHYLIS,35,0,35
1920,BERNADETTE,17,0,17
1920,FLORA,42,0,42
1920,BERTHA,118,0,118
1920,LINDA,6,0,6
1920,LILY,47,0,47
1920,LILLY,20,0,20
1920,LILLIE,16,0,16
1920,LILLIAN,367,0,367
1920,LILIAN,86,0,86
1920,PHILLIS,19,0,19
1920,LETITIA,11,0,11
1920,LETA,13,0,13
1920,LEOTA,7,0,7
1920,LEONORA,7,0,7
1920,LEONE,11,0,11
1920,LEONA,56,0,56
1920,LEOLA,6,0,6
1920,LENORE,14,0,14
1920,LOIS,93,0,93
1920,LOLA,18,0,18
1920,LORA,8,0,8
1920,LORAINE,11,0,11
1920,LUCY,63,0,63
1920,LUCILLE,19,0,19
1920,LUCILE,6,0,6
1920,LUCIENNE,9,0,9
1920,LUCIE,7,0,7
1920,LUCIA,9,0,9
1920,LOUISE,47,0,47
1920,LENORA,13,0,13
1920,LOUISA,32,0,32
1920,LOTTIE,22,0,22
1920,LORRAINE,43,0,43
1920,LORNA,47,0,47
1920,LORETTE,9,0,9
1920,LORETTA,37,0,37
1920,LORENE,7,0,7
1920,LORENA,6,0,6
1920,LOUIE,6,0,6
1920,LENA,50,0,50
1920,LELA,11,0,11
1920,LEILA,19,0,19
1920,JOHN,2800,2789,11
1920,JOHANNA,9,0,9
1920,JOAN,119,0,119
1920,JESSIE,174,0,174
1920,JENNY,8,0,8
1920,JENNIE,60,0,60
1920,JEANNETTE,22,0,22
1920,JOSEPHINE,90,0,90
1920,JEANNEDARC,6,0,6
1920,JEANIE,13,0,13
1920,JEANETTE,23,0,23
1920,JEANE,7,0,7
1920,JEAN,643,73,570
1920,JANET,73,0,73
1920,JANE,65,0,65
1920,JACQUELINE,8,0,8
1920,JEANNE,35,0,35
1920,LUELLA,29,0,29
1920,JOY,6,0,6
1920,JULIA,57,0,57
1920,LEAH,16,0,16
1920,LAVINA,8,0,8
1920,LAURETTE,8,0,8
1920,LAURETTA,6,0,6
1920,LAURA,147,0,147
1920,KEITHA,7,0,7
1920,KATIE,14,0,14
1920,JOYCE,86,0,86
1920,KATHRYN,17,0,17
1920,KATHERINE,76,0,76
1920,KATHELEEN,6,0,6
1920,KATHARINE,20,0,20
1920,KATHALEEN,11,0,11
1920,KATE,9,0,9
1920,JUNE,116,0,116
1920,JULIETTE,14,0,14
1920,KATHLEEN,432,0,432
1920,J,2097,2086,11
1920,LULA,7,0,7
1920,M,3578,33,3545
1920,NAOMI,8,0,8
1920,NANCY,43,0,43
1920,MYRTLE,141,0,141
1920,MYRA,12,0,12
1920,MURIEL,303,0,303
1920,MURIAL,16,0,16
1920,MONICA,16,0,16
1920,MONA,40,0,40
1920,MOLLIE,8,0,8
1920,MIRIAM,36,0,36
1920,MINNIE,47,0,47
1920,MINA,11,0,11
1920,MILLICENT,13,0,13
1920,MILDRED,348,0,348
1920,MERLE,29,5,24
1920,NELDA,8,0,8
1920,NELLIE,85,0,85
1920,NETTIE,12,0,12
1920,NINA,24,0,24
1920,PAULINE,64,0,64
1920,PAULINA,6,0,6
1920,PATRICIA,103,0,103
1920,PANSY,6,0,6
1920,ORPHA,10,0,10
1920,ORMA,9,0,9
1920,ORA,8,0,8
1920,MELBA,9,0,9
1920,OPAL,9,0,9
1920,OLGA,56,0,56
1920,OLA,9,0,9
1920,NORMA,231,0,231
1920,NORINE,7,0,7
1920,NOREEN,15,0,15
1920,NORAH,22,0,22
1920,NORA,76,0,76
1920,OLIVE,258,0,258
1920,MAZIE,6,0,6
1920,MAY,89,0,89
1920,MAXINE,14,0,14
1920,MARGARETTE,9,0,9
1920,MARGARETT,8,0,8
1920,MARGARETE,6,0,6
1920,MARGARET,1674,7,1667
1920,MARCELLA,8,0,8
1920,MAMIE,8,0,8
1920,MAJORIE,7,0,7
1920,MARGARITE,18,0,18
1920,MAGGIE,13,0,13
1920,MADGE,9,0,9
1920,MADELINE,77,0,77
1920,MADELENE,6,0,6
1920,MADELEINE,9,0,9
1920,MADALINE,15,0,15
1920,MABLE,41,0,41
1920,MABEL,181,0,181
1920,MAE,10,0,10
1920,LYDIA,20,0,20
1920,MARGERY,37,0,37
1920,MARGRET,27,0,27
1920,MAVIS,18,0,18
1920,MAUREEN,6,0,6
1920,MAUDE,9,0,9
1920,MAUD,20,0,20
1920,MATILDA,14,0,14
1920,MARY,560,5,555
1920,MARTHA,73,0,73
1920,MARGORIE,6,0,6
1920,MARJORY,115,0,115
1920,MARION,476,0,476
1920,MARIE,315,0,315
1920,MARIAN,66,0,66
1920,MARIA,72,0,72
1920,MARGURITE,8,0,8
1920,MARGUERITE,201,0,201
1920,MARGUERIT,6,0,6
1920,MARJORIE,397,0,397
1920,BERNICE,104,0,104
1920,IVY,55,0,55
1920,ISOBEL,34,0,34
1920,EDITH,380,0,380
1920,DORTHY,39,0,39
1920,DORRIS,15,0,15
1920,DOROTHY,1289,0,1289
1920,DOROTHEA,32,0,32
1920,DORIS,542,0,542
1920,DORETHY,6,0,6
1920,DOREEN,44,0,44
1920,DORCAS,8,0,8
1920,DORATHY,11,0,11
1920,DORAS,6,0,6
1920,DORA,68,0,68
1920,DONNA,17,0,17
1920,DONALDA,10,0,10
1920,DONA,6,0,6
1920,EDNA,353,0,353
1920,EDYTHE,13,0,13
1920,EFFIE,24,0,24
1920,EILEEN,185,0,185
1920,EMMA,67,0,67
1920,EMILY,71,0,71
1920,ELVA,55,0,55
1920,ELSIE,246,0,246
1920,ELMA,16,0,16
1920,ELLEN,137,0,137
1920,ELLA,84,0,84
1920,DOLORES,6,0,6
1920,ELIZABETH,477,0,477
1920,ELINOR,9,0,9
1920,ELENOR,14,0,14
1920,ELENA,8,0,8
1920,ELEANOR,167,0,167
1920,ELDA,16,0,16
1920,ELANOR,9,0,9
1920,ELAINE,29,0,29
1920,ELIZA,21,0,21
1920,DOLLY,7,0,7
1920,DIANA,8,0,8
1920,DELORES,6,0,6
1920,CATHARINE,43,0,43
1920,CARRIE,12,0,12
1920,CAROLINE,36,0,36
1920,CAROLINA,8,0,8
1920,CARMELA,7,0,7
1920,CARMEL,6,0,6
1920,BRIDGET,10,0,10
1920,CATHERINE,219,0,219
1920,BLANCHE,80,0,80
1920,BIRDIE,6,0,6
1920,BEVERLEY,14,8,6
1920,BEULAH,34,0,34
1920,BETTY,185,0,185
1920,BETH,7,0,7
1920,BESSIE,95,0,95
1920,BERYL,19,0,19
1920,BLANCH,12,0,12
1920,ENA,10,0,10
1920,CECELIA,17,0,17
1920,CECILIA,23,0,23
1920,DELLA,23,0,23
1920,DELIA,14,0,14
1920,DAPHNE,7,0,7
1920,DAISY,47,0,47
1920,CYNTHIA,6,0,6
1920,CORINNE,8,0,8
1920,CORA,40,0,40
1920,CECILE,34,0,34
1920,CONSTANCE,63,0,63
1920,CLAIRE,17,6,11
1920,CHRISTINE,6,0,6
1920,CHRISTINA,48,0,48
1920,CHRISTENA,13,0,13
1920,CHARLOTTE,54,0,54
1920,CHARLES,791,785,6
1920,CELIA,9,0,9
1920,CLARA,147,0,147
1920,IVA,39,5,34
1920,ENID,23,0,23
1920,ERNA,6,0,6
1920,HELLEN,25,0,25
1920,HELENE,15,0,15
1920,HELENA,43,0,43
1920,HELEN,1055,0,1055
1920,HAZEL,277,0,277
1920,HATTIE,11,0,11
1920,HARRIETT,11,0,11
1920,HARRIET,35,0,35
1920,HANNAH,36,0,36
1920,GWENDOLYNE,9,0,9
1920,GWENDOLYN,50,0,50
1920,GWENDOLINE,23,0,23
1920,GWENDOLIN,6,0,6
1920,GRETTA,7,0,7
1920,GRETA,15,0,15
1920,HENRIETTA,14,0,14
1920,HILDA,172,0,172
1920,HOPE,11,0,11
1920,IDA,116,0,116
1920,ISABELLE,26,0,26
1920,ISABELLA,69,0,69
1920,ISABELL,25,0,25
1920,ISABEL,90,0,90
1920,IRMA,16,0,16
1920,IRIS,36,0,36
1920,IRENE,412,0,412
1920,GRACE,297,0,297
1920,IONA,16,0,16
1920,INEZ,27,0,27
1920,INES,6,0,6
1920,INA,34,0,34
1920,ILENE,22,0,22
1920,ILEEN,13,0,13
1920,ILEAN,6,0,6
1920,ILA,23,0,23
1920,IOLA,8,0,8
1920,GOLDIE,12,0,12
1920,GLORIA,12,0,12
1920,GLENNA,7,0,7
1920,FANNY,19,0,19
1920,FANNIE,17,0,17
1920,FAITH,6,0,6
1920,EVELYNE,10,0,10
1920,EVELYN,426,0,426
1920,EVELINE,28,0,28
1920,EVANGELINE,9,0,9
1920,FAY,6,0,6
1920,EVA,204,0,204
1920,ETTIE,6,0,6
1920,ETTA,20,0,20
1920,ETHEL,329,0,329
1920,ESTHER,78,0,78
1920,ESTER,17,0,17
1920,ESTELLA,13,0,13
1920,ESSIE,8,0,8
1920,EUNICE,33,0,33
1920,ERMA,38,0,38
1920,FERN,22,0,22
1920,FLORANCE,16,0,16
1920,GLADYS,382,0,382
1920,GERTRUDE,238,0,238
1920,GERTIE,7,0,7
1920,GERMAINE,7,0,7
1920,GERALDINE,56,0,56
1920,GEORGINA,52,0,52
1920,GEORGETTE,6,0,6
1920,YVONNE,37,0,37
1920,GENEVIEVE,23,0,23
1920,FRIEDA,7,0,7
1920,FREIDA,7,0,7
1920,FREDA,55,0,55
1920,FRANCIS,405,341,64
1920,FRANCES,311,25,286
1920,FLOSSIE,11,0,11
1920,FLORENCE,514,0,514
1920,GABRIELLE,10,0,10
1920,ZELDA,8,0,8
1920,PEGGY,7,0,7
1920,WASYL,5,5,0
1920,MICHELE,7,7,0
1920,MICHEAL,6,6,0
1920,MICHAEL,129,129,0
1920,MERVYN,20,20,0
1920,MERVIN,35,35,0
1920,MERTON,5,5,0
1920,MERRILL,5,5,0
1920,MELVIN,60,60,0
1920,MELVILLE,52,52,0
1920,MIKE,22,22,0
1920,MELBOURNE,6,6,0
1920,MAXWELL,17,17,0
1920,MAX,33,33,0
1920,MAURICE,85,85,0
1920,MATTHEW,14,14,0
1920,MATHEW,5,5,0
1920,MARVIN,20,20,0
1920,MARTIN,39,39,0
1920,MARSHALL,9,9,0
1920,MARK,17,17,0
1920,MAYNARD,6,6,0
1920,MARIO,7,7,0
1920,MILES,5,5,0
1920,MILFRED,5,5,0
1920,NORMAN,408,408,0
1920,NOEL,12,12,0
1920,NOAH,5,5,0
1920,NICK,8,8,0
1920,NICHOLAS,27,27,0
1920,NELSON,47,47,0
1920,NEIL,42,42,0
1920,NEAL,6,6,0
1920,NATHAN,11,11,0
1920,MILFORD,7,7,0
1920,NAPOLEON,8,8,0
1920,MURVIN,5,5,0
1920,MURRY,9,9,0
1920,MURRAY,110,110,0
1920,MOSES,5,5,0
1920,MORRIS,46,46,0
1920,MORLEY,39,39,0
1920,MORGAN,7,7,0
1920,MOISE,6,6,0
1920,MILTON,60,60,0
1920,MYER,6,6,0
1920,MARCEL,7,7,0
1920,MANLEY,5,5,0
1920,MALCOLM,44,44,0
1920,LAVERNE,11,11,0
1920,LAURIER,7,7,0
1920,LAURENT,6,6,0
1920,LAURENCE,26,26,0
1920,LARRY,5,5,0
1920,KENNETH,520,520,0
1920,KENETH,6,6,0
1920,KEITH,79,79,0
1920,KARL,15,15,0
1920,LAWERENCE,5,5,0
1920,JUSTIN,6,6,0
1920,JULIEN,6,6,0
1920,JULIAN,6,6,0
1920,JOSEPHAT,5,5,0
1920,JOSEPH,425,425,0
1920,JONATHAN,6,6,0
1920,JOE,26,26,0
1920,JESSE,11,11,0
1920,JEROME,17,17,0
1920,JEREMIAH,5,5,0
1920,JULIUS,11,11,0
1920,LAWRENCE,179,179,0
1920,LEE,7,7,0
1920,LENARD,19,19,0
1920,LYLE,30,30,0
1920,LYALL,5,5,0
1920,LUKE,5,5,0
1920,LUIGI,12,12,0
1920,LUCIEN,25,25,0
1920,LOYD,38,38,0
1920,LOUIS,124,124,0
1920,LORNE,145,145,0
1920,LORN,6,6,0
1920,LLOYD,326,326,0
1920,LIONEL,43,43,0
1920,LEWIS,51,51,0
1920,LESTER,14,14,0
1920,LESLIE,124,124,0
1920,LESLEY,5,5,0
1920,LEROY,16,16,0
1920,LEOPOLD,10,10,0
1920,LEONARD,205,205,0
1920,LEON,20,20,0
1920,LEO,134,134,0
1920,LENORD,5,5,0
1920,NORVAL,12,12,0
1920,OLIVER,32,32,0
1920,OMER,14,14,0
1920,ORLAND,7,7,0
1920,WILLIE,14,14,0
1920,WILLIS,22,22,0
1920,WILMER,12,12,0
1920,WILSON,13,13,0
1920,WLLIAM,8,8,0
1920,WRAY,9,9,0
1920,TERENCE,6,6,0
1920,SYDNEY,51,51,0
1920,STUART,45,45,0
1920,WILLIA,5,5,0
1920,STEWART,72,72,0
1920,STEVE,16,16,0
1920,STERLING,6,6,0
1920,STEPHEN,56,56,0
1920,STANLY,5,5,0
1920,STANLEY,286,286,0
1920,SOLOMON,10,10,0
1920,SOLLY,5,5,0
1920,SIMON,11,11,0
1920,SIDNEY,74,74,0
1920,STEVEN,7,7,0
1920,WILLARD,21,21,0
1920,WILFRID,51,51,0
1920,WILFRED,217,217,0
1920,TIMOTHY,8,8,0
1920,TOM,8,8,0
1920,TONY,10,10,0
1920,UMBERTO,5,5,0
1920,URBAN,5,5,0
1920,VERNE,5,5,0
1920,VERNON,80,80,0
1920,VICTOR,128,128,0
1920,VINCENT,66,66,0
1920,VINCENZO,12,12,0
1920,WALLACE,76,76,0
1920,WALTER,394,394,0
1920,WARD,6,6,0
1920,WARREN,20,20,0
1920,TERRENCE,6,6,0
1920,WELDON,6,6,0
1920,WELLINGTON,9,9,0
1920,WESLEY,42,42,0
1920,WILBERT,64,64,0
1920,WILBUR,15,15,0
1920,WILFORD,17,17,0
1920,SHERWOOD,5,5,0
1920,JAMES,1412,1412,0
1920,SCOTT,6,6,0
1920,SAMUEL,125,125,0
1920,RAPHAEL,5,5,0
1920,RAOUL,7,7,0
1920,RALPH,170,170,0
1920,RAE,7,7,0
1920,PHILLIP,14,14,0
1920,PHILIP,79,79,0
1920,PETRO,5,5,0
1920,PETER,141,141,0
1920,PETE,8,8,0
1920,RAY,40,40,0
1920,PERCY,90,90,0
1920,PAUL,139,139,0
1920,PATRICK,89,89,0
1920,PASQUALE,6,6,0
1920,OWEN,24,24,0
1920,OSWALD,11,11,0
1920,OSCAR,39,39,0
1920,ORVILLE,29,29,0
1920,ORVIL,6,6,0
1920,ORVAL,35,35,0
1920,PERCIVAL,13,13,0
1920,RAYMOND,208,208,0
1920,REGINALD,131,131,0
1920,RENE,29,29,0
1920,SAM,19,19,0
1920,SALVATORE,13,13,0
1920,RUSSELL,162,162,0
1920,RUSSEL,49,49,0
1920,RUPERT,6,6,0
1920,ROYCE,6,6,0
1920,ROYAL,6,6,0
1920,ROY,333,333,0
1920,ROSS,97,97,0
1920,RONALD,183,183,0
1920,ROMEO,15,15,0
1920,ROLLAND,9,9,0
1920,ROLAND,36,36,0
1920,ROGER,34,34,0
1920,RODOLPHE,5,5,0
1920,RODNEY,5,5,0
1920,RODERICK,17,17,0
1920,ROCCO,9,9,0
1920,RICHARD,224,224,0
1920,REX,5,5,0
1920,REUBEN,15,15,0
1920,SANFORD,5,5,0
1920,JACQUES,10,10,0
1920,JACOB,25,25,0
1920,JACKIE,6,6,0
1920,CLARK,10,10,0
1920,CLARENCE,240,240,0
1920,CLARE,17,17,0
1920,CLARANCE,15,15,0
1920,CHRISTOPHER,11,11,0
1920,CHESTER,42,42,0
1920,CHARLIE,18,18,0
1920,CECIL,149,149,0
1920,CARMEN,9,9,0
1920,CLARKE,5,5,0
1920,CARMAN,18,18,0
1920,CARL,97,97,0
1920,CAMPBELL,5,5,0
1920,CAMERON,11,11,0
1920,CALVIN,13,13,0
1920,BYRON,5,5,0
1920,BURTON,10,10,0
1920,BRUNO,8,8,0
1920,BRUCE,130,130,0
1920,BRIAN,7,7,0
1920,CARLYLE,5,5,0
1920,CLAUDE,40,40,0
1920,CLAYTON,56,56,0
1920,CLEMENT,10,10,0
1920,DOUGLAS,372,372,0
1920,DONAT,6,6,0
1920,DONALD,774,774,0
1920,DOMINIC,9,9,0
1920,DESMOND,12,12,0
1920,DEREK,5,5,0
1920,DENNIS,22,22,0
1920,DENIS,11,11,0
1920,DELBERT,21,21,0
1920,DEAN,5,5,0
1920,DAVID,336,336,0
1920,DANIEL,88,88,0
1920,DALTON,15,15,0
1920,CYRIL,50,50,0
1920,CORNELIUS,5,5,0
1920,CONRAD,6,6,0
1920,COLIN,22,22,0
1920,CLYDE,7,7,0
1920,CLINTON,13,13,0
1920,CLIFTON,13,13,0
1920,CLIFFORD,222,222,0
1920,BLAKE,10,10,0
1920,DOUGLASS,5,5,0
1920,BILLY,11,11,0
1920,BEVERLY,8,8,0
1920,ALVIN,78,78,0
1920,ALTON,5,5,0
1920,ALPHONSE,14,14,0
1920,ALMER,5,5,0
1920,ALLEN,83,83,0
1920,ALLAN,149,149,0
1920,ALFRED,260,260,0
1920,ALEXANDER,236,236,0
1920,ALEX,28,28,0
1920,AMBROSE,18,18,0
1920,ALEC,5,5,0
1920,ALCIDE,5,5,0
1920,ALBERT,502,502,0
1920,ALAN,54,54,0
1920,ADRIAN,5,5,0
1920,ADELARD,10,10,0
1920,ADAM,12,12,0
1920,ABRAM,6,6,0
1920,ABRAHAM,26,26,0
1920,AARON,6,6,0
1920,ALDEN,8,8,0
1920,AMOS,7,7,0
1920,ANDREW,93,93,0
1920,ANGELO,11,11,0
1920,BERTRAM,28,28,0
1920,BERT,16,16,0
1920,BERNARD,115,115,0
1920,BENNY,7,7,0
1920,BENNIE,7,7,0
1920,BENJAMIN,41,41,0
1920,BASIL,26,26,0
1920,BARRY,11,11,0
1920,AUSTIN,20,20,0
1920,AUGUST,8,8,0
1920,AUBREY,28,28,0
1920,ARTHUR,569,569,0
1920,ARNOLD,90,90,0
1920,ARMAND,17,17,0
1920,ARCHIE,45,45,0
1920,ARCHIBALD,47,47,0
1920,ANTONY,5,5,0
1920,ANTONIO,17,17,0
1920,ANTOINE,7,7,0
1920,ANTHONY,41,41,0
1920,ANGUS,32,32,0
1920,BILLIE,9,9,0
1920,THOMAS,707,707,0
1920,DUDLEY,5,5,0
1920,EARL,228,228,0
1920,HARTLEY,7,7,0
1920,HARRY,342,342,0
1920,HARRISON,5,5,0
1920,HARRIS,7,7,0
1920,HAROLD,662,662,0
1920,HARLEY,14,14,0
1920,GUY,6,6,0
1920,GUISEPPE,9,9,0
1920,GREGORY,8,8,0
1920,HARVEY,126,126,0
1920,GRANT,28,28,0
1920,PEARL,159,0,159
1920,GORDON,637,637,0
1920,GORDEN,7,7,0
1920,GLENN,19,19,0
1920,GLEN,49,49,0
1920,GILBERT,58,58,0
1920,GERARD,29,29,0
1920,GERALD,232,232,0
1920,GEORGE,1337,1337,0
1920,GRAHAM,14,14,0
1920,HECTOR,27,27,0
1920,HENRI,11,11,0
1920,HENRY,253,253,0
1920,JACK,345,345,0
1920,IVAN,65,65,0
1920,ISRAEL,9,9,0
1920,ISADORE,12,12,0
1920,ISAAC,9,9,0
1920,IRWIN,17,17,0
1920,IRVING,13,13,0
1920,IRVINE,11,11,0
1920,IRVIN,9,9,0
1920,IRA,12,12,0
1920,IAN,26,26,0
1920,HYMAN,5,5,0
1920,HUGH,127,127,0
1920,HUBERT,27,27,0
1920,HOWARD,261,261,0
1920,HORACE,33,33,0
1920,HOMER,17,17,0
1920,HILTON,7,7,0
1920,HILLIARD,5,5,0
1920,HERMAN,21,21,0
1920,HERBERT,230,230,0
1920,GEOGE,5,5,0
1920,DUNCAN,35,35,0
1920,GEOFFREY,16,16,0
1920,GARNET,53,53,0
1920,ELTON,7,7,0
1920,ELROY,6,6,0
1920,ELMO,6,6,0
1920,ELMER,86,86,0
1920,ELLWOOD,7,7,0
1920,ELLIS,10,10,0
1920,ELIE,6,6,0
1920,ELI,7,7,0
1920,ELGIN,13,13,0
1920,ELWOOD,20,20,0
1920,ELDON,20,20,0
1920,EDWIN,130,130,0
1920,EDWARD,558,558,0
1920,EDOUARD,6,6,0
1920,EDMUND,49,49,0
1920,EDMOND,16,16,0
1920,EDGAR,68,68,0
1920,EDDIE,6,6,0
1920,EARNEST,28,28,0
1920,EARLE,24,24,0
1920,ELDEN,5,5,0
1920,EMERSON,14,14,0
1920,EMIL,6,6,0
1920,EMILE,7,7,0
1920,GARFIELD,14,14,0
1920,GABRIEL,5,5,0
1920,FREEMAN,5,5,0
1920,FREDRICK,59,59,0
1920,FREDERICK,497,497,0
1920,FREDERIC,16,16,0
1920,FRED,40,40,0
1920,FRANKLIN,48,48,0
1920,FRANK,283,283,0
1920,FRANCESCO,7,7,0
1920,FORD,5,5,0
1920,FLOYD,40,40,0
1920,FERNAND,10,10,0
1920,FERDINAND,9,9,0
1920,FELIX,12,12,0
1920,EWART,9,9,0
1920,EVERETT,30,30,0
1920,EVAN,9,9,0
1920,EUGENE,74,74,0
1920,ERNEST,285,285,0
1920,ERIC,92,92,0
1920,GARNETT,5,5,0
1920,THEODORE,38,38,0
1921,ENID,35,0,35
1921,PHILLIS,17,0,17
1921,ADELE,12,0,12
1921,ADELAIDE,14,0,14
1921,ADA,82,0,82
1921,ESTELLA,13,0,13
1921,ESTELLE,9,0,9
1921,ESTER,9,0,9
1921,ESTHER,74,0,74
1921,ETHEL,263,0,263
1921,ADELINE,21,0,21
1921,ETTA,12,0,12
1921,EULA,6,0,6
1921,EUNICE,41,0,41
1921,EUPHEMIA,7,0,7
1921,EVA,202,0,202
1921,EVANGELINE,7,0,7
1921,EVE,6,0,6
1921,EVELIN,8,0,8
1921,EVELINE,16,0,16
1921,ETTIE,6,0,6
1921,EVELYN,374,0,374
1921,AGNES,192,0,192
1921,ALBERTA,21,0,21
1921,ANNETTA,6,0,6
1921,ANNE,58,0,58
1921,ANNA,213,0,213
1921,ANN,24,0,24
1921,ANITA,25,0,25
1921,ANGELINA,20,0,20
1921,ANGELA,9,0,9
1921,AMY,33,0,33
1921,AILEEN,43,0,43
1921,AMELIA,13,0,13
1921,ALVA,6,0,6
1921,ALTA,12,0,12
1921,ALMA,110,0,110
1921,ALINE,13,0,13
1921,ALICE,386,0,386
1921,ALETHA,6,0,6
1921,ALDA,9,0,9
1921,ALBINA,7,0,7
1921,ALVINA,6,0,6
1921,EVELYNE,6,0,6
1921,FANNIE,8,0,8
1921,FANNY,7,0,7
1921,GRACE,303,0,303
1921,GRETA,22,0,22
1921,GRETTA,6,0,6
1921,GWENDOLINE,30,0,30
1921,GWENDOLYN,53,0,53
1921,GWENDOLYNE,6,0,6
1921,HANNAH,14,0,14
1921,HARRIET,34,0,34
1921,GOLDIE,15,0,15
1921,HARRIETT,10,0,10
1921,HAZEL,232,0,232
1921,HELEN,1077,0,1077
1921,HELENA,42,0,42
1921,HELENE,16,0,16
1921,HELLEN,28,0,28
1921,HENRIETTA,6,0,6
1921,HESTER,6,0,6
1921,HILDA,159,0,159
1921,HATTIE,8,0,8
1921,GLORIA,31,0,31
1921,GERTRUDE,188,0,188
1921,GERTIE,9,0,9
1921,FERN,18,0,18
1921,FERNANDE,6,0,6
1921,FERNE,10,0,10
1921,FLORA,55,0,55
1921,FLORANCE,17,0,17
1921,FLORENCE,497,0,497
1921,FLOSSIE,15,0,15
1921,FRANCES,339,17,322
1921,FRANCIS,445,355,90
1921,FREDA,49,0,49
1921,FREIDA,8,0,8
1921,FRIEDA,7,0,7
1921,GABRIELLE,11,0,11
1921,GENEVIEVE,19,0,19
1921,GEORGETTE,10,0,10
1921,GEORGIA,6,0,6
1921,GEORGINA,34,0,34
1921,GERALDINE,68,0,68
1921,GERMAINE,11,0,11
1921,ANNETTE,15,0,15
1921,ANNIE,407,0,407
1921,ANTOINETTE,12,0,12
1921,AUDREY,351,0,351
1921,EFFIE,16,0,16
1921,EDYTHE,14,0,14
1921,EDNA,360,0,360
1921,EDITH,390,0,390
1921,DORTHY,50,0,50
1921,DORRIS,8,0,8
1921,DOROTHY,1240,7,1233
1921,DOROTHEA,38,0,38
1921,EILEEN,194,0,194
1921,DORIS,556,0,556
1921,DORETHY,7,0,7
1921,DOREEN,68,0,68
1921,DORCAS,6,0,6
1921,DORATHY,12,0,12
1921,DORAS,6,0,6
1921,DORA,87,0,87
1921,DONNA,22,0,22
1921,DONALDA,16,0,16
1921,DORINE,9,0,9
1921,EILLEEN,6,0,6
1921,ELAINE,24,0,24
1921,ELDA,13,0,13
1921,ENA,6,0,6
1921,EMMA,77,0,77
1921,EMILY,64,0,64
1921,EMILIA,11,0,11
1921,ELVIRA,6,0,6
1921,ELVA,46,0,46
1921,ELSIE,222,0,222
1921,ELSA,8,0,8
1921,ELMA,21,0,21
1921,ELLENOR,8,0,8
1921,ELLEN,113,0,113
1921,ELLA,89,0,89
1921,ELIZABETH,423,0,423
1921,ELIZA,17,0,17
1921,ELINORE,6,0,6
1921,ELINOR,18,0,18
1921,ELENOR,7,0,7
1921,ELENA,8,0,8
1921,ELEANOR,205,0,205
1921,DOLORES,13,0,13
1921,HOPE,7,0,7
1921,DIANA,18,0,18
1921,DELIA,9,0,9
1921,CARMEL,9,0,9
1921,BRIDGET,13,0,13
1921,BLANCHE,64,0,64
1921,BEVERLEY,22,10,12
1921,BEULAH,21,0,21
1921,BETTY,249,0,249
1921,BETTINA,6,0,6
1921,BESSIE,84,0,84
1921,CARMELA,7,0,7
1921,BERYL,26,0,26
1921,BERNIECE,8,0,8
1921,BERNICE,135,0,135
1921,BERNADETTE,17,0,17
1921,BELLA,13,0,13
1921,BEATRICE,252,0,252
1921,BARBARA,171,0,171
1921,AURORE,10,0,10
1921,AUDRY,19,0,19
1921,BERTHA,112,0,112
1921,CAROL,10,0,10
1921,CAROLINE,31,0,31
1921,CARRIE,9,0,9
1921,DAPHNE,9,0,9
1921,DAISY,39,0,39
1921,CORINNE,8,0,8
1921,CORA,39,0,39
1921,CONSTANCE,102,0,102
1921,CLAUDIA,10,0,10
1921,CLARICE,9,0,9
1921,CLARA,132,0,132
1921,CLAIRE,24,7,17
1921,CHRISTINE,9,0,9
1921,CHRISTINA,43,0,43
1921,CHRISTENA,13,0,13
1921,CHARLOTTE,67,0,67
1921,CELIA,6,0,6
1921,CECILIA,33,0,33
1921,CECILE,40,0,40
1921,CECELIA,14,0,14
1921,CATHERINE,232,0,232
1921,CATHARINE,56,0,56
1921,DELLA,16,0,16
1921,ERMA,39,0,39
1921,IDA,130,0,130
1921,ILEAN,6,0,6
1921,MARGORY,9,0,9
1921,MARGRET,25,0,25
1921,MARGRETT,6,0,6
1921,MARGUERIT,7,0,7
1921,MARGUERITE,192,0,192
1921,MARGURITE,7,0,7
1921,MARIA,94,0,94
1921,MARIAN,76,0,76
1921,MARGORIE,8,0,8
1921,MARIANNE,7,0,7
1921,MARION,502,5,497
1921,MARJORIE,414,0,414
1921,MARJORY,116,0,116
1921,MARTHA,64,0,64
1921,MARY,2404,8,2396
1921,MATILDA,16,0,16
1921,MAUD,16,0,16
1921,MAUDE,8,0,8
1921,MARIE,1330,5,1325
1921,MAVIS,16,0,16
1921,MARGIE,8,0,8
1921,MARGERITE,6,0,6
1921,LYLA,7,0,7
1921,M,912,7,905
1921,MABEL,162,0,162
1921,MABLE,37,0,37
1921,MADALINE,10,0,10
1921,MADELEINE,11,0,11
1921,MADELINE,83,0,83
1921,MADGE,9,0,9
1921,MARGERY,46,0,46
1921,MAE,15,0,15
1921,MAJORIE,6,0,6
1921,MAMIE,11,0,11
1921,MARCELLA,14,0,14
1921,MARCIA,6,0,6
1921,MARGARET,1719,0,1719
1921,MARGARETT,7,0,7
1921,MARGARETTE,9,0,9
1921,MARGARITE,8,0,8
1921,MAGGIE,19,0,19
1921,MAXINE,17,0,17
1921,MAY,80,0,80
1921,MELBA,17,0,17
1921,NORAH,32,0,32
1921,NOREEN,27,0,27
1921,NORENE,6,0,6
1921,NORINE,11,0,11
1921,NORMA,223,5,218
1921,OLGA,56,0,56
1921,OLIVE,218,0,218
1921,OPAL,7,0,7
1921,NORA,83,0,83
1921,ORA,6,0,6
1921,ORPHA,11,0,11
1921,PANSY,7,0,7
1921,PATRICIA,140,0,140
1921,PAULINA,8,0,8
1921,PAULINE,76,0,76
1921,PEARL,148,0,148
1921,PEGGY,11,0,11
1921,PHILIS,6,0,6
1921,ORMA,15,0,15
1921,NINA,23,0,23
1921,NETTIE,16,0,16
1921,NELLIE,107,0,107
1921,MELINDA,8,0,8
1921,MERLE,15,0,15
1921,MILDRED,369,0,369
1921,MILLICENT,10,0,10
1921,MILLIE,7,0,7
1921,MINA,10,0,10
1921,MINERVA,7,0,7
1921,MINNIE,51,0,51
1921,MIRIAM,29,0,29
1921,MOLLY,12,0,12
1921,MONA,39,0,39
1921,MONICA,18,0,18
1921,MURIAL,8,0,8
1921,MURIEL,315,0,315
1921,MYRA,12,0,12
1921,MYRTLE,171,0,171
1921,NANCY,33,0,33
1921,NAOMI,15,0,15
1921,NELDA,7,0,7
1921,LYDIA,22,0,22
1921,LULU,13,0,13
1921,LUELLA,22,0,22
1921,LUCY,52,0,52
1921,JEANNE,49,0,49
1921,JEANNETTE,17,0,17
1921,JEANNIE,6,0,6
1921,JENNIE,75,0,75
1921,JENNY,11,0,11
1921,JESSIE,145,0,145
1921,JOAN,102,0,102
1921,JOHANNA,9,0,9
1921,JEANIE,13,0,13
1921,JOHN,2719,2705,14
1921,JOSEPHINE,82,0,82
1921,JOY,9,0,9
1921,JOYCE,111,0,111
1921,JUANITA,10,0,10
1921,JULIA,46,0,46
1921,JULIETTE,15,0,15
1921,JUNE,121,0,121
1921,KATE,10,0,10
1921,JOSEPH,1907,1899,8
1921,JEANETTE,17,0,17
1921,JEANE,8,0,8
1921,JEAN,741,104,637
1921,ILENE,15,0,15
1921,INA,35,0,35
1921,INEZ,45,0,45
1921,IONA,10,0,10
1921,IRENE,367,0,367
1921,IRIS,37,0,37
1921,IRMA,36,0,36
1921,ISABEL,73,0,73
1921,ISABELL,20,0,20
1921,ISABELLA,56,0,56
1921,ISABELLE,26,0,26
1921,ISOBEL,44,0,44
1921,IVA,28,0,28
1921,IVY,50,0,50
1921,JACQUELINE,26,0,26
1921,JAMES,1384,1375,9
1921,JANE,61,0,61
1921,JANET,69,0,69
1921,JEA,9,0,9
1921,KATHALEEN,15,0,15
1921,ILA,21,0,21
1921,KATHARINE,20,0,20
1921,KATHERINE,54,0,54
1921,LIZZIE,6,0,6
1921,LOIS,132,0,132
1921,LOLA,18,0,18
1921,LORAINE,17,0,17
1921,LOREEN,6,0,6
1921,LORENA,7,0,7
1921,LORETTA,39,0,39
1921,LORETTE,6,0,6
1921,LINA,13,0,13
1921,LORNA,60,0,60
1921,LOTTIE,26,0,26
1921,LOUISA,32,0,32
1921,LOUISE,37,0,37
1921,LUCIA,9,0,9
1921,LUCIENNE,11,0,11
1921,LUCILE,9,0,9
1921,LUCILLE,32,0,32
1921,LUCINDA,6,0,6
1921,LORRAINE,33,0,33
1921,LILY,57,0,57
1921,LILLY,14,0,14
1921,LILLIE,15,0,15
1921,KATHLEEN,368,0,368
1921,KATHRYN,19,0,19
1921,KATIE,15,0,15
1921,LAURA,142,0,142
1921,LAURETTA,12,0,12
1921,LAURETTE,12,0,12
1921,LAVINA,8,0,8
1921,LEA,7,0,7
1921,LEAH,10,0,10
1921,LEILA,11,0,11
1921,LELA,12,0,12
1921,LENA,56,0,56
1921,LENORA,7,0,7
1921,LEOLA,6,0,6
1921,LEONA,68,0,68
1921,LEONE,8,0,8
1921,LILA,38,0,38
1921,LILIAN,80,0,80
1921,LILLIAN,325,0,325
1921,KATHELEEN,10,0,10
1921,GLADYS,359,0,359
1921,WILFORD,10,10,0
1921,WRAY,10,10,0
1921,EMERY,8,8,0
1921,EMIL,5,5,0
1921,EMILE,14,14,0
1921,ENRICO,5,5,0
1921,ERIC,77,77,0
1921,ERNEST,297,297,0
1921,ERNIE,5,5,0
1921,ERVIN,5,5,0
1921,EUGENE,58,58,0
1921,EVAN,12,12,0
1921,EVERETT,27,27,0
1921,EWEN,5,5,0
1921,FELIX,17,17,0
1921,FERGUS,5,5,0
1921,FERNAND,13,13,0
1921,FLOYD,37,37,0
1921,FORBES,6,6,0
1921,FRANCOIS,7,7,0
1921,FRANK,285,285,0
1921,FRANKLIN,38,38,0
1921,FRASER,5,5,0
1921,FRED,61,61,0
1921,FREDERIC,13,13,0
1921,EMERSON,24,24,0
1921,FREDERICK,431,431,0
1921,ELWOOD,22,22,0
1921,ELVIN,10,10,0
1921,DOUGLASS,6,6,0
1921,DUDLEY,7,7,0
1921,DUNCAN,32,32,0
1921,EARL,236,236,0
1921,EARLE,18,18,0
1921,EARNEST,31,31,0
1921,EDDIE,9,9,0
1921,EDGAR,79,79,0
1921,EDMOND,21,21,0
1921,EDMUND,33,33,0
1921,EDOUARD,5,5,0
1921,EDWARD,532,532,0
1921,EDWIN,114,114,0
1921,ELDEN,5,5,0
1921,ELDON,20,20,0
1921,ELGIN,8,8,0
1921,ELLARD,8,8,0
1921,ELLIOTT,8,8,0
1921,ELLIS,5,5,0
1921,ELLWOOD,17,17,0
1921,ELMER,109,109,0
1921,ELMORE,6,6,0
1921,ELTON,5,5,0
1921,ELWIN,9,9,0
1921,DOUGLAS,427,427,0
1921,FREDRICK,67,67,0
1921,GABRIEL,6,6,0
1921,HARRISON,8,8,0
1921,HARRY,337,337,0
1921,HARVEY,121,121,0
1921,HECTOR,28,28,0
1921,HENRI,21,21,0
1921,HENRY,239,239,0
1921,HERBERT,237,237,0
1921,HERMAN,25,25,0
1921,HILLIARD,7,7,0
1921,HILTON,7,7,0
1921,HIRAM,8,8,0
1921,HOMER,10,10,0
1921,HORACE,38,38,0
1921,HOWARD,251,251,0
1921,HUBERT,40,40,0
1921,HUGH,134,134,0
1921,HYMAN,9,9,0
1921,IAN,25,25,0
1921,IRA,9,9,0
1921,IRVIN,15,15,0
1921,IRVINE,6,6,0
1921,IRVING,18,18,0
1921,IRWIN,17,17,0
1921,HAROLD,683,683,0
1921,FREEMAN,8,8,0
1921,HARLEY,9,9,0
1921,GUISEPPE,8,8,0
1921,GARFIELD,8,8,0
1921,GARLAND,6,6,0
1921,GARNET,50,50,0
1921,GEOFFREY,12,12,0
1921,GEORGE,1248,1248,0
1921,GEORGES,8,8,0
1921,GERALD,270,270,0
1921,GERARD,36,36,0
1921,GILBERT,57,57,0
1921,GINO,8,8,0
1921,GIOVANNI,10,10,0
1921,GIRARD,6,6,0
1921,GLEN,54,54,0
1921,GLENN,16,16,0
1921,GLENWOOD,7,7,0
1921,GODFREY,5,5,0
1921,GORDEN,15,15,0
1921,GORDON,620,620,0
1921,GRAHAM,11,11,0
1921,GRANT,39,39,0
1921,GREGORY,6,6,0
1921,GRENVILLE,11,11,0
1921,GUIDO,5,5,0
1921,GUY,11,11,0
1921,DONAT,11,11,0
1921,DONALD,824,824,0
1921,DON,6,6,0
1921,ANGUS,47,47,0
1921,ANTHONY,48,48,0
1921,ANTOINE,16,16,0
1921,ANTONIO,23,23,0
1921,ARCHIBALD,51,51,0
1921,ARCHIE,40,40,0
1921,ARMAND,19,19,0
1921,ARMANDO,7,7,0
1921,ARNOLD,82,82,0
1921,ARNOTT,5,5,0
1921,ARTHUR,516,516,0
1921,AUBREY,20,20,0
1921,AUGUST,6,6,0
1921,AUSTIN,25,25,0
1921,BARRY,7,7,0
1921,BASIL,31,31,0
1921,BENEDICT,6,6,0
1921,BENJAMIN,28,28,0
1921,BENNY,6,6,0
1921,BERNARD,139,139,0
1921,BERT,18,18,0
1921,BERTRAM,28,28,0
1921,BEVERLY,13,13,0
1921,ANGELO,10,10,0
1921,BILL,7,7,0
1921,ANDREW,126,126,0
1921,AMOS,5,5,0
1921,ABRAHAM,32,32,0
1921,ADAM,14,14,0
1921,ADELARD,8,8,0
1921,ADOLPH,5,5,0
1921,ADRIAN,10,10,0
1921,ADRIEN,5,5,0
1921,AIME,9,9,0
1921,ALAN,48,48,0
1921,ALBERT,518,518,0
1921,ALBERTO,6,6,0
1921,ALCIDE,5,5,0
1921,ALDO,8,8,0
1921,ALEC,5,5,0
1921,ALEX,17,17,0
1921,ALEXANDER,193,193,0
1921,ALFRED,266,266,0
1921,ALFREDO,5,5,0
1921,ALLAN,174,174,0
1921,ALLEN,94,94,0
1921,ALPHONSE,19,19,0
1921,ALTON,7,7,0
1921,ALVIN,89,89,0
1921,AMBROSE,11,11,0
1921,ANDRE,6,6,0
1921,BILLIE,8,8,0
1921,BILLY,9,9,0
1921,BOYD,5,5,0
1921,CLIFTON,13,13,0
1921,CLINTON,14,14,0
1921,CLYDE,13,13,0
1921,COLIN,23,23,0
1921,CONRAD,5,5,0
1921,CORNELIUS,10,10,0
1921,CRAWFORD,6,6,0
1921,CURTIS,7,7,0
1921,CYRIL,54,54,0
1921,DALTON,21,21,0
1921,DAN,6,6,0
1921,DANIEL,84,84,0
1921,DARCY,5,5,0
1921,DAVID,347,347,0
1921,DEAN,9,9,0
1921,DELBERT,20,20,0
1921,DELMAR,7,7,0
1921,DELMER,12,12,0
1921,DENIS,8,8,0
1921,DENNIS,31,31,0
1921,DESMOND,12,12,0
1921,DINO,5,5,0
1921,DOMINIC,9,9,0
1921,CLIFFORD,239,239,0
1921,CLEMENT,8,8,0
1921,CLAYTON,53,53,0
1921,CLAUDE,41,41,0
1921,BRIAN,5,5,0
1921,BRUCE,141,141,0
1921,BRUNO,9,9,0
1921,BRYCE,5,5,0
1921,BURTON,20,20,0
1921,BYRON,7,7,0
1921,CALVIN,27,27,0
1921,CAMERON,24,24,0
1921,CAMPBELL,10,10,0
1921,CARL,109,109,0
1921,CARLTON,5,5,0
1921,ISAAC,19,19,0
1921,CARMAN,15,15,0
1921,CARSON,6,6,0
1921,CECIL,158,158,0
1921,CHARLES,828,828,0
1921,CHARLIE,17,17,0
1921,CHESTER,27,27,0
1921,CHRISTOPHER,15,15,0
1921,CLAIR,5,5,0
1921,CLARANCE,11,11,0
1921,CLARE,17,17,0
1921,CLARENCE,223,223,0
1921,CLAUD,7,7,0
1921,CARMEN,14,14,0
1921,PHYLISS,7,0,7
1921,ISADORE,10,10,0
1921,IVAN,83,83,0
1921,ROGER,38,38,0
1921,ROLAND,46,46,0
1921,ROLLAND,16,16,0
1921,ROMEO,17,17,0
1921,RONALD,195,195,0
1921,ROSCOE,5,5,0
1921,ROSS,144,144,0
1921,ROWLAND,6,6,0
1921,ROY,335,335,0
1921,ROYAL,11,11,0
1921,RUBEN,5,5,0
1921,RUSSEL,51,51,0
1921,RUSSELL,173,173,0
1921,SALVATORE,14,14,0
1921,SAM,16,16,0
1921,SAMUEL,136,136,0
1921,SANFORD,5,5,0
1921,SCOTT,5,5,0
1921,SHELDON,5,5,0
1921,SHERMAN,5,5,0
1921,SIDNEY,68,68,0
1921,SIMEON,5,5,0
1921,SIMON,8,8,0
1921,RODNEY,7,7,0
1921,SOLOMON,11,11,0
1921,RODERICK,13,13,0
1921,ROBET,5,5,0
1921,PAUL,134,134,0
1921,PERCIVAL,17,17,0
1921,PERCY,75,75,0
1921,PETE,7,7,0
1921,PETER,175,175,0
1921,PHILIP,91,91,0
1921,PHILIPPE,5,5,0
1921,PHILLIP,17,17,0
1921,PIERRE,12,12,0
1921,PIETRO,9,9,0
1921,RAE,5,5,0
1921,RALPH,165,165,0
1921,RANDOLPH,5,5,0
1921,RAOUL,7,7,0
1921,RAY,37,37,0
1921,RAYMOND,248,248,0
1921,REAL,10,10,0
1921,REGINALD,115,115,0
1921,RENE,23,23,0
1921,REUBEN,7,7,0
1921,REX,8,8,0
1921,RICHARD,233,233,0
1921,ROBERT,1386,1386,0
1921,ROCCO,9,9,0
1921,PATRICK,106,106,0
1921,SPENCER,5,5,0
1921,STANLY,5,5,0
1921,VITTORIO,6,6,0
1921,WALLACE,96,96,0
1921,WALTER,375,375,0
1921,WARD,7,7,0
1921,WARREN,39,39,0
1921,WASYL,7,7,0
1921,WELLINGTON,12,12,0
1921,WESLEY,48,48,0
1921,WILBERT,75,75,0
1921,WILBUR,8,8,0
1921,PHOEBE,8,0,8
1921,WILFRED,188,188,0
1921,WILFRID,37,37,0
1921,WILLAIM,5,5,0
1921,WILLARD,29,29,0
1921,WILLIA,5,5,0
1921,WILLIE,21,21,0
1921,WILLIS,24,24,0
1921,WILMER,12,12,0
1921,WILMOT,10,10,0
1921,WILSON,16,16,0
1921,WLLIAM,7,7,0
1921,WOODROW,7,7,0
1921,VINCENZO,7,7,0
1921,STANLEY,248,248,0
1921,VINCENT,74,74,0
1921,VERNON,83,83,0
1921,STEPHEN,58,58,0
1921,STEVE,24,24,0
1921,STEVEN,6,6,0
1921,STEWART,46,46,0
1921,STUART,32,32,0
1921,SYDNEY,36,36,0
1921,SYLVESTER,11,11,0
1921,TAUNO,6,6,0
1921,TEDDY,10,10,0
1921,TERENCE,12,12,0
1921,TERRANCE,7,7,0
1921,TERRENCE,10,10,0
1921,THEODORE,31,31,0
1921,THOMAS,746,746,0
1921,TIMOTHY,7,7,0
1921,TOIVO,5,5,0
1921,TOM,9,9,0
1921,TONY,10,10,0
1921,TREVOR,7,7,0
1921,TRUMAN,6,6,0
1921,VALENTINE,5,5,0
1921,VERN,5,5,0
1921,VERNE,8,8,0
1921,VICTOR,131,131,0
1921,OWEN,12,12,0
1921,OVILA,7,7,0
1921,OTTO,8,8,0
1921,LEONARD,213,213,0
1921,LEOPOLD,8,8,0
1921,LEROY,14,14,0
1921,LESLIE,115,115,0
1921,LESTER,20,20,0
1921,LEVI,6,6,0
1921,LEWIS,61,61,0
1921,LINDSAY,8,8,0
1921,LIONEL,44,44,0
1921,LLOYD,324,324,0
1921,LORENZO,6,6,0
1921,LORNE,151,151,0
1921,LOUIE,7,7,0
1921,LOUIS,141,141,0
1921,LOYD,34,34,0
1921,LUCIEN,22,22,0
1921,LUIGI,15,15,0
1921,LYLE,30,30,0
1921,MAC,5,5,0
1921,MACK,5,5,0
1921,MALCOLM,44,44,0
1921,MALCOM,6,6,0
1921,MANLEY,5,5,0
1921,LEON,34,34,0
1921,MANLY,5,5,0
1921,LEO,127,127,0
1921,LENARD,14,14,0
1921,IVOR,8,8,0
1921,J,936,936,0
1921,JACK,332,332,0
1921,JACKIE,7,7,0
1921,JACOB,27,27,0
1921,JEROME,18,18,0
1921,JESSE,7,7,0
1921,JOE,23,23,0
1921,JOSEH,13,13,0
1921,JULES,7,7,0
1921,JULIAN,9,9,0
1921,JULIEN,6,6,0
1921,JULIUS,11,11,0
1921,KARL,16,16,0
1921,KEITH,61,61,0
1921,KENETH,7,7,0
1921,KENNETH,548,548,0
1921,LAURENCE,25,25,0
1921,LAVERN,5,5,0
1921,LAVERNE,7,7,0
1921,LAWRENCE,184,184,0
1921,LEE,9,9,0
1921,LELAND,6,6,0
1921,LENNARD,6,6,0
1921,MANUEL,5,5,0
1921,MARCEL,15,15,0
1921,MARIO,14,14,0
1921,MURRY,12,12,0
1921,NAPOLEON,7,7,0
1921,NATHAN,10,10,0
1921,NATHANIEL,5,5,0
1921,NEIL,36,36,0
1921,NELSON,38,38,0
1921,NEVILLE,5,5,0
1921,NEWTON,8,8,0
1921,NICHOLAS,40,40,0
1921,NICK,8,8,0
1921,NOEL,12,12,0
1921,NORBERT,5,5,0
1921,NORMAN,455,455,0
1921,OLIVER,32,32,0
1921,OMER,12,12,0
1921,ORLAND,7,7,0
1921,ORLANDO,5,5,0
1921,ORVAL,27,27,0
1921,ORVIL,8,8,0
1921,ORVILLE,29,29,0
1921,OSBORNE,7,7,0
1921,OSCAR,49,49,0
1921,OSWALD,5,5,0
1921,MURRAY,126,126,0
1921,MOSES,12,12,0
1921,MORTON,6,6,0
1921,MORRIS,54,54,0
1921,MARK,10,10,0
1921,MARSHALL,12,12,0
1921,MARTIN,50,50,0
1921,MARVIN,19,19,0
1921,MARWOOD,5,5,0
1921,MATHEW,11,11,0
1921,MATTHEW,14,14,0
1921,MAURICE,89,89,0
1921,MAX,44,44,0
1921,MAXWELL,16,16,0
1921,MAYNARD,8,8,0
1921,ISRAEL,9,9,0
1921,MELVILLE,44,44,0
1921,MERVIN,26,26,0
1921,MERVYN,17,17,0
1921,MICHAEL,158,158,0
1921,MICHEL,5,5,0
1921,MICHELE,6,6,0
1921,MIKE,29,29,0
1921,MILFORD,6,6,0
1921,MILTON,45,45,0
1921,MITCHELL,5,5,0
1921,MORGAN,7,7,0
1921,MORLEY,38,38,0
1921,MELVIN,61,61,0
1921,PHYLIS,37,0,37
1921,PHYLLIS,234,0,234
1921,QUEENIE,8,0,8
1921,SYBIL,12,0,12
1921,SYLVIA,57,0,57
1921,TERESA,31,0,31
1921,THELMA,249,0,249
1921,THERESA,36,0,36
1921,THERESE,26,0,26
1921,THORA,6,0,6
1921,TRESSA,7,0,7
1921,UNA,6,0,6
1921,URSULA,8,0,8
1921,VALERIE,7,0,7
1921,VELMA,72,0,72
1921,VERA,207,0,207
1921,VERNA,145,0,145
1921,SUSIE,9,0,9
1921,VERONICA,30,0,30
1921,VIDA,8,0,8
1921,VIOLA,112,0,112
1921,VIOLET,260,0,260
1921,VIRGINIA,59,0,59
1921,VIVIAN,58,0,58
1921,WILDA,9,0,9
1921,WILLA,7,0,7
1921,WILLIAM,2656,2646,10
1921,WILMA,41,0,41
1921,WINIFRED,43,0,43
1921,WINNIFRED,100,0,100
1921,YVETTE,23,0,23
1921,YVONNE,42,0,42
1921,RACHEL,28,0,28
1921,VICTORIA,47,0,47
1921,SUSANNAH,6,0,6
1921,WANDA,19,0,19
1921,STEPHANIA,9,0,9
1921,REBA,7,0,7
1921,SUSAN,21,0,21
1921,REBECCA,12,0,12
1921,REGINA,11,0,11
1921,REITA,6,0,6
1921,RENA,21,0,21
1921,RETTA,8,0,8
1921,RHEA,18,0,18
1921,RHODA,20,0,20
1921,RITA,192,0,192
1921,ROBERTA,15,0,15
1921,ROMA,12,0,12
1921,ROSA,17,0,17
1921,ROSALIE,10,0,10
1921,ROSALIND,8,0,8
1921,RETA,129,0,129
1921,ROSEMARY,16,0,16
1921,SOPHIE,14,0,14
1921,ROSE,147,0,147
1921,SOPHIA,20,0,20
1921,SHIRLEY,172,6,166
1921,STELLA,73,0,73
1921,SELMA,7,0,7
1921,SARAH,127,0,127
1921,SHEILA,18,0,18
1921,SADIE,35,0,35
1921,ROSETTA,7,0,7
1921,RUTH,539,0,539
1921,RUBY,203,0,203
1921,ROSINA,12,0,12
1921,SARA,12,0,12
1921,ROSIE,30,0,30
1922,ERIC,71,71,0
1922,EMILE,10,10,0
1922,EMIL,7,7,0
1922,EMERSON,8,8,0
1922,ELWOOD,20,20,0
1922,ELVIN,13,13,0
1922,ELMORE,6,6,0
1922,ELTON,8,8,0
1922,EMERY,7,7,0
1922,ERNEST,272,272,0
1922,FERNAND,11,11,0
1922,EVAN,8,8,0
1922,EVERETT,42,42,0
1922,EWART,8,8,0
1922,FELIX,15,15,0
1922,FLOYD,46,46,0
1922,FORBES,6,6,0
1922,FOSTER,6,6,0
1922,FRANCESCO,15,15,0
1922,ELMER,93,93,0
1922,FRANCOIS,8,8,0
1922,EUGENE,70,70,0
1922,ELLWOOD,6,6,0
1922,EARL,220,220,0
1922,ELIJAH,5,5,0
1922,FRANK,271,271,0
1922,DENNIS,24,24,0
1922,DESMOND,8,8,0
1922,DOMENICO,7,7,0
1922,DOMINIC,10,10,0
1922,DONALD,852,852,0
1922,DONAT,8,8,0
1922,DOUGLAS,377,377,0
1922,DUNCAN,31,31,0
1922,EARLE,23,23,0
1922,ELLIS,6,6,0
1922,EARNEST,40,40,0
1922,EDGAR,94,94,0
1922,EDMOND,26,26,0
1922,EDMUND,42,42,0
1922,EDOUARD,5,5,0
1922,EDWARD,532,532,0
1922,EDWIN,95,95,0
1922,ELDON,24,24,0
1922,ELDRIDGE,5,5,0
1922,ELGIN,12,12,0
1922,ELI,6,6,0
1922,EDDIE,7,7,0
1922,FRANKLIN,48,48,0
1922,WILSON,18,18,0
1922,FRED,54,54,0
1922,GORDON,647,647,0
1922,GRAHAM,11,11,0
1922,WRAY,6,6,0
1922,WLLIAM,13,13,0
1922,WINSTON,5,5,0
1922,DENIS,12,12,0
1922,WILMER,10,10,0
1922,WILLIS,21,21,0
1922,WILLIE,8,8,0
1922,WILLARD,32,32,0
1922,GORDEN,17,17,0
1922,WILFRID,29,29,0
1922,WILFORD,13,13,0
1922,WILBUR,12,12,0
1922,WILBERT,63,63,0
1922,WESLEY,61,61,0
1922,WELLINGTON,10,10,0
1922,WELDON,5,5,0
1922,WASYL,5,5,0
1922,WARREN,36,36,0
1922,WARD,9,9,0
1922,WALTER,337,337,0
1922,WILFRED,195,195,0
1922,FRASER,7,7,0
1922,GORDAN,6,6,0
1922,GLENN,36,36,0
1922,FREDERIC,8,8,0
1922,FREDERICK,390,390,0
1922,FREDRIC,6,6,0
1922,FREDRICK,94,94,0
1922,GABRIEL,9,9,0
1922,GARFIELD,6,6,0
1922,GARNET,53,53,0
1922,GARNETT,8,8,0
1922,GASTON,8,8,0
1922,GAVIN,5,5,0
1922,GODFREY,6,6,0
1922,GEOFFREY,7,7,0
1922,GEORGES,7,7,0
1922,GERALD,226,226,0
1922,GERARD,29,29,0
1922,GEROGE,7,7,0
1922,GILBERT,49,49,0
1922,GINO,9,9,0
1922,GIOVANNI,13,13,0
1922,GLEN,60,60,0
1922,GLENDON,5,5,0
1922,GLENFORD,5,5,0
1922,GEORGE,1233,1233,0
1922,DELMER,12,12,0
1922,CARLTON,5,5,0
1922,DEAN,7,7,0
1922,ALPHONSE,16,16,0
1922,ALTON,7,7,0
1922,ALVIN,69,69,0
1922,AMBROSE,12,12,0
1922,AMOS,9,9,0
1922,ANDRE,9,9,0
1922,ANDREW,85,85,0
1922,ANGELO,12,12,0
1922,ANGUS,29,29,0
1922,ANTHONY,46,46,0
1922,ALLEN,67,67,0
1922,ANTOINE,7,7,0
1922,ANTONY,6,6,0
1922,ARCHIBALD,33,33,0
1922,ARCHIE,35,35,0
1922,ARMAND,22,22,0
1922,ARMANDO,6,6,0
1922,ARNOLD,94,94,0
1922,ARTHUR,565,565,0
1922,AUBREY,19,19,0
1922,AURELE,8,8,0
1922,AUSTIN,22,22,0
1922,ANTONIO,25,25,0
1922,BARRY,5,5,0
1922,ALLAN,184,184,0
1922,ALFRED,230,230,0
1922,WILLIAM,2582,2569,13
1922,WILMA,53,0,53
1922,WINIFRED,62,0,62
1922,WINNIE,9,0,9
1922,WINNIFRED,96,0,96
1922,WINONA,8,0,8
1922,YETTA,6,0,6
1922,YOLANDA,8,0,8
1922,YVETTE,15,0,15
1922,YVONNE,43,0,43
1922,ALFREDO,7,7,0
1922,ZELLA,10,0,10
1922,ABRAHAM,18,18,0
1922,ADAM,17,17,0
1922,ADELARD,14,14,0
1922,ALAN,59,59,0
1922,ALBERT,443,443,0
1922,ALBERTO,7,7,0
1922,ALDO,6,6,0
1922,ALEC,7,7,0
1922,ALEX,27,27,0
1922,ALEXANDER,179,179,0
1922,GREGORY,12,12,0
1922,DELBERT,22,22,0
1922,BASIL,24,24,0
1922,BENEDICT,5,5,0
1922,CLARANCE,8,8,0
1922,CLARE,10,10,0
1922,CLARENCE,224,224,0
1922,CLARKE,5,5,0
1922,CLAUD,5,5,0
1922,CLAUDE,29,29,0
1922,CLAYTON,47,47,0
1922,CLEMENT,12,12,0
1922,CLIFFORD,201,201,0
1922,CLIFTON,11,11,0
1922,CHRISTOPHER,15,15,0
1922,CLINTON,12,12,0
1922,COLIN,32,32,0
1922,CONRAD,6,6,0
1922,CORNELIUS,5,5,0
1922,CRAIG,6,6,0
1922,CYRIL,63,63,0
1922,DALTON,22,22,0
1922,DAN,10,10,0
1922,DANIEL,91,91,0
1922,DARCY,5,5,0
1922,DAVID,322,322,0
1922,CLYDE,9,9,0
1922,BEN,5,5,0
1922,CHESTER,29,29,0
1922,CHARLEY,5,5,0
1922,BENJAMIN,30,30,0
1922,BENNY,5,5,0
1922,BERNARD,129,129,0
1922,BERT,16,16,0
1922,BERTRAM,15,15,0
1922,BILLIE,6,6,0
1922,BILLY,8,8,0
1922,BLAKE,5,5,0
1922,BRIAN,5,5,0
1922,BRUCE,158,158,0
1922,CHARLIE,11,11,0
1922,BRUNO,14,14,0
1922,BYRON,10,10,0
1922,CALVIN,11,11,0
1922,CAMERON,22,22,0
1922,CARL,109,109,0
1922,WALLACE,88,88,0
1922,CARMAN,21,21,0
1922,CARROLL,5,5,0
1922,CARSON,7,7,0
1922,CECIL,114,114,0
1922,CHARLES,713,713,0
1922,BURTON,13,13,0
1922,WAINO,5,5,0
1922,RUSSEL,33,33,0
1922,VINCENT,67,67,0
1922,LORNE,127,127,0
1922,LORENZO,6,6,0
1922,LLOYD,301,301,0
1922,LIONEL,30,30,0
1922,LEWIS,53,53,0
1922,LESTER,10,10,0
1922,LESLIE,149,149,0
1922,LESLEY,6,6,0
1922,LEROY,12,12,0
1922,LEOPOLD,11,11,0
1922,LOUIE,5,5,0
1922,LEONARD,227,227,0
1922,LEO,136,136,0
1922,LENORD,6,6,0
1922,LENARD,20,20,0
1922,LEE,6,6,0
1922,LAWRENCE,166,166,0
1922,LAVERNE,11,11,0
1922,LAURENT,7,7,0
1922,LAURENCE,30,30,0
1922,KEVIN,7,7,0
1922,KENNETH,585,585,0
1922,LEON,29,29,0
1922,KENETH,5,5,0
1922,LOUIS,134,134,0
1922,LOYDE,5,5,0
1922,MERVIN,33,33,0
1922,MELVIN,67,67,0
1922,MELVILLE,40,40,0
1922,MAXWELL,26,26,0
1922,MAX,34,34,0
1922,MAURICE,89,89,0
1922,MATTHEW,18,18,0
1922,MATHEW,7,7,0
1922,MARVIN,11,11,0
1922,MARTIN,26,26,0
1922,LOYD,29,29,0
1922,MARSHALL,15,15,0
1922,MARIO,6,6,0
1922,MARCEL,15,15,0
1922,MANUEL,7,7,0
1922,MALCOLM,40,40,0
1922,MACKENZIE,5,5,0
1922,MAC,6,6,0
1922,LYLE,33,33,0
1922,LUKE,5,5,0
1922,LUIGI,10,10,0
1922,LUCIEN,23,23,0
1922,MARK,8,8,0
1922,MERVYN,9,9,0
1922,KEITH,68,68,0
1922,JULIUS,11,11,0
1922,HUGO,7,7,0
1922,HUGHIE,5,5,0
1922,HUGH,134,134,0
1922,HUBERT,50,50,0
1922,HOWARD,226,226,0
1922,HORACE,22,22,0
1922,HOMER,5,5,0
1922,HILLIARD,6,6,0
1922,HERMAN,19,19,0
1922,HERBERT,203,203,0
1922,HYMAN,5,5,0
1922,HENRY,252,252,0
1922,HECTOR,27,27,0
1922,HARVIE,7,7,0
1922,HARVEY,116,116,0
1922,HARRY,357,357,0
1922,HARRIS,8,8,0
1922,HAROLD,652,652,0
1922,HARLEY,8,8,0
1922,GUY,12,12,0
1922,GUISEPPE,8,8,0
1922,GRENVILLE,8,8,0
1922,HENRI,18,18,0
1922,KARL,15,15,0
1922,HYMIE,6,6,0
1922,IRA,8,8,0
1922,JULIAN,5,5,0
1922,JOSHUA,5,5,0
1922,JOSEH,8,8,0
1922,JOS,7,7,0
1922,JONATHAN,5,5,0
1922,JOE,22,22,0
1922,JIM,8,8,0
1922,JESSE,7,7,0
1922,JERRY,6,6,0
1922,JEROME,29,29,0
1922,IAN,22,22,0
1922,JAMES,1322,1322,0
1922,JACKIE,10,10,0
1922,JACK,330,330,0
1922,IVOR,5,5,0
1922,IVAN,60,60,0
1922,ISRAEL,17,17,0
1922,ISAAC,14,14,0
1922,IRWIN,22,22,0
1922,IRVING,16,16,0
1922,IRVINE,6,6,0
1922,IRVIN,13,13,0
1922,JACOB,18,18,0
1922,VINCENZO,8,8,0
1922,MICHAEL,134,134,0
1922,MICHELE,6,6,0
1922,SAMUEL,109,109,0
1922,SAM,14,14,0
1922,SALVATORE,11,11,0
1922,RUSSELL,146,146,0
1922,WILLA,8,0,8
1922,RUPERT,9,9,0
1922,RUDOLPH,12,12,0
1922,ROYDEN,6,6,0
1922,ROYCE,6,6,0
1922,ROYAL,16,16,0
1922,SAUL,7,7,0
1922,ROY,306,306,0
1922,ROSS,140,140,0
1922,RONALD,191,191,0
1922,ROMEO,13,13,0
1922,ROLLAND,10,10,0
1922,ROLAND,31,31,0
1922,ROGER,31,31,0
1922,RODNEY,10,10,0
1922,RODERICK,15,15,0
1922,ROBERT,1369,1369,0
1922,RICHARD,232,232,0
1922,ROWLAND,5,5,0
1922,REX,5,5,0
1922,SHERMAN,9,9,0
1922,SILVIO,7,7,0
1922,VICTOR,128,128,0
1922,VERNON,100,100,0
1922,UGO,5,5,0
1922,TREVOR,5,5,0
1922,TONY,10,10,0
1922,TOM,9,9,0
1922,TIMOTHY,8,8,0
1922,THOMAS,607,607,0
1922,THEODORE,27,27,0
1922,TERRENCE,7,7,0
1922,SIDNEY,62,62,0
1922,TERENCE,5,5,0
1922,SYDNEY,32,32,0
1922,STUART,51,51,0
1922,STEWART,50,50,0
1922,STEVEN,6,6,0
1922,STEVE,12,12,0
1922,STERLING,6,6,0
1922,STEPHEN,46,46,0
1922,STANLEY,247,247,0
1922,SOLOMON,9,9,0
1922,SIMON,11,11,0
1922,SYLVESTER,12,12,0
1922,MICHEAL,6,6,0
1922,REUBEN,6,6,0
1922,REMI,5,5,0
1922,OMAR,6,6,0
1922,OLIVER,29,29,0
1922,NORVAL,8,8,0
1922,NORRIS,5,5,0
1922,NOEL,10,10,0
1922,NICK,12,12,0
1922,NICHOLAS,30,30,0
1922,NELSON,41,41,0
1922,NEIL,41,41,0
1922,NATHAN,7,7,0
1922,OMER,15,15,0
1922,NAPOLEON,12,12,0
1922,MURRY,7,7,0
1922,MURRAY,130,130,0
1922,MOSES,8,8,0
1922,MORTON,6,6,0
1922,MORRISON,5,5,0
1922,MORRIS,58,58,0
1922,MORLEY,21,21,0
1922,MORGAN,6,6,0
1922,MILTON,43,43,0
1922,MIKE,25,25,0
1922,MYRON,5,5,0
1922,RENE,25,25,0
1922,ORLANDO,9,9,0
1922,ORVAL,34,34,0
1922,REGINALD,122,122,0
1922,REAL,5,5,0
1922,RAYMOND,259,259,0
1922,RAY,49,49,0
1922,RAPHAEL,6,6,0
1922,RANDOLPH,6,6,0
1922,RALPH,177,177,0
1922,PIERRE,12,12,0
1922,PHILLIP,21,21,0
1922,PHILIP,69,69,0
1922,ORTON,5,5,0
1922,PETER,179,179,0
1922,PERRY,5,5,0
1922,PERCY,71,71,0
1922,PERCIVAL,10,10,0
1922,PAUL,132,132,0
1922,PATRICK,115,115,0
1922,OWEN,14,14,0
1922,OTTO,9,9,0
1922,OSWALD,10,10,0
1922,OSCAR,32,32,0
1922,ORVILLE,47,47,0
1922,PETE,7,7,0
1922,WILHELMINA,7,0,7
1922,GRANT,36,36,0
1922,WANDA,46,0,46
1922,HELEN,963,0,963
1922,HELENA,27,0,27
1922,HELENE,18,0,18
1922,HELLEN,23,0,23
1922,HENRIETTA,11,0,11
1922,HILDA,148,0,148
1922,HOPE,6,0,6
1922,IDA,93,0,93
1922,ILA,21,0,21
1922,ILEEN,9,0,9
1922,ILENE,18,0,18
1922,INA,18,0,18
1922,INEZ,37,0,37
1922,IONA,11,0,11
1922,IRENE,350,0,350
1922,IRIS,46,0,46
1922,IRMA,31,0,31
1922,ISABEL,75,0,75
1922,ISABELL,17,0,17
1922,ISABELLA,51,0,51
1922,ISABELLE,22,0,22
1922,ISOBEL,40,0,40
1922,IVA,25,0,25
1922,IVY,48,0,48
1922,J,1122,1113,9
1922,JACQUELINE,28,0,28
1922,JANE,66,0,66
1922,JANET,54,0,54
1922,JANETTE,8,0,8
1922,HAZEL,255,0,255
1922,JEAN,749,79,670
1922,HATTIE,13,0,13
1922,HARRIET,25,0,25
1922,FLORIDA,8,0,8
1922,FLOSSIE,6,0,6
1922,FORENCE,6,0,6
1922,FRANCES,308,17,291
1922,FRANCESCA,8,0,8
1922,FRANCIS,415,341,74
1922,FREDA,43,0,43
1922,FREIDA,9,0,9
1922,FRIEDA,11,0,11
1922,GABRIELLE,7,0,7
1922,GENEVA,8,0,8
1922,GENEVIEVE,29,0,29
1922,GEORGENA,6,0,6
1922,GEORGETTE,9,0,9
1922,GEORGIA,9,0,9
1922,GEORGINA,58,0,58
1922,GERALDINE,79,0,79
1922,GERMAINE,15,0,15
1922,GERTRUDE,183,0,183
1922,GILBERTE,6,0,6
1922,GLADYS,357,0,357
1922,GLENNA,12,0,12
1922,GLORIA,85,0,85
1922,GOLDIE,16,0,16
1922,GRACE,300,0,300
1922,GRETA,18,0,18
1922,GWENDOLINE,13,0,13
1922,GWENDOLYN,49,0,49
1922,HANNAH,26,0,26
1922,HARRIETT,10,0,10
1922,JEANE,9,0,9
1922,JEANETTE,22,0,22
1922,JEANIE,10,0,10
1922,LEOLA,10,0,10
1922,LEONA,55,0,55
1922,LEONORA,6,0,6
1922,LEOTA,6,0,6
1922,LETA,6,0,6
1922,LETITIA,6,0,6
1922,LILA,45,0,45
1922,LILIAN,69,0,69
1922,LILLIAN,310,0,310
1922,LILLIE,16,0,16
1922,LILLY,14,0,14
1922,LILY,49,0,49
1922,LINA,7,0,7
1922,LOIS,116,0,116
1922,LOLA,22,0,22
1922,LORAINE,16,0,16
1922,LORETTA,40,0,40
1922,LORETTE,8,0,8
1922,LORETTO,6,0,6
1922,LORNA,64,0,64
1922,LORRAINE,44,0,44
1922,LOTTIE,20,0,20
1922,LOUISA,19,0,19
1922,LOUISE,42,0,42
1922,LUCIA,8,0,8
1922,LUCIENNE,10,0,10
1922,LUCILE,7,0,7
1922,LUCILLE,32,0,32
1922,LUCY,52,0,52
1922,LENORE,18,0,18
1922,LENORA,8,0,8
1922,LENA,41,0,41
1922,LELA,9,0,9
1922,JEANNE,41,0,41
1922,JEANNETTE,20,0,20
1922,JEANNINE,6,0,6
1922,JENNIE,57,0,57
1922,JENNY,8,0,8
1922,JESSIE,171,0,171
1922,JOAN,141,0,141
1922,JOHANNA,9,0,9
1922,JOHN,2632,2625,7
1922,JOSEPH,1526,1520,6
1922,JOSEPHINE,110,0,110
1922,JOY,12,0,12
1922,JOYCE,136,0,136
1922,JULIA,72,0,72
1922,FLORENCE,517,0,517
1922,JUNE,159,0,159
1922,KATHALEEN,20,0,20
1922,KATHARINE,22,0,22
1922,KATHELEEN,6,0,6
1922,KATHERINE,80,0,80
1922,KATHLEEN,360,0,360
1922,KATHRYN,17,0,17
1922,KATIE,15,0,15
1922,LAURA,133,0,133
1922,LAURETTA,8,0,8
1922,LAURETTE,14,0,14
1922,LAVINA,6,0,6
1922,LEA,6,0,6
1922,LEAH,12,0,12
1922,LEILA,15,0,15
1922,KATE,7,0,7
1922,LUELLA,32,0,32
1922,FLORANCE,13,0,13
1922,FERNANDE,9,0,9
1922,BERNADETTE,22,0,22
1922,BERNICE,128,0,128
1922,BERTHA,96,0,96
1922,BERYL,28,0,28
1922,BESSIE,89,0,89
1922,BETH,7,0,7
1922,BETSY,7,0,7
1922,BETTY,298,0,298
1922,BEULAH,37,0,37
1922,BEVERLEY,16,6,10
1922,BEVERLY,16,7,9
1922,BLANCHE,84,0,84
1922,BRIDGET,9,0,9
1922,CARMEL,9,0,9
1922,CARMELA,7,0,7
1922,CARMEN,20,14,6
1922,CAROL,15,0,15
1922,CAROLINE,32,0,32
1922,CARRIE,6,0,6
1922,CATHARINE,57,0,57
1922,CATHERINE,167,0,167
1922,CATHRINE,7,0,7
1922,CECELIA,10,0,10
1922,CECILE,47,0,47
1922,CECILIA,19,0,19
1922,CELIA,11,0,11
1922,CHARLOTTE,56,0,56
1922,CHRISTENA,13,0,13
1922,CHRISTINA,44,0,44
1922,BELLA,17,0,17
1922,CHRISTINE,11,0,11
1922,BEATRICE,206,0,206
1922,BABY,195,118,77
1922,ADA,85,0,85
1922,ADELAIDE,6,0,6
1922,ADELE,13,0,13
1922,ADELINE,11,0,11
1922,AGATHA,7,0,7
1922,AGNES,211,0,211
1922,AILEEN,45,0,45
1922,ALBERTA,34,0,34
1922,ALDA,6,0,6
1922,ALFREDA,8,0,8
1922,ALICE,354,7,347
1922,ALMA,85,0,85
1922,ALVA,8,0,8
1922,AMELIA,18,0,18
1922,AMY,27,0,27
1922,ANGELA,10,0,10
1922,ANGELINA,18,0,18
1922,ANGELINE,6,0,6
1922,ANITA,34,0,34
1922,ANN,28,0,28
1922,ANNA,257,0,257
1922,ANNE,53,0,53
1922,ANNETTA,6,0,6
1922,ANNETTE,18,0,18
1922,ANNIE,371,0,371
1922,ANTOINETTE,6,0,6
1922,AUDREY,450,0,450
1922,AUDRY,25,0,25
1922,AURORE,6,0,6
1922,BARBARA,186,0,186
1922,CLAIRE,14,0,14
1922,CLARA,137,0,137
1922,CLEO,6,0,6
1922,ELLA,68,0,68
1922,ELLEN,112,0,112
1922,ELMA,15,0,15
1922,ELSA,7,0,7
1922,ELSIE,220,0,220
1922,ELVA,41,0,41
1922,ELVIRA,9,0,9
1922,EMILY,79,0,79
1922,EMMA,71,0,71
1922,ENID,20,0,20
1922,ERMA,28,0,28
1922,ESSIE,6,0,6
1922,ESTELLA,9,0,9
1922,ESTELLE,10,0,10
1922,ESTER,13,0,13
1922,ESTHER,73,0,73
1922,ETHEL,260,0,260
1922,ETTA,14,0,14
1922,EUNICE,30,0,30
1922,EVA,167,0,167
1922,EVANGELINE,6,0,6
1922,EVELINE,13,0,13
1922,EVELYN,377,0,377
1922,EVELYNE,7,0,7
1922,FAITH,6,0,6
1922,FANNIE,10,0,10
1922,FANNY,13,0,13
1922,FAY,9,0,9
1922,FERN,38,0,38
1922,ELIZABETH,447,0,447
1922,ELIZA,13,0,13
1922,ELISE,7,0,7
1922,ELINOR,15,0,15
1922,CONSTANCE,80,0,80
1922,CORA,25,0,25
1922,CYNTHIA,6,0,6
1922,DAISY,40,0,40
1922,DAPHNE,7,0,7
1922,DELLA,22,0,22
1922,DIANA,11,0,11
1922,DOLLY,7,0,7
1922,DOLORES,9,0,9
1922,DONALDA,7,0,7
1922,DONNA,28,0,28
1922,DORA,68,0,68
1922,DORATHY,8,0,8
1922,DORCAS,6,0,6
1922,FLORA,37,0,37
1922,DOREEN,73,0,73
1922,DOROTHEA,41,0,41
1922,DOROTHY,1218,6,1212
1922,DORTHY,39,0,39
1922,DULCIE,8,0,8
1922,EDITH,326,0,326
1922,EDNA,322,0,322
1922,EDYTHE,13,0,13
1922,EFFIE,16,0,16
1922,EILEEN,168,0,168
1922,ELAINE,27,0,27
1922,ELDA,13,0,13
1922,ELEANOR,203,0,203
1922,ELENA,10,0,10
1922,ELENOR,11,0,11
1922,DORIS,555,0,555
1922,WILDA,11,0,11
1922,LULU,12,0,12
1922,LYLA,6,0,6
1922,RHEA,19,0,19
1922,RHODA,27,0,27
1922,RITA,178,0,178
1922,ROBERTA,17,0,17
1922,ROBINA,6,0,6
1922,ROSA,23,0,23
1922,REVA,6,0,6
1922,ROSALIA,6,0,6
1922,ROSE,124,0,124
1922,ROSEMARY,13,0,13
1922,ROSETTA,6,0,6
1922,ROSIE,35,0,35
1922,ROSINA,12,0,12
1922,RUBY,178,0,178
1922,ROSALIE,10,0,10
1922,RETTA,6,0,6
1922,RETA,144,0,144
1922,RENA,7,0,7
1922,PATRICIA,123,0,123
1922,PAULINE,76,0,76
1922,PEARL,133,0,133
1922,PEGGY,19,0,19
1922,PHILLIS,24,0,24
1922,PHYLIS,47,0,47
1922,PHYLISS,6,0,6
1922,PHYLLIS,250,0,250
1922,PRISCILLA,13,0,13
1922,RACHAEL,8,0,8
1922,RACHEL,22,0,22
1922,RAE,12,6,6
1922,REBECCA,12,0,12
1922,REGINA,12,0,12
1922,REITA,8,0,8
1922,RUTH,555,0,555
1922,SADIE,30,0,30
1922,SARA,10,0,10
1922,SARAH,135,0,135
1922,UNA,8,0,8
1922,URSULA,7,0,7
1922,VALERIE,7,0,7
1922,VELMA,82,0,82
1922,VERA,201,0,201
1922,VERDA,12,0,12
1922,VERNA,131,0,131
1922,VERONICA,26,0,26
1922,VICTORIA,42,0,42
1922,VIDA,6,0,6
1922,VIOLA,85,0,85
1922,VIOLET,225,0,225
1922,VIRGINIA,72,0,72
1922,VIVIAN,97,6,91
1922,VOILET,6,0,6
1922,LYDIA,14,0,14
1922,PATRICA,6,0,6
1922,THORA,8,0,8
1922,THERESA,51,0,51
1922,SELMA,6,0,6
1922,SHEILA,17,0,17
1922,SHIRLEY,234,6,228
1922,SILVIA,6,0,6
1922,SIMONE,6,0,6
1922,SOPHIA,20,0,20
1922,SOPHIE,9,0,9
1922,STELLA,91,0,91
1922,STEPHANIA,6,0,6
1922,SUSAN,27,0,27
1922,SUSIE,7,0,7
1922,SYBIL,18,0,18
1922,SYLVIA,54,0,54
1922,TERESA,30,0,30
1922,THELMA,179,0,179
1922,THERESE,13,0,13
1922,PANSY,6,0,6
1922,TILLIE,6,0,6
1922,ORA,6,0,6
1922,MARGERY,29,0,29
1922,MARGRET,28,0,28
1922,MARGUERIT,7,0,7
1922,MARGUERITE,170,0,170
1922,MARIA,73,0,73
1922,MARIAN,73,0,73
1922,MARIE,1086,0,1086
1922,MARILYN,6,0,6
1922,MARION,485,0,485
1922,MARJORIE,419,0,419
1922,MARJORY,117,0,117
1922,MARTHA,81,0,81
1922,MARY,2434,6,2428
1922,MATILDA,14,0,14
1922,MAUD,14,0,14
1922,MARGERITE,8,0,8
1922,MAUDE,10,0,10
1922,MARGERET,8,0,8
1922,MARGARETT,8,0,8
1922,MARGARET,1581,0,1581
1922,ORMA,11,0,11
1922,MARCELLA,14,0,14
1922,MAMIE,7,0,7
1922,MAJORIE,7,0,7
1922,MAISIE,6,0,6
1922,MAGGIE,7,0,7
1922,MAE,18,0,18
1922,MADGE,8,0,8
1922,MADELINE,74,0,74
1922,MADELEINE,17,0,17
1922,MADALINE,8,0,8
1922,MABEL,144,0,144
1922,M,1241,6,1235
1922,MARGARETE,7,0,7
1922,MARGARETTE,9,0,9
1922,MAUREEN,7,0,7
1922,MABLE,36,0,36
1922,MAXINE,11,0,11
1922,NAOMI,12,0,12
1922,NELLIE,68,0,68
1922,NETTIE,14,0,14
1922,NINA,14,0,14
1922,NOELLA,8,0,8
1922,NORA,72,0,72
1922,NORAH,20,0,20
1922,NOREEN,9,0,9
1922,NORMA,262,0,262
1922,NORMAN,422,415,7
1922,OLA,6,0,6
1922,ONA,7,0,7
1922,MAVIS,18,0,18
1922,OLGA,66,0,66
1922,OLIVE,207,0,207
1922,NANCY,44,0,44
1922,MYRTLE,129,0,129
1922,NORINE,6,0,6
1922,MURIEL,332,0,332
1922,MELBA,8,0,8
1922,MERLE,24,8,16
1922,MYRA,6,0,6
1922,MAZIE,6,0,6
1922,MILLICENT,8,0,8
1922,MINA,7,0,7
1922,MINERVA,9,0,9
1922,MILDRED,305,0,305
1922,MIRIAM,26,0,26
1922,MOLLIE,7,0,7
1922,MOLLY,8,0,8
1922,MAY,83,0,83
1922,MURIAL,13,0,13
1922,MINNIE,28,0,28
1922,MONICA,21,0,21
1922,MONA,33,0,33
1923,ROBERTA,31,0,31
1923,ROMA,6,0,6
1923,ROSA,24,0,24
1923,ROSE,144,0,144
1923,ROSEMARY,11,0,11
1923,ROSIE,29,0,29
1923,ROSINA,9,0,9
1923,ROWENA,6,0,6
1923,ROSALIE,7,0,7
1923,RITA,171,0,171
1923,RENA,15,0,15
1923,RHETA,6,0,6
1923,RHEA,16,0,16
1923,RETA,130,0,130
1923,REGINA,14,0,14
1923,REBECCA,17,0,17
1923,RACHEL,21,0,21
1923,QUEENIE,9,0,9
1923,PHYLLIS,253,0,253
1923,RUBY,160,0,160
1923,PHYLISS,8,0,8
1923,RHODA,16,0,16
1923,RUTH,587,0,587
1923,THORA,9,0,9
1923,SARA,15,0,15
1923,PHYLIS,36,0,36
1923,VERONICA,24,0,24
1923,VERNA,144,0,144
1923,VERDA,8,0,8
1923,VERA,188,0,188
1923,VELMA,73,0,73
1923,VELDA,7,0,7
1923,VALERIE,6,0,6
1923,URSULA,8,0,8
1923,TILLIE,9,0,9
1923,THERESE,12,0,12
1923,THELMA,168,0,168
1923,TERESA,28,0,28
1923,SYLVIA,53,0,53
1923,SYBIL,14,0,14
1923,SUSAN,15,0,15
1923,STELLA,79,0,79
1923,SOPHIE,12,0,12
1923,SOPHIA,22,0,22
1923,SHIRLEY,328,0,328
1923,SHEILA,17,0,17
1923,SELMA,8,0,8
1923,SARAH,115,0,115
1923,SADIE,21,0,21
1923,PHOEBE,15,0,15
1923,MONICA,18,0,18
1923,PHILIS,7,0,7
1923,MILDRED,307,0,307
1923,MERLE,18,0,18
1923,MELBA,20,0,20
1923,MAY,63,0,63
1923,MAXINE,10,0,10
1923,MAVIS,15,0,15
1923,MAUREEN,10,0,10
1923,MATILDA,14,0,14
1923,MARY,2074,0,2074
1923,MARTHA,64,0,64
1923,MARON,7,0,7
1923,MARJORY,109,0,109
1923,MARJORIE,356,0,356
1923,MARION,520,0,520
1923,MARILYN,10,0,10
1923,MARIE,802,0,802
1923,MARIAN,83,0,83
1923,MARIA,91,0,91
1923,MARGUERITE,166,0,166
1923,MARGUERITA,8,0,8
1923,MARGRET,23,0,23
1923,MARGOT,6,0,6
1923,MARGORIE,6,0,6
1923,MARGERY,25,0,25
1923,MARGERITE,6,0,6
1923,MARGARITE,6,0,6
1923,MARGARETTE,7,0,7
1923,MARGARETE,6,0,6
1923,MARGARET,1485,0,1485
1923,MINA,9,0,9
1923,PHILLIS,16,0,16
1923,MINERVA,8,0,8
1923,MIRIAM,33,0,33
1923,PEGGY,18,0,18
1923,PEARL,110,0,110
1923,PAULINE,84,0,84
1923,PATRICIA,115,0,115
1923,ORPHA,11,0,11
1923,ORMA,14,0,14
1923,ONA,6,0,6
1923,OLIVE,165,0,165
1923,OLGA,71,0,71
1923,OLA,13,0,13
1923,NORMAN,416,410,6
1923,NORMA,311,0,311
1923,NORINE,8,0,8
1923,NOREEN,21,0,21
1923,NORAH,20,0,20
1923,NORA,75,0,75
1923,NINA,20,0,20
1923,NETTIE,12,0,12
1923,DONALD,907,907,0
1923,NELLIE,57,0,57
1923,NELDA,10,0,10
1923,NAOMI,12,0,12
1923,NANCY,56,0,56
1923,MYRTLE,131,0,131
1923,MYRA,9,0,9
1923,MURIEL,280,0,280
1923,MURIAL,6,0,6
1923,MONA,33,0,33
1923,MOLLY,8,0,8
1923,MINNIE,32,0,32
1923,THERESA,38,0,38
1923,GERALDINE,62,0,62
1923,MAMIE,6,0,6
1923,DONA,8,0,8
1923,DONALDA,16,0,16
1923,DONNA,46,0,46
1923,DORA,75,0,75
1923,DORATHY,8,0,8
1923,DOREEN,125,0,125
1923,DOLORES,17,0,17
1923,DORENE,6,0,6
1923,DORIS,606,0,606
1923,DOROTHEA,23,0,23
1923,DOROTHY,1194,0,1194
1923,DORTHY,24,0,24
1923,EDITH,305,0,305
1923,EDNA,244,0,244
1923,DORETHY,7,0,7
1923,EDYTHE,8,0,8
1923,DELPHINE,7,0,7
1923,DELIA,7,0,7
1923,CHRISTINA,38,0,38
1923,CHRISTINE,13,0,13
1923,CLAIRE,18,0,18
1923,CLARA,102,0,102
1923,CLARE,18,9,9
1923,CLARICE,8,0,8
1923,DELLA,20,0,20
1923,CLAUDIA,6,0,6
1923,CONSTANCE,69,0,69
1923,CORA,42,0,42
1923,CORINNE,11,0,11
1923,CORRINE,6,0,6
1923,CYNTHIA,7,0,7
1923,DAISY,34,0,34
1923,COLLEEN,7,0,7
1923,CHRISTENA,9,0,9
1923,EFFIE,17,0,17
1923,ELAINE,40,0,40
1923,ESTELLE,10,0,10
1923,ESTER,11,0,11
1923,ESTHER,76,0,76
1923,ETHEL,218,0,218
1923,ETTA,12,0,12
1923,EUGENIA,9,0,9
1923,ESTELLA,9,0,9
1923,EUNICE,38,0,38
1923,EVANGELINE,10,0,10
1923,EVELINE,17,0,17
1923,EVELYN,342,0,342
1923,EVELYNE,9,0,9
1923,FANNIE,6,0,6
1923,FANNY,10,0,10
1923,EVA,163,0,163
1923,EILEEN,181,0,181
1923,ERNA,6,0,6
1923,ENID,23,0,23
1923,ELDA,9,0,9
1923,ELEANOR,166,0,166
1923,ELENA,7,0,7
1923,ELENOR,10,0,10
1923,ELINOR,18,0,18
1923,ELIZA,8,0,8
1923,ERMA,34,0,34
1923,ELIZABETH,483,0,483
1923,ELLEN,119,0,119
1923,ELMA,21,0,21
1923,ELSIE,191,0,191
1923,ELVA,51,0,51
1923,EMILY,70,0,70
1923,EMMA,68,0,68
1923,ELLA,58,0,58
1923,CHARLOTTE,56,0,56
1923,CHARLES,730,724,6
1923,CELINA,6,0,6
1923,ALTA,7,0,7
1923,ALVA,8,0,8
1923,AMANDA,6,0,6
1923,AMELIA,24,0,24
1923,AMY,29,0,29
1923,ANGELA,19,0,19
1923,ALMA,79,0,79
1923,ANGELINA,16,0,16
1923,ANN,37,0,37
1923,ANNA,228,0,228
1923,ANNE,42,0,42
1923,ANNETTA,8,0,8
1923,ANNETTE,11,0,11
1923,ANNIE,362,0,362
1923,ANITA,28,0,28
1923,ANTOINETTE,10,0,10
1923,ALISON,7,0,7
1923,ALICE,284,0,284
1923,ADA,62,0,62
1923,ADELAIDE,7,0,7
1923,ADELE,9,0,9
1923,ADELINA,6,0,6
1923,ADELINE,16,0,16
1923,ADRIENNE,9,0,9
1923,ALINE,11,0,11
1923,AGATHA,6,0,6
1923,AILEEN,30,0,30
1923,ALBERTA,18,0,18
1923,ALDA,8,0,8
1923,ALETHA,6,0,6
1923,ALEXANDRA,11,0,11
1923,ALFREDA,10,0,10
1923,AGNES,179,0,179
1923,ARLENE,6,0,6
1923,ARLINE,7,0,7
1923,AUDREY,411,0,411
1923,CAMILLA,6,0,6
1923,CARMEL,12,0,12
1923,CARMELA,10,0,10
1923,CARMEN,8,0,8
1923,CAROL,12,0,12
1923,CAROLINE,15,0,15
1923,BRIDGET,9,0,9
1923,CARRIE,13,0,13
1923,CATHERINE,211,0,211
1923,CECELIA,15,0,15
1923,CECILE,33,0,33
1923,CECILIA,18,0,18
1923,CELESTINE,6,0,6
1923,CELIA,10,0,10
1923,CATHARINE,42,0,42
1923,BLANCHE,66,0,66
1923,BLANCH,6,0,6
1923,BEVERLY,17,9,8
1923,AUDRIE,8,0,8
1923,AUDRY,26,0,26
1923,BABY,883,517,366
1923,BARBARA,184,0,184
1923,BEATRICE,222,0,222
1923,BELLA,15,0,15
1923,BERNADETTE,13,0,13
1923,BERNICE,137,0,137
1923,BERTHA,98,0,98
1923,BERYL,31,0,31
1923,BESSIE,84,0,84
1923,BETTIE,7,0,7
1923,BETTY,350,0,350
1923,BEULAH,17,0,17
1923,BEVERLEY,32,13,19
1923,FAY,8,0,8
1923,MARCELLA,10,0,10
1923,FERN,34,0,34
1923,FLORANCE,19,0,19
1923,LAURETTE,14,0,14
1923,LAURINE,6,0,6
1923,LAVINA,8,0,8
1923,LEAH,12,0,12
1923,LEILA,14,0,14
1923,LELA,8,0,8
1923,LAURETTA,15,0,15
1923,LENA,57,0,57
1923,LENORE,17,0,17
1923,LEOLA,7,0,7
1923,LEONA,66,0,66
1923,LEONE,8,0,8
1923,LEONORA,9,0,9
1923,LETA,8,0,8
1923,LENORA,8,0,8
1923,LILA,29,0,29
1923,LAURA,139,0,139
1923,KATIE,11,0,11
1923,JOSIE,6,0,6
1923,JOY,20,0,20
1923,JOYCE,155,0,155
1923,JUANITA,7,0,7
1923,JUDITH,7,0,7
1923,JULIA,48,0,48
1923,KEITHA,6,0,6
1923,JUNE,182,0,182
1923,KATHARINE,15,0,15
1923,KATHELEEN,7,0,7
1923,KATHELINE,6,0,6
1923,KATHERINE,75,0,75
1923,KATHLEEN,340,0,340
1923,KATHRYN,18,0,18
1923,KATHALEEN,10,0,10
1923,JOSEPHINE,72,0,72
1923,LILIAN,51,0,51
1923,LILLIE,14,0,14
1923,LUELLA,23,0,23
1923,LULA,8,0,8
1923,LULU,12,0,12
1923,LYDIA,18,0,18
1923,LYLA,10,0,10
1923,M,1667,13,1654
1923,LUCY,43,0,43
1923,MABEL,134,0,134
1923,MADALINE,6,0,6
1923,MADELEINE,14,0,14
1923,MADELINE,72,0,72
1923,MAE,14,0,14
1923,MAGGIE,8,0,8
1923,MAISIE,9,0,9
1923,MABLE,37,0,37
1923,LILLIAN,281,0,281
1923,LUCILLE,35,0,35
1923,LUCIENNE,11,0,11
1923,LILY,54,0,54
1923,LINA,8,0,8
1923,LOIS,133,0,133
1923,LOLA,21,0,21
1923,LORAINE,14,0,14
1923,LORENA,7,0,7
1923,LUCILE,11,0,11
1923,LORENE,7,0,7
1923,LORNA,67,0,67
1923,LORRAINE,42,0,42
1923,LOTTIE,10,0,10
1923,LOUISA,26,0,26
1923,LOUISE,35,0,35
1923,LUCIA,7,0,7
1923,LORETTA,31,0,31
1923,JOHN,2634,2627,7
1923,JOAN,161,0,161
1923,JESSIE,122,0,122
1923,GRACE,262,0,262
1923,GRETA,20,0,20
1923,GRETTA,7,0,7
1923,GWENDOLINE,18,0,18
1923,GWENDOLYN,56,0,56
1923,HANNAH,20,0,20
1923,GOLDIE,23,0,23
1923,HARRIET,26,0,26
1923,HATTIE,9,0,9
1923,HAZEL,215,0,215
1923,HELEN,1038,0,1038
1923,HELENA,23,0,23
1923,HELENE,12,0,12
1923,HELLEN,20,0,20
1923,HARRIETT,10,0,10
1923,HENRIETTA,10,0,10
1923,GLORIA,98,0,98
1923,GLADYS,326,0,326
1923,FLORENCE,473,0,473
1923,FLOSSIE,8,0,8
1923,FRANCES,319,16,303
1923,FRANCIS,384,325,59
1923,FREDA,45,0,45
1923,FREEDA,7,0,7
1923,GLENNA,12,0,12
1923,FRIEDA,8,0,8
1923,GENEVIEVE,22,0,22
1923,GEORGETTE,18,0,18
1923,GEORGINA,56,0,56
1923,VICTORIA,56,0,56
1923,GERMAINE,8,0,8
1923,GERTRUDE,155,0,155
1923,GABRIELLE,7,0,7
1923,HILDA,131,0,131
1923,HOPE,7,0,7
1923,IDA,116,0,116
1923,J,1473,1465,8
1923,JACQUELINE,26,0,26
1923,JAMES,1354,1346,8
1923,JANE,56,0,56
1923,JANET,86,0,86
1923,JEAN,727,86,641
1923,IVY,47,0,47
1923,JEANE,10,0,10
1923,JEANIE,8,0,8
1923,JEANNE,29,0,29
1923,JEANNETTE,16,0,16
1923,JEANNIE,8,0,8
1923,JENNIE,53,0,53
1923,JENNY,9,0,9
1923,JEANETTE,16,0,16
1923,IVA,37,0,37
1923,ISOBEL,40,0,40
1923,ISABELLE,31,0,31
1923,ILA,30,0,30
1923,ILEAN,6,0,6
1923,ILEEN,17,0,17
1923,ILENE,16,0,16
1923,ILLA,6,0,6
1923,INA,30,0,30
1923,INEZ,32,0,32
1923,IOLA,6,0,6
1923,IONA,11,0,11
1923,IRENE,347,0,347
1923,IRIS,39,0,39
1923,IRMA,22,0,22
1923,ISABEL,63,0,63
1923,ISABELL,25,0,25
1923,ISABELLA,37,0,37
1923,FLORA,34,0,34
1923,VINA,6,0,6
1923,DOMINIC,11,11,0
1923,VIOLET,184,0,184
1923,TERENCE,5,5,0
1923,SYLVESTER,11,11,0
1923,SYDNEY,32,32,0
1923,STUART,34,34,0
1923,STEWART,45,45,0
1923,STEVE,18,18,0
1923,STEPHEN,48,48,0
1923,STANLEY,271,271,0
1923,SOLOMON,7,7,0
1923,SIMON,8,8,0
1923,THEODORE,39,39,0
1923,SIDNEY,52,52,0
1923,SHELDON,11,11,0
1923,SEYMOUR,8,8,0
1923,SCOTT,5,5,0
1923,SAUL,5,5,0
1923,SAMUEL,112,112,0
1923,SALVATORE,12,12,0
1923,RUSSELL,132,132,0
1923,RUSSEL,38,38,0
1923,RUPERT,6,6,0
1923,RUDOLPH,7,7,0
1923,SHERMAN,5,5,0
1923,RUBEN,5,5,0
1923,THOMAS,670,670,0
1923,TOIVO,5,5,0
1923,WILLIS,18,18,0
1923,WILLIE,18,18,0
1923,WILLARD,41,41,0
1923,WILFRID,33,33,0
1923,WILFRED,167,167,0
1923,WILFORD,8,8,0
1923,WILBUR,15,15,0
1923,WILBERT,72,72,0
1923,WESLEY,42,42,0
1923,WELLINGTON,6,6,0
1923,TIMOTHY,8,8,0
1923,WARREN,41,41,0
1923,WALTER,367,367,0
1923,WALLACE,104,104,0
1923,VINCENZO,6,6,0
1923,VINCENT,46,46,0
1923,VICTOR,132,132,0
1923,VERNON,84,84,0
1923,VERN,5,5,0
1923,TREVOR,5,5,0
1923,TONY,7,7,0
1923,TOM,5,5,0
1923,WARD,6,6,0
1923,WILMER,8,8,0
1923,ROYAL,10,10,0
1923,ROWLAND,9,9,0
1923,PHILLIP,23,23,0
1923,PHILIPPE,7,7,0
1923,PHILIP,64,64,0
1923,PETER,160,160,0
1923,PETE,5,5,0
1923,PERCY,68,68,0
1923,PERCIVAL,11,11,0
1923,PAUL,165,165,0
1923,PATRICK,80,80,0
1923,OWEN,21,21,0
1923,PIERRE,10,10,0
1923,OVILA,5,5,0
1923,OSWALD,6,6,0
1923,OSCAR,41,41,0
1923,ORVILLE,34,34,0
1923,ORVIL,6,6,0
1923,ORVAL,28,28,0
1923,ORLAND,7,7,0
1923,OMER,14,14,0
1923,OLIVER,27,27,0
1923,NORRIS,8,8,0
1923,NORBERT,6,6,0
1923,OTTO,5,5,0
1923,ROY,305,305,0
1923,PIETRO,8,8,0
1923,RALPH,177,177,0
1923,ROSS,139,139,0
1923,RONALD,231,231,0
1923,ROMEO,15,15,0
1923,ROLLAND,12,12,0
1923,ROLAND,39,39,0
1923,ROGER,44,44,0
1923,RODOLPHE,5,5,0
1923,RODNEY,9,9,0
1923,RODERICK,19,19,0
1923,ROBERT,1346,1346,0
1923,RAE,8,8,0
1923,RINO,5,5,0
1923,RHEAL,8,8,0
1923,REUBEN,11,11,0
1923,RENE,30,30,0
1923,REMI,7,7,0
1923,REGINALD,114,114,0
1923,REAL,9,9,0
1923,RAYMOND,253,253,0
1923,RAY,28,28,0
1923,RAPHAEL,5,5,0
1923,RAOUL,9,9,0
1923,RICHARD,218,218,0
1923,NOEL,13,13,0
1923,WILMOT,9,9,0
1923,WINSTON,5,5,0
1923,CHRISTOPHER,12,12,0
1923,CHESTER,21,21,0
1923,CHARLIE,14,14,0
1923,CECIL,138,138,0
1923,CARSON,7,7,0
1923,CARMELO,6,6,0
1923,CARMAN,24,24,0
1923,CARLO,5,5,0
1923,CARL,118,118,0
1923,CAMPBELL,7,7,0
1923,CLARANCE,8,8,0
1923,CAMILLE,5,5,0
1923,CALVIN,19,19,0
1923,BYRON,12,12,0
1923,BURTON,15,15,0
1923,BRYCE,5,5,0
1923,BRUNO,10,10,0
1923,BRUCE,171,171,0
1923,BROCK,6,6,0
1923,BRIAN,7,7,0
1923,BORIS,6,6,0
1923,BLAKE,5,5,0
1923,CAMERON,7,7,0
1923,BILLY,12,12,0
1923,CLARENCE,207,207,0
1923,CLAUDE,34,34,0
1923,DOMENICO,7,7,0
1923,DOMENIC,5,5,0
1923,DESMOND,18,18,0
1923,DENNIS,20,20,0
1923,DENIS,12,12,0
1923,DELBERT,19,19,0
1923,DAVID,319,319,0
1923,DARCY,8,8,0
1923,DANIEL,98,98,0
1923,DALTON,17,17,0
1923,CLAUD,7,7,0
1923,CYRIL,26,26,0
1923,CORNELIUS,9,9,0
1923,CONRAD,11,11,0
1923,COLIN,17,17,0
1923,CLYDE,6,6,0
1923,CLINTON,14,14,0
1923,CLIFTON,10,10,0
1923,CLIFFORD,176,176,0
1923,CLEVELAND,5,5,0
1923,CLEMENT,9,9,0
1923,CLAYTON,40,40,0
1923,CRAIG,5,5,0
1923,WILSON,12,12,0
1923,BILLIE,6,6,0
1923,BERTRAM,12,12,0
1923,ALVIN,66,66,0
1923,ALTON,6,6,0
1923,ALPHONSE,12,12,0
1923,ALLISTER,5,5,0
1923,ALLEN,83,83,0
1923,ALLAN,160,160,0
1923,ALFREDO,9,9,0
1923,ALFRED,221,221,0
1923,ALEXANDER,176,176,0
1923,ALEX,37,37,0
1923,AMBROSE,27,27,0
1923,ALDO,12,12,0
1923,ALAN,65,65,0
1923,ADRIAN,9,9,0
1923,ADOLPH,6,6,0
1923,ADELARD,7,7,0
1923,ADAM,15,15,0
1923,ABRAHAM,22,22,0
1923,AARON,8,8,0
1923,VIOLA,95,0,95
1923,WRAY,5,5,0
1923,WLLIAM,16,16,0
1923,ALBERT,452,452,0
1923,BILL,9,9,0
1923,AMOS,5,5,0
1923,ANDREW,98,98,0
1923,BERTON,5,5,0
1923,BERT,14,14,0
1923,BERNARD,120,120,0
1923,BENJAMIN,41,41,0
1923,BENEDICT,6,6,0
1923,BASIL,25,25,0
1923,BARRY,6,6,0
1923,AUSTIN,33,33,0
1923,AURELE,7,7,0
1923,AUGUSTIN,5,5,0
1923,ANDRE,5,5,0
1923,AUGUST,5,5,0
1923,ARTHUR,446,446,0
1923,ARNOLD,74,74,0
1923,ARMAND,20,20,0
1923,ARCHIE,27,27,0
1923,ARCHIBALD,43,43,0
1923,ANTONIO,30,30,0
1923,ANTOINE,7,7,0
1923,ANTHONY,44,44,0
1923,ANGUS,34,34,0
1923,ANGELO,14,14,0
1923,AUBREY,13,13,0
1923,NICOLA,7,7,0
1923,SAM,23,23,0
1923,NICHOLAS,29,29,0
1923,EDSEL,5,5,0
1923,EDWARD,502,502,0
1923,EDWIN,108,108,0
1923,EINO,5,5,0
1923,ELDON,27,27,0
1923,ELGIN,21,21,0
1923,ELI,7,7,0
1923,ELIE,5,5,0
1923,ELLIS,9,9,0
1923,ELLWOOD,5,5,0
1923,EDMUND,35,35,0
1923,ELMER,85,85,0
1923,ELVIN,11,11,0
1923,ELWOOD,19,19,0
1923,EMANUEL,8,8,0
1923,EMERSON,24,24,0
1923,EMIL,5,5,0
1923,EMILE,17,17,0
1923,EMMERSON,5,5,0
1923,ENRICO,6,6,0
1923,ERIC,72,72,0
1923,ERNEST,247,247,0
1923,ELTON,5,5,0
1923,HARVIE,5,5,0
1923,EDMOND,21,21,0
1923,EDDIE,8,8,0
1923,HENRY,229,229,0
1923,HENRI,13,13,0
1923,VIRGINIA,58,0,58
1923,VIVA,8,0,8
1923,VIVIAN,84,0,84
1923,WANDA,30,0,30
1923,WILDA,9,0,9
1923,WILLA,10,0,10
1923,WILLIAM,2412,2406,6
1923,WILMA,56,0,56
1923,EDGAR,68,68,0
1923,WINIFRED,36,0,36
1923,WINONA,6,0,6
1923,YVETTE,10,0,10
1923,YVONNE,54,0,54
1923,DONAT,5,5,0
1923,DOUGLAS,390,390,0
1923,DOUGLASS,6,6,0
1923,DUNCAN,33,33,0
1923,EARL,204,204,0
1923,EARLE,21,21,0
1923,EARNEST,23,23,0
1923,WINNIFRED,92,0,92
1923,ERNESTO,7,7,0
1923,NICK,13,13,0
1923,ERNIE,6,6,0
1923,GERALD,257,257,0
1923,GERARD,37,37,0
1923,GILBERT,55,55,0
1923,GINO,5,5,0
1923,GIOVANNI,9,9,0
1923,GLEN,49,49,0
1923,GLENN,37,37,0
1923,GODFREY,7,7,0
1923,GORDEN,15,15,0
1923,GORDON,658,658,0
1923,GEORGE,1235,1235,0
1923,GRAHAM,11,11,0
1923,GREGORY,7,7,0
1923,GRENVILLE,9,9,0
1923,GUIDO,5,5,0
1923,GUISEPPE,8,8,0
1923,GUY,11,11,0
1923,HARLEY,12,12,0
1923,HAROLD,644,644,0
1923,HARRISON,8,8,0
1923,HARRY,308,308,0
1923,HARVEY,101,101,0
1923,GRANT,45,45,0
1923,GEOFFREY,6,6,0
1923,GARTH,6,6,0
1923,GARNET,58,58,0
1923,ERVIN,14,14,0
1923,ERWIN,5,5,0
1923,EUGENE,71,71,0
1923,EVAN,6,6,0
1923,EVERETT,30,30,0
1923,EWART,8,8,0
1923,FELIX,13,13,0
1923,FERDINAND,8,8,0
1923,FERNAND,15,15,0
1923,FLOYD,43,43,0
1923,FORD,5,5,0
1923,FORREST,5,5,0
1923,FRANCESCO,6,6,0
1923,FRANCOIS,10,10,0
1923,FRANK,246,246,0
1923,FRANKLIN,39,39,0
1923,FRASER,10,10,0
1923,FRED,42,42,0
1923,FREDERIC,15,15,0
1923,FREDERICK,382,382,0
1923,FREDRICK,62,62,0
1923,GABRIEL,5,5,0
1923,GARFIELD,9,9,0
1923,HERBERT,221,221,0
1923,HERMAN,28,28,0
1923,HECTOR,18,18,0
1923,HORACE,15,15,0
1923,MARTIN,40,40,0
1923,MARSHALL,16,16,0
1923,MARK,10,10,0
1923,MARIO,6,6,0
1923,MARCEL,14,14,0
1923,MANLEY,7,7,0
1923,MALCOM,5,5,0
1923,MALCOLM,48,48,0
1923,LYNN,6,6,0
1923,LYMAN,5,5,0
1923,LYLE,34,34,0
1923,MARVIN,14,14,0
1923,LUIGI,9,9,0
1923,LOYD,19,19,0
1923,LOUIS,116,116,0
1923,LORNE,134,134,0
1923,LORENCE,5,5,0
1923,LLOYD,295,295,0
1923,LIONEL,34,34,0
1923,LEWIS,46,46,0
1923,LEVI,7,7,0
1923,LESTER,15,15,0
1923,LESLIE,114,114,0
1923,LEROY,15,15,0
1923,LUCIEN,24,24,0
1923,HOMER,10,10,0
1923,MATTHEW,19,19,0
1923,MAX,24,24,0
1923,NEWTON,7,7,0
1923,NELSON,31,31,0
1923,NEIL,38,38,0
1923,NATHAN,17,17,0
1923,NAPOLEON,6,6,0
1923,MURRY,10,10,0
1923,MURRAY,154,154,0
1923,MURNEY,5,5,0
1923,MOSES,8,8,0
1923,MORTON,6,6,0
1923,MORRIS,53,53,0
1923,MAURICE,88,88,0
1923,MORLEY,39,39,0
1923,MILES,5,5,0
1923,MIKE,29,29,0
1923,MICHEL,6,6,0
1923,MICHAEL,138,138,0
1923,MERVYN,9,9,0
1923,MERVIN,28,28,0
1923,MERRILL,5,5,0
1923,MELVIN,50,50,0
1923,MELVILLE,40,40,0
1923,MAYNARD,5,5,0
1923,MAXWELL,24,24,0
1923,MILTON,45,45,0
1923,LEONARD,221,221,0
1923,LEOPOLD,9,9,0
1923,LEO,139,139,0
1923,JEREMIAH,5,5,0
1923,JACQUES,6,6,0
1923,LEON,24,24,0
1923,JACKIE,14,14,0
1923,JACK,283,283,0
1923,IVAN,60,60,0
1923,ISRAEL,10,10,0
1923,ISIDORE,5,5,0
1923,ISADORE,7,7,0
1923,JEROME,19,19,0
1923,ISAAC,15,15,0
1923,IRVING,17,17,0
1923,IRVINE,6,6,0
1923,IRVIN,16,16,0
1923,IRA,9,9,0
1923,IAN,23,23,0
1923,HYMAN,6,6,0
1923,HUGH,108,108,0
1923,HUBERT,49,49,0
1923,HOWARD,273,273,0
1923,IRWIN,23,23,0
1923,JESSE,5,5,0
1923,JACOB,28,28,0
1923,JOE,17,17,0
1923,LENARD,14,14,0
1923,LELAND,7,7,0
1923,LAWRENCE,160,160,0
1923,LAVERNE,8,8,0
1923,JIM,6,6,0
1923,LAURENT,10,10,0
1923,LAURENCE,33,33,0
1923,KEVIN,6,6,0
1923,KENNITH,6,6,0
1923,KENNETH,601,601,0
1923,LAURIER,5,5,0
1923,KELVIN,6,6,0
1923,KEITH,87,87,0
1923,KARL,11,11,0
1923,JULIUS,6,6,0
1923,JOSEPH,1224,1224,0
1923,JOSEH,5,5,0
1923,JOS,5,5,0
1923,JOHNNIE,7,7,0
1923,KENETH,6,6,0
1923,JONATHAN,5,5,0
1924,EWART,7,7,0
1924,EVERETT,33,33,0
1924,FELIX,9,9,0
1924,ERWIN,7,7,0
1924,ERNEST,250,250,0
1924,ERVIN,9,9,0
1924,EUGENE,59,59,0
1924,EVAN,11,11,0
1924,ERIC,86,86,0
1924,ERIK,5,5,0
1924,FERDINAND,8,8,0
1924,HOWARD,237,237,0
1924,FLOYD,49,49,0
1924,KENNETH,648,648,0
1924,KEITH,85,85,0
1924,KARL,14,14,0
1924,JUNIOR,5,5,0
1924,JULIUS,7,7,0
1924,JOS,9,9,0
1924,JOE,14,14,0
1924,JIMMIE,7,7,0
1924,JEROME,23,23,0
1924,JAMES,1444,1444,0
1924,JACOB,35,35,0
1924,JACKIE,6,6,0
1924,JACK,296,296,0
1924,IVAN,72,72,0
1924,ISRAEL,8,8,0
1924,ISADORE,7,7,0
1924,ISAAC,14,14,0
1924,IRWIN,20,20,0
1924,IRVING,16,16,0
1924,IRVINE,11,11,0
1924,IRVIN,13,13,0
1924,IRA,8,8,0
1924,IAN,39,39,0
1924,LAURANCE,5,5,0
1924,LAURENCE,35,35,0
1924,LAURENT,11,11,0
1924,LAVERNE,13,13,0
1924,EMILE,19,19,0
1924,LYLE,36,36,0
1924,LUIGI,7,7,0
1924,LUCIEN,24,24,0
1924,LOYD,15,15,0
1924,LOUIS,121,121,0
1924,LORNE,122,122,0
1924,LORENZO,6,6,0
1924,LLOYD,231,231,0
1924,LIONEL,39,39,0
1924,LINDSAY,5,5,0
1924,HUGHIE,7,7,0
1924,LEWIS,28,28,0
1924,LEROY,11,11,0
1924,LEOPOLD,6,6,0
1924,LEONEL,6,6,0
1924,LEONARD,215,215,0
1924,LEON,21,21,0
1924,LEO,129,129,0
1924,LENARD,11,11,0
1924,LELAND,8,8,0
1924,LEE,6,6,0
1924,LAWRENCE,158,158,0
1924,LAWRANCE,5,5,0
1924,LESTER,10,10,0
1924,FERNAND,19,19,0
1924,HUGH,103,103,0
1924,HORACE,27,27,0
1924,GIOVANNI,16,16,0
1924,GILBERT,54,54,0
1924,GERRARD,5,5,0
1924,GEROGE,6,6,0
1924,GERARD,36,36,0
1924,GERALD,298,298,0
1924,GEOFFREY,8,8,0
1924,GAVIN,6,6,0
1924,GASTON,7,7,0
1924,GARTH,7,7,0
1924,GARNET,59,59,0
1924,GARFIELD,14,14,0
1924,FREDRICK,59,59,0
1924,FREDERICK,358,358,0
1924,FREDERIC,14,14,0
1924,FREDDIE,5,5,0
1924,FRED,51,51,0
1924,FRASER,8,8,0
1924,FRANKLIN,41,41,0
1924,FRANK,260,260,0
1924,FRANCOIS,5,5,0
1924,FRANCESCO,14,14,0
1924,FORD,5,5,0
1924,GIUSEPPE,8,8,0
1924,GLEN,52,52,0
1924,GLENDON,11,11,0
1924,GLENN,53,53,0
1924,HOMER,10,10,0
1924,HILTON,7,7,0
1924,HERMAN,19,19,0
1924,HERBERT,181,181,0
1924,HENRY,254,254,0
1924,HENRI,15,15,0
1924,HECTOR,19,19,0
1924,HARVEY,95,95,0
1924,HARTLEY,5,5,0
1924,HARRY,307,307,0
1924,HAROLD,612,612,0
1924,HUBERT,33,33,0
1924,HARLEY,10,10,0
1924,GUISEPPE,8,8,0
1924,GUIDO,6,6,0
1924,GRENVILLE,6,6,0
1924,GREGORY,6,6,0
1924,GRANT,36,36,0
1924,GRAHAM,12,12,0
1924,GORDON,649,649,0
1924,GORDEN,12,12,0
1924,GOERGE,6,6,0
1924,GODFREY,8,8,0
1924,GLENWOOD,5,5,0
1924,GUY,9,9,0
1924,EMERY,5,5,0
1924,ALLAN,203,203,0
1924,EMANUEL,6,6,0
1924,ARMANDO,7,7,0
1924,ARNOLD,79,79,0
1924,ARTHUR,447,447,0
1924,AUBREY,13,13,0
1924,AUREL,5,5,0
1924,AUSTIN,22,22,0
1924,BARRY,6,6,0
1924,BASIL,26,26,0
1924,BENJAMIN,26,26,0
1924,BENNIE,5,5,0
1924,BERNARD,141,141,0
1924,BERT,14,14,0
1924,BERTON,5,5,0
1924,BERTRAM,12,12,0
1924,BILL,12,12,0
1924,BILLIE,12,12,0
1924,BILLY,11,11,0
1924,BLAKE,8,8,0
1924,BOYD,6,6,0
1924,BRIAN,8,8,0
1924,BRUCE,188,188,0
1924,BRUNO,8,8,0
1924,BRYCE,10,10,0
1924,BURTON,13,13,0
1924,BYRON,10,10,0
1924,CALVIN,28,28,0
1924,CAMERON,23,23,0
1924,ARMAND,23,23,0
1924,CARL,102,102,0
1924,ARCHIE,22,22,0
1924,ANTONIO,26,26,0
1924,AARON,8,8,0
1924,ABRAHAM,19,19,0
1924,ADAM,10,10,0
1924,ADELARD,8,8,0
1924,ADRIAN,5,5,0
1924,AIME,6,6,0
1924,ALAN,64,64,0
1924,ALBERT,455,455,0
1924,ALCIDE,6,6,0
1924,ALDO,11,11,0
1924,ALEX,30,30,0
1924,ALEXANDER,178,178,0
1924,ALFRED,191,191,0
1924,MACKENZIE,5,5,0
1924,ALLEN,68,68,0
1924,ALOYSIUS,5,5,0
1924,ALPHONSE,13,13,0
1924,ALTON,5,5,0
1924,ALVIN,69,69,0
1924,AMBROSE,15,15,0
1924,AMOS,5,5,0
1924,ANDRE,9,9,0
1924,ANDREW,94,94,0
1924,ANGELO,17,17,0
1924,ANGUS,27,27,0
1924,ANTHONY,42,42,0
1924,ANTOINE,7,7,0
1924,ARCHIBALD,36,36,0
1924,CARLO,8,8,0
1924,CARLTON,5,5,0
1924,CARMAN,21,21,0
1924,DESMOND,14,14,0
1924,DOMENICO,5,5,0
1924,DOMINIC,11,11,0
1924,DONALD,993,993,0
1924,DOUGLAS,415,415,0
1924,DUDLEY,7,7,0
1924,DUNCAN,31,31,0
1924,DWIGHT,5,5,0
1924,EARL,170,170,0
1924,EARLE,21,21,0
1924,EARNEST,26,26,0
1924,EDDIE,6,6,0
1924,EDGAR,66,66,0
1924,EDMOND,29,29,0
1924,EDMUND,28,28,0
1924,EDWARD,532,532,0
1924,EDWIN,103,103,0
1924,EINO,6,6,0
1924,ELDON,26,26,0
1924,ELGIN,13,13,0
1924,ELI,5,5,0
1924,ELLIS,5,5,0
1924,ELLWOOD,5,5,0
1924,ELMER,89,89,0
1924,ELROY,7,7,0
1924,ELWIN,7,7,0
1924,ELWOOD,14,14,0
1924,DENNIS,23,23,0
1924,DENIS,12,12,0
1924,DELMER,9,9,0
1924,DELBERT,26,26,0
1924,CARMINE,5,5,0
1924,CARSON,9,9,0
1924,CECIL,120,120,0
1924,CHARLES,674,674,0
1924,CHARLIE,14,14,0
1924,CHESTER,15,15,0
1924,CHRISTOPHER,13,13,0
1924,CLAIR,10,10,0
1924,CLARANCE,10,10,0
1924,CLARE,16,16,0
1924,CLARENCE,195,195,0
1924,CLARKE,6,6,0
1924,CLAUDE,40,40,0
1924,EMERSON,10,10,0
1924,CLAYTON,58,58,0
1924,CLIFFORD,218,218,0
1924,CLIFTON,6,6,0
1924,CLINTON,15,15,0
1924,CLIVE,5,5,0
1924,CLYDE,9,9,0
1924,COLIN,23,23,0
1924,CONRAD,7,7,0
1924,CORNELIUS,8,8,0
1924,CYRIL,37,37,0
1924,DALTON,27,27,0
1924,DANIEL,70,70,0
1924,DAVID,352,352,0
1924,DEAN,5,5,0
1924,CLEMENT,6,6,0
1924,MALCOLM,44,44,0
1924,PIERRE,11,11,0
1924,MARIO,8,8,0
1924,JOHN,2548,2540,8
1924,JOSEPH,1785,1774,11
1924,JOSEPHINE,104,0,104
1924,JOY,19,0,19
1924,JOYCE,173,0,173
1924,JUANITA,8,0,8
1924,JUDITH,6,0,6
1924,JULIA,44,0,44
1924,JULIETTE,9,0,9
1924,JUNE,257,0,257
1924,KATHALEEN,14,0,14
1924,KATHARINE,10,0,10
1924,KATHERINE,51,0,51
1924,KATHLEEN,330,0,330
1924,JOHANNA,8,0,8
1924,KATHRYN,13,0,13
1924,KEITHA,9,0,9
1924,LAURA,142,0,142
1924,LAURETTA,7,0,7
1924,LAURETTE,17,0,17
1924,LEA,7,0,7
1924,LEAH,13,0,13
1924,LEILA,10,0,10
1924,LELA,7,0,7
1924,LENA,39,0,39
1924,LENORA,11,0,11
1924,LENORE,20,0,20
1924,LEOLA,10,0,10
1924,LEONA,54,0,54
1924,LEONE,10,0,10
1924,KATIE,11,0,11
1924,JOAN,198,0,198
1924,JESSIE,129,0,129
1924,JENNY,8,0,8
1924,HESTER,8,0,8
1924,HILDA,127,0,127
1924,HOPE,8,0,8
1924,IDA,119,0,119
1924,ILA,25,0,25
1924,ILEEN,6,0,6
1924,ILENE,12,0,12
1924,INA,34,0,34
1924,INEZ,35,0,35
1924,IONA,6,0,6
1924,IRENE,304,0,304
1924,IRIS,64,0,64
1924,IRMA,18,0,18
1924,ISABEL,100,0,100
1924,ISABELL,21,0,21
1924,ISABELLA,60,0,60
1924,ISABELLE,28,0,28
1924,JENNIE,58,0,58
1924,JEANNINE,6,0,6
1924,JEANNIE,6,0,6
1924,JEANNETTE,18,0,18
1924,JEANNE,40,0,40
1924,JEANETTE,17,0,17
1924,LEONORA,8,0,8
1924,JEAN,736,109,627
1924,JANE,49,0,49
1924,JACQUELINE,41,0,41
1924,J,1053,1042,11
1924,IVY,43,0,43
1924,IVA,29,0,29
1924,ISOBEL,51,0,51
1924,JANET,62,0,62
1924,HENRIETTA,13,0,13
1924,LEOTA,6,0,6
1924,LETA,9,0,9
1924,MARGARET,1430,0,1430
1924,MARGARETT,7,0,7
1924,MARGARETTE,6,0,6
1924,MARGARITE,6,0,6
1924,MARGERY,26,0,26
1924,MARGORIE,6,0,6
1924,MARGRET,15,0,15
1924,MARGUERIT,11,0,11
1924,MARGUERITE,157,0,157
1924,MARGURITE,6,0,6
1924,MARIA,89,0,89
1924,MARIAN,86,0,86
1924,MARIE,1294,0,1294
1924,MARIETTE,6,0,6
1924,MARCELLA,10,0,10
1924,MARILYN,17,0,17
1924,MARJORIE,396,0,396
1924,MARJORY,86,0,86
1924,MARTHA,78,0,78
1924,MARY,2295,9,2286
1924,CARRIE,9,0,9
1924,MAUD,12,0,12
1924,MAUREEN,10,0,10
1924,MAVIS,24,0,24
1924,MAXINE,25,0,25
1924,MAY,64,0,64
1924,MELBA,10,0,10
1924,MERLE,25,7,18
1924,MICHAEL,130,124,6
1924,MILDRED,314,0,314
1924,MARION,547,0,547
1924,MAISIE,7,0,7
1924,MAE,12,0,12
1924,MADGE,7,0,7
1924,LILA,34,0,34
1924,LILIAN,57,0,57
1924,LILLIAN,285,0,285
1924,LILLIE,18,0,18
1924,LILLY,11,0,11
1924,LILY,45,0,45
1924,LINA,8,0,8
1924,LOIS,229,0,229
1924,LOLA,17,0,17
1924,LORAINE,20,0,20
1924,LOREEN,9,0,9
1924,LORENE,8,0,8
1924,LORETTA,44,0,44
1924,LORNA,86,0,86
1924,LORRAINE,48,0,48
1924,LOTTIE,12,0,12
1924,LOUISA,24,0,24
1924,MADELINE,76,0,76
1924,MADELEINE,12,0,12
1924,MADALINE,10,0,10
1924,MABLE,26,0,26
1924,MABEL,118,0,118
1924,M,1140,7,1133
1924,LESLIE,119,113,6
1924,LYDIA,11,0,11
1924,LUCY,52,0,52
1924,LUCILLE,41,0,41
1924,LUCILE,9,0,9
1924,LUCIENNE,9,0,9
1924,LUCIA,7,0,7
1924,LOUISE,36,0,36
1924,LUELLA,24,0,24
1924,MILLICENT,10,0,10
1924,HELVI,6,0,6
1924,HELENE,18,0,18
1924,BARBARA,195,0,195
1924,BEATRICE,211,0,211
1924,BELLA,8,0,8
1924,BERNADETTE,9,0,9
1924,BERNICE,157,0,157
1924,BERTHA,92,0,92
1924,BERYL,27,0,27
1924,BESSIE,71,0,71
1924,BETSY,9,0,9
1924,BETTIE,7,0,7
1924,BETTY,435,0,435
1924,BEULAH,39,0,39
1924,BEVERLEY,33,17,16
1924,BEVERLY,20,7,13
1924,BABY,945,528,417
1924,BLANCH,8,0,8
1924,BRIDGET,16,0,16
1924,BURNICE,6,0,6
1924,CARMEL,9,0,9
1924,CARMELA,8,0,8
1924,CARMEN,19,10,9
1924,CAROL,17,0,17
1924,CAROLINE,25,0,25
1924,EFFIE,12,0,12
1924,EILEEN,185,0,185
1924,ELAINE,32,0,32
1924,ELDA,16,0,16
1924,ELEANOR,228,0,228
1924,ELEANORE,6,0,6
1924,ELENA,7,0,7
1924,BLANCHE,53,0,53
1924,AUDRY,22,0,22
1924,AUDRIE,8,0,8
1924,AUDREY,461,5,456
1924,ADA,71,0,71
1924,ADELE,16,0,16
1924,ADELINE,19,0,19
1924,ADRIENNE,8,0,8
1924,AGNES,182,0,182
1924,AILEEN,47,0,47
1924,ALBERTA,29,0,29
1924,ALDA,14,0,14
1924,ALEXANDRA,9,0,9
1924,ALFREDA,6,0,6
1924,ALICE,319,0,319
1924,ALINE,10,0,10
1924,ALMA,97,0,97
1924,ALTA,7,0,7
1924,ALVA,7,0,7
1924,AMELIA,15,0,15
1924,AMY,31,0,31
1924,ARLINE,7,0,7
1924,ARLIE,7,0,7
1924,ANTOINETTE,8,0,8
1924,ANNIE,368,0,368
1924,ANNETTE,12,0,12
1924,ANNETTA,8,0,8
1924,ELENOR,13,0,13
1924,ANNE,67,0,67
1924,ANNA,238,0,238
1924,ANN,29,0,29
1924,ANITA,25,0,25
1924,ANGELINE,6,0,6
1924,ANGELINA,12,0,12
1924,ANGELA,11,0,11
1924,ANNABELLE,7,0,7
1924,HELLEN,24,0,24
1924,ELINOR,24,0,24
1924,ELIZABETH,473,0,473
1924,FREDA,56,0,56
1924,FREIDA,8,0,8
1924,FRIEDA,10,0,10
1924,GENEVIEVE,17,0,17
1924,GEORGE,1183,1177,6
1924,GEORGETTE,19,0,19
1924,GEORGINA,66,0,66
1924,GERALDINE,75,0,75
1924,GERMAINE,15,0,15
1924,GERTIE,6,0,6
1924,GERTRUDE,163,0,163
1924,GLADYS,296,0,296
1924,GLENNA,11,0,11
1924,GLORIA,111,0,111
1924,FRANCIS,348,294,54
1924,GOLDA,7,0,7
1924,GRACE,214,0,214
1924,GRETA,15,0,15
1924,GRETTA,7,0,7
1924,GWENDOLINE,21,0,21
1924,GWENDOLYN,58,0,58
1924,GWENDOLYNE,8,0,8
1924,GWYNNETH,6,0,6
1924,HANNAH,22,0,22
1924,HARRIET,20,0,20
1924,HARRIETT,9,0,9
1924,HATTIE,7,0,7
1924,HAZEL,221,0,221
1924,HELEN,973,0,973
1924,HELENA,33,0,33
1924,GOLDIE,17,0,17
1924,FRANCES,326,19,307
1924,FLOSSIE,8,0,8
1924,FLORENCE,404,0,404
1924,ELLA,67,0,67
1924,ELLEN,125,0,125
1924,ELMA,12,0,12
1924,ELSA,8,0,8
1924,ELSIE,185,0,185
1924,ELVA,56,0,56
1924,EMILY,62,0,62
1924,EMMA,59,0,59
1924,ENA,6,0,6
1924,ENID,34,0,34
1924,ERMA,28,0,28
1924,ERNA,6,0,6
1924,ESTELLA,11,0,11
1924,ESTELLE,13,0,13
1924,ESTER,14,0,14
1924,ESTHER,62,0,62
1924,ETHEL,209,0,209
1924,FLORANCE,6,0,6
1924,FLORA,38,0,38
1924,FERNANDE,7,0,7
1924,FERN,23,0,23
1924,FAY,7,0,7
1924,FANNY,16,0,16
1924,ELIZA,11,0,11
1924,FANNIE,11,0,11
1924,EVELINE,17,0,17
1924,EVA,154,0,154
1924,EUPHEMIA,7,0,7
1924,EUNICE,43,0,43
1924,EUGENIA,7,0,7
1924,ETTA,12,0,12
1924,EVELYN,365,0,365
1924,MARCEL,19,19,0
1924,MINA,9,0,9
1924,MIRIAM,33,0,33
1924,SYDNEY,32,32,0
1924,STUART,49,49,0
1924,STEWART,52,52,0
1924,STEVEN,8,8,0
1924,STEVE,11,11,0
1924,STEPHEN,41,41,0
1924,STANLEY,276,276,0
1924,SMITH,5,5,0
1924,SIMON,13,13,0
1924,SIDNEY,61,61,0
1924,SCOTT,7,7,0
1924,SAUL,6,6,0
1924,SANTO,5,5,0
1924,SAMUEL,101,101,0
1924,SYLVESTER,10,10,0
1924,SAM,17,17,0
1924,RUSSELL,153,153,0
1924,RUSSEL,42,42,0
1924,RUDOLPH,16,16,0
1924,RUBEN,5,5,0
1924,ROYAL,9,9,0
1924,ROY,284,284,0
1924,ROWLAND,7,7,0
1924,ROSS,140,140,0
1924,ROSARIO,5,5,0
1924,RONALD,249,249,0
1924,ROMEO,15,15,0
1924,ROLLAND,12,12,0
1924,ROLAND,40,40,0
1924,ROGER,50,50,0
1924,SALVATORE,13,13,0
1924,TEDDY,8,8,0
1924,TERENCE,6,6,0
1924,THEODORE,24,24,0
1924,EDNA,269,0,269
1924,EDYTHE,12,0,12
1924,WRAY,6,6,0
1924,WOODROW,5,5,0
1924,WILSON,9,9,0
1924,WILMOT,6,6,0
1924,WILMER,9,9,0
1924,WILLIS,10,10,0
1924,WILLIE,6,6,0
1924,WILLARD,22,22,0
1924,WILFRID,35,35,0
1924,WILFRED,181,181,0
1924,WILBUR,14,14,0
1924,WILBERT,57,57,0
1924,WESLEY,43,43,0
1924,WELLINGTON,8,8,0
1924,WELDON,6,6,0
1924,THOMAS,626,626,0
1924,TOM,10,10,0
1924,TONY,7,7,0
1924,TREVOR,6,6,0
1924,VERNER,7,7,0
1924,VERNON,64,64,0
1924,RODNEY,15,15,0
1924,VICTOR,133,133,0
1924,WALLACE,91,91,0
1924,WALTER,340,340,0
1924,WARD,5,5,0
1924,WARREN,42,42,0
1924,WASYL,8,8,0
1924,WAYNE,5,5,0
1924,VINCENT,65,65,0
1924,EDITH,279,0,279
1924,RODERICK,23,23,0
1924,ROBERT,1447,1447,0
1924,NICK,14,14,0
1924,NICHOLAS,24,24,0
1924,NELSON,54,54,0
1924,NEIL,33,33,0
1924,NATHAN,11,11,0
1924,NAPOLEON,8,8,0
1924,MURRY,6,6,0
1924,MURRAY,145,145,0
1924,MOSES,6,6,0
1924,MORRIS,55,55,0
1924,MORLEY,25,25,0
1924,MILTON,51,51,0
1924,MILFORD,5,5,0
1924,MIKE,40,40,0
1924,NICKOLAS,6,6,0
1924,MERVYN,20,20,0
1924,MERTON,7,7,0
1924,MERRILL,6,6,0
1924,MELVIN,60,60,0
1924,MELVILLE,47,47,0
1924,MAYNARD,6,6,0
1924,MAXWELL,19,19,0
1924,MAX,24,24,0
1924,MAURICE,87,87,0
1924,MATTHEW,18,18,0
1924,MATHEW,7,7,0
1924,MARVIN,18,18,0
1924,MARTIN,33,33,0
1924,MARSHALL,12,12,0
1924,MARK,7,7,0
1924,MERVIN,37,37,0
1924,NICOLA,5,5,0
1924,NORBERT,8,8,0
1924,NORMAN,360,360,0
1924,RICHARD,234,234,0
1924,REUBEN,10,10,0
1924,RENE,26,26,0
1924,REINO,9,9,0
1924,REGINALD,111,111,0
1924,REAL,9,9,0
1924,RAYMOND,239,239,0
1924,RAY,41,41,0
1924,RAPHAEL,7,7,0
1924,RAOUL,7,7,0
1924,RALPH,169,169,0
1924,PRESTON,5,5,0
1924,PHILLIP,22,22,0
1924,PHILIP,59,59,0
1924,PETER,186,186,0
1924,PETE,6,6,0
1924,PERCY,55,55,0
1924,NORMAND,7,7,0
1924,OLIVER,31,31,0
1924,OMER,19,19,0
1924,ORLAND,12,12,0
1924,ORVAL,37,37,0
1924,ORVIL,5,5,0
1924,ROCCO,6,6,0
1924,ORVILLE,34,34,0
1924,OSWALD,8,8,0
1924,OWEN,22,22,0
1924,PASQUALE,5,5,0
1924,PATRICK,92,92,0
1924,PAUL,163,163,0
1924,PERCIVAL,8,8,0
1924,OSCAR,25,25,0
1924,MINNIE,27,0,27
1924,DORTHY,23,0,23
1924,DORRIS,6,0,6
1924,RACHEL,18,0,18
1924,REBECCA,21,0,21
1924,REGINA,13,0,13
1924,RENA,12,0,12
1924,RETA,134,0,134
1924,RHEA,7,0,7
1924,RHODA,26,0,26
1924,RITA,153,0,153
1924,ROBERTA,19,0,19
1924,ROMA,6,0,6
1924,ROSA,18,0,18
1924,ROSALINE,6,0,6
1924,ROSE,142,0,142
1924,ROSELLA,10,0,10
1924,PRISCILLA,6,0,6
1924,ROSEMARY,14,0,14
1924,ROSINA,14,0,14
1924,RUBY,140,0,140
1924,RUTH,577,0,577
1924,SADIE,35,0,35
1924,SARA,10,0,10
1924,SARAH,113,0,113
1924,SHEILA,21,0,21
1924,SHIRLEY,384,6,378
1924,SIMONE,7,0,7
1924,SIMONNE,6,0,6
1924,SOPHIA,11,0,11
1924,SOPHIE,17,0,17
1924,STELLA,79,0,79
1924,SUSAN,18,0,18
1924,ROSIE,46,0,46
1924,PHYLLIS,242,0,242
1924,PHYLISS,9,0,9
1924,PHYLIS,35,0,35
1924,MOLLY,8,0,8
1924,MONA,30,0,30
1924,MONICA,25,0,25
1924,MURIEL,282,0,282
1924,MYRA,16,0,16
1924,MYRTLE,139,0,139
1924,NANCY,65,0,65
1924,NAOMI,17,0,17
1924,NELDA,10,0,10
1924,NELLIE,59,0,59
1924,NELLY,8,0,8
1924,NETTIE,8,0,8
1924,NINA,27,0,27
1924,NOELLA,9,0,9
1924,NORA,76,0,76
1924,NORAH,19,0,19
1924,NOREEN,21,0,21
1924,PHOEBE,6,0,6
1924,PHILLIS,21,0,21
1924,PEGGY,17,0,17
1924,PEARL,106,0,106
1924,PAULINE,72,0,72
1924,PATRICIA,155,0,155
1924,SUZANNE,7,0,7
1924,PANSY,7,0,7
1924,ORMA,8,0,8
1924,OPAL,7,0,7
1924,OLIVE,191,0,191
1924,OLGA,71,0,71
1924,OLA,9,0,9
1924,NORMA,349,5,344
1924,PAMELA,6,0,6
1924,DORTHEY,7,0,7
1924,SYBIL,15,0,15
1924,TERESA,35,0,35
1924,CHRISTENA,6,0,6
1924,CHRISTINA,29,0,29
1924,CHRISTINE,16,0,16
1924,CLAIRE,31,6,25
1924,CLARA,87,0,87
1924,CLARICE,8,0,8
1924,COLEEN,6,0,6
1924,COLLEEN,6,0,6
1924,CONSTANCE,76,0,76
1924,CORA,31,0,31
1924,CORINNE,6,0,6
1924,DAISY,38,0,38
1924,DAPHNE,11,0,11
1924,DELIA,9,0,9
1924,CHARLOTTE,51,0,51
1924,DELLA,18,0,18
1924,DOLLY,6,0,6
1924,DOLORES,10,0,10
1924,DONALDA,14,0,14
1924,DONELDA,7,0,7
1924,DONNA,40,0,40
1924,DORA,78,0,78
1924,DORATHY,11,0,11
1924,DOREEN,163,0,163
1924,DORENE,8,0,8
1924,DORETHY,7,0,7
1924,DORINE,9,0,9
1924,DORIS,627,0,627
1924,DOROTHEA,27,0,27
1924,DOROTHY,1135,0,1135
1924,DIANA,9,0,9
1924,CELINA,6,0,6
1924,CECILIA,19,0,19
1924,CECILE,27,0,27
1924,THELMA,201,0,201
1924,THERESA,52,0,52
1924,THERESE,19,0,19
1924,UNA,7,0,7
1924,VELMA,87,0,87
1924,VERA,179,0,179
1924,VERDA,6,0,6
1924,VERLA,14,0,14
1924,VERNA,129,0,129
1924,VERONICA,26,0,26
1924,VICTORIA,47,0,47
1924,VIOLA,94,0,94
1924,VIOLET,200,0,200
1924,VIRGINIA,54,0,54
1924,VIVIAN,84,6,78
1924,WANDA,25,0,25
1924,WILDA,14,0,14
1924,CECELIA,6,0,6
1924,CATHRINE,8,0,8
1924,CATHERINE,205,0,205
1924,CATHARINE,45,0,45
1924,ZELLA,7,0,7
1924,ZELDA,6,0,6
1924,SYLVIA,52,0,52
1924,YVONNE,32,0,32
1924,WINNIFRED,84,0,84
1924,WINIFRED,36,0,36
1924,WILMA,68,0,68
1924,WILLIAM,2583,2573,10
1924,WILLA,6,0,6
1924,WILHELMINA,6,0,6
1924,YVETTE,13,0,13
1924,ARLENE,11,0,11
1924,MATILDA,12,0,12
1925,BLANCH,9,0,9
1925,ANNETTA,6,0,6
1925,ANNE,62,0,62
1925,ANNABELLE,7,0,7
1925,ANNA,231,0,231
1925,ANN,36,0,36
1925,ANITA,27,0,27
1925,ANGELINE,7,0,7
1925,ANGELINA,14,0,14
1925,ANGELA,10,0,10
1925,AMY,32,0,32
1925,AMELIA,26,0,26
1925,ALVA,8,0,8
1925,ALTA,6,0,6
1925,ALMA,72,0,72
1925,ALINE,7,0,7
1925,ALICE,295,0,295
1925,ALFREDA,11,0,11
1925,ALDA,8,0,8
1925,ALBERTA,17,0,17
1925,AILEEN,44,0,44
1925,AGNES,196,0,196
1925,ADELINE,16,0,16
1925,ADELE,10,0,10
1925,ADA,55,0,55
1925,RALPH,176,176,0
1925,PIETRO,9,9,0
1925,PIERRE,5,5,0
1925,ANNETTE,18,0,18
1925,PHILLIP,23,23,0
1925,ANNIE,354,0,354
1925,ARLENE,7,0,7
1925,CATHARINE,50,0,50
1925,CARRIE,10,0,10
1925,CAROLINE,26,0,26
1925,CAROL,8,0,8
1925,CARMEN,23,8,15
1925,CARMEL,12,0,12
1925,BUELAH,7,0,7
1925,BRIDGET,13,0,13
1925,BONNIE,9,0,9
1925,BLANCHE,57,0,57
1925,RAOUL,12,12,0
1925,BEVERLY,21,10,11
1925,BEVERLEY,35,13,22
1925,BEULAH,30,0,30
1925,BETTY,509,0,509
1925,BETSY,7,0,7
1925,BESSIE,67,0,67
1925,BERYL,36,0,36
1925,BERTHA,90,0,90
1925,BERNICE,178,0,178
1925,BERNADETTE,11,0,11
1925,BELLA,16,0,16
1925,BEATRICE,192,0,192
1925,BARBARA,258,0,258
1925,BABY,810,463,347
1925,AUDRY,17,0,17
1925,AUDREY,447,0,447
1925,ANTOINETTE,10,0,10
1925,CATHERINE,200,0,200
1925,PHILIPPE,5,5,0
1925,PETER,194,194,0
1925,AURELE,7,7,0
1925,AUSTIN,14,14,0
1925,AYLMER,5,5,0
1925,BARRY,8,8,0
1925,BASIL,37,37,0
1925,BENJAMIN,35,35,0
1925,BERNARD,120,120,0
1925,BERT,13,13,0
1925,BERTRAM,23,23,0
1925,BILL,11,11,0
1925,BILLIE,6,6,0
1925,BILLY,12,12,0
1925,BLAKE,10,10,0
1925,BRIAN,10,10,0
1925,BRUCE,172,172,0
1925,BRUNO,11,11,0
1925,BURTON,13,13,0
1925,BYRON,8,8,0
1925,CALVIN,46,46,0
1925,CAMERON,18,18,0
1925,CARL,108,108,0
1925,CARMAN,20,20,0
1925,CARMINE,5,5,0
1925,CECIL,108,108,0
1925,CHARLES,639,639,0
1925,CHARLEY,5,5,0
1925,CHARLIE,11,11,0
1925,AUBREY,12,12,0
1925,PHILIP,79,79,0
1925,ARTHUR,492,492,0
1925,ARMAND,24,24,0
1925,PETE,6,6,0
1925,AARON,7,7,0
1925,ABRAHAM,27,27,0
1925,ADAM,10,10,0
1925,ADELARD,7,7,0
1925,ALAN,83,83,0
1925,ALBERT,420,420,0
1925,ALDO,8,8,0
1925,ALEX,29,29,0
1925,ALEXANDER,174,174,0
1925,ALFRED,185,185,0
1925,ALFREDO,6,6,0
1925,ALLAN,168,168,0
1925,ALLEN,85,85,0
1925,ALPHONSE,8,8,0
1925,ALVIN,81,81,0
1925,AMBROSE,6,6,0
1925,AMOS,5,5,0
1925,ANDRE,10,10,0
1925,ANDREW,96,96,0
1925,ANGELO,12,12,0
1925,ANGUS,36,36,0
1925,ANTHONY,37,37,0
1925,ANTOINE,6,6,0
1925,ANTONIO,21,21,0
1925,ARCHIBALD,36,36,0
1925,ARCHIE,36,36,0
1925,ARNOLD,91,91,0
1925,CHESTER,13,13,0
1925,CECELIA,7,0,7
1925,CECILIA,19,0,19
1925,GENEVIEVE,23,0,23
1925,GENEVA,6,0,6
1925,GENE,8,0,8
1925,FRIEDA,8,0,8
1925,FREIDA,10,0,10
1925,FREDA,43,0,43
1925,FRANCOISE,6,0,6
1925,FRANCIS,352,290,62
1925,FRANCES,270,14,256
1925,FLOSSIE,9,0,9
1925,FLORENCE,380,0,380
1925,FLORANCE,6,0,6
1925,FLORA,35,0,35
1925,FERNANDE,10,0,10
1925,FERN,36,0,36
1925,FAY,8,0,8
1925,FANNY,11,0,11
1925,FANNIE,9,0,9
1925,FAITH,6,0,6
1925,EVELYNE,9,0,9
1925,EVELYN,340,0,340
1925,EVELINE,20,0,20
1925,EVA,152,0,152
1925,EUNICE,45,0,45
1925,EULA,7,0,7
1925,EUGENIA,7,0,7
1925,ETTA,7,0,7
1925,GEORGETTE,24,0,24
1925,ETHEL,201,0,201
1925,GEORGINA,69,0,69
1925,GERMAINE,11,0,11
1925,ILENE,16,0,16
1925,ILEEN,15,0,15
1925,ILA,15,0,15
1925,IDA,89,0,89
1925,HILDRED,6,0,6
1925,HILDA,131,0,131
1925,HENRIETTA,16,0,16
1925,HELLEN,21,0,21
1925,HELENE,16,0,16
1925,HELENA,26,0,26
1925,HELEN,946,0,946
1925,HAZEL,200,0,200
1925,HARRIETT,10,0,10
1925,HARRIET,34,0,34
1925,HANNAH,17,0,17
1925,GWYNETH,10,0,10
1925,GWENYTH,7,0,7
1925,GWENDOLYN,86,0,86
1925,GWENDOLINE,16,0,16
1925,GRETTA,7,0,7
1925,GRETA,11,0,11
1925,GRACE,207,0,207
1925,GOLDIE,18,0,18
1925,GLORIA,157,0,157
1925,GLENNA,15,0,15
1925,GLADYS,269,0,269
1925,GERTRUDE,146,0,146
1925,GERALDINE,79,0,79
1925,CECILE,34,0,34
1925,ESTHER,61,0,61
1925,ESTELLE,9,0,9
1925,DORATHY,10,0,10
1925,DORAS,8,0,8
1925,DORA,55,0,55
1925,DONNA,48,0,48
1925,DONELDA,6,0,6
1925,DONALDA,14,0,14
1925,DOLORES,9,0,9
1925,DIANA,16,0,16
1925,DELORES,7,0,7
1925,DELLA,19,0,19
1925,DELIA,8,0,8
1925,DAWN,6,0,6
1925,DAPHNE,8,0,8
1925,DAISY,30,0,30
1925,CORINNE,12,0,12
1925,CORA,35,0,35
1925,CONSTANCE,63,0,63
1925,COLLEEN,14,0,14
1925,CLAUDIA,7,0,7
1925,CLARICE,6,0,6
1925,CLARE,23,13,10
1925,CLARA,80,0,80
1925,CLAIRE,31,0,31
1925,CHRISTINE,11,0,11
1925,CHRISTINA,40,0,40
1925,CHRISTENA,10,0,10
1925,CHARLOTTE,33,0,33
1925,DOREEN,168,0,168
1925,ESTER,6,0,6
1925,DORETHY,6,0,6
1925,DORIS,566,0,566
1925,ESTELLA,7,0,7
1925,ERMA,32,0,32
1925,ENID,20,0,20
1925,ENA,6,0,6
1925,EMMA,58,0,58
1925,EMILY,33,0,33
1925,ELVA,42,0,42
1925,ELSIE,200,0,200
1925,ELMA,17,0,17
1925,ELLEN,89,0,89
1925,ELLA,56,0,56
1925,ELIZABETH,453,0,453
1925,ELIZA,10,0,10
1925,ELINOR,23,0,23
1925,ELENOR,9,0,9
1925,ELENA,7,0,7
1925,ELEANOR,211,0,211
1925,ELDA,17,0,17
1925,ELAINE,40,0,40
1925,EILEEN,199,0,199
1925,EFFIE,10,0,10
1925,EDYTHE,17,0,17
1925,EDNA,243,0,243
1925,EDITH,239,0,239
1925,DORTHY,32,0,32
1925,DOROTHY,1092,5,1087
1925,DOROTHEA,30,0,30
1925,DORINE,10,0,10
1925,CHRISTOPHER,10,10,0
1925,CLAIR,11,11,0
1925,CLARANCE,6,6,0
1925,LAURENCE,41,41,0
1925,LAURENT,9,9,0
1925,LAVERN,7,7,0
1925,LAVERNE,6,6,0
1925,LAWRENCE,178,178,0
1925,LEE,5,5,0
1925,LELAND,9,9,0
1925,LENARD,13,13,0
1925,LENORD,5,5,0
1925,LEO,131,131,0
1925,LEON,19,19,0
1925,LEONARD,230,230,0
1925,LEONEL,5,5,0
1925,LEROY,9,9,0
1925,LESLIE,127,127,0
1925,LESTER,13,13,0
1925,LEWIS,37,37,0
1925,LINDSAY,8,8,0
1925,LIONEL,38,38,0
1925,LLOYD,229,229,0
1925,LORENZO,8,8,0
1925,LORNE,151,151,0
1925,LOUIS,108,108,0
1925,LOYD,14,14,0
1925,LUCIEN,12,12,0
1925,LUIGI,9,9,0
1925,LYLE,44,44,0
1925,LARRY,5,5,0
1925,LYMAN,6,6,0
1925,KENNETH,667,667,0
1925,KARL,12,12,0
1925,HUBERT,46,46,0
1925,HUGH,109,109,0
1925,IAN,31,31,0
1925,IRVIN,9,9,0
1925,IRVINE,7,7,0
1925,IRVING,16,16,0
1925,IRWIN,21,21,0
1925,ISAAC,8,8,0
1925,ISADORE,6,6,0
1925,ISRAEL,12,12,0
1925,IVAN,83,83,0
1925,J,204,204,0
1925,JACK,306,306,0
1925,JACKIE,12,12,0
1925,JACKSON,6,6,0
1925,JACOB,11,11,0
1925,JAMES,1346,1346,0
1925,JEREMIAH,8,8,0
1925,JEROME,20,20,0
1925,JIM,8,8,0
1925,JOE,19,19,0
1925,JOHNNY,6,6,0
1925,JOS,5,5,0
1925,JOSEPHAT,8,8,0
1925,JULIEN,5,5,0
1925,JULIUS,9,9,0
1925,JUNIOR,5,5,0
1925,KEITH,92,92,0
1925,HOWARD,249,249,0
1925,LYNN,6,6,0
1925,MALCOM,5,5,0
1925,MURRY,6,6,0
1925,MYLES,5,5,0
1925,NAPOLEON,6,6,0
1925,NATHAN,14,14,0
1925,NATHANIEL,6,6,0
1925,NEIL,27,27,0
1925,NELSON,37,37,0
1925,NICHOLAS,24,24,0
1925,NICK,13,13,0
1925,NOBLE,5,5,0
1925,NOEL,9,9,0
1925,NORMAN,396,396,0
1925,NORRIS,5,5,0
1925,NORVAL,5,5,0
1925,OLIVER,25,25,0
1925,OMER,10,10,0
1925,ORMOND,7,7,0
1925,ORVAL,36,36,0
1925,ORVIL,10,10,0
1925,ORVILLE,24,24,0
1925,OSCAR,32,32,0
1925,OSWALD,5,5,0
1925,OTTO,6,6,0
1925,OWEN,18,18,0
1925,PASQUALE,6,6,0
1925,PATRICK,92,92,0
1925,PAUL,177,177,0
1925,MURRAY,145,145,0
1925,MALCOLM,37,37,0
1925,MOSES,6,6,0
1925,MORRIS,40,40,0
1925,MARCEL,12,12,0
1925,MARIO,11,11,0
1925,MARK,14,14,0
1925,MARSHALL,12,12,0
1925,MARTIN,31,31,0
1925,MARVIN,14,14,0
1925,MATHEW,6,6,0
1925,MATTHEW,12,12,0
1925,MAURICE,103,103,0
1925,MAX,29,29,0
1925,MAXWELL,14,14,0
1925,MAYNARD,8,8,0
1925,MELBOURNE,5,5,0
1925,MELVILLE,42,42,0
1925,MELVIN,59,59,0
1925,MERTON,6,6,0
1925,MERVIN,29,29,0
1925,MERVYN,11,11,0
1925,MICHAEL,124,124,0
1925,MICHEAL,5,5,0
1925,MICHEL,8,8,0
1925,MICHELE,5,5,0
1925,MIKE,37,37,0
1925,MILFORD,5,5,0
1925,MILTON,54,54,0
1925,MORGAN,9,9,0
1925,MORLEY,34,34,0
1925,MORTON,9,9,0
1925,HORACE,24,24,0
1925,HOMER,10,10,0
1925,HIRAM,6,6,0
1925,DONAT,6,6,0
1925,DONOVAN,5,5,0
1925,DOUGLAS,379,379,0
1925,DUDLEY,8,8,0
1925,DUNCAN,31,31,0
1925,DWIGHT,6,6,0
1925,EARL,194,194,0
1925,EARLE,23,23,0
1925,EARNEST,27,27,0
1925,EDDIE,12,12,0
1925,EDGAR,83,83,0
1925,EDMOND,20,20,0
1925,EDMUND,34,34,0
1925,EDOUARD,7,7,0
1925,EDWARD,538,538,0
1925,EDWIN,107,107,0
1925,EINO,7,7,0
1925,ELDON,18,18,0
1925,ELGIN,13,13,0
1925,ELI,7,7,0
1925,ELIO,8,8,0
1925,ELLIS,5,5,0
1925,ELLWOOD,7,7,0
1925,ELMER,76,76,0
1925,ELTON,5,5,0
1925,ELVIN,12,12,0
1925,ELWOOD,17,17,0
1925,DONALD,1081,1081,0
1925,EMERSON,21,21,0
1925,DOMINIC,6,6,0
1925,DOMENIC,5,5,0
1925,CLARENCE,189,189,0
1925,CLARK,7,7,0
1925,CLAUD,5,5,0
1925,CLAUDE,26,26,0
1925,CLAYTON,51,51,0
1925,CLEMENT,11,11,0
1925,CLIFFORD,183,183,0
1925,CLIFTON,7,7,0
1925,CLINTON,15,15,0
1925,CLYDE,8,8,0
1925,COLIN,27,27,0
1925,CONRAD,5,5,0
1925,CONSTANTINE,5,5,0
1925,CORNELIUS,6,6,0
1925,CRAIG,6,6,0
1925,CYRIL,27,27,0
1925,DALTON,21,21,0
1925,DANIEL,80,80,0
1925,DARCY,5,5,0
1925,DAVID,354,354,0
1925,DEAN,8,8,0
1925,DELBERT,28,28,0
1925,DELMER,9,9,0
1925,DENIS,17,17,0
1925,DENNIS,39,39,0
1925,DESMOND,12,12,0
1925,DINO,6,6,0
1925,DOMENICO,7,7,0
1925,EMIL,6,6,0
1925,EMILE,9,9,0
1925,EMMANUEL,6,6,0
1925,GIOVANNI,12,12,0
1925,GIRARD,7,7,0
1925,GLEN,60,60,0
1925,GLENN,41,41,0
1925,GORDEN,12,12,0
1925,GORDON,604,604,0
1925,GRAHAM,16,16,0
1925,GRANT,29,29,0
1925,GRAYDON,5,5,0
1925,GREGORY,7,7,0
1925,GUIDO,6,6,0
1925,GUISEPPE,13,13,0
1925,GUY,5,5,0
1925,HARLAND,5,5,0
1925,HARLEY,17,17,0
1925,HAROLD,579,579,0
1925,HARRIS,6,6,0
1925,HARRISON,6,6,0
1925,HARRY,266,266,0
1925,HARTLEY,7,7,0
1925,HARVEY,101,101,0
1925,HECTOR,20,20,0
1925,HENRI,16,16,0
1925,HENRY,214,214,0
1925,HERBERT,182,182,0
1925,HERMAN,22,22,0
1925,HILTON,7,7,0
1925,GINO,9,9,0
1925,GILBERT,62,62,0
1925,GERRARD,5,5,0
1925,GERARD,50,50,0
1925,EMMERSON,6,6,0
1925,ERIC,84,84,0
1925,ERNEST,245,245,0
1925,ERNST,6,6,0
1925,EUGENE,51,51,0
1925,EVAN,9,9,0
1925,EVERETT,25,25,0
1925,EWART,9,9,0
1925,FELIX,5,5,0
1925,FERDINAND,7,7,0
1925,FERNAND,18,18,0
1925,FLOYD,42,42,0
1925,FRANCESCO,12,12,0
1925,INA,32,0,32
1925,FRANCOIS,10,10,0
1925,FRANKLIN,34,34,0
1925,FRASER,5,5,0
1925,FRED,59,59,0
1925,FREDERIC,17,17,0
1925,FREDERICK,341,341,0
1925,FREDRICK,57,57,0
1925,FREEMAN,8,8,0
1925,GARFIELD,14,14,0
1925,GARNET,49,49,0
1925,GASTON,6,6,0
1925,GEOFFREY,5,5,0
1925,GEORGE,1150,1150,0
1925,GERALD,314,314,0
1925,FRANK,262,262,0
1925,PERCIVAL,6,6,0
1925,INEZ,25,0,25
1925,IRENE,300,0,300
1925,VALERIE,9,0,9
1925,UNA,6,0,6
1925,THORA,12,0,12
1925,THERESE,35,0,35
1925,THERESA,69,0,69
1925,THELMA,150,0,150
1925,TERESA,68,0,68
1925,SYLVIA,54,0,54
1925,SYBIL,14,0,14
1925,SUZANNE,6,0,6
1925,SUSAN,11,0,11
1925,STILLBIRTH,19,8,11
1925,STELLA,91,0,91
1925,SOPHIE,19,0,19
1925,SOPHIA,12,0,12
1925,VELMA,84,0,84
1925,VERA,181,0,181
1925,VERNA,144,0,144
1925,VERONICA,23,0,23
1925,YVETTE,20,0,20
1925,WINONA,6,0,6
1925,WINNIFRED,79,0,79
1925,WINIFRED,35,0,35
1925,WILMA,74,0,74
1925,WILLIAM,2518,2511,7
1925,WILLA,13,0,13
1925,SIMONNE,6,0,6
1925,WILHELMINA,8,0,8
1925,WANDA,33,0,33
1925,VIVIAN,76,0,76
1925,VIRGINIA,59,0,59
1925,VIOLET,174,0,174
1925,VIOLA,86,0,86
1925,VIDA,8,0,8
1925,VICTORIA,38,0,38
1925,WILDA,20,0,20
1925,YVONNE,40,0,40
1925,SIMONE,12,0,12
1925,SHEILA,29,0,29
1925,RHODA,21,0,21
1925,RHEA,12,0,12
1925,REVA,6,0,6
1925,RETA,128,0,128
1925,RENA,19,0,19
1925,REBECCA,8,0,8
1925,RACHEL,18,0,18
1925,PRISCILLA,10,0,10
1925,POLLY,6,0,6
1925,PHYLLIS,216,0,216
1925,PHYLISS,14,0,14
1925,PHYLIS,29,0,29
1925,PHOEBE,6,0,6
1925,PHILLIS,8,0,8
1925,PHILIS,8,0,8
1925,RITA,175,0,175
1925,ROBERT,1508,1502,6
1925,ROBERTA,19,0,19
1925,ROLANDE,6,0,6
1925,SELMA,7,0,7
1925,SARAH,105,0,105
1925,SARA,10,0,10
1925,SADIE,27,0,27
1925,RUTH,485,0,485
1925,RUBY,142,0,142
1925,ROSINA,9,0,9
1925,SHIRLEY,498,0,498
1925,ROSIE,32,0,32
1925,ROSELLA,6,0,6
1925,ROSE,167,0,167
1925,ROSALINE,7,0,7
1925,ROSALIND,6,0,6
1925,ROSALIE,9,0,9
1925,ROSA,24,0,24
1925,ROMA,6,0,6
1925,ROSEMARY,17,0,17
1925,PEGGY,11,0,11
1925,RAY,30,30,0
1925,REGINALD,114,114,0
1925,VINCENT,61,61,0
1925,VICTOR,123,123,0
1925,VERNON,79,79,0
1925,VERNE,6,6,0
1925,TONY,12,12,0
1925,TOM,8,8,0
1925,TIMOTHY,8,8,0
1925,THOMAS,610,610,0
1925,THEODORE,34,34,0
1925,TERENCE,7,7,0
1925,TEDDY,9,9,0
1925,TAUNO,5,5,0
1925,SYLVESTER,8,8,0
1925,SYDNEY,31,31,0
1925,STUART,39,39,0
1925,VINCENZO,7,7,0
1925,WALLACE,71,71,0
1925,WALTER,339,339,0
1925,WARREN,46,46,0
1925,WINSTON,7,7,0
1925,WILSON,18,18,0
1925,WILMOT,7,7,0
1925,WILLIS,22,22,0
1925,WILLIE,9,9,0
1925,WILLARD,27,27,0
1925,WILFRID,29,29,0
1925,STEWART,53,53,0
1925,WILFRED,191,191,0
1925,WILBUR,9,9,0
1925,WILBERT,53,53,0
1925,WESLEY,36,36,0
1925,WENDELL,6,6,0
1925,WELLINGTON,9,9,0
1925,WELDON,8,8,0
1925,WASYL,8,8,0
1925,WILFORD,8,8,0
1925,RAYMOND,261,261,0
1925,STEVEN,6,6,0
1925,STERLING,6,6,0
1925,ROWLAND,7,7,0
1925,ROSS,129,129,0
1925,RONALD,302,302,0
1925,IONA,10,0,10
1925,ROLLAND,15,15,0
1925,ROLAND,36,36,0
1925,ROGER,43,43,0
1925,RODOLPHE,6,6,0
1925,RODNEY,11,11,0
1925,RODGER,6,6,0
1925,RODERICK,15,15,0
1925,RICHARD,255,255,0
1925,RHEAL,5,5,0
1925,REUBEN,10,10,0
1925,RENE,29,29,0
1925,ROY,291,291,0
1925,ROYCE,8,8,0
1925,ROYDEN,6,6,0
1925,RUDOLPH,9,9,0
1925,STEPHEN,51,51,0
1925,STANLEY,258,258,0
1925,SOLOMON,7,7,0
1925,SIMON,12,12,0
1925,SIDNEY,56,56,0
1925,SHERMAN,6,6,0
1925,SHELDON,5,5,0
1925,STEVE,14,14,0
1925,SAUL,7,7,0
1925,SANDY,5,5,0
1925,SAMUEL,87,87,0
1925,SAM,13,13,0
1925,SALVATORE,7,7,0
1925,RUSSELL,121,121,0
1925,RUSSEL,32,32,0
1925,RUPERT,5,5,0
1925,SANFORD,5,5,0
1925,PEARL,107,0,107
1925,ROMEO,15,15,0
1925,PAULA,6,0,6
1925,LEOLA,7,0,7
1925,LENORE,13,0,13
1925,LENORA,15,0,15
1925,LENA,58,0,58
1925,LELA,9,0,9
1925,LEILA,13,0,13
1925,LEAH,11,0,11
1925,LEA,8,0,8
1925,LAVINA,6,0,6
1925,LAURETTE,17,0,17
1925,LAURETTA,11,0,11
1925,LAURA,122,0,122
1925,KEITHA,11,0,11
1925,KATIE,14,0,14
1925,KATHRYN,13,0,13
1925,LEONA,68,0,68
1925,LEONORA,7,0,7
1925,LETA,7,0,7
1925,LILA,34,0,34
1925,LOTTIE,13,0,13
1925,LORRAINE,57,0,57
1925,LORNA,73,0,73
1925,LORETTE,7,0,7
1925,LORETTA,31,0,31
1925,LOREEN,6,0,6
1925,LORAINE,20,0,20
1925,KATHLEEN,324,0,324
1925,LOLA,18,0,18
1925,LINDA,6,0,6
1925,LINA,12,0,12
1925,LILY,33,0,33
1925,LILLY,16,0,16
1925,LILLIE,16,0,16
1925,LILLIAN,321,0,321
1925,LILIAN,55,0,55
1925,LOIS,226,0,226
1925,KATHERINE,71,0,71
1925,KATHELEEN,7,0,7
1925,KATHARINE,15,0,15
1925,JEANIE,6,0,6
1925,JEANETTE,25,0,25
1925,JEAN,782,88,694
1925,JANET,66,0,66
1925,JANE,62,0,62
1925,JACQUELINE,55,0,55
1925,IVY,30,0,30
1925,JEANNE,51,0,51
1925,IVA,22,0,22
1925,ISABELLE,30,0,30
1925,ISABELLA,43,0,43
1925,ISABELL,12,0,12
1925,ISABEL,65,0,65
1925,IRMA,27,0,27
1925,IRIS,43,0,43
1925,PAULINE,78,0,78
1925,ISOBEL,34,0,34
1925,LOUISA,17,0,17
1925,JEANNETTE,20,0,20
1925,JENNY,10,0,10
1925,KATHALEEN,9,0,9
1925,JUNE,294,0,294
1925,JULIETTE,8,0,8
1925,JULIE,6,0,6
1925,JULIA,48,0,48
1925,JUDITH,6,0,6
1925,JUANITA,8,0,8
1925,JENNIE,56,0,56
1925,JOYCE,227,0,227
1925,JOSEPHINE,74,0,74
1925,JOSEPH,2626,2616,10
1925,JOHN,2526,2520,6
1925,JOHANNA,6,0,6
1925,JOCELYN,7,0,7
1925,JOAN,238,5,233
1925,JESSIE,101,0,101
1925,JOY,24,0,24
1925,LOUISE,46,0,46
1925,PERCY,62,62,0
1925,LUCIENNE,13,0,13
1925,MURIEL,280,0,280
1925,MURIAL,7,0,7
1925,MONICA,25,0,25
1925,MONA,19,0,19
1925,MOLLIE,6,0,6
1925,MIRIAM,26,0,26
1925,MINNIE,24,0,24
1925,MINERVA,8,0,8
1925,MINA,8,0,8
1925,MILLICENT,9,0,9
1925,MILDRED,272,0,272
1925,MERLE,13,7,6
1925,MELBA,13,0,13
1925,MAY,68,0,68
1925,MAXINE,17,0,17
1925,MYRA,9,0,9
1925,MYRTLE,88,0,88
1925,NANCY,58,0,58
1925,NAOMI,12,0,12
1925,LUCIA,9,0,9
1925,PATRICIA,180,0,180
1925,PANSY,8,0,8
1925,PAMELA,7,0,7
1925,ORPHA,6,0,6
1925,ORMA,10,0,10
1925,OPAL,10,0,10
1925,MAVIS,14,0,14
1925,OLIVE,158,0,158
1925,NORMA,353,0,353
1925,NORINE,11,0,11
1925,NOREEN,27,0,27
1925,NORAH,17,0,17
1925,NORA,67,0,67
1925,NINA,13,0,13
1925,NETTIE,12,0,12
1925,OLGA,81,0,81
1925,MAUREEN,15,0,15
1925,NELLIE,72,0,72
1925,MAUD,11,0,11
1925,MAJY,6,0,6
1925,MAISIE,7,0,7
1925,MAE,15,0,15
1925,MADGE,6,0,6
1925,MADELINE,62,0,62
1925,MADELEINE,11,0,11
1925,MABLE,25,0,25
1925,MAMIE,6,0,6
1925,MABEL,111,0,111
1925,LYLA,12,0,12
1925,LYDIA,14,0,14
1925,LUELLA,22,0,22
1925,LUCY,46,0,46
1925,MAUDE,6,0,6
1925,LUCILE,8,0,8
1925,LUCILLE,32,0,32
1925,M,350,0,350
1925,MARCELLA,13,0,13
1925,MADALINE,7,0,7
1925,MARGARETTE,7,0,7
1925,MARY,2222,0,2222
1925,MARTHA,53,0,53
1925,MATILDA,9,0,9
1925,MARGARET,1409,9,1400
1925,MARJORY,82,0,82
1925,MARJORIE,390,0,390
1925,MARION,547,0,547
1925,MARIE,2032,11,2021
1925,MARIAN,80,0,80
1925,MARILYN,15,0,15
1925,MARGURITE,6,0,6
1925,MARGUERITE,125,0,125
1925,MARGRET,22,0,22
1925,MARGORY,7,0,7
1925,MARGORIE,8,0,8
1925,MARGERY,32,0,32
1925,MARIA,83,0,83
1926,MAX,19,19,0
1926,MARSHALL,15,15,0
1926,MAURICE,97,97,0
1926,MATTHEW,16,16,0
1926,MARVIN,16,16,0
1926,MARTIN,50,50,0
1926,MAXWELL,18,18,0
1926,MARK,9,9,0
1926,LUIGI,18,18,0
1926,MARCEL,17,17,0
1926,MALCOLM,41,41,0
1926,MAC,5,5,0
1926,LYLE,40,40,0
1926,LYALL,9,9,0
1926,LUCIEN,22,22,0
1926,LOYD,20,20,0
1926,MELVILLE,50,50,0
1926,LOUIS,122,122,0
1926,MARIO,11,11,0
1926,MELVIN,67,67,0
1926,NICK,22,22,0
1926,MERVIN,28,28,0
1926,LORNE,128,128,0
1926,NORRIS,5,5,0
1926,NORBERT,5,5,0
1926,NOEL,5,5,0
1926,NOBLE,5,5,0
1926,NICHOLAS,17,17,0
1926,NELSON,39,39,0
1926,NEIL,33,33,0
1926,NATHAN,9,9,0
1926,MERTON,9,9,0
1926,NAPOLEON,9,9,0
1926,MURRY,10,10,0
1926,MURRAY,142,142,0
1926,MORRIS,50,50,0
1926,MORLEY,32,32,0
1926,MILTON,35,35,0
1926,MIKE,37,37,0
1926,MICHEAL,5,5,0
1926,MICHAEL,115,115,0
1926,MERVYN,13,13,0
1926,MYLES,5,5,0
1926,LLOYD,212,212,0
1926,J,152,152,0
1926,LEWIS,39,39,0
1926,JOE,13,13,0
1926,JIM,6,6,0
1926,JESSE,8,8,0
1926,JERRY,6,6,0
1926,JEROME,30,30,0
1926,JACQUES,6,6,0
1926,JACOB,11,11,0
1926,JACKSON,5,5,0
1926,JACKIE,13,13,0
1926,JACK,267,267,0
1926,NORVAL,6,6,0
1926,IVAN,63,63,0
1926,ISRAEL,16,16,0
1926,ISAAC,8,8,0
1926,IRWIN,12,12,0
1926,IRVING,14,14,0
1926,IRVINE,5,5,0
1926,IRVIN,10,10,0
1926,IRA,9,9,0
1926,JOHN,2408,2408,0
1926,JOSEPHAT,5,5,0
1926,JULIUS,7,7,0
1926,JUNIOR,7,7,0
1926,LEVI,7,7,0
1926,LESTER,12,12,0
1926,LESLIE,81,81,0
1926,LEROY,7,7,0
1926,LEONARD,201,201,0
1926,LEON,21,21,0
1926,LEO,124,124,0
1926,LENARD,13,13,0
1926,LELAND,6,6,0
1926,LIONEL,30,30,0
1926,LEE,7,7,0
1926,LAVERNE,8,8,0
1926,LAURENT,10,10,0
1926,LAURENCE,41,41,0
1926,LARRY,5,5,0
1926,KENNETH,611,611,0
1926,KENETH,7,7,0
1926,KEITH,82,82,0
1926,KARL,11,11,0
1926,KALERVO,6,6,0
1926,LAWRENCE,153,153,0
1926,OLIVER,17,17,0
1926,ROMEO,11,11,0
1926,ORLAND,5,5,0
1926,THOMAS,578,578,0
1926,THEODORE,29,29,0
1926,TERRANCE,6,6,0
1926,TERENCE,12,12,0
1926,TEDDY,9,9,0
1926,TED,5,5,0
1926,SYDNEY,34,34,0
1926,STUART,41,41,0
1926,STEWART,52,52,0
1926,STEVEN,8,8,0
1926,STEVE,13,13,0
1926,STEPHEN,33,33,0
1926,STANLEY,273,273,0
1926,SOLOMON,5,5,0
1926,SOLLIE,5,5,0
1926,SIMON,11,11,0
1926,SIDNEY,49,49,0
1926,SHERMAN,5,5,0
1926,SHELDON,5,5,0
1926,TIMOTHY,5,5,0
1926,SANFORD,5,5,0
1926,TOM,6,6,0
1926,VERNE,7,7,0
1926,WILLIS,22,22,0
1926,WILLIE,9,9,0
1926,WILLARD,27,27,0
1926,WILFRID,31,31,0
1926,WILFRED,174,174,0
1926,WILFORD,9,9,0
1926,WILBURT,5,5,0
1926,WILBUR,16,16,0
1926,WILBERT,49,49,0
1926,WESLEY,40,40,0
1926,WELLINGTON,7,7,0
1926,WELDON,8,8,0
1926,WASYL,5,5,0
1926,WARREN,29,29,0
1926,WALTER,321,321,0
1926,VINCENZO,6,6,0
1926,VINCENT,72,72,0
1926,VICTOR,107,107,0
1926,VERNON,76,76,0
1926,TREVOR,6,6,0
1926,SAMUEL,101,101,0
1926,SAM,12,12,0
1926,SALVATORE,10,10,0
1926,RALPH,167,167,0
1926,RAE,8,8,0
1926,PIETRO,7,7,0
1926,PIERRE,7,7,0
1926,PHILLIP,14,14,0
1926,PHILIP,61,61,0
1926,PETER,168,168,0
1926,PETE,5,5,0
1926,PERRY,7,7,0
1926,PERCY,54,54,0
1926,PERCIVAL,5,5,0
1926,PAUL,163,163,0
1926,PATRICK,101,101,0
1926,PASQUALE,7,7,0
1926,OWEN,16,16,0
1926,OSCAR,31,31,0
1926,ORVILLE,37,37,0
1926,ORVIL,8,8,0
1926,ORVAL,29,29,0
1926,RAY,46,46,0
1926,RAYMOND,277,277,0
1926,REAL,11,11,0
1926,REGINALD,98,98,0
1926,RUSSELL,125,125,0
1926,RUSSEL,35,35,0
1926,RUDOLPH,11,11,0
1926,ROYDEN,6,6,0
1926,ROYAL,8,8,0
1926,ROY,280,280,0
1926,ROSS,140,140,0
1926,RONALD,309,309,0
1926,ROLLAND,11,11,0
1926,OMER,13,13,0
1926,ROLAND,41,41,0
1926,RODOLPHE,7,7,0
1926,RODNEY,8,8,0
1926,RODGER,5,5,0
1926,RODERICK,21,21,0
1926,ROBERT,1483,1483,0
1926,RICHARD,256,256,0
1926,REUBEN,11,11,0
1926,RENE,30,30,0
1926,REMI,7,7,0
1926,ROGER,52,52,0
1926,WALLACE,73,73,0
1926,MAE,12,0,12
1926,WILMOT,10,10,0
1926,FLOSSIE,8,0,8
1926,FLORENCE,344,0,344
1926,FLORA,32,0,32
1926,FLEURETTE,7,0,7
1926,FERN,25,0,25
1926,FAY,8,0,8
1926,FANNY,7,0,7
1926,FANNIE,6,0,6
1926,EVELYN,325,0,325
1926,EVELINE,22,0,22
1926,EVA,145,0,145
1926,EUNICE,32,0,32
1926,EUGENIA,7,0,7
1926,ETTA,8,0,8
1926,FRANCES,272,14,258
1926,ETHEL,190,0,190
1926,ESTER,11,0,11
1926,ESTELLE,16,0,16
1926,ESTELLA,6,0,6
1926,ERMA,25,0,25
1926,ENID,20,0,20
1926,ENA,6,0,6
1926,EMMA,58,0,58
1926,EMILY,33,0,33
1926,ELVA,51,0,51
1926,ELSIE,178,0,178
1926,ELSA,8,0,8
1926,ELMA,12,0,12
1926,ELLEN,96,0,96
1926,ELLA,51,0,51
1926,ESTHER,51,0,51
1926,ELIZABETH,519,5,514
1926,FRANCIS,331,274,57
1926,FREIDA,8,0,8
1926,ILEEN,8,0,8
1926,ILA,21,0,21
1926,IDA,76,0,76
1926,HOPE,7,0,7
1926,HILDA,115,0,115
1926,HENRIETTA,7,0,7
1926,HELLEN,16,0,16
1926,HELENE,16,0,16
1926,HELENA,41,0,41
1926,HELEN,876,0,876
1926,HAZEL,165,0,165
1926,HARRIET,20,0,20
1926,HANNAH,14,0,14
1926,GWYNETH,6,0,6
1926,FREDA,51,0,51
1926,GWENDOLYN,55,0,55
1926,GRETA,17,0,17
1926,GRACE,216,0,216
1926,GOLDIE,15,0,15
1926,GLORIA,158,0,158
1926,GLENNA,18,0,18
1926,GLADYS,265,0,265
1926,GERTRUDE,125,0,125
1926,GERMAINE,9,0,9
1926,GERALDINE,78,0,78
1926,GEORGINA,63,0,63
1926,GEORGIA,11,0,11
1926,GEORGETTE,15,0,15
1926,GENEVIEVE,17,0,17
1926,GABRIELLE,8,0,8
1926,GWENDOLINE,13,0,13
1926,ILENE,12,0,12
1926,ELIZA,11,0,11
1926,ELINOR,33,0,33
1926,COLLEEN,18,0,18
1926,CLARE,17,9,8
1926,CLARA,94,0,94
1926,CLAIRE,20,0,20
1926,CHRISTINE,15,0,15
1926,CHRISTINA,32,0,32
1926,CHARLOTTE,43,0,43
1926,CELIA,8,0,8
1926,CECILIA,21,0,21
1926,CECILE,29,0,29
1926,CECELIA,10,0,10
1926,CATHERINE,199,0,199
1926,CATHARINE,55,0,55
1926,CARRIE,8,0,8
1926,CONSTANCE,98,0,98
1926,CAROLYN,7,0,7
1926,CAROL,18,0,18
1926,CARMEN,13,6,7
1926,CARMELLA,7,0,7
1926,CARMELA,8,0,8
1926,CARMEL,17,0,17
1926,BRIDGET,6,0,6
1926,BRENDA,9,0,9
1926,BLANCHE,47,0,47
1926,BEVERLY,34,13,21
1926,BEVERLEY,54,15,39
1926,BEULAH,26,0,26
1926,BETTY,526,0,526
1926,BETH,9,0,9
1926,BESSIE,60,0,60
1926,CAROLINE,24,0,24
1926,ELISABETH,6,0,6
1926,CORA,29,0,29
1926,CORRINE,9,0,9
1926,ELENOR,9,0,9
1926,ELEANORE,6,0,6
1926,ELEANOR,192,0,192
1926,ELDA,21,0,21
1926,ELAINE,41,0,41
1926,EILEEN,160,0,160
1926,EFFIE,12,0,12
1926,EDYTHE,15,0,15
1926,EDNA,222,0,222
1926,EDITH,214,0,214
1926,EARLA,7,0,7
1926,DORTHY,29,0,29
1926,DOROTHY,1012,0,1012
1926,DOROTHEA,26,0,26
1926,CORINNE,16,0,16
1926,DORIS,546,7,539
1926,DOREEN,181,0,181
1926,DORA,64,0,64
1926,DONNA,61,0,61
1926,DONALDA,9,0,9
1926,DONA,10,0,10
1926,DOLORES,14,0,14
1926,DOLLY,9,0,9
1926,DIANA,22,0,22
1926,DELPHINE,8,0,8
1926,DELLA,16,0,16
1926,DELIA,6,0,6
1926,DAPHNE,9,0,9
1926,DAISY,23,0,23
1926,CYNTHIA,8,0,8
1926,DORETHY,8,0,8
1926,WILMER,8,8,0
1926,INA,20,0,20
1926,IOLA,6,0,6
1926,AUDERY,7,0,7
1926,AUDREY,403,0,403
1926,AUDRY,23,0,23
1926,AURORE,6,0,6
1926,BABY,903,497,406
1926,BARBARA,279,0,279
1926,BEATRICE,193,0,193
1926,BELLA,9,0,9
1926,BERNADETTE,19,0,19
1926,BERNICE,160,0,160
1926,MADALINE,8,0,8
1926,MABLE,19,0,19
1926,MABEL,103,0,103
1926,M,236,0,236
1926,ARLINE,7,0,7
1926,LYLA,11,0,11
1926,LULU,14,0,14
1926,LUELLA,19,0,19
1926,LUCY,33,0,33
1926,LUCILLE,35,0,35
1926,LUCIENNE,11,0,11
1926,LUCIA,7,0,7
1926,LOUISE,48,0,48
1926,LOUISA,9,0,9
1926,LOTTIE,9,0,9
1926,LORRAINE,49,0,49
1926,LORNA,87,0,87
1926,LORETTE,6,0,6
1926,LORETTA,35,0,35
1926,LOREEN,11,0,11
1926,LYDIA,17,0,17
1926,LORAINE,17,0,17
1926,ARLENE,7,0,7
1926,ANNIE,318,0,318
1926,WILSON,15,15,0
1926,WINSTON,8,8,0
1926,WRAY,9,9,0
1926,BERYL,23,0,23
1926,MADELINE,58,0,58
1926,MADELEINE,10,0,10
1926,IAN,25,25,0
1926,ADA,50,0,50
1926,ADDIE,6,0,6
1926,ADELE,9,0,9
1926,ADELINE,14,0,14
1926,ADRIENNE,7,0,7
1926,AGNES,164,0,164
1926,AILEEN,49,0,49
1926,ANTOINETTE,11,0,11
1926,ALBERTA,20,0,20
1926,ALFREDA,6,0,6
1926,ALICE,286,0,286
1926,ALINE,9,0,9
1926,ALMA,92,0,92
1926,AMELIA,22,0,22
1926,AMY,28,0,28
1926,ANGELA,16,0,16
1926,ANGELINA,12,0,12
1926,ANGELINE,7,0,7
1926,ANITA,29,0,29
1926,ANN,33,0,33
1926,ANNA,195,0,195
1926,ANNE,66,0,66
1926,ANNETTE,9,0,9
1926,ALEXANDRA,6,0,6
1926,INEZ,35,0,35
1926,LORA,6,0,6
1926,LOIS,238,0,238
1926,JOSEPHINE,87,0,87
1926,JOSEPH,2648,2633,15
1926,JOHANNA,12,0,12
1926,JOAN,267,0,267
1926,JESSIE,111,0,111
1926,JENNY,10,0,10
1926,JENNIE,39,0,39
1926,JEANNINE,10,0,10
1926,JEANNIE,7,0,7
1926,JEANNETTE,13,0,13
1926,JEANNE,34,0,34
1926,JEANIE,6,0,6
1926,JEANETTE,20,0,20
1926,JEANE,7,0,7
1926,JOY,29,0,29
1926,JEAN,739,96,643
1926,JANE,53,0,53
1926,JAMES,1312,1306,6
1926,JACQUELINE,61,0,61
1926,IVY,32,0,32
1926,IVA,35,0,35
1926,ISOBEL,34,0,34
1926,ISABELLE,25,0,25
1926,ISABELLA,44,0,44
1926,ISABELL,20,0,20
1926,ISABEL,65,0,65
1926,IRMA,28,0,28
1926,IRIS,50,0,50
1926,IRENE,295,0,295
1926,IONA,18,0,18
1926,JANET,70,0,70
1926,LOLA,25,0,25
1926,JOYCE,262,0,262
1926,JULIETTE,8,0,8
1926,LINDA,7,0,7
1926,LINA,10,0,10
1926,LILY,45,0,45
1926,LILLY,13,0,13
1926,LILLIE,13,0,13
1926,LILLIAN,277,0,277
1926,LILIAN,37,0,37
1926,LILA,34,0,34
1926,LEONE,9,0,9
1926,LEONA,73,0,73
1926,LEOLA,6,0,6
1926,LENORE,9,0,9
1926,LENORA,22,0,22
1926,LENA,50,0,50
1926,JULIA,50,0,50
1926,LEILA,13,0,13
1926,LEAH,15,0,15
1926,LEA,7,0,7
1926,LAURETTE,13,0,13
1926,LAURETTA,11,0,11
1926,LAUREL,7,0,7
1926,LAURA,113,0,113
1926,KEITHA,6,0,6
1926,KATIE,13,0,13
1926,KATHRYN,15,0,15
1926,KATHLEEN,280,0,280
1926,KATHERINE,58,0,58
1926,KATHARINE,17,0,17
1926,KATHALEEN,11,0,11
1926,JUNE,304,0,304
1926,LEDA,6,0,6
1926,HYMAN,7,7,0
1926,BERTHA,62,0,62
1926,HUBERT,32,32,0
1926,MONA,20,0,20
1926,MOLLY,11,0,11
1926,MIRIAM,32,0,32
1926,MINNIE,28,0,28
1926,MINA,7,0,7
1926,MILLICENT,11,0,11
1926,MILDRED,244,0,244
1926,MONICA,15,0,15
1926,MERLE,12,0,12
1926,MELBA,14,0,14
1926,MAY,63,0,63
1926,MAXINE,21,0,21
1926,MAVIS,19,0,19
1926,MAUREEN,7,0,7
1926,MAUD,11,0,11
1926,MATILDA,6,0,6
1926,MELVA,7,0,7
1926,MARY,2287,7,2280
1926,MURIAL,6,0,6
1926,MYRA,7,0,7
1926,OLIVE,139,0,139
1926,OLGA,73,0,73
1926,NORMAN,400,393,7
1926,NORMA,347,0,347
1926,NORINE,9,0,9
1926,NOREEN,18,0,18
1926,NORAH,16,0,16
1926,MURIEL,254,0,254
1926,NORA,56,0,56
1926,NETTIE,8,0,8
1926,NELLIE,53,0,53
1926,NELDA,7,0,7
1926,NATALIE,11,0,11
1926,NAOMI,9,0,9
1926,NANCY,42,0,42
1926,MYRTLE,110,0,110
1926,NINA,17,0,17
1926,MARTHA,58,0,58
1926,MARJORY,69,0,69
1926,MARJORIE,356,0,356
1926,ALEC,8,8,0
1926,ALEX,25,25,0
1926,ALEXANDER,157,157,0
1926,ALFRED,159,159,0
1926,ALLAN,143,143,0
1926,ALLEN,83,83,0
1926,ALPHONSE,15,15,0
1926,ALDO,6,6,0
1926,ALTON,5,5,0
1926,AMBROSE,8,8,0
1926,AMOS,6,6,0
1926,ANDRE,7,7,0
1926,ANDREW,89,89,0
1926,ANGELO,9,9,0
1926,ANGUS,33,33,0
1926,ANSON,6,6,0
1926,ALVIN,68,68,0
1926,ALCIDE,10,10,0
1926,ALBERT,357,357,0
1926,ALAN,68,68,0
1926,MARION,502,0,502
1926,MARILYN,29,0,29
1926,MARIE,1993,10,1983
1926,MARIAN,63,0,63
1926,MARIA,74,0,74
1926,MARGUERITE,129,0,129
1926,MARGRET,10,0,10
1926,MARGORY,6,0,6
1926,MARGIE,6,0,6
1926,MARGERY,30,0,30
1926,MARGARETTE,6,0,6
1926,MARGARET,1255,5,1250
1926,MARCELLA,15,0,15
1926,MAMIE,8,0,8
1926,AARON,5,5,0
1926,ABRAHAM,20,20,0
1926,ADAM,17,17,0
1926,ORA,7,0,7
1926,ANTHONY,41,41,0
1926,ORMA,9,0,9
1926,PATRICIA,236,0,236
1926,VERDA,6,0,6
1926,VERA,151,0,151
1926,VELMA,76,0,76
1926,VALERIE,10,0,10
1926,URSULA,7,0,7
1926,UNA,8,0,8
1926,THORA,8,0,8
1926,VERLA,10,0,10
1926,THERESE,57,0,57
1926,THELMA,175,0,175
1926,TERESA,70,0,70
1926,SYLVIA,52,0,52
1926,SYBIL,10,0,10
1926,SUSANNA,6,0,6
1926,SUSAN,17,0,17
1926,STILLBIRTH,18,11,7
1926,THERESA,111,0,111
1926,STEPHANIE,6,0,6
1926,VERNA,126,0,126
1926,VICTORIA,37,0,37
1926,ZELDA,7,0,7
1926,YVONNE,56,0,56
1926,YVETTE,9,0,9
1926,YOLANDA,11,0,11
1926,WINNIFRED,59,0,59
1926,WINIFRED,30,0,30
1926,WILMA,78,0,78
1926,VERONICA,30,0,30
1926,WILLIAM,2497,2488,9
1926,WILHELMINA,9,0,9
1926,WILDA,17,0,17
1926,WANDA,28,0,28
1926,VIVIAN,60,0,60
1926,VIRGINIA,58,0,58
1926,VIOLET,176,0,176
1926,VIOLA,81,0,81
1926,WILLA,7,0,7
1926,STELLA,81,0,81
1926,SOPHIE,17,0,17
1926,SOPHIA,7,0,7
1926,RHEA,8,0,8
1926,RETA,113,0,113
1926,RENA,18,0,18
1926,REGINA,10,0,10
1926,REBECCA,9,0,9
1926,RACHEL,15,0,15
1926,PRISCILLA,6,0,6
1926,RHODA,19,0,19
1926,PHYLLIS,201,0,201
1926,PHYLIS,35,0,35
1926,PHOEBE,9,0,9
1926,PHILLIS,11,0,11
1926,PEGGY,12,0,12
1926,PEARL,89,0,89
1926,PAULINE,94,0,94
1926,PAULA,6,0,6
1926,PHYLISS,7,0,7
1926,RITA,147,0,147
1926,ROBERTA,17,0,17
1926,ROBINA,6,0,6
1926,SIMONE,9,0,9
1926,SHIRLY,6,0,6
1926,SHIRLEY,633,5,628
1926,SHIELA,8,0,8
1926,SHEILA,39,0,39
1926,SARAH,83,0,83
1926,SARA,22,0,22
1926,SADIE,15,0,15
1926,RUTH,512,0,512
1926,RUBY,145,0,145
1926,ROSINA,9,0,9
1926,ROSIE,34,0,34
1926,ROSEMARY,22,0,22
1926,ROSE,134,0,134
1926,ROSALIND,6,0,6
1926,ROSA,16,0,16
1926,ROMA,9,0,9
1926,PANSY,10,0,10
1926,ANTOINE,11,11,0
1926,HUGH,98,98,0
1926,ARCHIBALD,34,34,0
1926,EUGENE,69,69,0
1926,EVAN,9,9,0
1926,EVERETT,15,15,0
1926,EWART,5,5,0
1926,FELIX,6,6,0
1926,FERDINAND,5,5,0
1926,FERNAND,15,15,0
1926,ERVIN,5,5,0
1926,FLOYD,55,55,0
1926,FRANCOIS,12,12,0
1926,FRANK,245,245,0
1926,FRANKLIN,26,26,0
1926,FRED,44,44,0
1926,FREDERIC,7,7,0
1926,FREDERICK,373,373,0
1926,FREDRICK,53,53,0
1926,FRANCESCO,5,5,0
1926,GABRIEL,5,5,0
1926,ERROL,6,6,0
1926,ERIK,5,5,0
1926,EDWIN,83,83,0
1926,ELDON,24,24,0
1926,ELDRED,5,5,0
1926,ELGIN,14,14,0
1926,ELLIS,6,6,0
1926,ELLWOOD,5,5,0
1926,ELMER,81,81,0
1926,ERNEST,243,243,0
1926,ELVIN,7,7,0
1926,ELWOOD,17,17,0
1926,EMERSON,16,16,0
1926,EMIL,8,8,0
1926,EMILE,11,11,0
1926,EMILIEN,5,5,0
1926,EMMERSON,6,6,0
1926,ERIC,73,73,0
1926,ELWIN,6,6,0
1926,GARFIELD,10,10,0
1926,GARNET,49,49,0
1926,GARTH,6,6,0
1926,HAROLD,556,556,0
1926,HARRY,259,259,0
1926,HARTLEY,7,7,0
1926,HARVEY,97,97,0
1926,HECTOR,24,24,0
1926,HENERY,6,6,0
1926,HENRI,10,10,0
1926,GUY,12,12,0
1926,HENRY,195,195,0
1926,HERMAN,24,24,0
1926,HERVE,7,7,0
1926,HILTON,8,8,0
1926,HOMER,6,6,0
1926,HORACE,14,14,0
1926,HOWARD,232,232,0
1926,ANTONIO,23,23,0
1926,HERBERT,186,186,0
1926,GUISEPPE,11,11,0
1926,GUIDO,5,5,0
1926,GRENVILLE,5,5,0
1926,GASTON,6,6,0
1926,GEOFFREY,7,7,0
1926,GEORGE,1040,1040,0
1926,GERALD,312,312,0
1926,GERARD,27,27,0
1926,GERRARD,5,5,0
1926,GINO,13,13,0
1926,GIOVANNI,14,14,0
1926,GIUSEPPE,7,7,0
1926,GLEN,72,72,0
1926,GLENDON,9,9,0
1926,GLENN,41,41,0
1926,GORDEN,14,14,0
1926,GORDON,588,588,0
1926,GRAHAM,13,13,0
1926,GRANT,36,36,0
1926,GREGORY,12,12,0
1926,EDWARD,500,500,0
1926,EDOUARD,10,10,0
1926,GILBERT,53,53,0
1926,EDMOND,22,22,0
1926,BOYD,5,5,0
1926,BRIAN,15,15,0
1926,BRUCE,174,174,0
1926,BRUNO,10,10,0
1926,BRYAN,6,6,0
1926,BURTON,10,10,0
1926,BYRON,6,6,0
1926,BORIS,6,6,0
1926,CALVIN,31,31,0
1926,CAMPBELL,5,5,0
1926,CARL,112,112,0
1926,CARMAN,13,13,0
1926,CARSON,10,10,0
1926,CECIL,134,134,0
1926,CHARLES,590,590,0
1926,CHARLIE,13,13,0
1926,CAMERON,11,11,0
1926,CHESTER,19,19,0
1926,BLAKE,6,6,0
1926,BILL,9,9,0
1926,ARCHIE,39,39,0
1926,EDMUND,34,34,0
1926,ARMAND,21,21,0
1926,ARNOLD,90,90,0
1926,ARTHUR,393,393,0
1926,AUBREY,12,12,0
1926,AURELE,5,5,0
1926,BILLY,13,13,0
1926,AUSTIN,23,23,0
1926,BASIL,31,31,0
1926,BENEDICT,9,9,0
1926,BENJAMIN,29,29,0
1926,BERNARD,101,101,0
1926,BERT,15,15,0
1926,BERTON,5,5,0
1926,BERTRAM,20,20,0
1926,BARRY,8,8,0
1926,CHRISTOPHER,20,20,0
1926,BILLIE,6,6,0
1926,CLARANCE,8,8,0
1926,DELMER,6,6,0
1926,DENIS,14,14,0
1926,DENNIS,30,30,0
1926,DENZIL,6,6,0
1926,DESMOND,14,14,0
1926,DINO,8,8,0
1926,DOMENICO,7,7,0
1926,DON,6,6,0
1926,DONALD,1036,1036,0
1926,DOUGLAS,427,427,0
1926,DOUGLASS,8,8,0
1926,DUNCAN,24,24,0
1926,EARL,194,194,0
1926,EARLE,11,11,0
1926,CLAIR,5,5,0
1926,EARNEST,16,16,0
1926,EDGAR,51,51,0
1926,DELMAR,6,6,0
1926,DELBERT,24,24,0
1926,DOMINIC,7,7,0
1926,DAVID,355,355,0
1926,CLAUDE,29,29,0
1926,DEAN,5,5,0
1926,CLAYTON,52,52,0
1926,CLEMENT,14,14,0
1926,CLIFFORD,208,208,0
1926,CLIFTON,7,7,0
1926,CLINTON,13,13,0
1926,CLYDE,8,8,0
1926,CLARENCE,175,175,0
1926,COLIN,29,29,0
1926,DARCY,6,6,0
1926,DANIEL,77,77,0
1926,DAN,6,6,0
1926,CLARK,5,5,0
1926,CYRIL,33,33,0
1926,CONRAD,7,7,0
1926,DALTON,22,22,0
1927,LUCILLE,32,0,32
1927,MABEL,122,0,122
1927,MABLE,17,0,17
1927,LYLA,10,0,10
1927,MADELEINE,18,0,18
1927,LYDIA,15,0,15
1927,LUELLA,21,0,21
1927,LUCY,38,0,38
1927,M,191,0,191
1927,LORINE,6,0,6
1927,LOUISE,37,0,37
1927,LOUISA,15,0,15
1927,LOTTIE,11,0,11
1927,LORRAINE,66,0,66
1927,LORNA,72,0,72
1927,LORETTA,26,0,26
1927,LORENE,8,0,8
1927,LOREEN,8,0,8
1927,MADELINE,60,0,60
1927,LORENA,11,0,11
1927,LUCILE,6,0,6
1927,MAE,12,0,12
1927,MARY,2219,11,2208
1927,MARGARET,1246,0,1246
1927,MAVIS,21,0,21
1927,LORAINE,26,0,26
1927,MAUREEN,10,0,10
1927,MAUDE,7,0,7
1927,MAUD,9,0,9
1927,MATILDA,9,0,9
1927,MARTHA,61,0,61
1927,MARJORY,80,0,80
1927,MARJORIE,344,0,344
1927,MARION,533,0,533
1927,MARILYN,36,0,36
1927,MARIETTE,11,0,11
1927,MARIE,2085,8,2077
1927,MARIAN,71,0,71
1927,MARIA,79,0,79
1927,MARGUERITE,139,0,139
1927,MARGRET,15,0,15
1927,MARGORY,6,0,6
1927,MARGERY,33,0,33
1927,MARGARITE,6,0,6
1927,MARGARETTE,10,0,10
1927,MARCELLA,7,0,7
1927,LOLA,21,0,21
1927,JEWEL,6,0,6
1927,LINA,10,0,10
1927,JUNE,298,0,298
1927,JULIETTE,7,0,7
1927,JULIA,43,0,43
1927,JUDITH,7,0,7
1927,JOYCE,334,0,334
1927,JOY,25,0,25
1927,JOSEPHINE,87,0,87
1927,JOSEPH,2798,2787,11
1927,JOHN,2448,2442,6
1927,JOCELYN,7,0,7
1927,JOAN,265,0,265
1927,JESSIE,99,0,99
1927,JENNIE,43,0,43
1927,JEANNINE,13,0,13
1927,JEANNETTE,14,0,14
1927,JEANNE,42,0,42
1927,JEANIE,8,0,8
1927,JEANETTE,19,0,19
1927,JEANE,7,0,7
1927,JEAN,715,88,627
1927,MAXINE,33,0,33
1927,KATHALEEN,9,0,9
1927,LOIS,298,0,298
1927,KATHARINE,18,0,18
1927,KATHLEEN,266,0,266
1927,LILY,38,0,38
1927,LILLY,10,0,10
1927,LILLIE,7,0,7
1927,LILLIAN,260,0,260
1927,LILIAN,37,0,37
1927,LILA,31,0,31
1927,LETA,10,0,10
1927,LEONORA,6,0,6
1927,LEONA,65,0,65
1927,LEOLA,6,0,6
1927,LENORE,11,0,11
1927,LENORA,11,0,11
1927,LENA,49,0,49
1927,LEILA,12,0,12
1927,LEAH,14,0,14
1927,LAURINE,7,0,7
1927,LAURETTE,8,0,8
1927,LAURA,101,0,101
1927,KEITHA,8,0,8
1927,KATIE,15,0,15
1927,KATHRYN,21,0,21
1927,KATHERINE,45,0,45
1927,MAY,63,0,63
1927,VELMA,79,0,79
1927,MELVA,7,0,7
1927,THERESA,149,0,149
1927,THELMA,170,0,170
1927,TERESA,76,0,76
1927,SYLVIA,51,0,51
1927,SYBIL,10,0,10
1927,SUSAN,14,0,14
1927,STILLBIRTH,21,9,12
1927,STELLA,65,0,65
1927,SOPHIE,9,0,9
1927,SOPHIA,11,0,11
1927,SIMONNE,8,0,8
1927,SIMONE,10,0,10
1927,SHIRLY,7,0,7
1927,SHIRLEY,749,7,742
1927,SHEILA,43,0,43
1927,SARAH,82,0,82
1927,SARA,9,0,9
1927,SALLY,6,0,6
1927,SADIE,21,0,21
1927,RUTH,535,0,535
1927,RUBY,138,0,138
1927,THERESE,72,0,72
1927,ROSIE,31,0,31
1927,UNA,9,0,9
1927,VALERIA,6,0,6
1927,YVETTE,15,0,15
1927,YOLANDE,8,0,8
1927,WINNIFRED,61,0,61
1927,WINIFRED,27,0,27
1927,WILMA,70,0,70
1927,WILLIAM,2311,2305,6
1927,WILLA,11,0,11
1927,WILDA,16,0,16
1927,WANDA,21,0,21
1927,VIVIAN,69,0,69
1927,VIRGINIA,62,0,62
1927,VIOLET,151,0,151
1927,VIOLA,84,0,84
1927,VILMA,7,0,7
1927,VIDA,6,0,6
1927,VICTORIA,40,0,40
1927,VERONICA,22,0,22
1927,VERNA,123,0,123
1927,VERA,159,0,159
1927,JANET,53,0,53
1927,VALERIE,8,0,8
1927,URSULA,9,0,9
1927,ROSEMARY,21,0,21
1927,ROSE,144,0,144
1927,ROSA,23,0,23
1927,NORAH,17,0,17
1927,NORA,72,0,72
1927,NOELLA,6,0,6
1927,NINA,27,0,27
1927,NETTIE,6,0,6
1927,NELLIE,56,0,56
1927,NELDA,8,0,8
1927,NANCY,59,0,59
1927,MYRTLE,75,0,75
1927,MYRA,7,0,7
1927,MURIEL,234,5,229
1927,MONICA,18,0,18
1927,MONA,24,0,24
1927,MOLLIE,8,0,8
1927,MIRIAM,25,0,25
1927,MINNIE,25,0,25
1927,MINERVA,9,0,9
1927,MINA,11,0,11
1927,MILLICENT,8,0,8
1927,MILDRED,221,0,221
1927,MERLE,19,7,12
1927,NOREEN,27,0,27
1927,NORINE,7,0,7
1927,NORMA,337,0,337
1927,OLGA,65,0,65
1927,ROMA,6,0,6
1927,ROBINA,6,0,6
1927,ROBERTA,19,0,19
1927,RITA,153,0,153
1927,RHODA,17,0,17
1927,RHEA,12,0,12
1927,RETA,100,0,100
1927,RENA,14,0,14
1927,RACHEL,14,0,14
1927,PRISCILLA,6,0,6
1927,MELBA,11,0,11
1927,PHYLLIS,238,0,238
1927,PHYLIS,24,0,24
1927,PHILLIS,14,0,14
1927,PEGGY,19,0,19
1927,PEARL,83,0,83
1927,PAULINE,105,0,105
1927,PATRICIA,231,0,231
1927,PANSY,9,0,9
1927,ORMA,14,0,14
1927,OPAL,6,0,6
1927,OLIVE,130,0,130
1927,PHYLISS,14,0,14
1927,JANE,61,0,61
1927,ELVA,56,0,56
1927,IVY,24,0,24
1927,COLLEEN,33,0,33
1927,CLARICE,8,0,8
1927,CLARE,20,14,6
1927,CLARA,92,0,92
1927,CLAIRE,22,0,22
1927,CHRISTINE,8,0,8
1927,CHRISTINA,32,0,32
1927,CHARLOTTE,44,0,44
1927,CELIA,7,0,7
1927,CECILIA,19,0,19
1927,CECILE,29,0,29
1927,CECELIA,19,0,19
1927,CATHERINE,177,0,177
1927,CATHARINE,44,0,44
1927,CARRIE,7,0,7
1927,CAROLYN,9,0,9
1927,CAROLINE,30,0,30
1927,CAROL,25,5,20
1927,CARMEN,19,12,7
1927,CARMELA,8,0,8
1927,CARMEL,13,0,13
1927,CONSTANCE,74,0,74
1927,BRIDGET,8,0,8
1927,CORA,23,0,23
1927,CORRINE,6,0,6
1927,DOROTHEA,24,0,24
1927,DORIS,483,0,483
1927,DORINE,6,0,6
1927,DORENE,8,0,8
1927,DOREEN,204,0,204
1927,DORCAS,8,0,8
1927,DORA,50,0,50
1927,DONNA,82,0,82
1927,DONALDA,10,0,10
1927,DONA,23,0,23
1927,DOLORES,28,0,28
1927,DOLLY,6,0,6
1927,DINA,6,0,6
1927,DIANA,15,0,15
1927,DENISE,6,0,6
1927,DELORES,8,0,8
1927,DELLA,14,0,14
1927,DAWN,6,0,6
1927,DAPHNE,9,0,9
1927,DAISY,27,0,27
1927,CYNTHIA,7,0,7
1927,CORINNE,12,0,12
1927,DOROTHY,1013,0,1013
1927,BONNIE,9,0,9
1927,BLANCHE,53,0,53
1927,ANGELINE,7,0,7
1927,ANGELINA,17,0,17
1927,ANGELA,16,0,16
1927,ANASTASIA,6,0,6
1927,AMY,41,0,41
1927,AMELIA,12,0,12
1927,ALVA,8,0,8
1927,ALMA,64,0,64
1927,ALINE,10,0,10
1927,ALICE,237,0,237
1927,ALDA,6,0,6
1927,ALBERTA,26,0,26
1927,AILEEN,39,0,39
1927,AGNES,156,0,156
1927,AGATHA,6,0,6
1927,ADRIENNE,7,0,7
1927,ADELINE,8,0,8
1927,ADELINA,6,0,6
1927,ADELE,12,0,12
1927,ADELAIDE,8,0,8
1927,ADA,68,0,68
1927,ANITA,35,0,35
1927,BLOSSOM,6,0,6
1927,ANN,41,0,41
1927,ANNE,84,0,84
1927,BEVERLY,56,18,38
1927,BEVERLEY,75,14,61
1927,BEULAH,29,0,29
1927,BETTY,577,0,577
1927,BETTIE,8,0,8
1927,BESSIE,51,0,51
1927,BERYL,28,0,28
1927,YVONNE,55,0,55
1927,BERNICE,179,0,179
1927,BERNADETTE,11,0,11
1927,BELLA,10,0,10
1927,BEATRICE,185,0,185
1927,BARBARA,370,0,370
1927,BABY,815,450,365
1927,AVIS,7,0,7
1927,AURORE,7,0,7
1927,AUDRY,13,0,13
1927,AUDREY,419,0,419
1927,ARLENE,10,0,10
1927,ANNIE,301,0,301
1927,ANNETTE,14,0,14
1927,ANNA,204,0,204
1927,JACQUELINE,75,0,75
1927,DORTHY,36,0,36
1927,EDITH,231,0,231
1927,HARRIET,20,0,20
1927,HANNAH,12,0,12
1927,GWYNNETH,6,0,6
1927,GWYNETH,7,0,7
1927,GWENDOLYNE,6,0,6
1927,GWENDOLYN,75,0,75
1927,GWENDOLINE,14,0,14
1927,GRETA,23,0,23
1927,GRACE,207,0,207
1927,GOLDIE,15,0,15
1927,GLORIA,146,0,146
1927,GLENNA,34,0,34
1927,GLADYS,251,0,251
1927,GILBERTE,6,0,6
1927,GERTRUDE,144,0,144
1927,GERMAINE,15,0,15
1927,GERALDINE,90,0,90
1927,GEORGINA,46,0,46
1927,GEORGIA,11,0,11
1927,GEORGETTE,27,0,27
1927,GENEVIEVE,11,0,11
1927,HAZEL,143,0,143
1927,GABRIELLE,8,0,8
1927,HELEN,870,0,870
1927,HELENE,18,0,18
1927,IVA,24,0,24
1927,ISOBELL,6,0,6
1927,ISOBEL,42,0,42
1927,ISABELLE,40,0,40
1927,ISABELLA,49,0,49
1927,ISABELL,20,0,20
1927,ISABEL,61,0,61
1927,IRMA,25,0,25
1927,IRIS,48,0,48
1927,IRENE,301,0,301
1927,IONA,9,0,9
1927,INEZ,27,0,27
1927,INA,23,0,23
1927,ILENE,18,0,18
1927,ILEEN,7,0,7
1927,ILA,30,0,30
1927,IDA,65,0,65
1927,HOPE,7,0,7
1927,HILDA,109,0,109
1927,HENRIETTA,10,0,10
1927,HELLEN,18,0,18
1927,HELENA,22,0,22
1927,EARLA,8,0,8
1927,FRIEDA,7,0,7
1927,FRANCIS,322,262,60
1927,EMMA,46,0,46
1927,EMILY,46,0,46
1927,ELSIE,171,0,171
1927,ELMA,21,0,21
1927,ELLEN,94,0,94
1927,ELLA,50,0,50
1927,ELIZABETH,453,0,453
1927,ELIZA,7,0,7
1927,ELISABETH,8,0,8
1927,ELINOR,27,0,27
1927,ELENOR,10,0,10
1927,ELENA,8,0,8
1927,ELEANORE,6,0,6
1927,ELEANOR,213,0,213
1927,ELDA,16,0,16
1927,ELAINE,40,0,40
1927,EILEEN,167,0,167
1927,EILA,8,0,8
1927,EFFIE,11,0,11
1927,EDYTHE,11,0,11
1927,EDNA,196,0,196
1927,ENA,6,0,6
1927,FREDA,43,0,43
1927,ENID,20,0,20
1927,ERMA,32,0,32
1927,FRANCES,270,9,261
1927,FLORENCE,317,0,317
1927,FLORA,37,0,37
1927,FLEURETTE,9,0,9
1927,FERN,29,0,29
1927,FAYE,6,0,6
1927,FAY,19,0,19
1927,FANNY,7,0,7
1927,FAITH,6,0,6
1927,EVELYNE,9,0,9
1927,EVELYN,306,0,306
1927,EVELINE,12,0,12
1927,EVA,131,0,131
1927,EUNICE,54,0,54
1927,EULA,8,0,8
1927,EUGENIA,6,0,6
1927,ETTA,7,0,7
1927,ETHEL,177,0,177
1927,ESTHER,61,0,61
1927,ESTELLE,10,0,10
1927,ESTELLA,6,0,6
1927,ERIE,6,0,6
1927,BERTHA,71,0,71
1927,RODNEY,13,13,0
1927,TEDDY,6,6,0
1927,MELVILLE,35,35,0
1927,MAYNARD,5,5,0
1927,MAXWELL,14,14,0
1927,MAX,22,22,0
1927,MAURICE,91,91,0
1927,MATTHEW,8,8,0
1927,MATHEW,7,7,0
1927,MARVIN,22,22,0
1927,MARTIN,33,33,0
1927,MARK,20,20,0
1927,MARIO,6,6,0
1927,MARCEL,22,22,0
1927,MALCOLM,36,36,0
1927,MACKENZIE,5,5,0
1927,MAC,5,5,0
1927,LYMAN,5,5,0
1927,LYLE,37,37,0
1927,LUIGI,13,13,0
1927,LUCIEN,23,23,0
1927,MELVIN,61,61,0
1927,LOYD,9,9,0
1927,MERTON,5,5,0
1927,MERVYN,23,23,0
1927,OLIVER,21,21,0
1927,NORVAL,6,6,0
1927,NORMAND,6,6,0
1927,NORMAN,345,345,0
1927,NOEL,10,10,0
1927,NICK,13,13,0
1927,NICHOLAS,25,25,0
1927,NELSON,49,49,0
1927,NEIL,36,36,0
1927,NATHAN,10,10,0
1927,MURRAY,145,145,0
1927,MOSES,7,7,0
1927,MORRIS,52,52,0
1927,MORLEY,24,24,0
1927,MITCHELL,7,7,0
1927,MILTON,45,45,0
1927,MILFORD,6,6,0
1927,MICHAEL,147,147,0
1927,MEYER,5,5,0
1927,MERVIN,20,20,0
1927,LOUIS,103,103,0
1927,LORNE,125,125,0
1927,LORENZO,5,5,0
1927,JULIUS,5,5,0
1927,JULIAN,6,6,0
1927,JOSEPHAT,5,5,0
1927,JOS,6,6,0
1927,JOHNSTON,7,7,0
1927,JOE,16,16,0
1927,JIM,9,9,0
1927,JEROME,15,15,0
1927,JAMES,1277,1277,0
1927,JACQUES,8,8,0
1927,JACOB,22,22,0
1927,JACKSON,8,8,0
1927,JACKIE,7,7,0
1927,JACK,237,237,0
1927,J,131,131,0
1927,IVAN,69,69,0
1927,ISIDORE,5,5,0
1927,ISAAC,13,13,0
1927,IRWIN,12,12,0
1927,JUNIOR,9,9,0
1927,KARL,15,15,0
1927,KEITH,107,107,0
1927,KENNETH,676,676,0
1927,LLOYD,214,214,0
1927,LIONEL,38,38,0
1927,LINDSAY,6,6,0
1927,LEWIS,37,37,0
1927,LESTER,15,15,0
1927,LESLIE,101,101,0
1927,LEROY,13,13,0
1927,LEOPOLD,11,11,0
1927,LEONARD,185,185,0
1927,OMER,15,15,0
1927,LEON,17,17,0
1927,LENARD,12,12,0
1927,LELAND,6,6,0
1927,LEE,10,10,0
1927,LAWRENCE,151,151,0
1927,LAVERNE,12,12,0
1927,LAVERN,9,9,0
1927,LAURENT,9,9,0
1927,LAURENCE,35,35,0
1927,LARRY,5,5,0
1927,LEO,133,133,0
1927,ORLAND,6,6,0
1927,ORVAL,32,32,0
1927,ORVIL,9,9,0
1927,TREVOR,9,9,0
1927,TONY,10,10,0
1927,TOM,9,9,0
1927,TIMOTHY,7,7,0
1927,THOMAS,566,566,0
1927,THEODORE,28,28,0
1927,TERRENCE,10,10,0
1927,TERRANCE,5,5,0
1927,TERENCE,13,13,0
1927,TELESPHORE,5,5,0
1927,SYLVESTER,6,6,0
1927,SYDNEY,35,35,0
1927,STUART,35,35,0
1927,STEWART,46,46,0
1927,STEVEN,7,7,0
1927,STEVE,24,24,0
1927,STERLING,7,7,0
1927,STEPHEN,40,40,0
1927,STANLEY,279,279,0
1927,VALENTINO,5,5,0
1927,VERNON,54,54,0
1927,VICTOR,116,116,0
1927,VINCENT,55,55,0
1927,WRAY,5,5,0
1927,WILSON,8,8,0
1927,WILMER,5,5,0
1927,WILLIS,17,17,0
1927,WILLIE,12,12,0
1927,WILLARD,29,29,0
1927,WILHO,5,5,0
1927,WILFRID,33,33,0
1927,WILFRED,144,144,0
1927,STANISLAUS,6,6,0
1927,WILFORD,5,5,0
1927,WILBERT,49,49,0
1927,WESLEY,35,35,0
1927,WELLINGTON,5,5,0
1927,WELDON,5,5,0
1927,WAYNE,11,11,0
1927,WARREN,25,25,0
1927,WALTER,301,301,0
1927,WALLACE,61,61,0
1927,VINCENZO,9,9,0
1927,WILBUR,8,8,0
1927,IRVING,19,19,0
1927,SPENCER,8,8,0
1927,SIMON,8,8,0
1927,REUBEN,8,8,0
1927,RENE,18,18,0
1927,REGINALD,90,90,0
1927,REAL,8,8,0
1927,RAYMOND,303,303,0
1927,RAY,46,46,0
1927,RAOUL,5,5,0
1927,RALPH,152,152,0
1927,PHILLIP,22,22,0
1927,PHILIP,57,57,0
1927,PETER,220,220,0
1927,PETE,5,5,0
1927,PERCY,52,52,0
1927,PERCIVAL,10,10,0
1927,PAUL,167,167,0
1927,PATRICK,115,115,0
1927,OWEN,23,23,0
1927,OSCAR,29,29,0
1927,ORVILLE,33,33,0
1927,RICHARD,243,243,0
1927,ROBERT,1524,1524,0
1927,RODERICK,23,23,0
1927,ROGER,47,47,0
1927,SIDNEY,60,60,0
1927,SHELDON,6,6,0
1927,SAMUEL,86,86,0
1927,SAM,15,15,0
1927,SALVATORE,13,13,0
1927,RUSSELL,129,129,0
1927,RUSSEL,43,43,0
1927,RUPERT,5,5,0
1927,RUDOLPH,19,19,0
1927,SOLOMON,5,5,0
1927,ROYDEN,5,5,0
1927,ROYAL,6,6,0
1927,ROY,277,277,0
1927,ROSS,151,151,0
1927,ROSAIRE,5,5,0
1927,RONALD,385,385,0
1927,ROMEO,10,10,0
1927,ROMAN,8,8,0
1927,ROLLAND,23,23,0
1927,ROLAND,39,39,0
1927,ROYCE,7,7,0
1927,IRVINE,10,10,0
1927,MIKE,21,21,0
1927,IAN,34,34,0
1927,CLARENCE,155,155,0
1927,CLARANCE,6,6,0
1927,CHRISTOPHER,21,21,0
1927,CHESTER,12,12,0
1927,CHARLIE,7,7,0
1927,CHARLES,589,589,0
1927,CECIL,105,105,0
1927,CARMAN,13,13,0
1927,CLAUDE,26,26,0
1927,CARL,117,117,0
1927,CALVIN,34,34,0
1927,BYRON,7,7,0
1927,BURTON,15,15,0
1927,BRUNO,10,10,0
1927,BRUCE,179,179,0
1927,BRIAN,10,10,0
1927,BOYD,5,5,0
1927,BORIS,6,6,0
1927,CAMERON,15,15,0
1927,CLAYTON,45,45,0
1927,CLEMENT,10,10,0
1927,CLIFFORD,201,201,0
1927,DESMOND,12,12,0
1927,DENNIS,32,32,0
1927,DENIS,18,18,0
1927,DELMER,6,6,0
1927,DELMAR,5,5,0
1927,DELBERT,23,23,0
1927,DEAN,9,9,0
1927,DAWSON,5,5,0
1927,DAVID,315,315,0
1927,DARCY,11,11,0
1927,DANIEL,73,73,0
1927,DAN,8,8,0
1927,DALTON,12,12,0
1927,CYRIL,32,32,0
1927,CONRAD,8,8,0
1927,COLIN,26,26,0
1927,CLYDE,6,6,0
1927,CLINTON,13,13,0
1927,CLIFTON,6,6,0
1927,BLAKE,8,8,0
1927,BILLY,13,13,0
1927,BILLIE,9,9,0
1927,BILL,14,14,0
1927,ANDREW,89,89,0
1927,ANDRE,8,8,0
1927,AMOS,5,5,0
1927,AMBROSE,11,11,0
1927,IRVIN,15,15,0
1927,ALTON,8,8,0
1927,ALPHONSE,13,13,0
1927,ALLEN,87,87,0
1927,ALLAN,168,168,0
1927,ALFRED,158,158,0
1927,ALEXANDER,153,153,0
1927,ALEX,24,24,0
1927,ALDO,6,6,0
1927,ALBERT,375,375,0
1927,ALAN,80,80,0
1927,ADOLPH,8,8,0
1927,ADAM,15,15,0
1927,ABRAHAM,18,18,0
1927,AARON,6,6,0
1927,ANGELO,11,11,0
1927,DOMENICO,5,5,0
1927,ANGUS,17,17,0
1927,ANTOINE,7,7,0
1927,BERTRAM,22,22,0
1927,BERT,11,11,0
1927,BERNARD,119,119,0
1927,BENNY,5,5,0
1927,BENJAMIN,31,31,0
1927,BENEDICT,5,5,0
1927,BASIL,26,26,0
1927,BARRY,9,9,0
1927,AUSTIN,17,17,0
1927,AURELE,7,7,0
1927,AUREL,7,7,0
1927,AUGUST,6,6,0
1927,AUBREY,7,7,0
1927,ARTHUR,407,407,0
1927,ARNOLD,79,79,0
1927,ARMAND,21,21,0
1927,ARCHIE,24,24,0
1927,ARCHIBALD,40,40,0
1927,ANTONIO,28,28,0
1927,ANTHONY,46,46,0
1927,DOMINIC,14,14,0
1927,ALVIN,65,65,0
1927,DONAT,10,10,0
1927,GRAHAM,14,14,0
1927,GORDON,586,586,0
1927,GORDEN,6,6,0
1927,GLENWOOD,5,5,0
1927,GLENN,50,50,0
1927,GLEN,78,78,0
1927,GIOVANNI,10,10,0
1927,GINO,7,7,0
1927,GILES,5,5,0
1927,GILBERT,57,57,0
1927,GERARD,45,45,0
1927,GERALD,329,329,0
1927,GEORGES,6,6,0
1927,GEORGE,1058,1058,0
1927,GEOFFREY,7,7,0
1927,GARNET,48,48,0
1927,GARFIELD,7,7,0
1927,FREDRICK,49,49,0
1927,FREDERICK,353,353,0
1927,GRANT,47,47,0
1927,FREDERIC,7,7,0
1927,GREGORY,7,7,0
1927,GUIDO,6,6,0
1927,DONALD,1191,1191,0
1927,HUGH,104,104,0
1927,HUBERT,32,32,0
1927,HOWARD,239,239,0
1927,HORACE,17,17,0
1927,HOMER,9,9,0
1927,HERMAN,16,16,0
1927,HERBERT,150,150,0
1927,HENRY,209,209,0
1927,HECTOR,32,32,0
1927,HARVIE,5,5,0
1927,HARVEY,109,109,0
1927,HARTLEY,5,5,0
1927,HARRY,267,267,0
1927,HARRIS,5,5,0
1927,HAROLD,511,511,0
1927,HARLEY,13,13,0
1927,GUY,14,14,0
1927,GUISEPPE,12,12,0
1927,GRENVILLE,8,8,0
1927,FREDDIE,5,5,0
1927,HENRI,15,15,0
1927,FRANKLYN,6,6,0
1927,ELLIS,6,6,0
1927,ELIO,7,7,0
1927,ELIAS,6,6,0
1927,ELI,7,7,0
1927,ELGIN,15,15,0
1927,ELDON,27,27,0
1927,EINO,5,5,0
1927,EDWIN,91,91,0
1927,EDWARD,472,472,0
1927,EDMUND,30,30,0
1927,EDMOND,21,21,0
1927,EDGAR,67,67,0
1927,EARNEST,26,26,0
1927,EARLE,18,18,0
1927,EARL,182,182,0
1927,DWIGHT,5,5,0
1927,DUNCAN,28,28,0
1927,FRED,43,43,0
1927,DOUGLAS,416,416,0
1927,ELLWOOD,5,5,0
1927,ELMER,71,71,0
1927,EDDIE,5,5,0
1927,ELWOOD,20,20,0
1927,ELVIN,10,10,0
1927,FRANCOIS,7,7,0
1927,FRANCESCO,6,6,0
1927,FLOYD,48,48,0
1927,FELIX,14,14,0
1927,EVERETT,23,23,0
1927,EVAN,6,6,0
1927,EUGENE,68,68,0
1927,ERWIN,6,6,0
1927,FERNAND,24,24,0
1927,ERNIE,8,8,0
1927,EMERSON,19,19,0
1927,ERVIN,7,7,0
1927,EMIL,6,6,0
1927,EMILE,12,12,0
1927,ERIC,65,65,0
1927,FRANK,213,213,0
1927,FRANKLIN,40,40,0
1927,ERNEST,203,203,0
1928,BEVERLEY,66,13,53
1928,BEULAH,22,0,22
1928,BETTY,621,0,621
1928,BETSY,7,0,7
1928,BETH,6,0,6
1928,BESSIE,40,0,40
1928,BERYL,32,0,32
1928,BERTHA,68,0,68
1928,BERNICE,169,0,169
1928,BERNADETTE,14,0,14
1928,BELLA,11,0,11
1928,AUDRY,10,0,10
1928,BARBARA,458,0,458
1928,ARLIE,9,0,9
1928,AUDREY,494,0,494
1928,BABY,879,489,390
1928,BEATRICE,177,0,177
1928,CAROLINE,18,0,18
1928,BLANCHE,39,0,39
1928,CHARLOTTE,46,0,46
1928,CELIA,8,0,8
1928,CHRISTENA,12,0,12
1928,CECILIA,21,0,21
1928,ARLENE,10,0,10
1928,CECILE,19,0,19
1928,CECELIA,15,0,15
1928,BEVERLY,46,21,25
1928,CATHERINE,198,0,198
1928,CARRIE,8,0,8
1928,CAROLYN,11,0,11
1928,CAROL,35,6,29
1928,CARMEN,21,10,11
1928,CARMEL,12,0,12
1928,BUELAH,6,0,6
1928,BONNIE,9,0,9
1928,CATHARINE,33,0,33
1928,ANTOINETTE,6,0,6
1928,ALBERTA,20,0,20
1928,ANNETTE,15,0,15
1928,ADRIENNE,8,0,8
1928,ADELINE,15,0,15
1928,ADELE,10,0,10
1928,ADA,43,0,43
1928,GUY,16,16,0
1928,GUISEPPE,14,14,0
1928,GREGORY,10,10,0
1928,GRANT,34,34,0
1928,GRAHAM,17,17,0
1928,GORDON,619,619,0
1928,GODFREY,5,5,0
1928,CHRISTINA,37,0,37
1928,GIRARD,6,6,0
1928,GLEN,57,57,0
1928,GLENN,56,56,0
1928,AGATHA,6,0,6
1928,AGNES,159,0,159
1928,AILEEN,41,0,41
1928,ALDA,6,0,6
1928,ANNETTA,6,0,6
1928,ANNE,56,0,56
1928,ANNABELLE,6,0,6
1928,ANNA,196,0,196
1928,ANN,48,0,48
1928,ANITA,25,0,25
1928,ANGELINE,8,0,8
1928,ANNIE,283,0,283
1928,ANGELINA,8,0,8
1928,AMY,16,0,16
1928,AMELIA,24,0,24
1928,ALMA,74,0,74
1928,ALINE,12,0,12
1928,ALICE,233,0,233
1928,ALFREDA,11,0,11
1928,ALEXANDRA,7,0,7
1928,ANGELA,18,0,18
1928,CHRISTINE,14,0,14
1928,ELMA,16,0,16
1928,CLARA,89,0,89
1928,ESTHER,69,0,69
1928,ESTER,11,0,11
1928,ESTELLE,13,0,13
1928,ESTELLA,6,0,6
1928,ERNA,9,0,9
1928,ERMA,24,0,24
1928,ENID,22,0,22
1928,ENA,7,0,7
1928,EMMA,39,0,39
1928,EMILY,51,0,51
1928,EMILIA,6,0,6
1928,ELVA,46,0,46
1928,ELSIE,160,0,160
1928,ELLEN,96,0,96
1928,ELLA,47,0,47
1928,ETHEL,148,0,148
1928,ETTA,9,0,9
1928,EUNICE,35,0,35
1928,EVA,123,0,123
1928,GIOVANNI,10,10,0
1928,FLOSSIE,6,0,6
1928,FLORENCE,330,0,330
1928,FRANCES,297,15,282
1928,FRANCIS,285,251,34
1928,FREDA,50,0,50
1928,FREIDA,8,0,8
1928,ELIZABETH,497,0,497
1928,GENEVIEVE,17,0,17
1928,FERN,22,0,22
1928,FAY,22,0,22
1928,FANNY,6,0,6
1928,FANNIE,9,0,9
1928,EVELYN,319,0,319
1928,EVELINE,12,0,12
1928,EVANGELINE,7,0,7
1928,FLORA,34,0,34
1928,ELIZA,7,0,7
1928,ELINOR,32,0,32
1928,ELENOR,14,0,14
1928,DOLORES,59,0,59
1928,DOLLY,7,0,7
1928,DIANE,8,0,8
1928,DIANA,17,0,17
1928,DELORES,23,0,23
1928,DELLA,18,0,18
1928,DELIA,10,0,10
1928,DONA,12,0,12
1928,DAPHNE,11,0,11
1928,CYNTHIA,9,0,9
1928,CORINNE,19,0,19
1928,CORAL,7,0,7
1928,CORA,24,0,24
1928,CONSTANCE,68,0,68
1928,COLLEEN,28,0,28
1928,CLARICE,10,0,10
1928,DAISY,22,0,22
1928,CLAIRE,31,5,26
1928,DONALDA,15,0,15
1928,DORA,49,0,49
1928,ELEANOR,219,0,219
1928,ELDA,11,0,11
1928,ELAINE,38,0,38
1928,EILEEN,156,0,156
1928,EILA,7,0,7
1928,EFFIE,13,0,13
1928,EDYTHE,11,0,11
1928,DONNA,97,0,97
1928,EDNA,187,0,187
1928,DORTHY,20,0,20
1928,DOROTHY,968,6,962
1928,DOROTHEA,19,0,19
1928,DORIS,445,0,445
1928,DORINE,8,0,8
1928,DORENE,7,0,7
1928,DOREEN,254,0,254
1928,EDITH,216,0,216
1928,GINO,9,9,0
1928,HARRIS,5,5,0
1928,GERARD,35,35,0
1928,BRUCE,176,176,0
1928,BRIAN,15,15,0
1928,BORIS,6,6,0
1928,BILLY,10,10,0
1928,BILLIE,11,11,0
1928,BILL,5,5,0
1928,BERTRAM,15,15,0
1928,BERNARD,130,130,0
1928,BENJAMIN,25,25,0
1928,BEN,7,7,0
1928,BASIL,25,25,0
1928,BARRY,19,19,0
1928,AUSTIN,15,15,0
1928,AUGUST,6,6,0
1928,AUBREY,14,14,0
1928,BRUNO,20,20,0
1928,BRYCE,9,9,0
1928,BURTON,16,16,0
1928,BYRON,8,8,0
1928,CLARENCE,139,139,0
1928,CLARE,17,17,0
1928,CLAIR,10,10,0
1928,CHRISTOPHER,15,15,0
1928,CHESTER,11,11,0
1928,CHARLIE,19,19,0
1928,CHARLEY,8,8,0
1928,ARTHUR,343,343,0
1928,CHARLES,584,584,0
1928,CARROLL,5,5,0
1928,CARMAN,14,14,0
1928,CARLO,6,6,0
1928,CARL,132,132,0
1928,CAMPBELL,7,7,0
1928,CAMERON,10,10,0
1928,CALVIN,21,21,0
1928,CECIL,103,103,0
1928,CLAUDE,24,24,0
1928,ARNOLD,104,104,0
1928,ARMAND,20,20,0
1928,ALBERTO,5,5,0
1928,ALBERT,338,338,0
1928,ALAN,96,96,0
1928,AIME,7,7,0
1928,ADRIEN,6,6,0
1928,ADAM,7,7,0
1928,ABRAHAM,14,14,0
1928,AARON,6,6,0
1928,GEORGE,1130,1124,6
1928,GEORGIA,7,0,7
1928,GEORGINA,68,0,68
1928,GERALDINE,94,0,94
1928,GERMAINE,12,0,12
1928,GERTRUDE,123,0,123
1928,GLADYS,212,0,212
1928,ALCIDE,10,10,0
1928,ALDO,6,6,0
1928,ALEX,25,25,0
1928,ALEXANDER,154,154,0
1928,ARCHIE,27,27,0
1928,ARCHIBALD,28,28,0
1928,ANTONIO,23,23,0
1928,ANTOINE,6,6,0
1928,ANTHONY,42,42,0
1928,ANGUS,20,20,0
1928,ANGELO,11,11,0
1928,ARMANDO,5,5,0
1928,ANDREW,97,97,0
1928,AMOS,9,9,0
1928,AMBROSE,14,14,0
1928,ALVIN,63,63,0
1928,ALPHONSE,16,16,0
1928,ALLEN,72,72,0
1928,ALLAN,177,177,0
1928,ALFRED,177,177,0
1928,ANDRE,12,12,0
1928,CLAYTON,45,45,0
1928,CLEMENT,6,6,0
1928,CLEON,5,5,0
1928,FERNAND,21,21,0
1928,FERDINAND,7,7,0
1928,FELIX,10,10,0
1928,EWART,8,8,0
1928,EVERETT,27,27,0
1928,EVAN,11,11,0
1928,EUGENE,69,69,0
1928,ERWIN,7,7,0
1928,ERNEST,200,200,0
1928,ERIC,76,76,0
1928,ENRICO,6,6,0
1928,EMILE,7,7,0
1928,EMIL,6,6,0
1928,EMERSON,11,11,0
1928,ELWOOD,17,17,0
1928,FLORIAN,7,7,0
1928,FLOYD,62,62,0
1928,FRANCESCO,11,11,0
1928,FRANCOIS,7,7,0
1928,GERALD,354,354,0
1928,GEORGES,8,8,0
1928,GEOFFREY,10,10,0
1928,GAVIN,5,5,0
1928,GASTON,9,9,0
1928,GARY,5,5,0
1928,GARTH,7,7,0
1928,ELWIN,7,7,0
1928,GARNET,51,51,0
1928,FREDRICK,43,43,0
1928,FREDERICK,351,351,0
1928,FREDDIE,7,7,0
1928,FRED,42,42,0
1928,FRASER,8,8,0
1928,FRANKLIN,38,38,0
1928,FRANK,223,223,0
1928,GARFIELD,7,7,0
1928,ELMER,75,75,0
1928,ELLWOOD,7,7,0
1928,ELLIOTT,5,5,0
1928,DEREK,5,5,0
1928,DENNIS,30,30,0
1928,DENIS,16,16,0
1928,DELBERT,22,22,0
1928,DEAN,10,10,0
1928,DAVID,358,358,0
1928,DANIEL,75,75,0
1928,DESMOND,26,26,0
1928,DALTON,20,20,0
1928,CORNELIUS,5,5,0
1928,CONRAD,17,17,0
1928,COLIN,24,24,0
1928,CLYDE,10,10,0
1928,CLINTON,15,15,0
1928,CLIFTON,11,11,0
1928,CLIFFORD,199,199,0
1928,CYRIL,31,31,0
1928,GILBERT,59,59,0
1928,DOMINIC,5,5,0
1928,DONALD,1346,1346,0
1928,ELGIN,14,14,0
1928,ELDON,25,25,0
1928,EDWIN,103,103,0
1928,EDWARD,509,509,0
1928,EDOUARD,5,5,0
1928,EDMUND,34,34,0
1928,EDMOND,24,24,0
1928,DOMINICO,7,7,0
1928,EDGAR,43,43,0
1928,EARLE,15,15,0
1928,EARL,177,177,0
1928,DWIGHT,8,8,0
1928,DUNCAN,31,31,0
1928,DUDLEY,7,7,0
1928,DOUGLASS,6,6,0
1928,DOUGLAS,475,475,0
1928,EARNEST,17,17,0
1928,HAROLD,532,532,0
1928,SARAH,76,0,76
1928,THORA,6,0,6
1928,MABLE,18,0,18
1928,MABEL,94,0,94
1928,M,141,0,141
1928,LYLA,10,0,10
1928,LYDIA,17,0,17
1928,LUELLA,10,0,10
1928,LUCY,30,0,30
1928,LUCILLE,28,0,28
1928,LUCIENNE,7,0,7
1928,LUCIA,8,0,8
1928,LOUISE,50,0,50
1928,MADALINE,7,0,7
1928,LOUISA,10,0,10
1928,LORRAINE,95,0,95
1928,LORNA,91,0,91
1928,LORETTE,8,0,8
1928,LORETTA,34,0,34
1928,LORENE,8,0,8
1928,LORENA,7,0,7
1928,LOREEN,7,0,7
1928,LORAINE,22,0,22
1928,LOLA,13,0,13
1928,LOIS,270,0,270
1928,LINA,7,0,7
1928,LOTTIE,7,0,7
1928,LILY,27,0,27
1928,MADELEINE,10,0,10
1928,MADGE,7,0,7
1928,MAVIS,22,0,22
1928,MAUREEN,15,0,15
1928,GEORGETTE,17,0,17
1928,MAUDE,6,0,6
1928,MATILDA,10,0,10
1928,MARY,2175,11,2164
1928,MARTHA,69,0,69
1928,MARJORY,59,0,59
1928,MARJORIE,369,0,369
1928,MARION,458,0,458
1928,MARILYN,51,0,51
1928,MADELINE,65,0,65
1928,MARIETTE,7,0,7
1928,MARIANNE,8,0,8
1928,MARIAN,98,0,98
1928,MARIA,75,0,75
1928,MARGUERITE,134,0,134
1928,MARGRET,6,0,6
1928,MARGERY,30,0,30
1928,MARGARET,1240,8,1232
1928,MARCIA,6,0,6
1928,MARCELLA,17,0,17
1928,MAGGIE,10,0,10
1928,MAE,15,0,15
1928,MARIE,2056,13,2043
1928,MAXINE,21,0,21
1928,LILLY,12,0,12
1928,LILLIAN,276,0,276
1928,JOSEPH,2760,2747,13
1928,JOHN,2508,2501,7
1928,JOHANNA,6,0,6
1928,JOANNE,9,0,9
1928,JOAN,341,0,341
1928,JEWEL,6,0,6
1928,JESSIE,90,0,90
1928,JENNY,9,0,9
1928,JENNIE,54,0,54
1928,JEANNETTE,12,0,12
1928,JEANNE,44,0,44
1928,JOSEPHINE,70,0,70
1928,JEANIE,10,0,10
1928,JEAN,746,109,637
1928,JANICE,7,0,7
1928,JANET,63,0,63
1928,JANE,61,0,61
1928,JAMES,1309,1302,7
1928,JACQUELINE,67,0,67
1928,IVY,35,0,35
1928,IVA,26,0,26
1928,ISOBEL,37,0,37
1928,ISABELLE,26,0,26
1928,ISABELLA,29,0,29
1928,JEANETTE,20,0,20
1928,LILLIE,6,0,6
1928,JOY,38,0,38
1928,JUANITA,11,0,11
1928,LILIAN,37,0,37
1928,LILA,32,0,32
1928,LETA,6,0,6
1928,LEONE,7,0,7
1928,LEONA,77,0,77
1928,LENORE,10,0,10
1928,LENORA,13,0,13
1928,LENA,38,0,38
1928,LELA,8,0,8
1928,LEILA,14,0,14
1928,LEAH,10,0,10
1928,JOYCE,356,0,356
1928,LAURETTE,8,0,8
1928,LAURA,111,0,111
1928,KEITHA,7,0,7
1928,KATIE,8,0,8
1928,KATHRYN,17,0,17
1928,KATHLEEN,226,0,226
1928,KATHERINE,71,0,71
1928,KATHARINE,15,0,15
1928,KATHALEEN,10,0,10
1928,JUNE,404,0,404
1928,JULIA,42,0,42
1928,JUDITH,10,0,10
1928,LAUREL,7,0,7
1928,MAY,70,0,70
1928,MELBA,15,0,15
1928,MERLE,12,0,12
1928,VERDA,7,0,7
1928,VERLA,9,0,9
1928,VERNA,129,0,129
1928,VERONICA,25,0,25
1928,VICTORIA,42,0,42
1928,VIDA,6,0,6
1928,VILMA,8,0,8
1928,VIOLA,82,0,82
1928,VIOLET,156,0,156
1928,VIRGINIA,45,0,45
1928,VIVIAN,88,0,88
1928,VERA,144,0,144
1928,WANDA,28,0,28
1928,WILHELMINA,6,0,6
1928,WILHELMINE,7,0,7
1928,WILLA,9,0,9
1928,WILLIAM,2428,2415,13
1928,WILMA,67,0,67
1928,WINIFRED,28,0,28
1928,WINNIFRED,59,0,59
1928,WINONA,6,0,6
1928,YOLANDA,7,0,7
1928,YOLANDE,8,0,8
1928,YVETTE,11,0,11
1928,WILDA,17,0,17
1928,YVONNE,60,0,60
1928,VELMA,98,0,98
1928,ROSELLA,9,0,9
1928,ROSINA,14,0,14
1928,RUBY,123,0,123
1928,RUTH,555,0,555
1928,SADIE,16,0,16
1928,HARLEY,8,8,0
1928,SELMA,6,0,6
1928,SHEILA,46,0,46
1928,SHIELA,9,0,9
1928,SHIRLEY,846,5,841
1928,SILVIA,7,0,7
1928,SOPHIA,9,0,9
1928,VALERIE,13,0,13
1928,SOPHIE,16,0,16
1928,STILLBIRTH,31,18,13
1928,SUSAN,13,0,13
1928,SUSANNE,7,0,7
1928,SUSIE,7,0,7
1928,SUZANNE,8,0,8
1928,SYBIL,12,0,12
1928,SYLVIA,65,0,65
1928,TERESA,64,0,64
1928,THELMA,174,0,174
1928,THERESA,157,0,157
1928,THERESE,77,0,77
1928,STELLA,81,0,81
1928,ROSE,165,0,165
1928,ROSALINE,10,0,10
1928,ROSALIE,7,0,7
1928,NOREEN,33,0,33
1928,NORAH,12,0,12
1928,NORA,68,0,68
1928,NONA,6,0,6
1928,NOELLA,6,0,6
1928,NINA,20,0,20
1928,NETTIE,11,0,11
1928,NELLIE,51,0,51
1928,NELDA,8,0,8
1928,NAOMI,9,0,9
1928,NANCY,75,0,75
1928,NORINE,8,0,8
1928,MYRTLE,71,0,71
1928,MYRA,10,0,10
1928,MURIEL,242,0,242
1928,MONICA,14,0,14
1928,MONA,35,0,35
1928,MOLLY,11,0,11
1928,MOLLIE,6,0,6
1928,MIRIAM,26,0,26
1928,MINNIE,24,0,24
1928,MILLICENT,8,0,8
1928,MILDRED,185,0,185
1928,META,7,0,7
1928,MYRNA,16,0,16
1928,NORMA,332,0,332
1928,OLA,10,0,10
1928,OLGA,59,0,59
1928,ROSA,15,0,15
1928,ROBINA,7,0,7
1928,ROBERTA,27,0,27
1928,RITA,118,0,118
1928,RHODA,18,0,18
1928,RHEA,12,0,12
1928,RETA,105,0,105
1928,RENA,14,0,14
1928,REGINA,10,0,10
1928,REBECCA,13,0,13
1928,RAMONA,36,0,36
1928,RACHEL,20,0,20
1928,PRISCILLA,6,0,6
1928,PHYLLIS,195,0,195
1928,PHYLISS,9,0,9
1928,PHYLIS,29,0,29
1928,PHOEBE,9,0,9
1928,PEGGY,17,0,17
1928,PEARL,97,0,97
1928,PAULINE,96,0,96
1928,PATRICIA,277,0,277
1928,PAMELA,11,0,11
1928,ORMA,14,0,14
1928,OPAL,6,0,6
1928,OLIVE,101,0,101
1928,ISABELL,16,0,16
1928,ROSIE,32,0,32
1928,ISABEL,51,0,51
1928,IRIS,32,0,32
1928,MERVIN,27,27,0
1928,MERTON,7,7,0
1928,MELVIN,57,57,0
1928,MELVILLE,40,40,0
1928,MAYNARD,5,5,0
1928,MAXWELL,13,13,0
1928,MAX,18,18,0
1928,MAURICE,89,89,0
1928,MATTHEW,12,12,0
1928,MATHEW,5,5,0
1928,MARVIN,18,18,0
1928,MERVYN,31,31,0
1928,MARTIN,39,39,0
1928,MARK,5,5,0
1928,MARIO,8,8,0
1928,MARCEL,24,24,0
1928,MALCOLM,42,42,0
1928,LYLE,44,44,0
1928,LUIGI,11,11,0
1928,LUCIEN,22,22,0
1928,LOYD,9,9,0
1928,LOUIS,110,110,0
1928,LORNIE,5,5,0
1928,LORNE,115,115,0
1928,MARSHALL,10,10,0
1928,LORENZO,7,7,0
1928,MICHAEL,155,155,0
1928,MILFORD,5,5,0
1928,OWEN,18,18,0
1928,OTTO,6,6,0
1928,OSWALD,5,5,0
1928,OSCAR,12,12,0
1928,ORVILLE,36,36,0
1928,ORVAL,25,25,0
1928,OMER,13,13,0
1928,OLIVER,25,25,0
1928,NORMAN,331,331,0
1928,NORBERT,6,6,0
1928,NOEL,12,12,0
1928,MIKE,27,27,0
1928,NICK,16,16,0
1928,NELSON,35,35,0
1928,NEIL,42,42,0
1928,NAPOLEON,8,8,0
1928,MYRON,5,5,0
1928,MURRY,5,5,0
1928,MURRAY,158,158,0
1928,MOSES,6,6,0
1928,MORTON,7,7,0
1928,MORRIS,29,29,0
1928,MORLEY,36,36,0
1928,MILTON,41,41,0
1928,NICHOLAS,30,30,0
1928,PATRICK,95,95,0
1928,LLOYD,193,193,0
1928,LINDSAY,5,5,0
1928,JACOB,21,21,0
1928,JACKIE,16,16,0
1928,JACK,253,253,0
1928,J,135,135,0
1928,IVAN,75,75,0
1928,ISAAC,12,12,0
1928,IRWIN,11,11,0
1928,IRVING,13,13,0
1928,IRVIN,18,18,0
1928,IRA,10,10,0
1928,IAN,40,40,0
1928,JEROME,22,22,0
1928,HUGHIE,6,6,0
1928,HUBERT,34,34,0
1928,HOWARD,193,193,0
1928,HORACE,13,13,0
1928,HOMER,9,9,0
1928,HERMAN,22,22,0
1928,HERBERT,162,162,0
1928,HENRY,173,173,0
1928,HENRI,17,17,0
1928,HECTOR,24,24,0
1928,HARVEY,79,79,0
1928,HARRY,225,225,0
1928,HUGH,108,108,0
1928,LIONEL,40,40,0
1928,JERRY,11,11,0
1928,JIM,8,8,0
1928,LEWIS,32,32,0
1928,LESTER,11,11,0
1928,LESLIE,84,84,0
1928,LESLEY,5,5,0
1928,LEROY,20,20,0
1928,LEOPOLD,5,5,0
1928,LEONARD,198,198,0
1928,LEON,23,23,0
1928,LEO,127,127,0
1928,LENARD,13,13,0
1928,LELAND,7,7,0
1928,JESSE,5,5,0
1928,LEE,5,5,0
1928,LAVERNE,16,16,0
1928,LAURENT,7,7,0
1928,LAURENCE,31,31,0
1928,LARRY,5,5,0
1928,KENNETH,739,739,0
1928,KEITH,107,107,0
1928,KARL,15,15,0
1928,JUNIOR,14,14,0
1928,JULIUS,9,9,0
1928,JOS,6,6,0
1928,JOE,18,18,0
1928,LAWRENCE,188,188,0
1928,PAUL,169,169,0
1928,PERCIVAL,5,5,0
1928,PERCY,48,48,0
1928,WILMER,11,11,0
1928,WILLIS,29,29,0
1928,WILLIE,6,6,0
1928,WILLARD,37,37,0
1928,WILFRID,20,20,0
1928,WILFRED,150,150,0
1928,WILFORD,6,6,0
1928,WILBERT,33,33,0
1928,WESLEY,44,44,0
1928,WELLINGTON,8,8,0
1928,WARREN,29,29,0
1928,WILSON,11,11,0
1928,WARD,5,5,0
1928,WALLACE,63,63,0
1928,VINCENZO,10,10,0
1928,VINCENT,61,61,0
1928,VICTOR,121,121,0
1928,VERNON,80,80,0
1928,VERNER,5,5,0
1928,VERNE,8,8,0
1928,TONY,10,10,0
1928,TOIVO,5,5,0
1928,TIMOTHY,6,6,0
1928,THOMAS,575,575,0
1928,WALTER,332,332,0
1928,THEODORE,33,33,0
1928,WRAY,5,5,0
1928,GLORIA,154,0,154
1928,IRENE,275,0,275
1928,IONA,19,0,19
1928,INEZ,23,0,23
1928,INA,22,0,22
1928,ILENE,12,0,12
1928,ILEEN,8,0,8
1928,ILA,15,0,15
1928,IDA,92,0,92
1928,HILDA,92,0,92
1928,HENRIETTA,13,0,13
1928,HELLEN,13,0,13
1928,GLENNA,12,0,12
1928,HELENE,14,0,14
1928,HELEN,854,0,854
1928,HAZEL,137,0,137
1928,HATTIE,9,0,9
1928,HARRIETT,6,0,6
1928,HARRIET,20,0,20
1928,HANNAH,18,0,18
1928,GWENDOLYN,55,0,55
1928,GWENDOLINE,8,0,8
1928,GRETA,20,0,20
1928,GRACE,204,0,204
1928,GOLDIE,6,0,6
1928,HELENA,27,0,27
1928,TERRENCE,10,10,0
1928,TERRANCE,5,5,0
1928,TERENCE,13,13,0
1928,RONALD,448,448,0
1928,ROMEO,12,12,0
1928,ROLLAND,9,9,0
1928,ROLAND,35,35,0
1928,ROGER,63,63,0
1928,RODNEY,15,15,0
1928,RODERICK,20,20,0
1928,ROCCO,6,6,0
1928,ROBERT,1551,1551,0
1928,RICHARD,261,261,0
1928,REX,5,5,0
1928,ROSS,176,176,0
1928,RENE,26,26,0
1928,REGINALD,119,119,0
1928,REAL,6,6,0
1928,RAYMOND,306,306,0
1928,RAY,53,53,0
1928,RALPH,184,184,0
1928,RAE,7,7,0
1928,PIERRE,12,12,0
1928,PHILLIP,14,14,0
1928,PHILIP,55,55,0
1928,PETER,174,174,0
1928,PERRY,7,7,0
1928,REMI,6,6,0
1928,ROY,249,249,0
1928,ROYDEN,6,6,0
1928,RUDOLF,5,5,0
1928,TEDDY,8,8,0
1928,TAUNO,6,6,0
1928,SYLVESTER,12,12,0
1928,SYDNEY,30,30,0
1928,STUART,34,34,0
1928,STEWART,29,29,0
1928,STEVEN,6,6,0
1928,STEVE,18,18,0
1928,STEPHEN,43,43,0
1928,STANLEY,248,248,0
1928,SOLOMON,5,5,0
1928,SIMON,5,5,0
1928,SIDNEY,48,48,0
1928,SHELDON,9,9,0
1928,SEYMOUR,7,7,0
1928,SCOTT,6,6,0
1928,SANFORD,6,6,0
1928,SAMUEL,89,89,0
1928,SAM,11,11,0
1928,SALVATORE,13,13,0
1928,RUSSELL,113,113,0
1928,RUSSEL,26,26,0
1928,RUPERT,6,6,0
1928,RUFUS,5,5,0
1928,RUDOLPH,15,15,0
1928,IRMA,29,0,29
1928,ROSEMARY,25,0,25
1929,LEONE,9,0,9
1929,ADA,54,0,54
1929,SHERLEY,7,0,7
1929,SHIRLEY,911,5,906
1929,SHIRLY,9,0,9
1929,SIMONE,9,0,9
1929,SOPHIA,12,0,12
1929,SOPHIE,10,0,10
1929,STELLA,69,0,69
1929,STILLBIRTH,30,14,16
1929,SUSAN,24,0,24
1929,SHEILA,58,0,58
1929,SUZANNE,8,0,8
1929,SYLVIA,65,0,65
1929,TERESA,67,0,67
1929,THELMA,140,0,140
1929,THERESA,154,0,154
1929,THERESE,66,0,66
1929,URSULA,6,0,6
1929,VALERIE,15,0,15
1929,LENORE,13,0,13
1929,VELMA,72,0,72
1929,SYBIL,11,0,11
1929,SARAH,80,0,80
1929,SARA,7,0,7
1929,SALLY,17,0,17
1929,PHYLLIS,205,0,205
1929,PRISCILLA,9,0,9
1929,RACHEL,15,0,15
1929,RAMONA,28,0,28
1929,REBA,7,0,7
1929,RENA,13,0,13
1929,RETA,87,0,87
1929,RHEA,8,0,8
1929,RHODA,25,0,25
1929,RITA,132,0,132
1929,ROBERTA,34,0,34
1929,ROMA,7,0,7
1929,ROSA,21,0,21
1929,ROSALIE,8,0,8
1929,ROSE,186,0,186
1929,ROSEMARY,54,0,54
1929,ROSIE,37,0,37
1929,ROSINA,10,0,10
1929,RUBY,114,0,114
1929,RUTH,503,0,503
1929,SADIE,19,0,19
1929,VERA,154,0,154
1929,VERLA,8,0,8
1929,VERNA,105,0,105
1929,VERONICA,31,0,31
1929,LAURA,120,0,120
1929,KATIE,10,0,10
1929,KATHRYN,28,0,28
1929,KATHLEEN,201,0,201
1929,KATHERINE,50,0,50
1929,KATHARINE,12,0,12
1929,KATHALEEN,8,0,8
1929,JUNE,377,0,377
1929,JULIA,47,0,47
1929,JUDITH,13,0,13
1929,JUANITA,15,0,15
1929,JOYCE,401,0,401
1929,JOY,33,0,33
1929,JOSEPHINE,80,0,80
1929,JOSEPH,2691,2678,13
1929,JOHN,2390,2384,6
1929,JOANNE,21,0,21
1929,JOANNA,11,0,11
1929,JOAN,482,0,482
1929,JESSIE,78,0,78
1929,JENNY,9,0,9
1929,LAURETTA,7,0,7
1929,PHYLIS,19,0,19
1929,LAURINE,7,0,7
1929,LEAH,6,0,6
1929,VICTORIA,33,0,33
1929,VILMA,10,0,10
1929,VIOLA,84,0,84
1929,VIOLET,150,0,150
1929,VIRGINIA,57,0,57
1929,VIVIAN,59,0,59
1929,VIVIEN,6,0,6
1929,WANDA,28,0,28
1929,WILDA,15,0,15
1929,WILHELMINA,6,0,6
1929,WILLA,7,0,7
1929,WILMA,70,0,70
1929,WINIFRED,19,0,19
1929,WINNIFRED,63,0,63
1929,YOLANDA,9,0,9
1929,YOLANDE,7,0,7
1929,YVETTE,21,0,21
1929,YVONNE,70,0,70
1929,LENORA,18,0,18
1929,LENA,37,0,37
1929,LEILA,13,0,13
1929,LEA,6,0,6
1929,JENNIE,54,0,54
1929,PHILLIS,8,0,8
1929,PEARL,86,0,86
1929,LUCY,25,0,25
1929,LUELLA,17,0,17
1929,LYDIA,9,0,9
1929,LYLA,8,0,8
1929,M,153,0,153
1929,MABEL,57,0,57
1929,MABLE,14,0,14
1929,MADELEINE,12,0,12
1929,MADELINE,48,0,48
1929,LUCILLE,24,0,24
1929,MAE,18,0,18
1929,MARGARET,1214,5,1209
1929,MARGERY,25,0,25
1929,MARGRET,9,0,9
1929,MARGUERITA,6,0,6
1929,MARGUERITE,132,0,132
1929,MARIA,87,0,87
1929,MARIAN,92,0,92
1929,MARIANNE,11,0,11
1929,MARIE,2040,13,2027
1929,MARCELLA,8,0,8
1929,LUCILE,6,0,6
1929,LUCIENNE,7,0,7
1929,LOUISE,37,0,37
1929,LEONORA,12,0,12
1929,LESLIE,97,90,7
1929,LETA,6,0,6
1929,LILA,25,0,25
1929,LILIAN,36,0,36
1929,LILLIAN,242,0,242
1929,LILLIE,8,0,8
1929,LILY,38,0,38
1929,LINA,7,0,7
1929,LOIS,323,0,323
1929,LOLA,16,0,16
1929,LORAINE,25,0,25
1929,LOREEN,13,0,13
1929,LORENA,6,0,6
1929,LORENE,6,0,6
1929,LORETTA,27,0,27
1929,LORNA,80,0,80
1929,LORRAINE,89,0,89
1929,LOTTIE,8,0,8
1929,LOUIS,134,127,7
1929,LOUISA,8,0,8
1929,MARIETTE,6,0,6
1929,MARILYN,76,0,76
1929,MARILYNN,6,0,6
1929,MARION,484,0,484
1929,NADINE,6,0,6
1929,NANCY,95,0,95
1929,NAOMI,6,0,6
1929,NELDA,11,0,11
1929,NELLIE,49,0,49
1929,NINA,19,0,19
1929,NOELLA,7,0,7
1929,LEOLA,7,0,7
1929,NORA,50,0,50
1929,NORAH,26,0,26
1929,NOREEN,22,0,22
1929,NORENE,7,0,7
1929,NORMA,324,0,324
1929,OLGA,73,0,73
1929,OLIVE,120,0,120
1929,ONA,7,0,7
1929,ORMA,7,0,7
1929,PAMELA,10,0,10
1929,PATRICIA,324,0,324
1929,PAULA,9,0,9
1929,PAULINE,105,0,105
1929,MYRTLE,95,0,95
1929,PEGGY,30,0,30
1929,MYRNA,20,0,20
1929,MURIEL,226,0,226
1929,MARJORIE,313,0,313
1929,MARJORY,58,0,58
1929,MARTHA,61,0,61
1929,MARY,2298,7,2291
1929,MATILDA,12,0,12
1929,MAUD,7,0,7
1929,MAUREEN,18,0,18
1929,MAVIS,19,0,19
1929,MAXINE,26,0,26
1929,MAY,61,0,61
1929,MELBA,15,0,15
1929,MERLE,20,7,13
1929,MERNA,8,0,8
1929,MILDRED,215,0,215
1929,MILLICENT,10,0,10
1929,MINNIE,23,0,23
1929,MIRIAM,23,0,23
1929,MOLLY,17,0,17
1929,MONA,28,0,28
1929,MONICA,20,0,20
1929,MOREEN,7,0,7
1929,MYRA,6,0,6
1929,LEONA,64,0,64
1929,JEANNINE,23,0,23
1929,JEANNE,53,0,53
1929,DAISY,20,0,20
1929,CORINNE,18,0,18
1929,CORA,21,0,21
1929,CONSTANCE,60,0,60
1929,COLLEEN,34,0,34
1929,CLARICE,8,0,8
1929,CLARE,22,14,8
1929,CLARA,94,0,94
1929,CLAIRE,27,5,22
1929,DAPHNE,14,0,14
1929,CHRISTINE,17,0,17
1929,CHRISTENA,8,0,8
1929,CHARLOTTE,42,0,42
1929,CELIA,8,0,8
1929,CECILIA,12,0,12
1929,CECILE,21,0,21
1929,CECELIA,16,0,16
1929,CATHRINE,8,0,8
1929,CATHERINE,199,0,199
1929,CATHARINE,31,0,31
1929,CHRISTINA,49,0,49
1929,DELIA,9,0,9
1929,DELLA,17,0,17
1929,DELORES,29,0,29
1929,EFFIE,9,0,9
1929,EDYTHE,13,0,13
1929,EDNA,160,0,160
1929,EDITH,219,0,219
1929,DORTHY,12,0,12
1929,DOROTHY,974,0,974
1929,DOROTHEA,14,0,14
1929,DORIS,463,0,463
1929,DORINE,15,0,15
1929,DOREEN,283,0,283
1929,DORA,56,0,56
1929,DONNA,118,0,118
1929,DONELDA,6,0,6
1929,DONALDA,18,0,18
1929,DONA,21,0,21
1929,DOLORES,81,0,81
1929,DOLLY,8,0,8
1929,DIANE,18,0,18
1929,DIANA,16,0,16
1929,DENISE,6,0,6
1929,DELPHINE,6,0,6
1929,CAROLYN,8,0,8
1929,CAROLINE,20,0,20
1929,CAROL,38,7,31
1929,CARMEN,21,7,14
1929,ANNETTE,19,0,19
1929,ANNE,89,0,89
1929,ANNABELLE,9,0,9
1929,ANNA,195,0,195
1929,ANN,55,0,55
1929,ANITA,35,0,35
1929,ANGELINE,12,0,12
1929,ANGELINA,10,0,10
1929,ANGELA,18,0,18
1929,AMY,21,0,21
1929,AMELIA,18,0,18
1929,ALMA,74,0,74
1929,ALINE,11,0,11
1929,ALICE,249,0,249
1929,ALFREDA,7,0,7
1929,ALBERTA,24,0,24
1929,AILEEN,46,0,46
1929,AGNES,150,0,150
1929,ADELINE,18,0,18
1929,ADELE,11,0,11
1929,ADELAIDE,6,0,6
1929,ANNIE,252,0,252
1929,EILA,15,0,15
1929,ANTOINETTE,10,0,10
1929,AUDREY,436,0,436
1929,CARMEL,8,0,8
1929,BRIDGET,11,0,11
1929,BONNIE,6,0,6
1929,BLANCHE,55,0,55
1929,BLANCH,9,0,9
1929,BEVERLY,53,11,42
1929,BEVERLEY,94,19,75
1929,BEULAH,27,0,27
1929,BETTY,618,0,618
1929,BETTIE,8,0,8
1929,BETH,10,0,10
1929,BESSIE,46,0,46
1929,BERYL,28,0,28
1929,BERTHA,73,0,73
1929,BERNICE,160,0,160
1929,BERNADETTE,16,0,16
1929,BELLA,6,0,6
1929,BEATRICE,171,0,171
1929,BARBARA,542,5,537
1929,BABY,1310,722,588
1929,AUDRY,9,0,9
1929,ARLENE,9,0,9
1929,JEANNETTE,16,0,16
1929,EILEEN,156,0,156
1929,ELDA,16,0,16
1929,HILDA,71,0,71
1929,HENRIETTA,12,0,12
1929,HELLEN,15,0,15
1929,HELENE,19,0,19
1929,HELENA,24,0,24
1929,HELEN,858,0,858
1929,HAZEL,125,0,125
1929,HARRIET,19,0,19
1929,HANNAH,8,0,8
1929,IDA,73,0,73
1929,GWYNNETH,10,0,10
1929,GWENDOLYN,71,0,71
1929,GWENDOLINE,16,0,16
1929,GRETA,23,0,23
1929,GRACIA,6,0,6
1929,GRACE,195,0,195
1929,GOLDIE,13,0,13
1929,GLORIA,163,0,163
1929,GLENNA,26,0,26
1929,GLADYS,219,0,219
1929,GWYNETH,6,0,6
1929,ILA,19,0,19
1929,ILEEN,13,0,13
1929,ILENE,21,0,21
1929,JEANINE,7,0,7
1929,JEANIE,10,0,10
1929,JEANETTE,21,0,21
1929,JEAN,666,91,575
1929,JANET,64,0,64
1929,JANE,64,0,64
1929,JACQUELINE,89,0,89
1929,IVY,21,0,21
1929,IVA,18,0,18
1929,ISOBELL,6,0,6
1929,ISOBEL,47,0,47
1929,ISABELLE,29,0,29
1929,ISABELLA,34,0,34
1929,ISABELL,19,0,19
1929,ISABEL,60,0,60
1929,IRMA,29,0,29
1929,IRIS,30,0,30
1929,IRENE,274,0,274
1929,IONA,12,0,12
1929,INEZ,30,0,30
1929,INA,21,0,21
1929,GILDA,8,0,8
1929,GERTRUDE,114,0,114
1929,GERMAINE,10,0,10
1929,GERALDINE,101,0,101
1929,ESTHER,45,0,45
1929,ESTER,6,0,6
1929,ESTELLE,20,0,20
1929,ESTELLA,6,0,6
1929,ERNESTINE,7,0,7
1929,ERMA,31,0,31
1929,ENID,16,0,16
1929,ENA,7,0,7
1929,EMMA,38,0,38
1929,EMILY,34,0,34
1929,ELVA,47,0,47
1929,ELSIE,156,0,156
1929,ELMA,14,0,14
1929,ELLEN,93,0,93
1929,ELLA,40,0,40
1929,ELIZABETH,585,0,585
1929,ELINOR,25,0,25
1929,ELENOR,12,0,12
1929,ELENA,8,0,8
1929,ELEANORE,7,0,7
1929,ELEANOR,218,0,218
1929,ETHEL,152,0,152
1929,ELAINE,47,0,47
1929,ETTA,6,0,6
1929,EUNICE,30,0,30
1929,GEORGINA,62,0,62
1929,GEORGIA,9,0,9
1929,GEORGETTE,15,0,15
1929,GEORGE,980,974,6
1929,GENEVIEVE,18,0,18
1929,GABRIELLE,7,0,7
1929,FRIEDA,9,0,9
1929,FREIDA,6,0,6
1929,FREDA,46,0,46
1929,FRANCIS,346,293,53
1929,FRANCES,263,8,255
1929,FLORENCE,293,0,293
1929,FLORA,21,0,21
1929,FERNE,6,0,6
1929,FERNANDE,8,0,8
1929,FERN,22,0,22
1929,FAY,20,0,20
1929,EVELYN,317,0,317
1929,EVELINE,11,0,11
1929,EVANGELINE,12,0,12
1929,EVA,132,0,132
1929,EUGENIA,7,0,7
1929,NOLA,6,0,6
1929,STEVEN,7,7,0
1929,STEPHEN,50,50,0
1929,MARK,12,12,0
1929,MARIO,9,9,0
1929,MARCEL,30,30,0
1929,MANLEY,6,6,0
1929,MALCOLM,46,46,0
1929,MACK,5,5,0
1929,LYLE,35,35,0
1929,LUIGI,8,8,0
1929,LUCIEN,26,26,0
1929,LOYD,17,17,0
1929,MARSHALL,5,5,0
1929,LORNE,105,105,0
1929,LLOYD,194,194,0
1929,LIONEL,31,31,0
1929,LINCOLN,8,8,0
1929,LEWIS,24,24,0
1929,LEVI,7,7,0
1929,LESTER,9,9,0
1929,LEROY,14,14,0
1929,LEOPOLD,6,6,0
1929,LEONEL,5,5,0
1929,LEONARD,203,203,0
1929,LORENZO,7,7,0
1929,LEON,16,16,0
1929,MARTIN,48,48,0
1929,MARWOOD,5,5,0
1929,MORTON,6,6,0
1929,MORRIS,40,40,0
1929,MORLEY,37,37,0
1929,MITCHELL,6,6,0
1929,MILTON,56,56,0
1929,MILFORD,7,7,0
1929,MILES,5,5,0
1929,MILAN,6,6,0
1929,MIKE,40,40,0
1929,MICHEL,5,5,0
1929,MARVIN,29,29,0
1929,MICHEAL,5,5,0
1929,MERVYN,18,18,0
1929,MERVIN,35,35,0
1929,MELVIN,58,58,0
1929,MELVILLE,33,33,0
1929,MAYNARD,6,6,0
1929,MAXWELL,11,11,0
1929,MAX,13,13,0
1929,MAURICE,106,106,0
1929,MATTHEW,17,17,0
1929,MATHEW,10,10,0
1929,MICHAEL,134,134,0
1929,MURRAY,160,160,0
1929,LEO,102,102,0
1929,LEE,6,6,0
1929,IRVING,15,15,0
1929,IRVINE,6,6,0
1929,IRVIN,13,13,0
1929,IRA,7,7,0
1929,IAN,38,38,0
1929,HUGH,108,108,0
1929,HUBERT,33,33,0
1929,HOWARD,207,207,0
1929,HORACE,14,14,0
1929,HILTON,5,5,0
1929,IRWIN,12,12,0
1929,HERMAN,28,28,0
1929,HENRY,184,184,0
1929,HENRI,13,13,0
1929,HECTOR,17,17,0
1929,HARVEY,91,91,0
1929,HARRY,250,250,0
1929,HAROLD,489,489,0
1929,HARLEY,6,6,0
1929,HARLAND,5,5,0
1929,HANS,6,6,0
1929,GUISEPPE,8,8,0
1929,HERBERT,162,162,0
1929,LENARD,7,7,0
1929,ISAAC,5,5,0
1929,IVAN,70,70,0
1929,LAWRENCE,184,184,0
1929,LAVERNE,15,15,0
1929,LAURENT,7,7,0
1929,LAURENCE,29,29,0
1929,LARRY,11,11,0
1929,KENNETH,728,728,0
1929,KEITH,113,113,0
1929,KARL,18,18,0
1929,JUNIOR,10,10,0
1929,JULIUS,14,14,0
1929,ISRAEL,8,8,0
1929,JOS,6,6,0
1929,JOHNNY,6,6,0
1929,JOE,15,15,0
1929,JERRY,11,11,0
1929,JEROME,31,31,0
1929,JAMES,1396,1396,0
1929,JACOB,25,25,0
1929,JACKSON,7,7,0
1929,JACKIE,16,16,0
1929,JACK,247,247,0
1929,J,121,121,0
1929,JORDAN,5,5,0
1929,GUIDO,5,5,0
1929,MURRY,6,6,0
1929,NEIL,53,53,0
1929,THEODORE,27,27,0
1929,TERRENCE,13,13,0
1929,TERRANCE,10,10,0
1929,TERENCE,15,15,0
1929,TEDDY,14,14,0
1929,TED,5,5,0
1929,TAUNO,5,5,0
1929,SYLVESTER,5,5,0
1929,SYDNEY,39,39,0
1929,STUART,33,33,0
1929,THEOPHILE,6,6,0
1929,STEWART,37,37,0
1929,STERLING,5,5,0
1929,STANLEY,235,235,0
1929,SOLOMON,12,12,0
1929,SIMON,6,6,0
1929,SIDNEY,39,39,0
1929,SHERWOOD,5,5,0
1929,SHELDON,8,8,0
1929,SAUL,8,8,0
1929,SAMUEL,87,87,0
1929,SAM,16,16,0
1929,STEVE,24,24,0
1929,SALVATORE,10,10,0
1929,THOMAS,593,593,0
1929,TOM,6,6,0
1929,WRAY,8,8,0
1929,WILSON,13,13,0
1929,WILMER,12,12,0
1929,WILLIS,16,16,0
1929,WILLIAM,2366,2366,0
1929,WILLARD,13,13,0
1929,WILFRID,22,22,0
1929,WILFRED,138,138,0
1929,WILBUR,5,5,0
1929,WILBERT,36,36,0
1929,TIMOTHY,8,8,0
1929,WESLEY,36,36,0
1929,WARREN,18,18,0
1929,WARNER,5,5,0
1929,WALTER,313,313,0
1929,WALLACE,64,64,0
1929,VINCENZO,8,8,0
1929,VINCENT,55,55,0
1929,VICTOR,144,144,0
1929,VERNON,74,74,0
1929,TREVOR,7,7,0
1929,TONY,8,8,0
1929,WAYNE,11,11,0
1929,NATHAN,10,10,0
1929,RUSSELL,104,104,0
1929,RUDOLPH,11,11,0
1929,PHILIP,72,72,0
1929,PETER,233,233,0
1929,PERCY,37,37,0
1929,PERCIVAL,5,5,0
1929,PAUL,192,192,0
1929,PATRICK,123,123,0
1929,OWEN,8,8,0
1929,OVILA,5,5,0
1929,OSCAR,20,20,0
1929,ORVILLE,25,25,0
1929,PHILLIP,21,21,0
1929,ORVIL,5,5,0
1929,ORLAND,8,8,0
1929,OMER,12,12,0
1929,OLIVER,15,15,0
1929,NORMAN,374,374,0
1929,NORBERT,6,6,0
1929,NICOLA,5,5,0
1929,NICK,16,16,0
1929,NICHOLAS,21,21,0
1929,NEWTON,6,6,0
1929,NELSON,28,28,0
1929,ORVAL,23,23,0
1929,RUSSEL,26,26,0
1929,PIERRE,13,13,0
1929,RALPH,163,163,0
1929,ROYDEN,7,7,0
1929,ROYAL,8,8,0
1929,ROY,246,246,0
1929,ROSS,151,151,0
1929,RONALD,557,557,0
1929,ROMEO,8,8,0
1929,ROMAN,5,5,0
1929,ROLLAND,6,6,0
1929,ROLAND,46,46,0
1929,ROGER,61,61,0
1929,RAE,8,8,0
1929,RODNEY,6,6,0
1929,RODERICK,14,14,0
1929,ROBIN,6,6,0
1929,ROBERT,1666,1666,0
1929,RICHARD,263,263,0
1929,RENE,35,35,0
1929,REGINALD,98,98,0
1929,REAL,7,7,0
1929,RAYMOND,285,285,0
1929,RAY,29,29,0
1929,RAMON,8,8,0
1929,RODGER,9,9,0
1929,GRENVILLE,8,8,0
1929,LYMAN,7,7,0
1929,GRAHAM,12,12,0
1929,CECIL,93,93,0
1929,CARSON,7,7,0
1929,CARMAN,12,12,0
1929,CARL,126,126,0
1929,CAMERON,15,15,0
1929,CALVIN,34,34,0
1929,BYRON,7,7,0
1929,BURTON,16,16,0
1929,BRYAN,5,5,0
1929,BRUNO,10,10,0
1929,BRUCE,165,165,0
1929,BRIAN,26,26,0
1929,BOBBY,5,5,0
1929,BOBBIE,5,5,0
1929,BILLY,11,11,0
1929,CHARLES,609,609,0
1929,CHARLIE,8,8,0
1929,CHESTER,15,15,0
1929,CHRISTOPHER,16,16,0
1929,DALE,5,5,0
1929,CYRIL,25,25,0
1929,CORNELIUS,7,7,0
1929,CONRAD,6,6,0
1929,COLIN,22,22,0
1929,CLYDE,7,7,0
1929,CLIVE,9,9,0
1929,BILLIE,9,9,0
1929,CLINTON,8,8,0
1929,CLIFFORD,165,165,0
1929,CLEMENT,11,11,0
1929,CLAYTON,39,39,0
1929,CLAUDE,31,31,0
1929,CLARK,9,9,0
1929,CLARENCE,145,145,0
1929,CLAIR,10,10,0
1929,CLIFTON,6,6,0
1929,BILL,12,12,0
1929,BERTRAM,16,16,0
1929,BERT,8,8,0
1929,ALTON,8,8,0
1929,ALPHONSE,14,14,0
1929,ALLEN,65,65,0
1929,ALLAN,202,202,0
1929,ALFRED,156,156,0
1929,ALEXANDER,146,146,0
1929,ALEX,21,21,0
1929,ALVIN,81,81,0
1929,ALEC,6,6,0
1929,ALBERT,344,344,0
1929,ALAN,78,78,0
1929,ADELARD,5,5,0
1929,ADAM,16,16,0
1929,ABRAHAM,9,9,0
1929,AARON,12,12,0
1929,GRANT,44,44,0
1929,ALDO,8,8,0
1929,DALTON,14,14,0
1929,AMBROSE,14,14,0
1929,ANDREW,94,94,0
1929,BERNARD,132,132,0
1929,BENJAMIN,28,28,0
1929,BEN,6,6,0
1929,BASIL,28,28,0
1929,BARRY,12,12,0
1929,AUBREY,18,18,0
1929,ARTHUR,362,362,0
1929,ANDRE,12,12,0
1929,ARNOLD,68,68,0
1929,ARCHIE,24,24,0
1929,ARCHIBALD,29,29,0
1929,ANTONIO,16,16,0
1929,ANTOINE,5,5,0
1929,ANTHONY,52,52,0
1929,ANGUS,21,21,0
1929,ANGELO,15,15,0
1929,ARMAND,19,19,0
1929,DANIEL,99,99,0
1929,AUSTIN,21,21,0
1929,DARREL,5,5,0
1929,FREDRICK,54,54,0
1929,FREDERICK,343,343,0
1929,FREDERIC,8,8,0
1929,FRED,46,46,0
1929,FRANKLYN,9,9,0
1929,FRANKLIN,31,31,0
1929,FRANK,240,240,0
1929,GABRIEL,5,5,0
1929,FRANCOIS,10,10,0
1929,FLOYD,52,52,0
1929,FERNAND,12,12,0
1929,FERDINAND,6,6,0
1929,FELIX,12,12,0
1929,EWART,5,5,0
1929,EVERETT,25,25,0
1929,EVAN,7,7,0
1929,FORREST,9,9,0
1929,EUGENE,76,76,0
1929,GARFIELD,7,7,0
1929,GARTH,5,5,0
1929,GORDON,521,521,0
1929,DARCY,6,6,0
1929,GORDEN,10,10,0
1929,GLENWOOD,11,11,0
1929,GLENN,48,48,0
1929,GLENFORD,5,5,0
1929,GLEN,78,78,0
1929,GARNET,45,45,0
1929,GIOVANNI,9,9,0
1929,GILBERT,48,48,0
1929,GERMAIN,6,6,0
1929,GERARD,35,35,0
1929,GERALD,384,384,0
1929,GEOFFREY,8,8,0
1929,GENE,6,6,0
1929,GARY,10,10,0
1929,GINO,8,8,0
1929,ERNEST,221,221,0
1929,GARRY,6,6,0
1929,ERIC,60,60,0
1929,EARL,148,148,0
1929,DUNCAN,27,27,0
1929,DOUGLAS,460,460,0
1929,DONALD,1373,1373,0
1929,DON,13,13,0
1929,DOMINIC,11,11,0
1929,DINO,6,6,0
1929,EARLE,36,36,0
1929,DEREK,5,5,0
1929,DENIS,15,15,0
1929,DELMER,5,5,0
1929,DELBERT,21,21,0
1929,DEAN,5,5,0
1929,ERLE,6,6,0
1929,DAVID,399,399,0
1929,DARWIN,5,5,0
1929,DENNIS,29,29,0
1929,EARNEST,9,9,0
1929,DESMOND,6,6,0
1929,EDGAR,48,48,0
1929,EMERY,7,7,0
1929,EDDIE,6,6,0
1929,EMERSON,11,11,0
1929,ELWOOD,18,18,0
1929,ELVIN,10,10,0
1929,ELTON,10,10,0
1929,ELMER,71,71,0
1929,EMILE,15,15,0
1929,EMIL,11,11,0
1929,ELDON,18,18,0
1929,EINO,5,5,0
1929,EDWIN,74,74,0
1929,EDWARD,502,502,0
1929,EDMUND,36,36,0
1929,EDMOND,17,17,0
1929,ELGIN,12,12,0
1930,KEITH,120,120,0
1930,LAURI,6,6,0
1930,LAURENT,8,8,0
1930,LAURENCE,30,30,0
1930,LARRY,7,7,0
1930,LAVERNE,11,11,0
1930,KENNETH,725,725,0
1930,KENETH,10,10,0
1930,LAVERN,6,6,0
1930,JOZEF,5,5,0
1930,JUNIOR,6,6,0
1930,JULIUS,9,9,0
1930,JULIAN,5,5,0
1930,JULES,9,9,0
1930,JOSEF,6,6,0
1930,JOS,61,61,0
1930,JOESPH,5,5,0
1930,JONATHAN,7,7,0
1930,LAWRENCE,190,190,0
1930,JOHN,2483,2483,0
1930,KARL,33,33,0
1930,LEE,9,9,0
1930,LYLE,37,37,0
1930,LEO,105,105,0
1930,MARK,12,12,0
1930,JOE,19,19,0
1930,MARSHALL,13,13,0
1930,MARIO,11,11,0
1930,MARCEL,20,20,0
1930,MALCOLM,36,36,0
1930,LYMAN,5,5,0
1930,LYAL,5,5,0
1930,LUIGI,10,10,0
1930,LUCIEN,17,17,0
1930,LOYD,14,14,0
1930,LOUIS,107,107,0
1930,LORNE,113,113,0
1930,LLOYD,176,176,0
1930,LIONEL,23,23,0
1930,LINDSAY,8,8,0
1930,LEWIS,35,35,0
1930,LESLIE,80,80,0
1930,LEROY,21,21,0
1930,LEONARD,172,172,0
1930,LEON,25,25,0
1930,LENARD,14,14,0
1930,JIM,7,7,0
1930,GREGORY,13,13,0
1930,JEROME,18,18,0
1930,HARVEY,116,116,0
1930,HARRY,225,225,0
1930,HAROLD,508,508,0
1930,HARLEY,13,13,0
1930,HANS,7,7,0
1930,GUY,18,18,0
1930,GUISEPPE,5,5,0
1930,GUIDO,7,7,0
1930,GRENVILLE,5,5,0
1930,HARVIE,5,5,0
1930,GRANT,36,36,0
1930,GORDON,478,478,0
1930,GORDEN,15,15,0
1930,GLENN,52,52,0
1930,GLENDON,5,5,0
1930,GLEN,88,88,0
1930,GIRARD,6,6,0
1930,GINO,13,13,0
1930,MARTIN,50,50,0
1930,GILBERT,46,46,0
1930,GRAHAM,19,19,0
1930,HECTOR,23,23,0
1930,HENRI,14,14,0
1930,HENRY,164,164,0
1930,JEREMIAH,7,7,0
1930,JAMES,1487,1487,0
1930,JAME,5,5,0
1930,JACQUES,5,5,0
1930,JACOB,24,24,0
1930,JACKIE,16,16,0
1930,JACK,222,222,0
1930,J,24,24,0
1930,IVAN,76,76,0
1930,IRWIN,20,20,0
1930,IRVING,17,17,0
1930,IRVIN,15,15,0
1930,IAN,36,36,0
1930,HUGH,116,116,0
1930,HUBERT,22,22,0
1930,HOWARD,204,204,0
1930,HORACE,9,9,0
1930,HOMER,6,6,0
1930,HILLIARD,7,7,0
1930,HERMAN,25,25,0
1930,HERBERT,113,113,0
1930,JERRY,10,10,0
1930,MARVIN,35,35,0
1930,ANITA,49,0,49
1930,MATTHEW,14,14,0
1930,AUDERY,8,0,8
1930,AUDREY,393,0,393
1930,AUDRY,21,0,21
1930,BABE,6,0,6
1930,BABY,378,217,161
1930,BARBARA,645,0,645
1930,BEATRICE,139,0,139
1930,BERNADETTE,14,0,14
1930,BERNEICE,7,0,7
1930,ARLENE,12,0,12
1930,BERNICE,144,0,144
1930,BERYL,33,0,33
1930,BESSIE,48,0,48
1930,BETH,6,0,6
1930,BETTY,698,0,698
1930,BEULAH,22,0,22
1930,BEVERLEY,124,25,99
1930,BEVERLY,79,21,58
1930,BLANCHE,40,0,40
1930,BONNIE,6,0,6
1930,BERTHA,53,0,53
1930,ANNIE,250,0,250
1930,ANNETTE,15,0,15
1930,ANNE,92,0,92
1930,GERARD,28,28,0
1930,PHILIP,62,62,0
1930,ADA,45,0,45
1930,ADELE,11,0,11
1930,ADELINE,8,0,8
1930,AGNES,153,0,153
1930,AILEEN,33,0,33
1930,ALBERTA,14,0,14
1930,ALICE,257,0,257
1930,ALINE,11,0,11
1930,ALMA,55,0,55
1930,ALVA,7,0,7
1930,AMELIA,23,0,23
1930,PETER,213,213,0
1930,AMY,18,0,18
1930,ANGELA,19,0,19
1930,PERCY,31,31,0
1930,ANGELINA,9,0,9
1930,ANGELINE,9,0,9
1930,ANN,69,0,69
1930,ANNA,215,0,215
1930,CARMEL,13,0,13
1930,MATHEW,11,11,0
1930,CARMEN,17,10,7
1930,CAROLINE,25,0,25
1930,NELSON,33,33,0
1930,NEIL,42,42,0
1930,NEAL,6,6,0
1930,MURRAY,164,164,0
1930,MORTON,5,5,0
1930,MORRIS,51,51,0
1930,MORLEY,33,33,0
1930,MILTON,42,42,0
1930,MIKE,35,35,0
1930,NICHOLAS,30,30,0
1930,MICHEL,10,10,0
1930,MICHAEL,144,144,0
1930,MERVYN,29,29,0
1930,MERVIN,34,34,0
1930,MELVIN,64,64,0
1930,MELVILLE,29,29,0
1930,MAYNARD,5,5,0
1930,MAXWELL,16,16,0
1930,MAX,8,8,0
1930,MAURICE,113,113,0
1930,MICHEAL,13,13,0
1930,NICK,10,10,0
1930,NICOLA,6,6,0
1930,NONE,11,11,0
1930,CAROLYN,14,0,14
1930,CARRIE,6,0,6
1930,CATHARINE,42,0,42
1930,CATHERINE,198,0,198
1930,PERCIVAL,7,7,0
1930,PAUL,197,197,0
1930,PATRICK,99,99,0
1930,PASQUALE,5,5,0
1930,OWEN,13,13,0
1930,OVILA,6,6,0
1930,OTTO,6,6,0
1930,OSWALD,5,5,0
1930,OSCAR,19,19,0
1930,ORVILLE,26,26,0
1930,ORVAL,25,25,0
1930,OMER,9,9,0
1930,OLIVER,26,26,0
1930,NORRIS,5,5,0
1930,NORMAND,5,5,0
1930,NORMAN,368,368,0
1930,NORBERT,5,5,0
1930,CAROL,59,10,49
1930,GERALD,363,363,0
1930,SHARON,6,0,6
1930,GEOFFREY,7,7,0
1930,ALLEN,79,79,0
1930,ALLAN,181,181,0
1930,ALFREDO,5,5,0
1930,ALFRED,156,156,0
1930,ALEXANDER,141,141,0
1930,ALEX,25,25,0
1930,ALEC,8,8,0
1930,ALDO,5,5,0
1930,ALCIDE,6,6,0
1930,ALPHONSE,7,7,0
1930,ALBERTO,5,5,0
1930,ALAN,82,82,0
1930,AIME,5,5,0
1930,ADAM,17,17,0
1930,ABRAHAM,12,12,0
1930,AARON,7,7,0
1930,UNNAMED,6,6,0
1930,CECELIA,11,0,11
1930,RAYMOND,266,266,0
1930,REGINALD,111,111,0
1930,ALBERT,328,328,0
1930,ALVIN,52,52,0
1930,AMBROSE,11,11,0
1930,AMOS,6,6,0
1930,BENJAMIN,19,19,0
1930,BEN,5,5,0
1930,BASIL,18,18,0
1930,BARRY,19,19,0
1930,AUSTIN,18,18,0
1930,AUREL,6,6,0
1930,AUBREY,5,5,0
1930,ARVO,6,6,0
1930,ARTHUR,370,370,0
1930,ARNOLD,76,76,0
1930,ARMAND,12,12,0
1930,ARCHIE,17,17,0
1930,ARCHIBALD,28,28,0
1930,ANTONIO,22,22,0
1930,ANTON,6,6,0
1930,ANTOINE,5,5,0
1930,ANTHONY,49,49,0
1930,ANGUS,23,23,0
1930,ANGELO,10,10,0
1930,ANDREW,80,80,0
1930,ANDRE,18,18,0
1930,RENE,25,25,0
1930,BENNY,5,5,0
1930,REUBEN,5,5,0
1930,RICHARD,304,304,0
1930,SIDNEY,42,42,0
1930,SIMON,5,5,0
1930,STANISLAW,5,5,0
1930,STANLEY,250,250,0
1930,STEPHEN,49,49,0
1930,STEVE,29,29,0
1930,STEVEN,5,5,0
1930,STEWART,49,49,0
1930,STUART,36,36,0
1930,SHERMAN,7,7,0
1930,SYDNEY,32,32,0
1930,TERENCE,13,13,0
1930,TERRANCE,11,11,0
1930,TERRENCE,7,7,0
1930,THEODORE,38,38,0
1930,THOMAS,574,574,0
1930,TIMOTHY,5,5,0
1930,TOM,13,13,0
1930,TONY,7,7,0
1930,TREVOR,9,9,0
1930,TEDDY,17,17,0
1930,SHELDON,6,6,0
1930,SAUL,7,7,0
1930,SAMUEL,97,97,0
1930,RINO,5,5,0
1930,ROBERT,1708,1708,0
1930,ROBIN,5,5,0
1930,ROBT,9,9,0
1930,ROCCO,5,5,0
1930,RODERICK,25,25,0
1930,RODNEY,10,10,0
1930,RODOLPHE,5,5,0
1930,ROGER,70,70,0
1930,ROLAND,50,50,0
1930,ROMAN,5,5,0
1930,ROMEO,9,9,0
1930,RONALD,681,681,0
1930,ROSS,139,139,0
1930,ROY,242,242,0
1930,ROYAL,6,6,0
1930,RUDOLPH,13,13,0
1930,RUSSEL,38,38,0
1930,RUSSELL,97,97,0
1930,SALVATORE,7,7,0
1930,SAM,14,14,0
1930,REX,9,9,0
1930,GEORGES,8,8,0
1930,BERNARD,118,118,0
1930,BERTRAM,21,21,0
1930,EMIL,5,5,0
1930,EMERSON,15,15,0
1930,ELWOOD,16,16,0
1930,ELMER,61,61,0
1930,ELLWOOD,6,6,0
1930,ELLIS,5,5,0
1930,ELIAS,6,6,0
1930,ELGIN,7,7,0
1930,ELDON,32,32,0
1930,EMILE,9,9,0
1930,EINO,9,9,0
1930,EDWARD,497,497,0
1930,EDMUND,29,29,0
1930,EDMOND,21,21,0
1930,EDGAR,57,57,0
1930,EDDIE,7,7,0
1930,EARNEST,24,24,0
1930,EARLE,18,18,0
1930,EARL,165,165,0
1930,DUNCAN,16,16,0
1930,EDWIN,79,79,0
1930,ERIC,64,64,0
1930,ERNEST,183,183,0
1930,ERVIN,7,7,0
1930,GENE,5,5,0
1930,GARY,14,14,0
1930,GARNET,43,43,0
1930,GARFIELD,12,12,0
1930,GABRIEL,6,6,0
1930,FREDRICK,66,66,0
1930,FREDRIC,6,6,0
1930,FREDERICK,324,324,0
1930,FREDERIC,5,5,0
1930,FRED,39,39,0
1930,FRASER,8,8,0
1930,FRANKLIN,37,37,0
1930,FRANK,231,231,0
1930,FRANCOIS,5,5,0
1930,FLOYD,59,59,0
1930,FERNAND,14,14,0
1930,FERDINAND,6,6,0
1930,FELIX,6,6,0
1930,EVERETT,24,24,0
1930,EVAN,5,5,0
1930,EUGENE,61,61,0
1930,DOUGLAS,498,498,0
1930,BERT,14,14,0
1930,DONALD,1426,1426,0
1930,DOMINIC,5,5,0
1930,CHRISTOPHER,10,10,0
1930,CHESTER,9,9,0
1930,CHARLIE,20,20,0
1930,CHARLES,604,604,0
1930,CECIL,99,99,0
1930,CARMAN,19,19,0
1930,CARLTON,5,5,0
1930,CARL,144,144,0
1930,CAMPBELL,5,5,0
1930,CLARENCE,121,121,0
1930,CAMERON,18,18,0
1930,BYRON,9,9,0
1930,BURTON,8,8,0
1930,BRUNO,10,10,0
1930,BRUCE,188,188,0
1930,BRIAN,27,27,0
1930,BLAKE,8,8,0
1930,BILLY,10,10,0
1930,BILLIE,5,5,0
1930,BILL,13,13,0
1930,CALVIN,36,36,0
1930,CLARK,7,7,0
1930,CLAUDE,22,22,0
1930,CLAYTON,41,41,0
1930,DESMOND,15,15,0
1930,DEREK,6,6,0
1930,DENNIS,49,49,0
1930,DENIS,19,19,0
1930,DELMER,6,6,0
1930,DELBERT,11,11,0
1930,DEAN,5,5,0
1930,DAVID,476,476,0
1930,DANIEL,87,87,0
1930,DAN,7,7,0
1930,DALTON,14,14,0
1930,DALE,9,9,0
1930,CYRIL,35,35,0
1930,CONRAD,11,11,0
1930,COLIN,19,19,0
1930,CLYDE,7,7,0
1930,CLIVE,7,7,0
1930,CLINTON,10,10,0
1930,CLIFTON,6,6,0
1930,CLIFFORD,164,164,0
1930,CLEMENT,11,11,0
1930,DON,9,9,0
1930,SELMA,8,0,8
1930,CECILE,14,0,14
1930,CHARLOTTE,51,0,51
1930,NELDA,6,0,6
1930,NATALIE,9,0,9
1930,NAOMI,7,0,7
1930,NANCY,123,0,123
1930,MYRTLE,77,0,77
1930,MYRNA,20,0,20
1930,MURIEL,207,0,207
1930,MURIAL,6,0,6
1930,MONICA,24,0,24
1930,MONA,35,0,35
1930,MOLLY,20,0,20
1930,MOLLIE,7,0,7
1930,MIRIAM,23,0,23
1930,MINNIE,17,0,17
1930,MINA,6,0,6
1930,MILDRED,204,0,204
1930,MERYL,6,0,6
1930,MERLE,15,6,9
1930,MELVA,6,0,6
1930,NELLIE,48,0,48
1930,MELBA,8,0,8
1930,NETTIE,13,0,13
1930,NORA,49,0,49
1930,RACHEL,11,0,11
1930,PRISCILLA,6,0,6
1930,PHYLLIS,203,0,203
1930,PHYLIS,28,0,28
1930,PHILLIS,11,0,11
1930,PEGGY,13,0,13
1930,PEARL,71,0,71
1930,PAULINE,92,0,92
1930,PATRICIA,409,0,409
1930,PATRICA,9,0,9
1930,PAMELA,18,0,18
1930,ORMA,13,0,13
1930,OPAL,7,0,7
1930,OLIVE,90,0,90
1930,OLGA,72,0,72
1930,NOT,25,17,8
1930,NORMA,340,0,340
1930,NOREEN,35,0,35
1930,NORAH,14,0,14
1930,NINA,22,0,22
1930,MAY,62,0,62
1930,MAXINE,22,0,22
1930,MAVIS,13,0,13
1930,MADELINE,63,0,63
1930,MADELEINE,11,0,11
1930,MADELAINE,6,0,6
1930,MABLE,15,0,15
1930,MABEL,66,0,66
1930,M,18,0,18
1930,LYDIA,12,0,12
1930,LUELLA,17,0,17
1930,LUCY,28,0,28
1930,LUCILLE,25,0,25
1930,LUCIENNE,6,0,6
1930,LUCIA,8,0,8
1930,LOUISE,52,0,52
1930,LOUISA,16,0,16
1930,LORRAINE,123,0,123
1930,LORNA,84,0,84
1930,LORETTE,6,0,6
1930,LORETTA,25,0,25
1930,LORENE,8,0,8
1930,MAE,23,0,23
1930,MAGGIE,6,0,6
1930,MARCELLA,10,0,10
1930,MARGARET,1310,0,1310
1930,MAUREEN,40,0,40
1930,MATILDA,6,0,6
1930,MARY,2368,0,2368
1930,MARTHA,44,0,44
1930,MARJORY,57,0,57
1930,MARJORIE,332,0,332
1930,MARION,491,0,491
1930,MARILYN,173,0,173
1930,MARIETTE,10,0,10
1930,RAE,15,9,6
1930,MARIE,2147,9,2138
1930,MARIAN,83,0,83
1930,MARIA,83,0,83
1930,MARGURITE,7,0,7
1930,MARGUERITE,110,0,110
1930,MARGRET,25,0,25
1930,MARGOT,10,0,10
1930,MARGORIE,7,0,7
1930,MARGERY,24,0,24
1930,MARGERET,9,0,9
1930,MARIANNE,7,0,7
1930,LOREEN,7,0,7
1930,RAMONA,8,0,8
1930,RENA,21,0,21
1930,VICTORIA,35,0,35
1930,VILMA,12,0,12
1930,VIOLA,57,0,57
1930,VIOLET,145,0,145
1930,VIRGINIA,61,0,61
1930,VIVIAN,60,0,60
1930,VIVIENNE,9,0,9
1930,WANDA,33,0,33
1930,WILDA,14,0,14
1930,WILLA,13,0,13
1930,WILMA,64,0,64
1930,WINIFRED,20,0,20
1930,WINNIFRED,58,0,58
1930,WINONA,8,0,8
1930,YVETTE,10,0,10
1930,YVONNE,80,0,80
1930,ZELDA,7,0,7
1930,VICTOR,113,113,0
1930,VINCENT,51,51,0
1930,VERONICA,25,0,25
1930,VINCENZO,6,6,0
1930,VERNA,107,0,107
1930,VERDA,9,0,9
1930,SHEILA,74,0,74
1930,SHIRLEY,941,6,935
1930,SHIRLY,6,0,6
1930,SIMONE,8,0,8
1930,SONIA,6,0,6
1930,SOPHIE,9,0,9
1930,STELLA,75,0,75
1930,SUSAN,23,0,23
1930,SUZANNE,15,0,15
1930,SYBIL,8,0,8
1930,SYLVIA,57,0,57
1930,TERESA,60,0,60
1930,THELMA,115,0,115
1930,THERESA,130,0,130
1930,THERESE,58,0,58
1930,VALERIE,22,0,22
1930,VELDA,6,0,6
1930,VELMA,65,0,65
1930,VERA,104,0,104
1930,VERLA,8,0,8
1930,WALLACE,55,55,0
1930,WALTER,265,265,0
1930,WARREN,20,20,0
1930,SALLY,24,0,24
1930,SADIE,16,0,16
1930,RUTH,499,0,499
1930,RUBY,99,0,99
1930,ROSINA,7,0,7
1930,ROSIE,31,0,31
1930,ROSEMARY,26,0,26
1930,ROSEMARIE,6,0,6
1930,ROSELLA,7,0,7
1930,ROSE,162,0,162
1930,ROSALIE,9,0,9
1930,ROSA,19,0,19
1930,ROMA,9,0,9
1930,ROBERTA,30,0,30
1930,RITA,131,0,131
1930,RHODA,14,0,14
1930,RHEA,12,0,12
1930,RETA,88,0,88
1930,RENEE,7,0,7
1930,SARA,7,0,7
1930,SARAH,74,0,74
1930,PHILLIP,9,9,0
1930,PIERRE,11,11,0
1930,WASYL,6,6,0
1930,WAYNE,10,10,0
1930,WELLINGTON,5,5,0
1930,WESLEY,26,26,0
1930,WILBERT,45,45,0
1930,WILFORD,5,5,0
1930,WILFRED,131,131,0
1930,WILFRID,22,22,0
1930,WILLARD,41,41,0
1930,RAY,40,33,7
1930,WILLIAM,2417,2417,0
1930,WILLIS,20,20,0
1930,WILMER,9,9,0
1930,WILSON,9,9,0
1930,WM,31,31,0
1930,WRAY,7,7,0
1930,YVON,5,5,0
1930,ZOLTAN,5,5,0
1930,CECILIA,26,0,26
1930,RALPH,199,199,0
1930,WILLIE,6,6,0
1930,LORAINE,30,0,30
1930,VERNON,66,66,0
1930,LOIS,326,0,326
1930,ESTHER,46,0,46
1930,CHRISTENA,8,0,8
1930,CHRISTINA,36,0,36
1930,CHRISTINE,21,0,21
1930,CLAIRE,38,7,31
1930,CLARA,88,0,88
1930,CLARE,26,18,8
1930,CLARICE,6,0,6
1930,COLLEEN,28,0,28
1930,CONSTANCE,59,0,59
1930,CORA,24,0,24
1930,CORINNE,16,0,16
1930,CYNTHIA,13,0,13
1930,DAISY,27,0,27
1930,DAPHNE,8,0,8
1930,DAWNA,7,0,7
1930,DELIA,10,0,10
1930,DELLA,9,0,9
1930,DELORES,26,0,26
1930,ETHEL,148,0,148
1930,DELORIS,6,0,6
1930,EUNICE,43,0,43
1930,EVELINE,6,0,6
1930,GEORGETTE,18,0,18
1930,GEORGE,993,986,7
1930,GENEVIEVE,18,0,18
1930,GABRIELLE,8,0,8
1930,FRIEDA,6,0,6
1930,FREIDA,7,0,7
1930,FREDA,38,0,38
1930,FRANCIS,322,260,62
1930,FRANCES,276,24,252
1930,FLOSSIE,11,0,11
1930,FLORENCE,271,0,271
1930,FLORANCE,10,0,10
1930,FLORA,21,0,21
1930,FERNE,6,0,6
1930,FERN,29,0,29
1930,FAYE,6,0,6
1930,FAY,23,0,23
1930,FANNY,12,0,12
1930,EVELYN,280,0,280
1930,EVA,120,0,120
1930,DENISE,8,0,8
1930,DIANA,24,0,24
1930,DIANE,17,0,17
1930,ELINOR,24,0,24
1930,ELISABETH,13,0,13
1930,ELIZA,7,0,7
1930,ELIZABETH,541,0,541
1930,ELIZEBETH,20,0,20
1930,ELLA,52,0,52
1930,ELMA,7,0,7
1930,ELSA,9,0,9
1930,ELSIE,162,0,162
1930,ELVA,26,0,26
1930,EMILIA,8,0,8
1930,EMILY,48,0,48
1930,EMMA,46,0,46
1930,ENID,16,0,16
1930,ERMA,32,0,32
1930,ESTELLA,7,0,7
1930,ESTELLE,12,0,12
1930,ESTER,7,0,7
1930,LOLA,26,0,26
1930,ELENOR,10,0,10
1930,ELEANOR,243,0,243
1930,ELDA,11,0,11
1930,ELAINE,59,0,59
1930,DINA,6,0,6
1930,DOLORES,107,0,107
1930,DONA,17,0,17
1930,DONALDA,18,0,18
1930,DONELDA,9,0,9
1930,DONNA,163,0,163
1930,DORA,36,0,36
1930,DOREEN,323,0,323
1930,DORENE,6,0,6
1930,GEORGINA,72,0,72
1930,DORINE,10,0,10
1930,DOROTHEA,18,0,18
1930,DOROTHY,856,0,856
1930,DORTHY,50,0,50
1930,EDITH,201,0,201
1930,EDNA,154,0,154
1930,EDYTHE,10,0,10
1930,EFFIE,12,0,12
1930,EILA,12,0,12
1930,EILEEN,147,0,147
1930,DORIS,388,0,388
1930,GERALDINE,97,0,97
1930,ELLEN,73,0,73
1930,GERTRUDE,84,0,84
1930,JUNE,372,0,372
1930,JULIA,45,0,45
1930,JUDITH,7,0,7
1930,JUANITA,7,0,7
1930,JOYCE,476,0,476
1930,JOY,27,0,27
1930,JOSEPHINE,93,0,93
1930,JOSEPH,2770,2760,10
1930,JOHANNA,6,0,6
1930,JOANNE,12,0,12
1930,JOANNA,6,0,6
1930,JOAN,659,0,659
1930,JESSIE,76,0,76
1930,JENNY,9,0,9
1930,JENNIE,50,0,50
1930,JEANNINE,18,0,18
1930,JEANNETTE,18,0,18
1930,JEANNE,41,0,41
1930,JEANINE,11,0,11
1930,KATE,6,0,6
1930,KATHALEEN,13,0,13
1930,KATHARINE,15,0,15
1930,KATHELEEN,7,0,7
1930,LILY,34,0,34
1930,GERMAINE,9,0,9
1930,LILLIAN,250,0,250
1930,LILIAN,39,0,39
1930,LILA,29,0,29
1930,LETITIA,6,0,6
1930,LETA,9,0,9
1930,LEONA,72,0,72
1930,LENORE,23,0,23
1930,JEANETTE,35,0,35
1930,LENORA,10,0,10
1930,LEILA,15,0,15
1930,LEAH,6,0,6
1930,LAUREL,6,0,6
1930,LAURA,87,0,87
1930,KEITHA,6,0,6
1930,KATIE,10,0,10
1930,KATHRYN,32,0,32
1930,KATHLEEN,205,0,205
1930,KATHERINE,50,0,50
1930,LENA,32,0,32
1930,JEAN,667,86,581
1930,LEOLA,10,0,10
1930,JANETTE,8,0,8
1930,HENRIETTA,9,0,9
1930,HELLEN,24,0,24
1930,HELENE,13,0,13
1930,HELENA,26,0,26
1930,HELEN,919,0,919
1930,HAZEL,126,0,126
1930,HARRIET,21,0,21
1930,HANNAH,11,0,11
1930,GWYNETH,8,0,8
1930,GWENDOLYNE,7,0,7
1930,GWENDOLYN,79,0,79
1930,GWENDOLINE,12,0,12
1930,GRETA,22,0,22
1930,GOLDIE,12,0,12
1930,GLORIA,165,0,165
1930,GLENNA,26,0,26
1930,JANICE,9,0,9
1930,GILDA,6,0,6
1930,GLADYS,195,0,195
1930,HENRIETTE,7,0,7
1930,HILDA,87,0,87
1930,GRACE,183,0,183
1930,ILA,19,0,19
1930,IDA,67,0,67
1930,IVY,20,0,20
1930,JACQUELINE,101,0,101
1930,ISOBEL,42,0,42
1930,JANET,96,0,96
1930,ISABELLE,23,0,23
1930,ISABELLA,30,0,30
1930,ISABELL,16,0,16
1930,ISABEL,67,0,67
1930,IRMA,31,0,31
1930,IVA,22,0,22
1930,IRENE,262,0,262
1930,ILEAN,7,0,7
1930,ILEEN,10,0,10
1930,IRIS,37,0,37
1930,ILENE,20,0,20
1930,INA,21,0,21
1930,JANE,68,0,68
1930,INFANT,86,47,39
1930,IONA,10,0,10
1930,INEZ,24,0,24
1931,DONAT,5,5,0
1931,DOUGLAS,498,498,0
1931,DOUGLASS,5,5,0
1931,DUANE,8,8,0
1931,DUNCAN,29,29,0
1931,EARL,156,156,0
1931,EARLE,15,15,0
1931,EARNEST,29,29,0
1931,EDWARD,560,560,0
1931,EDDIE,13,13,0
1931,EDGAR,49,49,0
1931,EDISON,5,5,0
1931,EDMOND,17,17,0
1931,EDMUND,25,25,0
1931,EDUARD,5,5,0
1931,EDWIN,80,80,0
1931,EDDY,8,8,0
1931,DENIS,26,26,0
1931,DON,15,15,0
1931,DALE,13,13,0
1931,DALTON,18,18,0
1931,ELDON,24,24,0
1931,DAN,9,9,0
1931,DANIEL,92,92,0
1931,D'ARCY,5,5,0
1931,DARRELL,5,5,0
1931,DONALD,1544,1544,0
1931,DAVID,456,456,0
1931,DELMAR,5,5,0
1931,DELMER,12,12,0
1931,DENNIS,45,45,0
1931,DESMOND,13,13,0
1931,DICK,5,5,0
1931,DINO,5,5,0
1931,DOMINIC,10,10,0
1931,DELBERT,22,22,0
1931,ELGIN,12,12,0
1931,FRANCOIS,5,5,0
1931,ELLIS,6,6,0
1931,FRANKLYN,6,6,0
1931,FRASER,6,6,0
1931,FRED,31,31,0
1931,FREDDIE,6,6,0
1931,FREDERIC,10,10,0
1931,FREDERICK,299,299,0
1931,FREDRICK,72,72,0
1931,FRANKLIN,27,27,0
1931,GABRIEL,11,11,0
1931,GARNET,35,35,0
1931,GARRY,8,8,0
1931,GARTH,16,16,0
1931,GARY,20,20,0
1931,GASTON,5,5,0
1931,CYRIL,22,22,0
1931,GEARLD,6,6,0
1931,GARFIELD,11,11,0
1931,ELI,7,7,0
1931,FRANK,203,203,0
1931,FLOYD,55,55,0
1931,ELMER,48,48,0
1931,ELVIN,5,5,0
1931,ELWOOD,17,17,0
1931,EMANUEL,5,5,0
1931,EMERSON,12,12,0
1931,EMIL,9,9,0
1931,EMILE,12,12,0
1931,FRANCESCO,8,8,0
1931,ERIC,50,50,0
1931,ERVIN,7,7,0
1931,ERWIN,6,6,0
1931,EUGENE,60,60,0
1931,EVAN,5,5,0
1931,EVERETT,20,20,0
1931,FERDINAND,5,5,0
1931,FERNAND,9,9,0
1931,ERNEST,171,171,0
1931,CRAWFORD,5,5,0
1931,AUGUSTUS,5,5,0
1931,CONRAD,9,9,0
1931,ANDY,5,5,0
1931,ANGELO,8,8,0
1931,ANGUS,20,20,0
1931,ANTHONY,48,48,0
1931,ANTOINE,10,10,0
1931,ANTONIO,17,17,0
1931,ARCHIBALD,11,11,0
1931,ANDREW,92,92,0
1931,ARCHIE,17,17,0
1931,ARMAND,24,24,0
1931,ARNOLD,60,60,0
1931,ARTHUR,327,327,0
1931,AUBREY,9,9,0
1931,AUGUST,5,5,0
1931,AUSTIN,13,13,0
1931,BABE,7,7,0
1931,ARDEN,5,5,0
1931,BARRY,24,24,0
1931,ANDRE,9,9,0
1931,ALVIN,52,52,0
1931,GEO,5,5,0
1931,AARON,7,7,0
1931,ABRAHAM,13,13,0
1931,ADAM,11,11,0
1931,ADELARD,5,5,0
1931,ALAN,81,81,0
1931,ALBERT,357,357,0
1931,AMBROSE,5,5,0
1931,ALCIDE,5,5,0
1931,ALEX,15,15,0
1931,ALEXANDER,137,137,0
1931,ALFRED,170,170,0
1931,ALLAN,221,221,0
1931,ALLEN,77,77,0
1931,ALPHONSE,9,9,0
1931,ALPHONSUS,6,6,0
1931,ALEC,10,10,0
1931,BARTON,5,5,0
1931,BASIL,9,9,0
1931,BENEDICT,6,6,0
1931,CHARLES,566,566,0
1931,CHARLIE,12,12,0
1931,CHESTER,22,22,0
1931,CHRISTOPHER,19,19,0
1931,CLAIR,7,7,0
1931,CLARANCE,8,8,0
1931,CLARENCE,125,125,0
1931,CECIL,70,70,0
1931,CLAUDE,29,29,0
1931,CLEMENT,10,10,0
1931,CLIFFORD,144,144,0
1931,CLIFTON,5,5,0
1931,CLINTON,10,10,0
1931,CLIVE,8,8,0
1931,CLYDE,7,7,0
1931,COLIN,19,19,0
1931,CLAYTON,21,21,0
1931,CARROLL,6,6,0
1931,CARMON,5,5,0
1931,CARMAN,15,15,0
1931,BENJAMIN,25,25,0
1931,BENNY,5,5,0
1931,BERNARD,114,114,0
1931,BERT,12,12,0
1931,BERTRAM,11,11,0
1931,BILL,6,6,0
1931,BILLIE,7,7,0
1931,BILLY,7,7,0
1931,BRIAN,24,24,0
1931,BRUCE,191,191,0
1931,BRUNO,9,9,0
1931,BURTON,9,9,0
1931,BYRON,13,13,0
1931,CALVIN,33,33,0
1931,CAMERON,14,14,0
1931,CARL,111,111,0
1931,CARLTON,5,5,0
1931,CORNELIUS,7,7,0
1931,GEOFFREY,7,7,0
1931,KARL,23,23,0
1931,GERALD,404,404,0
1931,RAMON,6,6,0
1931,RAPHAEL,6,6,0
1931,RAY,37,37,0
1931,RAYMOND,303,303,0
1931,REAL,6,6,0
1931,REGINALD,89,89,0
1931,RENE,33,33,0
1931,REUBEN,6,6,0
1931,RHEAL,6,6,0
1931,ROBIN,6,6,0
1931,ROBT,5,5,0
1931,RALPH,146,146,0
1931,RODERICK,26,26,0
1931,RODNEY,10,10,0
1931,ROGER,62,62,0
1931,ROLAND,40,40,0
1931,ROLLAND,7,7,0
1931,ROMEO,7,7,0
1931,RONALD,764,764,0
1931,ROSS,136,136,0
1931,ROWLAND,5,5,0
1931,ROY,214,214,0
1931,ROYDEN,5,5,0
1931,RUDOLF,5,5,0
1931,RODGER,5,5,0
1931,RUDOLPH,21,21,0
1931,RAE,7,7,0
1931,PHILLIP,15,15,0
1931,MORRIS,45,45,0
1931,MORTON,9,9,0
1931,MURRAY,145,145,0
1931,NEIL,54,54,0
1931,NELSON,33,33,0
1931,NICHOLAS,21,21,0
1931,NICK,16,16,0
1931,NICKOLAS,5,5,0
1931,NO,7,7,0
1931,NOEL,11,11,0
1931,NORRIS,7,7,0
1931,PIERRE,10,10,0
1931,NOT,7,7,0
1931,OMER,11,11,0
1931,ORVAL,24,24,0
1931,ORVILLE,17,17,0
1931,OSCAR,17,17,0
1931,OTTO,8,8,0
1931,OWEN,12,12,0
1931,PATRICK,103,103,0
1931,PAUL,219,219,0
1931,PERCY,33,33,0
1931,PETER,228,228,0
1931,PHILIP,71,71,0
1931,OLIVER,21,21,0
1931,MORLEY,29,29,0
1931,RUSSEL,34,34,0
1931,SALVATORE,11,11,0
1931,TONY,15,15,0
1931,TREVOR,5,5,0
1931,VERNON,51,51,0
1931,VICTOR,103,103,0
1931,VINCENT,44,44,0
1931,VINCENZO,5,5,0
1931,WALLACE,55,55,0
1931,WALTER,307,307,0
1931,WARREN,39,39,0
1931,WAYNE,10,10,0
1931,WENDELL,6,6,0
1931,TOM,6,6,0
1931,WESLEY,29,29,0
1931,WILBUR,5,5,0
1931,WILFORD,9,9,0
1931,WILFRED,100,100,0
1931,WILFRID,17,17,0
1931,WILLARD,30,30,0
1931,WILLIE,7,7,0
1931,WILLIS,16,16,0
1931,WILMER,5,5,0
1931,WILSON,13,13,0
1931,WM,29,29,0
1931,WRAY,5,5,0
1931,WILBERT,34,34,0
1931,RUSSELL,102,102,0
1931,TIMOTHY,7,7,0
1931,THOMAS,535,535,0
1931,SAM,12,12,0
1931,SAMUEL,90,90,0
1931,SEYMOUR,7,7,0
1931,SHERMAN,7,7,0
1931,SHERWOOD,5,5,0
1931,SIDNEY,34,34,0
1931,SIMON,7,7,0
1931,SOLOMON,10,10,0
1931,SPENCER,5,5,0
1931,STANLEY,262,262,0
1931,STEFAN,6,6,0
1931,THOS,5,5,0
1931,STEPHEN,54,54,0
1931,STEVEN,8,8,0
1931,STEWART,39,39,0
1931,STUART,24,24,0
1931,SYDNEY,19,19,0
1931,SYLVESTER,7,7,0
1931,TED,5,5,0
1931,TEDDY,12,12,0
1931,TERENCE,14,14,0
1931,TERRANCE,10,10,0
1931,TERRENCE,8,8,0
1931,THEODORE,32,32,0
1931,STEVE,35,35,0
1931,MORGAN,7,7,0
1931,MILTON,44,44,0
1931,MIKE,36,36,0
1931,HUBERT,20,20,0
1931,HUGH,84,84,0
1931,IAN,34,34,0
1931,IRA,8,8,0
1931,IRVIN,8,8,0
1931,IRVINE,7,7,0
1931,IRVING,13,13,0
1931,IRWIN,11,11,0
1931,ISADORE,7,7,0
1931,ISRAEL,6,6,0
1931,IVAN,57,57,0
1931,HOWARD,200,200,0
1931,IVOR,6,6,0
1931,JACK,234,234,0
1931,JACKIE,13,13,0
1931,JACKSON,7,7,0
1931,JACOB,22,22,0
1931,JACQUES,6,6,0
1931,JEROME,17,17,0
1931,JERRY,7,7,0
1931,JESSE,11,11,0
1931,JIM,5,5,0
1931,JOE,23,23,0
1931,JOS,46,46,0
1931,J,30,30,0
1931,JOSEH,6,6,0
1931,HORACE,10,10,0
1931,HERMAN,19,19,0
1931,GERARD,24,24,0
1931,GERHARD,5,5,0
1931,GERMAIN,6,6,0
1931,GILBERT,47,47,0
1931,GINO,8,8,0
1931,GIUSEPPE,6,6,0
1931,GLEN,67,67,0
1931,GLENN,56,56,0
1931,GORDEN,13,13,0
1931,GORDON,506,506,0
1931,GRAHAM,23,23,0
1931,HOMER,6,6,0
1931,GRANT,33,33,0
1931,GUISEPPE,6,6,0
1931,GUY,12,12,0
1931,HARLEY,11,11,0
1931,HAROLD,405,405,0
1931,HARRY,191,191,0
1931,HARTLEY,5,5,0
1931,HARVEY,96,96,0
1931,HECTOR,12,12,0
1931,HENRI,17,17,0
1931,HENRY,154,154,0
1931,HERBERT,119,119,0
1931,GREGORY,8,8,0
1931,JOSEPHE,6,6,0
1931,JULES,6,6,0
1931,JULIEN,5,5,0
1931,LUIGI,11,11,0
1931,LYLE,31,31,0
1931,LYNN,6,6,0
1931,MALCOLM,40,40,0
1931,MALE,7,7,0
1931,MARCEL,24,24,0
1931,MARCUS,6,6,0
1931,MARIO,9,9,0
1931,MARK,15,15,0
1931,MARSHALL,10,10,0
1931,MARTIN,38,38,0
1931,LUCIEN,19,19,0
1931,MARVIN,40,40,0
1931,MAURICE,92,92,0
1931,MAX,20,20,0
1931,MAXWELL,11,11,0
1931,MAYNARD,8,8,0
1931,MELVILLE,23,23,0
1931,MELVIN,52,52,0
1931,MERVIN,35,35,0
1931,MERVYN,18,18,0
1931,MICHAEL,150,150,0
1931,MICHEAL,9,9,0
1931,MICHEL,7,7,0
1931,MATTHEW,14,14,0
1931,LOYD,12,12,0
1931,LOUIS,114,114,0
1931,LORNE,114,114,0
1931,JULIUS,13,13,0
1931,JUNIOR,8,8,0
1931,KAYE,6,6,0
1931,KEITH,126,126,0
1931,KENETH,6,6,0
1931,KENNETH,667,667,0
1931,LARRY,14,14,0
1931,LAURENCE,38,38,0
1931,LAURENT,6,6,0
1931,LAURIE,10,10,0
1931,LAVERNE,12,12,0
1931,LAWRENCE,193,193,0
1931,LEE,9,9,0
1931,LENARD,16,16,0
1931,LENNARD,5,5,0
1931,LEO,117,117,0
1931,LEON,22,22,0
1931,LEONARD,173,173,0
1931,LEROY,10,10,0
1931,LESLIE,85,85,0
1931,LESTER,12,12,0
1931,LEWIS,33,33,0
1931,LINDSAY,5,5,0
1931,LIONEL,32,32,0
1931,LLOYD,181,181,0
1931,GEORGES,6,6,0
1931,RICHARD,357,357,0
1931,ROBERT,1770,1764,6
1931,ADELE,13,0,13
1931,MARGUERITE,105,0,105
1931,MARGRET,32,0,32
1931,MARGOT,8,0,8
1931,MARGERY,24,0,24
1931,MARGARETTE,9,0,9
1931,MARGARETE,6,0,6
1931,MARGARET,1242,0,1242
1931,MARCIA,6,0,6
1931,MARCELLE,6,0,6
1931,MARCELLA,8,0,8
1931,MAE,7,0,7
1931,MADELINE,42,0,42
1931,MADELENE,6,0,6
1931,MADELEINE,11,0,11
1931,MABLE,15,0,15
1931,MABEL,64,0,64
1931,M,17,0,17
1931,LYLA,8,0,8
1931,LYDIA,15,0,15
1931,LUELLA,22,0,22
1931,LUCY,33,0,33
1931,MARI,9,0,9
1931,MARIA,61,0,61
1931,MARIAN,83,0,83
1931,MARIANNE,12,0,12
1931,MINNIE,18,0,18
1931,MINA,7,0,7
1931,MILLICENT,6,0,6
1931,MILDRED,157,0,157
1931,MERLE,15,5,10
1931,MELVA,9,0,9
1931,MELBA,7,0,7
1931,MAY,50,0,50
1931,MAXINE,32,0,32
1931,MAVIS,15,0,15
1931,LUCILLE,38,0,38
1931,MAUREEN,44,0,44
1931,MATILDA,9,0,9
1931,MARY,2294,7,2287
1931,MARTHA,54,0,54
1931,MARLYN,8,0,8
1931,MARLENE,42,0,42
1931,MARJORY,55,0,55
1931,MARJORIE,296,0,296
1931,MARION,419,0,419
1931,MARILYN,195,0,195
1931,MARIE,2128,9,2119
1931,MAUD,6,0,6
1931,MIRIAM,26,0,26
1931,LUCIENNE,6,0,6
1931,LOUISE,39,0,39
1931,KEITHA,6,0,6
1931,KATIE,9,0,9
1931,KATHRYN,25,0,25
1931,KATHLEEN,213,0,213
1931,KATHERINE,53,0,53
1931,KATHARINE,15,0,15
1931,KATHALEEN,12,0,12
1931,JUNE,343,0,343
1931,JULIETTE,6,0,6
1931,JULIA,48,0,48
1931,JUDITH,19,0,19
1931,JUANITA,6,0,6
1931,JOYCE,483,0,483
1931,JOY,28,0,28
1931,JOSEPHINE,81,0,81
1931,JOSEPH,2749,2735,14
1931,JOHN,2490,2480,10
1931,JOHANNA,9,0,9
1931,JOCELYN,9,0,9
1931,JOANNE,19,0,19
1931,JOANNA,8,0,8
1931,LAILA,7,0,7
1931,LAURA,104,0,104
1931,LAURENE,7,0,7
1931,LEAH,6,0,6
1931,LOUISA,12,0,12
1931,LORRAINE,108,0,108
1931,LORNA,89,0,89
1931,LORETTA,50,0,50
1931,LORENE,7,0,7
1931,LOREEN,15,0,15
1931,LORAINE,17,0,17
1931,LOLA,10,0,10
1931,LOIS,314,0,314
1931,LINA,7,0,7
1931,LUCIA,9,0,9
1931,LILY,27,0,27
1931,LILLIE,8,0,8
1931,LILLIAN,204,0,204
1931,LILIAN,27,0,27
1931,LILA,28,0,28
1931,LEONA,62,0,62
1931,LEOLA,6,0,6
1931,LENORE,17,0,17
1931,LENORA,13,0,13
1931,LENA,32,0,32
1931,LEILA,16,0,16
1931,LILLY,13,0,13
1931,JOAN,770,0,770
1931,MOIRA,10,0,10
1931,MONA,28,0,28
1931,THERESA,126,0,126
1931,THELMA,103,0,103
1931,TERESA,47,0,47
1931,SYLVIA,62,0,62
1931,SYBIL,11,0,11
1931,SUZANNE,11,0,11
1931,SUSAN,22,0,22
1931,STELLA,81,0,81
1931,SOPHIE,15,0,15
1931,SOPHIA,17,0,17
1931,SONIA,7,0,7
1931,SIMONE,10,0,10
1931,SHIRLEY,863,0,863
1931,SHIELA,9,0,9
1931,SHERLEY,9,0,9
1931,SHEILA,76,0,76
1931,SELMA,9,0,9
1931,SARAH,60,0,60
1931,SARA,7,0,7
1931,SALLY,28,0,28
1931,SADIE,22,0,22
1931,THERESE,42,0,42
1931,UNA,6,0,6
1931,ADA,44,0,44
1931,URSULA,6,0,6
1931,ZELLA,7,0,7
1931,YVONNE,103,0,103
1931,YOLANDE,6,0,6
1931,YOLANDA,7,0,7
1931,WINNIFRED,43,0,43
1931,WINIFRED,15,0,15
1931,WILMA,65,0,65
1931,WILLIAM,2373,2362,11
1931,WILDA,13,0,13
1931,WANDA,35,0,35
1931,RUTH,461,0,461
1931,VIVIAN,75,0,75
1931,VIOLET,143,0,143
1931,VIOLA,69,0,69
1931,VICTORIA,37,0,37
1931,VERONICA,21,0,21
1931,VERONA,6,0,6
1931,VERNA,92,0,92
1931,VERDA,6,0,6
1931,VERA,102,0,102
1931,VELMA,77,0,77
1931,VALERIE,22,0,22
1931,VIRGINIA,80,0,80
1931,MOLLY,7,0,7
1931,RUBY,86,0,86
1931,ROSIE,31,0,31
1931,ORMA,9,0,9
1931,OLIVE,81,0,81
1931,OLGA,69,0,69
1931,NORMAN,348,341,7
1931,NORMA,329,0,329
1931,NOREEN,45,0,45
1931,NORAH,7,0,7
1931,NORA,49,0,49
1931,NINA,13,0,13
1931,NETTIE,11,0,11
1931,NELLIE,44,0,44
1931,NATALIE,6,0,6
1931,NAOMI,12,0,12
1931,NANCY,138,0,138
1931,NADINE,6,0,6
1931,NADIA,6,0,6
1931,MYRTLE,59,0,59
1931,MYRNA,22,0,22
1931,MYRA,11,0,11
1931,MURIEL,170,0,170
1931,MONICA,18,0,18
1931,PAMELA,14,0,14
1931,PANSY,8,0,8
1931,PATRICA,10,0,10
1931,PATRICIA,418,0,418
1931,ROSEMARY,48,0,48
1931,ROSE,171,0,171
1931,ROSALIE,10,0,10
1931,ROSA,22,0,22
1931,ROBERTA,31,0,31
1931,RITA,160,0,160
1931,RHODA,13,0,13
1931,RHEA,9,0,9
1931,RETTA,6,0,6
1931,RETA,84,0,84
1931,ROSINA,12,0,12
1931,RENA,13,0,13
1931,RACHEL,11,0,11
1931,PRISCILLA,6,0,6
1931,PHYLLIS,176,0,176
1931,PHYLISS,14,0,14
1931,PHYLIS,22,0,22
1931,PHILLIS,8,0,8
1931,PEGGY,16,0,16
1931,PEARL,47,0,47
1931,PAULINE,97,0,97
1931,PATSY,8,0,8
1931,RAMONA,13,0,13
1931,JESSIE,73,0,73
1931,UNNAMED,14,5,9
1931,JENNY,11,0,11
1931,DAWN,16,0,16
1931,DAPHNE,7,0,7
1931,DAISY,14,0,14
1931,CORINNE,12,0,12
1931,CORAL,6,0,6
1931,CORA,19,0,19
1931,CONSTANCE,82,0,82
1931,COLLEEN,23,0,23
1931,CLARICE,8,0,8
1931,CLARE,23,15,8
1931,CLARA,88,0,88
1931,CLAIRE,44,13,31
1931,CHRISTINE,19,0,19
1931,CHRISTINA,28,0,28
1931,CHRISTENA,11,0,11
1931,CHARLOTTE,45,0,45
1931,CECILIA,18,0,18
1931,CECILE,25,0,25
1931,CECELIA,15,0,15
1931,CATHRINE,7,0,7
1931,CATHERINE,172,0,172
1931,DELLA,10,0,10
1931,DELORES,27,0,27
1931,DENISE,10,0,10
1931,DIANA,37,0,37
1931,EILEEN,139,0,139
1931,EILA,10,0,10
1931,EFFIE,11,0,11
1931,EDYTHE,13,0,13
1931,EDNA,169,0,169
1931,EDITH,178,0,178
1931,DORTHY,30,0,30
1931,DORTHEY,6,0,6
1931,DOROTHY,758,0,758
1931,DOROTHEA,18,0,18
1931,CATHARINE,40,0,40
1931,DORIS,378,0,378
1931,DORENE,12,0,12
1931,DOREEN,307,0,307
1931,DORA,27,0,27
1931,DONNA,213,0,213
1931,DONELDA,9,0,9
1931,DONALDA,14,0,14
1931,DONA,21,0,21
1931,DOLORES,68,0,68
1931,DOLLY,10,0,10
1931,DIANE,22,0,22
1931,DORINE,6,0,6
1931,ELAINE,54,0,54
1931,CAROLYN,25,0,25
1931,CAROLINA,6,0,6
1931,ANNIE,247,0,247
1931,ANNETTE,20,0,20
1931,ANNETTA,6,0,6
1931,ANNE,118,0,118
1931,ANNABELLE,6,0,6
1931,ANNABEL,8,0,8
1931,ANNA,173,0,173
1931,ANN,94,0,94
1931,ANGELA,17,0,17
1931,AMY,21,0,21
1931,AMELIA,13,0,13
1931,ALVA,8,0,8
1931,ALMA,57,0,57
1931,ALINE,12,0,12
1931,ALICE,226,0,226
1931,ALDA,6,0,6
1931,ALBERTA,22,0,22
1931,AILEEN,35,0,35
1931,AGNES,134,0,134
1931,ADELINE,8,0,8
1931,JESSICA,6,0,6
1931,ANTOINETTE,10,0,10
1931,ARLENE,13,0,13
1931,AUDREY,350,0,350
1931,AUDRY,15,0,15
1931,CAROLE,9,0,9
1931,CAROL,55,8,47
1931,CARMEN,19,5,14
1931,CARMEL,12,0,12
1931,BONNIE,11,0,11
1931,BLANCHE,38,0,38
1931,BEVERLY,82,19,63
1931,BEVERLEY,136,22,114
1931,BEULAH,17,0,17
1931,BETTY,635,0,635
1931,CAROLINE,35,0,35
1931,BETH,6,0,6
1931,BERYL,31,0,31
1931,BERTHA,55,0,55
1931,BERNICE,163,0,163
1931,BERNADETTE,17,0,17
1931,BELVA,7,0,7
1931,BELLA,6,0,6
1931,BEATRICE,136,0,136
1931,BARBRA,6,0,6
1931,BARBARA,750,0,750
1931,BABY,428,247,181
1931,BESSIE,37,0,37
1931,ELDA,15,0,15
1931,ANITA,51,0,51
1931,ELEANORE,8,0,8
1931,INA,32,0,32
1931,ILENE,16,0,16
1931,ILEEN,13,0,13
1931,ILA,13,0,13
1931,IDA,52,0,52
1931,HOPE,6,0,6
1931,HILDA,84,0,84
1931,HENRIETTA,6,0,6
1931,HELLEN,20,0,20
1931,HELENE,15,0,15
1931,HELENA,39,0,39
1931,HELEN,814,0,814
1931,HAZEL,106,0,106
1931,HARRIET,14,0,14
1931,HANNAH,14,0,14
1931,GWYNETH,6,0,6
1931,GWENDOLYNE,6,0,6
1931,GWENDOLYN,61,0,61
1931,GWENDOLINE,17,0,17
1931,GRETA,29,0,29
1931,GRACE,174,0,174
1931,INEZ,18,0,18
1931,INFANT,89,47,42
1931,IONA,13,0,13
1931,IRENE,239,0,239
1931,JENNIE,51,0,51
1931,ELEANOR,229,0,229
1931,JEANNINE,32,0,32
1931,JEANNETTE,13,0,13
1931,JEANNE,29,0,29
1931,JEANINE,14,0,14
1931,JEANETTE,44,0,44
1931,JEAN,633,85,548
1931,JANETTE,11,0,11
1931,JANET,104,0,104
1931,GOLDIE,9,0,9
1931,JANE,55,0,55
1931,JACQUELINE,96,0,96
1931,IVY,24,0,24
1931,IVA,22,0,22
1931,ISOBEL,37,0,37
1931,ISABELLE,24,0,24
1931,ISABELLA,28,0,28
1931,ISABELL,11,0,11
1931,ISABEL,56,0,56
1931,IRMA,27,0,27
1931,IRIS,51,0,51
1931,JAMES,1374,1367,7
1931,GLORIA,195,0,195
1931,JANICE,6,0,6
1931,GLADYS,179,0,179
1931,ETTA,7,0,7
1931,ETHEL,113,0,113
1931,ESTHER,51,0,51
1931,ESTELLE,8,0,8
1931,ERNA,9,0,9
1931,ERMA,16,0,16
1931,ERLA,7,0,7
1931,ENID,16,0,16
1931,EMMA,36,0,36
1931,EMILY,46,0,46
1931,EUNICE,33,0,33
1931,EMILIA,6,0,6
1931,ELSIE,140,0,140
1931,ELSA,12,0,12
1931,ELMA,14,0,14
1931,ELLEN,84,0,84
1931,ELIZEBETH,17,0,17
1931,ELIZABETH,551,0,551
1931,ELISABETH,7,0,7
1931,ELENOR,10,0,10
1931,GLENNA,27,0,27
1931,ELINOR,21,0,21
1931,ELVA,39,0,39
1931,EVA,87,0,87
1931,ELLA,38,0,38
1931,EVELYN,279,0,279
1931,EVELINE,9,0,9
1931,GERALDINE,91,0,91
1931,GEORGINA,57,0,57
1931,GEORGETTE,10,0,10
1931,GEORGE,965,959,6
1931,GENEVIEVE,13,0,13
1931,GERTRUDE,92,0,92
1931,FREIDA,7,0,7
1931,FREDA,36,0,36
1931,FRANCIS,272,224,48
1931,FRANCES,244,10,234
1931,GERMAINE,7,0,7
1931,FAITH,14,0,14
1931,FLORENCE,259,0,259
1931,FAY,18,0,18
1931,EVELYNE,6,0,6
1931,FEMALE,6,0,6
1931,FAYE,8,0,8
1931,FERNANDE,6,0,6
1931,FLORA,25,0,25
1931,FLORANCE,12,0,12
1931,FERN,28,0,28
1932,MICHAEL,156,156,0
1932,MERVYN,24,24,0
1932,MERVIN,30,30,0
1932,MELVIN,51,51,0
1932,MELVILLE,27,27,0
1932,MAYNARD,7,7,0
1932,MAXWELL,9,9,0
1932,MAX,13,13,0
1932,MALCOLM,46,46,0
1932,MATTHEW,12,12,0
1932,MARVIN,33,33,0
1932,MARTIN,52,52,0
1932,MARSHALL,8,8,0
1932,MARK,16,16,0
1932,MARIO,6,6,0
1932,MICHEAL,20,20,0
1932,MALE,6,6,0
1932,MAURICE,85,85,0
1932,MARCEL,24,24,0
1932,NEIL,50,50,0
1932,MIKE,26,26,0
1932,OLIVER,12,12,0
1932,OLAVI,6,6,0
1932,LYLE,36,36,0
1932,OMER,9,9,0
1932,NOT,6,6,0
1932,NORMAN,291,291,0
1932,NOEL,8,8,0
1932,NO,6,6,0
1932,NICK,11,11,0
1932,NICHOLAS,26,26,0
1932,NEWTON,7,7,0
1932,NELSON,32,32,0
1932,MURRAY,124,124,0
1932,MORTON,10,10,0
1932,MORRIS,42,42,0
1932,MORLEY,34,34,0
1932,MITCHELL,5,5,0
1932,MILTON,27,27,0
1932,MILFORD,7,7,0
1932,MICHEL,8,8,0
1932,LUIGI,8,8,0
1932,KENETH,9,9,0
1932,LOYD,9,9,0
1932,JUSTIN,5,5,0
1932,JUNIOR,11,11,0
1932,JOSPEH,9,9,0
1932,JOSEPHE,9,9,0
1932,JOS,34,34,0
1932,JOHNNY,6,6,0
1932,JOESPH,6,6,0
1932,JOEPH,5,5,0
1932,JOE,22,22,0
1932,JERRY,15,15,0
1932,JEROME,22,22,0
1932,JERALD,9,9,0
1932,JACQUES,7,7,0
1932,JACOB,10,10,0
1932,JACKIE,16,16,0
1932,JACK,194,194,0
1932,ORLAND,6,6,0
1932,J,26,26,0
1932,IVAN,70,70,0
1932,KARL,21,21,0
1932,LUCIEN,17,17,0
1932,KAYE,5,5,0
1932,LARRY,18,18,0
1932,LORNE,117,117,0
1932,LORENZO,5,5,0
1932,LLOYD,151,151,0
1932,LIONEL,38,38,0
1932,LINO,8,8,0
1932,LINDSAY,5,5,0
1932,LEWIS,30,30,0
1932,LESTER,11,11,0
1932,LESLIE,65,65,0
1932,LEROY,9,9,0
1932,LEONARD,149,149,0
1932,LEON,15,15,0
1932,LEO,95,95,0
1932,LENARD,13,13,0
1932,LEE,6,6,0
1932,LAWRENCE,191,191,0
1932,LAVERNE,15,15,0
1932,LAURENT,8,8,0
1932,LAURENCE,28,28,0
1932,KEITH,110,110,0
1932,ORVAL,20,20,0
1932,SIMON,6,6,0
1932,OSCAR,15,15,0
1932,TIMOTHY,9,9,0
1932,THOMAS,558,558,0
1932,THEODORE,22,22,0
1932,TERRY,6,6,0
1932,TERRENCE,20,20,0
1932,TERRANCE,12,12,0
1932,TERENCE,18,18,0
1932,TEDDY,13,13,0
1932,TREVOR,5,5,0
1932,TED,8,8,0
1932,SYDNEY,21,21,0
1932,STUART,45,45,0
1932,STEWART,38,38,0
1932,STEVEN,7,7,0
1932,STEVE,27,27,0
1932,STEPHEN,60,60,0
1932,STANLEY,218,218,0
1932,SIDNEY,43,43,0
1932,SYLVESTER,6,6,0
1932,VERNON,61,61,0
1932,VICTOR,89,89,0
1932,VINCENT,45,45,0
1932,WILSON,10,10,0
1932,IRWIN,7,7,0
1932,WILMER,7,7,0
1932,WILLIS,19,19,0
1932,WILLIE,5,5,0
1932,WILLARD,22,22,0
1932,WILFRID,13,13,0
1932,WILFRED,120,120,0
1932,WILFORD,5,5,0
1932,WILBUR,10,10,0
1932,WILBERT,36,36,0
1932,WESLEY,34,34,0
1932,WERNER,6,6,0
1932,WELDON,7,7,0
1932,WAYNE,26,26,0
1932,WARREN,34,34,0
1932,WARNER,7,7,0
1932,WALTER,274,274,0
1932,WALLACE,55,55,0
1932,SHERMAN,6,6,0
1932,ORVILLE,20,20,0
1932,SHELDON,6,6,0
1932,SAMUEL,74,74,0
1932,REGINALD,97,97,0
1932,RAYMOND,275,275,0
1932,RAYMON,5,5,0
1932,RAY,41,41,0
1932,RAMON,7,7,0
1932,RALPH,170,170,0
1932,PHILLIP,15,15,0
1932,PHILIPPE,6,6,0
1932,REINO,6,6,0
1932,PHILIP,66,66,0
1932,PERRY,5,5,0
1932,PERCY,38,38,0
1932,PAUL,231,231,0
1932,PATRICK,102,102,0
1932,PASQUALE,5,5,0
1932,OWEN,9,9,0
1932,OTTO,8,8,0
1932,OSWALD,5,5,0
1932,PETER,222,222,0
1932,RENE,23,23,0
1932,REUBEN,6,6,0
1932,RICHARD,329,329,0
1932,SAM,8,8,0
1932,SALVATORE,5,5,0
1932,RUSSELL,92,92,0
1932,RUSSEL,35,35,0
1932,RUDOLPH,12,12,0
1932,RUDOLF,9,9,0
1932,ROYDEN,5,5,0
1932,ROYAL,5,5,0
1932,ROY,190,190,0
1932,ROSS,121,121,0
1932,ROMEO,10,10,0
1932,ROMAN,5,5,0
1932,ROLAND,55,55,0
1932,ROGER,85,85,0
1932,RODNEY,14,14,0
1932,RODGER,7,7,0
1932,RODERICK,27,27,0
1932,ROBIN,5,5,0
1932,RINO,6,6,0
1932,SEYMOUR,10,10,0
1932,IRVING,11,11,0
1932,CORNELIUS,5,5,0
1932,IRA,6,6,0
1932,CHARLIE,13,13,0
1932,CHARLES,577,577,0
1932,CECIL,67,67,0
1932,CARMEN,7,7,0
1932,CARMAN,12,12,0
1932,CARLYLE,5,5,0
1932,CARL,114,114,0
1932,CAMERON,15,15,0
1932,CHAS,6,6,0
1932,CALVIN,31,31,0
1932,BURTON,10,10,0
1932,BUDDY,5,5,0
1932,BRYCE,5,5,0
1932,BRYAN,9,9,0
1932,BRUNO,10,10,0
1932,BRUCE,201,201,0
1932,BRIAN,30,30,0
1932,BORIS,6,6,0
1932,BYRON,6,6,0
1932,CHESTER,8,8,0
1932,CHRISTOPHER,17,17,0
1932,CLAIR,5,5,0
1932,DELBERT,22,22,0
1932,DEAN,7,7,0
1932,DAVID,427,427,0
1932,DANIEL,93,93,0
1932,DALTON,9,9,0
1932,DALE,13,13,0
1932,CYRIL,23,23,0
1932,CONRAD,9,9,0
1932,COLIN,31,31,0
1932,CLYDE,7,7,0
1932,CLIVE,8,8,0
1932,CLINTON,13,13,0
1932,CLIFFORD,134,134,0
1932,CLEMENT,10,10,0
1932,CLAYTON,37,37,0
1932,CLAUDE,20,20,0
1932,CLARK,7,7,0
1932,CLARENCE,122,122,0
1932,CLARANCE,8,8,0
1932,BLAKE,5,5,0
1932,DELMER,6,6,0
1932,BILLY,8,8,0
1932,BILL,10,10,0
1932,ANDRE,11,11,0
1932,AMBROSE,12,12,0
1932,ALVIN,49,49,0
1932,ALPHONSE,12,12,0
1932,ALLISTER,5,5,0
1932,ALLEN,66,66,0
1932,ALLAN,166,166,0
1932,ALFRED,121,121,0
1932,ANDREW,76,76,0
1932,ALEXANDRE,5,5,0
1932,ALEX,11,11,0
1932,ALBERT,288,288,0
1932,ALAN,94,94,0
1932,ADRIEN,5,5,0
1932,ADAM,16,16,0
1932,ABRAHAM,16,16,0
1932,AARON,5,5,0
1932,WINSTON,6,6,0
1932,ALEXANDER,158,158,0
1932,ANGELO,9,9,0
1932,ANGUS,21,21,0
1932,ANTHONY,59,59,0
1932,BERTRAM,12,12,0
1932,BERT,6,6,0
1932,BERNARD,97,97,0
1932,BENJAMIN,27,27,0
1932,BASIL,23,23,0
1932,BARRY,64,64,0
1932,BARRIE,6,6,0
1932,BABE,7,7,0
1932,AUSTIN,10,10,0
1932,AURELE,5,5,0
1932,AUGUST,6,6,0
1932,AUBREY,17,17,0
1932,ARTHUR,250,250,0
1932,ARNOLD,84,84,0
1932,ARMAND,10,10,0
1932,ARCHIE,20,20,0
1932,ARCHIBALD,19,19,0
1932,ANTONIO,17,17,0
1932,ANTOINE,5,5,0
1932,BILLIE,5,5,0
1932,DENIS,23,23,0
1932,DENNIS,49,49,0
1932,DENTON,7,7,0
1932,GORDAN,7,7,0
1932,GLENN,59,59,0
1932,GLENFORD,5,5,0
1932,GLENDON,5,5,0
1932,GLEN,70,70,0
1932,GIOVANNI,8,8,0
1932,GINO,6,6,0
1932,GILBERT,55,55,0
1932,GORDEN,13,13,0
1932,GERARD,24,24,0
1932,GEORGES,5,5,0
1932,GEOFFREY,10,10,0
1932,GENE,5,5,0
1932,GARY,31,31,0
1932,GARTH,14,14,0
1932,GARRY,13,13,0
1932,GARNET,36,36,0
1932,GARFIELD,13,13,0
1932,GERALD,371,371,0
1932,GORDON,473,473,0
1932,GRAHAM,32,32,0
1932,GRANT,36,36,0
1932,IAN,36,36,0
1932,HUGH,85,85,0
1932,HUBERT,27,27,0
1932,HOWARD,164,164,0
1932,HOMER,5,5,0
1932,HILTON,5,5,0
1932,HERMAN,20,20,0
1932,HERBERT,106,106,0
1932,HENRY,158,158,0
1932,HENRI,6,6,0
1932,HECTOR,18,18,0
1932,HARVEY,100,100,0
1932,HARRY,180,180,0
1932,HARRIS,6,6,0
1932,HAROLD,370,370,0
1932,HARLEY,6,6,0
1932,GUY,12,12,0
1932,GRENVILLE,6,6,0
1932,GREGORY,11,11,0
1932,GABRIEL,5,5,0
1932,FREDRICK,70,70,0
1932,FREDERICK,261,261,0
1932,FREDERIC,9,9,0
1932,ELMER,58,58,0
1932,ELIAS,6,6,0
1932,ELGIN,5,5,0
1932,ELDON,19,19,0
1932,EDWIN,77,77,0
1932,EDMUND,22,22,0
1932,EDMOND,20,20,0
1932,EDGAR,34,34,0
1932,EDDIE,9,9,0
1932,EARNEST,21,21,0
1932,EARLE,13,13,0
1932,EARL,139,139,0
1932,DUNCAN,22,22,0
1932,DOUGLAS,441,441,0
1932,DON,17,17,0
1932,DOMINIC,10,10,0
1932,DINO,10,10,0
1932,DESMOND,8,8,0
1932,DEREK,9,9,0
1932,ELTON,5,5,0
1932,IRVIN,11,11,0
1932,ELVIN,8,8,0
1932,EMERSON,6,6,0
1932,FRED,34,34,0
1932,FRASER,5,5,0
1932,FRANKLIN,38,38,0
1932,FRANK,216,216,0
1932,FRANCOIS,7,7,0
1932,FLOYD,50,50,0
1932,FERNAND,18,18,0
1932,FERGUS,6,6,0
1932,FELIX,5,5,0
1932,EWART,7,7,0
1932,EVERETT,19,19,0
1932,EVAN,6,6,0
1932,EUGENE,62,62,0
1932,ERVIN,8,8,0
1932,ERNEST,165,165,0
1932,ERIK,6,6,0
1932,ERIC,62,62,0
1932,EMILE,8,8,0
1932,EMIL,5,5,0
1932,ELWOOD,20,20,0
1932,WM,20,20,0
1932,RUBY,105,0,105
1932,AUDREY,282,0,282
1932,DIANE,45,0,45
1932,DIANNE,6,0,6
1932,DOLLY,6,0,6
1932,DOLORES,89,0,89
1932,DONA,33,0,33
1932,DONALD,1560,1541,19
1932,DONALDA,11,0,11
1932,DONELDA,13,0,13
1932,DONNA,215,0,215
1932,DORA,35,0,35
1932,DIANA,23,0,23
1932,DOREEN,310,0,310
1932,DOROTHEA,20,0,20
1932,DOROTHY,658,0,658
1932,DORTHY,36,0,36
1932,EDITH,178,0,178
1932,EDNA,138,0,138
1932,EDWARD,424,416,8
1932,EDYTHE,9,0,9
1932,EFFIE,13,0,13
1932,EILA,11,0,11
1932,EILEEN,106,0,106
1932,DORIS,299,0,299
1932,DENISE,9,0,9
1932,DELORIS,6,0,6
1932,DELORES,34,0,34
1932,CECILE,28,0,28
1932,CECILIA,15,0,15
1932,CELIA,10,0,10
1932,CHARLOTTE,43,0,43
1932,CHRISTINA,34,0,34
1932,CHRISTINE,16,0,16
1932,CLAIRE,40,5,35
1932,CLARA,70,0,70
1932,CLARE,20,12,8
1932,CLARICE,9,0,9
1932,CLAUDETTE,6,0,6
1932,COLETTE,6,0,6
1932,COLLEEN,22,0,22
1932,CONSTANCE,102,0,102
1932,CORA,17,0,17
1932,CORINNE,6,0,6
1932,CYNTHIA,7,0,7
1932,DAISY,18,0,18
1932,DARLENE,9,0,9
1932,DAWN,22,0,22
1932,DELIA,7,0,7
1932,DELLA,12,0,12
1932,DELMA,6,0,6
1932,ELDA,11,0,11
1932,CECELIA,14,0,14
1932,ELEANOR,209,0,209
1932,ELENOR,12,0,12
1932,FANNY,8,0,8
1932,FAY,26,0,26
1932,FAYE,6,0,6
1932,FEMALE,7,0,7
1932,FERN,21,0,21
1932,FLORA,22,0,22
1932,FLORANCE,11,0,11
1932,FLORENCE,240,0,240
1932,FRANCES,241,13,228
1932,FRANCIS,290,222,68
1932,FAITH,9,0,9
1932,FRANCOISE,6,0,6
1932,FREIDA,7,0,7
1932,GABRIELLE,6,0,6
1932,GENEVA,7,0,7
1932,GENEVIEVE,14,0,14
1932,GEORGE,822,815,7
1932,GEORGENA,6,0,6
1932,GEORGETTE,15,0,15
1932,GEORGIA,8,0,8
1932,GEORGINA,47,0,47
1932,GERALDINE,96,0,96
1932,FREDA,29,0,29
1932,EVELYN,228,0,228
1932,EVELINE,9,0,9
1932,EVA,86,0,86
1932,ELINOR,29,0,29
1932,ELISABETH,12,0,12
1932,ELIZA,9,0,9
1932,ELIZABETH,485,0,485
1932,ELIZEBETH,10,0,10
1932,ELLA,40,0,40
1932,ELLEN,72,0,72
1932,ELMA,12,0,12
1932,ELSA,7,0,7
1932,ELSIE,120,0,120
1932,ELVA,37,0,37
1932,EMILY,34,0,34
1932,EMMA,28,0,28
1932,ENID,16,0,16
1932,ERLA,7,0,7
1932,ERMA,25,0,25
1932,ERNA,6,0,6
1932,ESTELLE,7,0,7
1932,ESTER,7,0,7
1932,ESTHER,54,0,54
1932,ETHEL,112,0,112
1932,ETTA,8,0,8
1932,EUNICE,49,0,49
1932,ELEANORE,10,0,10
1932,CATHRINE,8,0,8
1932,CATHERINE,160,0,160
1932,CATHARINE,36,0,36
1932,VERA,92,0,92
1932,VERLA,8,0,8
1932,VERNA,98,0,98
1932,VERONICA,26,0,26
1932,VICTORIA,28,0,28
1932,VIDA,6,0,6
1932,VIOLA,57,0,57
1932,VIOLET,119,0,119
1932,VIRGINIA,56,0,56
1932,VIVIAN,79,0,79
1932,VELMA,54,0,54
1932,WANDA,38,0,38
1932,WILLIAM,2119,2087,32
1932,WILMA,46,0,46
1932,WINIFRED,14,0,14
1932,WINNIFRED,47,0,47
1932,YOLANDA,7,0,7
1932,YVETTE,7,0,7
1932,YVONNE,66,0,66
1932,ZELDA,8,0,8
1932,ADA,33,0,33
1932,ADELE,11,0,11
1932,WILDA,14,0,14
1932,VALERIE,22,0,22
1932,VALERIA,6,0,6
1932,UNNAMED,16,10,6
1932,ROSINA,6,0,6
1932,RUTH,414,0,414
1932,SADIE,9,0,9
1932,SALLY,24,0,24
1932,SARA,7,0,7
1932,SARAH,68,0,68
1932,SHEILA,79,0,79
1932,SHERLEY,12,0,12
1932,SHIRLEY,854,0,854
1932,SILVIA,6,0,6
1932,SOPHIA,13,0,13
1932,SOPHIE,9,0,9
1932,STELLA,71,0,71
1932,STEPHANIE,6,0,6
1932,SUSAN,17,0,17
1932,SUZANNE,13,0,13
1932,SYBIL,6,0,6
1932,SYLVIA,100,0,100
1932,TERESA,44,0,44
1932,THELMA,82,0,82
1932,THERESA,100,0,100
1932,THERESE,47,0,47
1932,UNICE,6,0,6
1932,ADELINE,11,0,11
1932,ADRIENNE,6,0,6
1932,AGNES,145,0,145
1932,AILEEN,30,0,30
1932,BARBRA,12,0,12
1932,BEATRICE,129,0,129
1932,BERNADETTE,19,0,19
1932,BERNICE,135,0,135
1932,BERTHA,47,0,47
1932,BERYL,21,0,21
1932,BESSIE,32,0,32
1932,BETH,6,0,6
1932,BETTY,596,0,596
1932,BEULAH,17,0,17
1932,BEVERLEY,151,17,134
1932,BEVERLY,93,12,81
1932,BLANCHE,47,0,47
1932,BONNIE,13,0,13
1932,BRENDA,9,0,9
1932,BRIDGET,6,0,6
1932,CARMEL,8,0,8
1932,CAROL,72,10,62
1932,CAROLE,23,0,23
1932,CAROLINE,27,0,27
1932,CAROLYN,33,0,33
1932,CARRIE,6,0,6
1932,CATERINA,6,0,6
1932,BARBARA,855,0,855
1932,GERTRUDE,100,0,100
1932,BABY,445,267,178
1932,AUDERY,7,0,7
1932,ALBERTA,26,0,26
1932,ALEXANDRA,12,0,12
1932,ALFREDA,7,0,7
1932,ALICE,228,0,228
1932,ALINE,8,0,8
1932,ALMA,55,0,55
1932,ALVA,6,0,6
1932,AMELIA,15,0,15
1932,AMY,16,0,16
1932,ANGELA,14,0,14
1932,ANGELINA,11,0,11
1932,ANGELINE,8,0,8
1932,ANITA,47,0,47
1932,ANN,106,0,106
1932,ANNA,188,0,188
1932,ANNABELLE,7,0,7
1932,ANNE,102,0,102
1932,ANNE-MARIE,6,0,6
1932,ANNETTE,17,0,17
1932,ANNIE,213,0,213
1932,ANTOINETTE,6,0,6
1932,ARLENE,25,0,25
1932,ARLINE,6,0,6
1932,AUDRY,17,0,17
1932,GILBERTE,6,0,6
1932,ELAINE,61,0,61
1932,GLENNA,20,0,20
1932,MARION,406,6,400
1932,MARJORIE,258,0,258
1932,MARJORY,45,0,45
1932,MARLENE,86,0,86
1932,MARLYN,9,0,9
1932,MARTHA,42,0,42
1932,MARY,2213,9,2204
1932,MARYLIN,11,0,11
1932,MARYLYN,7,0,7
1932,MATILDA,7,0,7
1932,MARILYNN,13,0,13
1932,MAUREEN,53,0,53
1932,MAXINE,37,0,37
1932,MAY,49,0,49
1932,MELBA,8,0,8
1932,MELVA,7,0,7
1932,MERILYN,6,0,6
1932,MERLE,20,6,14
1932,MERYL,6,0,6
1932,MILDRED,173,0,173
1932,MINA,7,0,7
1932,MINNIE,14,0,14
1932,MAVIS,19,0,19
1932,MARILYN,322,0,322
1932,MARIETTE,8,0,8
1932,MARIE,2097,20,2077
1932,LUCILLE,27,0,27
1932,LUCY,34,0,34
1932,LUELLA,12,0,12
1932,LYDIA,17,0,17
1932,LYLA,6,0,6
1932,M,19,0,19
1932,MABEL,58,0,58
1932,MABLE,13,0,13
1932,MADELEINE,16,0,16
1932,MADELINE,58,0,58
1932,MAE,21,0,21
1932,MARCELLA,8,0,8
1932,MARGARET,1200,7,1193
1932,MARGARETE,6,0,6
1932,MARGARETTE,7,0,7
1932,MARGERET,8,0,8
1932,MARGERY,16,0,16
1932,MARGRET,50,0,50
1932,MARGUERITE,95,0,95
1932,MARIA,55,0,55
1932,MARIAM,6,0,6
1932,MARIAN,81,0,81
1932,MARIANNE,16,0,16
1932,MIRIAM,25,0,25
1932,MOLLY,6,0,6
1932,GLADYS,146,0,146
1932,MONICA,18,0,18
1932,PHILLIS,10,0,10
1932,PHYLIS,17,0,17
1932,PHYLISS,7,0,7
1932,PHYLLIS,158,0,158
1932,PIERRETTE,6,0,6
1932,PRISCILLA,6,0,6
1932,RACHEL,14,0,14
1932,REBECCA,6,0,6
1932,REGINA,14,0,14
1932,RENA,9,0,9
1932,RETA,84,0,84
1932,RHEA,9,0,9
1932,RHODA,16,0,16
1932,RITA,121,0,121
1932,ROBERT,1807,1791,16
1932,ROBERTA,32,0,32
1932,RONALD,1002,991,11
1932,ROSA,10,0,10
1932,ROSALIE,8,0,8
1932,ROSE,136,0,136
1932,ROSEMARIE,6,0,6
1932,ROSEMARY,43,0,43
1932,ROSIE,27,0,27
1932,PEGGY,22,0,22
1932,LUCIENNE,9,0,9
1932,PEARL,66,0,66
1932,PAULINA,6,0,6
1932,MURIEL,156,0,156
1932,MYRA,12,0,12
1932,MYRNA,18,0,18
1932,MYRTLE,53,0,53
1932,NANCY,128,0,128
1932,NAOMI,10,0,10
1932,NATALIE,7,0,7
1932,NELDA,6,0,6
1932,NELLIE,44,0,44
1932,NINA,9,0,9
1932,NITA,6,0,6
1932,NOLA,7,0,7
1932,NORA,54,0,54
1932,NORAH,16,0,16
1932,NOREEN,28,0,28
1932,NORENE,6,0,6
1932,NORMA,279,0,279
1932,OLGA,59,0,59
1932,OLIVE,67,0,67
1932,ORMA,6,0,6
1932,PAMELA,11,0,11
1932,PANSY,10,0,10
1932,PATRICIA,475,0,475
1932,PAULINE,90,0,90
1932,LOUISE,42,0,42
1932,MONA,31,0,31
1932,LOUIS,109,103,6
1932,HENRIETTA,10,0,10
1932,HELLEN,20,0,20
1932,HELENE,13,0,13
1932,HELENA,33,0,33
1932,HELEN,749,0,749
1932,HEATHER,10,0,10
1932,LOUISA,7,0,7
1932,HAZEL,78,0,78
1932,HARRIET,18,0,18
1932,HANNAH,10,0,10
1932,GWENYTH,6,0,6
1932,GWENETH,10,0,10
1932,GWENDOLYNE,12,0,12
1932,GWENDOLYN,57,0,57
1932,GWENDOLINE,13,0,13
1932,GWEN,6,0,6
1932,GRETA,26,0,26
1932,GRACE,174,0,174
1932,GLORIA,144,0,144
1932,ISABELLA,24,0,24
1932,JEANINE,8,0,8
1932,JEANNE,35,0,35
1932,JEANNETTE,15,0,15
1932,HILDA,61,0,61
1932,JEANNINE,21,0,21
1932,IDA,62,0,62
1932,ILEEN,6,0,6
1932,ISABELLE,17,0,17
1932,ISOBEL,33,0,33
1932,IVA,15,0,15
1932,IVY,20,0,20
1932,JACQUELINE,101,0,101
1932,JAMES,1341,1331,10
1932,JANE,64,0,64
1932,JANET,100,0,100
1932,JANETTE,11,0,11
1932,JANICE,14,0,14
1932,JANINA,7,0,7
1932,JEAN,608,79,529
1932,JEANETTE,39,0,39
1932,ISABEL,51,0,51
1932,IRMA,30,0,30
1932,IRIS,25,0,25
1932,IRENE,230,0,230
1932,IONA,15,0,15
1932,IOLA,7,0,7
1932,INFANT,77,47,30
1932,INEZ,17,0,17
1932,INA,11,0,11
1932,ILENE,10,0,10
1932,ILA,11,0,11
1932,JENNIE,45,0,45
1932,ISABELL,18,0,18
1932,JESSIE,74,0,74
1932,LEAH,8,0,8
1932,LEA,8,0,8
1932,LAURETTE,8,0,8
1932,LAURETTA,9,0,9
1932,LAUREL,7,0,7
1932,LAURA,84,0,84
1932,KENNETH,664,658,6
1932,KATIE,9,0,9
1932,LEILA,12,0,12
1932,KATHRYN,28,0,28
1932,KATHERINE,38,0,38
1932,KATHELEEN,6,0,6
1932,KATHARINE,15,0,15
1932,KATHALEEN,10,0,10
1932,JUNE,379,0,379
1932,JULIA,40,0,40
1932,JUDITH,35,0,35
1932,JUANITA,15,0,15
1932,KATHLEEN,196,0,196
1932,LENA,36,0,36
1932,LENORA,7,0,7
1932,LENORE,13,0,13
1932,LORRAINE,105,0,105
1932,LORNA,96,0,96
1932,LORETTA,43,0,43
1932,LORENE,6,0,6
1932,LORENA,9,0,9
1932,LOREEN,10,0,10
1932,LORAINE,29,0,29
1932,LOLA,18,0,18
1932,LOIS,324,0,324
1932,LINDA,7,0,7
1932,LILY,34,0,34
1932,LILLY,12,0,12
1932,LILLIE,6,0,6
1932,LILLIAN,176,0,176
1932,LILIAN,27,0,27
1932,LILA,23,0,23
1932,LEONE,6,0,6
1932,LEONA,58,0,58
1932,LEOLA,6,0,6
1932,JOYCE,423,0,423
1932,JENNY,8,0,8
1932,JOY,30,0,30
1932,JOSEPHINE,80,0,80
1932,JOAN,911,0,911
1932,JOANN,6,0,6
1932,JOANNE,34,0,34
1932,JOHN,2213,2192,21
1932,JOSEPH,2815,2769,46
1933,ARMAND,11,11,0
1933,ARNOLD,58,58,0
1933,ARTHUR,265,265,0
1933,AUGUSTUS,5,5,0
1933,AUSTIN,13,13,0
1933,BABE,7,7,0
1933,BARRY,51,51,0
1933,ABRAHAM,12,12,0
1933,BERNARD,110,110,0
1933,BERT,10,10,0
1933,BERTRAM,8,8,0
1933,BILL,6,6,0
1933,BILLIE,9,9,0
1933,BILLY,7,7,0
1933,BLAKE,6,6,0
1933,BASIL,22,22,0
1933,BENJAMIN,17,17,0
1933,ARCHIE,12,12,0
1933,ANTONIO,15,15,0
1933,ADAM,5,5,0
1933,ALAN,88,88,0
1933,ALBERT,271,271,0
1933,ALDO,5,5,0
1933,ALEX,12,12,0
1933,ALEXANDER,110,110,0
1933,ALFRED,115,115,0
1933,ALLAN,176,176,0
1933,ARCHIBALD,15,15,0
1933,ALLEN,69,69,0
1933,ALVIN,59,59,0
1933,ANDRE,8,8,0
1933,ANDREW,66,66,0
1933,ANGELO,5,5,0
1933,BOBBY,6,6,0
1933,ANGUS,19,19,0
1933,ANTHONY,47,47,0
1933,ANTOINE,5,5,0
1933,ALPHONSE,12,12,0
1933,AUBREY,6,6,0
1933,ANNABELLE,8,0,8
1933,ADELE,11,0,11
1933,CATHARINE,26,0,26
1933,CAROLYN,35,0,35
1933,CAROLINE,31,0,31
1933,CAROLINA,8,0,8
1933,CAROLE,35,0,35
1933,CAROL,95,7,88
1933,CATHERINE,158,0,158
1933,CARMEN,21,5,16
1933,CARMEL,15,0,15
1933,BRIDGET,6,0,6
1933,BONNIE,8,0,8
1933,BLANCHE,35,0,35
1933,BEVERLY,109,21,88
1933,BEVERLEY,166,19,147
1933,CARMELLA,6,0,6
1933,BEULAH,13,0,13
1933,CECELIA,10,0,10
1933,CECILIA,12,0,12
1933,DAISY,12,0,12
1933,BRADLEY,7,7,0
1933,CYNTHIA,7,0,7
1933,CORINNE,9,0,9
1933,CORA,14,0,14
1933,CONSTANCE,62,0,62
1933,CECILE,11,0,11
1933,COLLEEN,31,0,31
1933,CLARE,30,24,6
1933,CLARA,70,0,70
1933,CLAIRE,46,8,38
1933,CHRISTINE,7,0,7
1933,CHRISTINA,36,0,36
1933,CHARLOTTE,46,0,46
1933,CLAUDETTE,11,0,11
1933,BETTY,501,0,501
1933,BESSIE,30,0,30
1933,BERYL,23,0,23
1933,ANGELA,26,0,26
1933,AMY,19,0,19
1933,AMELIA,15,0,15
1933,ALMA,50,0,50
1933,ALINE,9,0,9
1933,ALICE,221,0,221
1933,ANGELINA,7,0,7
1933,ALFREDA,6,0,6
1933,ALBERTA,15,0,15
1933,AILEEN,27,0,27
1933,AGNES,93,0,93
1933,AGATHA,6,0,6
1933,ADRIENNE,16,0,16
1933,ADELINE,6,0,6
1933,ALEXANDRA,7,0,7
1933,ANITA,56,0,56
1933,ANN,94,0,94
1933,ANNA,171,0,171
1933,BERTHA,52,0,52
1933,BERNICE,109,0,109
1933,BERNADETTE,19,0,19
1933,BELLA,7,0,7
1933,BEATRICE,118,0,118
1933,BARBRA,11,0,11
1933,BARBARA,941,0,941
1933,BABY,444,250,194
1933,AUDRY,12,0,12
1933,AUDREY,280,0,280
1933,ARLIE,6,0,6
1933,ARLENE,33,0,33
1933,ANNIE,173,0,173
1933,ANNETTE,27,0,27
1933,ANNE,112,0,112
1933,ADA,23,0,23
1933,BRIAN,21,21,0
1933,MARJORY,42,0,42
1933,BRUNO,7,7,0
1933,GIOVANNI,5,5,0
1933,GLEN,86,86,0
1933,GLENDON,6,6,0
1933,GLENN,70,70,0
1933,GORDEN,13,13,0
1933,GORDON,431,431,0
1933,GRAHAM,23,23,0
1933,GILBERT,44,44,0
1933,GRANT,43,43,0
1933,GUY,17,17,0
1933,HARLEY,7,7,0
1933,HAROLD,350,350,0
1933,HARRIS,5,5,0
1933,HARRY,192,192,0
1933,HARVEY,106,106,0
1933,HECTOR,15,15,0
1933,GREGORY,17,17,0
1933,HENRI,7,7,0
1933,GERMAIN,5,5,0
1933,GERALD,395,395,0
1933,FRANK,188,188,0
1933,FRANKLIN,43,43,0
1933,FRED,27,27,0
1933,FREDERIC,10,10,0
1933,FREDERICK,289,289,0
1933,FREDRICK,61,61,0
1933,GABRIEL,5,5,0
1933,GERARD,33,33,0
1933,GARFIELD,10,10,0
1933,GARRY,21,21,0
1933,GARTH,14,14,0
1933,GARY,64,64,0
1933,GASTON,5,5,0
1933,GENE,5,5,0
1933,GEOFFREY,6,6,0
1933,GEORGE,855,855,0
1933,GARNET,40,40,0
1933,FRANCOIS,7,7,0
1933,HENRY,125,125,0
1933,HERMAN,14,14,0
1933,JOE,12,12,0
1933,JOEL,7,7,0
1933,JOHNNY,5,5,0
1933,JOS,48,48,0
1933,JOSPEH,7,7,0
1933,JULES,6,6,0
1933,JULIAN,6,6,0
1933,JIMMY,5,5,0
1933,JUNIOR,10,10,0
1933,KEITH,111,111,0
1933,KENETH,9,9,0
1933,KENNETH,682,682,0
1933,KEVIN,8,8,0
1933,LARRY,26,26,0
1933,LAURENCE,21,21,0
1933,DARLENE,11,0,11
1933,KARL,15,15,0
1933,HERBERT,110,110,0
1933,JESSE,5,5,0
1933,JEROME,21,21,0
1933,HORACE,10,10,0
1933,HOWARD,151,151,0
1933,HUBERT,22,22,0
1933,HUGH,96,96,0
1933,IAN,42,42,0
1933,IRVIN,7,7,0
1933,IRVING,12,12,0
1933,JERRY,20,20,0
1933,IRWIN,10,10,0
1933,IVAN,58,58,0
1933,J,22,22,0
1933,JACK,183,183,0
1933,JACKIE,13,13,0
1933,JACOB,21,21,0
1933,JACQUES,9,9,0
1933,JAMES,1275,1275,0
1933,ISAAC,10,10,0
1933,FRANCESCO,7,7,0
1933,FLOYD,52,52,0
1933,FERNAND,14,14,0
1933,CLIFFORD,103,103,0
1933,CLIFTON,8,8,0
1933,CLINTON,9,9,0
1933,CLIVE,5,5,0
1933,COLIN,22,22,0
1933,CONRAD,16,16,0
1933,CORNELIUS,6,6,0
1933,CLAYTON,35,35,0
1933,CRAIG,8,8,0
1933,DALE,16,16,0
1933,DALTON,14,14,0
1933,DAN,5,5,0
1933,DANIEL,73,73,0
1933,DARRELL,6,6,0
1933,DAVID,452,452,0
1933,DEAN,7,7,0
1933,CYRIL,26,26,0
1933,DELBERT,12,12,0
1933,CLAUDE,23,23,0
1933,CLARKE,6,6,0
1933,BRYAN,10,10,0
1933,BUDDY,5,5,0
1933,BURTON,12,12,0
1933,BYRON,6,6,0
1933,CALVIN,32,32,0
1933,CAMERON,9,9,0
1933,CAMPBELL,5,5,0
1933,CLAUD,6,6,0
1933,CARL,130,130,0
1933,CECIL,64,64,0
1933,CHARLES,525,525,0
1933,CHARLIE,10,10,0
1933,CHESTER,14,14,0
1933,CHRISTOPHER,11,11,0
1933,CLARANCE,5,5,0
1933,CLARENCE,99,99,0
1933,CARMAN,20,20,0
1933,DELMER,9,9,0
1933,DENIS,21,21,0
1933,DENNIS,50,50,0
1933,ELLIS,5,5,0
1933,ELLWOOD,8,8,0
1933,ELMER,46,46,0
1933,ELWIN,5,5,0
1933,ELWOOD,13,13,0
1933,EMERSON,9,9,0
1933,EMERY,8,8,0
1933,ELGIN,8,8,0
1933,EMIL,8,8,0
1933,ERIC,64,64,0
1933,ERNEST,144,144,0
1933,ERVIN,6,6,0
1933,ERWIN,5,5,0
1933,EUGENE,52,52,0
1933,EVAN,8,8,0
1933,EVERETT,13,13,0
1933,EMILE,13,13,0
1933,ELDON,14,14,0
1933,ELDEN,7,7,0
1933,EDWIN,88,88,0
1933,DESMOND,14,14,0
1933,DINO,10,10,0
1933,DOMINIC,8,8,0
1933,DON,12,12,0
1933,DONALD,1512,1512,0
1933,DOUGLAS,434,434,0
1933,DUANE,5,5,0
1933,DUNCAN,19,19,0
1933,EARL,116,116,0
1933,EARLE,9,9,0
1933,EARNEST,21,21,0
1933,EDDIE,10,10,0
1933,EDDY,5,5,0
1933,EDGAR,30,30,0
1933,EDMOND,15,15,0
1933,EDMUND,29,29,0
1933,EDWARD,486,486,0
1933,BRUCE,204,204,0
1933,DAWN,18,0,18
1933,MARIANNE,12,0,12
1933,DELORES,33,0,33
1933,MYRA,11,0,11
1933,MURIEL,158,0,158
1933,MONICA,17,0,17
1933,MONA,31,0,31
1933,MOLLY,6,0,6
1933,MOIRA,9,0,9
1933,MIRIAM,21,0,21
1933,MYRNA,19,0,19
1933,MINNIE,21,0,21
1933,MILLICENT,6,0,6
1933,MILDRED,139,0,139
1933,MERNA,6,0,6
1933,MERLE,17,8,9
1933,MELVA,7,0,7
1933,MELBA,7,0,7
1933,MAY,44,0,44
1933,MINERVA,6,0,6
1933,MAXINE,24,0,24
1933,MYRTLE,40,0,40
1933,NANCY,154,0,154
1933,OLIVE,61,0,61
1933,OLGA,48,0,48
1933,OLA,6,0,6
1933,NORMA,247,0,247
1933,NORINE,10,0,10
1933,NORENE,8,0,8
1933,NOREEN,47,0,47
1933,NADINE,7,0,7
1933,NORAH,15,0,15
1933,NOLA,6,0,6
1933,NOELLA,6,0,6
1933,NINA,25,0,25
1933,NETTIE,7,0,7
1933,NELLIE,27,0,27
1933,NATALIE,10,0,10
1933,NAOMI,12,0,12
1933,NORA,60,0,60
1933,ORMA,8,0,8
1933,MAVIS,17,0,17
1933,MAUD,6,0,6
1933,MARCELLA,11,0,11
1933,MAE,10,0,10
1933,MADGE,6,0,6
1933,MADELINE,35,0,35
1933,MADELEINE,12,0,12
1933,MABLE,11,0,11
1933,MABEL,48,0,48
1933,MARCIA,15,0,15
1933,M,16,0,16
1933,LUELLA,20,0,20
1933,LUCY,28,0,28
1933,LUCILLE,33,0,33
1933,LUCILE,9,0,9
1933,LOUISE,47,0,47
1933,LOUISA,12,0,12
1933,LOUIS,87,80,7
1933,LYDIA,9,0,9
1933,MAUREEN,47,0,47
1933,MARGARET,1090,5,1085
1933,MARGERY,21,0,21
1933,MATILDA,10,0,10
1933,MARY,2074,10,2064
1933,MARTHA,49,0,49
1933,MARLYN,12,0,12
1933,MARLENE,118,0,118
1933,MARJORIE,258,0,258
1933,MARION,403,0,403
1933,MARGERET,6,0,6
1933,MARILYNN,16,0,16
1933,MARIE,2008,6,2002
1933,LAURENT,5,5,0
1933,MARIAN,67,0,67
1933,MARIA,71,0,71
1933,MARGUERITE,78,0,78
1933,MARGRET,28,0,28
1933,MARGOT,6,0,6
1933,MARILYN,342,0,342
1933,LOTTIE,6,0,6
1933,PAMELA,9,0,9
1933,PATRICA,10,0,10
1933,VERA,99,0,99
1933,VELMA,59,0,59
1933,VELDA,7,0,7
1933,VALERIE,33,0,33
1933,UNA,12,0,12
1933,THORA,6,0,6
1933,THERESE,35,0,35
1933,VERLA,10,0,10
1933,THERESA,97,0,97
1933,TERESA,34,0,34
1933,SYLVIA,117,0,117
1933,SYBIL,10,0,10
1933,SUZANNE,12,0,12
1933,SUSAN,33,0,33
1933,STELLA,62,0,62
1933,SOPHIE,7,0,7
1933,THELMA,97,0,97
1933,SOPHIA,8,0,8
1933,VERNA,92,0,92
1933,VICTORIA,30,0,30
1933,ZELDA,6,0,6
1933,YVONNE,76,0,76
1933,YVETTE,13,0,13
1933,WINONA,7,0,7
1933,WINNIFRED,40,0,40
1933,WINIFRED,26,0,26
1933,WILMA,77,0,77
1933,VERONICA,25,0,25
1933,WILLIAM,1982,1969,13
1933,WILDA,11,0,11
1933,WENDY,7,0,7
1933,WANDA,27,0,27
1933,VIVIAN,65,0,65
1933,VIRGINIA,56,0,56
1933,VIOLET,92,0,92
1933,VIOLA,37,0,37
1933,WILLA,12,0,12
1933,PANSY,7,0,7
1933,SIMONE,6,0,6
1933,SHIRLEY,825,0,825
1933,RHEA,10,0,10
1933,RETA,66,0,66
1933,RENA,7,0,7
1933,REBECCA,8,0,8
1933,RAMONA,6,0,6
1933,PRISCILLA,9,0,9
1933,PHYLLIS,140,0,140
1933,RHODA,16,0,16
1933,PHYLISS,7,0,7
1933,PHILLIS,9,0,9
1933,PEGGY,17,0,17
1933,PEARL,36,0,36
1933,PAULINE,81,0,81
1933,PAULA,9,0,9
1933,PATSY,11,0,11
1933,PATRICIA,481,0,481
1933,PHYLIS,19,0,19
1933,SHIRLY,7,0,7
1933,RITA,84,0,84
1933,ROBERTA,34,0,34
1933,SHIELA,8,0,8
1933,SHEILA,130,0,130
1933,SHARON,9,0,9
1933,SELINA,6,0,6
1933,SARAH,53,0,53
1933,SANDRA,19,0,19
1933,SALLY,24,0,24
1933,ROBERT,1707,1700,7
1933,SADIE,10,0,10
1933,RUBY,73,0,73
1933,ROSIE,19,0,19
1933,ROSEMARY,32,0,32
1933,ROSEMARIE,8,0,8
1933,ROSE,136,0,136
1933,ROSALIE,12,0,12
1933,ROSA,12,0,12
1933,RUTH,370,0,370
1933,LORRAINE,78,0,78
1933,LORNA,83,0,83
1933,LORETTA,52,0,52
1933,FRANCIS,253,195,58
1933,FRANCES,225,15,210
1933,FLORENCE,184,0,184
1933,FLORA,16,0,16
1933,FERN,13,0,13
1933,FAYE,10,0,10
1933,FAY,27,0,27
1933,FREDA,38,0,38
1933,FAITH,10,0,10
1933,EVELYN,207,0,207
1933,EVA,86,0,86
1933,EUNICE,40,0,40
1933,ETTA,10,0,10
1933,ETHEL,100,0,100
1933,ESTHER,38,0,38
1933,ESTER,6,0,6
1933,EVELYNE,6,0,6
1933,ESTELLE,7,0,7
1933,GENEVIEVE,14,0,14
1933,GEORGETTE,18,0,18
1933,GWENDOLYNE,6,0,6
1933,GWENDOLYN,58,0,58
1933,GWENDOLINE,6,0,6
1933,GRETA,23,0,23
1933,GRACE,154,0,154
1933,GOLDIE,14,0,14
1933,GLORIA,140,0,140
1933,GEORGENA,8,0,8
1933,GLENNA,27,0,27
1933,GLADYS,121,0,121
1933,GILDA,7,0,7
1933,GERTRUDE,77,0,77
1933,GERMAINE,15,0,15
1933,GERALDINE,91,0,91
1933,GEORGINA,62,0,62
1933,GEORGIA,12,0,12
1933,GLENDA,11,0,11
1933,GWYNETH,9,0,9
1933,ERMA,20,0,20
1933,ENID,16,0,16
1933,EDNA,115,0,115
1933,EDITH,174,0,174
1933,EDA,6,0,6
1933,DORTHY,32,0,32
1933,DOROTHY,654,0,654
1933,DOROTHEA,15,0,15
1933,DORINE,12,0,12
1933,EDYTHE,8,0,8
1933,DOREEN,274,0,274
1933,DONNA,219,0,219
1933,DONALDA,19,0,19
1933,DONA,24,0,24
1933,DOLORES,75,0,75
1933,DIANE,43,0,43
1933,DIANA,39,0,39
1933,DENISE,14,0,14
1933,DORA,31,0,31
1933,ERLA,6,0,6
1933,EILA,11,0,11
1933,ELAINE,70,0,70
1933,EMMA,28,0,28
1933,EMILY,26,0,26
1933,ELVA,41,0,41
1933,ELSIE,154,0,154
1933,ELSA,6,0,6
1933,ELMA,12,0,12
1933,ELLEN,76,0,76
1933,EILEEN,114,0,114
1933,ELLA,43,0,43
1933,ELIZABETH,450,0,450
1933,ELIZA,9,0,9
1933,ELISABETH,8,0,8
1933,ELINOR,25,0,25
1933,ELENOR,9,0,9
1933,ELEANORE,8,0,8
1933,ELEANOR,208,0,208
1933,ELIZEBETH,15,0,15
1933,HANNAH,8,0,8
1933,HARRIET,11,0,11
1933,HAZEL,83,0,83
1933,KAY,7,0,7
1933,KATIE,8,0,8
1933,KATHRYN,20,0,20
1933,KATHLEEN,177,0,177
1933,KATHERINE,47,0,47
1933,KATHARINE,14,0,14
1933,KATHALEEN,8,0,8
1933,KEITHA,9,0,9
1933,JUNE,330,0,330
1933,JUDITH,30,0,30
1933,JOYCE,366,0,366
1933,JOY,34,0,34
1933,JOSEPHINE,68,0,68
1933,JOSEPH,2592,2580,12
1933,JOHN,2211,2199,12
1933,JOCELYN,7,0,7
1933,JULIA,35,0,35
1933,JOANNE,34,0,34
1933,LAURA,88,0,88
1933,LENORA,13,0,13
1933,LOREEN,6,0,6
1933,LORAINE,14,0,14
1933,LOLA,15,0,15
1933,LOIS,308,0,308
1933,LINDA,9,0,9
1933,LINA,7,0,7
1933,LILY,25,0,25
1933,LENA,16,0,16
1933,LILLY,8,0,8
1933,LILLIAN,177,0,177
1933,LILIAN,25,0,25
1933,LILA,15,0,15
1933,LEONE,8,0,8
1933,LEONA,55,0,55
1933,LEOLA,9,0,9
1933,LENORE,15,0,15
1933,LILLIE,6,0,6
1933,JOAN,905,5,900
1933,JESSIE,62,0,62
1933,JENNY,8,0,8
1933,IRIS,34,0,34
1933,IRENE,242,0,242
1933,IONA,8,0,8
1933,INFANT,80,44,36
1933,INEZ,13,0,13
1933,INA,19,0,19
1933,ILENE,19,0,19
1933,IRMA,27,0,27
1933,ILA,10,0,10
1933,HILDA,66,0,66
1933,HENRIETTA,8,0,8
1933,HELLEN,10,0,10
1933,HELENE,20,0,20
1933,HELENA,20,0,20
1933,HELEN,705,0,705
1933,HEATHER,13,0,13
1933,IDA,55,0,55
1933,ISABEL,51,0,51
1933,ISABELL,10,0,10
1933,ISABELLA,22,0,22
1933,JENNIE,33,0,33
1933,JEANNINE,17,0,17
1933,JEANNETTE,26,0,26
1933,JEANNE,34,0,34
1933,JEANINE,6,0,6
1933,JEANETTE,38,0,38
1933,JEAN,518,75,443
1933,JAQUELINE,9,0,9
1933,JANICE,12,0,12
1933,JANETTE,12,0,12
1933,JANET,128,0,128
1933,JANE,79,0,79
1933,JACQUELINE,105,0,105
1933,IVY,18,0,18
1933,IVA,13,0,13
1933,ISOBEL,39,0,39
1933,ISABELLE,22,0,22
1933,DELLA,15,0,15
1933,LAURIE,5,5,0
1933,DORIS,294,0,294
1933,LAWRANCE,5,5,0
1933,ROWLAND,7,7,0
1933,ROY,213,213,0
1933,RUDOLF,8,8,0
1933,RUDOLPH,16,16,0
1933,RUSSEL,25,25,0
1933,RUSSELL,73,73,0
1933,SALVATORE,5,5,0
1933,SAM,11,11,0
1933,SAMUEL,69,69,0
1933,SAUL,6,6,0
1933,SEYMOUR,6,6,0
1933,SHELDON,8,8,0
1933,SIDNEY,40,40,0
1933,SIMEON,5,5,0
1933,SIMON,8,8,0
1933,ROSS,140,140,0
1933,STANLEY,194,194,0
1933,RONALD,989,989,0
1933,ROMAN,6,6,0
1933,RAPHAEL,5,5,0
1933,RAY,37,37,0
1933,RAYMOND,273,273,0
1933,REAL,7,7,0
1933,REGINALD,90,90,0
1933,REINO,6,6,0
1933,RENE,31,31,0
1933,RICHARD,347,347,0
1933,RODERICK,14,14,0
1933,RODGER,6,6,0
1933,RODNEY,16,16,0
1933,RODOLPHE,6,6,0
1933,ROGER,95,95,0
1933,ROLAND,40,40,0
1933,ROLLAND,5,5,0
1933,ROMEO,14,14,0
1933,RAMON,10,10,0
1933,STEFAN,7,7,0
1933,STERLING,6,6,0
1933,WAYNE,28,28,0
1933,WESLEY,31,31,0
1933,WILBERT,25,25,0
1933,WILBUR,8,8,0
1933,WILBURN,5,5,0
1933,WILFORD,7,7,0
1933,WILFRED,109,109,0
1933,WILFRID,15,15,0
1933,WILLARD,19,19,0
1933,WILLIE,6,6,0
1933,WILLIS,15,15,0
1933,WILMER,8,8,0
1933,WILSON,13,13,0
1933,WRAY,8,8,0
1933,LAVERNE,13,13,0
1933,WARREN,40,40,0
1933,STEPHEN,37,37,0
1933,WALTER,236,236,0
1933,VINCENT,55,55,0
1933,STEVE,17,17,0
1933,STEWART,34,34,0
1933,STUART,30,30,0
1933,SYDNEY,20,20,0
1933,SYLVESTER,6,6,0
1933,TEDDY,9,9,0
1933,TERENCE,16,16,0
1933,TERRANCE,16,16,0
1933,TERRENCE,19,19,0
1933,THEODORE,33,33,0
1933,THOMAS,458,458,0
1933,TONY,9,9,0
1933,TREVOR,7,7,0
1933,VERNON,50,50,0
1933,VICTOR,84,84,0
1933,WALLACE,35,35,0
1933,RALPH,154,154,0
1933,VERNE,5,5,0
1933,PIETRO,5,5,0
1933,LUCIEN,8,8,0
1933,LUIGI,12,12,0
1933,LYLE,32,32,0
1933,MALCOLM,36,36,0
1933,MARCEL,22,22,0
1933,MARIO,6,6,0
1933,MARK,10,10,0
1933,MARSHALL,13,13,0
1933,MARTIN,51,51,0
1933,MARVIN,46,46,0
1933,MATHEW,5,5,0
1933,MATTHEW,10,10,0
1933,MAURICE,85,85,0
1933,MAX,8,8,0
1933,MAXWELL,13,13,0
1933,LOYD,11,11,0
1933,MAYNARD,5,5,0
1933,LOWELL,7,7,0
1933,LLOYD,115,115,0
1933,LAWRENCE,181,181,0
1933,RAE,8,8,0
1933,LEE,5,5,0
1933,LENARD,14,14,0
1933,LENNARD,5,5,0
1933,LEO,87,87,0
1933,LEON,19,19,0
1933,LEONARD,174,174,0
1933,LEONEL,5,5,0
1933,LEROY,15,15,0
1933,LESLIE,64,64,0
1933,LEWIS,37,37,0
1933,LINDSAY,5,5,0
1933,LINO,5,5,0
1933,LIONEL,30,30,0
1933,LORNE,104,104,0
1933,MELVILLE,26,26,0
1933,LESTER,10,10,0
1933,MERVIN,34,34,0
1933,NOT,9,9,0
1933,OLIVER,25,25,0
1933,OMER,7,7,0
1933,ORVAL,14,14,0
1933,ORVILLE,24,24,0
1933,OSCAR,21,21,0
1933,OSWALD,8,8,0
1933,OWEN,8,8,0
1933,PIERRE,9,9,0
1933,PAUL,257,257,0
1933,PERCY,27,27,0
1933,PETER,220,220,0
1933,PHILIP,64,64,0
1933,MELVIN,53,53,0
1933,PHILLIP,14,14,0
1933,NORMAN,313,313,0
1933,NORBERT,6,6,0
1933,PATRICK,101,101,0
1933,NICOLA,7,7,0
1933,MICHAEL,146,146,0
1933,MERVYN,16,16,0
1933,NOEL,13,13,0
1933,MICHEAL,11,11,0
1933,MIKE,17,17,0
1933,MITCHELL,7,7,0
1933,MORLEY,23,23,0
1933,MORRIS,41,41,0
1933,MILTON,26,26,0
1933,MURRAY,135,135,0
1933,NEAL,6,6,0
1933,NICK,11,11,0
1933,NEIL,61,61,0
1933,NELSON,24,24,0
1933,MORTON,6,6,0
1933,NICHOLAS,10,10,0
1934,DOROTHY,572,0,572
1934,DOROTHEA,8,0,8
1934,DORIS,275,0,275
1934,DORENE,6,0,6
1934,DORINE,6,0,6
1934,DOREEN,238,0,238
1934,DORA,28,0,28
1934,DORTHY,27,0,27
1934,DONNA,264,0,264
1934,DONELDA,6,0,6
1934,EDITH,170,0,170
1934,ELDA,9,0,9
1934,EDYTHE,7,0,7
1934,EFFIE,9,0,9
1934,EILA,8,0,8
1934,EILEEN,95,0,95
1934,ELAINE,70,0,70
1934,ELEANOR,191,0,191
1934,ELENOR,10,0,10
1934,ELINOR,17,0,17
1934,ELIZABETH,463,0,463
1934,ELIZEBETH,18,0,18
1934,ELLA,29,0,29
1934,EDNA,98,0,98
1934,DONALDA,10,0,10
1934,CORINNE,8,0,8
1934,DONA,30,0,30
1934,CHRISTINA,35,0,35
1934,ELLEN,79,0,79
1934,CHRISTINE,12,0,12
1934,CLAIRE,40,7,33
1934,CLARA,63,0,63
1934,CLAUDETTE,11,0,11
1934,CLAUDIA,9,0,9
1934,COLETTE,6,0,6
1934,COLLEEN,24,0,24
1934,CONSTANCE,87,0,87
1934,CORA,8,0,8
1934,DONALD,1298,1285,13
1934,CYNTHIA,10,0,10
1934,DARLENE,12,0,12
1934,DAWN,12,0,12
1934,DELLA,16,0,16
1934,DELORES,26,0,26
1934,DELORIS,7,0,7
1934,DELPHINE,6,0,6
1934,DENISE,8,0,8
1934,DIANA,22,0,22
1934,DIANE,44,0,44
1934,DIANNE,19,0,19
1934,DOLORES,65,0,65
1934,DAISY,16,0,16
1934,ELMA,9,0,9
1934,GERALDINE,71,0,71
1934,ELVA,11,0,11
1934,GENEVIEVE,14,0,14
1934,GEORGE,848,842,6
1934,GEORGETTE,11,0,11
1934,GEORGIA,10,0,10
1934,GEORGINA,53,0,53
1934,GERMAINE,8,0,8
1934,GERTRUDE,70,0,70
1934,GISELE,6,0,6
1934,GLADYS,135,0,135
1934,GLENDA,21,0,21
1934,GLENNA,25,0,25
1934,GLORIA,139,0,139
1934,GOLDIE,6,0,6
1934,GRACE,134,0,134
1934,GRETA,17,0,17
1934,GWENDOLYN,66,0,66
1934,GWENDOLYNE,6,0,6
1934,GWENYTH,6,0,6
1934,GWYNETH,10,0,10
1934,HANNAH,14,0,14
1934,HARRIET,10,0,10
1934,HAZEL,97,0,97
1934,CHARLOTTE,39,0,39
1934,GAIL,12,0,12
1934,FREDA,37,0,37
1934,FRANCOISE,7,0,7
1934,FRANCIS,229,181,48
1934,EMILY,36,0,36
1934,EMMA,37,0,37
1934,ENA,7,0,7
1934,ENID,8,0,8
1934,ERMA,21,0,21
1934,ESTELLA,6,0,6
1934,ESTER,9,0,9
1934,ESTHER,49,0,49
1934,ETHEL,87,0,87
1934,EUNICE,28,0,28
1934,EVA,74,0,74
1934,ELSIE,114,0,114
1934,EVANGELINE,8,0,8
1934,EVELYN,222,0,222
1934,FAITH,7,0,7
1934,FAY,29,0,29
1934,FAYE,13,0,13
1934,FEMALE,7,0,7
1934,FERN,26,0,26
1934,FERNANDE,7,0,7
1934,FLORA,19,0,19
1934,FLORANCE,9,0,9
1934,FLORENCE,215,0,215
1934,FRANCES,229,15,214
1934,EVELINE,9,0,9
1934,CECILIA,10,0,10
1934,WARREN,33,33,0
1934,CECELIA,6,0,6
1934,UNNAMED,5,5,0
1934,VERNE,5,5,0
1934,VERNON,51,51,0
1934,VICTOR,99,99,0
1934,VINCENT,37,37,0
1934,WALLACE,34,34,0
1934,WALTER,244,244,0
1934,HEATHER,16,0,16
1934,WAYNE,55,55,0
1934,WESLEY,27,27,0
1934,WILBERT,26,26,0
1934,TONY,5,5,0
1934,WILBUR,6,6,0
1934,WILFRID,16,16,0
1934,WILLARD,22,22,0
1934,WILLIS,13,13,0
1934,WILMER,10,10,0
1934,WILSON,6,6,0
1934,WINSTON,8,8,0
1934,WM,14,14,0
1934,WRAY,5,5,0
1934,YVON,5,5,0
1934,ADA,32,0,32
1934,ADELE,11,0,11
1934,WILFRED,78,78,0
1934,ADELINE,13,0,13
1934,TOM,5,5,0
1934,THOMAS,505,505,0
1934,RUDOLPH,8,8,0
1934,RUSSEL,23,23,0
1934,RUSSELL,81,81,0
1934,SALVATORE,5,5,0
1934,SAM,8,8,0
1934,SAMUEL,68,68,0
1934,SCOTT,5,5,0
1934,SHELDON,11,11,0
1934,SHERMAN,8,8,0
1934,SIDNEY,29,29,0
1934,SIMON,5,5,0
1934,TIMOTHY,5,5,0
1934,STANLEY,172,172,0
1934,STEPHEN,40,40,0
1934,STEVE,14,14,0
1934,STEVEN,8,8,0
1934,STEWART,34,34,0
1934,STUART,37,37,0
1934,SYDNEY,19,19,0
1934,TERENCE,18,18,0
1934,TERRANCE,16,16,0
1934,TERRENCE,19,19,0
1934,TERRY,8,8,0
1934,THEODORE,31,31,0
1934,STEPHAN,6,6,0
1934,CECILE,25,0,25
1934,ADRIENNE,11,0,11
1934,AILEEN,19,0,19
1934,BEATRICE,100,0,100
1934,BERNADETTE,19,0,19
1934,BERNICE,111,0,111
1934,BERTHA,32,0,32
1934,BERYL,12,0,12
1934,BESSIE,26,0,26
1934,BETTE,10,0,10
1934,BETTY,418,0,418
1934,BEULAH,14,0,14
1934,BEVERLEY,177,24,153
1934,BEVERLY,145,18,127
1934,BARBRA,9,0,9
1934,BIRDIE,6,0,6
1934,BONNIE,12,0,12
1934,CARMEL,8,0,8
1934,CARMEN,16,9,7
1934,CAROL,166,7,159
1934,CAROLE,58,0,58
1934,CAROLINA,6,0,6
1934,CAROLINE,31,0,31
1934,CAROLYN,42,0,42
1934,CATHARINE,36,0,36
1934,CATHERINE,150,0,150
1934,CATHRINE,6,0,6
1934,BLANCHE,22,0,22
1934,AGNES,95,0,95
1934,BARBARA,908,6,902
1934,BABE,7,0,7
1934,ALBERTA,18,0,18
1934,ALDA,6,0,6
1934,ALEXANDRA,6,0,6
1934,ALFREDA,13,0,13
1934,ALICE,211,0,211
1934,ALISON,7,0,7
1934,ALMA,40,0,40
1934,ALTA,7,0,7
1934,AMELIA,10,0,10
1934,AMY,16,0,16
1934,ANGELA,12,0,12
1934,BABY,411,243,168
1934,ANGELINE,8,0,8
1934,ANN,122,0,122
1934,ANNA,165,0,165
1934,ANNABELLE,8,0,8
1934,ANNE,112,0,112
1934,ANNETTE,26,0,26
1934,ANNIE,146,0,146
1934,ARLEEN,6,0,6
1934,ARLENE,78,0,78
1934,ARLINE,7,0,7
1934,AUDREY,272,0,272
1934,AUDRY,12,0,12
1934,ANITA,31,0,31
1934,HELEN,684,0,684
1934,LILLY,6,0,6
1934,HELENE,15,0,15
1934,NELLIE,19,0,19
1934,NETTIE,8,0,8
1934,NINA,20,0,20
1934,NORA,37,0,37
1934,NORAH,15,0,15
1934,NOREEN,28,0,28
1934,NORMA,244,0,244
1934,OLGA,58,0,58
1934,OLIVE,58,0,58
1934,ORMA,6,0,6
1934,PAMELA,7,0,7
1934,PATRICIA,586,0,586
1934,PATSY,12,0,12
1934,PAULINE,78,0,78
1934,PEARL,40,0,40
1934,PEGGY,15,0,15
1934,PHYLIS,20,0,20
1934,PHYLISS,6,0,6
1934,PHYLLIS,146,0,146
1934,RACHEL,12,0,12
1934,REBECCA,7,0,7
1934,RENA,14,0,14
1934,RETA,59,0,59
1934,NELDA,8,0,8
1934,NANCY,154,0,154
1934,NADINE,6,0,6
1934,MYRTLE,39,0,39
1934,MARINA,47,0,47
1934,MARION,345,0,345
1934,MARJORIE,234,0,234
1934,MARJORY,44,0,44
1934,MARLENE,133,0,133
1934,MARLYN,14,0,14
1934,MARTHA,40,0,40
1934,MARY,2031,10,2021
1934,MARYLIN,6,0,6
1934,MAUREEN,51,0,51
1934,MAVIS,22,0,22
1934,RHEA,9,0,9
1934,MAXINE,23,0,23
1934,MELBA,6,0,6
1934,MERILYN,14,0,14
1934,MERLE,18,6,12
1934,MILDRED,127,0,127
1934,MIRIAM,29,0,29
1934,MOLLY,10,0,10
1934,MONA,22,0,22
1934,MONICA,12,0,12
1934,MURIEL,126,0,126
1934,MYRA,9,0,9
1934,MYRNA,36,0,36
1934,MAY,44,0,44
1934,RHODA,12,0,12
1934,RITA,94,0,94
1934,ROBERT,1677,1670,7
1934,TERESA,37,0,37
1934,THELMA,71,0,71
1934,THERESA,94,0,94
1934,THERESE,42,0,42
1934,VALERIE,16,0,16
1934,VELDA,6,0,6
1934,VELMA,49,0,49
1934,VERA,82,0,82
1934,VERNA,82,0,82
1934,VERONICA,17,0,17
1934,VICTORIA,22,0,22
1934,SYLVIA,159,0,159
1934,VIOLA,34,0,34
1934,VIRGINIA,61,0,61
1934,VIVIAN,50,0,50
1934,WANDA,34,0,34
1934,WILDA,11,0,11
1934,WILLIAM,1953,1940,13
1934,WILMA,69,0,69
1934,WINIFRED,25,0,25
1934,WINNIFRED,36,0,36
1934,YOLANDE,6,0,6
1934,YVETTE,11,0,11
1934,YVONNE,96,0,96
1934,VIOLET,104,0,104
1934,MARILYNN,14,0,14
1934,SYBIL,9,0,9
1934,SUSAN,32,0,32
1934,ROBERTA,37,0,37
1934,ROMA,6,0,6
1934,RONALD,957,947,10
1934,ROSA,9,0,9
1934,ROSE,143,0,143
1934,ROSEMARIE,13,0,13
1934,ROSEMARY,34,0,34
1934,ROSIE,18,0,18
1934,ROSINA,8,0,8
1934,RUBY,90,0,90
1934,RUTH,352,0,352
1934,SUZANNE,25,0,25
1934,SADIE,10,0,10
1934,SANDRA,29,0,29
1934,SARA,14,0,14
1934,SARAH,50,0,50
1934,SHEILA,127,0,127
1934,SHIELA,7,0,7
1934,SHIRLEY,1034,8,1026
1934,SHIRLY,8,0,8
1934,SIMONE,6,0,6
1934,SONIA,10,0,10
1934,SONJA,7,0,7
1934,STELLA,58,0,58
1934,SALLY,28,0,28
1934,MARILYN,347,0,347
1934,MARIETTE,8,0,8
1934,MARIELLE,10,0,10
1934,JEAN,509,89,420
1934,JEANETTE,38,0,38
1934,JEANINE,10,0,10
1934,JEANNE,21,0,21
1934,JEANNETTE,11,0,11
1934,JEANNINE,21,0,21
1934,JENNIE,30,0,30
1934,JENNY,7,0,7
1934,JESSIE,64,0,64
1934,JILL,6,0,6
1934,JOAN,917,5,912
1934,JANINA,7,0,7
1934,JOANNA,8,0,8
1934,JOCELYN,8,0,8
1934,JOHN,2140,2120,20
1934,JOSEPH,2599,2585,14
1934,JOSEPHINE,66,0,66
1934,JOY,23,0,23
1934,JOYCE,367,0,367
1934,JUANITA,6,0,6
1934,JUDITH,49,0,49
1934,JULIA,43,0,43
1934,JULIETTE,8,0,8
1934,JUNE,295,0,295
1934,JOANNE,83,0,83
1934,KAREN,7,0,7
1934,JANIE,6,0,6
1934,JANETTE,11,0,11
1934,HELLEN,10,0,10
1934,HENRIETTA,6,0,6
1934,HILDA,44,0,44
1934,IDA,53,0,53
1934,ILA,9,0,9
1934,ILENE,6,0,6
1934,INA,26,0,26
1934,INEZ,19,0,19
1934,INFANT,93,46,47
1934,IONA,6,0,6
1934,IRENE,183,0,183
1934,JANICE,16,0,16
1934,IRIS,35,0,35
1934,ISABEL,50,0,50
1934,ISABELL,10,0,10
1934,ISABELLA,14,0,14
1934,ISABELLE,23,0,23
1934,ISOBEL,24,0,24
1934,IVA,9,0,9
1934,IVY,10,0,10
1934,JACQUELINE,110,0,110
1934,JAMES,1374,1364,10
1934,JANE,64,0,64
1934,JANET,144,0,144
1934,IRMA,20,0,20
1934,HELENA,19,0,19
1934,KATHALEEN,8,0,8
1934,KATHERINE,38,0,38
1934,LUCILLE,22,0,22
1934,LUCY,20,0,20
1934,LUELLA,16,0,16
1934,LYDIA,7,0,7
1934,LYLA,7,0,7
1934,M,11,0,11
1934,MABEL,43,0,43
1934,MABLE,18,0,18
1934,MADELEINE,13,0,13
1934,MADELINE,47,0,47
1934,MAE,14,0,14
1934,LUCIENNE,7,0,7
1934,MARCELLE,8,0,8
1934,MARGARET,1014,5,1009
1934,MARGARETTE,8,0,8
1934,MARGERY,22,0,22
1934,MARGORIE,9,0,9
1934,MARGOT,6,0,6
1934,MARGRET,26,0,26
1934,MARGUERITE,83,0,83
1934,MARIA,58,0,58
1934,MARIAN,59,0,59
1934,MARIANNE,16,0,16
1934,MARIE,1986,15,1971
1934,MARCIA,9,0,9
1934,KATHARINE,15,0,15
1934,LUCIA,11,0,11
1934,LOUISA,14,0,14
1934,KATHLEEN,193,0,193
1934,KATHRYN,33,0,33
1934,KATIE,12,0,12
1934,LAURA,77,0,77
1934,LAURETTE,7,0,7
1934,LEILA,20,0,20
1934,LENA,26,0,26
1934,LENORA,10,0,10
1934,LENORE,14,0,14
1934,LEONA,51,0,51
1934,LEONE,6,0,6
1934,LOUISE,51,0,51
1934,LESLIE,84,77,7
1934,LILIAN,19,0,19
1934,LILLIAN,164,0,164
1934,ROYDEN,5,5,0
1934,LILY,25,0,25
1934,LINDA,9,0,9
1934,LOIS,308,0,308
1934,LOLA,17,0,17
1934,LORAINE,25,0,25
1934,LORETTA,42,0,42
1934,LORNA,83,0,83
1934,LORRAINE,94,0,94
1934,LILA,25,0,25
1934,ROYAL,5,5,0
1934,JAQUELINE,6,0,6
1934,ROSS,122,122,0
1934,ISAAC,7,7,0
1934,IVAN,68,68,0
1934,J,16,16,0
1934,JACK,152,152,0
1934,JACKIE,14,14,0
1934,JACOB,8,8,0
1934,JACQUES,8,8,0
1934,JEAN-PAUL,5,5,0
1934,JEREMIAH,6,6,0
1934,JEROME,22,22,0
1934,JERRY,18,18,0
1934,JIMMIE,5,5,0
1934,JIMMY,7,7,0
1934,JOE,8,8,0
1934,JOESPH,7,7,0
1934,JON,5,5,0
1934,JOS,40,40,0
1934,JULES,6,6,0
1934,JULIAN,8,8,0
1934,IRWIN,18,18,0
1934,IRVING,14,14,0
1934,IRVINE,7,7,0
1934,IRVIN,12,12,0
1934,GORDON,423,423,0
1934,GRAHAM,25,25,0
1934,GRANT,47,47,0
1934,GREGORY,14,14,0
1934,GUISEPPE,6,6,0
1934,GUY,17,17,0
1934,HARLEY,7,7,0
1934,HAROLD,331,331,0
1934,HARRY,167,167,0
1934,JULIUS,7,7,0
1934,HARVEY,86,86,0
1934,HENRI,12,12,0
1934,HENRY,127,127,0
1934,HERBERT,116,116,0
1934,HERMAN,16,16,0
1934,HORACE,6,6,0
1934,HOWARD,113,113,0
1934,HUBERT,24,24,0
1934,HUGH,82,82,0
1934,IAN,46,46,0
1934,HECTOR,14,14,0
1934,JUNIOR,6,6,0
1934,KARL,30,30,0
1934,KEITH,103,103,0
1934,LYLE,29,29,0
1934,LYNN,7,7,0
1934,MALCOLM,30,30,0
1934,MARCEL,32,32,0
1934,MARK,9,9,0
1934,MARSHALL,8,8,0
1934,MARTIN,37,37,0
1934,MARVIN,62,62,0
1934,MATHEW,5,5,0
1934,LUIGI,8,8,0
1934,MATTHEW,18,18,0
1934,MAX,11,11,0
1934,MAXWELL,12,12,0
1934,MAYNARD,6,6,0
1934,MELVILLE,15,15,0
1934,MELVIN,47,47,0
1934,MERVIN,28,28,0
1934,MERVYN,24,24,0
1934,MICHAEL,134,134,0
1934,MICHEAL,15,15,0
1934,MAURICE,88,88,0
1934,GORDEN,7,7,0
1934,LUCIEN,11,11,0
1934,LOUIS,68,68,0
1934,KENENTH,7,7,0
1934,KENETH,9,9,0
1934,KENNETH,583,583,0
1934,LARRY,28,28,0
1934,LAURENCE,23,23,0
1934,LAURENT,9,9,0
1934,LAVERNE,14,14,0
1934,LAWRENCE,178,178,0
1934,LEE,6,6,0
1934,LOYD,8,8,0
1934,LENARD,18,18,0
1934,LEON,15,15,0
1934,LEONARD,165,165,0
1934,LEOPOLD,7,7,0
1934,LEROY,18,18,0
1934,LESTER,10,10,0
1934,LEWIS,25,25,0
1934,LIONEL,35,35,0
1934,LLOYD,108,108,0
1934,LORNE,99,99,0
1934,LEO,82,82,0
1934,MIKE,19,19,0
1934,GLENN,80,80,0
1934,GLEN,61,61,0
1934,DALTON,11,11,0
1934,DANIEL,109,109,0
1934,DARRELL,5,5,0
1934,DARWIN,5,5,0
1934,DAVID,468,468,0
1934,DEAN,7,7,0
1934,DELBERT,14,14,0
1934,DELMAR,5,5,0
1934,DENIS,21,21,0
1934,DENNIS,63,63,0
1934,DEREK,7,7,0
1934,DESMOND,13,13,0
1934,DOMINIC,8,8,0
1934,DOUGLAS,459,459,0
1934,DUANE,8,8,0
1934,DUNCAN,19,19,0
1934,EARL,102,102,0
1934,EARLE,8,8,0
1934,EARNEST,16,16,0
1934,DALE,16,16,0
1934,CYRIL,17,17,0
1934,CONRAD,11,11,0
1934,COLIN,12,12,0
1934,ROY,181,181,0
1934,CARLTON,7,7,0
1934,CARMAN,14,14,0
1934,CARSON,5,5,0
1934,CECIL,69,69,0
1934,CHARLES,492,492,0
1934,CHARLIE,12,12,0
1934,CHESTER,16,16,0
1934,CHRISTOPHER,7,7,0
1934,EDDIE,5,5,0
1934,CLAIR,5,5,0
1934,CLARENCE,121,121,0
1934,CLARKE,7,7,0
1934,CLAUDE,26,26,0
1934,CLAYTON,39,39,0
1934,CLEMENT,10,10,0
1934,CLIFFORD,127,127,0
1934,CLIFTON,11,11,0
1934,CLINTON,13,13,0
1934,CLYDE,9,9,0
1934,CLARE,12,12,0
1934,EDDY,7,7,0
1934,EDGAR,42,42,0
1934,EDMOND,14,14,0
1934,FRANKLIN,45,45,0
1934,FRED,19,19,0
1934,FREDERIC,19,19,0
1934,FREDERICK,240,240,0
1934,FREDRICK,61,61,0
1934,GARFIELD,12,12,0
1934,GARNET,49,49,0
1934,GARRY,24,24,0
1934,GARTH,10,10,0
1934,FRANK,181,181,0
1934,GARY,106,106,0
1934,GENE,6,6,0
1934,GEOFFREY,8,8,0
1934,GEORGES,9,9,0
1934,GERALD,350,350,0
1934,GERARD,30,30,0
1934,GILBERT,42,42,0
1934,GILLES,9,9,0
1934,GIOVANNI,6,6,0
1934,GIUSEPPE,6,6,0
1934,GASTON,7,7,0
1934,GLENDON,5,5,0
1934,FRANCOIS,5,5,0
1934,FLOYD,63,63,0
1934,EDMUND,23,23,0
1934,EDWARD,406,406,0
1934,EDWIN,66,66,0
1934,ELDON,27,27,0
1934,ELGIN,13,13,0
1934,ELLARD,5,5,0
1934,ELLIS,6,6,0
1934,ELMER,35,35,0
1934,ELWOOD,10,10,0
1934,FRANCESCO,7,7,0
1934,EMERSON,6,6,0
1934,EMIL,7,7,0
1934,EMILE,8,8,0
1934,ERIC,55,55,0
1934,ERNEST,146,146,0
1934,ERVIN,8,8,0
1934,ERWIN,7,7,0
1934,EUGENE,50,50,0
1934,EVERETT,13,13,0
1934,FELIX,6,6,0
1934,EMERY,6,6,0
1934,MILFORD,6,6,0
1934,FERNAND,15,15,0
1934,PETER,196,196,0
1934,MORTON,10,10,0
1934,MOSES,6,6,0
1934,MURRAY,153,153,0
1934,NEIL,58,58,0
1934,ABRAHAM,9,9,0
1934,ADAM,11,11,0
1934,ADRIAN,6,6,0
1934,ADRIEN,5,5,0
1934,NELSON,28,28,0
1934,ALAN,74,74,0
1934,ALBERT,227,227,0
1934,ALEX,13,13,0
1934,ALEXANDER,110,110,0
1934,ALFRED,116,116,0
1934,ALLAN,143,143,0
1934,ALLEN,69,69,0
1934,ALPHONSE,11,11,0
1934,AMBROSE,8,8,0
1934,ANDRE,14,14,0
1934,ANDREW,71,71,0
1934,ANGELO,7,7,0
1934,MORRIS,37,37,0
1934,MORLEY,20,20,0
1934,MITCHELL,10,10,0
1934,MILTON,31,31,0
1934,ROSAIRE,7,7,0
1934,ROMEO,8,8,0
1934,ROLLAND,10,10,0
1934,ROLAND,30,30,0
1934,ROGER,95,95,0
1934,RODNEY,18,18,0
1934,RODGER,9,9,0
1934,RODERICK,23,23,0
1934,RICHARD,362,362,0
1934,RHEAL,5,5,0
1934,ANGUS,23,23,0
1934,REYNOLD,7,7,0
1934,PERCY,23,23,0
1934,REGINALD,82,82,0
1934,REAL,8,8,0
1934,RAYMOND,271,271,0
1934,RAY,37,37,0
1934,RALPH,127,127,0
1934,RAE,7,7,0
1934,PIERRE,10,10,0
1934,PHILLIP,22,22,0
1934,PHILIP,76,76,0
1934,RENE,15,15,0
1934,ANTHONY,42,42,0
1934,ALVIN,64,64,0
1934,ARCHIBALD,21,21,0
1934,BYRON,7,7,0
1934,CALVIN,16,16,0
1934,CAMERON,11,11,0
1934,ANTONIO,16,16,0
1934,NICHOLAS,21,21,0
1934,NICK,7,7,0
1934,NO,5,5,0
1934,NOAH,6,6,0
1934,NOEL,10,10,0
1934,NORMAN,279,279,0
1934,BURTON,18,18,0
1934,NORMAND,5,5,0
1934,OLIVER,18,18,0
1934,OMER,11,11,0
1934,ORVAL,12,12,0
1934,ORVILLE,16,16,0
1934,OSCAR,6,6,0
1934,OTTO,8,8,0
1934,OWEN,10,10,0
1934,PATRICK,94,94,0
1934,PAUL,263,263,0
1934,PERCIVAL,8,8,0
1934,NOT,10,10,0
1934,BUDDY,6,6,0
1934,CARL,123,123,0
1934,BRYAN,9,9,0
1934,ARCHIE,22,22,0
1934,ARMAND,17,17,0
1934,ARNOLD,72,72,0
1934,ARTHUR,257,257,0
1934,AUBREY,8,8,0
1934,BRYCE,6,6,0
1934,AURELE,6,6,0
1934,AUSTIN,8,8,0
1934,BARRY,50,50,0
1934,BENJAMIN,23,23,0
1934,BERNARD,107,107,0
1934,BASIL,14,14,0
1934,BERTRAM,5,5,0
1934,BRUNO,10,10,0
1934,BRUCE,188,188,0
1934,BERT,12,12,0
1934,BORIS,5,5,0
1934,BORDEN,5,5,0
1934,BRIAN,33,33,0
1934,BILLY,12,12,0
1934,BILLIE,6,6,0
1934,BILL,9,9,0
1934,BLAKE,7,7,0
1935,LOUISE,58,0,58
1935,LUCIENNE,7,0,7
1935,LUCILE,6,0,6
1935,LUCY,22,0,22
1935,LUCILLE,35,0,35
1935,LUELLA,9,0,9
1935,LOUISA,10,0,10
1935,M,17,0,17
1935,MABEL,40,0,40
1935,MABLE,13,0,13
1935,MADELEINE,10,0,10
1935,MADELINE,27,0,27
1935,LYDIA,9,0,9
1935,LORRAINE,93,0,93
1935,DONNA,285,0,285
1935,LORETTA,49,0,49
1935,JOSEPHINE,64,0,64
1935,JOSEPH,2702,2673,29
1935,JOHN,2141,2113,28
1935,JOANNE,64,0,64
1935,JOANNA,6,0,6
1935,JOANN,7,0,7
1935,JOAN,793,0,793
1935,JO-ANNE,6,0,6
1935,JILL,8,0,8
1935,JESSIE,50,0,50
1935,JENNY,8,0,8
1935,JENNIE,34,0,34
1935,JEANNINE,14,0,14
1935,JEANNETTE,19,0,19
1935,JEANNE,36,0,36
1935,JEANINE,8,0,8
1935,JEANETTE,50,0,50
1935,JEAN,474,105,369
1935,JANICE,27,0,27
1935,JANETTE,9,0,9
1935,JANET,146,0,146
1935,JANE,73,0,73
1935,JAMES,1412,1391,21
1935,JACQUELINE,103,0,103
1935,IVY,9,0,9
1935,IVA,10,0,10
1935,ISOBEL,26,0,26
1935,JOY,39,0,39
1935,JOYCE,342,0,342
1935,JUANITA,7,0,7
1935,JUDITH,85,0,85
1935,LORAINE,14,0,14
1935,LOLA,8,0,8
1935,LOIS,262,0,262
1935,LINDA,12,0,12
1935,LINA,6,0,6
1935,LILY,22,0,22
1935,LILLIAN,169,0,169
1935,LILIAN,8,0,8
1935,LILA,21,0,21
1935,LEONA,50,0,50
1935,LENORE,13,0,13
1935,LENORA,8,0,8
1935,LENA,22,0,22
1935,LORNA,73,0,73
1935,LEILA,11,0,11
1935,LAURETTE,8,0,8
1935,LAURETTA,11,0,11
1935,LAUREL,6,0,6
1935,LAURA,73,0,73
1935,KENNETH,617,607,10
1935,KATHRYN,50,0,50
1935,KATHLEEN,148,0,148
1935,KATHERINE,62,0,62
1935,KATHALEEN,11,0,11
1935,KAREN,15,0,15
1935,JUNE,240,0,240
1935,JULIETTE,9,0,9
1935,JULIA,48,0,48
1935,LEAH,6,0,6
1935,KATHARINE,16,0,16
1935,MARIANNE,17,0,17
1935,MARCIA,10,0,10
1935,PHILLIS,9,0,9
1935,PEGGY,17,0,17
1935,PEARL,32,0,32
1935,PAULINE,82,0,82
1935,PAULA,8,0,8
1935,PATSY,12,0,12
1935,PATRICIA,576,0,576
1935,PATRICA,12,0,12
1935,PAMELA,12,0,12
1935,PHYLIS,24,0,24
1935,ORMA,7,0,7
1935,OLGA,51,0,51
1935,NORMA,239,0,239
1935,NOREEN,33,0,33
1935,NORAH,7,0,7
1935,NORA,35,0,35
1935,NOLA,10,0,10
1935,NOELLA,9,0,9
1935,NO,13,5,8
1935,NINA,11,0,11
1935,OLIVE,46,0,46
1935,PHYLLIS,142,0,142
1935,PIERRETTE,6,0,6
1935,PRISCILLA,8,0,8
1935,SADIE,7,0,7
1935,RUTH,324,0,324
1935,RUBY,78,0,78
1935,ROSIE,14,0,14
1935,ROSEMARY,47,0,47
1935,ROSE,163,0,163
1935,ROSA,8,0,8
1935,RONALD,1040,1025,15
1935,ROMA,9,0,9
1935,ROBERTA,49,0,49
1935,ROBERT,1732,1705,27
1935,RITA,112,0,112
1935,RICHARD,341,333,8
1935,RHODA,16,0,16
1935,RHEA,6,0,6
1935,RETA,51,0,51
1935,RENA,10,0,10
1935,REBECCA,8,0,8
1935,RAYMOND,293,287,6
1935,RAE,12,6,6
1935,RACHEL,8,0,8
1935,NETTIE,6,0,6
1935,MAE,14,0,14
1935,NELLIE,23,0,23
1935,NATALIE,7,0,7
1935,MARLEEN,6,0,6
1935,MARJORY,33,0,33
1935,MARJORIE,232,0,232
1935,MARION,351,0,351
1935,MARINA,63,0,63
1935,MARILYNNE,6,0,6
1935,MARILYNN,23,0,23
1935,MARILYN,398,0,398
1935,MARIETTE,11,0,11
1935,MARLENE,150,0,150
1935,MARIE,2255,9,2246
1935,MARIAN,69,0,69
1935,MARIA,50,0,50
1935,MARI,6,0,6
1935,MARGUERITE,61,0,61
1935,MARGRET,18,0,18
1935,MARGOT,6,0,6
1935,MARGORIE,6,0,6
1935,MARGERY,21,0,21
1935,MARGARET,1024,0,1024
1935,ISABELLE,17,0,17
1935,MARLINE,6,0,6
1935,MARLYN,18,0,18
1935,MARTHA,45,0,45
1935,NANCY,193,0,193
1935,NADIA,9,0,9
1935,MYRTLE,45,0,45
1935,MYRNA,49,0,49
1935,MYRA,9,0,9
1935,MURIEL,118,0,118
1935,MONICA,13,0,13
1935,MONA,35,0,35
1935,MOLLY,8,0,8
1935,MOIRA,6,0,6
1935,MIRIAM,21,0,21
1935,MILDRED,105,0,105
1935,MERLE,28,11,17
1935,MERILYN,7,0,7
1935,MELBA,6,0,6
1935,MAY,41,0,41
1935,MAXINE,30,0,30
1935,MAVIS,11,0,11
1935,MAUREEN,56,0,56
1935,MATILDA,6,0,6
1935,MARY,2053,0,2053
1935,NELDA,9,0,9
1935,ISABELLA,14,0,14
1935,EVELYN,178,0,178
1935,ISABEL,49,0,49
1935,BILLIE,6,0,6
1935,BEVERLY,153,16,137
1935,BEVERLEY,214,15,199
1935,BEULAH,13,0,13
1935,BETTY,425,0,425
1935,BESSIE,19,0,19
1935,BERYL,19,0,19
1935,BERTHA,36,0,36
1935,BLANCHE,35,0,35
1935,BERNIECE,7,0,7
1935,BERNADETTE,23,0,23
1935,BEATRICE,91,0,91
1935,BARBRA,10,0,10
1935,BARBARA,893,0,893
1935,BABY,333,171,162
1935,AUDRY,7,0,7
1935,AUDREY,231,0,231
1935,ARLENE,68,0,68
1935,BERNICE,99,0,99
1935,ANNIE,110,0,110
1935,BONNIE,10,0,10
1935,BRIDGET,6,0,6
1935,CLAIRE,29,0,29
1935,CHRISTINE,11,0,11
1935,CHRISTINA,28,0,28
1935,CHARLOTTE,49,0,49
1935,SALLY,42,0,42
1935,CHARLES,477,471,6
1935,CECILIA,16,0,16
1935,CECILE,33,0,33
1935,BRENDA,6,0,6
1935,CECELIA,12,0,12
1935,CATHARINE,32,0,32
1935,CAROLYN,49,0,49
1935,CAROLINE,42,0,42
1935,CAROLE,51,0,51
1935,CAROL,167,0,167
1935,CARMEN,17,6,11
1935,CARMELA,7,0,7
1935,CARMEL,16,0,16
1935,CATHERINE,192,0,192
1935,CLARA,47,0,47
1935,ANNETTE,38,0,38
1935,ANNABELLE,7,0,7
1935,DELORES,20,0,20
1935,DENISE,22,0,22
1935,DIANA,35,0,35
1935,DIANE,48,0,48
1935,DIANNE,14,0,14
1935,DOLLY,9,0,9
1935,DOLORES,51,0,51
1935,DONA,26,0,26
1935,EDNA,127,0,127
1935,DONALD,1380,1364,16
1935,EDITH,159,0,159
1935,EARLA,6,0,6
1935,DORTHY,26,0,26
1935,DOROTHY,496,0,496
1935,DOROTHEA,9,0,9
1935,DORIS,218,0,218
1935,DOREEN,203,0,203
1935,DORA,23,0,23
1935,DONALDA,13,0,13
1935,ANNE,130,0,130
1935,ADA,30,0,30
1935,ADELINE,8,0,8
1935,ANNA,134,0,134
1935,ANN,103,0,103
1935,ANITA,37,0,37
1935,ANGELINE,9,0,9
1935,ANGELA,21,0,21
1935,ANDREA,6,0,6
1935,AMY,12,0,12
1935,ALYCE,6,0,6
1935,ADELE,7,0,7
1935,ALMA,40,0,40
1935,ALINE,14,0,14
1935,ALICE,188,0,188
1935,ALFREDA,8,0,8
1935,ALBERTA,9,0,9
1935,ALBERT,224,218,6
1935,AILEEN,17,0,17
1935,AGNES,106,0,106
1935,ADRIENNE,6,0,6
1935,ALLAN,187,180,7
1935,CLARICE,6,0,6
1935,CLAUDETTE,18,0,18
1935,COLEEN,8,0,8
1935,GOLDIE,6,0,6
1935,GLORIA,137,0,137
1935,GLENYS,8,0,8
1935,GLENNA,20,0,20
1935,GLENDA,19,0,19
1935,GLADYS,86,0,86
1935,GERTRUDE,79,0,79
1935,GERMAINE,10,0,10
1935,GRACE,139,0,139
1935,GERALDINE,89,0,89
1935,GEORGETTE,12,0,12
1935,GEORGENA,8,0,8
1935,GEORGE,808,797,11
1935,GENEVIEVE,14,0,14
1935,GAYLE,9,0,9
1935,GAIL,36,0,36
1935,FREDA,31,0,31
1935,FRANCOISE,9,0,9
1935,GEORGINA,48,0,48
1935,FRANCIS,233,187,46
1935,GRETA,20,0,20
1935,GWYNETH,7,0,7
1935,IRMA,17,0,17
1935,IRIS,26,0,26
1935,IRENE,170,0,170
1935,IONA,8,0,8
1935,INFANT,75,41,34
1935,INEZ,22,0,22
1935,INA,20,0,20
1935,ILENE,8,0,8
1935,GWENDOLYN,64,0,64
1935,ILA,8,0,8
1935,HILDA,43,0,43
1935,HELENE,18,0,18
1935,HELENA,21,0,21
1935,HELEN,619,0,619
1935,HEATHER,24,0,24
1935,HAZEL,57,0,57
1935,HARRIET,12,0,12
1935,HANNAH,11,0,11
1935,IDA,52,0,52
1935,FRANCES,235,11,224
1935,FLORENCE,183,0,183
1935,FLORA,14,0,14
1935,ELENOR,7,0,7
1935,ELEANORE,7,0,7
1935,ELEANOR,193,0,193
1935,ELDA,11,0,11
1935,ELAINE,68,0,68
1935,EILEEN,108,0,108
1935,EILA,9,0,9
1935,EFFIE,9,0,9
1935,ELINOR,22,0,22
1935,EDYTHE,8,0,8
1935,DAVID,514,508,6
1935,DARLENE,19,0,19
1935,DAISY,14,0,14
1935,CYNTHIA,20,0,20
1935,CORINNE,12,0,12
1935,CORA,19,0,19
1935,CONSTANCE,89,0,89
1935,COLLEEN,39,0,39
1935,DAWN,20,0,20
1935,ELISABETH,10,0,10
1935,ELIZABETH,449,0,449
1935,ELIZEBETH,17,0,17
1935,FERN,20,0,20
1935,FAYE,9,0,9
1935,FAY,21,0,21
1935,DONELDA,10,0,10
1935,EVELINE,6,0,6
1935,EVANGELINE,8,0,8
1935,EVA,74,0,74
1935,EUNICE,32,0,32
1935,ETHEL,82,0,82
1935,ESTHER,40,0,40
1935,ERMA,24,0,24
1935,ENID,16,0,16
1935,EMMA,18,0,18
1935,EMILY,32,0,32
1935,ELVA,18,0,18
1935,ELSIE,101,0,101
1935,ELMA,7,0,7
1935,ELLEN,59,0,59
1935,ELLA,27,0,27
1935,ISABELL,9,0,9
1935,SANDRA,74,0,74
1935,NICHOLAS,12,12,0
1935,SARAH,59,0,59
1935,FREDERICK,233,233,0
1935,FREDRIC,10,10,0
1935,FREDRICK,71,71,0
1935,FREEMAN,5,5,0
1935,GABRIEL,6,6,0
1935,GARFIELD,14,14,0
1935,GARNET,28,28,0
1935,GARRY,37,37,0
1935,GARTH,12,12,0
1935,FREDERIC,10,10,0
1935,GARY,143,143,0
1935,GENE,6,6,0
1935,GEOFFREY,7,7,0
1935,GEORGES,6,6,0
1935,GERALD,420,420,0
1935,GERARD,24,24,0
1935,GILBERT,39,39,0
1935,GILLES,8,8,0
1935,GINO,5,5,0
1935,GLEN,57,57,0
1935,GASTON,7,7,0
1935,GLENN,65,65,0
1935,FRED,33,33,0
1935,FRANK,174,174,0
1935,EDWIN,68,68,0
1935,ELDON,16,16,0
1935,ELGIN,13,13,0
1935,ELMER,29,29,0
1935,ELROY,7,7,0
1935,ELWOOD,15,15,0
1935,EMERSON,8,8,0
1935,EMIL,9,9,0
1935,EMILE,13,13,0
1935,FRANKLIN,37,37,0
1935,ERIC,55,55,0
1935,ERVIN,8,8,0
1935,ERWIN,9,9,0
1935,EUGENE,51,51,0
1935,EVAN,10,10,0
1935,EVERETT,8,8,0
1935,FERNAND,14,14,0
1935,FLOYD,30,30,0
1935,FRANCESCO,5,5,0
1935,FRANCOIS,8,8,0
1935,ERNEST,132,132,0
1935,EDWARD,435,435,0
1935,GORDEN,11,11,0
1935,GRAHAM,18,18,0
1935,HARTLEY,5,5,0
1935,HARVEY,92,92,0
1935,HECTOR,19,19,0
1935,HENRI,7,7,0
1935,HENRY,134,134,0
1935,HERBERT,112,112,0
1935,HERMAN,16,16,0
1935,HOMER,5,5,0
1935,HOWARD,146,146,0
1935,HARRY,163,163,0
1935,HUBERT,17,17,0
1935,SARA,9,0,9
1935,IRA,7,7,0
1935,IRVIN,14,14,0
1935,IRVINE,6,6,0
1935,IRVING,12,12,0
1935,IRWIN,18,18,0
1935,ISADORE,6,6,0
1935,ISIDORE,5,5,0
1935,IVAN,55,55,0
1935,HUGH,80,80,0
1935,GORDON,405,405,0
1935,HAROLD,292,292,0
1935,VERNA,85,0,85
1935,GRANT,45,45,0
1935,GREGORY,17,17,0
1935,GUY,26,26,0
1935,YVONNE,108,0,108
1935,YVETTE,12,0,12
1935,YOLANDE,11,0,11
1935,WINNIFRED,29,0,29
1935,WINIFRED,10,0,10
1935,WILMA,67,0,67
1935,HARLEY,6,6,0
1935,WILLIAM,1890,1865,25
1935,WILDA,8,0,8
1935,WANDA,23,0,23
1935,VIVIAN,45,0,45
1935,VIRGINIA,47,0,47
1935,VIOLET,89,0,89
1935,VIOLA,40,0,40
1935,VIDA,6,0,6
1935,VICTORIA,20,0,20
1935,VERONICA,19,0,19
1935,WILHELMINA,6,0,6
1935,J,9,9,0
1935,EDMUND,29,29,0
1935,EDGAR,40,40,0
1935,AURELE,11,11,0
1935,AUSTIN,7,7,0
1935,BABE,5,5,0
1935,BARRIE,7,7,0
1935,BARRY,70,70,0
1935,BASIL,24,24,0
1935,BENJAMIN,17,17,0
1935,BERNARD,108,108,0
1935,BERT,14,14,0
1935,ARTHUR,224,224,0
1935,BERTRAM,7,7,0
1935,BILLY,9,9,0
1935,BLAKE,6,6,0
1935,BOBBY,7,7,0
1935,BOYD,6,6,0
1935,BRIAN,57,57,0
1935,BRUCE,186,186,0
1935,BRUNO,6,6,0
1935,BRYAN,8,8,0
1935,BURTON,11,11,0
1935,BILL,10,10,0
1935,BYRON,7,7,0
1935,ARNOLD,65,65,0
1935,ARCHIE,21,21,0
1935,AARON,8,8,0
1935,ABRAHAM,10,10,0
1935,ADAM,8,8,0
1935,ADRIEN,6,6,0
1935,ALAN,69,69,0
1935,ALEX,17,17,0
1935,ALEXANDER,91,91,0
1935,ALFRED,113,113,0
1935,ALLEN,62,62,0
1935,ARMAND,14,14,0
1935,ALPHONSE,12,12,0
1935,AMBROSE,6,6,0
1935,ANDRE,18,18,0
1935,ANDREW,62,62,0
1935,ANGELO,11,11,0
1935,ANGUS,18,18,0
1935,ANTHONY,52,52,0
1935,ANTONIO,6,6,0
1935,ANTONY,6,6,0
1935,ARCHIBALD,12,12,0
1935,ALVIN,56,56,0
1935,EDMOND,17,17,0
1935,CALVIN,26,26,0
1935,CAMPBELL,7,7,0
1935,DALTON,10,10,0
1935,DANIEL,107,107,0
1935,DARWIN,5,5,0
1935,DEAN,10,10,0
1935,DELBERT,19,19,0
1935,DELMAR,5,5,0
1935,DELMER,6,6,0
1935,DENIS,14,14,0
1935,DENNIS,74,74,0
1935,DALE,13,13,0
1935,DESMOND,12,12,0
1935,DON,7,7,0
1935,DONAT,7,7,0
1935,DOUGLAS,468,468,0
1935,DUANE,8,8,0
1935,DUNCAN,23,23,0
1935,EARL,129,129,0
1935,EARLE,12,12,0
1935,EARNEST,12,12,0
1935,EDDIE,5,5,0
1935,DOMINIC,5,5,0
1935,CAMERON,7,7,0
1935,CYRIL,27,27,0
1935,CONRAD,8,8,0
1935,CARL,137,137,0
1935,CARLO,6,6,0
1935,CARMAN,12,12,0
1935,CARSON,7,7,0
1935,CECIL,60,60,0
1935,CHARLIE,5,5,0
1935,CHESTER,12,12,0
1935,CHRISTOPHER,14,14,0
1935,CLAIR,6,6,0
1935,CORNELIUS,7,7,0
1935,CLARE,13,13,0
1935,CLARK,5,5,0
1935,CLAUDE,26,26,0
1935,CLAYTON,39,39,0
1935,CLEMENT,5,5,0
1935,CLIFFORD,138,138,0
1935,CLIFTON,8,8,0
1935,CLINTON,12,12,0
1935,CLYDE,11,11,0
1935,COLIN,28,28,0
1935,CLARENCE,87,87,0
1935,JACK,154,154,0
1935,IAN,46,46,0
1935,JACOB,15,15,0
1935,RUSSELL,82,82,0
1935,SALVATORE,6,6,0
1935,SAM,8,8,0
1935,SAMUEL,72,72,0
1935,SEYMOUR,6,6,0
1935,SHELDON,17,17,0
1935,SHERWOOD,5,5,0
1935,SIDNEY,29,29,0
1935,SIMON,7,7,0
1935,STANLEY,189,189,0
1935,RUSSEL,17,17,0
1935,STEPHEN,36,36,0
1935,STEVE,22,22,0
1935,STEVEN,7,7,0
1935,STEWART,27,27,0
1935,STUART,30,30,0
1935,SYDNEY,16,16,0
1935,TED,5,5,0
1935,TEDDY,9,9,0
1935,TERENCE,17,17,0
1935,TERRANCE,16,16,0
1935,TERRENCE,28,28,0
1935,STERLING,5,5,0
1935,RUDOLPH,11,11,0
1935,RUDOLF,5,5,0
1935,ROYCE,5,5,0
1935,PETER,277,277,0
1935,PHILIP,51,51,0
1935,PHILIPPE,5,5,0
1935,PHILLIP,29,29,0
1935,PIERRE,16,16,0
1935,PIETRO,5,5,0
1935,RALPH,155,155,0
1935,RAY,38,38,0
1935,REAL,8,8,0
1935,REGINALD,72,72,0
1935,REINO,5,5,0
1935,RENE,24,24,0
1935,REUBEN,6,6,0
1935,RODERICK,15,15,0
1935,RODGER,7,7,0
1935,RODNEY,24,24,0
1935,ROGER,103,103,0
1935,ROLAND,50,50,0
1935,ROLLAND,5,5,0
1935,ROMAN,7,7,0
1935,ROMEO,8,8,0
1935,ROSS,119,119,0
1935,ROY,158,158,0
1935,THEODORE,30,30,0
1935,PERCY,37,37,0
1935,THOMAS,491,491,0
1935,TOM,5,5,0
1935,THERESA,79,0,79
1935,THELMA,77,0,77
1935,TERESA,32,0,32
1935,SYLVIA,131,0,131
1935,SYBIL,7,0,7
1935,SUZANNE,21,0,21
1935,SUSIE,6,0,6
1935,SUSANNE,6,0,6
1935,SUSANNA,6,0,6
1935,SUSAN,26,0,26
1935,THERESE,26,0,26
1935,STELLA,47,0,47
1935,SONYA,6,0,6
1935,SONIA,15,0,15
1935,SONDRA,6,0,6
1935,SIMONE,8,0,8
1935,SHIRLY,9,0,9
1935,SHIRLEY,1503,0,1503
1935,SHIRELY,8,0,8
1935,SHIELA,8,0,8
1935,SHEILA,169,0,169
1935,SHARON,16,0,16
1935,SOPHIA,10,0,10
1935,VALERIE,38,0,38
1935,VELMA,48,0,48
1935,VERA,67,0,67
1935,TONY,7,7,0
1935,UNNAMED,5,5,0
1935,VERN,5,5,0
1935,VERNON,30,30,0
1935,VICTOR,96,96,0
1935,VINCENT,24,24,0
1935,WALLACE,43,43,0
1935,WALTER,230,230,0
1935,WARNER,10,10,0
1935,WARREN,42,42,0
1935,WAYNE,53,53,0
1935,WELLINGTON,5,5,0
1935,WESLEY,26,26,0
1935,WILBERT,24,24,0
1935,WILFRED,99,99,0
1935,WILFRID,21,21,0
1935,WILLARD,14,14,0
1935,WILLIS,11,11,0
1935,WILMER,5,5,0
1935,WILSON,9,9,0
1935,WM,17,17,0
1935,YVON,6,6,0
1935,VERLA,6,0,6
1935,TIMOTHY,5,5,0
1935,JACKIE,16,16,0
1935,PAUL,263,263,0
1935,OWEN,14,14,0
1935,LAWRANCE,6,6,0
1935,LAWRENCE,185,185,0
1935,LEE,6,6,0
1935,LELAND,7,7,0
1935,LENARD,18,18,0
1935,LEO,90,90,0
1935,LEON,28,28,0
1935,LEONARD,129,129,0
1935,LAVERNE,11,11,0
1935,LEOPOLD,5,5,0
1935,LESLIE,68,68,0
1935,LESTER,6,6,0
1935,LEWIS,37,37,0
1935,LINDSAY,6,6,0
1935,LIONEL,23,23,0
1935,LLOYD,127,127,0
1935,LORNE,88,88,0
1935,LOUIS,73,73,0
1935,LEROY,13,13,0
1935,LAURENT,11,11,0
1935,LAURENCE,21,21,0
1935,LARRY,54,54,0
1935,JACQUES,13,13,0
1935,JEAN-GUY,5,5,0
1935,JEREMIAH,6,6,0
1935,JEROME,17,17,0
1935,JERRY,20,20,0
1935,JIM,5,5,0
1935,JOE,15,15,0
1935,JOESPH,10,10,0
1935,JON,8,8,0
1935,JOS,39,39,0
1935,JULES,5,5,0
1935,JULIAN,5,5,0
1935,JULIUS,5,5,0
1935,JUNIOR,8,8,0
1935,KARL,38,38,0
1935,KEITH,108,108,0
1935,KENETH,8,8,0
1935,KERRY,7,7,0
1935,KEVIN,5,5,0
1935,LOYD,8,8,0
1935,PATRICK,112,112,0
1935,DELLA,8,0,8
1935,MELVILLE,28,28,0
1935,MARCEL,27,27,0
1935,MARK,7,7,0
1935,MARSHALL,5,5,0
1935,MARTIN,50,50,0
1935,MARVIN,76,76,0
1935,MATTHEW,14,14,0
1935,MAURICE,88,88,0
1935,MAXWELL,8,8,0
1935,MORRIS,38,38,0
1935,MELVIN,44,44,0
1935,MERRILL,5,5,0
1935,MERVIN,33,33,0
1935,MERVYN,18,18,0
1935,MICHAEL,159,159,0
1935,MICHEAL,17,17,0
1935,MORLEY,29,29,0
1935,MICHEL,5,5,0
1935,MALCOLM,33,33,0
1935,MIKE,17,17,0
1935,LYLE,35,35,0
1935,LUCIEN,19,19,0
1935,OSCAR,11,11,0
1935,ORVILLE,23,23,0
1935,ORVAL,16,16,0
1935,ORLAND,8,8,0
1935,OMER,8,8,0
1935,OLIVER,9,9,0
1935,NOT,7,7,0
1935,NORMAN,283,283,0
1935,NOEL,16,16,0
1935,NICK,9,9,0
1935,DELIA,8,0,8
1935,NELSON,25,25,0
1935,NEIL,58,58,0
1935,NATHAN,7,7,0
1935,MURRAY,124,124,0
1935,MOSES,5,5,0
1935,MORTON,9,9,0
1935,LUIGI,5,5,0
1935,MILTON,29,29,0
1936,BARBRA,9,0,9
1936,BARBARA,958,0,958
1936,BEATRICE,96,0,96
1936,BERNADETTE,19,0,19
1936,BERNICE,97,0,97
1936,BERNIECE,7,0,7
1936,BERTHA,37,0,37
1936,BERYL,13,0,13
1936,BESSIE,13,0,13
1936,BABY,389,207,182
1936,BETTE,10,0,10
1936,BETTY,355,0,355
1936,BEULAH,13,0,13
1936,BEVERLEY,239,17,222
1936,BEVERLY,176,19,157
1936,BLANCHE,14,0,14
1936,BONNIE,23,0,23
1936,BRIDGET,8,0,8
1936,AUDREY,199,0,199
1936,ARLINE,16,0,16
1936,BETH,7,0,7
1936,VELMA,29,0,29
1936,JO-ANNE,6,0,6
1936,WILMA,68,0,68
1936,WILLIAM,1886,1874,12
1936,WILDA,12,0,12
1936,WENDY,11,0,11
1936,WANDA,26,0,26
1936,VIVIAN,47,0,47
1936,VIRGINIA,44,0,44
1936,VIOLET,72,0,72
1936,VIOLA,32,0,32
1936,VICTORIA,21,0,21
1936,VERONICA,16,0,16
1936,VERNA,84,0,84
1936,VERA,77,0,77
1936,VALERIE,31,0,31
1936,THERESE,33,0,33
1936,THERESA,71,0,71
1936,THELMA,69,0,69
1936,WINIFRED,21,0,21
1936,WINNIFRED,30,0,30
1936,YVETTE,9,0,9
1936,YVONNE,97,0,97
1936,LORNA,64,0,64
1936,LORRAINE,114,0,114
1936,LOUISA,11,0,11
1936,LOUISE,52,0,52
1936,LUCIENNE,8,0,8
1936,LUCILLE,26,0,26
1936,LUCY,18,0,18
1936,LUELLA,12,0,12
1936,TERESA,22,0,22
1936,LYDIA,13,0,13
1936,MABEL,40,0,40
1936,MABLE,15,0,15
1936,MADELEINE,15,0,15
1936,MADELINE,28,0,28
1936,MAE,18,0,18
1936,MARCELLA,11,0,11
1936,MARCIA,15,0,15
1936,MARGARET,1011,7,1004
1936,M,16,0,16
1936,LORETTA,43,0,43
1936,SYLVIA,148,0,148
1936,SUZANNE,28,0,28
1936,ROSEMARY,55,0,55
1936,ROSEMARIE,12,0,12
1936,ROSE,154,0,154
1936,ROSA,11,0,11
1936,ROMA,7,0,7
1936,ROCHELLE,10,0,10
1936,ROBERTA,52,0,52
1936,RITA,71,0,71
1936,RHODA,22,0,22
1936,RETA,51,0,51
1936,RENA,14,0,14
1936,REBECCA,7,0,7
1936,RAE,6,0,6
1936,RACHEL,10,0,10
1936,PRISCILLA,6,0,6
1936,PHYLLIS,144,0,144
1936,PHYLIS,19,0,19
1936,ROSIE,10,0,10
1936,RUBY,65,0,65
1936,RUTH,317,0,317
1936,SADIE,6,0,6
1936,SUSANNE,6,0,6
1936,SUSAN,29,0,29
1936,STEPHANIE,7,0,7
1936,STELLA,40,0,40
1936,SOPHIE,6,0,6
1936,SONYA,8,0,8
1936,SONJA,6,0,6
1936,SONIA,15,0,15
1936,SYBIL,11,0,11
1936,SHIRLY,15,0,15
1936,SHIELA,17,0,17
1936,SHERLEY,6,0,6
1936,SHELIA,7,0,7
1936,SHEILA,125,0,125
1936,SHARON,38,0,38
1936,SARAH,45,0,45
1936,SANDRA,106,0,106
1936,SALLY,43,0,43
1936,SHIRLEY,1274,0,1274
1936,PHILLIS,8,0,8
1936,LORENE,7,0,7
1936,LORAINE,15,0,15
1936,CORINNE,9,0,9
1936,CYNTHIA,15,0,15
1936,DAISY,11,0,11
1936,DAPHNE,7,0,7
1936,DARLENE,21,0,21
1936,DAWN,37,0,37
1936,DELLA,13,0,13
1936,DELORES,26,0,26
1936,DENISE,20,0,20
1936,DIANA,35,0,35
1936,DIANE,68,0,68
1936,DIANNE,16,0,16
1936,DOLORES,83,0,83
1936,DONA,19,0,19
1936,DONALD,1238,1229,9
1936,DONALDA,21,0,21
1936,DONELDA,6,0,6
1936,CORA,17,0,17
1936,CONSTANCE,64,0,64
1936,COLLEEN,35,0,35
1936,CLAUDIA,12,0,12
1936,CARMEN,19,7,12
1936,ARLENE,88,0,88
1936,CAROL,312,8,304
1936,CAROLE,103,0,103
1936,CAROLINE,36,0,36
1936,CAROLYN,69,0,69
1936,CATHARINE,29,0,29
1936,CATHERINE,165,0,165
1936,JOANN,6,0,6
1936,CECELIA,12,0,12
1936,CECILIA,10,0,10
1936,CELIA,8,0,8
1936,CHARLOTTE,40,0,40
1936,CHRISTINA,20,0,20
1936,CHRISTINE,15,0,15
1936,CLAIRE,26,5,21
1936,CLARA,44,0,44
1936,CLAUDETTE,30,0,30
1936,CECILE,28,0,28
1936,LOREEN,6,0,6
1936,JOANNA,8,0,8
1936,JOHANNA,13,0,13
1936,LEILA,11,0,11
1936,LENA,11,0,11
1936,LENORA,7,0,7
1936,LENORE,14,0,14
1936,LEOLA,7,0,7
1936,LEONA,56,0,56
1936,LEONE,10,0,10
1936,LETA,8,0,8
1936,LILA,20,0,20
1936,LILIAN,15,0,15
1936,LILLIAN,132,0,132
1936,LILLIE,7,0,7
1936,LILY,22,0,22
1936,LINA,7,0,7
1936,LINDA,26,0,26
1936,LOIS,276,0,276
1936,LOLA,18,0,18
1936,LEAH,8,0,8
1936,LAURETTE,6,0,6
1936,LAURETTA,8,0,8
1936,LAURA,70,0,70
1936,JOSEPH,2721,2707,14
1936,JOSEPHINE,54,0,54
1936,JOY,42,0,42
1936,JOYCE,331,0,331
1936,JUANITA,6,0,6
1936,JUDITH,71,0,71
1936,JULIA,38,0,38
1936,JULIETTE,6,0,6
1936,JOANNE,69,0,69
1936,JUNE,201,0,201
1936,KATHALEEN,7,0,7
1936,KATHARINE,16,0,16
1936,KATHELEEN,9,0,9
1936,KATHERINE,54,0,54
1936,KATHLEEN,172,0,172
1936,KATHRYN,25,0,25
1936,KATIE,10,0,10
1936,KAY,6,0,6
1936,KAREN,16,0,16
1936,PEGGY,17,0,17
1936,PEARL,28,0,28
1936,PAULINE,85,0,85
1936,GAIL,71,0,71
1936,GALE,6,0,6
1936,GAYLE,17,0,17
1936,GENEVIEVE,11,0,11
1936,GEORGETTE,7,0,7
1936,GEORGIA,8,0,8
1936,GEORGINA,43,0,43
1936,GERALDINE,84,0,84
1936,GERTRUDE,67,0,67
1936,GILDA,6,0,6
1936,GLADYS,102,0,102
1936,GLENDA,22,0,22
1936,GLENNA,21,0,21
1936,GLORIA,157,0,157
1936,GOLDIE,13,0,13
1936,GRACE,110,0,110
1936,GRETA,21,0,21
1936,FREIDA,7,0,7
1936,FREEDA,6,0,6
1936,FREDA,23,0,23
1936,FRANCIS,194,156,38
1936,ERMA,13,0,13
1936,ERNA,7,0,7
1936,ESTELLE,12,0,12
1936,ESTER,6,0,6
1936,ESTHER,42,0,42
1936,ETHEL,94,0,94
1936,EUNICE,26,0,26
1936,EVA,63,0,63
1936,GWENDOLYN,61,0,61
1936,EVANGELINE,6,0,6
1936,FAITH,6,0,6
1936,FAY,25,0,25
1936,FAYE,13,0,13
1936,FERN,20,0,20
1936,FERNANDE,7,0,7
1936,FLORA,23,0,23
1936,FLORENCE,177,0,177
1936,FRANCES,210,15,195
1936,EVELYN,195,0,195
1936,ENID,12,0,12
1936,GWENDOLYNE,9,0,9
1936,HAZEL,52,0,52
1936,IVY,11,0,11
1936,JACQUELINE,127,0,127
1936,JANE,87,0,87
1936,JANET,132,0,132
1936,JANETTE,11,0,11
1936,JANICE,48,0,48
1936,JAQUELINE,7,0,7
1936,JEAN,453,84,369
1936,JEANETTE,55,0,55
1936,JEANINE,7,0,7
1936,JEANNE,23,0,23
1936,JEANNETTE,20,0,20
1936,JEANNINE,21,0,21
1936,JENNIE,15,0,15
1936,JENNY,10,0,10
1936,JESSIE,46,0,46
1936,JO-ANN,6,0,6
1936,IVA,8,0,8
1936,ISOBEL,31,0,31
1936,ISABELLE,15,0,15
1936,ISABELLA,9,0,9
1936,HEATHER,26,0,26
1936,HELEN,532,0,532
1936,HELENA,19,0,19
1936,HELENE,12,0,12
1936,HELLEN,18,0,18
1936,HENRIETTE,6,0,6
1936,HILDA,48,0,48
1936,IDA,39,0,39
1936,HARRIET,19,0,19
1936,ILA,11,0,11
1936,INEZ,8,0,8
1936,INFANT,55,25,30
1936,IONA,7,0,7
1936,IRENE,167,0,167
1936,IRIS,28,0,28
1936,IRMA,21,0,21
1936,ISABEL,35,0,35
1936,ISABELL,8,0,8
1936,INA,15,0,15
1936,EMMA,23,0,23
1936,EMILY,30,0,30
1936,ELVA,25,0,25
1936,MONIQUE,6,0,6
1936,MONICA,11,0,11
1936,MONA,21,0,21
1936,MOLLY,14,0,14
1936,MIRIAM,31,0,31
1936,MINNIE,10,0,10
1936,MILDRED,108,0,108
1936,MERLE,27,5,22
1936,MERILYN,13,0,13
1936,MELBA,9,0,9
1936,MAY,17,0,17
1936,MAXINE,27,0,27
1936,MAVIS,12,0,12
1936,MAUREEN,67,0,67
1936,MATILDA,6,0,6
1936,MARYLYN,25,0,25
1936,MARY,2019,13,2006
1936,MURIEL,128,0,128
1936,MYRA,11,0,11
1936,MYRNA,50,0,50
1936,MYRTLE,30,0,30
1936,PAULA,7,0,7
1936,PATSY,6,0,6
1936,PATRICIA,606,0,606
1936,PATRICA,10,0,10
1936,PAMELA,8,0,8
1936,OLIVE,50,0,50
1936,OLGA,39,0,39
1936,NORMA,252,0,252
1936,MARTHA,34,0,34
1936,NOREEN,34,0,34
1936,NORA,37,0,37
1936,NOLA,6,0,6
1936,NINA,15,0,15
1936,NELLIE,20,0,20
1936,NELDA,10,0,10
1936,NAOMI,10,0,10
1936,NANCY,238,0,238
1936,NADIA,6,0,6
1936,NORAH,12,0,12
1936,MARLYN,21,0,21
1936,MARLENE,214,0,214
1936,MARJORY,34,0,34
1936,EDWINA,6,0,6
1936,EDYTHE,15,0,15
1936,EILEEN,111,0,111
1936,ELAINE,72,0,72
1936,ELDA,18,0,18
1936,ELEANOR,221,0,221
1936,ELEANORE,12,0,12
1936,ELENOR,6,0,6
1936,EDNA,105,0,105
1936,ELINOR,21,0,21
1936,CARMEL,11,0,11
1936,ELISE,6,0,6
1936,ELIZABETH,429,0,429
1936,ELIZEBETH,15,0,15
1936,ELLA,31,0,31
1936,ELLEN,86,0,86
1936,ELMA,9,0,9
1936,ELSIE,115,0,115
1936,ELISABETH,8,0,8
1936,JOAN,784,0,784
1936,EDITH,141,0,141
1936,DORTHY,18,0,18
1936,MARJORIE,207,0,207
1936,MARION,287,0,287
1936,MARINA,23,0,23
1936,MARILYNN,10,0,10
1936,MARILYN,486,0,486
1936,MARIE,2205,8,2197
1936,MARIANNE,18,0,18
1936,MARIAN,76,0,76
1936,EARLA,6,0,6
1936,MARIA,48,0,48
1936,MARGRET,30,0,30
1936,MARGOT,11,0,11
1936,DONNA,263,0,263
1936,DORA,16,0,16
1936,DOREEN,212,0,212
1936,DORIS,200,0,200
1936,DOROTHEA,14,0,14
1936,DOROTHY,483,0,483
1936,MARGUERITE,66,0,66
1936,ANTOINETTE,6,0,6
1936,KENETH,5,5,0
1936,ANNETTE,48,0,48
1936,DAVID,584,584,0
1936,DANIEL,102,102,0
1936,DALTON,13,13,0
1936,DALE,19,19,0
1936,CYRIL,12,12,0
1936,CRAIG,7,7,0
1936,CORNELIUS,7,7,0
1936,CONRAD,15,15,0
1936,COLIN,15,15,0
1936,CLYDE,5,5,0
1936,CLIVE,12,12,0
1936,CLINTON,13,13,0
1936,CLIFFORD,100,100,0
1936,CLEMENT,6,6,0
1936,CLAYTON,33,33,0
1936,CLAUDE,29,29,0
1936,CLARKE,5,5,0
1936,CLARK,5,5,0
1936,CLARENCE,89,89,0
1936,DAWSON,6,6,0
1936,CLARE,8,8,0
1936,DEAN,7,7,0
1936,DENIS,20,20,0
1936,ELDON,17,17,0
1936,EDWIN,63,63,0
1936,EDWARD,684,684,0
1936,EDMUND,20,20,0
1936,EDMOND,8,8,0
1936,EDGAR,25,25,0
1936,EDDIE,6,6,0
1936,EARNEST,8,8,0
1936,EARLE,18,18,0
1936,EARL,105,105,0
1936,DUNCAN,20,20,0
1936,DUANE,8,8,0
1936,DOUGLAS,424,424,0
1936,DON,12,12,0
1936,DOMENICO,6,6,0
1936,DINO,7,7,0
1936,DESMOND,6,6,0
1936,DENTON,5,5,0
1936,DENNIS,68,68,0
1936,DELBERT,15,15,0
1936,ELGIN,10,10,0
1936,CHRISTOPHER,17,17,0
1936,CHARLIE,11,11,0
1936,AUGUST,7,7,0
1936,AUBREY,6,6,0
1936,ARTHUR,224,224,0
1936,ARNOLD,73,73,0
1936,ARMAND,8,8,0
1936,ARDEN,8,8,0
1936,ARCHIE,14,14,0
1936,ARCHIBALD,20,20,0
1936,ANTONIO,7,7,0
1936,ANTHONY,44,44,0
1936,ANGUS,13,13,0
1936,ANGELO,12,12,0
1936,ANDREW,68,68,0
1936,ANDRE,11,11,0
1936,AMBROSE,5,5,0
1936,ALVIN,46,46,0
1936,ALPHONSE,6,6,0
1936,ALLEN,68,68,0
1936,ALLAN,173,173,0
1936,AUSTIN,6,6,0
1936,CHESTER,15,15,0
1936,BARRIE,11,11,0
1936,BASIL,19,19,0
1936,CHARLES,494,494,0
1936,CECIL,60,60,0
1936,CARL,142,142,0
1936,CAMERON,12,12,0
1936,CALVIN,28,28,0
1936,BURTON,10,10,0
1936,BRYCE,5,5,0
1936,BRYAN,12,12,0
1936,BRUNO,8,8,0
1936,BRUCE,210,210,0
1936,BRIAN,58,58,0
1936,BRADLEY,10,10,0
1936,BOBBY,9,9,0
1936,BILLY,7,7,0
1936,BILL,9,9,0
1936,BERTRAM,11,11,0
1936,BERT,14,14,0
1936,BERNARD,104,104,0
1936,BENJAMIN,15,15,0
1936,BARRY,70,70,0
1936,ALFRED,98,98,0
1936,ELIAS,5,5,0
1936,ELMER,35,35,0
1936,IVAN,57,57,0
1936,IRWIN,12,12,0
1936,IRVING,11,11,0
1936,IRVIN,10,10,0
1936,IAN,41,41,0
1936,HUGH,75,75,0
1936,HUBERT,25,25,0
1936,HOWARD,135,135,0
1936,HORACE,5,5,0
1936,HERMAN,10,10,0
1936,HERBERT,96,96,0
1936,HENRY,109,109,0
1936,HENRI,13,13,0
1936,HECTOR,20,20,0
1936,HARVEY,98,98,0
1936,HARRY,149,149,0
1936,HARRIS,5,5,0
1936,HAROLD,263,263,0
1936,HARLEY,6,6,0
1936,J,14,14,0
1936,GUY,19,19,0
1936,JACK,157,157,0
1936,JACOB,12,12,0
1936,KELVIN,5,5,0
1936,KEITH,133,133,0
1936,KARL,20,20,0
1936,JUNIOR,6,6,0
1936,JULIUS,10,10,0
1936,JOSEPHE,5,5,0
1936,JOS,47,47,0
1936,JON,10,10,0
1936,JOHNNY,7,7,0
1936,JOHN,2069,2069,0
1936,JOEL,11,11,0
1936,JOE,8,8,0
1936,JIMMY,11,11,0
1936,JERRY,27,27,0
1936,JEROME,31,31,0
1936,JERALD,6,6,0
1936,JEAN-PAUL,6,6,0
1936,JAMES,1326,1326,0
1936,JACQUES,12,12,0
1936,JACKIE,19,19,0
1936,ELLIS,5,5,0
1936,GREGORY,21,21,0
1936,GRAHAM,25,25,0
1936,FREDERICK,238,238,0
1936,FREDERIC,12,12,0
1936,FREDDIE,5,5,0
1936,FRED,30,30,0
1936,FRANKLIN,40,40,0
1936,FRANK,174,174,0
1936,FRANCOIS,5,5,0
1936,FLOYD,34,34,0
1936,FERNAND,9,9,0
1936,EVERETT,8,8,0
1936,EVAN,5,5,0
1936,EUGENE,51,51,0
1936,ERVIN,8,8,0
1936,ERNEST,150,150,0
1936,ERIC,52,52,0
1936,EMILE,14,14,0
1936,EMIL,6,6,0
1936,EMERSON,7,7,0
1936,ELWOOD,14,14,0
1936,FREDRIC,8,8,0
1936,GRANT,37,37,0
1936,FREDRICK,69,69,0
1936,GARFIELD,7,7,0
1936,GORDON,409,409,0
1936,GORDEN,10,10,0
1936,GODFREY,5,5,0
1936,GLENN,66,66,0
1936,GLENDON,5,5,0
1936,GLEN,78,78,0
1936,GIOVANNI,8,8,0
1936,GINO,8,8,0
1936,GILLES,10,10,0
1936,GILBERT,40,40,0
1936,GERARD,21,21,0
1936,GERALD,417,417,0
1936,GEORGES,6,6,0
1936,GEORGE,819,819,0
1936,GENE,10,10,0
1936,GARY,152,152,0
1936,GARTH,7,7,0
1936,GARRY,47,47,0
1936,GARNET,26,26,0
1936,GABRIEL,6,6,0
1936,ANNIE,107,0,107
1936,ALEXANDER,97,97,0
1936,ALEC,5,5,0
1936,SIDNEY,29,29,0
1936,SIMON,8,8,0
1936,SOLOMON,5,5,0
1936,STANLEY,165,165,0
1936,STEPHEN,48,48,0
1936,STEVE,15,15,0
1936,STEVEN,9,9,0
1936,STEWART,25,25,0
1936,STUART,25,25,0
1936,SYDNEY,19,19,0
1936,SYLVESTER,5,5,0
1936,TEDDY,10,10,0
1936,TERENCE,25,25,0
1936,TERRANCE,22,22,0
1936,TERRENCE,25,25,0
1936,TERRY,12,12,0
1936,THEODORE,27,27,0
1936,THOMAS,505,505,0
1936,TIMOTHY,14,14,0
1936,SHERMAN,7,7,0
1936,TREVOR,5,5,0
1936,SHELDON,12,12,0
1936,SAUL,5,5,0
1936,RICHARD,337,337,0
1936,ROBERT,1870,1870,0
1936,ROBIN,8,8,0
1936,RODERICK,28,28,0
1936,RODGER,8,8,0
1936,RODNEY,21,21,0
1936,ROGER,113,113,0
1936,ROLAND,29,29,0
1936,ROLLAND,15,15,0
1936,ROMEO,8,8,0
1936,RONALD,918,918,0
1936,ROSS,128,128,0
1936,ROY,161,161,0
1936,ROYCE,8,8,0
1936,RUDOLPH,11,11,0
1936,RUSSEL,28,28,0
1936,RUSSELL,81,81,0
1936,SALVATORE,5,5,0
1936,SAMUEL,64,64,0
1936,SEYMOUR,5,5,0
1936,RHEAL,6,6,0
1936,VERNE,10,10,0
1936,VICTOR,82,82,0
1936,ADELINE,12,0,12
1936,ADRIENNE,9,0,9
1936,AGNES,75,0,75
1936,AILEEN,13,0,13
1936,ALBERTA,14,0,14
1936,ALEXANDRA,8,0,8
1936,ALFREDA,6,0,6
1936,ALICE,170,0,170
1936,ALINE,21,0,21
1936,ALISON,8,0,8
1936,ALMA,30,0,30
1936,AMY,15,0,15
1936,ANGELA,12,0,12
1936,ANITA,42,0,42
1936,ANN,121,0,121
1936,ANNA,116,0,116
1936,ANNABELLE,8,0,8
1936,ANNE,131,0,131
1936,ANNETTA,9,0,9
1936,ADELE,13,0,13
1936,VERNON,30,30,0
1936,ADA,26,0,26
1936,MARGERY,11,0,11
1936,VINCENT,36,36,0
1936,WALLACE,32,32,0
1936,WALTER,237,237,0
1936,WARREN,40,40,0
1936,WAYNE,69,69,0
1936,WESLEY,28,28,0
1936,WILBERT,31,31,0
1936,WILBUR,5,5,0
1936,WILFORD,5,5,0
1936,WILFRED,71,71,0
1936,WILFRID,14,14,0
1936,WILLARD,17,17,0
1936,WILLIE,5,5,0
1936,WILLIS,7,7,0
1936,WILMER,6,6,0
1936,WILSON,6,6,0
1936,WINSTON,6,6,0
1936,WM,7,7,0
1936,YVON,10,10,0
1936,KENNETH,553,553,0
1936,ALEX,20,20,0
1936,RENE,23,23,0
1936,REINO,6,6,0
1936,LORNE,81,81,0
1936,LOUIS,75,75,0
1936,LOYD,10,10,0
1936,LUCIEN,14,14,0
1936,LUIGI,5,5,0
1936,LYALL,5,5,0
1936,LYLE,30,30,0
1936,LYNN,5,5,0
1936,MALCOLM,32,32,0
1936,MARCEL,25,25,0
1936,MARIO,5,5,0
1936,MARK,14,14,0
1936,MARSHALL,7,7,0
1936,MARTIN,47,47,0
1936,MARVIN,82,82,0
1936,MARVYN,5,5,0
1936,MATTHEW,9,9,0
1936,MAURICE,82,82,0
1936,MAX,9,9,0
1936,LLOYD,122,122,0
1936,MAXWELL,11,11,0
1936,LIONEL,29,29,0
1936,LESTER,6,6,0
1936,ALBERT,223,223,0
1936,ALAN,66,66,0
1936,ADAM,8,8,0
1936,ABRAHAM,6,6,0
1936,AARON,6,6,0
1936,KENT,6,6,0
1936,KEVIN,10,10,0
1936,LARRY,74,74,0
1936,LAURENCE,30,30,0
1936,LAURENT,10,10,0
1936,LAVERNE,12,12,0
1936,LAWRENCE,191,191,0
1936,LEE,5,5,0
1936,LENARD,13,13,0
1936,LEO,93,93,0
1936,LEON,19,19,0
1936,LEONARD,160,160,0
1936,LEROY,19,19,0
1936,LESLIE,58,58,0
1936,LEWIS,23,23,0
1936,REMI,5,5,0
1936,MAYNARD,6,6,0
1936,MELVIN,56,56,0
1936,OLIVER,12,12,0
1936,OMER,9,9,0
1936,ORVAL,17,17,0
1936,ORVILLE,17,17,0
1936,OSCAR,13,13,0
1936,OWEN,13,13,0
1936,PATRICK,130,130,0
1936,PAUL,332,332,0
1936,PERCY,22,22,0
1936,PETER,282,282,0
1936,PHILIP,64,64,0
1936,PHILLIP,21,21,0
1936,PIERRE,11,11,0
1936,RALPH,146,146,0
1936,RAMON,5,5,0
1936,RAY,37,37,0
1936,RAYMOND,257,257,0
1936,REAL,8,8,0
1936,REGINALD,83,83,0
1936,NORRIS,5,5,0
1936,MELVILLE,17,17,0
1936,NORMAND,5,5,0
1936,NOEL,21,21,0
1936,MELVYN,6,6,0
1936,MERLYN,5,5,0
1936,MERVIN,29,29,0
1936,MERVYN,24,24,0
1936,MICHAEL,180,180,0
1936,MICHEAL,7,7,0
1936,MIKE,15,15,0
1936,MILTON,31,31,0
1936,MORGAN,5,5,0
1936,MORLEY,24,24,0
1936,MORRIS,31,31,0
1936,MORTON,6,6,0
1936,MURRAY,148,148,0
1936,MURRY,7,7,0
1936,MYRON,5,5,0
1936,NEIL,42,42,0
1936,NELSON,29,29,0
1936,NICHOLAS,19,19,0
1936,NICK,11,11,0
1936,NORMAN,281,281,0
1936,MARGARETTE,7,0,7
1937,THOMAS,494,494,0
1937,ADELE,8,0,8
1937,DEAN,11,11,0
1937,DELBERT,15,15,0
1937,DELMAR,5,5,0
1937,DELMER,6,6,0
1937,DENIS,14,14,0
1937,DENNIS,60,60,0
1937,DEREK,5,5,0
1937,DESMOND,5,5,0
1937,DINO,9,9,0
1937,DOMINIC,7,7,0
1937,DON,5,5,0
1937,DOUGLAS,432,432,0
1937,DOUGLASS,5,5,0
1937,DUANE,6,6,0
1937,DUNCAN,18,18,0
1937,DWAYNE,5,5,0
1937,EARL,117,117,0
1937,EARLE,7,7,0
1937,EARNEST,15,15,0
1937,DAVID,720,720,0
1937,EDDIE,10,10,0
1937,DARWIN,5,5,0
1937,DANIEL,121,121,0
1937,CHARLIE,7,7,0
1937,CHESTER,13,13,0
1937,CHRISTOPHER,15,15,0
1937,CLAIR,9,9,0
1937,CLARENCE,81,81,0
1937,CLARK,6,6,0
1937,CLAUDE,22,22,0
1937,CLAYTON,23,23,0
1937,CLIFFORD,103,103,0
1937,CLIFTON,5,5,0
1937,CLINTON,10,10,0
1937,CLIVE,5,5,0
1937,CLYDE,7,7,0
1937,COLIN,17,17,0
1937,CRAIG,7,7,0
1937,CURTIS,5,5,0
1937,CYRIL,12,12,0
1937,DALE,28,28,0
1937,DALTON,12,12,0
1937,DANNY,7,7,0
1937,CHARLES,492,492,0
1937,EDGAR,40,40,0
1937,EDMUND,31,31,0
1937,FREDRIC,5,5,0
1937,FREDRICK,62,62,0
1937,GABRIEL,5,5,0
1937,GARFIELD,17,17,0
1937,GARNET,39,39,0
1937,GARRY,55,55,0
1937,GARY,206,206,0
1937,GASTON,6,6,0
1937,GENE,7,7,0
1937,GEOFFREY,9,9,0
1937,GEORGE,803,803,0
1937,GEORGES,8,8,0
1937,GERALD,434,434,0
1937,GERARD,20,20,0
1937,GERRARD,5,5,0
1937,GILBERT,46,46,0
1937,GILLES,10,10,0
1937,GIOVANNI,5,5,0
1937,GLEN,65,65,0
1937,FREDERICK,286,286,0
1937,EDMOND,17,17,0
1937,FREDERIC,9,9,0
1937,FRASER,5,5,0
1937,EDWARD,571,571,0
1937,EDWIN,58,58,0
1937,ELDON,20,20,0
1937,ELGIN,11,11,0
1937,ELMER,35,35,0
1937,ELTON,6,6,0
1937,ELVIN,5,5,0
1937,ELWOOD,13,13,0
1937,EMIL,7,7,0
1937,EMILE,9,9,0
1937,ERIC,53,53,0
1937,ERNEST,123,123,0
1937,EUGENE,48,48,0
1937,EVAN,8,8,0
1937,EVERETT,10,10,0
1937,FERNAND,9,9,0
1937,FLOYD,31,31,0
1937,FRANK,167,167,0
1937,FRANKLIN,28,28,0
1937,FRED,26,26,0
1937,GLENN,59,59,0
1937,CECIL,55,55,0
1937,CARL,162,162,0
1937,VERNA,66,0,66
1937,VERONICA,24,0,24
1937,VICTORIA,19,0,19
1937,VIOLA,33,0,33
1937,VIOLET,69,0,69
1937,VIRGINIA,59,0,59
1937,VIVIAN,48,0,48
1937,WANDA,36,0,36
1937,WENDY,12,0,12
1937,WILDA,11,0,11
1937,WILLIAM,1711,1699,12
1937,WILMA,46,0,46
1937,WINIFRED,8,0,8
1937,WINNIFRED,36,0,36
1937,YVETTE,9,0,9
1937,YVONNE,89,0,89
1937,ABRAHAM,6,6,0
1937,ADAM,13,13,0
1937,ALAN,72,72,0
1937,VERA,59,0,59
1937,ALBERT,232,232,0
1937,VELMA,42,0,42
1937,VALERIE,28,0,28
1937,SHIELA,8,0,8
1937,SHIRLEY,984,6,978
1937,SHIRLY,9,0,9
1937,SIMONE,7,0,7
1937,SONDRA,6,0,6
1937,SONIA,11,0,11
1937,SONJA,13,0,13
1937,SONYA,13,0,13
1937,SOPHIA,6,0,6
1937,SOPHIE,6,0,6
1937,STELLA,38,0,38
1937,SUSAN,40,0,40
1937,SUZANNE,25,0,25
1937,SYBIL,6,0,6
1937,SYLVIA,150,0,150
1937,TERESA,31,0,31
1937,THELMA,64,0,64
1937,THERESA,58,0,58
1937,THERESE,28,0,28
1937,VELDA,6,0,6
1937,CARMAN,14,14,0
1937,ALEC,11,11,0
1937,ALEXANDER,96,96,0
1937,BARRY,58,58,0
1937,BASIL,20,20,0
1937,BENJAMIN,17,17,0
1937,BERNARD,111,111,0
1937,BERTRAM,7,7,0
1937,BILL,5,5,0
1937,BILLY,6,6,0
1937,BOBBY,7,7,0
1937,BORIS,5,5,0
1937,BRADLEY,6,6,0
1937,BRIAN,74,74,0
1937,BRUCE,205,205,0
1937,BRUNO,5,5,0
1937,BRYAN,20,20,0
1937,BUDDY,6,6,0
1937,BURTON,7,7,0
1937,BYRON,5,5,0
1937,CALVIN,28,28,0
1937,CAMERON,15,15,0
1937,BARRIE,11,11,0
1937,ALEX,9,9,0
1937,AUSTIN,12,12,0
1937,AUBREY,9,9,0
1937,ALFRED,107,107,0
1937,ALLAN,169,169,0
1937,ALLEN,62,62,0
1937,ALPHONSE,7,7,0
1937,ALTON,6,6,0
1937,ALVIN,61,61,0
1937,AMBROSE,6,6,0
1937,ANDRE,28,28,0
1937,ANDREW,71,71,0
1937,ANDY,5,5,0
1937,ANGELO,6,6,0
1937,ANGUS,13,13,0
1937,ANTHONY,59,59,0
1937,ANTONIO,12,12,0
1937,ARCHIBALD,17,17,0
1937,ARCHIE,10,10,0
1937,ARMAND,13,13,0
1937,ARNOLD,89,89,0
1937,ARTHUR,226,226,0
1937,AURELE,6,6,0
1937,SHERLEY,7,0,7
1937,GORDEN,8,8,0
1937,GRAHAM,21,21,0
1937,PIERRE,11,11,0
1937,RAE,7,7,0
1937,RALPH,173,173,0
1937,RAY,37,37,0
1937,RAYMOND,274,274,0
1937,REAL,9,9,0
1937,REGINALD,56,56,0
1937,RENE,28,28,0
1937,RHEAL,6,6,0
1937,RICHARD,364,364,0
1937,RODERICK,22,22,0
1937,RODGER,12,12,0
1937,RODNEY,18,18,0
1937,ROGER,115,115,0
1937,ROLAND,42,42,0
1937,ROLLAND,12,12,0
1937,ROMEO,9,9,0
1937,RONALD,894,894,0
1937,ROSS,101,101,0
1937,PHILLIP,27,27,0
1937,ROY,130,130,0
1937,PHILIP,60,60,0
1937,PERRY,5,5,0
1937,MORRIS,24,24,0
1937,MORTON,5,5,0
1937,MURRAY,127,127,0
1937,NEIL,48,48,0
1937,NELSON,32,32,0
1937,NICHOLAS,19,19,0
1937,NICK,7,7,0
1937,NOEL,12,12,0
1937,NORMAN,268,268,0
1937,NORMAND,6,6,0
1937,OLIVER,9,9,0
1937,ORVAL,12,12,0
1937,ORVILLE,21,21,0
1937,OSCAR,10,10,0
1937,OWEN,10,10,0
1937,PATRICK,101,101,0
1937,PAUL,331,331,0
1937,PERCIVAL,6,6,0
1937,PERCY,26,26,0
1937,PETER,290,290,0
1937,MORLEY,24,24,0
1937,RUDOLPH,13,13,0
1937,RUSSELL,67,67,0
1937,VERNON,42,42,0
1937,VICTOR,98,98,0
1937,VINCENT,46,46,0
1937,WALLACE,45,45,0
1937,WALTER,223,223,0
1937,WARREN,35,35,0
1937,WAYNE,99,99,0
1937,WESLEY,19,19,0
1937,WILBERT,27,27,0
1937,WILFRED,84,84,0
1937,WILFRID,16,16,0
1937,WILLARD,24,24,0
1937,WILLIS,10,10,0
1937,WILMER,7,7,0
1937,WILSON,12,12,0
1937,WM,9,9,0
1937,WRAY,5,5,0
1937,YVON,7,7,0
1937,ADA,22,0,22
1937,UNNAMED,5,5,0
1937,RUSSEL,25,25,0
1937,TREVOR,6,6,0
1937,TIMOTHY,11,11,0
1937,SALVATORE,6,6,0
1937,SAM,6,6,0
1937,SAMUEL,55,55,0
1937,SCOTT,5,5,0
1937,SHELDON,9,9,0
1937,SHERMAN,7,7,0
1937,SIDNEY,13,13,0
1937,STANLEY,195,195,0
1937,STEPHEN,46,46,0
1937,STEVE,18,18,0
1937,STEWART,17,17,0
1937,STUART,22,22,0
1937,SYDNEY,18,18,0
1937,TEDDY,9,9,0
1937,TERENCE,20,20,0
1937,TERRANCE,31,31,0
1937,TERRENCE,41,41,0
1937,TERRY,14,14,0
1937,THEODORE,32,32,0
1937,TOM,7,7,0
1937,GORDON,393,393,0
1937,MITCHELL,10,10,0
1937,MIKE,15,15,0
1937,JACOB,15,15,0
1937,JACQUES,12,12,0
1937,JEROME,23,23,0
1937,JERRY,39,39,0
1937,JIM,10,10,0
1937,JIMMIE,5,5,0
1937,JOE,13,13,0
1937,JOEL,6,6,0
1937,JON,16,16,0
1937,JOS,31,31,0
1937,JOSEPHE,6,6,0
1937,JULIEN,5,5,0
1937,JULIUS,7,7,0
1937,JUNIOR,5,5,0
1937,KARL,37,37,0
1937,KEITH,103,103,0
1937,KENNETH,585,585,0
1937,KENT,7,7,0
1937,KERRY,5,5,0
1937,JACKIE,19,19,0
1937,LARRY,111,111,0
1937,JACK,132,132,0
1937,IVAN,56,56,0
1937,GRANT,43,43,0
1937,GRAYDON,5,5,0
1937,GREGORY,18,18,0
1937,GUY,14,14,0
1937,HAROLD,256,256,0
1937,HARRY,123,123,0
1937,HARVEY,82,82,0
1937,HECTOR,12,12,0
1937,HENRY,81,81,0
1937,HERBERT,104,104,0
1937,HERMAN,13,13,0
1937,HOWARD,109,109,0
1937,HUBERT,21,21,0
1937,HUGH,77,77,0
1937,IAN,48,48,0
1937,IRVIN,12,12,0
1937,IRVINE,6,6,0
1937,IRVING,10,10,0
1937,IRWIN,9,9,0
1937,J,20,20,0
1937,MILTON,37,37,0
1937,LAURENCE,32,32,0
1937,LAVERNE,11,11,0
1937,MARIO,5,5,0
1937,MARK,8,8,0
1937,MARTIN,54,54,0
1937,MARVIN,63,63,0
1937,MATHEW,5,5,0
1937,MATTHEW,11,11,0
1937,MAURICE,65,65,0
1937,MAX,7,7,0
1937,MAXWELL,10,10,0
1937,MELVILLE,14,14,0
1937,MELVIN,57,57,0
1937,MELVYN,10,10,0
1937,MERRILL,5,5,0
1937,MERVIN,31,31,0
1937,MERVYN,17,17,0
1937,MEYER,5,5,0
1937,MICHAEL,193,193,0
1937,MICHEAL,18,18,0
1937,MICHEL,5,5,0
1937,MARCEL,26,26,0
1937,LAURENT,8,8,0
1937,MALCOM,5,5,0
1937,LYNN,5,5,0
1937,LAWRENCE,209,209,0
1937,LELAND,6,6,0
1937,LENARD,13,13,0
1937,LEO,84,84,0
1937,LEON,17,17,0
1937,LEONARD,121,121,0
1937,LEONEL,5,5,0
1937,LEROY,17,17,0
1937,LESLIE,59,59,0
1937,LESTER,9,9,0
1937,LEWIS,30,30,0
1937,LIONEL,22,22,0
1937,LLOYD,105,105,0
1937,LORNE,88,88,0
1937,LOWELL,8,8,0
1937,LOYD,6,6,0
1937,LUCIEN,15,15,0
1937,LUIGI,8,8,0
1937,LYLE,34,34,0
1937,MALCOLM,27,27,0
1937,SHEILA,162,0,162
1937,CONRAD,9,9,0
1937,SARAH,55,0,55
1937,ELVA,17,0,17
1937,EMILY,33,0,33
1937,EMMA,19,0,19
1937,ENID,7,0,7
1937,ERMA,14,0,14
1937,ERNA,7,0,7
1937,ESTHER,41,0,41
1937,ETHEL,63,0,63
1937,ETTA,8,0,8
1937,EUNICE,19,0,19
1937,EVA,72,0,72
1937,EVANGELINE,6,0,6
1937,EVELINE,6,0,6
1937,EVELYN,187,0,187
1937,FAITH,11,0,11
1937,FAY,13,0,13
1937,FAYE,13,0,13
1937,FERN,25,0,25
1937,FERNANDE,6,0,6
1937,ELSIE,100,0,100
1937,FLORA,19,0,19
1937,ELSA,6,0,6
1937,ELLA,23,0,23
1937,DORIS,192,0,192
1937,DOROTHEA,10,0,10
1937,DOROTHY,422,0,422
1937,DORTHY,21,0,21
1937,EARLA,6,0,6
1937,EDITH,124,0,124
1937,EDNA,103,0,103
1937,EDYTHE,12,0,12
1937,EFFIE,7,0,7
1937,EILEEN,93,0,93
1937,EILLEEN,6,0,6
1937,ELAINE,108,0,108
1937,ELEANOR,204,0,204
1937,ELEANORE,10,0,10
1937,ELENOR,10,0,10
1937,ELINOR,20,0,20
1937,ELISABETH,7,0,7
1937,ELIZABETH,549,0,549
1937,ELIZEBETH,26,0,26
1937,ELLEN,63,0,63
1937,DOREEN,208,0,208
1937,FLORANCE,6,0,6
1937,FLOSSIE,7,0,7
1937,HARRIET,21,0,21
1937,HARRIETT,8,0,8
1937,HAZEL,58,0,58
1937,HEATHER,26,0,26
1937,HELEN,578,0,578
1937,HELENA,10,0,10
1937,HELENE,18,0,18
1937,HELLEN,15,0,15
1937,HILDA,43,0,43
1937,IDA,41,0,41
1937,ILA,8,0,8
1937,ILEEN,6,0,6
1937,ILENE,11,0,11
1937,INA,15,0,15
1937,INEZ,14,0,14
1937,INFANT,93,49,44
1937,INGRID,6,0,6
1937,IONA,9,0,9
1937,IRENA,6,0,6
1937,HANNAH,7,0,7
1937,FLORENCE,164,0,164
1937,GWENDOLYN,52,0,52
1937,GRETA,9,0,9
1937,FRANCES,219,11,208
1937,FRANCIS,222,175,47
1937,FRANCOISE,6,0,6
1937,FREDA,28,0,28
1937,GAIL,96,0,96
1937,GALE,10,0,10
1937,GAYLE,18,0,18
1937,GENEVIEVE,7,0,7
1937,GEORGETTE,13,0,13
1937,GEORGINA,41,0,41
1937,GERALDINE,93,0,93
1937,GERMAINE,8,0,8
1937,GERTRUDE,56,0,56
1937,GISELE,7,0,7
1937,GLADYS,104,0,104
1937,GLENDA,25,0,25
1937,GLENNA,12,0,12
1937,GLORIA,139,0,139
1937,GRACE,117,0,117
1937,GWENDOLINE,6,0,6
1937,DORA,32,0,32
1937,DONNA,420,0,420
1937,DONELDA,7,0,7
1937,ARLENE,86,0,86
1937,ARLINE,19,0,19
1937,AUDREY,199,0,199
1937,AUDRY,9,0,9
1937,BABE,9,0,9
1937,BABY,579,320,259
1937,BARBARA,887,0,887
1937,BARBRA,11,0,11
1937,BEATRICE,78,0,78
1937,BERNADETTE,16,0,16
1937,BERNICE,90,0,90
1937,BERTHA,37,0,37
1937,BERYL,9,0,9
1937,BESSIE,22,0,22
1937,BETTE,9,0,9
1937,BETTY,320,0,320
1937,BEULAH,15,0,15
1937,BEVERLEY,277,20,257
1937,BEVERLY,235,21,214
1937,ANTOINETTE,10,0,10
1937,BLANCHE,18,0,18
1937,ANNIE,87,0,87
1937,ANNE,139,0,139
1937,ADELINE,8,0,8
1937,ADRIENNE,6,0,6
1937,AGNES,79,0,79
1937,AILEEN,14,0,14
1937,ALBERTA,14,0,14
1937,ALEXANDRA,8,0,8
1937,ALICE,167,0,167
1937,ALINE,12,0,12
1937,ALISON,7,0,7
1937,ALMA,32,0,32
1937,AMELIA,13,0,13
1937,AMY,15,0,15
1937,ANGELA,18,0,18
1937,ANGELINE,14,0,14
1937,ANITA,51,0,51
1937,ANJA,6,0,6
1937,ANN,124,0,124
1937,ANNA,116,0,116
1937,ANNABELLE,7,0,7
1937,ANNETTE,36,0,36
1937,BONNIE,23,0,23
1937,BRENDA,13,0,13
1937,BRIDGET,8,0,8
1937,CYNTHIA,15,0,15
1937,DAISY,18,0,18
1937,DAPHNE,8,0,8
1937,DARLENE,24,0,24
1937,SHARON,41,0,41
1937,DEANNA,56,0,56
1937,DEANNE,7,0,7
1937,DEBORAH,7,0,7
1937,DELIA,6,0,6
1937,DELLA,10,0,10
1937,DELORES,24,0,24
1937,DENISE,23,0,23
1937,DIANA,37,0,37
1937,DIANE,93,0,93
1937,DIANNE,25,0,25
1937,DOLORES,64,0,64
1937,DONA,31,0,31
1937,DONALD,1181,1175,6
1937,DONALDA,14,0,14
1937,CORINNE,8,0,8
1937,CORA,17,0,17
1937,CONSTANCE,58,0,58
1937,COLLEEN,37,0,37
1937,CARMEL,9,0,9
1937,CAROL,350,7,343
1937,CAROLE,140,0,140
1937,CAROLINE,37,0,37
1937,CAROLYN,84,0,84
1937,CARROL,15,0,15
1937,CATHARINE,27,0,27
1937,CATHERINE,170,0,170
1937,CECELIA,13,0,13
1937,IRENE,175,0,175
1937,CECILE,24,0,24
1937,CHARLOTTE,36,0,36
1937,CHRISTINA,28,0,28
1937,CHRISTINE,13,0,13
1937,CLAIRE,25,5,20
1937,CLARA,51,0,51
1937,CLARE,25,15,10
1937,CLARICE,6,0,6
1937,CLAUDETTE,21,0,21
1937,CLAUDIA,6,0,6
1937,CECILIA,13,0,13
1937,IRIS,24,0,24
1937,DAWN,26,0,26
1937,ISABEL,36,0,36
1937,MAY,22,0,22
1937,MELBA,10,0,10
1937,MELVA,6,0,6
1937,MERILYN,9,0,9
1937,MERLE,27,6,21
1937,MERNA,6,0,6
1937,MILDRED,89,0,89
1937,MILLICENT,8,0,8
1937,MINNIE,7,0,7
1937,MIRIAM,18,0,18
1937,MOLLY,9,0,9
1937,MONA,19,0,19
1937,MONICA,12,0,12
1937,MONIQUE,7,0,7
1937,MURIEL,101,0,101
1937,MYRA,7,0,7
1937,MYRNA,84,0,84
1937,MYRTLE,32,0,32
1937,NANCY,215,0,215
1937,MAXINE,25,0,25
1937,NAOMI,6,0,6
1937,MAVIS,22,0,22
1937,MATILDA,7,0,7
1937,MARIA,40,0,40
1937,MARIAN,72,0,72
1937,MARIANNE,12,0,12
1937,MARIE,2178,10,2168
1937,MARILYN,489,0,489
1937,MARILYNN,15,0,15
1937,MARINA,12,0,12
1937,MARION,296,0,296
1937,MARJORIE,212,0,212
1937,MARJORY,30,0,30
1937,MARLENE,304,0,304
1937,MARLINE,6,0,6
1937,MARLYN,24,0,24
1937,MARSHA,6,0,6
1937,MARTHA,55,0,55
1937,MARY,1943,7,1936
1937,MARYLIN,10,0,10
1937,MARYLN,7,0,7
1937,MARYLYN,6,0,6
1937,MAUREEN,53,0,53
1937,MARGUERITE,70,0,70
1937,NATALIE,8,0,8
1937,NELLIE,24,0,24
1937,RETA,34,0,34
1937,REVA,8,0,8
1937,RHODA,10,0,10
1937,RITA,86,0,86
1937,ROBERT,2026,2015,11
1937,ROBERTA,53,0,53
1937,ROCHELLE,10,0,10
1937,ROSALIE,13,0,13
1937,ROSE,159,0,159
1937,ROSEMARIE,13,0,13
1937,ROSEMARY,46,0,46
1937,ROSIE,13,0,13
1937,RUBY,67,0,67
1937,RUTH,342,0,342
1937,SADIE,12,0,12
1937,SALLY,51,0,51
1937,SANDRA,177,0,177
1937,SARA,10,0,10
1937,IRMA,16,0,16
1937,RENA,7,0,7
1937,NELDA,9,0,9
1937,REBECCA,6,0,6
1937,PIERRETTE,6,0,6
1937,NINA,12,0,12
1937,NOLA,7,0,7
1937,NORA,37,0,37
1937,NOREEN,21,0,21
1937,NORMA,183,0,183
1937,OLGA,36,0,36
1937,OLIVE,29,0,29
1937,PAMELA,15,0,15
1937,PATRICA,18,0,18
1937,PATRICIA,736,0,736
1937,PATSY,17,0,17
1937,PAULA,10,0,10
1937,PAULINE,71,0,71
1937,PEARL,38,0,38
1937,PEGGY,22,0,22
1937,PENELOPE,7,0,7
1937,PHOEBE,7,0,7
1937,PHYLIS,12,0,12
1937,PHYLLIS,119,0,119
1937,RACHEL,13,0,13
1937,MARGRET,31,0,31
1937,NORINE,10,0,10
1937,MARGORIE,9,0,9
1937,JOANN,7,0,7
1937,JOANNE,91,0,91
1937,JOHN,1922,1914,8
1937,JOSEPH,2712,2694,18
1937,JOSEPHINE,54,0,54
1937,JOY,26,0,26
1937,JOYCE,279,0,279
1937,JUANITA,12,0,12
1937,JUDITH,77,0,77
1937,JULIA,45,0,45
1937,JULIETTE,8,0,8
1937,JUNE,169,0,169
1937,KAREN,22,0,22
1937,KATHALEEN,9,0,9
1937,KATHARINE,14,0,14
1937,KATHERINE,52,0,52
1937,KATHLEEN,168,0,168
1937,KATHRINE,6,0,6
1937,KATHRYN,34,0,34
1937,JOAN,716,0,716
1937,KATIE,6,0,6
1937,JO-ANN,8,0,8
1937,JENNIE,19,0,19
1937,ISABELLA,14,0,14
1937,ISABELLE,17,0,17
1937,MARGOT,7,0,7
1937,ISOBEL,13,0,13
1937,IVA,7,0,7
1937,IVY,9,0,9
1937,JACQUELINE,121,0,121
1937,JAMES,1315,1308,7
1937,JANE,79,0,79
1937,JANET,174,0,174
1937,JANETTE,8,0,8
1937,JANICE,51,0,51
1937,JEAN,394,82,312
1937,JEANETTE,76,0,76
1937,JEANIE,7,0,7
1937,JEANINE,7,0,7
1937,JEANNE,18,0,18
1937,JEANNETTE,28,0,28
1937,JEANNINE,17,0,17
1937,JILL,15,0,15
1937,KAY,8,0,8
1937,JESSIE,46,0,46
1937,LAURENE,6,0,6
1937,LUCIA,6,0,6
1937,LUCILLE,32,0,32
1937,LUCY,35,0,35
1937,LUELLA,10,0,10
1937,LYDIA,10,0,10
1937,LYNDA,9,0,9
1937,LYNNE,8,0,8
1937,MABEL,39,0,39
1937,MABLE,10,0,10
1937,MADELEINE,17,0,17
1937,MADELINE,26,0,26
1937,MAE,19,0,19
1937,MARCIA,11,0,11
1937,MARGARET,1025,0,1025
1937,MARGARETTE,6,0,6
1937,LAURA,59,0,59
1937,MARGERET,7,0,7
1937,MARGERY,15,0,15
1937,MARGO,8,0,8
1937,LOUISE,58,0,58
1937,LOUIS,68,61,7
1937,M,11,0,11
1937,LORNA,67,0,67
1937,LEAH,9,0,9
1937,LENA,16,0,16
1937,LORRAINE,92,0,92
1937,LAURETTA,6,0,6
1937,LENORA,12,0,12
1937,LENORE,18,0,18
1937,LEONA,50,0,50
1937,LEILA,7,0,7
1937,LILIAN,18,0,18
1937,LILLIAN,122,0,122
1937,LILLY,6,0,6
1937,LILA,17,0,17
1937,LILY,13,0,13
1937,LORETTA,45,0,45
1937,LORENE,10,0,10
1937,LORAINE,29,0,29
1937,LOREEN,7,0,7
1937,LOIS,247,0,247
1937,LINDA,30,0,30
1937,LOLA,17,0,17
1938,GILBERT,42,42,0
1938,GERALD,450,450,0
1938,GILLES,7,7,0
1938,GERARD,20,20,0
1938,GIOVANNI,6,6,0
1938,GIRARD,5,5,0
1938,GEORGE,734,734,0
1938,GLEN,104,104,0
1938,GLENN,56,56,0
1938,GORDEN,6,6,0
1938,HARRY,153,153,0
1938,GRAHAM,22,22,0
1938,GRANT,46,46,0
1938,GREGORY,14,14,0
1938,GUY,24,24,0
1938,HARLEY,8,8,0
1938,HAROLD,246,246,0
1938,HARVEY,104,104,0
1938,HECTOR,14,14,0
1938,HERBERT,99,99,0
1938,GEOFFREY,8,8,0
1938,HENRI,7,7,0
1938,HENRY,98,98,0
1938,GORDON,439,439,0
1938,GENE,9,9,0
1938,FERNAND,16,16,0
1938,GARY,285,285,0
1938,EUGENE,55,55,0
1938,HERMAN,7,7,0
1938,ERWIN,5,5,0
1938,EVAN,7,7,0
1938,EVERETT,13,13,0
1938,EWART,5,5,0
1938,FELIX,6,6,0
1938,FERDINAND,5,5,0
1938,FLOYD,33,33,0
1938,FRANCOIS,7,7,0
1938,FRANK,154,154,0
1938,GEARLD,6,6,0
1938,FRANKLIN,42,42,0
1938,FRED,36,36,0
1938,FREDERIC,13,13,0
1938,FREDERICK,286,286,0
1938,FREDRIC,10,10,0
1938,FREDRICK,60,60,0
1938,GABRIEL,8,8,0
1938,GAETAN,5,5,0
1938,GARFIELD,12,12,0
1938,GARNET,31,31,0
1938,GARRY,92,92,0
1938,GARTH,16,16,0
1938,FRANKLYN,5,5,0
1938,HORACE,6,6,0
1938,LEO,83,83,0
1938,HUBERT,23,23,0
1938,KERRY,7,7,0
1938,KEVIN,7,7,0
1938,LANCE,6,6,0
1938,LARRY,156,156,0
1938,LAURENCE,34,34,0
1938,LAURENT,8,8,0
1938,LAURIE,8,8,0
1938,LAVERNE,9,9,0
1938,LAWRENCE,210,210,0
1938,LEE,9,9,0
1938,LELAND,5,5,0
1938,LENARD,16,16,0
1938,LEON,10,10,0
1938,LEONARD,171,171,0
1938,LEROY,15,15,0
1938,LESTER,12,12,0
1938,LEWIS,29,29,0
1938,LIONEL,36,36,0
1938,LLOYD,122,122,0
1938,LORNE,91,91,0
1938,LOUIE,6,6,0
1938,ERROL,5,5,0
1938,LOUIS,70,70,0
1938,KENNITH,5,5,0
1938,KENNETH,703,703,0
1938,KENETH,7,7,0
1938,KEITH,116,116,0
1938,HUGH,78,78,0
1938,IAN,38,38,0
1938,IRA,5,5,0
1938,IRVIN,8,8,0
1938,IRVINE,5,5,0
1938,IRVING,10,10,0
1938,IVAN,52,52,0
1938,J,15,15,0
1938,JACK,133,133,0
1938,JACKIE,25,25,0
1938,JACOB,11,11,0
1938,HOWARD,127,127,0
1938,JACQUES,12,12,0
1938,JEAN-PAUL,8,8,0
1938,JEFFREY,5,5,0
1938,JEROME,31,31,0
1938,JERRY,35,35,0
1938,JIMMIE,6,6,0
1938,JOE,16,16,0
1938,JOEL,11,11,0
1938,JON,14,14,0
1938,JOS,20,20,0
1938,JULIAN,6,6,0
1938,KARL,25,25,0
1938,JAMES,1421,1421,0
1938,ERNEST,152,152,0
1938,ARCHIBALD,12,12,0
1938,EMIL,5,5,0
1938,BERNARD,87,87,0
1938,BERT,5,5,0
1938,BERTRAM,11,11,0
1938,BILL,8,8,0
1938,BILLY,7,7,0
1938,BLAIR,5,5,0
1938,BLAKE,7,7,0
1938,BOBBY,7,7,0
1938,BOYD,6,6,0
1938,BRADLEY,5,5,0
1938,BRIAN,107,107,0
1938,BRUCE,209,209,0
1938,BRUNO,6,6,0
1938,BRYAN,17,17,0
1938,BUDDY,9,9,0
1938,BURTON,20,20,0
1938,BYRON,5,5,0
1938,CALVIN,32,32,0
1938,CAMERON,19,19,0
1938,CARL,152,152,0
1938,CARLTON,5,5,0
1938,CARMAN,20,20,0
1938,CARSON,6,6,0
1938,BENJAMIN,14,14,0
1938,BASIL,11,11,0
1938,BARRY,106,106,0
1938,BARRIE,8,8,0
1938,LOWELL,7,7,0
1938,ADAM,10,10,0
1938,ADRIAN,6,6,0
1938,ALAN,93,93,0
1938,ALBERT,216,216,0
1938,ALEC,8,8,0
1938,ALEX,16,16,0
1938,ALEXANDER,97,97,0
1938,ALFRED,110,110,0
1938,ALLAN,183,183,0
1938,ALLEN,67,67,0
1938,CECIL,55,55,0
1938,ALPHONSE,7,7,0
1938,ANDRE,20,20,0
1938,ANDREW,70,70,0
1938,ANGUS,7,7,0
1938,ANTHONY,72,72,0
1938,ANTONIO,8,8,0
1938,ARCHIE,16,16,0
1938,ARMAND,8,8,0
1938,ARNOLD,53,53,0
1938,ARTHUR,230,230,0
1938,AUBREY,9,9,0
1938,AUSTIN,10,10,0
1938,ALVIN,50,50,0
1938,ERIC,66,66,0
1938,CHARLES,469,469,0
1938,CHAS,6,6,0
1938,DOMINIC,7,7,0
1938,DON,15,15,0
1938,DONALD,1079,1079,0
1938,DONAT,6,6,0
1938,DOUGLAS,495,495,0
1938,DUNCAN,20,20,0
1938,EARL,99,99,0
1938,EARLE,10,10,0
1938,EARNEST,16,16,0
1938,EDDIE,5,5,0
1938,EDGAR,24,24,0
1938,EDMOND,14,14,0
1938,EDMUND,24,24,0
1938,EDWARD,523,523,0
1938,EDWIN,66,66,0
1938,ELDON,14,14,0
1938,ELGIN,6,6,0
1938,ELMER,32,32,0
1938,ELTON,5,5,0
1938,ELVIN,5,5,0
1938,ELWIN,5,5,0
1938,ELWOOD,15,15,0
1938,EMERSON,5,5,0
1938,DEREK,6,6,0
1938,DENNIS,80,80,0
1938,DENIS,29,29,0
1938,DELBERT,13,13,0
1938,CHESTER,10,10,0
1938,CHRISTOPHER,20,20,0
1938,CLAIR,7,7,0
1938,CLARE,13,13,0
1938,CLARENCE,84,84,0
1938,CLARK,10,10,0
1938,CLAUDE,27,27,0
1938,CLAYTON,24,24,0
1938,CLEMENT,8,8,0
1938,CLIFFORD,111,111,0
1938,CLINTON,7,7,0
1938,CHARLIE,9,9,0
1938,CLYDE,8,8,0
1938,CONRAD,13,13,0
1938,CYRIL,13,13,0
1938,DALLAS,7,7,0
1938,DALTON,17,17,0
1938,DANIEL,120,120,0
1938,DANNY,7,7,0
1938,DARCY,5,5,0
1938,DARWIN,5,5,0
1938,DARYL,5,5,0
1938,DAVID,784,784,0
1938,DEAN,20,20,0
1938,COLIN,21,21,0
1938,LOYD,9,9,0
1938,OLIVE,31,0,31
1938,LYLE,25,25,0
1938,HEATHER,49,0,49
1938,HELEN,594,0,594
1938,HELENA,13,0,13
1938,HELENE,14,0,14
1938,HELLEN,8,0,8
1938,HENRIETTA,9,0,9
1938,HILDA,34,0,34
1938,HUGUETTE,6,0,6
1938,IDA,26,0,26
1938,ILENE,9,0,9
1938,INA,15,0,15
1938,INEZ,18,0,18
1938,INFANT,115,51,64
1938,IONA,7,0,7
1938,HAZEL,52,0,52
1938,IRENE,160,0,160
1938,IRMA,12,0,12
1938,ISABEL,37,0,37
1938,ISABELL,9,0,9
1938,ISABELLA,14,0,14
1938,ISABELLE,24,0,24
1938,ISOBEL,21,0,21
1938,IVA,14,0,14
1938,IVY,8,0,8
1938,JACQUELINE,155,0,155
1938,JACQUELYN,13,0,13
1938,JANE,92,0,92
1938,JANET,168,0,168
1938,JANETTE,10,0,10
1938,JANICE,54,0,54
1938,IRIS,29,0,29
1938,JEAN,383,91,292
1938,HARRIET,18,0,18
1938,GWENDOLYN,63,0,63
1938,EVELYN,149,0,149
1938,FAITH,18,0,18
1938,FAY,15,0,15
1938,FAYE,17,0,17
1938,FERN,15,0,15
1938,FERNANDE,6,0,6
1938,FLORA,19,0,19
1938,FLORANCE,7,0,7
1938,FLORENCE,158,0,158
1938,FRANCES,231,12,219
1938,FRANCIS,226,165,61
1938,FRANCOISE,12,0,12
1938,FREDA,25,0,25
1938,GAIL,142,0,142
1938,GWENETH,6,0,6
1938,GALE,8,0,8
1938,GENEVIEVE,13,0,13
1938,GEORGETTE,8,0,8
1938,GEORGINA,43,0,43
1938,GERALDINE,87,0,87
1938,GERMAINE,6,0,6
1938,GERTRUDE,46,0,46
1938,GLADYS,94,0,94
1938,GLENDA,39,0,39
1938,GLENNA,22,0,22
1938,GLORIA,182,0,182
1938,GOLDIE,9,0,9
1938,GRACE,101,0,101
1938,GRETA,8,0,8
1938,GWENDOLINE,8,0,8
1938,GAYLE,12,0,12
1938,EVA,73,0,73
1938,JEANETTE,73,0,73
1938,JEANNE,31,0,31
1938,LAVINA,6,0,6
1938,LEAH,7,0,7
1938,LENA,16,0,16
1938,LENORA,12,0,12
1938,LENORE,13,0,13
1938,LEOLA,6,0,6
1938,LEONA,62,0,62
1938,LESLEY,6,0,6
1938,LESLIE,73,64,9
1938,LILA,22,0,22
1938,LILIAN,11,0,11
1938,LILLIAN,146,0,146
1938,LILY,12,0,12
1938,LINDA,59,0,59
1938,LAURETTE,7,0,7
1938,LOIS,247,0,247
1938,LORAINE,24,0,24
1938,LOREEN,7,0,7
1938,LORETTA,39,0,39
1938,LORNA,84,0,84
1938,LORRAINE,103,0,103
1938,LOTTIE,7,0,7
1938,LOUISA,9,0,9
1938,LOUISE,52,0,52
1938,LUCILLE,41,0,41
1938,LUCY,27,0,27
1938,LUELLA,20,0,20
1938,LULU,6,0,6
1938,LYDIA,20,0,20
1938,LYLA,9,0,9
1938,LOLA,16,0,16
1938,JEANINE,7,0,7
1938,LAURENE,6,0,6
1938,LAURA,86,0,86
1938,JEANNETTE,32,0,32
1938,JEANNINE,18,0,18
1938,JENNIE,17,0,17
1938,JENNY,13,0,13
1938,JESSIE,56,0,56
1938,JILL,15,0,15
1938,JO-ANN,10,0,10
1938,JO-ANNE,7,0,7
1938,JOAN,690,0,690
1938,JOANNA,6,0,6
1938,JOANNE,88,0,88
1938,JOHANNA,11,0,11
1938,JOHN,2182,2176,6
1938,JOSEPH,2683,2671,12
1938,LAUREL,8,0,8
1938,JOSEPHINE,44,0,44
1938,JOYCE,294,0,294
1938,JUANITA,9,0,9
1938,JUDITH,193,0,193
1938,JULIA,41,0,41
1938,JULIE,9,0,9
1938,JULIETTE,6,0,6
1938,JUNE,210,0,210
1938,KAREN,50,0,50
1938,KATHALEEN,6,0,6
1938,KATHARINE,29,0,29
1938,KATHERINE,67,0,67
1938,KATHLEEN,162,0,162
1938,KATHRYN,32,0,32
1938,KAY,7,0,7
1938,JOY,39,0,39
1938,EUNICE,23,0,23
1938,ETHEL,99,0,99
1938,ESTHER,41,0,41
1938,BERNADETTE,12,0,12
1938,BERNICE,76,0,76
1938,BERTHA,27,0,27
1938,BERYL,13,0,13
1938,BESSIE,16,0,16
1938,BETH,7,0,7
1938,BETTE,15,0,15
1938,BETTY,388,0,388
1938,BEULAH,9,0,9
1938,BEVERELY,8,0,8
1938,BEVERLEY,333,28,305
1938,BEVERLY,233,19,214
1938,BLANCHE,26,0,26
1938,BONITA,7,0,7
1938,BEATRICE,87,0,87
1938,BONNIE,26,0,26
1938,CARMEN,18,7,11
1938,CAROL,480,8,472
1938,CAROLE,167,0,167
1938,CAROLINE,46,0,46
1938,CAROLYN,120,0,120
1938,CARROL,18,0,18
1938,CARROLL,8,0,8
1938,CATHARINE,30,0,30
1938,CATHERINE,192,0,192
1938,CECELIA,12,0,12
1938,CECILE,29,0,29
1938,CECILIA,14,0,14
1938,CELIA,6,0,6
1938,CHARLENE,9,0,9
1938,BRENDA,24,0,24
1938,CHARLOTTE,47,0,47
1938,BARBRA,9,0,9
1938,BABY,706,382,324
1938,ADA,30,0,30
1938,ADELE,13,0,13
1938,ADRIENNE,8,0,8
1938,AGNES,62,0,62
1938,AILEEN,10,0,10
1938,ALBERTA,13,0,13
1938,ALDA,6,0,6
1938,ALEXANDRA,9,0,9
1938,ALFREDA,7,0,7
1938,ALICE,171,0,171
1938,ALINE,9,0,9
1938,ALMA,32,0,32
1938,AMELIA,7,0,7
1938,AMY,16,0,16
1938,BARBARA,979,0,979
1938,ANDREA,11,0,11
1938,ANGELINE,13,0,13
1938,ANITA,51,0,51
1938,ANN,124,0,124
1938,ANNA,121,0,121
1938,ANNE,137,0,137
1938,ANNETTE,38,0,38
1938,ANNIE,87,0,87
1938,ANTOINETTE,6,0,6
1938,ARLEEN,12,0,12
1938,ARLENE,85,0,85
1938,ARLINE,7,0,7
1938,AUDREY,190,0,190
1938,AUDRY,10,0,10
1938,BABE,21,7,14
1938,ANGELA,17,0,17
1938,CHRISTENA,10,0,10
1938,CHRISTINA,26,0,26
1938,CHRISTINE,13,0,13
1938,DOROTHY,415,0,415
1938,DORTHY,17,0,17
1938,EDITH,140,0,140
1938,EDNA,73,0,73
1938,EDYTHE,9,0,9
1938,EILA,9,0,9
1938,EILEEN,94,0,94
1938,ELAINE,119,0,119
1938,ELDA,6,0,6
1938,ELEANOR,204,0,204
1938,ELEANORE,6,0,6
1938,ELENOR,6,0,6
1938,ELINOR,9,0,9
1938,ELISABETH,12,0,12
1938,DORIS,170,0,170
1938,ELIZABETH,513,0,513
1938,ELLA,26,0,26
1938,ELLEN,75,0,75
1938,ELMA,6,0,6
1938,ELSA,6,0,6
1938,ELSIE,105,0,105
1938,ELVA,17,0,17
1938,ELVIRA,7,0,7
1938,EMILY,40,0,40
1938,EMMA,22,0,22
1938,ENID,13,0,13
1938,ERLA,7,0,7
1938,ERMA,14,0,14
1938,ERNA,7,0,7
1938,ESTELLE,11,0,11
1938,ELIZEBETH,20,0,20
1938,DORENE,10,0,10
1938,DOREEN,197,0,197
1938,DORA,22,0,22
1938,CLAIRE,34,0,34
1938,CLARA,41,0,41
1938,CLAUDETTE,45,0,45
1938,CLAUDIA,11,0,11
1938,CLEMENCE,6,0,6
1938,COLLEEN,27,0,27
1938,CONNIE,6,0,6
1938,CONSTANCE,94,0,94
1938,CORA,11,0,11
1938,CORINNE,7,0,7
1938,CYNTHIA,12,0,12
1938,DAISY,10,0,10
1938,DALE,49,42,7
1938,DARLENE,39,0,39
1938,DAWN,25,0,25
1938,DEANNA,68,0,68
1938,DEBORAH,6,0,6
1938,DONNA,450,0,450
1938,DONELDA,7,0,7
1938,DONALDA,12,0,12
1938,DONA,23,0,23
1938,DOLORES,50,0,50
1938,DIXIE,6,0,6
1938,LYNDA,18,0,18
1938,DIANNE,54,0,54
1938,DIANE,106,0,106
1938,DIANA,59,0,59
1938,DENISE,27,0,27
1938,DELPHINE,7,0,7
1938,DELORES,25,0,25
1938,DELLA,9,0,9
1938,DIANNA,11,0,11
1938,LUCIEN,17,17,0
1938,LYNN,28,11,17
1938,M,20,0,20
1938,THOMAS,519,519,0
1938,THEODORE,40,40,0
1938,TERRY,25,25,0
1938,TERRENCE,34,34,0
1938,TERRANCE,47,47,0
1938,TERENCE,20,20,0
1938,TEDDY,14,14,0
1938,TED,6,6,0
1938,SYDNEY,22,22,0
1938,STUART,29,29,0
1938,STEWART,36,36,0
1938,STEVE,16,16,0
1938,STEPHEN,71,71,0
1938,STANLEY,150,150,0
1938,TIMOTHY,14,14,0
1938,SIDNEY,28,28,0
1938,SHELDON,25,25,0
1938,SCOTT,6,6,0
1938,SAMUEL,52,52,0
1938,RUSSELL,71,71,0
1938,RUSSEL,23,23,0
1938,RUDOLPH,8,8,0
1938,RUDOLF,9,9,0
1938,ROYAL,6,6,0
1938,ROY,160,160,0
1938,ROSS,125,125,0
1938,RONNIE,5,5,0
1938,RONALD,921,921,0
1938,ROMEO,13,13,0
1938,ROLLAND,6,6,0
1938,SHERMAN,5,5,0
1938,ROLAND,38,38,0
1938,TOM,7,7,0
1938,VERNE,7,7,0
1938,VIOLET,64,0,64
1938,VIRGINIA,61,0,61
1938,VIVIAN,37,0,37
1938,WANDA,39,0,39
1938,WENDY,21,0,21
1938,WILLIAM,1939,1930,9
1938,WILMA,69,0,69
1938,WINIFRED,14,0,14
1938,WINNIFRED,27,0,27
1938,YVETTE,7,0,7
1938,YVONNE,99,0,99
1938,YVON,7,7,0
1938,WRAY,5,5,0
1938,WM,7,7,0
1938,TREVOR,8,8,0
1938,WILSON,7,7,0
1938,WILLARD,14,14,0
1938,WILFRID,8,8,0
1938,WILFRED,72,72,0
1938,WILBERT,27,27,0
1938,WESLEY,29,29,0
1938,WELLINGTON,6,6,0
1938,WELDON,6,6,0
1938,WAYNE,150,150,0
1938,WARREN,37,37,0
1938,WALTER,179,179,0
1938,WALLACE,46,46,0
1938,VINCENT,43,43,0
1938,VICTOR,82,82,0
1938,VERNON,40,40,0
1938,WILLIS,6,6,0
1938,VIOLA,28,0,28
1938,ROGER,117,117,0
1938,RODGER,19,19,0
1938,MURRAY,133,133,0
1938,MORTON,6,6,0
1938,MORRIS,40,40,0
1938,MORLEY,13,13,0
1938,MITCHELL,7,7,0
1938,MILTON,28,28,0
1938,MILFORD,8,8,0
1938,MILAN,6,6,0
1938,MIKE,11,11,0
1938,MICHEL,11,11,0
1938,MICHEAL,18,18,0
1938,MICHAEL,246,246,0
1938,MERVYN,21,21,0
1938,MERVIN,24,24,0
1938,MURRY,14,14,0
1938,MERRILL,5,5,0
1938,MELVIN,79,79,0
1938,MELVILLE,15,15,0
1938,MAXWELL,6,6,0
1938,MAX,11,11,0
1938,MAURICE,63,63,0
1938,MATTHEW,5,5,0
1938,MARVIN,63,63,0
1938,MARTIN,45,45,0
1938,MARSHALL,11,11,0
1938,MARK,11,11,0
1938,MARIO,7,7,0
1938,MARCEL,37,37,0
1938,MALCOM,6,6,0
1938,MALCOLM,36,36,0
1938,MELVYN,10,10,0
1938,RODNEY,17,17,0
1938,MYRON,7,7,0
1938,NELSON,35,35,0
1938,RODERICK,20,20,0
1938,RICHARD,415,415,0
1938,RHEAL,8,8,0
1938,RENE,18,18,0
1938,REMO,5,5,0
1938,REGINALD,80,80,0
1938,REAL,10,10,0
1938,RAYMOND,294,294,0
1938,RAY,20,20,0
1938,RANDOLPH,6,6,0
1938,RALPH,165,165,0
1938,PHILLIP,29,29,0
1938,PHILIP,74,74,0
1938,PETER,333,333,0
1938,NEIL,53,53,0
1938,PERCY,21,21,0
1938,PATRICK,139,139,0
1938,OWEN,10,10,0
1938,OTTO,6,6,0
1938,OSCAR,9,9,0
1938,ORVILLE,17,17,0
1938,ORVAL,17,17,0
1938,OMER,9,9,0
1938,OLIVER,12,12,0
1938,NORRIS,7,7,0
1938,NORMAN,248,248,0
1938,NONE,5,5,0
1938,NOEL,17,17,0
1938,NICK,6,6,0
1938,NICHOLAS,19,19,0
1938,PAUL,378,378,0
1938,VICTORIA,25,0,25
1938,VERONICA,19,0,19
1938,VERNA,68,0,68
1938,MAUREEN,82,0,82
1938,MAVIS,17,0,17
1938,MAXINE,37,0,37
1938,MAY,26,0,26
1938,MELBA,8,0,8
1938,MERILYN,6,0,6
1938,MERLE,26,6,20
1938,MILDRED,86,0,86
1938,MINNIE,10,0,10
1938,MIRIAM,26,0,26
1938,MOLLY,7,0,7
1938,MONA,30,0,30
1938,MONICA,7,0,7
1938,MONIQUE,6,0,6
1938,MATILDA,7,0,7
1938,MURIEL,122,0,122
1938,MYRNA,88,0,88
1938,MYRTLE,36,0,36
1938,NADINE,6,0,6
1938,NANCY,255,0,255
1938,NAOMI,6,0,6
1938,NATALIE,9,0,9
1938,NELLIE,20,0,20
1938,NINA,10,0,10
1938,NOELLA,6,0,6
1938,NOLA,6,0,6
1938,NONA,6,0,6
1938,NORA,32,0,32
1938,NORAH,8,0,8
1938,NOREEN,24,0,24
1938,MYRA,13,0,13
1938,NORMA,211,0,211
1938,MARYLYN,7,0,7
1938,MARYANN,8,0,8
1938,MABEL,30,0,30
1938,MABLE,11,0,11
1938,MADELEINE,10,0,10
1938,MADELINE,21,0,21
1938,MAE,11,0,11
1938,MARALYN,7,0,7
1938,MARCELLA,7,0,7
1938,MARCIA,27,0,27
1938,MARGARET,1038,0,1038
1938,MARGERY,14,0,14
1938,MARGO,11,0,11
1938,MARGOT,10,0,10
1938,MARGRET,27,0,27
1938,MARGUERITE,59,0,59
1938,MARYLIN,12,0,12
1938,MARIA,44,0,44
1938,MARIANNE,11,0,11
1938,MARIE,2237,14,2223
1938,MARILYN,533,0,533
1938,MARILYNN,24,0,24
1938,MARINA,6,0,6
1938,MARION,262,0,262
1938,MARJORIE,208,0,208
1938,MARJORY,30,0,30
1938,MARLA,7,0,7
1938,MARLEEN,7,0,7
1938,MARLENE,310,0,310
1938,MARLYN,29,0,29
1938,MARTHA,47,0,47
1938,MARY,2056,5,2051
1938,MARIAN,51,0,51
1938,NOT,38,26,12
1938,OLGA,30,0,30
1938,PAMELA,11,0,11
1938,SALLY,43,0,43
1938,SANDRA,272,0,272
1938,SARAH,44,0,44
1938,SHARON,63,0,63
1938,SHARRON,11,0,11
1938,SHEILA,178,0,178
1938,SHELIA,7,0,7
1938,SHERRILL,6,0,6
1938,SHIELA,10,0,10
1938,SHIRLEY,875,0,875
1938,SHIRLY,13,0,13
1938,SIMONE,10,0,10
1938,SONDRA,11,0,11
1938,SONIA,14,0,14
1938,SADIE,11,0,11
1938,SONJA,23,0,23
1938,SOPHIA,6,0,6
1938,SOPHIE,9,0,9
1938,STELLA,30,0,30
1938,SUSAN,57,0,57
1938,SUZANNE,31,0,31
1938,SYLVIA,166,0,166
1938,TERESA,35,0,35
1938,THELMA,55,0,55
1938,THERESA,70,0,70
1938,UNNAMED,28,15,13
1938,VALERIE,45,0,45
1938,VELDA,6,0,6
1938,VELMA,27,0,27
1938,VERA,72,0,72
1938,SONYA,8,0,8
1938,RUTH,360,0,360
1938,RUBY,64,0,64
1938,ROSINA,6,0,6
1938,PATRICA,24,0,24
1938,PATRICIA,813,0,813
1938,PATSY,17,0,17
1938,PAULA,8,0,8
1938,PAULINE,104,0,104
1938,PEARL,30,0,30
1938,PENELOPE,10,0,10
1938,PHYLIS,16,0,16
1938,PHYLLIS,133,0,133
1938,PRISCILLA,7,0,7
1938,RACHEL,16,0,16
1938,REBECCA,8,0,8
1938,REGINA,6,0,6
1938,RENA,11,0,11
1938,RENEE,8,0,8
1938,RETA,40,0,40
1938,RHEA,6,0,6
1938,ROSIE,10,0,10
1938,ROSEMARY,50,0,50
1938,ROSEMARIE,12,0,12
1938,ROSE,139,0,139
1938,ROSALIND,8,0,8
1938,ROSALIE,60,0,60
1938,LYNNE,14,0,14
1938,ROSA,7,0,7
1938,ROCHELLE,14,0,14
1938,ROBIN,15,9,6
1938,ROBERTA,60,0,60
1938,ROBERT,2233,2226,7
1938,RITA,75,0,75
1938,RHODA,13,0,13
1938,ROLANDE,8,0,8
1938,THERESE,18,0,18
1939,GERALD,460,460,0
1939,ADAM,8,8,0
1939,MARIETTE,11,0,11
1939,MARIE-ROSE,6,0,6
1939,MARIE-ANGE,7,0,7
1939,MARIE,2223,0,2223
1939,MARIANNE,17,0,17
1939,MARIAN,56,0,56
1939,MARIA,40,0,40
1939,MARGUERITE,64,0,64
1939,MARGRET,35,0,35
1939,MARGOT,7,0,7
1939,MARGO,12,0,12
1939,MARGERY,11,0,11
1939,MARGERET,6,0,6
1939,MARGARET,1101,0,1101
1939,MARCIA,24,0,24
1939,MARALYN,8,0,8
1939,MAE,14,0,14
1939,MADELINE,32,0,32
1939,MADELEINE,11,0,11
1939,MABLE,8,0,8
1939,MABEL,36,0,36
1939,MARILYN,556,0,556
1939,MARILYNN,21,0,21
1939,MARINA,9,0,9
1939,MARION,257,0,257
1939,MOLLY,8,0,8
1939,MIRIAM,20,0,20
1939,MINA,8,0,8
1939,MILDRED,90,0,90
1939,MERLE,14,0,14
1939,MERILYN,7,0,7
1939,MELINDA,7,0,7
1939,MAY,21,0,21
1939,MAXINE,19,0,19
1939,MAVIS,12,0,12
1939,M,13,0,13
1939,MAUREEN,78,0,78
1939,MARYLN,6,0,6
1939,MARYLIN,9,0,9
1939,MARY,1906,13,1893
1939,MARTHA,46,0,46
1939,MARLYN,30,0,30
1939,MARLINE,7,0,7
1939,MARLENE,270,0,270
1939,MARLEEN,10,0,10
1939,MARJORY,27,0,27
1939,MARJORIE,207,0,207
1939,MARYLOU,6,0,6
1939,MONA,24,0,24
1939,LYNNE,24,0,24
1939,LYNDA,37,0,37
1939,LAURETTE,7,0,7
1939,LAURETTA,8,0,8
1939,LAUREL,18,0,18
1939,LAUREEN,7,0,7
1939,LAURA,58,0,58
1939,KAY,14,0,14
1939,KATHRYN,38,0,38
1939,KATHLEEN,161,0,161
1939,KATHERINE,58,0,58
1939,KATHARINE,17,0,17
1939,KATHALEEN,13,0,13
1939,KAREN,51,0,51
1939,JUNE,175,0,175
1939,JULIE,12,0,12
1939,JULIA,54,0,54
1939,JUDY,8,0,8
1939,JUDITH,290,0,290
1939,JUANITA,10,0,10
1939,JOYCE,289,0,289
1939,JOY,27,0,27
1939,JOSEPHINE,43,0,43
1939,LEA,6,0,6
1939,LEAH,9,0,9
1939,LEILA,7,0,7
1939,LENA,13,0,13
1939,LUELLA,12,0,12
1939,LUCY,26,0,26
1939,LUCILLE,23,0,23
1939,LOUISE,64,0,64
1939,LOUISA,6,0,6
1939,LORRAINE,82,0,82
1939,LORNA,79,0,79
1939,LORETTA,58,0,58
1939,LORENE,6,0,6
1939,LOREEN,8,0,8
1939,LYNN,33,16,17
1939,LORAINE,12,0,12
1939,LOIS,197,0,197
1939,LINDA,113,0,113
1939,LILY,7,0,7
1939,LILLIAN,121,0,121
1939,LILIAN,7,0,7
1939,LILA,22,0,22
1939,LESLIE,70,63,7
1939,LEONA,53,0,53
1939,LENORE,16,0,16
1939,LENORA,11,0,11
1939,LOLA,12,0,12
1939,JOSEPH,2739,2733,6
1939,MONICA,20,0,20
1939,MYRNA,74,0,74
1939,SUZANNE,39,0,39
1939,SUSANNE,8,0,8
1939,SUSAN,70,0,70
1939,STEPHANIE,10,0,10
1939,STELLA,27,0,27
1939,SOPHIE,9,0,9
1939,SONYA,12,0,12
1939,SONJA,16,0,16
1939,SONDRA,11,0,11
1939,SIMONE,9,0,9
1939,SILVIA,7,0,7
1939,SHIRLY,7,0,7
1939,SHIRLEY,701,0,701
1939,SHIELA,11,0,11
1939,SHERRY,6,0,6
1939,SHELIA,8,0,8
1939,SHEILA,178,0,178
1939,SHARRON,13,0,13
1939,SHARON,104,0,104
1939,SARAH,31,0,31
1939,SARA,6,0,6
1939,SYLVIA,152,0,152
1939,TERESA,28,0,28
1939,THELMA,49,0,49
1939,THERESA,73,0,73
1939,YVETTE,12,0,12
1939,YOLANDE,6,0,6
1939,WINNIFRED,29,0,29
1939,WINIFRED,18,0,18
1939,WILMA,43,0,43
1939,WENDY,33,0,33
1939,WANDA,44,0,44
1939,VIVIAN,46,0,46
1939,VIRGINIA,72,0,72
1939,VIOLET,52,0,52
1939,SANDRA,333,0,333
1939,VIOLA,24,0,24
1939,VERONICA,13,0,13
1939,VERNA,52,0,52
1939,VERLA,7,0,7
1939,VERA,63,0,63
1939,VELMA,39,0,39
1939,VELDA,7,0,7
1939,VALERIE,47,0,47
1939,UNNAMED,34,20,14
1939,UNA,8,0,8
1939,THERESE,33,0,33
1939,VICTORIA,29,0,29
1939,MURIEL,95,0,95
1939,SALLY,48,0,48
1939,RUBY,46,0,46
1939,PAULINE,73,0,73
1939,PAULA,6,0,6
1939,PATSY,17,0,17
1939,PATRICIA,865,0,865
1939,PATRICA,24,0,24
1939,PAMELA,10,0,10
1939,OLIVE,31,0,31
1939,OLGA,27,0,27
1939,NOT,27,17,10
1939,NORMA,201,0,201
1939,NOREEN,31,0,31
1939,NORAH,12,0,12
1939,NORA,39,0,39
1939,NOLA,9,0,9
1939,NINA,7,0,7
1939,NELLIE,17,0,17
1939,NELDA,7,0,7
1939,NATALIE,8,0,8
1939,NAOMI,7,0,7
1939,NANCY,321,0,321
1939,MYRTLE,24,0,24
1939,PEARL,25,0,25
1939,PEGGY,12,0,12
1939,PENELOPE,17,0,17
1939,PHILLIS,7,0,7
1939,ROSLYN,9,0,9
1939,ROSIE,12,0,12
1939,ROSEMARIE,14,0,14
1939,ROSE-MARIE,6,0,6
1939,ROSE,168,0,168
1939,ROSALIND,13,0,13
1939,ROSALIE,31,0,31
1939,ROLANDE,7,0,7
1939,ROCHELLE,15,0,15
1939,ROBERTA,54,0,54
1939,RUTH,340,0,340
1939,ROBERT,2099,2088,11
1939,RHODA,9,0,9
1939,RHEA,7,0,7
1939,RETA,33,0,33
1939,RENA,6,0,6
1939,REGINA,6,0,6
1939,REBECCA,6,0,6
1939,RACHEL,11,0,11
1939,PRISCILLA,15,0,15
1939,PHYLLIS,124,0,124
1939,PHYLIS,10,0,10
1939,RITA,63,0,63
1939,JOANNE,101,0,101
1939,JOANNA,6,0,6
1939,JOANN,15,0,15
1939,CONNIE,10,0,10
1939,COLLEEN,26,0,26
1939,COLEEN,7,0,7
1939,CLAUDIA,7,0,7
1939,CLAUDETTE,31,0,31
1939,CLARE,12,5,7
1939,CLARA,39,0,39
1939,CLAIRE,37,6,31
1939,CHRISTINE,13,0,13
1939,CHRISTINA,25,0,25
1939,CHARLOTTE,33,0,33
1939,CHARLENE,8,0,8
1939,CECILIA,15,0,15
1939,CECILE,22,0,22
1939,CECELIA,10,0,10
1939,CATHERINE,200,0,200
1939,CATHARINE,47,0,47
1939,CARYL,7,0,7
1939,CARROLL,9,0,9
1939,CARROL,14,0,14
1939,CAROLYN,136,0,136
1939,CONSTANCE,85,0,85
1939,CORA,16,0,16
1939,CORINNE,13,0,13
1939,CYNTHIA,12,0,12
1939,DORA,19,0,19
1939,DONNA,483,0,483
1939,DONELDA,9,0,9
1939,DONALDA,23,0,23
1939,DONA,43,0,43
1939,DOLORES,40,0,40
1939,DIANNE,61,0,61
1939,DIANNA,10,0,10
1939,DIANE,159,0,159
1939,DIANA,72,0,72
1939,CAROLINE,53,0,53
1939,DENISE,26,0,26
1939,DELLA,10,0,10
1939,DELIA,6,0,6
1939,DEANNA,72,0,72
1939,DAWN,15,0,15
1939,DARYL,6,0,6
1939,DARLENE,53,0,53
1939,DARLEEN,9,0,9
1939,DAPHNE,6,0,6
1939,DALE,50,38,12
1939,DAISY,12,0,12
1939,DELORES,24,0,24
1939,DOREEN,170,0,170
1939,CAROLE,146,0,146
1939,CARMEN,7,0,7
1939,ANNIE,82,0,82
1939,ANNETTE,42,0,42
1939,ANNE,148,0,148
1939,ANNABELLE,6,0,6
1939,ANNA,103,0,103
1939,ANN,142,0,142
1939,ANITA,59,0,59
1939,ANGELINA,6,0,6
1939,ANGELA,19,0,19
1939,ANDREA,16,0,16
1939,AMY,9,0,9
1939,AMELIA,7,0,7
1939,ALMA,37,0,37
1939,ALINE,9,0,9
1939,ALICE,150,0,150
1939,ALBERTA,15,0,15
1939,AILEEN,11,0,11
1939,AGNES,64,0,64
1939,ADELINE,8,0,8
1939,ADELE,9,0,9
1939,ADA,22,0,22
1939,ANTOINETTE,8,0,8
1939,ARLEEN,13,0,13
1939,ARLENE,89,0,89
1939,ARLINE,7,0,7
1939,BRIDGET,8,0,8
1939,BRENDA,106,0,106
1939,BONNIE,30,0,30
1939,BONITA,7,0,7
1939,BLANCHE,15,0,15
1939,BEVERLY,177,15,162
1939,BEVERLEY,272,18,254
1939,BEULAH,13,0,13
1939,BETTY,332,0,332
1939,BETTE,18,0,18
1939,CAROL,556,6,550
1939,BETH,10,0,10
1939,BERYL,16,0,16
1939,BERTHA,37,0,37
1939,BERNICE,70,0,70
1939,BERNADETTE,17,0,17
1939,BEATRICE,72,0,72
1939,BARBRA,15,0,15
1939,BARBARA,936,0,936
1939,BABY,835,471,364
1939,BABE,26,13,13
1939,AUDREY,163,0,163
1939,BESSIE,15,0,15
1939,DORIS,180,0,180
1939,DOROTHEA,19,0,19
1939,DOROTHY,400,0,400
1939,IONA,11,0,11
1939,INFANT,131,71,60
1939,INEZ,7,0,7
1939,INA,9,0,9
1939,ILENE,14,0,14
1939,ILA,10,0,10
1939,IDA,28,0,28
1939,HILDA,33,0,33
1939,HELLEN,7,0,7
1939,HELENE,11,0,11
1939,HELENA,21,0,21
1939,HELEN,510,0,510
1939,HEATHER,50,0,50
1939,HAZEL,67,0,67
1939,HARRIET,19,0,19
1939,GWENDOLYNE,8,0,8
1939,GWENDOLYN,51,0,51
1939,GRETA,10,0,10
1939,GRACE,110,0,110
1939,GOLDIE,6,0,6
1939,GLORIA,138,0,138
1939,IRENE,169,0,169
1939,IRIS,25,0,25
1939,ISABEL,29,0,29
1939,ISABELL,9,0,9
1939,JOAN,691,0,691
1939,JO-ANNE,15,0,15
1939,JO-ANN,7,0,7
1939,JILL,12,0,12
1939,JESSIE,26,0,26
1939,JENNY,9,0,9
1939,JENNIE,8,0,8
1939,JEANNINE,17,0,17
1939,JEANNETTE,28,0,28
1939,JEANNE,28,0,28
1939,GLENNA,25,0,25
1939,JEANETTE,71,0,71
1939,JANICE,59,0,59
1939,JANETTE,25,0,25
1939,JANET,211,0,211
1939,JANE,98,0,98
1939,JACQULINE,7,0,7
1939,JACQUELINE,141,0,141
1939,IVY,10,0,10
1939,IVA,7,0,7
1939,ISOBEL,14,0,14
1939,ISABELLE,22,0,22
1939,JEAN,320,64,256
1939,GLENDA,46,0,46
1939,GLADYS,87,0,87
1939,GERTRUDE,57,0,57
1939,ERMA,13,0,13
1939,ENID,6,0,6
1939,EMMA,14,0,14
1939,EMILY,31,0,31
1939,ELVA,28,0,28
1939,ELSIE,101,0,101
1939,ELLEN,56,0,56
1939,ELLA,18,0,18
1939,ELIZEBETH,20,0,20
1939,ELIZABETH,626,0,626
1939,ESTELLE,9,0,9
1939,ELISABETH,14,0,14
1939,ELENOR,11,0,11
1939,ELEANORE,7,0,7
1939,ELEANOR,193,0,193
1939,ELDA,7,0,7
1939,ELAINE,115,0,115
1939,EILEEN,77,0,77
1939,EDYTHE,13,0,13
1939,EDNA,77,0,77
1939,EDITH,90,0,90
1939,DORTHY,16,0,16
1939,ELINOR,11,0,11
1939,YVONNE,75,0,75
1939,ESTER,6,0,6
1939,ETHEL,60,0,60
1939,GERALDINE,95,0,95
1939,GEORGINA,54,0,54
1939,GEORGIA,9,0,9
1939,GENEVIEVE,13,0,13
1939,GAYLE,17,0,17
1939,GALE,18,0,18
1939,GAIL,214,0,214
1939,FREDA,24,0,24
1939,FRANCOISE,6,0,6
1939,FRANCIS,212,165,47
1939,ESTHER,36,0,36
1939,FRANCES,216,9,207
1939,FLORA,19,0,19
1939,FERN,9,0,9
1939,FAYE,26,0,26
1939,FAY,20,0,20
1939,FAITH,11,0,11
1939,EVELYN,166,0,166
1939,EVE,7,0,7
1939,EVA,61,0,61
1939,EUNICE,21,0,21
1939,ETTA,6,0,6
1939,FLORENCE,139,0,139
1939,ABRAHAM,6,6,0
1939,ROSEMARY,56,0,56
1939,RICHARD,439,439,0
1939,MERVYN,18,18,0
1939,MERVIN,34,34,0
1939,MELVYN,17,17,0
1939,MELVIN,71,71,0
1939,MELVILLE,13,13,0
1939,MELBOURNE,5,5,0
1939,MAYNARD,5,5,0
1939,MAXWELL,5,5,0
1939,MAX,11,11,0
1939,MAURICE,73,73,0
1939,MARVIN,48,48,0
1939,MARTIN,42,42,0
1939,MARSHALL,5,5,0
1939,MARK,16,16,0
1939,MARCEL,27,27,0
1939,MALE,5,5,0
1939,MALCOLM,44,44,0
1939,MICHAEL,308,308,0
1939,MICHEAL,25,25,0
1939,MICHEL,5,5,0
1939,MIKE,8,8,0
1939,ORVAL,18,18,0
1939,OLIVER,10,10,0
1939,NORMAN,239,239,0
1939,NOEL,14,14,0
1939,NO,5,5,0
1939,NICK,5,5,0
1939,NICHOLAS,13,13,0
1939,NEVILLE,15,15,0
1939,LYLE,33,33,0
1939,NELSON,43,43,0
1939,MURRAY,135,135,0
1939,MORTON,11,11,0
1939,MORRIS,23,23,0
1939,MORLEY,23,23,0
1939,MORGAN,5,5,0
1939,MITCHELL,6,6,0
1939,MILTON,27,27,0
1939,MILAN,8,8,0
1939,NEIL,64,64,0
1939,ORVILLE,5,5,0
1939,LUCIEN,10,10,0
1939,LOUIS,63,63,0
1939,KENNETH,598,598,0
1939,KENETH,5,5,0
1939,KEITH,137,137,0
1939,KARL,30,30,0
1939,JUNIOR,5,5,0
1939,JULIUS,5,5,0
1939,JOS,27,27,0
1939,JONATHAN,6,6,0
1939,JON,21,21,0
1939,JOHNNY,5,5,0
1939,JOHN,2086,2086,0
1939,JOEL,10,10,0
1939,JOE,13,13,0
1939,JERRY,36,36,0
1939,JERROLD,7,7,0
1939,JEROME,23,23,0
1939,JERALD,6,6,0
1939,KENT,8,8,0
1939,KEVIN,6,6,0
1939,KIETH,5,5,0
1939,LANCE,9,9,0
1939,LORNE,75,75,0
1939,LORENZO,5,5,0
1939,LLOYD,108,108,0
1939,LIONEL,21,21,0
1939,LEWIS,24,24,0
1939,LESTER,5,5,0
1939,LEROY,14,14,0
1939,LEONARD,121,121,0
1939,LOWELL,8,8,0
1939,LEON,16,16,0
1939,LENARD,19,19,0
1939,LEE,14,14,0
1939,LAWRENCE,229,229,0
1939,LAVERNE,9,9,0
1939,LAURIE,7,7,0
1939,LAURENCE,40,40,0
1939,LARRY,190,190,0
1939,LANE,5,5,0
1939,LEO,65,65,0
1939,JEFFREY,5,5,0
1939,OSCAR,8,8,0
1939,PAUL,379,379,0
1939,TIMOTHY,14,14,0
1939,THOMAS,570,570,0
1939,THEODORE,25,25,0
1939,TERRY,23,23,0
1939,TERRENCE,43,43,0
1939,TERRANCE,42,42,0
1939,TERENCE,22,22,0
1939,TEDDY,10,10,0
1939,SYLVESTER,5,5,0
1939,SYDNEY,20,20,0
1939,STUART,30,30,0
1939,STEWART,33,33,0
1939,STEVEN,16,16,0
1939,STEVE,16,16,0
1939,STERLING,5,5,0
1939,STEPHEN,80,80,0
1939,STANLEY,167,167,0
1939,TONY,5,5,0
1939,TREVOR,6,6,0
1939,VERNE,6,6,0
1939,VERNON,41,41,0
1939,YVON,6,6,0
1939,WM,7,7,0
1939,WINSTON,5,5,0
1939,WILSON,9,9,0
1939,WILLIS,9,9,0
1939,WILLIAM,1779,1779,0
1939,WILLARD,19,19,0
1939,WILFRID,10,10,0
1939,SIMON,7,7,0
1939,WILFRED,76,76,0
1939,WESLEY,32,32,0
1939,WELLINGTON,5,5,0
1939,WAYNE,254,254,0
1939,WARREN,27,27,0
1939,WALTER,184,184,0
1939,WALLACE,44,44,0
1939,VINCENT,31,31,0
1939,VICTOR,80,80,0
1939,WILBERT,24,24,0
1939,PATRICK,153,153,0
1939,SIDNEY,21,21,0
1939,SEYMOUR,6,6,0
1939,ROBIN,6,6,0
1939,RENE,21,21,0
1939,REGINALD,62,62,0
1939,REAL,8,8,0
1939,RAYMOND,244,244,0
1939,RAY,40,40,0
1939,RAOUL,5,5,0
1939,RANDOLPH,5,5,0
1939,RALPH,128,128,0
1939,RAE,5,5,0
1939,PIERRE,10,10,0
1939,PHILLIP,26,26,0
1939,PHILIPPE,5,5,0
1939,PHILIP,69,69,0
1939,PETER,373,373,0
1939,PERRY,5,5,0
1939,PERCY,34,34,0
1939,RODERICK,22,22,0
1939,RODGER,11,11,0
1939,RODNEY,25,25,0
1939,RODOLPHE,6,6,0
1939,SCOTT,5,5,0
1939,SAMUEL,57,57,0
1939,SAM,6,6,0
1939,RUSSELL,83,83,0
1939,RUSSEL,23,23,0
1939,RUDOLPH,14,14,0
1939,ROYAL,5,5,0
1939,ROY,153,153,0
1939,SHELDON,10,10,0
1939,ROWLAND,5,5,0
1939,ROSAIRE,5,5,0
1939,RONNIE,6,6,0
1939,RONALD,839,839,0
1939,ROMEO,12,12,0
1939,ROMAN,5,5,0
1939,ROLLAND,9,9,0
1939,ROLAND,35,35,0
1939,ROGER,126,126,0
1939,ROSS,128,128,0
1939,JAMES,1401,1401,0
1939,MATTHEW,6,6,0
1939,JACOB,12,12,0
1939,CLAUDE,35,35,0
1939,CLARENCE,79,79,0
1939,CLAIR,7,7,0
1939,CHRISTOPHER,24,24,0
1939,CHESTER,11,11,0
1939,CHARLIE,6,6,0
1939,CHARLES,437,437,0
1939,CECIL,62,62,0
1939,CARSON,9,9,0
1939,CARMON,5,5,0
1939,CARMAN,12,12,0
1939,CARL,132,132,0
1939,CAMPBELL,7,7,0
1939,CAMERON,16,16,0
1939,CALVIN,21,21,0
1939,BYRON,6,6,0
1939,BURTON,6,6,0
1939,CLAYTON,28,28,0
1939,CLEMENT,8,8,0
1939,CLIFFORD,112,112,0
1939,CLINTON,7,7,0
1939,DENIS,23,23,0
1939,DELMER,9,9,0
1939,DELMAR,5,5,0
1939,DELBERT,19,19,0
1939,DEAN,7,7,0
1939,DAVID,836,836,0
1939,DARWIN,8,8,0
1939,DARRYL,9,9,0
1939,BUDDY,5,5,0
1939,DARRELL,5,5,0
1939,DANIEL,124,124,0
1939,DALTON,7,7,0
1939,CYRIL,18,18,0
1939,CURTIS,8,8,0
1939,CORNELIUS,8,8,0
1939,CONRAD,10,10,0
1939,COLIN,16,16,0
1939,CLYDE,6,6,0
1939,DANNY,7,7,0
1939,DENNIS,137,137,0
1939,BRYAN,19,19,0
1939,BRUCE,223,223,0
1939,ANTONIO,6,6,0
1939,ANTHONY,56,56,0
1939,ANGUS,13,13,0
1939,ANGELO,6,6,0
1939,ANDREW,73,73,0
1939,ANDRE,16,16,0
1939,AMBROSE,7,7,0
1939,ALVIN,50,50,0
1939,ALPHONSE,5,5,0
1939,ALLEN,81,81,0
1939,ALLAN,199,199,0
1939,ALFRED,97,97,0
1939,ALEXANDER,96,96,0
1939,ALEX,15,15,0
1939,ALBERT,188,188,0
1939,ALAN,101,101,0
1939,ADRIAN,6,6,0
1939,ARCHIBALD,9,9,0
1939,ARCHIE,16,16,0
1939,ARMAND,13,13,0
1939,ARNOLD,73,73,0
1939,BRIAN,140,140,0
1939,BRENT,7,7,0
1939,BOY,5,5,0
1939,BOBBY,11,11,0
1939,BOBBIE,5,5,0
1939,JACQUES,10,10,0
1939,BILLY,5,5,0
1939,BILL,7,7,0
1939,BRUNO,5,5,0
1939,BERTRAM,7,7,0
1939,BERNARD,104,104,0
1939,BENJAMIN,10,10,0
1939,BASIL,16,16,0
1939,BARRY,160,160,0
1939,BARRIE,12,12,0
1939,AUSTIN,16,16,0
1939,AUBREY,8,8,0
1939,ARTHUR,227,227,0
1939,BERT,9,9,0
1939,DEREK,8,8,0
1939,BLAKE,6,6,0
1939,DON,8,8,0
1939,HARLEY,6,6,0
1939,GUY,15,15,0
1939,GREGORY,24,24,0
1939,GRANT,53,53,0
1939,GRAHAM,23,23,0
1939,GORDON,373,373,0
1939,GORDEN,10,10,0
1939,GLENN,70,70,0
1939,HAROLD,244,244,0
1939,GLENDON,5,5,0
1939,GILLES,5,5,0
1939,GILBERT,43,43,0
1939,GERARD,30,30,0
1939,GEORGE,803,803,0
1939,GEOFFREY,5,5,0
1939,GENE,17,17,0
1939,GARY,337,337,0
1939,GARTH,7,7,0
1939,GLEN,83,83,0
1939,GARRY,71,71,0
1939,HARRY,114,114,0
1939,HECTOR,16,16,0
1939,DESMOND,5,5,0
1939,JACKIE,13,13,0
1939,JACK,127,127,0
1939,J,18,18,0
1939,IVAN,40,40,0
1939,ISAAC,8,8,0
1939,IRWIN,7,7,0
1939,IRVING,5,5,0
1939,HARVEY,93,93,0
1939,IRVIN,6,6,0
1939,HUGH,70,70,0
1939,HUBERT,15,15,0
1939,HOWARD,113,113,0
1939,HORACE,6,6,0
1939,HILTON,6,6,0
1939,HERMAN,15,15,0
1939,HERBERT,83,83,0
1939,HENRY,118,118,0
1939,IAN,50,50,0
1939,GARNET,34,34,0
1939,HENRI,5,5,0
1939,GABRIEL,7,7,0
1939,ELMER,22,22,0
1939,ELLIS,5,5,0
1939,ELGIN,8,8,0
1939,ELDON,17,17,0
1939,EDWIN,57,57,0
1939,EDWARD,534,534,0
1939,EDMOND,8,8,0
1939,EDGAR,28,28,0
1939,EDDIE,5,5,0
1939,EARNEST,17,17,0
1939,EARLE,9,9,0
1939,EARL,95,95,0
1939,DUNCAN,20,20,0
1939,DUANE,5,5,0
1939,DOUGLAS,483,483,0
1939,GARFIELD,23,23,0
1939,DONALD,1112,1112,0
1939,ELVIN,7,7,0
1939,ELWOOD,9,9,0
1939,EDMUND,24,24,0
1939,EMILE,6,6,0
1939,FREDRICK,72,72,0
1939,EMERSON,8,8,0
1939,FREDERICK,260,260,0
1939,FREDERIC,14,14,0
1939,FRED,25,25,0
1939,FRANKLIN,55,55,0
1939,FRANCOIS,5,5,0
1939,FLOYD,31,31,0
1939,FERNAND,8,8,0
1939,FRANK,141,141,0
1939,EVERETT,10,10,0
1939,ERIC,53,53,0
1939,ERNEST,132,132,0
1939,ERNIE,5,5,0
1939,ERROL,7,7,0
1939,FREEMAN,5,5,0
1939,ERVIN,6,6,0
1939,EUGENE,64,64,0
1940,DARLEEN,6,0,6
1940,COLETTE,6,0,6
1940,COLLEEN,39,0,39
1940,CLAUDIA,8,0,8
1940,CORINNE,7,0,7
1940,CYNTHIA,18,0,18
1940,DAISY,8,0,8
1940,DALE,60,40,20
1940,DAPHNE,9,0,9
1940,CONSTANCE,78,0,78
1940,CORA,14,0,14
1940,DENISE,26,0,26
1940,DAWN,25,0,25
1940,DEANNA,87,0,87
1940,DEANNE,7,0,7
1940,DELLA,7,0,7
1940,DELORES,31,0,31
1940,DIAN,10,0,10
1940,DIANN,9,0,9
1940,CLAUDETTE,39,0,39
1940,DIANA,70,0,70
1940,DIANE,211,0,211
1940,DARLENE,47,0,47
1940,CLARA,43,0,43
1940,CAROL,635,7,628
1940,CHRISTINE,12,0,12
1940,BLANCHE,22,0,22
1940,DIANNA,16,0,16
1940,BEVERLY,208,13,195
1940,BONITA,10,0,10
1940,BONNIE,104,0,104
1940,BRENDA,168,0,168
1940,CARMEN,18,6,12
1940,CAROLE,221,0,221
1940,CAROLINE,46,0,46
1940,CAROLYN,170,0,170
1940,CAROLYNE,8,0,8
1940,CARROL,16,0,16
1940,CARROLL,7,0,7
1940,CATHARINE,28,0,28
1940,CATHERINE,199,0,199
1940,CECELIA,14,0,14
1940,CECILE,27,0,27
1940,CECILIA,14,0,14
1940,CELIA,8,0,8
1940,CHARLENE,10,0,10
1940,CHARLOTTE,51,0,51
1940,CHRISTENA,10,0,10
1940,CHRISTINA,28,0,28
1940,CLAIRE,38,7,31
1940,DIANNE,87,0,87
1940,EUNICE,24,0,24
1940,DOLORES,41,0,41
1940,ELLEN,74,0,74
1940,ELMA,10,0,10
1940,ELSIE,82,0,82
1940,ELVA,21,0,21
1940,EMILY,26,0,26
1940,EMMA,19,0,19
1940,ENA,6,0,6
1940,ENID,7,0,7
1940,ERMA,14,0,14
1940,ESTELLE,9,0,9
1940,ESTHER,28,0,28
1940,ETHEL,80,0,80
1940,EVA,48,0,48
1940,EVELYN,172,0,172
1940,FAITH,8,0,8
1940,FAY,32,0,32
1940,FAYE,21,0,21
1940,FERN,19,0,19
1940,FERNE,6,0,6
1940,FLORA,16,0,16
1940,FLORENCE,131,0,131
1940,BEVERLEY,275,21,254
1940,FRANCES,245,8,237
1940,ELLA,24,0,24
1940,DIXIE,8,0,8
1940,ELIZEBETH,18,0,18
1940,ELISABETH,9,0,9
1940,DONA,33,0,33
1940,DONALD,1080,1073,7
1940,DONALDA,6,0,6
1940,DONELDA,15,0,15
1940,DONNA,495,0,495
1940,DORA,19,0,19
1940,DOREEN,166,0,166
1940,DORENE,9,0,9
1940,DORIS,161,0,161
1940,DOROTHEA,9,0,9
1940,DOROTHY,389,0,389
1940,DORTHY,25,0,25
1940,EDITH,108,0,108
1940,EDNA,92,0,92
1940,EDYTHE,7,0,7
1940,EFFIE,8,0,8
1940,EILEEN,93,0,93
1940,ELAINE,135,0,135
1940,ELDA,12,0,12
1940,ELEANOR,221,0,221
1940,ELEANORE,8,0,8
1940,ELENOR,12,0,12
1940,ELINOR,24,0,24
1940,ELIZABETH,583,0,583
1940,BEVERELY,6,0,6
1940,CLIFFORD,117,117,0
1940,BETTY,320,0,320
1940,AUSTIN,7,7,0
1940,BARRIE,11,11,0
1940,BARRY,185,185,0
1940,BASIL,24,24,0
1940,BENJAMIN,16,16,0
1940,BENNY,6,6,0
1940,BERNARD,99,99,0
1940,BERT,6,6,0
1940,BERTRAM,8,8,0
1940,BILL,8,8,0
1940,AURELE,7,7,0
1940,BILLY,7,7,0
1940,BOBBY,8,8,0
1940,BOY,5,5,0
1940,BOYD,6,6,0
1940,BRADLEY,8,8,0
1940,BRENT,10,10,0
1940,BRIAN,198,198,0
1940,BRUCE,254,254,0
1940,BRYAN,38,38,0
1940,BURTON,9,9,0
1940,BYRON,12,12,0
1940,BLAKE,5,5,0
1940,AUBREY,6,6,0
1940,ARTHUR,228,228,0
1940,ARNOLD,57,57,0
1940,FRANCIS,193,152,41
1940,ADAM,7,7,0
1940,ADRIAN,8,8,0
1940,ALAN,71,71,0
1940,ALBERT,192,192,0
1940,ALEC,5,5,0
1940,ALEX,10,10,0
1940,ALEXANDER,120,120,0
1940,ALFRED,106,106,0
1940,ALLAN,187,187,0
1940,ALLEN,81,81,0
1940,ALPHONSE,6,6,0
1940,ALVIN,42,42,0
1940,AMBROSE,12,12,0
1940,ANDRE,16,16,0
1940,ANDREW,79,79,0
1940,ANDY,8,8,0
1940,ANGELO,6,6,0
1940,ANGUS,10,10,0
1940,ANTHONY,59,59,0
1940,ARCHIBALD,13,13,0
1940,ARCHIE,19,19,0
1940,ARMAND,11,11,0
1940,CALVIN,32,32,0
1940,CAMERON,12,12,0
1940,CAMILLE,5,5,0
1940,CAMPBELL,7,7,0
1940,ANGELINE,7,0,7
1940,ANITA,52,0,52
1940,ANN,168,0,168
1940,ANNA,101,0,101
1940,ANNE,168,0,168
1940,ANNETTE,31,0,31
1940,ANNIE,81,0,81
1940,ANTOINETTE,8,0,8
1940,ARLEEN,17,0,17
1940,ARLENE,85,0,85
1940,AUDREY,189,0,189
1940,AUDRY,12,0,12
1940,BABE,23,8,15
1940,BABY,783,470,313
1940,BARBARA,901,0,901
1940,BARBRA,19,0,19
1940,BEATRICE,67,0,67
1940,BERNADETTE,16,0,16
1940,BERNICE,66,0,66
1940,BERTHA,29,0,29
1940,BERYL,15,0,15
1940,BESSIE,14,0,14
1940,BETTE,12,0,12
1940,ANGELA,19,0,19
1940,BEULAH,8,0,8
1940,ANDREA,27,0,27
1940,AMELIA,11,0,11
1940,CARL,135,135,0
1940,CARMAN,14,14,0
1940,CECIL,62,62,0
1940,CHARLES,486,486,0
1940,CHESTER,15,15,0
1940,CHRISTOPHER,32,32,0
1940,CLAIR,11,11,0
1940,CLARE,12,12,0
1940,CLARENCE,87,87,0
1940,CLARK,8,8,0
1940,CLARKE,9,9,0
1940,CLAUDE,23,23,0
1940,ADA,23,0,23
1940,ADELE,8,0,8
1940,ADRIENNE,8,0,8
1940,AGNES,54,0,54
1940,AILEEN,10,0,10
1940,ALBERTA,16,0,16
1940,ALEXANDRA,10,0,10
1940,ALICE,186,0,186
1940,ALINE,10,0,10
1940,ALISON,7,0,7
1940,ALMA,26,0,26
1940,AMY,10,0,10
1940,CLEMENT,11,11,0
1940,FRANCOISE,8,0,8
1940,GABRIELLE,8,0,8
1940,MERVYN,16,16,0
1940,MICHAEL,333,333,0
1940,MICHEAL,25,25,0
1940,MICHEL,6,6,0
1940,MIKE,8,8,0
1940,MILAN,9,9,0
1940,MILTON,20,20,0
1940,MITCHELL,6,6,0
1940,MORLEY,18,18,0
1940,MORRIS,35,35,0
1940,MORTON,7,7,0
1940,MURRAY,152,152,0
1940,MYRON,6,6,0
1940,NEIL,52,52,0
1940,MERVIN,24,24,0
1940,NELSON,32,32,0
1940,NICK,6,6,0
1940,NICKOLAS,6,6,0
1940,NO,8,8,0
1940,NOEL,18,18,0
1940,NONE,5,5,0
1940,NORBERT,7,7,0
1940,NORMAN,266,266,0
1940,NORMAND,6,6,0
1940,NORRIS,7,7,0
1940,OLIVER,17,17,0
1940,ORVAL,13,13,0
1940,ORVILLE,11,11,0
1940,OSCAR,10,10,0
1940,OWEN,6,6,0
1940,NICHOLAS,18,18,0
1940,MELVYN,19,19,0
1940,MELVIN,56,56,0
1940,MELVILLE,20,20,0
1940,LAVERNE,9,9,0
1940,LAWRENCE,253,253,0
1940,LELAND,7,7,0
1940,LENARD,21,21,0
1940,LEO,59,59,0
1940,LEON,14,14,0
1940,LEONARD,149,149,0
1940,LEROY,7,7,0
1940,LESTER,9,9,0
1940,LEWIS,18,18,0
1940,LINDSAY,5,5,0
1940,LIONEL,27,27,0
1940,LLOYD,146,146,0
1940,LORNE,67,67,0
1940,LOUIS,68,68,0
1940,LOWELL,5,5,0
1940,LOYD,7,7,0
1940,MAYNARD,5,5,0
1940,MAX,5,5,0
1940,MAURICE,75,75,0
1940,MATTHEW,9,9,0
1940,MARVIN,51,51,0
1940,MARTIN,48,48,0
1940,PATRICK,135,135,0
1940,MARSHALL,11,11,0
1940,MARCEL,25,25,0
1940,MALE,5,5,0
1940,MALCOLM,41,41,0
1940,LYLE,43,43,0
1940,LYALL,5,5,0
1940,LUCIEN,11,11,0
1940,MARK,17,17,0
1940,LAURIE,6,6,0
1940,PAUL,450,450,0
1940,PETER,410,410,0
1940,STEWART,33,33,0
1940,STUART,21,21,0
1940,SYDNEY,21,21,0
1940,TED,6,6,0
1940,TERENCE,33,33,0
1940,TERRANCE,33,33,0
1940,TERRENCE,49,49,0
1940,TERRY,37,37,0
1940,THEODORE,34,34,0
1940,THOMAS,617,617,0
1940,TIMOTHY,28,28,0
1940,TONY,5,5,0
1940,TREVOR,6,6,0
1940,UN-NAMED,5,5,0
1940,STEVEN,17,17,0
1940,VERNER,6,6,0
1940,VICTOR,87,87,0
1940,VINCENT,29,29,0
1940,VINCENZO,5,5,0
1940,WALLACE,32,32,0
1940,WALTER,229,229,0
1940,WARREN,40,40,0
1940,WAYNE,263,263,0
1940,WENDELL,9,9,0
1940,WESLEY,23,23,0
1940,WILBERT,22,22,0
1940,WILFRED,71,71,0
1940,WILFRID,15,15,0
1940,WILLARD,16,16,0
1940,WILLIS,8,8,0
1940,VERNON,45,45,0
1940,STEVE,11,11,0
1940,STEPHEN,95,95,0
1940,STANLEY,159,159,0
1940,PHILIP,102,102,0
1940,PHILLIP,36,36,0
1940,PIERRE,15,15,0
1940,RAE,6,6,0
1940,RALPH,151,151,0
1940,RANDOLPH,10,10,0
1940,RAY,33,33,0
1940,RAYMOND,286,286,0
1940,REAL,7,7,0
1940,REGINALD,106,106,0
1940,RENE,12,12,0
1940,RICHARD,534,534,0
1940,RODERICK,16,16,0
1940,RODGER,11,11,0
1940,RODNEY,27,27,0
1940,ROGER,132,132,0
1940,ROLAND,32,32,0
1940,SIDNEY,22,22,0
1940,SHELDON,25,25,0
1940,SAMUEL,61,61,0
1940,RUSSELL,69,69,0
1940,RUSSEL,23,23,0
1940,RUDOLPH,7,7,0
1940,PERCY,25,25,0
1940,ROY,138,138,0
1940,ROSS,129,129,0
1940,RONNIE,8,8,0
1940,RONALD,890,890,0
1940,ROMEO,8,8,0
1940,ROMAN,6,6,0
1940,ROLLAND,8,8,0
1940,ROWLAND,5,5,0
1940,LAURENT,7,7,0
1940,LAURENCE,31,31,0
1940,LARRY,236,236,0
1940,EDWARD,500,500,0
1940,EDWIN,60,60,0
1940,ELDON,12,12,0
1940,ELGIN,11,11,0
1940,ELLWOOD,6,6,0
1940,ELMER,22,22,0
1940,ELROY,5,5,0
1940,ELVIN,5,5,0
1940,ELWOOD,14,14,0
1940,EMERSON,6,6,0
1940,EMIL,7,7,0
1940,ERIC,57,57,0
1940,ERIK,5,5,0
1940,ERNEST,130,130,0
1940,EDMUND,29,29,0
1940,ERNIE,6,6,0
1940,ERWIN,6,6,0
1940,EUGENE,62,62,0
1940,EVAN,7,7,0
1940,EVERETT,18,18,0
1940,FELIX,5,5,0
1940,FERNAND,8,8,0
1940,FLOYD,31,31,0
1940,FRANCOIS,7,7,0
1940,FRANK,148,148,0
1940,FRANKLIN,40,40,0
1940,FRED,24,24,0
1940,FREDERIC,11,11,0
1940,FREDERICK,290,290,0
1940,FREDRIC,8,8,0
1940,ERROL,10,10,0
1940,EDMOND,11,11,0
1940,EDGAR,30,30,0
1940,EDDIE,6,6,0
1940,CLINTON,7,7,0
1940,CLIVE,5,5,0
1940,CLYDE,7,7,0
1940,COLIN,22,22,0
1940,CONRAD,10,10,0
1940,CRAIG,11,11,0
1940,CURTIS,5,5,0
1940,CYRIL,13,13,0
1940,DAN,5,5,0
1940,DANIEL,134,134,0
1940,DANNY,13,13,0
1940,D'ARCY,8,8,0
1940,DARRYL,12,12,0
1940,DARWIN,5,5,0
1940,DARYL,6,6,0
1940,DAVID,1017,1017,0
1940,DAWSON,6,6,0
1940,EARNEST,11,11,0
1940,EARLE,8,8,0
1940,EARL,99,99,0
1940,DWAYNE,6,6,0
1940,DUNCAN,20,20,0
1940,DUANE,7,7,0
1940,FREDRICK,62,62,0
1940,DOUGLAS,466,466,0
1940,DENTON,9,9,0
1940,DENNIS,164,164,0
1940,DENIS,31,31,0
1940,DELMER,8,8,0
1940,DELBERT,16,16,0
1940,DEAN,6,6,0
1940,DOMINIC,8,8,0
1940,GABRIEL,5,5,0
1940,GARFIELD,18,18,0
1940,GARNET,38,38,0
1940,IRWIN,9,9,0
1940,IVAN,40,40,0
1940,J,12,12,0
1940,JACK,113,113,0
1940,JACKIE,16,16,0
1940,JACOB,11,11,0
1940,JACQUES,18,18,0
1940,JAMES,1462,1462,0
1940,JEFFREY,10,10,0
1940,JERALD,7,7,0
1940,JEROME,29,29,0
1940,JERRY,56,56,0
1940,JIM,5,5,0
1940,JIMMY,5,5,0
1940,JOE,6,6,0
1940,JOEL,14,14,0
1940,JOESPH,7,7,0
1940,LANCE,7,7,0
1940,KEVIN,7,7,0
1940,KERRY,6,6,0
1940,KENT,7,7,0
1940,KENNETH,617,617,0
1940,KEITH,112,112,0
1940,IRVING,7,7,0
1940,KARL,20,20,0
1940,JULIAN,5,5,0
1940,JOSEPHE,8,8,0
1940,JOS,24,24,0
1940,JONATHAN,6,6,0
1940,JON,21,21,0
1940,JOHNNY,7,7,0
1940,JUNIOR,6,6,0
1940,WILSON,5,5,0
1940,IRVIN,9,9,0
1940,HUGH,91,91,0
1940,GARRY,105,105,0
1940,GARTH,14,14,0
1940,GARY,457,457,0
1940,GENE,18,18,0
1940,GEOFFREY,6,6,0
1940,GEORGE,746,746,0
1940,GERALD,473,473,0
1940,GERARD,37,37,0
1940,GERRY,5,5,0
1940,GILBERT,34,34,0
1940,GILLES,7,7,0
1940,GIOVANNI,5,5,0
1940,GLEN,81,81,0
1940,GLENN,73,73,0
1940,GORDON,395,395,0
1940,GRAHAM,21,21,0
1940,GRANT,51,51,0
1940,HUBERT,17,17,0
1940,HOWARD,121,121,0
1940,HERMAN,10,10,0
1940,HERBERT,80,80,0
1940,HENRY,107,107,0
1940,HENRI,6,6,0
1940,IAN,56,56,0
1940,HECTOR,13,13,0
1940,HARTLEY,5,5,0
1940,HARRY,131,131,0
1940,HAROLD,262,262,0
1940,GUY,20,20,0
1940,GREGORY,31,31,0
1940,GRAYDON,6,6,0
1940,HARVEY,89,89,0
1940,WINSTON,50,50,0
1940,WM,10,10,0
1940,WRAY,5,5,0
1940,LENORE,11,0,11
1940,LENORA,16,0,16
1940,LENA,11,0,11
1940,LEILA,9,0,9
1940,LEE,19,11,8
1940,LEAH,10,0,10
1940,LAURETTE,8,0,8
1940,LAUREL,9,0,9
1940,LAURA,64,0,64
1940,LANA,7,0,7
1940,KATHRYN,48,0,48
1940,KATHLEEN,177,0,177
1940,KATHERINE,60,0,60
1940,KATHARINE,24,0,24
1940,LEONA,48,0,48
1940,KATHALEEN,8,0,8
1940,JUNE,171,0,171
1940,JULIETTE,7,0,7
1940,JULIE,8,0,8
1940,JULIANNE,6,0,6
1940,JULIANA,6,0,6
1940,JULIA,32,0,32
1940,JUDY,14,0,14
1940,JUDITH,483,0,483
1940,JUANITA,14,0,14
1940,JOYCE,317,0,317
1940,JOY,33,0,33
1940,JOSEPHINE,53,0,53
1940,JOSEPH,2709,2694,15
1940,JOHN,2309,2301,8
1940,KAREN,79,0,79
1940,LESLIE,77,71,6
1940,LILA,17,0,17
1940,LILIAN,9,0,9
1940,MARGARET,1122,0,1122
1940,MARCIA,11,0,11
1940,MARCELLA,10,0,10
1940,MARALYN,9,0,9
1940,MAE,9,0,9
1940,MADELINE,34,0,34
1940,MADELEINE,14,0,14
1940,MABLE,7,0,7
1940,MABEL,41,0,41
1940,M,11,0,11
1940,LYNNE,16,0,16
1940,LYNN,23,10,13
1940,LYNDA,70,0,70
1940,LYDIA,11,0,11
1940,LUCY,20,0,20
1940,LUCILLE,29,0,29
1940,LUCILE,6,0,6
1940,LILLIAN,124,0,124
1940,LILY,8,0,8
1940,LINA,6,0,6
1940,LINDA,228,0,228
1940,LOIS,247,0,247
1940,LOLA,8,0,8
1940,JOHANNA,6,0,6
1940,LORAINE,18,0,18
1940,LORETTA,55,0,55
1940,LORNA,90,0,90
1940,LORRAINE,120,0,120
1940,LORRETTA,7,0,7
1940,LOUISE,66,0,66
1940,LUCIENNE,7,0,7
1940,LORENE,8,0,8
1940,JOANNE,110,0,110
1940,JOANNA,10,0,10
1940,JOANN,13,0,13
1940,ILA,7,0,7
1940,IDA,29,0,29
1940,HILDA,32,0,32
1940,HELLEN,6,0,6
1940,HELENE,16,0,16
1940,HELENA,13,0,13
1940,HELEN,527,0,527
1940,HEATHER,91,0,91
1940,HAZEL,50,0,50
1940,HARRIETT,8,0,8
1940,HARRIET,26,0,26
1940,HANNAH,8,0,8
1940,GWENDOLYNE,6,0,6
1940,GWENDOLYN,51,0,51
1940,GRETA,9,0,9
1940,GRACE,89,0,89
1940,GLORIA,272,0,272
1940,GAIL,279,0,279
1940,GALE,24,0,24
1940,GAY,10,0,10
1940,GAYLE,28,0,28
1940,GENEVIEVE,10,0,10
1940,GEORGENA,7,0,7
1940,ILENE,6,0,6
1940,GEORGETTE,8,0,8
1940,GEORGINA,48,0,48
1940,GERALDINE,109,0,109
1940,GERTRUDE,48,0,48
1940,GLADYS,86,0,86
1940,GLENDA,35,0,35
1940,GLENNA,16,0,16
1940,GEORGIA,11,0,11
1940,MARGERY,12,0,12
1940,INA,16,0,16
1940,INFANT,94,59,35
1940,JOAN,673,0,673
1940,JO-ANNE,14,0,14
1940,JO-ANN,14,0,14
1940,JO ANNE,6,0,6
1940,JILL,15,0,15
1940,JESSIE,18,0,18
1940,JENNY,8,0,8
1940,JENNIFER,7,0,7
1940,JENNIE,14,0,14
1940,JEANNINE,20,0,20
1940,JEANNETTE,27,0,27
1940,JEANNE,22,0,22
1940,JEANINE,11,0,11
1940,JEANETTE,61,0,61
1940,JEAN,398,63,335
1940,JANIS,8,0,8
1940,JANICE,68,0,68
1940,IRENE,170,0,170
1940,IRIS,32,0,32
1940,IRMA,18,0,18
1940,ISABEL,27,0,27
1940,ISABELL,6,0,6
1940,ISABELLA,10,0,10
1940,INEZ,11,0,11
1940,ISABELLE,16,0,16
1940,IVA,8,0,8
1940,JACQUELINE,151,0,151
1940,JACQUELYN,7,0,7
1940,JANE,106,0,106
1940,JANET,230,0,230
1940,JANETTE,22,0,22
1940,ISOBEL,16,0,16
1940,FREDA,15,0,15
1940,MARGO,14,0,14
1940,MARGRET,27,0,27
1940,SOPHIA,6,0,6
1940,SONJA,16,0,16
1940,SONIA,10,0,10
1940,SIMONE,7,0,7
1940,SHIRLY,12,0,12
1940,SHIRLEY,656,0,656
1940,SHIELA,17,0,17
1940,SHEILA,181,0,181
1940,SHARRON,23,0,23
1940,SHARON,182,0,182
1940,SAUNDRA,13,0,13
1940,SARAH,46,0,46
1940,SARA,9,0,9
1940,SANDRA,468,0,468
1940,STELLA,32,0,32
1940,SALLY,52,0,52
1940,RUBY,54,0,54
1940,ROSIE,7,0,7
1940,ROSEMARY,67,0,67
1940,ROSEMARIE,17,0,17
1940,ROSE,153,0,153
1940,ROSALYN,7,0,7
1940,ROSALIND,9,0,9
1940,ROSALIE,21,0,21
1940,ROCHELLE,10,0,10
1940,ROBIN,16,10,6
1940,ROBERTA,60,0,60
1940,ROBERT,2079,2073,6
1940,RITA,67,0,67
1940,RHODA,10,0,10
1940,RUTH,340,0,340
1940,STEPHANIE,10,0,10
1940,SUE,6,0,6
1940,SUSAN,136,0,136
1940,YVES,5,5,0
1940,YVON,7,7,0
1940,YVONNE,77,0,77
1940,YVETTE,12,0,12
1940,WINNIFRED,25,0,25
1940,WINIFRED,6,0,6
1940,WILMA,35,0,35
1940,WILLIAM,1940,1933,7
1940,WILLA,6,0,6
1940,WENDY,37,0,37
1940,WANDA,34,0,34
1940,VIVIAN,49,0,49
1940,VIRGINIA,78,0,78
1940,VIOLET,53,0,53
1940,VIOLA,29,0,29
1940,VICTORIA,33,0,33
1940,VERONICA,24,0,24
1940,SUSANNA,6,0,6
1940,SUSANNE,17,0,17
1940,SUZANNE,35,0,35
1940,SYLVIA,170,0,170
1940,TERESA,27,0,27
1940,THELMA,58,0,58
1940,RHEA,7,0,7
1940,THERESA,68,0,68
1940,UNNAMED,37,17,20
1940,VALERIE,60,0,60
1940,VELMA,35,0,35
1940,VERA,51,0,51
1940,VERLA,7,0,7
1940,VERNA,46,0,46
1940,THERESE,21,0,21
1940,RETA,44,0,44
1940,RENA,9,0,9
1940,REGINA,6,0,6
1940,MONA,18,0,18
1940,MOLLY,6,0,6
1940,MIRIAM,16,0,16
1940,MILDRED,98,0,98
1940,MERLE,12,0,12
1940,MERILYN,9,0,9
1940,MELINDA,8,0,8
1940,MELBA,10,0,10
1940,MAY,25,0,25
1940,MAXINE,27,0,27
1940,MAVIS,13,0,13
1940,MAUREEN,83,0,83
1940,MARYLIN,6,0,6
1940,MARY,1992,9,1983
1940,MARTHA,45,0,45
1940,MARSHA,10,0,10
1940,MARLYN,37,0,37
1940,MARGUERITE,74,0,74
1940,MARIA,38,0,38
1940,MARIAN,51,0,51
1940,MARIANNE,18,0,18
1940,MARIE,2199,10,2189
1940,MARILYN,562,0,562
1940,MONICA,14,0,14
1940,MARILYNN,22,0,22
1940,MARION,280,0,280
1940,MARJORIE,189,0,189
1940,MARJORY,27,0,27
1940,MARLEEN,11,0,11
1940,MARLENE,229,0,229
1940,MARLINE,6,0,6
1940,MARINA,11,0,11
1940,MARGOT,13,0,13
1940,MONIQUE,6,0,6
1940,MYRA,14,0,14
1940,REBECCA,15,0,15
1940,RACHEL,14,0,14
1940,CLAYTON,30,30,0
1940,PHYLLIS,126,0,126
1940,PHYLIS,13,0,13
1940,PENELOPE,24,0,24
1940,PEGGY,18,0,18
1940,PEARL,35,0,35
1940,PAULINE,103,0,103
1940,PAULETTE,6,0,6
1940,PAULA,11,0,11
1940,PATSY,19,0,19
1940,PATRICIA,982,0,982
1940,PATRICA,11,0,11
1940,PAMELA,19,0,19
1940,OLIVIA,6,0,6
1940,OLIVE,41,0,41
1940,MYRNA,90,0,90
1940,MYRTLE,32,0,32
1940,NANCY,362,0,362
1940,NAOMI,9,0,9
1940,NATALIE,6,0,6
1940,NELLIE,13,0,13
1940,MURIEL,100,0,100
1940,NINA,12,0,12
1940,NORAH,9,0,9
1940,NOREEN,25,0,25
1940,NORINE,6,0,6
1940,NORMA,190,0,190
1940,NOT,40,23,17
1940,OLGA,22,0,22
1940,NORA,39,0,39
1940,PRISCILLA,22,0,22
1941,DARLINE,6,0,6
1941,ALBERT,213,213,0
1941,SHERRILL,6,0,6
1941,SHELIA,9,0,9
1941,SHEILA,199,0,199
1941,SHARRON,39,0,39
1941,SHARON,305,0,305
1941,SHARLEEN,21,0,21
1941,SAUNDRA,10,0,10
1941,SARAH,42,0,42
1941,SARA,12,0,12
1941,SANDRA,575,0,575
1941,SHERRY,9,0,9
1941,SALLY,41,0,41
1941,RUTH,386,0,386
1941,RUBY,50,0,50
1941,ROSIE,8,0,8
1941,ROSEMARY,69,0,69
1941,ROSEMARIE,10,0,10
1941,ROSE-MARIE,8,0,8
1941,ROSE,148,0,148
1941,ROSALIND,10,0,10
1941,ROSALIE,15,0,15
1941,ROCHELLE,10,0,10
1941,SADIE,7,0,7
1941,SHIELA,19,0,19
1941,SHIRLEY,642,0,642
1941,SHIRLY,6,0,6
1941,VERA,54,0,54
1941,VELMA,34,0,34
1941,VALERIE,75,0,75
1941,UNNAMED,18,12,6
1941,UNA,7,0,7
1941,THERESE,28,0,28
1941,THERESA,57,0,57
1941,THELMA,47,0,47
1941,TERESA,29,0,29
1941,SYLVIA,147,0,147
1941,SYDNEY,31,22,9
1941,SUZANNE,48,0,48
1941,SUSANNE,12,0,12
1941,SUSAN,165,0,165
1941,SUE,6,0,6
1941,STEPHANIE,13,0,13
1941,STELLA,21,0,21
1941,SOPHIE,7,0,7
1941,SONYA,6,0,6
1941,SONJA,15,0,15
1941,SONIA,10,0,10
1941,SONDRA,10,0,10
1941,SIMONE,7,0,7
1941,ROBERTA,85,0,85
1941,RITA,72,0,72
1941,RHODA,17,0,17
1941,RETA,26,0,26
1941,NINA,9,0,9
1941,NELLIE,15,0,15
1941,NANCY,360,0,360
1941,NADINE,8,0,8
1941,MYRTLE,31,0,31
1941,MYRNA,80,0,80
1941,MYRA,9,0,9
1941,MURIEL,90,0,90
1941,MONICA,23,0,23
1941,MONA,21,0,21
1941,MIRIAM,27,0,27
1941,MILDRED,56,0,56
1941,MICHELLE,6,0,6
1941,MERNA,6,0,6
1941,MERLE,17,0,17
1941,MERILYN,6,0,6
1941,MAY,33,0,33
1941,MAXINE,21,0,21
1941,MAVIS,7,0,7
1941,MAUREEN,110,0,110
1941,MARYLOU,7,0,7
1941,MARYLN,9,0,9
1941,MARYLIN,13,0,13
1941,NO,16,9,7
1941,VERNA,58,0,58
1941,NOELLA,7,0,7
1941,NORAH,11,0,11
1941,RENA,11,0,11
1941,REBECCA,6,0,6
1941,RAE,13,7,6
1941,RACHEL,8,0,8
1941,PRISCILLA,16,0,16
1941,PHYLLIS,112,0,112
1941,PHYLIS,13,0,13
1941,PENNY,11,0,11
1941,PENELOPE,29,0,29
1941,PEGGY,25,0,25
1941,PEARL,29,0,29
1941,PAULINE,94,0,94
1941,PAULETTE,7,0,7
1941,PAULA,13,0,13
1941,PATSY,16,0,16
1941,PATRICIA,1039,0,1039
1941,PATRICA,10,0,10
1941,PAMELA,28,0,28
1941,OLIVE,26,0,26
1941,OLGA,23,0,23
1941,NOT,41,23,18
1941,NORMA,172,0,172
1941,NOREEN,28,0,28
1941,NORA,25,0,25
1941,MARYANN,6,0,6
1941,VERONICA,13,0,13
1941,VIOLA,23,0,23
1941,AUDREY,156,0,156
1941,AUDRY,10,0,10
1941,BABE,21,9,12
1941,BABY,531,306,225
1941,BARBARA,952,0,952
1941,BARBRA,15,0,15
1941,BEATRICE,66,0,66
1941,BERNADETTE,16,0,16
1941,BERNICE,80,0,80
1941,BERTHA,15,0,15
1941,ARLENE,81,0,81
1941,BERYL,11,0,11
1941,BETH,9,0,9
1941,BETTE,22,0,22
1941,BETTY,324,0,324
1941,BEVERLEY,328,32,296
1941,BEVERLY,184,16,168
1941,BLANCHE,13,0,13
1941,BONITA,33,0,33
1941,BONNIE,138,0,138
1941,BRENDA,185,0,185
1941,CARLA,6,0,6
1941,BESSIE,14,0,14
1941,ARLEEN,12,0,12
1941,APRIL,7,0,7
1941,ANTOINETTE,12,0,12
1941,ADELE,14,0,14
1941,ADRIENNE,10,0,10
1941,AGNES,72,0,72
1941,AILEEN,19,0,19
1941,ALBERTA,16,0,16
1941,ALEXANDRA,9,0,9
1941,ALICE,159,0,159
1941,ALINE,8,0,8
1941,ALISON,6,0,6
1941,ALMA,25,0,25
1941,AMELIA,11,0,11
1941,AMY,12,0,12
1941,ANDREA,21,0,21
1941,ANGELA,9,0,9
1941,ANGELINE,7,0,7
1941,ANITA,54,0,54
1941,ANN,152,0,152
1941,ANNA,93,0,93
1941,ANNABELLE,7,0,7
1941,ANNE,166,0,166
1941,ANNE-MARIE,6,0,6
1941,ANNETTE,24,0,24
1941,ANNIE,66,0,66
1941,CARMEL,9,0,9
1941,CARMEN,27,10,17
1941,CAROL,730,8,722
1941,CAROLE,185,0,185
1941,DAPHNE,8,0,8
1941,DARLEEN,10,0,10
1941,DARLENE,55,0,55
1941,DAWN,44,0,44
1941,DEANNA,74,0,74
1941,DEANNE,7,0,7
1941,ALAN,107,107,0
1941,DELLA,14,0,14
1941,DELORES,33,0,33
1941,DELORIS,7,0,7
1941,DENISE,26,0,26
1941,YVONNE,84,0,84
1941,WINONA,7,0,7
1941,WINNIFRED,37,0,37
1941,WINIFRED,13,0,13
1941,WILMA,48,0,48
1941,WILLA,8,0,8
1941,WENDY,54,0,54
1941,WANDA,42,0,42
1941,VIVIEN,9,0,9
1941,VIVIAN,53,0,53
1941,VIRGINIA,99,0,99
1941,VIOLET,57,0,57
1941,DALE,60,44,16
1941,VICTORIA,45,0,45
1941,DAISY,11,0,11
1941,CORA,9,0,9
1941,CAROLINE,65,0,65
1941,CAROLYN,260,0,260
1941,CAROLYNE,9,0,9
1941,CAROLYNN,9,0,9
1941,CAROLYNNE,6,0,6
1941,CARROL,18,0,18
1941,CATHARINE,34,0,34
1941,CATHERINE,241,0,241
1941,CECELIA,6,0,6
1941,CECILE,27,0,27
1941,CECILIA,15,0,15
1941,CHARLENE,10,0,10
1941,CHARLOTTE,55,0,55
1941,CHRISTINA,20,0,20
1941,CHRISTINE,17,0,17
1941,CLAIRE,36,0,36
1941,CLARA,32,0,32
1941,CLAUDETTE,37,0,37
1941,CLAUDIA,11,0,11
1941,COLETTE,8,0,8
1941,COLLEEN,44,0,44
1941,CONNIE,19,0,19
1941,CONSTANCE,77,0,77
1941,CYNTHIA,20,0,20
1941,ADA,24,0,24
1941,MARY,2038,0,2038
1941,MARSHA,10,0,10
1941,GWEN,6,0,6
1941,GRETA,10,0,10
1941,GRACE,80,0,80
1941,GLORIA,321,0,321
1941,GLENNA,10,0,10
1941,GLENDA,25,0,25
1941,GLADYS,90,0,90
1941,GISELE,7,0,7
1941,GERTRUDE,47,0,47
1941,GERMAINE,7,0,7
1941,GWENDOLYN,56,0,56
1941,GERALDINE,109,0,109
1941,GEORGIA,14,0,14
1941,GEORGETTE,10,0,10
1941,GENEVIEVE,8,0,8
1941,GAYLE,44,0,44
1941,GAY,11,0,11
1941,GALE,27,0,27
1941,GAIL,278,0,278
1941,FREDA,27,0,27
1941,FRANCOISE,13,0,13
1941,FRANCIS,193,167,26
1941,GEORGINA,52,0,52
1941,HANNAH,6,0,6
1941,HARRIET,15,0,15
1941,HAZEL,56,0,56
1941,IVY,9,0,9
1941,IVA,7,0,7
1941,ISOBEL,11,0,11
1941,ISABELLE,18,0,18
1941,ISABELLA,11,0,11
1941,ISABEL,27,0,27
1941,IRMA,17,0,17
1941,IRIS,21,0,21
1941,IRENE,172,0,172
1941,IONA,10,0,10
1941,INFANT,73,38,35
1941,INEZ,11,0,11
1941,INA,13,0,13
1941,ILENE,6,0,6
1941,ILA,8,0,8
1941,IDA,36,0,36
1941,HUGUETTE,7,0,7
1941,HILDA,33,0,33
1941,HELLEN,6,0,6
1941,HELENE,9,0,9
1941,HELENA,14,0,14
1941,HELEN,480,0,480
1941,HEATHER,104,0,104
1941,FRANCES,257,13,244
1941,FLORENCE,134,0,134
1941,FLORA,15,0,15
1941,FERNANDE,7,0,7
1941,ELEANORE,7,0,7
1941,ELEANOR,178,0,178
1941,ELAINE,131,0,131
1941,EILEEN,70,0,70
1941,EDYTHE,8,0,8
1941,EDNA,74,0,74
1941,EDITH,108,0,108
1941,DORTHY,8,0,8
1941,DOROTHY,419,0,419
1941,DOROTHEA,6,0,6
1941,DORIS,157,0,157
1941,DOREEN,136,0,136
1941,DORA,18,0,18
1941,DONNA,511,0,511
1941,DONELDA,8,0,8
1941,DONALDA,13,0,13
1941,DONA,40,0,40
1941,DOLORES,46,0,46
1941,DIXIE,6,0,6
1941,DIANNE,145,0,145
1941,DIANNA,20,0,20
1941,DIANN,6,0,6
1941,DIANE,323,0,323
1941,ELENOR,6,0,6
1941,JACQUELINE,145,0,145
1941,ELINOR,10,0,10
1941,ELIZABETH,604,0,604
1941,FERN,24,0,24
1941,FAYE,22,0,22
1941,FAY,22,0,22
1941,FAITH,16,0,16
1941,EVELYN,172,0,172
1941,EVELINE,9,0,9
1941,EVANGELINE,6,0,6
1941,EVA,53,0,53
1941,EUNICE,28,0,28
1941,ETHEL,57,0,57
1941,ESTHER,39,0,39
1941,ESTELLE,9,0,9
1941,ERNA,8,0,8
1941,ERMA,10,0,10
1941,ENID,9,0,9
1941,EMMA,11,0,11
1941,EMILY,27,0,27
1941,ELVA,17,0,17
1941,ELSIE,75,0,75
1941,ELMA,7,0,7
1941,ELLEN,93,0,93
1941,ELLA,14,0,14
1941,ELIZEBETH,22,0,22
1941,ELISABETH,8,0,8
1941,MARTHA,62,0,62
1941,JANE,116,0,116
1941,JANETTE,15,0,15
1941,MADELEINE,21,0,21
1941,MABLE,8,0,8
1941,MABEL,32,0,32
1941,LYNNE,31,0,31
1941,LYNN,41,12,29
1941,LYNDA,93,0,93
1941,LYDIA,9,0,9
1941,LUELLA,13,0,13
1941,LUCY,21,0,21
1941,LUCILLE,31,0,31
1941,MADELINE,29,0,29
1941,LOUISE,75,0,75
1941,LORRAINE,122,0,122
1941,LORNA,91,0,91
1941,LORETTA,34,0,34
1941,LOREEN,9,0,9
1941,LORAINE,21,0,21
1941,LORAIN,6,0,6
1941,LOLA,13,0,13
1941,LOIS,214,0,214
1941,LINDA,364,0,364
1941,LILY,15,0,15
1941,LOUISA,10,0,10
1941,MAE,12,0,12
1941,MARALYN,7,0,7
1941,MARCELLA,6,0,6
1941,MARLYNE,6,0,6
1941,MARLYN,35,0,35
1941,MARLENE,248,0,248
1941,MARLEEN,8,0,8
1941,MARJORY,21,0,21
1941,MARJORIE,177,0,177
1941,MARION,233,0,233
1941,MARILYNNE,7,0,7
1941,MARILYNN,19,0,19
1941,MARILYN,479,0,479
1941,MARIE-ROSE,7,0,7
1941,MARIE-ANNE,6,0,6
1941,MARIE,2255,6,2249
1941,MARIANNE,19,0,19
1941,MARIAN,68,0,68
1941,MARIA,36,0,36
1941,MARGUERITE,66,0,66
1941,MARGRET,27,0,27
1941,MARGOT,8,0,8
1941,MARGO,24,0,24
1941,MARGERY,9,0,9
1941,MARGARET,1116,0,1116
1941,MARCIA,20,0,20
1941,LILLIAN,109,0,109
1941,LILIAN,9,0,9
1941,LILA,18,0,18
1941,LESLIE,79,66,13
1941,JOSEPHINE,54,0,54
1941,JOHANNA,10,0,10
1941,JOANNE,147,0,147
1941,JOANNA,10,0,10
1941,JOANN,10,0,10
1941,JOAN,663,0,663
1941,JO-ANNE,16,0,16
1941,JO-ANN,16,0,16
1941,JO ANNE,8,0,8
1941,JO ANN,7,0,7
1941,JO,13,0,13
1941,JILL,14,0,14
1941,JESSIE,31,0,31
1941,JENNIFER,6,0,6
1941,JENNIE,8,0,8
1941,JEANNINE,14,0,14
1941,JEANNETTE,36,0,36
1941,JEANNE,30,0,30
1941,JEANIE,6,0,6
1941,JEANETTE,66,0,66
1941,JEAN,324,75,249
1941,JANIS,6,0,6
1941,JANICE,85,0,85
1941,JOY,48,0,48
1941,JANET,250,0,250
1941,JOYCE,297,0,297
1941,JUDITH,573,0,573
1941,LEONA,48,0,48
1941,LENORE,7,0,7
1941,LENORA,12,0,12
1941,LENA,8,0,8
1941,LEA,6,0,6
1941,LAURINE,7,0,7
1941,LAURETTE,6,0,6
1941,LAUREL,18,0,18
1941,LAURA,70,0,70
1941,LANA,12,0,12
1941,KAY,10,0,10
1941,KATHRYN,58,0,58
1941,KATHLEEN,173,0,173
1941,KATHERINE,82,0,82
1941,KATHELEEN,7,0,7
1941,KATHARINE,16,0,16
1941,KATHALEEN,12,0,12
1941,KAREN,186,0,186
1941,JUNE,186,0,186
1941,JULIETTE,7,0,7
1941,JULIE,13,0,13
1941,JULIA,54,0,54
1941,JUDY,34,0,34
1941,JUANITA,8,0,8
1941,DIANA,120,0,120
1941,DIAN,19,0,19
1941,MELVILLE,28,28,0
1941,MELVYN,22,22,0
1941,MERVIN,30,30,0
1941,MERVYN,18,18,0
1941,MICHAEL,388,388,0
1941,MICHEAL,26,26,0
1941,MICHEL,11,11,0
1941,MILAN,8,8,0
1941,MILTON,18,18,0
1941,MITCHELL,7,7,0
1941,MORGAN,5,5,0
1941,MORLEY,17,17,0
1941,MORRIS,25,25,0
1941,MURRAY,149,149,0
1941,MYRON,8,8,0
1941,NEIL,71,71,0
1941,NELSON,37,37,0
1941,NICHOLAS,25,25,0
1941,MELVIN,74,74,0
1941,FREEMAN,5,5,0
1941,MAXWELL,7,7,0
1941,MAURICE,67,67,0
1941,LIONEL,25,25,0
1941,LLOYD,137,137,0
1941,LORNE,93,93,0
1941,LOUIS,55,55,0
1941,LOWELL,5,5,0
1941,LOYD,5,5,0
1941,LUCIEN,16,16,0
1941,LYLE,35,35,0
1941,NICK,8,8,0
1941,MALCOLM,37,37,0
1941,MANLEY,5,5,0
1941,MARC,5,5,0
1941,MARCEL,27,27,0
1941,MARK,24,24,0
1941,MARSHALL,12,12,0
1941,MARTIN,47,47,0
1941,MARVIN,45,45,0
1941,MATTHEW,10,10,0
1941,MALE,6,6,0
1941,LEWIS,20,20,0
1941,NOEL,16,16,0
1941,NORMAN,274,274,0
1941,RENE,18,18,0
1941,RHEAL,10,10,0
1941,RICHARD,597,597,0
1941,ROBERT,2243,2243,0
1941,ROBIN,9,9,0
1941,RODERICK,22,22,0
1941,RODGER,17,17,0
1941,RODNEY,29,29,0
1941,ROGER,185,185,0
1941,ROLAND,40,40,0
1941,ROLLAND,14,14,0
1941,RONALD,1028,1028,0
1941,ROSS,106,106,0
1941,ROY,133,133,0
1941,ROYAL,5,5,0
1941,ROYDEN,5,5,0
1941,RUSSEL,23,23,0
1941,REGINALD,80,80,0
1941,REAL,8,8,0
1941,RAYMOND,292,292,0
1941,RAY,33,33,0
1941,NORRIS,5,5,0
1941,OLIVER,11,11,0
1941,OMER,6,6,0
1941,ORLAND,5,5,0
1941,ORVAL,12,12,0
1941,ORVILLE,13,13,0
1941,OSCAR,9,9,0
1941,OWEN,7,7,0
1941,NORBERT,6,6,0
1941,PATRICK,147,147,0
1941,PERCY,17,17,0
1941,PERRY,7,7,0
1941,PETER,434,434,0
1941,PHILIP,104,104,0
1941,PHILLIP,36,36,0
1941,PIERRE,21,21,0
1941,RALPH,141,141,0
1941,RANDOLPH,7,7,0
1941,PAUL,499,499,0
1941,RUSSELL,84,84,0
1941,LESTER,6,6,0
1941,LEONARD,134,134,0
1941,HARRY,133,133,0
1941,HARVEY,102,102,0
1941,HECTOR,15,15,0
1941,HENRI,6,6,0
1941,HENRY,100,100,0
1941,HERBERT,100,100,0
1941,HERMAN,13,13,0
1941,HOWARD,130,130,0
1941,HUBERT,19,19,0
1941,HUGH,65,65,0
1941,IAN,56,56,0
1941,IRVIN,9,9,0
1941,IRWIN,8,8,0
1941,IVAN,50,50,0
1941,J,10,10,0
1941,JACK,124,124,0
1941,JACKIE,9,9,0
1941,HAROLD,298,298,0
1941,GUY,16,16,0
1941,GREGORY,23,23,0
1941,GRANT,67,67,0
1941,GARNET,38,38,0
1941,GARRY,141,141,0
1941,GARTH,14,14,0
1941,GARY,540,540,0
1941,GENE,13,13,0
1941,GEOFFREY,12,12,0
1941,GEORGE,744,744,0
1941,GERALD,501,501,0
1941,JACOB,11,11,0
1941,GERARD,36,36,0
1941,GILBERT,34,34,0
1941,GILLES,9,9,0
1941,GLEN,97,97,0
1941,GLENN,71,71,0
1941,GORDEN,7,7,0
1941,GORDON,374,374,0
1941,GRAEME,5,5,0
1941,GRAHAM,23,23,0
1941,GERRALD,5,5,0
1941,LEROY,12,12,0
1941,JACQUES,19,19,0
1941,JEAN-PAUL,5,5,0
1941,KERRY,8,8,0
1941,KEVIN,6,6,0
1941,KIETH,5,5,0
1941,LANNY,5,5,0
1941,LARRY,316,316,0
1941,LAURANCE,5,5,0
1941,LAURENCE,39,39,0
1941,LAURENT,11,11,0
1941,LAURIE,8,8,0
1941,LAURIER,5,5,0
1941,LAVERNE,5,5,0
1941,LAWRENCE,299,299,0
1941,LE ROY,5,5,0
1941,LEE,13,13,0
1941,LENARD,10,10,0
1941,LEO,61,61,0
1941,LEON,16,16,0
1941,KENT,7,7,0
1941,KENNETH,710,710,0
1941,KENETH,5,5,0
1941,KEITH,109,109,0
1941,JEFFERY,6,6,0
1941,JEFFREY,23,23,0
1941,JERALD,5,5,0
1941,JEROME,22,22,0
1941,JERRY,49,49,0
1941,JIM,6,6,0
1941,JIMMIE,6,6,0
1941,JIMMY,12,12,0
1941,JAMES,1521,1521,0
1941,JOE,12,12,0
1941,JOHN,2363,2363,0
1941,JOHNNY,5,5,0
1941,JON,19,19,0
1941,JOS,23,23,0
1941,JOSEPH,2893,2893,0
1941,JOSEPHE,5,5,0
1941,JUNIOR,7,7,0
1941,KARL,25,25,0
1941,JOEL,13,13,0
1941,SAMUEL,52,52,0
1941,SCOTT,7,7,0
1941,SHELDON,18,18,0
1941,CLIVE,5,5,0
1941,CLINTON,12,12,0
1941,CLIFFORD,121,121,0
1941,CLEMENT,6,6,0
1941,CLAYTON,36,36,0
1941,CLAUDE,33,33,0
1941,CLARK,9,9,0
1941,CLARENCE,76,76,0
1941,CLARE,16,16,0
1941,CHRISTOPHER,28,28,0
1941,CHESTER,10,10,0
1941,CHARLIE,6,6,0
1941,CHARLES,497,497,0
1941,CECIL,44,44,0
1941,CARSON,7,7,0
1941,CARMAN,15,15,0
1941,CARL,128,128,0
1941,CLYDE,9,9,0
1941,COLIN,18,18,0
1941,CONRAD,17,17,0
1941,CRAIG,6,6,0
1941,DON,11,11,0
1941,DOMINIC,5,5,0
1941,DESMOND,10,10,0
1941,DEREK,6,6,0
1941,DENZIL,6,6,0
1941,DENNIS,207,207,0
1941,DENIS,33,33,0
1941,DELMER,7,7,0
1941,CAMERON,18,18,0
1941,DELBERT,16,16,0
1941,DAVID,1034,1034,0
1941,DARRELL,9,9,0
1941,DANNY,12,12,0
1941,DANIEL,149,149,0
1941,DAN,5,5,0
1941,DALTON,9,9,0
1941,CYRIL,7,7,0
1941,CURTIS,10,10,0
1941,DEAN,10,10,0
1941,DONALD,1095,1095,0
1941,CALVIN,27,27,0
1941,BURTON,11,11,0
1941,ARMAND,12,12,0
1941,ARCHIE,13,13,0
1941,ARCHIBALD,9,9,0
1941,ANTONIO,5,5,0
1941,ANTHONY,63,63,0
1941,ANGUS,14,14,0
1941,ANDREW,82,82,0
1941,ANDRE,30,30,0
1941,AMOS,5,5,0
1941,ALVIN,53,53,0
1941,ALPHONSE,10,10,0
1941,ALLEN,82,82,0
1941,ALLAN,210,210,0
1941,ALFRED,87,87,0
1941,ALEXANDER,103,103,0
1941,ALEX,10,10,0
1941,ALCIDE,5,5,0
1941,ARMANDO,5,5,0
1941,ARNOLD,61,61,0
1941,ARTHUR,225,225,0
1941,AUBREY,8,8,0
1941,BRYAN,43,43,0
1941,BRUCE,255,255,0
1941,BRIAN,248,248,0
1941,BRADLEY,7,7,0
1941,BOY,5,5,0
1941,BOBBY,12,12,0
1941,BOB,5,5,0
1941,BLAINE,6,6,0
1941,BYRON,10,10,0
1941,BILL,6,6,0
1941,BERT,10,10,0
1941,BERNARD,93,93,0
1941,BENJAMIN,16,16,0
1941,BASIL,12,12,0
1941,BARTON,5,5,0
1941,BARRY,227,227,0
1941,BARRIE,12,12,0
1941,AUSTIN,9,9,0
1941,BERTRAM,14,14,0
1941,DOUGLAS,535,535,0
1941,DUANE,5,5,0
1941,DUNCAN,18,18,0
1941,TREVOR,8,8,0
1941,VERNON,39,39,0
1941,VICTOR,118,118,0
1941,VINCENT,38,38,0
1941,WALLACE,41,41,0
1941,WALTER,223,223,0
1941,WARREN,46,46,0
1941,WAYNE,343,343,0
1941,WENDELL,14,14,0
1941,WESLEY,34,34,0
1941,WILBERT,23,23,0
1941,WILFORD,5,5,0
1941,WILFRED,77,77,0
1941,WILFRID,15,15,0
1941,WILLARD,15,15,0
1941,WILLIAM,2060,2060,0
1941,WILLIS,11,11,0
1941,TOMMY,6,6,0
1941,TIMOTHY,39,39,0
1941,THOMAS,650,650,0
1941,THEODORE,30,30,0
1941,SHERMAN,8,8,0
1941,SIDNEY,22,22,0
1941,SIMON,6,6,0
1941,SPENCER,9,9,0
1941,STANLEY,139,139,0
1941,STEPHAN,5,5,0
1941,STEPHEN,95,95,0
1941,STEVE,15,15,0
1941,WILMER,8,8,0
1941,STEVEN,25,25,0
1941,STUART,39,39,0
1941,TED,6,6,0
1941,TEDDY,6,6,0
1941,TERENCE,32,32,0
1941,TERRANCE,51,51,0
1941,TERRENCE,57,57,0
1941,TERRY,32,32,0
1941,THEADORE,5,5,0
1941,STEWART,40,40,0
1941,WILSON,6,6,0
1941,WINSTON,108,108,0
1941,FREDRICK,72,72,0
1941,EMIL,5,5,0
1941,EMERSON,11,11,0
1941,ELWOOD,11,11,0
1941,ELVIN,8,8,0
1941,ELMER,25,25,0
1941,ELLIS,7,7,0
1941,ELGIN,6,6,0
1941,ELDON,12,12,0
1941,EMILE,6,6,0
1941,EDWIN,66,66,0
1941,EDMUND,26,26,0
1941,EDMOND,7,7,0
1941,EDGAR,25,25,0
1941,EDDIE,9,9,0
1941,EARNEST,10,10,0
1941,EARLE,11,11,0
1941,EARL,104,104,0
1941,DWAYNE,5,5,0
1941,EDWARD,532,532,0
1941,GARFIELD,24,24,0
1941,ERIC,66,66,0
1941,ERNEST,151,151,0
1941,WM,10,10,0
1941,WRAY,6,6,0
1941,YVON,8,8,0
1941,FREDRIC,7,7,0
1941,FREDERICK,318,318,0
1941,FREDERIC,16,16,0
1941,FRED,14,14,0
1941,FRASER,5,5,0
1941,ERIK,5,5,0
1941,FRANKLIN,77,77,0
1941,FRANCOIS,8,8,0
1941,FLOYD,22,22,0
1941,FERNAND,10,10,0
1941,EVERETT,18,18,0
1941,EVAN,12,12,0
1941,EUGENE,68,68,0
1941,ERVIN,5,5,0
1941,ERROL,11,11,0
1941,FRANK,141,141,0
1941,GABRIEL,7,7,0
1942,NORMAN,273,273,0
1942,YVON,10,10,0
1942,LYLE,31,31,0
1942,LUCIEN,7,7,0
1942,LOWELL,8,8,0
1942,LOUIS,56,56,0
1942,LORNE,112,112,0
1942,LLOYD,138,138,0
1942,LIONEL,28,28,0
1942,LEWIS,22,22,0
1942,LESTER,9,9,0
1942,LEROY,11,11,0
1942,ORVAL,10,10,0
1942,ORVILLE,11,11,0
1942,OSCAR,6,6,0
1942,OWEN,14,14,0
1942,PATRICK,153,153,0
1942,PAUL,574,574,0
1942,PERCY,15,15,0
1942,PERRY,13,13,0
1942,PETER,508,508,0
1942,PHILIP,111,111,0
1942,PHILLIP,45,45,0
1942,PIERRE,14,14,0
1942,RAE,7,7,0
1942,RALPH,137,137,0
1942,RANDALL,5,5,0
1942,RAY,33,33,0
1942,RAYMOND,341,341,0
1942,MALCOLM,26,26,0
1942,MALE,5,5,0
1942,MARCEL,38,38,0
1942,MARK,26,26,0
1942,NONE,5,5,0
1942,NOEL,22,22,0
1942,NO,5,5,0
1942,NICK,11,11,0
1942,NICHOLAS,24,24,0
1942,NELSON,36,36,0
1942,NEIL,60,60,0
1942,NEAL,9,9,0
1942,MYRON,5,5,0
1942,MURRAY,160,160,0
1942,MORTON,5,5,0
1942,MORRIS,40,40,0
1942,MORLEY,13,13,0
1942,REGINALD,107,107,0
1942,MILTON,12,12,0
1942,MICHEAL,15,15,0
1942,MICHAEL,488,488,0
1942,MERVYN,32,32,0
1942,MERVIN,24,24,0
1942,MELVYN,23,23,0
1942,OLIVER,12,12,0
1942,MELVILLE,14,14,0
1942,MAX,5,5,0
1942,MAURICE,67,67,0
1942,MATTHEW,8,8,0
1942,MARVIN,36,36,0
1942,MARTIN,46,46,0
1942,MARSHALL,11,11,0
1942,MICHEL,16,16,0
1942,REJEAN,5,5,0
1942,RENE,28,28,0
1942,RICHARD,707,707,0
1942,TERRANCE,66,66,0
1942,TERRENCE,69,69,0
1942,THEODORE,32,32,0
1942,THERON,5,5,0
1942,THOMAS,715,715,0
1942,TIMOTHY,58,58,0
1942,TREVOR,7,7,0
1942,UN-NAMED,5,5,0
1942,VERNE,6,6,0
1942,VERNON,40,40,0
1942,VICTOR,112,112,0
1942,VINCENT,41,41,0
1942,WALLACE,25,25,0
1942,TERENCE,29,29,0
1942,WALTER,197,197,0
1942,WAYNE,380,380,0
1942,WENDELL,5,5,0
1942,WESLEY,21,21,0
1942,WILBERT,28,28,0
1942,WILFRED,81,81,0
1942,WILFRID,14,14,0
1942,WILLARD,22,22,0
1942,WILLIAM,2259,2259,0
1942,WILLIS,11,11,0
1942,WILMER,5,5,0
1942,WILSON,10,10,0
1942,WINSTON,67,67,0
1942,WM,6,6,0
1942,WARREN,49,49,0
1942,NORMAND,7,7,0
1942,TEDDY,8,8,0
1942,SYDNEY,20,20,0
1942,ROBERT,2499,2499,0
1942,RODERICK,28,28,0
1942,RODGER,22,22,0
1942,RODNEY,44,44,0
1942,ROGER,182,182,0
1942,ROLAND,42,42,0
1942,ROLLAND,14,14,0
1942,ROMEO,6,6,0
1942,RONALD,1044,1044,0
1942,RONNIE,10,10,0
1942,ROSS,123,123,0
1942,ROY,161,161,0
1942,RUDOLPH,8,8,0
1942,TED,8,8,0
1942,RUSSEL,17,17,0
1942,SAMUEL,56,56,0
1942,SCOTT,8,8,0
1942,SHELDON,19,19,0
1942,SIDNEY,26,26,0
1942,SIMON,12,12,0
1942,SPENCER,7,7,0
1942,STANLEY,172,172,0
1942,STEPHEN,147,147,0
1942,STERLING,5,5,0
1942,STEVE,18,18,0
1942,STEVEN,32,32,0
1942,STEWART,42,42,0
1942,STUART,40,40,0
1942,RUSSELL,74,74,0
1942,MELVIN,69,69,0
1942,LAWRENCE,297,297,0
1942,LENARD,21,21,0
1942,DAVID,1193,1193,0
1942,DARYL,5,5,0
1942,DARWIN,6,6,0
1942,DARRYL,7,7,0
1942,DARREL,5,5,0
1942,D'ARCY,5,5,0
1942,DANNY,13,13,0
1942,DANIEL,157,157,0
1942,DALTON,9,9,0
1942,CYRIL,18,18,0
1942,CURTIS,6,6,0
1942,CRAIG,25,25,0
1942,CONRAD,12,12,0
1942,COLIN,21,21,0
1942,CLYDE,8,8,0
1942,CLIVE,8,8,0
1942,CLINTON,7,7,0
1942,CLIFFORD,120,120,0
1942,CLEMENT,6,6,0
1942,CLAYTON,37,37,0
1942,CLAUDE,39,39,0
1942,CLARK,9,9,0
1942,CLARENCE,93,93,0
1942,DEAN,11,11,0
1942,DELBERT,15,15,0
1942,DELMAR,6,6,0
1942,DELMER,5,5,0
1942,ELWOOD,12,12,0
1942,ELVIN,6,6,0
1942,ELMER,32,32,0
1942,ELLIS,5,5,0
1942,ELGIN,10,10,0
1942,ELDON,16,16,0
1942,EDWIN,63,63,0
1942,EDWARD,533,533,0
1942,EDMUND,19,19,0
1942,EDMOND,8,8,0
1942,EDGAR,36,36,0
1942,CLAIR,5,5,0
1942,EDDIE,5,5,0
1942,EARLE,15,15,0
1942,EARL,112,112,0
1942,DWIGHT,10,10,0
1942,DUNCAN,19,19,0
1942,DOUGLAS,673,673,0
1942,DONALD,1138,1138,0
1942,DON,14,14,0
1942,DESMOND,5,5,0
1942,DEREK,12,12,0
1942,DENNIS,306,306,0
1942,DENIS,39,39,0
1942,EARNEST,13,13,0
1942,EMERSON,6,6,0
1942,CHRISTOPHER,30,30,0
1942,CHESTER,13,13,0
1942,AUSTIN,9,9,0
1942,AUBREY,6,6,0
1942,ARTHUR,258,258,0
1942,ARNOLD,82,82,0
1942,ARCHIE,14,14,0
1942,ARCHIBALD,5,5,0
1942,ANTONIO,5,5,0
1942,ANTHONY,73,73,0
1942,ANGUS,9,9,0
1942,ANDY,5,5,0
1942,ANDREW,101,101,0
1942,ANDRE,25,25,0
1942,AMBROSE,6,6,0
1942,ALVIN,52,52,0
1942,ALPHONSE,11,11,0
1942,ALLEN,77,77,0
1942,ALLAN,232,232,0
1942,ALFRED,94,94,0
1942,ALEXANDER,99,99,0
1942,ALEX,13,13,0
1942,ALBERT,204,204,0
1942,ALAN,107,107,0
1942,ADRIEN,5,5,0
1942,BARRIE,16,16,0
1942,BARRY,280,280,0
1942,BARTON,5,5,0
1942,BASIL,14,14,0
1942,CHARLES,468,468,0
1942,CECIL,59,59,0
1942,CARSON,8,8,0
1942,CARMAN,17,17,0
1942,CARL,135,135,0
1942,CAMERON,23,23,0
1942,CALVIN,32,32,0
1942,BYRON,11,11,0
1942,BURTON,10,10,0
1942,BRYON,5,5,0
1942,BRYAN,72,72,0
1942,CHRISTIAN,7,7,0
1942,BRUNO,5,5,0
1942,BRIAN,379,379,0
1942,BRENT,5,5,0
1942,BRADLEY,20,20,0
1942,BOYD,7,7,0
1942,BOHDAN,5,5,0
1942,BOBBY,5,5,0
1942,BILLY,6,6,0
1942,BILL,7,7,0
1942,BERT,5,5,0
1942,BERNARD,95,95,0
1942,BENJAMIN,15,15,0
1942,BRUCE,297,297,0
1942,LEO,82,82,0
1942,EMIL,5,5,0
1942,ERIC,67,67,0
1942,JOE,13,13,0
1942,JIMMY,11,11,0
1942,JIMMIE,5,5,0
1942,JERRY,50,50,0
1942,JEROME,29,29,0
1942,JERALD,5,5,0
1942,JEFFREY,31,31,0
1942,JEFFERY,7,7,0
1942,JAY,5,5,0
1942,JAMES,1843,1843,0
1942,JACQUES,11,11,0
1942,JACOB,8,8,0
1942,JACKIE,14,14,0
1942,JACK,124,124,0
1942,IVAN,56,56,0
1942,IRWIN,7,7,0
1942,IRVING,6,6,0
1942,IRVIN,6,6,0
1942,IRA,6,6,0
1942,IAN,81,81,0
1942,HUGHIE,6,6,0
1942,HUGH,95,95,0
1942,HUBERT,19,19,0
1942,JOEL,16,16,0
1942,JOESPH,8,8,0
1942,JOHN,2601,2601,0
1942,JOHNNY,10,10,0
1942,LELAND,6,6,0
1942,LAWSON,6,6,0
1942,LAVERNE,16,16,0
1942,LAURIE,9,9,0
1942,LAURENT,10,10,0
1942,LAURENCE,37,37,0
1942,LARRY,322,322,0
1942,LANNY,7,7,0
1942,LANCE,7,7,0
1942,KIETH,9,9,0
1942,KEVIN,16,16,0
1942,HOWARD,122,122,0
1942,KENT,8,8,0
1942,KENNETH,796,796,0
1942,KENETH,5,5,0
1942,KEITH,123,123,0
1942,KARL,24,24,0
1942,JULIAN,5,5,0
1942,JULES,5,5,0
1942,JOSEPHE,5,5,0
1942,JOSEF,5,5,0
1942,JOS,25,25,0
1942,JONATHAN,7,7,0
1942,JON,21,21,0
1942,KENNITH,5,5,0
1942,EMILE,9,9,0
1942,HERMAN,15,15,0
1942,HENRY,88,88,0
1942,GARRY,184,184,0
1942,GARNET,45,45,0
1942,GARFIELD,29,29,0
1942,GABRIEL,5,5,0
1942,FREEMAN,6,6,0
1942,FREDRICK,60,60,0
1942,FREDRIC,6,6,0
1942,FREDERICK,292,292,0
1942,FREDERIC,18,18,0
1942,FRED,16,16,0
1942,FRASER,5,5,0
1942,FRANKLYN,5,5,0
1942,FRANKLIN,61,61,0
1942,FRANK,157,157,0
1942,FRANCOIS,9,9,0
1942,FLOYD,33,33,0
1942,FERNAND,15,15,0
1942,FELIX,6,6,0
1942,EWART,5,5,0
1942,EVERETT,9,9,0
1942,EVAN,5,5,0
1942,EUGENE,55,55,0
1942,ERNEST,138,138,0
1942,GARTH,9,9,0
1942,GARY,637,637,0
1942,GASTON,5,5,0
1942,GENE,26,26,0
1942,HENRI,6,6,0
1942,HECTOR,11,11,0
1942,HARVEY,94,94,0
1942,HARRY,134,134,0
1942,HAROLD,272,272,0
1942,HARLEY,10,10,0
1942,GUY,24,24,0
1942,GREGORY,35,35,0
1942,GRANT,71,71,0
1942,GRAHAM,23,23,0
1942,GORDON,448,448,0
1942,HERBERT,98,98,0
1942,GORDEN,8,8,0
1942,GLENDON,6,6,0
1942,GLEN,70,70,0
1942,GILLES,8,8,0
1942,GILBERT,41,41,0
1942,GERRY,8,8,0
1942,GERRARD,7,7,0
1942,GERARD,34,34,0
1942,GERALD,467,467,0
1942,GEORGES,9,9,0
1942,GEORGE,715,715,0
1942,GEOFFREY,10,10,0
1942,GLENN,80,80,0
1942,LEON,12,12,0
1942,LEONARD,167,167,0
1942,ADA,11,0,11
1942,MARION,258,0,258
1942,MARINA,9,0,9
1942,MARILYNNE,6,0,6
1942,MARILYNN,31,0,31
1942,MARILYN,595,0,595
1942,MARILEE,7,0,7
1942,MARIETTE,9,0,9
1942,MARIE,2460,5,2455
1942,MARIANNE,27,0,27
1942,MARIAN,64,0,64
1942,MARIA,26,0,26
1942,MARJORIE,170,0,170
1942,MARGUERITE,58,0,58
1942,MARGOT,13,0,13
1942,MARGO,23,0,23
1942,MARGERY,13,0,13
1942,MARGERET,9,0,9
1942,MARGARET,1089,0,1089
1942,MARCIA,23,0,23
1942,MARCELLA,10,0,10
1942,MAE,7,0,7
1942,MADELINE,36,0,36
1942,MADELEINE,23,0,23
1942,MADELAINE,7,0,7
1942,MARGRET,26,0,26
1942,MABLE,9,0,9
1942,MARJORY,12,0,12
1942,MARLEEN,12,0,12
1942,MOIRA,6,0,6
1942,MIRIAM,27,0,27
1942,MILDRED,87,0,87
1942,MICHELLE,9,0,9
1942,MICHELE,11,0,11
1942,MERLYN,6,0,6
1942,MERLE,9,0,9
1942,MERILYN,9,0,9
1942,MELVA,6,0,6
1942,MELANIE,6,0,6
1942,MAY,21,0,21
1942,MARLA,8,0,8
1942,MAXINE,31,0,31
1942,MARYLOU,7,0,7
1942,MARYLIN,13,0,13
1942,MARY-LOU,10,0,10
1942,MARY-ANN,6,0,6
1942,MARY,2096,0,2096
1942,MARTHA,63,0,63
1942,MARSHA,14,0,14
1942,MARRY,7,0,7
1942,MARLYN,39,0,39
1942,MARLINE,8,0,8
1942,MARLENE,225,0,225
1942,MAUREEN,125,0,125
1942,MONA,15,0,15
1942,MABEL,31,0,31
1942,LYNNE,50,0,50
1942,LEAH,8,0,8
1942,LEA,6,0,6
1942,LAUREL,10,0,10
1942,LAURA,63,0,63
1942,LANA,18,0,18
1942,KAY,9,0,9
1942,KATHRYN,67,0,67
1942,KATHLEEN,186,0,186
1942,KATHERINE,88,0,88
1942,KATHELEEN,7,0,7
1942,KATHARINE,21,0,21
1942,LEE,21,14,7
1942,KATHALEEN,11,0,11
1942,KAREN,333,0,333
1942,KAAREN,8,0,8
1942,JUNE,187,0,187
1942,JULIE,12,0,12
1942,JULIA,41,0,41
1942,JUDY,68,0,68
1942,JUDITH,713,0,713
1942,JUANITA,14,0,14
1942,JOYCE,307,0,307
1942,JOY,41,0,41
1942,JOSEPHINE,57,0,57
1942,KARIN,12,0,12
1942,M,10,0,10
1942,LENA,9,0,9
1942,LENORE,21,0,21
1942,LYNN,68,21,47
1942,LYNDA,163,0,163
1942,LYDIA,10,0,10
1942,LUELLA,15,0,15
1942,LUCY,21,0,21
1942,LUCILLE,44,0,44
1942,LOUISE,83,0,83
1942,LORRAINE,120,0,120
1942,LORNA,84,0,84
1942,LORETTA,39,0,39
1942,LORENE,8,0,8
1942,LENORA,12,0,12
1942,LORAINE,24,0,24
1942,LOIS,208,0,208
1942,LISE,13,0,13
1942,LINDA,489,0,489
1942,LILY,13,0,13
1942,LILLIE,7,0,7
1942,LILLIAN,117,0,117
1942,LILIAN,8,0,8
1942,LILA,15,0,15
1942,LESLIE,123,96,27
1942,LESLEY,10,0,10
1942,LEONA,50,0,50
1942,LOLA,8,0,8
1942,JOSEPH,3017,3011,6
1942,MONICA,12,0,12
1942,MYRA,13,0,13
1942,SUSIE,6,0,6
1942,SUSANNE,17,0,17
1942,SUSAN,247,0,247
1942,SUE,7,0,7
1942,STEPHANIE,10,0,10
1942,STELLA,16,0,16
1942,SONYA,6,0,6
1942,SONJA,8,0,8
1942,SONIA,10,0,10
1942,SHIRLY,7,0,7
1942,SHIRLEY,660,0,660
1942,SUZANNE,52,0,52
1942,SHIELA,16,0,16
1942,SHERRON,8,0,8
1942,SHERRIN,7,0,7
1942,SHERRILL,6,0,6
1942,SHEILA,194,0,194
1942,SHARRON,80,0,80
1942,SHARON,536,0,536
1942,SHARLEEN,8,0,8
1942,SHAREN,12,0,12
1942,SARAH,35,0,35
1942,SARA,9,0,9
1942,SANDRA,722,0,722
1942,SHERRY,12,0,12
1942,SALLY,52,0,52
1942,SYLVIA,143,0,143
1942,TERRY,64,57,7
1942,ADELE,10,0,10
1942,YVONNE,66,0,66
1942,YVETTE,19,0,19
1942,WINNIFRED,32,0,32
1942,WILMA,44,0,44
1942,WILLA,6,0,6
1942,WENDY,104,0,104
1942,WANDA,39,0,39
1942,VIVIEN,6,0,6
1942,VIVIAN,54,0,54
1942,VIRGINIA,85,0,85
1942,TERESA,35,0,35
1942,VIRGINA,6,0,6
1942,VIOLA,28,0,28
1942,VICTORIA,46,0,46
1942,VERONICA,27,0,27
1942,VERNA,62,0,62
1942,VERLA,10,0,10
1942,VERA,37,0,37
1942,VALERIE,58,0,58
1942,UNNAMED,23,14,9
1942,THERESE,20,0,20
1942,THERESA,68,0,68
1942,THELMA,48,0,48
1942,VIOLET,43,0,43
1942,MURIEL,83,0,83
1942,SADIE,7,0,7
1942,RUBY,39,0,39
1942,PAULA,21,0,21
1942,PATSY,13,0,13
1942,PATRICIA,1081,0,1081
1942,PATRICA,18,0,18
1942,PAMELA,51,0,51
1942,OLIVIA,6,0,6
1942,OLIVE,24,0,24
1942,OLGA,21,0,21
1942,NOT,33,18,15
1942,NORMA,188,0,188
1942,NOREEN,31,0,31
1942,PAULETTE,19,0,19
1942,NORAH,10,0,10
1942,NOLA,9,0,9
1942,NOELLA,6,0,6
1942,NINA,7,0,7
1942,NICOLE,7,0,7
1942,NELLIE,10,0,10
1942,NELDA,6,0,6
1942,NAOMI,6,0,6
1942,NANCY,384,0,384
1942,NADINE,8,0,8
1942,MYRTLE,20,0,20
1942,MYRNA,50,0,50
1942,NORA,27,0,27
1942,RUTH,342,0,342
1942,PAULINE,102,0,102
1942,PEGGY,22,0,22
1942,ROSLYN,10,0,10
1942,ROSEMARY,82,0,82
1942,ROSEMARIE,13,0,13
1942,ROSE-MARIE,7,0,7
1942,ROSE,158,0,158
1942,ROSALYN,6,0,6
1942,ROSALIND,19,0,19
1942,ROSALIE,20,0,20
1942,ROCHELLE,19,0,19
1942,ROBIN,26,15,11
1942,ROBERTA,54,0,54
1942,PEARL,27,0,27
1942,RITA,77,0,77
1942,RHEA,7,0,7
1942,RETA,30,0,30
1942,RENEE,6,0,6
1942,RENA,12,0,12
1942,REBECCA,15,0,15
1942,RACHEL,8,0,8
1942,PRISCILLA,14,0,14
1942,PHYLLIS,116,0,116
1942,PHYLIS,10,0,10
1942,PENNY,15,0,15
1942,PENELOPE,49,0,49
1942,RHODA,16,0,16
1942,JOCELYN,6,0,6
1942,VELMA,32,0,32
1942,JOANNA,10,0,10
1942,CORA,14,0,14
1942,CONSTANCE,67,0,67
1942,CONNIE,11,0,11
1942,COLLEEN,47,0,47
1942,COLETTE,12,0,12
1942,CLAUDIA,17,0,17
1942,CLAUDETTE,31,0,31
1942,CLARE,19,11,8
1942,CLARA,36,0,36
1942,CLAIRE,32,0,32
1942,CHRISTINE,24,0,24
1942,CORINNE,9,0,9
1942,CHRISTINA,29,0,29
1942,CHARLOTTE,74,0,74
1942,CHARLENE,33,0,33
1942,CELIA,7,0,7
1942,CECILIA,10,0,10
1942,CECILE,24,0,24
1942,CECELIA,13,0,13
1942,CATHERINE,224,0,224
1942,CATHARINE,33,0,33
1942,CARROLL,8,0,8
1942,CARROL,29,0,29
1942,CAROLYNNE,10,0,10
1942,CHRISTENA,9,0,9
1942,CAROLYNN,13,0,13
1942,CYNTHIA,28,0,28
1942,DALE,69,44,25
1942,DOREEN,156,0,156
1942,DORA,12,0,12
1942,DONNA,641,0,641
1942,DONELDA,12,0,12
1942,DONALDA,11,0,11
1942,DONA,40,0,40
1942,DOLORES,43,0,43
1942,DIXIE,6,0,6
1942,DIANNE,214,0,214
1942,DIANNA,19,0,19
1942,DIANN,7,0,7
1942,DAISY,13,0,13
1942,DIANE,394,0,394
1942,DIAN,10,0,10
1942,DENISE,34,0,34
1942,DELORES,21,0,21
1942,DELLA,11,0,11
1942,DELIA,6,0,6
1942,DEBORAH,11,0,11
1942,DEANNA,52,0,52
1942,DAWNA,7,0,7
1942,DAWN,35,0,35
1942,DARLENE,85,0,85
1942,DARLEEN,10,0,10
1942,DIANA,122,0,122
1942,DORENE,7,0,7
1942,CAROLYNE,12,0,12
1942,CAROLL,7,0,7
1942,ARLINE,6,0,6
1942,ARLENE,76,0,76
1942,ARLEEN,10,0,10
1942,APRIL,9,0,9
1942,ANNIE,43,0,43
1942,ANNETTE,38,0,38
1942,ANNE,178,0,178
1942,ANNABELLE,10,0,10
1942,ANNA,85,0,85
1942,ANN,169,0,169
1942,ANITA,51,0,51
1942,AUDREY,158,0,158
1942,ANGELINE,6,0,6
1942,AMY,8,0,8
1942,ALMA,19,0,19
1942,ALISON,6,0,6
1942,ALINE,7,0,7
1942,ALICE,178,0,178
1942,ALEXANDRA,9,0,9
1942,ALBERTA,19,0,19
1942,AILEEN,7,0,7
1942,AGNES,56,0,56
1942,ADRIENNE,10,0,10
1942,JOANNE,173,0,173
1942,ANGELA,10,0,10
1942,CAROLYN,338,0,338
1942,BABE,19,8,11
1942,BARBARA,970,0,970
1942,CAROLINE,97,0,97
1942,CAROLE,279,0,279
1942,CAROL-ANN,7,0,7
1942,CAROL,857,0,857
1942,CARMEN,17,9,8
1942,CARMEL,6,0,6
1942,BRENDA,171,0,171
1942,BONNY,6,0,6
1942,BONNIE,161,0,161
1942,BONITA,34,0,34
1942,BLANCHE,18,0,18
1942,BABY,489,282,207
1942,BEVERLY,180,14,166
1942,BEULAH,7,0,7
1942,BETTY,325,0,325
1942,BETTE,14,0,14
1942,BETH,8,0,8
1942,BESSIE,16,0,16
1942,BERYL,12,0,12
1942,BERTHA,24,0,24
1942,BERNICE,69,0,69
1942,BERNADETTE,22,0,22
1942,BEATRICE,69,0,69
1942,BARBRA,20,0,20
1942,BEVERLEY,296,22,274
1942,DORIS,158,0,158
1942,ANDREA,19,0,19
1942,DOROTHY,384,0,384
1942,ISABELLA,6,0,6
1942,ISABELL,9,0,9
1942,ISABEL,41,0,41
1942,IRMA,8,0,8
1942,IRIS,16,0,16
1942,IRENE,158,0,158
1942,INFANT,70,41,29
1942,INEZ,8,0,8
1942,INA,14,0,14
1942,ILENE,8,0,8
1942,ILEEN,6,0,6
1942,ISABELLE,16,0,16
1942,ILA,7,0,7
1942,HILDA,35,0,35
1942,HELLEN,7,0,7
1942,HELENE,20,0,20
1942,HELENA,11,0,11
1942,HELEN,481,0,481
1942,HEATHER,141,0,141
1942,HAZEL,59,0,59
1942,HARRIET,22,0,22
1942,GWENYTH,6,0,6
1942,GWENDOLYN,66,0,66
1942,GRACE,94,0,94
1942,IDA,25,0,25
1942,GLORIA,353,0,353
1942,ISOBEL,15,0,15
1942,JACQUALINE,7,0,7
1942,JOANN,13,0,13
1942,DOROTHEA,11,0,11
1942,JOAN,606,0,606
1942,JO-ANNE,40,0,40
1942,JO-ANN,28,0,28
1942,JO ANNE,11,0,11
1942,JO ANN,7,0,7
1942,JESSIE,30,0,30
1942,JENNIFER,12,0,12
1942,JENNIE,13,0,13
1942,JEANNINE,15,0,15
1942,IVA,8,0,8
1942,JEANNETTE,33,0,33
1942,JEANETTE,77,0,77
1942,JEAN,338,73,265
1942,JAQUELINE,8,0,8
1942,JANIS,6,0,6
1942,JANICE,93,0,93
1942,JANETTE,18,0,18
1942,JANET,305,0,305
1942,JANE,120,0,120
1942,JACQUELYN,6,0,6
1942,JACQUELINE,131,0,131
1942,JACQUELENE,6,0,6
1942,JEANNE,36,0,36
1942,GLENNA,13,0,13
1942,JILL,19,0,19
1942,GLADYS,76,0,76
1942,ENID,7,0,7
1942,EMMA,9,0,9
1942,EMILY,37,0,37
1942,ELVA,24,0,24
1942,ELSIE,82,0,82
1942,ELMA,6,0,6
1942,ELLEN,83,0,83
1942,ELLA,14,0,14
1942,ELIZEBETH,25,0,25
1942,ELIZABETH,548,0,548
1942,ELISABETH,8,0,8
1942,ERMA,10,0,10
1942,ELINOR,19,0,19
1942,ELEANORE,6,0,6
1942,ELEANOR,197,0,197
1942,ELDA,7,0,7
1942,ELAINE,156,0,156
1942,EILEEN,69,0,69
1942,EDYTHE,7,0,7
1942,EDNA,89,0,89
1942,DORTHY,12,0,12
1942,GLENDA,37,0,37
1942,EDITH,109,0,109
1942,EARLA,7,0,7
1942,ELENOR,8,0,8
1942,ESTELLE,6,0,6
1942,EFFIE,7,0,7
1942,ETHEL,43,0,43
1942,ESTHER,49,0,49
1942,GERALDINE,86,0,86
1942,GEORGINA,55,0,55
1942,GEORGIA,15,0,15
1942,GEORGETTE,10,0,10
1942,GENEVIEVE,7,0,7
1942,GAYLE,48,0,48
1942,GAYE,6,0,6
1942,GALE,26,0,26
1942,GERTRUDE,48,0,48
1942,GAIL,339,0,339
1942,FREDA,24,0,24
1942,GERMAINE,10,0,10
1942,FRANCES,247,5,242
1942,FRANCIS,197,165,32
1942,EVA,53,0,53
1942,EVELINE,6,0,6
1942,EUNICE,13,0,13
1942,FAITH,15,0,15
1942,EVELYN,167,0,167
1942,GISELE,8,0,8
1942,FAYE,20,0,20
1942,FERN,16,0,16
1942,FLORA,16,0,16
1942,FLORENCE,124,0,124
1942,FAY,22,0,22
1943,CHARLES,484,484,0
1943,CHARLIE,8,8,0
1943,CHESTER,9,9,0
1943,CHRISTOPHER,53,53,0
1943,CLAIR,6,6,0
1943,CLARENCE,72,72,0
1943,CLARK,6,6,0
1943,CLAUDE,33,33,0
1943,CLAYTON,32,32,0
1943,CLYDE,16,16,0
1943,CLIFFORD,130,130,0
1943,CLIFTON,5,5,0
1943,CLINTON,14,14,0
1943,CLIVE,8,8,0
1943,COLIN,32,32,0
1943,CONRAD,10,10,0
1943,COURTNEY,5,5,0
1943,CECIL,43,43,0
1943,CURTIS,8,8,0
1943,CLEMENT,8,8,0
1943,CRAIG,17,17,0
1943,BRIAN,483,483,0
1943,CARL,145,145,0
1943,BARRIE,22,22,0
1943,BARRY,254,254,0
1943,BASIL,11,11,0
1943,CYRIL,14,14,0
1943,BENJAMIN,10,10,0
1943,BERNARD,95,95,0
1943,BERTRAM,7,7,0
1943,BILL,7,7,0
1943,BILLY,10,10,0
1943,BLAINE,7,7,0
1943,BLAKE,9,9,0
1943,BOBBY,6,6,0
1943,BRADLEY,10,10,0
1943,BRENT,8,8,0
1943,BRIEN,5,5,0
1943,BRUCE,249,249,0
1943,BRYAN,82,82,0
1943,BRYON,6,6,0
1943,BURTON,9,9,0
1943,BYRON,12,12,0
1943,CALVIN,25,25,0
1943,CAMERON,27,27,0
1943,CAMPBELL,7,7,0
1943,CARMAN,13,13,0
1943,DALTON,10,10,0
1943,EARNEST,16,16,0
1943,DANNY,18,18,0
1943,EDMUND,34,34,0
1943,EDWARD,551,551,0
1943,EDWIN,76,76,0
1943,ELDON,21,21,0
1943,ELLIS,5,5,0
1943,ELLWOOD,5,5,0
1943,ELMER,29,29,0
1943,ELWOOD,18,18,0
1943,EMERSON,7,7,0
1943,EMILE,5,5,0
1943,EDMOND,15,15,0
1943,ERIC,128,128,0
1943,ERROL,6,6,0
1943,EUGENE,44,44,0
1943,EVAN,6,6,0
1943,EVERETT,7,7,0
1943,FERNAND,13,13,0
1943,FLOYD,29,29,0
1943,FRANCOIS,9,9,0
1943,BABE,6,6,0
1943,FRANK,170,170,0
1943,FRANKLIN,62,62,0
1943,ERNEST,144,144,0
1943,DANIEL,155,155,0
1943,EDGAR,28,28,0
1943,EDDIE,7,7,0
1943,DARREL,5,5,0
1943,DARRELL,6,6,0
1943,DARRYL,10,10,0
1943,DAVID,1369,1369,0
1943,DEAN,18,18,0
1943,DELBERT,18,18,0
1943,DELMAR,5,5,0
1943,DENIS,48,48,0
1943,DENNIS,309,309,0
1943,DEREK,9,9,0
1943,EDDY,5,5,0
1943,DERRICK,5,5,0
1943,DON,6,6,0
1943,DONALD,1229,1229,0
1943,DONAT,6,6,0
1943,DOUGLAS,733,733,0
1943,DUANE,8,8,0
1943,DUNCAN,22,22,0
1943,DWAYNE,13,13,0
1943,DWIGHT,19,19,0
1943,EARL,105,105,0
1943,EARLE,9,9,0
1943,DOMINIC,9,9,0
1943,AUSTIN,9,9,0
1943,YVON,13,13,0
1943,ARTHUR,261,261,0
1943,VALERIE,76,0,76
1943,VELMA,22,0,22
1943,VERA,48,0,48
1943,VERLA,7,0,7
1943,VERNA,61,0,61
1943,VERONICA,41,0,41
1943,VICKI,7,0,7
1943,VICTORIA,65,0,65
1943,VIOLA,20,0,20
1943,VIOLET,52,0,52
1943,VIRGINIA,112,0,112
1943,VIVIAN,53,0,53
1943,VIVIEN,6,0,6
1943,WANDA,34,0,34
1943,WENDY,101,0,101
1943,WILMA,42,0,42
1943,WINIFRED,12,0,12
1943,WINNIFRED,20,0,20
1943,YVETTE,16,0,16
1943,YVONNE,68,0,68
1943,STEPHEN,150,150,0
1943,TRUDY,6,0,6
1943,THERESE,26,0,26
1943,THERESA,69,0,69
1943,THELMA,34,0,34
1943,SHEILA,216,0,216
1943,FRASER,9,9,0
1943,SHERON,10,0,10
1943,SHERRAN,6,0,6
1943,SHERRILL,12,0,12
1943,SHERRIN,6,0,6
1943,SHERRON,6,0,6
1943,SHERRY,14,0,14
1943,SHERYL,10,0,10
1943,SHIELA,15,0,15
1943,WM,6,6,0
1943,SHIRLEY,601,0,601
1943,SONJA,8,0,8
1943,STELLA,35,0,35
1943,STEPHANIE,13,0,13
1943,SUSAN,359,0,359
1943,SUSANNE,26,0,26
1943,SUZANNE,67,0,67
1943,SYDNEY,27,20,7
1943,SYLVIA,140,0,140
1943,TERESA,30,0,30
1943,TERRY,73,63,10
1943,SONIA,11,0,11
1943,WINSTON,33,33,0
1943,WILSON,10,10,0
1943,WILLIS,5,5,0
1943,STEVEN,36,36,0
1943,ADRIAN,7,7,0
1943,ALAN,114,114,0
1943,ALBERT,204,204,0
1943,ALCIDE,6,6,0
1943,ALEX,8,8,0
1943,ALEXANDER,109,109,0
1943,ALFRED,102,102,0
1943,ALLAN,261,261,0
1943,ALLEN,91,91,0
1943,STEWART,41,41,0
1943,ALPHONSE,11,11,0
1943,AMBROSE,6,6,0
1943,ANDRE,32,32,0
1943,ANDREW,84,84,0
1943,ANGUS,11,11,0
1943,ANTHONY,73,73,0
1943,ARCHIBALD,8,8,0
1943,ARCHIE,15,15,0
1943,ARDEN,7,7,0
1943,ARMAND,18,18,0
1943,ARNOLD,50,50,0
1943,ALVIN,41,41,0
1943,AUBREY,11,11,0
1943,STUART,34,34,0
1943,TEDDY,13,13,0
1943,WILLIAM,2188,2188,0
1943,WILLARD,22,22,0
1943,WILFRID,17,17,0
1943,WILFRED,77,77,0
1943,WILBERT,13,13,0
1943,WESLEY,35,35,0
1943,WENDELL,6,6,0
1943,WAYNE,441,441,0
1943,WARREN,49,49,0
1943,WALTER,180,180,0
1943,TED,5,5,0
1943,WALLACE,43,43,0
1943,VICTOR,101,101,0
1943,VERNON,46,46,0
1943,UNNAMED,5,5,0
1943,TREVOR,7,7,0
1943,TIMOTHY,35,35,0
1943,THOMAS,709,709,0
1943,THEODORE,28,28,0
1943,TERRENCE,97,97,0
1943,TERRANCE,108,108,0
1943,TERENCE,41,41,0
1943,VINCENT,51,51,0
1943,FRED,14,14,0
1943,LORNE,106,106,0
1943,FREDERIC,8,8,0
1943,MICHEAL,39,39,0
1943,MICHEL,15,15,0
1943,MIKE,6,6,0
1943,MILAN,10,10,0
1943,MILTON,24,24,0
1943,MITCHELL,7,7,0
1943,MORGAN,5,5,0
1943,MORLEY,28,28,0
1943,MORRIS,44,44,0
1943,MORTON,6,6,0
1943,MURRAY,150,150,0
1943,MURRY,6,6,0
1943,MYRON,8,8,0
1943,NEAL,5,5,0
1943,NEIL,73,73,0
1943,NELSON,29,29,0
1943,NICHOLAS,30,30,0
1943,NICK,8,8,0
1943,NICKOLAS,6,6,0
1943,NO,6,6,0
1943,NOEL,6,6,0
1943,MICHAEL,530,530,0
1943,MERVYN,11,11,0
1943,MERVIN,37,37,0
1943,MELVYN,20,20,0
1943,LESTER,5,5,0
1943,LEVI,5,5,0
1943,LEWIS,20,20,0
1943,LIONEL,31,31,0
1943,LLOYD,142,142,0
1943,LOUIS,69,69,0
1943,LUCIEN,15,15,0
1943,LYLE,30,30,0
1943,MALCOLM,28,28,0
1943,MALE,5,5,0
1943,NORMAN,280,280,0
1943,MARCEL,38,38,0
1943,MARSHALL,13,13,0
1943,MARTIN,66,66,0
1943,MARVIN,38,38,0
1943,MATTHEW,14,14,0
1943,MAURICE,82,82,0
1943,MAXWELL,5,5,0
1943,MAYNARD,5,5,0
1943,MELBOURNE,5,5,0
1943,MELVILLE,15,15,0
1943,MELVIN,75,75,0
1943,MARK,22,22,0
1943,NORMAND,9,9,0
1943,OLIVER,12,12,0
1943,ORVAL,8,8,0
1943,RODERICK,29,29,0
1943,RODGER,15,15,0
1943,RODNEY,48,48,0
1943,ROGER,219,219,0
1943,ROLAND,41,41,0
1943,ROMEO,9,9,0
1943,RONALD,1155,1155,0
1943,RONNIE,15,15,0
1943,ROSS,137,137,0
1943,ROY,172,172,0
1943,ROBIN,19,19,0
1943,ROYDEN,5,5,0
1943,RUSSEL,19,19,0
1943,RUSSELL,88,88,0
1943,SAMUEL,53,53,0
1943,SANFORD,5,5,0
1943,SHELDON,19,19,0
1943,SIDNEY,31,31,0
1943,SIMON,8,8,0
1943,STANLEY,210,210,0
1943,STEPHAN,5,5,0
1943,SHARYN,15,0,15
1943,RUDOLF,5,5,0
1943,LEROY,18,18,0
1943,ROBERT,2434,2434,0
1943,RICHARD,776,776,0
1943,ORVILLE,19,19,0
1943,OWEN,11,11,0
1943,PATRICK,143,143,0
1943,PAUL,565,565,0
1943,PERCY,25,25,0
1943,PERRY,11,11,0
1943,PETER,523,523,0
1943,PHILIP,92,92,0
1943,PHILIPPE,7,7,0
1943,PHILLIP,40,40,0
1943,RITCHARD,5,5,0
1943,PIERRE,25,25,0
1943,RALPH,163,163,0
1943,RANDALL,8,8,0
1943,RANDOLPH,17,17,0
1943,RANDY,8,8,0
1943,RAY,20,20,0
1943,RAYMOND,345,345,0
1943,REAL,6,6,0
1943,REGINALD,81,81,0
1943,REID,5,5,0
1943,RENE,18,18,0
1943,PRESTON,7,7,0
1943,FREDDIE,7,7,0
1943,LEONARD,149,149,0
1943,LEO,61,61,0
1943,GORDON,470,470,0
1943,GRAHAM,26,26,0
1943,GRANT,68,68,0
1943,GRAYDON,6,6,0
1943,GREGORY,33,33,0
1943,GUY,24,24,0
1943,HARLEY,12,12,0
1943,HAROLD,276,276,0
1943,HARRY,144,144,0
1943,HARVEY,113,113,0
1943,HECTOR,14,14,0
1943,HENRY,107,107,0
1943,HERBERT,98,98,0
1943,HERMAN,10,10,0
1943,HOWARD,157,157,0
1943,HUBERT,19,19,0
1943,HUGH,77,77,0
1943,IAN,85,85,0
1943,IRVIN,9,9,0
1943,IRVING,6,6,0
1943,IRWIN,7,7,0
1943,GORDEN,8,8,0
1943,GLENN,90,90,0
1943,GLENDON,7,7,0
1943,GLEN,106,106,0
1943,FREDERICK,303,303,0
1943,FREDRIC,5,5,0
1943,FREDRICK,75,75,0
1943,GABRIEL,7,7,0
1943,GAETAN,5,5,0
1943,GARFIELD,22,22,0
1943,GARLAND,7,7,0
1943,GARNET,39,39,0
1943,GARRY,196,196,0
1943,GARTH,11,11,0
1943,IVAN,48,48,0
1943,GARY,609,609,0
1943,GENE,9,9,0
1943,GEOFFREY,16,16,0
1943,GEORGE,689,689,0
1943,GEORGES,6,6,0
1943,GERALD,497,497,0
1943,GERARD,37,37,0
1943,GERRY,12,12,0
1943,GILBERT,48,48,0
1943,GILLES,16,16,0
1943,GINO,5,5,0
1943,GASTON,7,7,0
1943,J,12,12,0
1943,JACK,116,116,0
1943,JACKIE,8,8,0
1943,JULIAN,7,7,0
1943,KARL,27,27,0
1943,KEITH,158,158,0
1943,KENETH,5,5,0
1943,KENNETH,852,852,0
1943,KENT,10,10,0
1943,KERRY,7,7,0
1943,KEVIN,8,8,0
1943,KIETH,8,8,0
1943,KIRK,6,6,0
1943,JOSEPHE,11,11,0
1943,LAIRD,5,5,0
1943,LARRY,391,391,0
1943,LAURENCE,40,40,0
1943,LAURENT,7,7,0
1943,LAURIE,9,9,0
1943,LAURIER,5,5,0
1943,LAVERN,5,5,0
1943,LAVERNE,13,13,0
1943,LAWRENCE,318,318,0
1943,LENARD,15,15,0
1943,LENNARD,5,5,0
1943,LANCE,5,5,0
1943,LEON,20,20,0
1943,JOSEPH,3019,3019,0
1943,JONATHAN,10,10,0
1943,JACOB,13,13,0
1943,JACQUES,15,15,0
1943,JAMES,1888,1888,0
1943,JAN,6,6,0
1943,JAY,7,7,0
1943,JEAN-GUY,7,7,0
1943,JEFFERY,6,6,0
1943,JEFFREY,37,37,0
1943,JERALD,13,13,0
1943,JEREMY,6,6,0
1943,JOS,30,30,0
1943,JEROME,27,27,0
1943,JESSE,8,8,0
1943,JIMMIE,5,5,0
1943,JIMMY,12,12,0
1943,JOE,5,5,0
1943,JOEL,15,15,0
1943,JOESPH,8,8,0
1943,JOHN,2632,2632,0
1943,JOHNNIE,5,5,0
1943,JOHNNY,19,19,0
1943,JON,22,22,0
1943,JERRY,58,58,0
1943,SHARRON,98,0,98
1943,STEVE,12,12,0
1943,SHARLEEN,6,0,6
1943,JO-ANNE,33,0,33
1943,JO-ANN,23,0,23
1943,JO ANNE,6,0,6
1943,JO ANN,18,0,18
1943,JILL,28,0,28
1943,JESSIE,27,0,27
1943,JENNIFER,9,0,9
1943,JENNIE,9,0,9
1943,JEANNINE,22,0,22
1943,JEANNETTE,37,0,37
1943,JEANNE,30,0,30
1943,JEANINE,8,0,8
1943,JEANETTE,69,0,69
1943,JEAN,352,83,269
1943,JANICE,112,0,112
1943,JANETTE,14,0,14
1943,JANET,330,0,330
1943,JANE,121,0,121
1943,JACQUELYN,8,0,8
1943,JACQUELINE,154,0,154
1943,JACQUELENE,7,0,7
1943,JOAN,583,0,583
1943,JOANN,15,0,15
1943,JOANNA,6,0,6
1943,JOANNE,171,0,171
1943,LEAH,7,0,7
1943,LEA,8,0,8
1943,LAUREL,17,0,17
1943,LAURA,48,0,48
1943,LANA,11,0,11
1943,KATHRYN,101,0,101
1943,KATHLEEN,196,0,196
1943,KATHERINE,94,0,94
1943,KATHARINE,21,0,21
1943,KATHALEEN,11,0,11
1943,IVY,8,0,8
1943,KAREN,379,0,379
1943,JULIE,12,0,12
1943,JULIA,38,0,38
1943,JUDY,90,0,90
1943,JUDITH,860,0,860
1943,JUANITA,11,0,11
1943,JOYCE,273,0,273
1943,JOY,33,0,33
1943,JOSEPHINE,43,0,43
1943,JOHANNA,8,0,8
1943,JOCELYN,7,0,7
1943,JUNE,137,0,137
1943,LEE,18,12,6
1943,IVA,10,0,10
1943,ISABELLE,13,0,13
1943,GWENYTH,6,0,6
1943,GWENDOLYN,56,0,56
1943,GWEN,12,0,12
1943,GRETA,7,0,7
1943,GRACIE,7,0,7
1943,GRACE,105,0,105
1943,GLORIA,345,0,345
1943,GLENNIS,7,0,7
1943,GLENNA,26,0,26
1943,GLENDA,45,0,45
1943,GLADYS,71,0,71
1943,GISELE,11,0,11
1943,GERTRUDE,52,0,52
1943,GERALDINE,71,0,71
1943,GEORGINA,57,0,57
1943,GEORGIA,9,0,9
1943,GEORGETTE,15,0,15
1943,GEORGENA,6,0,6
1943,GENEVIEVE,7,0,7
1943,GAYLE,69,0,69
1943,GAY,9,0,9
1943,HANNAH,6,0,6
1943,HARRIET,24,0,24
1943,HAZEL,46,0,46
1943,HEATHER,159,0,159
1943,ISABELLA,11,0,11
1943,ISABELL,7,0,7
1943,ISABEL,20,0,20
1943,IRMA,10,0,10
1943,IRIS,22,0,22
1943,IRENE,140,0,140
1943,IONA,8,0,8
1943,INGRID,9,0,9
1943,INFANT,55,29,26
1943,INEZ,6,0,6
1943,ISOBEL,21,0,21
1943,INA,14,0,14
1943,ILA,9,0,9
1943,IDA,28,0,28
1943,HUGUETTE,10,0,10
1943,HOLLY,7,0,7
1943,HILDA,27,0,27
1943,HENRIETTA,9,0,9
1943,HELLEN,8,0,8
1943,HELENE,19,0,19
1943,HELENA,7,0,7
1943,HELEN,453,0,453
1943,ILONA,6,0,6
1943,LEILA,7,0,7
1943,LENA,14,0,14
1943,LENORA,12,0,12
1943,MERLE,22,5,17
1943,MERILYN,8,0,8
1943,MEREDITH,7,0,7
1943,MELODY,7,0,7
1943,MAY,16,0,16
1943,MAXINE,27,0,27
1943,MAVIS,18,0,18
1943,MAUREEN,118,0,118
1943,MARYLN,6,0,6
1943,MARYLIN,12,0,12
1943,MARYANNE,6,0,6
1943,MARY-LOU,7,0,7
1943,MARY,2324,0,2324
1943,MARTHA,71,0,71
1943,MARSHA,20,0,20
1943,MARLYN,21,0,21
1943,MARLINE,9,0,9
1943,MARLENE,228,0,228
1943,MARLEEN,16,0,16
1943,MARJORY,20,0,20
1943,MARJORIE,160,0,160
1943,MICHELE,13,0,13
1943,MICHELLE,11,0,11
1943,MILDRED,66,0,66
1943,MIRIAM,14,0,14
1943,OLIVE,32,0,32
1943,OLGA,23,0,23
1943,NOT,59,34,25
1943,NORMA,146,0,146
1943,NOREEN,27,0,27
1943,NORAH,6,0,6
1943,NORA,29,0,29
1943,NOELLA,7,0,7
1943,NINA,7,0,7
1943,NICOLE,14,0,14
1943,MARION,232,0,232
1943,NELLIE,15,0,15
1943,NAOMI,8,0,8
1943,NANCY,481,0,481
1943,NADINE,7,0,7
1943,MYRTLE,19,0,19
1943,MYRNA,41,0,41
1943,MYRA,9,0,9
1943,MURIEL,84,0,84
1943,MONIQUE,13,0,13
1943,MONICA,15,0,15
1943,MONA,17,0,17
1943,NELDA,7,0,7
1943,MARILYNNE,9,0,9
1943,MARILYNN,20,0,20
1943,MARILYN,550,0,550
1943,LYDIA,14,0,14
1943,LUELLA,10,0,10
1943,LUCY,14,0,14
1943,LUCILLE,44,0,44
1943,LOUISE,82,0,82
1943,LORRAINE,149,0,149
1943,LORNA,78,0,78
1943,LORETTA,51,0,51
1943,LORENE,7,0,7
1943,LORAINE,27,0,27
1943,LYLA,6,0,6
1943,LOLA,11,0,11
1943,LISE,9,0,9
1943,LINDA,716,0,716
1943,LILY,11,0,11
1943,LILLIAN,97,0,97
1943,LILIAN,8,0,8
1943,LILA,12,0,12
1943,LESLIE,128,102,26
1943,LESLEY,8,0,8
1943,LEONA,53,0,53
1943,LENORE,24,0,24
1943,LOIS,201,0,201
1943,GALE,30,0,30
1943,LYNDA,249,0,249
1943,LYNNE,60,0,60
1943,MARIETTE,10,0,10
1943,MARIELLE,8,0,8
1943,MARIE,2431,11,2420
1943,MARIANNE,22,0,22
1943,MARIAN,60,0,60
1943,MARIA,32,0,32
1943,MARGUERITE,46,0,46
1943,MARGRET,23,0,23
1943,PAMELA,60,0,60
1943,MARGOT,8,0,8
1943,LYNN,101,21,80
1943,MARGORIE,7,0,7
1943,MARGERY,11,0,11
1943,MARGARET,1150,0,1150
1943,MARCIA,16,0,16
1943,MARCELLA,6,0,6
1943,MAE,14,0,14
1943,MADELINE,37,0,37
1943,MADELEINE,20,0,20
1943,MABLE,10,0,10
1943,MABEL,30,0,30
1943,M,16,0,16
1943,MARGO,23,0,23
1943,GAIL,361,0,361
1943,MELBA,8,0,8
1943,FRANCOISE,9,0,9
1943,ARLENE,81,0,81
1943,ARLEEN,11,0,11
1943,APRIL,11,0,11
1943,ANTOINETTE,13,0,13
1943,ANNIE,46,0,46
1943,ANNETTE,40,0,40
1943,ANNE,167,0,167
1943,ANNABELLE,7,0,7
1943,ANNA,102,0,102
1943,ANN,160,0,160
1943,ANITA,53,0,53
1943,ANGELINE,7,0,7
1943,ANGELA,15,0,15
1943,ANDREA,26,0,26
1943,AMY,8,0,8
1943,AMELIA,6,0,6
1943,ALMA,15,0,15
1943,ALINE,14,0,14
1943,ALICE,133,0,133
1943,ALEXANDRA,11,0,11
1943,ALBERTA,13,0,13
1943,AUDREY,120,0,120
1943,AUDRY,7,0,7
1943,BABY,496,287,209
1943,BARBARA,1016,0,1016
1943,CARMEL,7,0,7
1943,CARLENE,7,0,7
1943,CARLA,11,0,11
1943,BRENDA,183,0,183
1943,BONNY,6,0,6
1943,BONNIE,205,0,205
1943,BONITA,45,0,45
1943,BLANCHE,14,0,14
1943,BEVERLY,199,9,190
1943,BEVERLEY,303,20,283
1943,AILEEN,14,0,14
1943,BEVERELY,11,0,11
1943,BETTE,12,0,12
1943,BETH,11,0,11
1943,BESSIE,13,0,13
1943,BERYL,6,0,6
1943,BERTHA,17,0,17
1943,BERNIECE,6,0,6
1943,BERNICE,65,0,65
1943,BERNADETTE,15,0,15
1943,BEATRICE,67,0,67
1943,BARBRA,10,0,10
1943,BETTY,298,0,298
1943,AGNES,54,0,54
1943,ADRIENNE,11,0,11
1943,ADELINE,8,0,8
1943,RITA,90,0,90
1943,ROBERTA,61,0,61
1943,ROCHELLE,11,0,11
1943,ROLLANDE,6,0,6
1943,ROSALIE,16,0,16
1943,ROSALIND,8,0,8
1943,ROSALINE,6,0,6
1943,ROSANNE,11,0,11
1943,ROSE,153,0,153
1943,ROSE-MARIE,8,0,8
1943,RHODA,11,0,11
1943,ROSEMARIE,13,0,13
1943,RUBY,36,0,36
1943,RUTH,343,0,343
1943,RUTHANNE,6,0,6
1943,SALLY,71,0,71
1943,SANDRA,858,0,858
1943,SARA,12,0,12
1943,SARAH,38,0,38
1943,SAUNDRA,13,0,13
1943,FREDA,25,0,25
1943,SHAARON,8,0,8
1943,ROSEMARY,71,0,71
1943,CARMEN,21,7,14
1943,RETA,26,0,26
1943,RENA,11,0,11
1943,ADELE,12,0,12
1943,ADA,19,0,19
1943,PAMELLA,8,0,8
1943,PATRICA,20,0,20
1943,PATRICIA,1052,0,1052
1943,PATSY,12,0,12
1943,PAULA,33,0,33
1943,PAULETTE,34,0,34
1943,PAULINE,120,0,120
1943,PEARL,27,0,27
1943,RENEE,7,0,7
1943,PEGGY,28,0,28
1943,PENNY,33,0,33
1943,PHILLIS,7,0,7
1943,PHYLIS,12,0,12
1943,PHYLLIS,114,0,114
1943,PIERRETTE,12,0,12
1943,PRISCILLA,14,0,14
1943,RACHEL,13,0,13
1943,RAYMONDE,6,0,6
1943,REBECCA,14,0,14
1943,REGINA,6,0,6
1943,PENELOPE,48,0,48
1943,CAROL,979,0,979
1943,SHARON,936,0,936
1943,CAROLINE,81,0,81
1943,ELIZABETH,623,0,623
1943,ELISABETH,8,0,8
1943,ELINOR,17,0,17
1943,ELEANORE,6,0,6
1943,ELEANOR,178,0,178
1943,ELDA,11,0,11
1943,ELAINE,174,0,174
1943,EILEEN,107,0,107
1943,EDYTHE,6,0,6
1943,EDNA,79,0,79
1943,ELIZEBETH,20,0,20
1943,EDITH,97,0,97
1943,DORTHY,10,0,10
1943,DOROTHY,368,0,368
1943,DOROTHEA,6,0,6
1943,DORIS,149,0,149
1943,DOREEN,148,0,148
1943,DORA,12,0,12
1943,DONNA,677,0,677
1943,DONELDA,7,0,7
1943,DONALDA,8,0,8
1943,DONA,42,0,42
1943,EARLA,6,0,6
1943,DOLORES,36,0,36
1943,ELLA,19,0,19
1943,ELSIE,56,0,56
1943,FRANCINE,8,0,8
1943,CAROLE,208,0,208
1943,FRANCES,252,0,252
1943,FLORENCE,114,0,114
1943,FLORA,11,0,11
1943,FERN,13,0,13
1943,FAYE,34,0,34
1943,FAY,18,0,18
1943,FAITH,16,0,16
1943,FRANCIS,231,187,44
1943,ELLEN,84,0,84
1943,EVELYN,175,0,175
1943,EVA,46,0,46
1943,EUNICE,16,0,16
1943,ETHEL,59,0,59
1943,ESTHER,29,0,29
1943,ERNA,6,0,6
1943,ERMA,21,0,21
1943,ENID,19,0,19
1943,EMMA,18,0,18
1943,EMILY,31,0,31
1943,ELVA,19,0,19
1943,EVELINE,6,0,6
1943,DIXIE,6,0,6
1943,EVELYNE,7,0,7
1943,DIANNA,27,0,27
1943,CLAUDETTE,40,0,40
1943,CLARE,27,20,7
1943,CLARA,30,0,30
1943,CLAIRE,49,6,43
1943,CHRISTINE,34,0,34
1943,CHRISTINA,33,0,33
1943,CHRISTENA,6,0,6
1943,CHERYL,40,0,40
1943,CHARMAINE,8,0,8
1943,CHARLOTTE,54,0,54
1943,CLAUDIA,12,0,12
1943,CHARLENE,22,0,22
1943,CECILE,23,0,23
1943,CECELIA,9,0,9
1943,CATHERINE,258,0,258
1943,CATHARINE,43,0,43
1943,CARROL,23,0,23
1943,CAROLYNNE,10,0,10
1943,CAROLYNN,15,0,15
1943,CAROLYN,363,0,363
1943,DIANNE,244,0,244
1943,CAROLYNE,14,0,14
1943,CECILIA,17,0,17
1943,COLETTE,6,0,6
1943,CARROLL,15,0,15
1943,CONNIE,6,0,6
1943,DIANA,123,0,123
1943,COLLEEN,57,0,57
1943,DIANN,8,0,8
1943,DIAN,12,0,12
1943,DIANE,428,0,428
1943,DELORES,19,0,19
1943,DELLA,10,0,10
1943,DEBORAH,13,0,13
1943,DEANNE,7,0,7
1943,DEANNA,50,0,50
1943,DAWNA,8,0,8
1943,DENISE,41,0,41
1943,DARLENE,90,0,90
1943,DAWN,21,0,21
1943,CORINNE,7,0,7
1943,CONSTANCE,100,0,100
1943,DALE,98,54,44
1943,CYNTHIA,26,0,26
1943,DANA,7,0,7
1943,DAPHNE,8,0,8
1943,DARLA,11,0,11
1943,DARLEEN,10,0,10
1943,CORA,9,0,9
1944,MELVYN,7,7,0
1944,MELVIN,68,68,0
1944,MELVILLE,13,13,0
1944,MAX,9,9,0
1944,MAURICE,64,64,0
1944,MATTHEW,13,13,0
1944,MERVIN,25,25,0
1944,MARK,36,36,0
1944,MARTIN,65,65,0
1944,MARSHALL,9,9,0
1944,MARCEL,27,27,0
1944,MARC,9,9,0
1944,MALCOLM,34,34,0
1944,LYLE,49,49,0
1944,LOYD,9,9,0
1944,LUCIEN,7,7,0
1944,MARVIN,46,46,0
1944,MERVYN,14,14,0
1944,NEAL,6,6,0
1944,MICHEAL,37,37,0
1944,ORVAL,10,10,0
1944,LOUIS,42,42,0
1944,OLIVER,10,10,0
1944,NORRIS,7,7,0
1944,NORMAND,6,6,0
1944,NORMAN,249,249,0
1944,NICKOLAS,5,5,0
1944,NICK,5,5,0
1944,MICHAEL,616,616,0
1944,NICHOLAS,18,18,0
1944,NEIL,67,67,0
1944,NATHAN,5,5,0
1944,MURRAY,185,185,0
1944,MORRIS,23,23,0
1944,MORLEY,18,18,0
1944,MILTON,26,26,0
1944,MIKE,5,5,0
1944,MICHEL,20,20,0
1944,NELSON,29,29,0
1944,LORNE,77,77,0
1944,KERRY,12,12,0
1944,LIONEL,18,18,0
1944,KENNETH,834,834,0
1944,KEITH,143,143,0
1944,KARL,20,20,0
1944,JULES,8,8,0
1944,JOSEPH,2993,2993,0
1944,JOS,17,17,0
1944,JONATHAN,11,11,0
1944,JON,32,32,0
1944,KENT,8,8,0
1944,JOHNNY,8,8,0
1944,JOESPH,7,7,0
1944,JOEL,12,12,0
1944,JOE,7,7,0
1944,JIMMY,10,10,0
1944,JIM,6,6,0
1944,JERRY,52,52,0
1944,JEROME,22,22,0
1944,JERALD,10,10,0
1944,JOHN,2526,2526,0
1944,LLOYD,135,135,0
1944,KEVIN,8,8,0
1944,KIRK,9,9,0
1944,LINDSAY,7,7,0
1944,LEWIS,19,19,0
1944,LESTER,9,9,0
1944,LEROY,12,12,0
1944,LEONARD,157,157,0
1944,LEON,15,15,0
1944,LEO,51,51,0
1944,LENARD,12,12,0
1944,KIETH,9,9,0
1944,LEIGHTON,5,5,0
1944,LAWRENCE,270,270,0
1944,LAVERNE,7,7,0
1944,LAURENT,9,9,0
1944,LAURENCE,38,38,0
1944,LARRY,323,323,0
1944,LARRIE,6,6,0
1944,LANNY,7,7,0
1944,LANCE,13,13,0
1944,LEIGH,5,5,0
1944,ORVILLE,14,14,0
1944,STEVE,15,15,0
1944,OWEN,8,8,0
1944,TREVOR,7,7,0
1944,TONY,5,5,0
1944,TOMMY,5,5,0
1944,TIMOTHY,50,50,0
1944,THOMAS,686,686,0
1944,THEODORE,31,31,0
1944,TERRENCE,64,64,0
1944,TERRANCE,84,84,0
1944,VERNE,6,6,0
1944,TERENCE,39,39,0
1944,TED,9,9,0
1944,SYDNEY,18,18,0
1944,STUART,50,50,0
1944,STEWART,47,47,0
1944,STEVEN,41,41,0
1944,JEFFREY,25,25,0
1944,STERLING,5,5,0
1944,STEPHEN,178,178,0
1944,TEDDY,12,12,0
1944,STANLEY,162,162,0
1944,VERNON,33,33,0
1944,VINCENT,41,41,0
1944,WRAY,7,7,0
1944,WM,7,7,0
1944,WINSTON,21,21,0
1944,WILSON,7,7,0
1944,WILLIS,5,5,0
1944,WILLIE,5,5,0
1944,WILLIAM,2024,2024,0
1944,WILLARD,16,16,0
1944,VICTOR,96,96,0
1944,WILFRID,13,13,0
1944,WILBUR,7,7,0
1944,WILBERT,12,12,0
1944,WESLEY,23,23,0
1944,WENDELL,6,6,0
1944,WAYNE,539,539,0
1944,WARREN,36,36,0
1944,WALTER,188,188,0
1944,WALLACE,27,27,0
1944,WILFRED,60,60,0
1944,OSCAR,8,8,0
1944,SPENCER,5,5,0
1944,SIDNEY,16,16,0
1944,REGINALD,74,74,0
1944,RAYMOND,302,302,0
1944,RAY,40,40,0
1944,RANDY,11,11,0
1944,RANDOLPH,17,17,0
1944,RANDALL,20,20,0
1944,RALPH,159,159,0
1944,RAE,5,5,0
1944,REMI,7,7,0
1944,PRESTON,5,5,0
1944,PHILLIP,37,37,0
1944,PHILIPPE,5,5,0
1944,PHILIP,97,97,0
1944,PETER,511,511,0
1944,PERRY,7,7,0
1944,PERCY,30,30,0
1944,PAUL,624,624,0
1944,PATRICK,147,147,0
1944,PIERRE,21,21,0
1944,SIMON,7,7,0
1944,RENE,37,37,0
1944,RICHARD,896,896,0
1944,SHELDON,21,21,0
1944,SCOTT,9,9,0
1944,SAMUEL,45,45,0
1944,RUSSELL,93,93,0
1944,RUSSEL,27,27,0
1944,ROYCE,5,5,0
1944,ROYAL,5,5,0
1944,ROY,158,158,0
1944,RHEAL,10,10,0
1944,ROSS,135,135,0
1944,RONALD,998,998,0
1944,ROMEO,6,6,0
1944,ROLAND,51,51,0
1944,ROGER,207,207,0
1944,RODNEY,32,32,0
1944,RODGER,35,35,0
1944,RODERICK,23,23,0
1944,ROBERT,2426,2426,0
1944,RONNIE,10,10,0
1944,JEAN-PIERRE,5,5,0
1944,GAETAN,7,7,0
1944,JAY,8,8,0
1944,CLAYTON,35,35,0
1944,CLAUDE,30,30,0
1944,CLARK,5,5,0
1944,CLARENCE,57,57,0
1944,CHRISTOPHER,31,31,0
1944,CHESTER,10,10,0
1944,CHARLIE,7,7,0
1944,CHARLES,464,464,0
1944,CECIL,46,46,0
1944,CARSON,8,8,0
1944,CARMAN,9,9,0
1944,CARLTON,5,5,0
1944,CARL,137,137,0
1944,CAMPBELL,5,5,0
1944,CAMERON,18,18,0
1944,CALVIN,22,22,0
1944,BYRON,6,6,0
1944,CLEMENT,7,7,0
1944,CLIFFORD,115,115,0
1944,CLIFTON,5,5,0
1944,CLINTON,14,14,0
1944,DON,7,7,0
1944,DEREK,10,10,0
1944,DENNIS,297,297,0
1944,DENIS,55,55,0
1944,DELMER,6,6,0
1944,DELBERT,21,21,0
1944,DEAN,13,13,0
1944,DAVID,1386,1386,0
1944,BURTON,5,5,0
1944,DARRYL,7,7,0
1944,DANNY,19,19,0
1944,DANIEL,219,219,0
1944,DAN,6,6,0
1944,CYRIL,13,13,0
1944,CRAIG,21,21,0
1944,CONRAD,15,15,0
1944,COLIN,32,32,0
1944,CLYDE,9,9,0
1944,DARRELL,8,8,0
1944,BRYON,8,8,0
1944,BRYAN,89,89,0
1944,BRUNO,5,5,0
1944,ARCHIBALD,7,7,0
1944,ANTHONY,65,65,0
1944,ANGUS,16,16,0
1944,ANDY,7,7,0
1944,ANDREW,92,92,0
1944,ANDRE,24,24,0
1944,ALVIN,41,41,0
1944,ALPHONSE,5,5,0
1944,ARCHIE,13,13,0
1944,ALLEN,95,95,0
1944,ALFRED,81,81,0
1944,ALEXANDER,90,90,0
1944,ALEX,11,11,0
1944,ALBERT,183,183,0
1944,ALAN,152,152,0
1944,ADRIAN,9,9,0
1944,ADAM,8,8,0
1944,YVON,9,9,0
1944,ALLAN,229,229,0
1944,DONALD,1174,1174,0
1944,ARDEN,6,6,0
1944,ARNOLD,52,52,0
1944,BRUCE,283,283,0
1944,BRIAN,521,521,0
1944,BRENT,11,11,0
1944,BRADLEY,11,11,0
1944,BORIS,5,5,0
1944,BLAIR,7,7,0
1944,BLAINE,7,7,0
1944,BILL,7,7,0
1944,ARMAND,14,14,0
1944,BERTRAM,8,8,0
1944,BERNARD,115,115,0
1944,BENJAMIN,17,17,0
1944,BASIL,12,12,0
1944,BARRY,224,224,0
1944,BARRIE,18,18,0
1944,AUSTIN,7,7,0
1944,AUBREY,8,8,0
1944,ARTHUR,235,235,0
1944,BERT,6,6,0
1944,DOUGLAS,690,690,0
1944,DUANE,8,8,0
1944,DUNCAN,19,19,0
1944,HARLEY,6,6,0
1944,GUY,24,24,0
1944,GREGORY,52,52,0
1944,GRAYDON,5,5,0
1944,GRANT,66,66,0
1944,GRAHAM,25,25,0
1944,GRAEME,6,6,0
1944,GORDON,421,421,0
1944,HAROLD,270,270,0
1944,GORDEN,5,5,0
1944,GLENDON,5,5,0
1944,GLEN,81,81,0
1944,GILLES,8,8,0
1944,GILBERT,36,36,0
1944,GERRY,5,5,0
1944,GERARD,46,46,0
1944,GERALD,407,407,0
1944,GEORGE,679,679,0
1944,GLENN,80,80,0
1944,GEOFFREY,17,17,0
1944,HARRIS,10,10,0
1944,HARVEY,80,80,0
1944,JAMES,1835,1835,0
1944,JACQUES,26,26,0
1944,JACOB,10,10,0
1944,JACKIE,12,12,0
1944,JACK,92,92,0
1944,J,24,24,0
1944,IVAN,58,58,0
1944,IRWIN,6,6,0
1944,HARRY,108,108,0
1944,IRVING,8,8,0
1944,IAN,92,92,0
1944,HUGH,70,70,0
1944,HUBERT,20,20,0
1944,HOWARD,136,136,0
1944,HERMAN,10,10,0
1944,HERBERT,80,80,0
1944,HENRY,88,88,0
1944,HENRI,8,8,0
1944,IRVIN,7,7,0
1944,JEAN-PAUL,7,7,0
1944,GENE,13,13,0
1944,GARTH,17,17,0
1944,ELWOOD,20,20,0
1944,ELWIN,5,5,0
1944,ELMER,28,28,0
1944,ELLIOTT,5,5,0
1944,ELGIN,9,9,0
1944,ELDON,15,15,0
1944,EDWIN,71,71,0
1944,EDWARD,479,479,0
1944,EMILE,8,8,0
1944,EDOUARD,7,7,0
1944,EDMOND,12,12,0
1944,EDGAR,18,18,0
1944,EDDIE,5,5,0
1944,EARNEST,11,11,0
1944,EARLE,6,6,0
1944,EARL,81,81,0
1944,DWIGHT,36,36,0
1944,DWAYNE,8,8,0
1944,EDMUND,19,19,0
1944,GARY,650,650,0
1944,ERIC,109,109,0
1944,ERVIN,7,7,0
1944,GARRY,201,201,0
1944,GARNET,31,31,0
1944,GARFIELD,14,14,0
1944,GABRIEL,8,8,0
1944,FREDRICK,70,70,0
1944,FREDERICK,282,282,0
1944,FREDERIC,8,8,0
1944,FRED,16,16,0
1944,ERNEST,123,123,0
1944,FRASER,7,7,0
1944,FRANKLIN,44,44,0
1944,FRANK,134,134,0
1944,FLOYD,30,30,0
1944,FERNAND,15,15,0
1944,FELIX,5,5,0
1944,EVERETT,12,12,0
1944,EUGENE,59,59,0
1944,ERWIN,11,11,0
1944,FRANKLYN,6,6,0
1944,DARREL,5,5,0
1944,MICHELE,21,0,21
1944,SUSANNE,37,0,37
1944,MARLENE,188,0,188
1944,MARLEEN,8,0,8
1944,MARJORY,10,0,10
1944,MARJORIE,162,0,162
1944,MARION,253,0,253
1944,MARILYNNE,6,0,6
1944,MARILYNN,32,0,32
1944,MARILYN,543,0,543
1944,MARIE-JEANNE,6,0,6
1944,MARIE-ANNE,10,0,10
1944,MARLYN,27,0,27
1944,MARIE,2340,0,2340
1944,MARIAN,34,0,34
1944,MARIA,24,0,24
1944,MARGUERITE,46,0,46
1944,MARGRET,22,0,22
1944,MARGOT,14,0,14
1944,MARGO,17,0,17
1944,MARGERY,11,0,11
1944,MARGARET,1119,0,1119
1944,MARCIA,23,0,23
1944,MARCELLA,6,0,6
1944,MARIANNE,25,0,25
1944,MARSHA,21,0,21
1944,MARTHA,46,0,46
1944,MARY,2071,0,2071
1944,NADIA,8,0,8
1944,MYRTLE,15,0,15
1944,MYRNA,52,0,52
1944,MYRA,10,0,10
1944,MURIEL,68,0,68
1944,MONIQUE,12,0,12
1944,MONICA,14,0,14
1944,MONA,14,0,14
1944,MOLLY,7,0,7
1944,MIRIAM,20,0,20
1944,MILDRED,60,0,60
1944,MICHELLE,10,0,10
1944,MICHELINE,6,0,6
1944,MERLE,12,0,12
1944,MERILYN,9,0,9
1944,MAY,14,0,14
1944,MAXINE,26,0,26
1944,MAVIS,9,0,9
1944,MAUREEN,123,0,123
1944,MAUDE,6,0,6
1944,MARYLIN,7,0,7
1944,MARYANN,8,0,8
1944,MARY-ANNE,8,0,8
1944,MAE,10,0,10
1944,NADINE,10,0,10
1944,MADELINE,29,0,29
1944,MABEL,20,0,20
1944,LENA,10,0,10
1944,LEE,26,17,9
1944,LEAH,10,0,10
1944,LAURIE,6,0,6
1944,LAURETTA,7,0,7
1944,LAUREL,12,0,12
1944,LAURA,59,0,59
1944,LANA,13,0,13
1944,KATHRYN,100,0,100
1944,KATHLEEN,189,0,189
1944,LENORE,15,0,15
1944,KATHERINE,85,0,85
1944,KATHARINE,26,0,26
1944,KATHALEEN,10,0,10
1944,KAREN,410,0,410
1944,JUNE,119,0,119
1944,JULIE,15,0,15
1944,JULIA,48,0,48
1944,JUDY,95,0,95
1944,JUDITH,873,0,873
1944,JOYCE,262,0,262
1944,JOY,34,0,34
1944,KATHELEEN,11,0,11
1944,LEONA,52,0,52
1944,LESLEY,9,0,9
1944,LESLIE,117,80,37
1944,M,11,0,11
1944,LYNNE,57,0,57
1944,LYNN,94,22,72
1944,LYNDA,280,0,280
1944,LYLA,7,0,7
1944,LYDIA,10,0,10
1944,LUELLA,6,0,6
1944,LUCY,9,0,9
1944,LUCILLE,30,0,30
1944,LOUISE,78,0,78
1944,LORRAINE,111,0,111
1944,LORNA,77,0,77
1944,LORETTA,36,0,36
1944,LOREEN,6,0,6
1944,LORAINE,25,0,25
1944,LOLA,13,0,13
1944,LOIS,221,0,221
1944,LISE,30,0,30
1944,LINDA,881,0,881
1944,LILY,9,0,9
1944,LILLIAN,91,0,91
1944,LILIAN,13,0,13
1944,LILA,12,0,12
1944,MADELEINE,18,0,18
1944,JOSEPHINE,40,0,40
1944,NAN,6,0,6
1944,NAOMI,7,0,7
1944,TERESA,38,0,38
1944,TERRY,83,72,11
1944,THELMA,24,0,24
1944,THERESA,79,0,79
1944,THERESE,15,0,15
1944,TRUDY,14,0,14
1944,VALERIE,76,0,76
1944,VELMA,29,0,29
1944,VERA,32,0,32
1944,VERNA,56,0,56
1944,SYLVIA,127,0,127
1944,VERONICA,30,0,30
1944,VICTORIA,48,0,48
1944,VIOLA,17,0,17
1944,VIOLET,47,0,47
1944,VIRGINIA,84,0,84
1944,VIVIAN,41,0,41
1944,WANDA,33,0,33
1944,WENDA,8,0,8
1944,WENDY,102,0,102
1944,WILMA,34,0,34
1944,WINIFRED,6,0,6
1944,VICKI,19,0,19
1944,SUZANNE,82,0,82
1944,SANDRA,805,0,805
1944,SUSANNA,6,0,6
1944,SAUNDRA,6,0,6
1944,SHAREN,14,0,14
1944,SHARLEEN,6,0,6
1944,SHARON,869,0,869
1944,SHARRON,112,0,112
1944,SHARYN,15,0,15
1944,SHEILA,186,0,186
1944,SHELIA,6,0,6
1944,SHERLEY,6,0,6
1944,SHERRILL,9,0,9
1944,SHERRON,7,0,7
1944,SHERRY,21,0,21
1944,SHERYL,19,0,19
1944,SHIELA,14,0,14
1944,SHIRLEY,584,0,584
1944,SHIRLY,6,0,6
1944,SONIA,6,0,6
1944,SONJA,9,0,9
1944,SONYA,10,0,10
1944,STELLA,24,0,24
1944,STEPHANIE,11,0,11
1944,SUE,12,0,12
1944,SUSAN,411,0,411
1944,WINNIFRED,20,0,20
1944,NANCY,506,0,506
1944,YVETTE,11,0,11
1944,SALLY,49,0,49
1944,PENNY,20,0,20
1944,PENELOPE,55,0,55
1944,PEGGY,32,0,32
1944,PEARL,16,0,16
1944,PAULINE,116,0,116
1944,PAULETTE,34,0,34
1944,PAULA,28,0,28
1944,PATSY,12,0,12
1944,PATRICIA,955,0,955
1944,PATRICA,17,0,17
1944,PHYLIS,8,0,8
1944,PAMELA,96,0,96
1944,OLGA,12,0,12
1944,NOT,24,11,13
1944,NORMA,147,0,147
1944,NOREEN,37,0,37
1944,NORAH,7,0,7
1944,NORA,36,0,36
1944,NOLA,7,0,7
1944,NINA,11,0,11
1944,NICOLE,13,0,13
1944,NELLIE,8,0,8
1944,OLIVE,18,0,18
1944,PHYLLIS,136,0,136
1944,PIERRETTE,8,0,8
1944,PRISCILLA,16,0,16
1944,RUTH,328,0,328
1944,RUBY,31,0,31
1944,ROSLYN,6,0,6
1944,ROSIE,9,0,9
1944,ROSEMARY,86,0,86
1944,ROSEMARIE,16,0,16
1944,ROSE,139,0,139
1944,ROSANNE,6,0,6
1944,ROSALIND,6,0,6
1944,ROSALIE,10,0,10
1944,RONDA,6,0,6
1944,ROCHELLE,14,0,14
1944,ROBIN,18,12,6
1944,ROBERTA,49,0,49
1944,RITA,80,0,80
1944,RHODA,15,0,15
1944,RHEA,9,0,9
1944,RETA,34,0,34
1944,RENA,6,0,6
1944,REBECCA,16,0,16
1944,RAMONA,6,0,6
1944,RACHELLE,11,0,11
1944,RACHEL,15,0,15
1944,YVONNE,55,0,55
1944,JOANNE,177,0,177
1944,JOANN,10,0,10
1944,JOAN,548,0,548
1944,CONNIE,15,0,15
1944,COLLEEN,54,0,54
1944,COLETTE,6,0,6
1944,CLAUDIA,19,0,19
1944,CLAUDETTE,39,0,39
1944,CLARE,26,17,9
1944,CLARA,32,0,32
1944,CLAIRE,40,5,35
1944,CHRISTINE,37,0,37
1944,CHRISTINA,19,0,19
1944,CONSTANCE,93,0,93
1944,CHERYLE,9,0,9
1944,CHARLOTTE,68,0,68
1944,CHARLENE,20,0,20
1944,CECILIA,11,0,11
1944,CECILE,27,0,27
1944,CECELIA,9,0,9
1944,CATHRYN,6,0,6
1944,CATHERINE,240,0,240
1944,CATHARINE,32,0,32
1944,CARROLL,9,0,9
1944,CARROL,15,0,15
1944,CHERYL,194,0,194
1944,CORA,7,0,7
1944,CORINNE,14,0,14
1944,CYNTHIA,26,0,26
1944,DORA,12,0,12
1944,DONNA,695,0,695
1944,DONELDA,6,0,6
1944,DONALDA,8,0,8
1944,DONA,24,0,24
1944,DOLORES,31,0,31
1944,DIXIE,8,0,8
1944,DIANNE,189,0,189
1944,DIANNA,19,0,19
1944,DIANE,384,0,384
1944,DIANA,99,0,99
1944,DIAN,20,0,20
1944,DENISE,34,0,34
1944,DELORES,18,0,18
1944,DEBORAH,8,0,8
1944,DEANNA,45,0,45
1944,DAWN,29,0,29
1944,DARLENE,111,0,111
1944,DARLEEN,11,0,11
1944,DAPHNE,11,0,11
1944,DANA,6,0,6
1944,DALE,61,38,23
1944,DAISY,6,0,6
1944,CAROLYNNE,6,0,6
1944,DOREEN,115,0,115
1944,CAROLYNN,10,0,10
1944,CAROLINE,68,0,68
1944,AUDREY,89,0,89
1944,ARLENE,55,0,55
1944,ANNIE,27,0,27
1944,ANNETTE,28,0,28
1944,ANNE-MARIE,8,0,8
1944,ANNE,127,0,127
1944,ANNABELLE,8,0,8
1944,ANNA,77,0,77
1944,ANN,141,0,141
1944,ANITA,44,0,44
1944,BABE,16,9,7
1944,ANGELA,19,0,19
1944,ALMA,24,0,24
1944,ALINE,12,0,12
1944,ALICE,126,0,126
1944,ALEXIS,10,0,10
1944,ALEXANDRA,6,0,6
1944,AILEEN,7,0,7
1944,AGNES,40,0,40
1944,ADRIENNE,10,0,10
1944,ADELE,14,0,14
1944,ADA,27,0,27
1944,ANDREA,30,0,30
1944,BABY,425,247,178
1944,BARBARA,892,0,892
1944,BARBRA,13,0,13
1944,CAROLE,166,0,166
1944,CAROL-ANN,9,0,9
1944,CAROL,852,0,852
1944,CARMEN,22,5,17
1944,CARMEL,11,0,11
1944,CANDACE,7,0,7
1944,BRENDA,190,0,190
1944,BONNY,9,0,9
1944,BONNIE,212,0,212
1944,BONITA,34,0,34
1944,BLANCHE,13,0,13
1944,BEVERLY,169,19,150
1944,BEVERLEY,276,21,255
1944,BEVERELY,9,0,9
1944,BETTY,272,0,272
1944,BETTE,20,0,20
1944,BETH,11,0,11
1944,BESSIE,6,0,6
1944,BERYL,11,0,11
1944,BERTHA,16,0,16
1944,BERNICE,66,0,66
1944,BERNADETTE,17,0,17
1944,BEATRICE,49,0,49
1944,CAROLYN,293,0,293
1944,DORIS,136,0,136
1944,DOROTHY,336,0,336
1944,DORTHY,11,0,11
1944,IRMA,8,0,8
1944,IRIS,22,0,22
1944,IRENE,139,0,139
1944,INFANT,52,33,19
1944,INEZ,12,0,12
1944,INA,12,0,12
1944,IDA,25,0,25
1944,HOLLY,9,0,9
1944,HILDA,19,0,19
1944,HELLEN,7,0,7
1944,ISABEL,28,0,28
1944,HELENE,16,0,16
1944,HELEN,403,0,403
1944,HEATHER,166,0,166
1944,HAZEL,37,0,37
1944,HARRIET,22,0,22
1944,HANNAH,7,0,7
1944,GWENDOLYN,40,0,40
1944,GWEN,8,0,8
1944,GRACIE,7,0,7
1944,GRACE,73,0,73
1944,GLORIA,309,0,309
1944,HELENA,11,0,11
1944,ISABELLE,13,0,13
1944,ISOBEL,10,0,10
1944,IVA,6,0,6
1944,JO-ANNE,33,0,33
1944,JO-ANN,23,0,23
1944,JO ANNE,9,0,9
1944,JO ANN,7,0,7
1944,JO,8,0,8
1944,JILL,29,0,29
1944,JESSIE,18,0,18
1944,JENNIFER,15,0,15
1944,JENNIE,12,0,12
1944,JEANNINE,10,0,10
1944,JEANNETTE,28,0,28
1944,JEANNE,32,0,32
1944,JEANIE,6,0,6
1944,JEANETTE,50,0,50
1944,JEAN,334,99,235
1944,JANNETTE,7,0,7
1944,JANIS,10,0,10
1944,JANICE,114,0,114
1944,JANETTE,10,0,10
1944,JANET,324,0,324
1944,JANE,169,0,169
1944,JACQUELYN,8,0,8
1944,JACQUELINE,146,0,146
1944,GLENNA,17,0,17
1944,GLENDA,26,0,26
1944,GLADYS,70,0,70
1944,GISELE,8,0,8
1944,EUNICE,31,0,31
1944,ETHEL,34,0,34
1944,ESTHER,29,0,29
1944,ERMA,9,0,9
1944,ENID,6,0,6
1944,EMMA,14,0,14
1944,EMILY,25,0,25
1944,ELVA,18,0,18
1944,ELSIE,39,0,39
1944,ELLEN,74,0,74
1944,ELLA,7,0,7
1944,ELIZEBETH,13,0,13
1944,ELIZABETH,563,0,563
1944,ELISABETH,7,0,7
1944,ELINOR,15,0,15
1944,ELEANORE,8,0,8
1944,ELEANOR,167,0,167
1944,ELAINE,186,0,186
1944,EILEEN,74,0,74
1944,EDYTHE,13,0,13
1944,EDNA,63,0,63
1944,EDITH,80,0,80
1944,EARLA,13,0,13
1944,EVA,46,0,46
1944,SARAH,38,0,38
1944,EVELYN,151,0,151
1944,FAITH,26,0,26
1944,GILLIAN,7,0,7
1944,GERTRUDE,45,0,45
1944,GERMAINE,6,0,6
1944,GERALDINE,92,0,92
1944,GEORGINA,57,0,57
1944,GEORGIA,22,0,22
1944,GEORGETTE,16,0,16
1944,GENEVIEVE,11,0,11
1944,GAYLE,42,0,42
1944,GAYE,8,0,8
1944,GALE,18,0,18
1944,GAIL,359,0,359
1944,GABRIELLE,6,0,6
1944,FREDA,19,0,19
1944,FRANCOISE,10,0,10
1944,FRANCIS,197,165,32
1944,FRANCINE,10,0,10
1944,FRANCES,229,6,223
1944,FLORENCE,109,0,109
1944,FLORA,14,0,14
1944,FERN,21,0,21
1944,FAYE,35,0,35
1944,FAY,28,0,28
1944,EVELYNE,7,0,7
1944,SARA,8,0,8
1945,DELANO,7,7,0
1945,YVON,11,11,0
1945,ERNIE,9,9,0
1945,ERVIN,6,6,0
1945,EUGENE,40,40,0
1945,EVAN,11,11,0
1945,EVERETT,11,11,0
1945,FERNAND,14,14,0
1945,FLOYD,29,29,0
1945,FRANCOIS,11,11,0
1945,FRANK,154,154,0
1945,FRANKLIN,70,70,0
1945,FRASER,5,5,0
1945,FRED,16,16,0
1945,FREDERIC,11,11,0
1945,FREDERICK,291,291,0
1945,FREDRIC,6,6,0
1945,FREDRICK,84,84,0
1945,GABRIEL,6,6,0
1945,GARFIELD,27,27,0
1945,GARNET,28,28,0
1945,ERNEST,138,138,0
1945,GARRY,217,217,0
1945,ERIK,7,7,0
1945,EMILE,12,12,0
1945,DWAYNE,7,7,0
1945,DWIGHT,52,52,0
1945,EARL,80,80,0
1945,EARNEST,9,9,0
1945,EDDIE,12,12,0
1945,EDGAR,26,26,0
1945,EDMOND,15,15,0
1945,EDMUND,18,18,0
1945,EDWARD,499,499,0
1945,EDWIN,53,53,0
1945,ELDON,17,17,0
1945,ELGIN,5,5,0
1945,ELLIOT,5,5,0
1945,ELLIOTT,6,6,0
1945,ELMER,19,19,0
1945,ELVIN,6,6,0
1945,ELWOOD,15,15,0
1945,EMERSON,6,6,0
1945,EMIL,9,9,0
1945,ERIC,123,123,0
1945,GARTH,10,10,0
1945,GARY,712,712,0
1945,GASTON,12,12,0
1945,HERBERT,71,71,0
1945,HERMAN,15,15,0
1945,HOMER,5,5,0
1945,HOWARD,133,133,0
1945,HUBERT,20,20,0
1945,HUGH,65,65,0
1945,IAN,103,103,0
1945,IRVIN,5,5,0
1945,IRWIN,6,6,0
1945,ISAAC,6,6,0
1945,IVAN,56,56,0
1945,J,13,13,0
1945,JACK,110,110,0
1945,JACKIE,9,9,0
1945,JACOB,8,8,0
1945,JACQUES,22,22,0
1945,JAMES,1802,1802,0
1945,JAN,11,11,0
1945,JAY,6,6,0
1945,HENRY,89,89,0
1945,HECTOR,17,17,0
1945,HARVEY,80,80,0
1945,HARRY,137,137,0
1945,GENE,14,14,0
1945,GEOFFREY,10,10,0
1945,GEORGE,648,648,0
1945,GERALD,426,426,0
1945,GERARD,47,47,0
1945,GERMAIN,7,7,0
1945,GERRY,16,16,0
1945,GILBERT,45,45,0
1945,GILLES,26,26,0
1945,DUNCAN,23,23,0
1945,GLEN,105,105,0
1945,GORDEN,8,8,0
1945,GORDON,453,453,0
1945,GRAHAM,27,27,0
1945,GRANT,68,68,0
1945,GRAYDON,6,6,0
1945,GREGORY,93,93,0
1945,GUY,36,36,0
1945,HARLEY,7,7,0
1945,HAROLD,230,230,0
1945,GLENN,90,90,0
1945,JEAN-GUY,6,6,0
1945,DUANE,10,10,0
1945,DONALD,1142,1142,0
1945,CLARE,16,16,0
1945,CHRISTOPHER,54,54,0
1945,CHESTER,11,11,0
1945,CHARLIE,6,6,0
1945,CHARLES,473,473,0
1945,CECIL,49,49,0
1945,CARSON,5,5,0
1945,CARMAN,11,11,0
1945,CARL,123,123,0
1945,CAMERON,12,12,0
1945,CALVIN,14,14,0
1945,BYRON,9,9,0
1945,BURTON,5,5,0
1945,BRYON,15,15,0
1945,BRYAN,110,110,0
1945,BRUNO,6,6,0
1945,BRUCE,285,285,0
1945,BRIEN,5,5,0
1945,BRIAN,575,575,0
1945,CLARENCE,63,63,0
1945,BRENT,7,7,0
1945,CLARK,7,7,0
1945,CLAYTON,34,34,0
1945,DEAN,17,17,0
1945,DAVID,1559,1559,0
1945,DARWIN,9,9,0
1945,DARRYL,8,8,0
1945,DARRELL,5,5,0
1945,D'ARCY,5,5,0
1945,DARCY,5,5,0
1945,DANNY,25,25,0
1945,DANIEL,246,246,0
1945,DAN,7,7,0
1945,DALTON,11,11,0
1945,CYRIL,11,11,0
1945,CRAIG,27,27,0
1945,CONRAD,9,9,0
1945,COLIN,33,33,0
1945,CLYDE,7,7,0
1945,CLINTON,9,9,0
1945,DENIS,47,47,0
1945,CLIFFORD,120,120,0
1945,CLAUDE,41,41,0
1945,BRADLEY,16,16,0
1945,BOBBY,13,13,0
1945,BLAIR,13,13,0
1945,ALPHONSE,8,8,0
1945,ALLEN,90,90,0
1945,ALLAN,265,265,0
1945,ALFRED,73,73,0
1945,ALEXANDER,105,105,0
1945,ALEX,13,13,0
1945,ALEC,5,5,0
1945,ALBERT,175,175,0
1945,ALAN,154,154,0
1945,AIME,6,6,0
1945,ADRIEN,6,6,0
1945,ADRIAN,8,8,0
1945,ABRAHAM,6,6,0
1945,AARON,5,5,0
1945,DENNIS,360,360,0
1945,DEREK,11,11,0
1945,DESMOND,7,7,0
1945,DOMINIC,8,8,0
1945,DON,6,6,0
1945,ALVIN,31,31,0
1945,AMBROSE,9,9,0
1945,AMOS,5,5,0
1945,ANDRE,23,23,0
1945,BILLY,7,7,0
1945,BERTRAM,6,6,0
1945,BERNARD,89,89,0
1945,BENJAMIN,18,18,0
1945,BASIL,12,12,0
1945,BARRY,266,266,0
1945,BARRIE,18,18,0
1945,BABE,11,11,0
1945,AUSTIN,8,8,0
1945,DOUGLAS,772,772,0
1945,AURELE,7,7,0
1945,ARTHUR,237,237,0
1945,ARNOLD,55,55,0
1945,ARMAND,14,14,0
1945,ARCHIE,16,16,0
1945,ARCHIBALD,14,14,0
1945,ANTHONY,73,73,0
1945,ANGUS,15,15,0
1945,ANGELO,6,6,0
1945,ANDREW,99,99,0
1945,AUBREY,6,6,0
1945,DELBERT,17,17,0
1945,JEAN-LOUIS,5,5,0
1945,JEFFERY,10,10,0
1945,REID,5,5,0
1945,REJEAN,5,5,0
1945,RENE,26,26,0
1945,REX,5,5,0
1945,RHEAL,5,5,0
1945,RICHARD,994,994,0
1945,RICKY,6,6,0
1945,ROBERT,2486,2486,0
1945,RODERICK,34,34,0
1945,RODGER,22,22,0
1945,RODNEY,46,46,0
1945,ROGER,209,209,0
1945,ROLAND,46,46,0
1945,ROLLAND,8,8,0
1945,RONALD,1137,1137,0
1945,RONNIE,19,19,0
1945,ROSS,138,138,0
1945,ROY,171,171,0
1945,RUDOLPH,6,6,0
1945,REGINALD,77,77,0
1945,RUSSEL,31,31,0
1945,REAL,6,6,0
1945,RAY,30,30,0
1945,OMER,7,7,0
1945,ORVAL,8,8,0
1945,ORVILLE,11,11,0
1945,OSCAR,6,6,0
1945,OWEN,7,7,0
1945,PATRICK,184,184,0
1945,PAUL,712,712,0
1945,PERCY,11,11,0
1945,PERRY,6,6,0
1945,PETER,589,589,0
1945,PHILIP,89,89,0
1945,PHILLIP,36,36,0
1945,PIERRE,22,22,0
1945,PRESTON,5,5,0
1945,RAE,6,6,0
1945,RALPH,157,157,0
1945,RANDALL,24,24,0
1945,RANDOLPH,21,21,0
1945,RANDY,6,6,0
1945,RAYMOND,321,321,0
1945,RUSSELL,96,96,0
1945,SAMUEL,58,58,0
1945,SCOTT,10,10,0
1945,VERNE,5,5,0
1945,VERNON,33,33,0
1945,VICTOR,151,151,0
1945,VINCENT,59,59,0
1945,WALLACE,38,38,0
1945,WALTER,182,182,0
1945,WARREN,54,54,0
1945,WAYNE,513,513,0
1945,WELDON,7,7,0
1945,WESLEY,32,32,0
1945,WILBERT,19,19,0
1945,WILFRED,60,60,0
1945,WILFRID,8,8,0
1945,WILLARD,16,16,0
1945,WILLIAM,2106,2106,0
1945,WILLIS,9,9,0
1945,WILSON,9,9,0
1945,WINSTON,21,21,0
1945,WRAY,6,6,0
1945,VAUGHN,9,9,0
1945,TREVOR,9,9,0
1945,TOMMY,8,8,0
1945,TIMOTHY,70,70,0
1945,SHELDON,23,23,0
1945,SHERMAN,5,5,0
1945,SIDNEY,18,18,0
1945,SIMON,11,11,0
1945,SPENCER,5,5,0
1945,STANLEY,176,176,0
1945,STEPHEN,178,178,0
1945,STEVE,7,7,0
1945,STEVEN,61,61,0
1945,OLIVER,13,13,0
1945,STEWART,30,30,0
1945,SYDNEY,25,25,0
1945,SYLVESTER,6,6,0
1945,TED,11,11,0
1945,TEDDY,9,9,0
1945,TERENCE,45,45,0
1945,TERRANCE,95,95,0
1945,TERRENCE,96,96,0
1945,THEODORE,32,32,0
1945,THOMAS,753,753,0
1945,STUART,32,32,0
1945,JEAN-PAUL,9,9,0
1945,NORRIS,5,5,0
1945,NORMAN,217,217,0
1945,KENNITH,5,5,0
1945,KENT,6,6,0
1945,KEVIN,15,15,0
1945,KIETH,9,9,0
1945,LANNY,14,14,0
1945,LARRY,416,416,0
1945,LAURENCE,36,36,0
1945,LAURENT,13,13,0
1945,LAURIER,5,5,0
1945,LAVERN,5,5,0
1945,LAVERNE,12,12,0
1945,LAWERENCE,6,6,0
1945,LAWRANCE,6,6,0
1945,LAWRENCE,290,290,0
1945,LELAND,6,6,0
1945,LENARD,16,16,0
1945,LEO,71,71,0
1945,LEON,19,19,0
1945,LEONARD,176,176,0
1945,KENNETH,840,840,0
1945,LEROY,14,14,0
1945,KEITH,178,178,0
1945,JUNIOR,5,5,0
1945,JEFFREY,36,36,0
1945,JERALD,7,7,0
1945,JEROME,23,23,0
1945,JERRY,60,60,0
1945,JIMMIE,8,8,0
1945,JIMMY,11,11,0
1945,JOE,5,5,0
1945,JOEL,24,24,0
1945,JOESEPH,9,9,0
1945,JOESPH,16,16,0
1945,JOHN,2826,2826,0
1945,JOHNNIE,9,9,0
1945,JOHNNY,15,15,0
1945,JON,36,36,0
1945,JONATHAN,8,8,0
1945,JOS,24,24,0
1945,JOSEPH,3205,3205,0
1945,JOSEPHE,9,9,0
1945,JULIUS,6,6,0
1945,KARL,19,19,0
1945,LESTER,10,10,0
1945,LEWIS,21,21,0
1945,LIONEL,32,32,0
1945,MICHEAL,44,44,0
1945,MICHEL,21,21,0
1945,MILTON,10,10,0
1945,MITCHELL,9,9,0
1945,MONTY,5,5,0
1945,MORGAN,6,6,0
1945,MORLEY,23,23,0
1945,MORRIS,35,35,0
1945,MURRAY,186,186,0
1945,MURRY,7,7,0
1945,MYRON,5,5,0
1945,NATHAN,6,6,0
1945,NEAL,6,6,0
1945,NEIL,82,82,0
1945,NELSON,33,33,0
1945,NICHOLAS,20,20,0
1945,NICK,7,7,0
1945,NICKOLAS,8,8,0
1945,NOEL,21,21,0
1945,MICHAEL,660,660,0
1945,MERVYN,17,17,0
1945,MERVIN,29,29,0
1945,MELVYN,14,14,0
1945,LLOYD,122,122,0
1945,LORNE,107,107,0
1945,LOUIS,72,72,0
1945,LOYD,5,5,0
1945,LUCIEN,11,11,0
1945,LYLE,34,34,0
1945,MALCOLM,29,29,0
1945,MALE,12,12,0
1945,MARC,18,18,0
1945,NORMAND,10,10,0
1945,MARCEL,35,35,0
1945,MARSHALL,17,17,0
1945,MARTIN,59,59,0
1945,MARVIN,40,40,0
1945,MATTHEW,11,11,0
1945,MAURICE,68,68,0
1945,MAX,5,5,0
1945,MAXWELL,6,6,0
1945,MELVILLE,10,10,0
1945,MELVIN,58,58,0
1945,MARK,48,48,0
1945,CLIFTON,6,6,0
1945,THERESA,86,0,86
1945,ILENE,7,0,7
1945,LAURA,60,0,60
1945,LARAINE,9,0,9
1945,LANA,27,0,27
1945,KERRY,19,11,8
1945,KEITHA,7,0,7
1945,KAYE,7,0,7
1945,KAY,8,0,8
1945,KATHRYN,107,0,107
1945,KATHLEEN,179,0,179
1945,KATHERINE,91,0,91
1945,KATHARINE,39,0,39
1945,KATHALEEN,8,0,8
1945,KAREN,426,0,426
1945,JUNE,124,0,124
1945,JULIE,15,0,15
1945,JULIANNE,9,0,9
1945,JULIA,67,0,67
1945,JUDY,103,0,103
1945,JUDITH,841,0,841
1945,LAUREL,19,0,19
1945,JUANITA,14,0,14
1945,LAUREN,7,0,7
1945,LAURIE,17,10,7
1945,LORENE,6,0,6
1945,LOREEN,6,0,6
1945,LORAINE,22,0,22
1945,LOIS,206,0,206
1945,LISE,20,0,20
1945,LINDA,1114,0,1114
1945,LILY,9,0,9
1945,LILLIAN,87,0,87
1945,LILIAN,11,0,11
1945,LILA,12,0,12
1945,LESLIE,156,98,58
1945,LESLEY,14,0,14
1945,LEONA,58,0,58
1945,LENORE,23,0,23
1945,LENORA,7,0,7
1945,LENA,9,0,9
1945,LEE,25,14,11
1945,LEAH,12,0,12
1945,LEA,6,0,6
1945,LAURETTE,6,0,6
1945,JOYCE,230,0,230
1945,JOY,39,0,39
1945,JOSEPHINE,37,0,37
1945,JANET,347,0,347
1945,JANE,202,0,202
1945,JACQUELYN,10,0,10
1945,JACQUELINE,144,0,144
1945,IVY,6,0,6
1945,IVA,7,0,7
1945,ISOBEL,8,0,8
1945,ISABELLE,17,0,17
1945,ISABELLA,9,0,9
1945,ISABEL,25,0,25
1945,IRMA,9,0,9
1945,IRIS,14,0,14
1945,IRENE,124,0,124
1945,INGRID,15,0,15
1945,INFANT,62,34,28
1945,INEZ,6,0,6
1945,INA,8,0,8
1945,ILA,9,0,9
1945,IDA,21,0,21
1945,JANETTE,14,0,14
1945,JANICE,165,0,165
1945,JANIE,9,0,9
1945,JANIS,23,0,23
1945,JOHANNE,8,0,8
1945,JOANNE,175,0,175
1945,JOANNA,11,0,11
1945,JOANN,10,0,10
1945,JOAN,530,0,530
1945,JO-ANNE,54,0,54
1945,JO-ANN,22,0,22
1945,JO ANNE,9,0,9
1945,JO ANN,11,0,11
1945,LORETTA,37,0,37
1945,JILL,36,0,36
1945,JENNIFER,31,0,31
1945,JENNIE,11,0,11
1945,JEANNINE,16,0,16
1945,JEANNETTE,31,0,31
1945,JEANNE,25,0,25
1945,JEANINE,6,0,6
1945,JEANETTE,63,0,63
1945,JEAN,391,93,298
1945,JAQUELINE,6,0,6
1945,JESSIE,36,0,36
1945,LORNA,68,0,68
1945,LORRAINE,158,0,158
1945,LOUISA,6,0,6
1945,MONIQUE,15,0,15
1945,MONICA,13,0,13
1945,MONA,11,0,11
1945,MOLLY,7,0,7
1945,MIRIAM,13,0,13
1945,MILDRED,56,0,56
1945,MICHELLE,23,0,23
1945,MICHELINE,6,0,6
1945,MICHELE,18,0,18
1945,MERRY,6,0,6
1945,MERLE,14,5,9
1945,MERILYN,12,0,12
1945,MELANIE,6,0,6
1945,MAY,15,0,15
1945,MAXINE,34,0,34
1945,MAVIS,10,0,10
1945,MAUREEN,137,0,137
1945,MARYLOU,7,0,7
1945,MARYLIN,12,0,12
1945,MURIEL,54,0,54
1945,MURIELLE,6,0,6
1945,MYRA,8,0,8
1945,MYRNA,30,0,30
1945,PAULINE,114,0,114
1945,PAULETTE,36,0,36
1945,PAULA,34,0,34
1945,PATSY,19,0,19
1945,PATRICIA,1055,0,1055
1945,PATRICA,26,0,26
1945,PAMELA,85,0,85
1945,OLIVE,25,0,25
1945,OLGA,14,0,14
1945,MARYANN,11,0,11
1945,NOT,31,17,14
1945,NOREEN,29,0,29
1945,NORAH,11,0,11
1945,NORA,47,0,47
1945,NOLA,6,0,6
1945,NINA,10,0,10
1945,NAOMI,7,0,7
1945,NANCY,494,0,494
1945,NADINE,13,0,13
1945,MYRTLE,9,0,9
1945,NORMA,124,0,124
1945,HOPE,6,0,6
1945,MARY,2199,0,2199
1945,MARSHA,37,0,37
1945,MARGERY,13,0,13
1945,MARGARET,1029,0,1029
1945,MARCIA,27,0,27
1945,MARCELLA,12,0,12
1945,MADELINE,31,0,31
1945,MADELEINE,17,0,17
1945,MABLE,6,0,6
1945,MABEL,24,0,24
1945,M,10,0,10
1945,LYNNE,82,0,82
1945,LYNN,137,13,124
1945,LYNDA,352,0,352
1945,LYLA,8,0,8
1945,LYDIA,11,0,11
1945,LUELLA,11,0,11
1945,LUCY,18,0,18
1945,LUCINDA,6,0,6
1945,LUCILLE,39,0,39
1945,LOUISE,104,0,104
1945,MARGO,26,0,26
1945,MARGOT,19,0,19
1945,MARGRET,21,0,21
1945,MARGUERITE,46,0,46
1945,MARLYN,22,0,22
1945,MARLINE,7,0,7
1945,MARLENE,237,0,237
1945,MARLEEN,9,0,9
1945,MARJORY,17,0,17
1945,MARJORIE,144,0,144
1945,MARION,237,0,237
1945,MARILYNNE,6,0,6
1945,MARILYNN,15,0,15
1945,MARTHA,61,0,61
1945,MARILYN,504,0,504
1945,MARIE-ROSE,7,0,7
1945,MARIE-PAULE,7,0,7
1945,MARIE-JEANNE,7,0,7
1945,MARIE-ANNE,7,0,7
1945,MARIE-ANGE,6,0,6
1945,MARIE,2498,5,2493
1945,MARIANNE,22,0,22
1945,MARIAN,56,0,56
1945,MARIA,31,0,31
1945,MARIETTE,6,0,6
1945,HOLLY,6,0,6
1945,HILDA,20,0,20
1945,HENRIETTA,6,0,6
1945,CATHARINE,30,0,30
1945,CARROLL,9,0,9
1945,CARROL,24,0,24
1945,CAROLYNNE,11,0,11
1945,CAROLYNN,11,0,11
1945,CAROLYNE,10,0,10
1945,CAROLYN,302,0,302
1945,CAROLL,6,0,6
1945,CAROLINE,97,0,97
1945,CAROLE,134,0,134
1945,CAROL-ANN,7,0,7
1945,CAROL,993,0,993
1945,CARMEN,8,0,8
1945,CARLA,12,0,12
1945,CANDACE,9,0,9
1945,BRENDA,210,0,210
1945,BONNY,9,0,9
1945,BONNIE,278,0,278
1945,BONITA,41,0,41
1945,CATHERINE,294,0,294
1945,CECELIA,6,0,6
1945,CECILE,26,0,26
1945,CECILIA,13,0,13
1945,DANA,21,5,16
1945,DALE,78,50,28
1945,DAISY,7,0,7
1945,CYNTHIA,24,0,24
1945,CORINNE,7,0,7
1945,CORA,8,0,8
1945,CONSTANCE,99,0,99
1945,CONNIE,31,0,31
1945,COLLEEN,49,0,49
1945,BLANCHE,14,0,14
1945,COLETTE,11,0,11
1945,CLAUDETTE,43,0,43
1945,CLARA,30,0,30
1945,CLAIRE,48,7,41
1945,CHRISTINE,58,0,58
1945,CHRISTINA,27,0,27
1945,CHERYLE,11,0,11
1945,CHERYL,234,0,234
1945,CHARLOTTE,78,0,78
1945,CHARLENE,31,0,31
1945,CLAUDIA,20,0,20
1945,DAPHNE,8,0,8
1945,BEVERLY,176,16,160
1945,BEVERELY,6,0,6
1945,ANN,155,0,155
1945,ANITA,47,0,47
1945,ANGELINE,8,0,8
1945,ANGELA,28,0,28
1945,ANDREA,31,0,31
1945,AMELIA,10,0,10
1945,ALMA,12,0,12
1945,ALLISON,6,0,6
1945,ALINE,10,0,10
1945,ALICE,118,0,118
1945,ALEXIS,7,0,7
1945,ALEXANDRA,8,0,8
1945,ALBERTA,11,0,11
1945,ALANA,7,0,7
1945,AILEEN,15,0,15
1945,AGNES,51,0,51
1945,ADRIENNE,11,0,11
1945,ADELE,9,0,9
1945,ADA,6,0,6
1945,ANNA,92,0,92
1945,ANNABELLE,7,0,7
1945,ANNE,175,0,175
1945,ANNE-MARIE,6,0,6
1945,BETTY,278,0,278
1945,BETTE,15,0,15
1945,BETH,12,0,12
1945,BESSIE,11,0,11
1945,BERYL,10,0,10
1945,BERTHA,10,0,10
1945,BERNICE,56,0,56
1945,BERNADETTE,32,0,32
1945,BEATRICE,63,0,63
1945,BEVERLEY,259,17,242
1945,BARBRA,18,0,18
1945,BARBARA,928,0,928
1945,BABY,475,260,215
1945,AUDREY,84,0,84
1945,ARLENE,79,0,79
1945,ARLEEN,7,0,7
1945,APRIL,8,0,8
1945,ANTOINETTE,8,0,8
1945,ANNIE,48,0,48
1945,ANNETTE,27,0,27
1945,BARBARA-ANN,7,0,7
1945,PEARL,27,0,27
1945,DARLA,8,0,8
1945,DARLENE,117,0,117
1945,GALE,37,0,37
1945,GAIL,336,0,336
1945,GABRIELLE,6,0,6
1945,FREDA,17,0,17
1945,FRANCOISE,9,0,9
1945,FRANCIS,181,155,26
1945,FRANCINE,12,0,12
1945,FRANCES,228,10,218
1945,FLORENCE,92,0,92
1945,FLORA,10,0,10
1945,FERNE,9,0,9
1945,FERN,32,0,32
1945,FAYE,32,0,32
1945,FAY,16,0,16
1945,FAITH,16,0,16
1945,EVELYN,144,0,144
1945,EVA,52,0,52
1945,EUNICE,18,0,18
1945,ETTA,6,0,6
1945,GAYLE,72,0,72
1945,GEORGETTE,18,0,18
1945,GEORGIA,24,0,24
1945,GEORGINA,40,0,40
1945,HELENE,25,0,25
1945,HELENA,14,0,14
1945,HELEN,435,0,435
1945,HEATHER,230,0,230
1945,HAZEL,37,0,37
1945,HARRIET,24,0,24
1945,HANNAH,7,0,7
1945,GWENDOLYN,49,0,49
1945,GWENDOLINE,7,0,7
1945,ETHEL,33,0,33
1945,GWEN,7,0,7
1945,GRACE,76,0,76
1945,GLORIA-JEAN,6,0,6
1945,GLORIA,307,0,307
1945,GLENNA,16,0,16
1945,GLENDA,25,0,25
1945,GLADYS,53,0,53
1945,GISELE,10,0,10
1945,GERTRUDE,36,0,36
1945,GERALDINE,99,0,99
1945,GRETA,7,0,7
1945,DARLEEN,11,0,11
1945,ESTHER,44,0,44
1945,ERMA,10,0,10
1945,DONNA,688,0,688
1945,DONELDA,8,0,8
1945,DONALDA,14,0,14
1945,DONA,23,0,23
1945,DOLORES,27,0,27
1945,DIXIE,6,0,6
1945,DIANNE,302,0,302
1945,DIANNA,38,0,38
1945,DIANN,9,0,9
1945,DIANE,446,0,446
1945,DIANA,157,0,157
1945,DIAN,8,0,8
1945,DENISE,76,0,76
1945,DELORES,15,0,15
1945,DELLA,12,0,12
1945,DEBORAH,8,0,8
1945,DEANNA,45,0,45
1945,DAWNA,6,0,6
1945,DAWN,40,0,40
1945,DORA,10,0,10
1945,DOREEN,128,0,128
1945,DORIS,148,0,148
1945,DOROTHEA,9,0,9
1945,ENID,9,0,9
1945,EMMA,14,0,14
1945,EMILY,22,0,22
1945,ELVA,9,0,9
1945,ELSIE,43,0,43
1945,ELLEN,79,0,79
1945,ELLA,16,0,16
1945,ELIZEBETH,10,0,10
1945,ELIZABETH,591,0,591
1945,ESTELLE,7,0,7
1945,ELISABETH,11,0,11
1945,ELEANOR,143,0,143
1945,ELAINE,179,0,179
1945,EILEEN,77,0,77
1945,EDYTHE,11,0,11
1945,EDNA,53,0,53
1945,EDITH,81,0,81
1945,EARLA,6,0,6
1945,DORTHY,12,0,12
1945,DOROTHY,310,0,310
1945,ELINOR,11,0,11
1945,PEGGY,24,0,24
1945,NICOLE,12,0,12
1945,PENNY,33,0,33
1945,THELMA,31,0,31
1945,TERRY,122,109,13
1945,TERESA,35,0,35
1945,TANYA,6,0,6
1945,SYLVIA,120,0,120
1945,SUZANNE,106,0,106
1945,SUSANNE,50,0,50
1945,SUSAN,551,0,551
1945,STEPHANIE,20,0,20
1945,STELLA,15,0,15
1945,SONJA,13,0,13
1945,SONIA,6,0,6
1945,SIMONE,7,0,7
1945,SHIRLEY,627,0,627
1945,SHIELA,16,0,16
1945,SHERYL,12,0,12
1945,SHERRY,14,0,14
1945,THERESE,22,0,22
1945,TRUDY,16,0,16
1945,VALERIE,88,0,88
1945,VELMA,28,0,28
1945,PENELOPE,44,0,44
1945,YVONNE,61,0,61
1945,YVETTE,19,0,19
1945,YOLANDE,6,0,6
1945,WINIFRED,8,0,8
1945,WILMA,37,0,37
1945,WILLA,9,0,9
1945,WENDY,104,0,104
1945,SHERRON,7,0,7
1945,WANDA,39,0,39
1945,VIRGINIA,112,0,112
1945,VIOLET,40,0,40
1945,VIOLA,30,0,30
1945,VICTORIA,106,0,106
1945,VICKI,14,0,14
1945,VERONICA,30,0,30
1945,VERNA,50,0,50
1945,VERA,32,0,32
1945,VIVIAN,42,0,42
1945,SHELIA,10,0,10
1945,WINNIFRED,21,0,21
1945,SHARYN,29,0,29
1945,RONDA,7,0,7
1945,ROCHELLE,9,0,9
1945,ROBIN,37,27,10
1945,ROBERTA,70,0,70
1945,RITA,87,0,87
1945,RHONDA,8,0,8
1945,RHODA,10,0,10
1945,RETA,29,0,29
1945,ROSALIE,16,0,16
1945,RENEE,6,0,6
1945,REBECCA,11,0,11
1945,RACHELLE,10,0,10
1945,RACHEL,12,0,12
1945,PRISCILLA,6,0,6
1945,PHILLIS,8,0,8
1945,PHYLLIS,95,0,95
1945,PHYLIS,6,0,6
1945,SHEILA,236,0,236
1945,REJEANNE,6,0,6
1945,ROSALIND,13,0,13
1945,PIERRETTE,18,0,18
1945,SHARLENE,6,0,6
1945,ROSANNE,8,0,8
1945,SHARON,888,0,888
1945,SHAREN,10,0,10
1945,SHANNON,8,0,8
1945,SAUNDRA,6,0,6
1945,SARAH,32,0,32
1945,SARA,8,0,8
1945,SANDRA,811,0,811
1945,SALLY,49,0,49
1945,SHARRON,101,0,101
1945,RUBY,36,0,36
1945,ROSLYN,9,0,9
1945,ROSEMARY,112,0,112
1945,ROSEMARIE,10,0,10
1945,ROSEANNE,7,0,7
1945,ROSE-MARIE,7,0,7
1945,RUTH,344,0,344
1945,ROSE,148,0,148
1946,REAL,12,12,0
1946,RAYMOND,366,366,0
1946,RAY,33,33,0
1946,RANDY,17,17,0
1946,RANDOLPH,36,36,0
1946,RANDALL,26,26,0
1946,RANDAL,10,10,0
1946,PHILLIP,42,42,0
1946,RAE,8,8,0
1946,PIERRE,29,29,0
1946,PHILIPPE,7,7,0
1946,PHILIP,122,122,0
1946,PETER,647,647,0
1946,PERCY,20,20,0
1946,REGINALD,96,96,0
1946,PERRY,16,16,0
1946,RALPH,162,162,0
1946,SAMUEL,71,71,0
1946,ROLAND,41,41,0
1946,RICHARD,1498,1498,0
1946,RUSSELL,100,100,0
1946,RUSSEL,23,23,0
1946,RUDY,5,5,0
1946,ROY,188,188,0
1946,ROWLAND,5,5,0
1946,ROSS,164,164,0
1946,ROSAIRE,6,6,0
1946,RONNIE,13,13,0
1946,RONALD,1329,1329,0
1946,ROLLAND,9,9,0
1946,ROGER,233,233,0
1946,RODNEY,82,82,0
1946,RODGER,33,33,0
1946,RODERICK,45,45,0
1946,ROBERT,2971,2971,0
1946,RICKY,7,7,0
1946,RICKEY,5,5,0
1946,RENE,31,31,0
1946,PAUL,915,915,0
1946,MORRIS,30,30,0
1946,OWEN,14,14,0
1946,MICHEAL,50,50,0
1946,MICHAEL,866,866,0
1946,MERVYN,14,14,0
1946,MERVIN,22,22,0
1946,MELVYN,10,10,0
1946,MELVILLE,14,14,0
1946,MAXWELL,6,6,0
1946,MICHEL,36,36,0
1946,MAURICE,79,79,0
1946,MATHEW,5,5,0
1946,MARVIN,33,33,0
1946,MARTIN,77,77,0
1946,MARSHALL,14,14,0
1946,SANFORD,6,6,0
1946,MARCEL,45,45,0
1946,MARK,73,73,0
1946,MATTHEW,9,9,0
1946,MIKE,5,5,0
1946,MILTON,24,24,0
1946,MITCHELL,6,6,0
1946,OSCAR,8,8,0
1946,ORVILLE,13,13,0
1946,ORVAL,7,7,0
1946,OMER,5,5,0
1946,OLIVER,9,9,0
1946,NORMAND,9,9,0
1946,NORMAN,272,272,0
1946,NONE,6,6,0
1946,NOEL,12,12,0
1946,NICHOLAS,23,23,0
1946,NELSON,31,31,0
1946,NEIL,77,77,0
1946,NEAL,7,7,0
1946,MYRON,8,8,0
1946,MYLES,5,5,0
1946,MURRAY,183,183,0
1946,MORLEY,22,22,0
1946,PATRICK,242,242,0
1946,SCOTT,14,14,0
1946,WILLIE,6,6,0
1946,SHELDON,26,26,0
1946,CLIFTON,5,5,0
1946,CLINTON,9,9,0
1946,CLYDE,15,15,0
1946,COLIN,33,33,0
1946,COLLIN,6,6,0
1946,CONRAD,11,11,0
1946,CRAIG,44,44,0
1946,CLIFFORD,142,142,0
1946,CYRIL,12,12,0
1946,DAN,5,5,0
1946,DANIEL,329,329,0
1946,DANNIE,5,5,0
1946,DANNY,63,63,0
1946,DARCY,6,6,0
1946,D'ARCY,5,5,0
1946,WINSTON,7,7,0
1946,DALTON,10,10,0
1946,CLAYTON,21,21,0
1946,CLAUDE,48,48,0
1946,CLARKE,6,6,0
1946,BRUCE,381,381,0
1946,BRYAN,143,143,0
1946,BRYCE,5,5,0
1946,BRYON,10,10,0
1946,BURTON,6,6,0
1946,BYRON,18,18,0
1946,CALVIN,24,24,0
1946,CAMERON,32,32,0
1946,CARL,139,139,0
1946,CARMAN,13,13,0
1946,CARSON,11,11,0
1946,CECIL,51,51,0
1946,CHARLES,507,507,0
1946,CHESTER,10,10,0
1946,CHRISTOPHER,104,104,0
1946,CLARENCE,69,69,0
1946,CLARK,12,12,0
1946,WILSON,11,11,0
1946,WILMER,5,5,0
1946,WILLIS,12,12,0
1946,MARC,9,9,0
1946,THOMAS,890,890,0
1946,THEODORE,34,34,0
1946,THEADORE,5,5,0
1946,TERRENCE,129,129,0
1946,TERRANCE,155,155,0
1946,TERENCE,62,62,0
1946,TEDDY,8,8,0
1946,TED,10,10,0
1946,SYDNEY,13,13,0
1946,STUART,47,47,0
1946,STEWART,43,43,0
1946,STEVEN,77,77,0
1946,STEVE,11,11,0
1946,STEPHEN,287,287,0
1946,STANLEY,159,159,0
1946,SIMON,5,5,0
1946,SIDNEY,24,24,0
1946,TIMOTHY,111,111,0
1946,SHANE,6,6,0
1946,TOM,5,5,0
1946,UN-NAMED,6,6,0
1946,WILLIAM,2333,2333,0
1946,WILLARD,16,16,0
1946,WILFRID,8,8,0
1946,WILFRED,62,62,0
1946,WILBERT,9,9,0
1946,WESLEY,26,26,0
1946,WENDELL,6,6,0
1946,WAYNE,740,740,0
1946,WARREN,75,75,0
1946,WARD,5,5,0
1946,WALTER,159,159,0
1946,WALLACE,35,35,0
1946,VINCENT,46,46,0
1946,VICTOR,101,101,0
1946,VERNON,47,47,0
1946,VAUGHN,6,6,0
1946,VAUGHAN,7,7,0
1946,TREVOR,10,10,0
1946,MALE,8,8,0
1946,JOS,20,20,0
1946,MALCOLM,46,46,0
1946,GARRY,275,275,0
1946,GARRIE,5,5,0
1946,GARNET,27,27,0
1946,GARFIELD,18,18,0
1946,GAETAN,7,7,0
1946,FREDRICK,87,87,0
1946,FREDRIC,6,6,0
1946,GARTH,14,14,0
1946,FREDERICK,328,328,0
1946,FRED,28,28,0
1946,FRANKLYN,5,5,0
1946,FRANKLIN,60,60,0
1946,FRANK,172,172,0
1946,FRANCOIS,5,5,0
1946,FLOYD,26,26,0
1946,FERNAND,10,10,0
1946,FREDERIC,15,15,0
1946,GARY,859,859,0
1946,GASTON,5,5,0
1946,GENE,14,14,0
1946,GRAYDON,7,7,0
1946,GRANT,74,74,0
1946,GRAHAM,34,34,0
1946,GRAEME,8,8,0
1946,GORDON,493,493,0
1946,GLENN,146,146,0
1946,GLENDON,5,5,0
1946,GLEN,120,120,0
1946,GILLES,9,9,0
1946,GILBERT,54,54,0
1946,GERRY,9,9,0
1946,GERRARD,7,7,0
1946,GERARD,52,52,0
1946,GERALD,544,544,0
1946,GEORGES,6,6,0
1946,GEORGE,684,684,0
1946,GEOFFREY,32,32,0
1946,EVERETT,5,5,0
1946,EVAN,8,8,0
1946,EUGENE,51,51,0
1946,ERVIN,7,7,0
1946,DUANE,8,8,0
1946,DREW,7,7,0
1946,DOUGLAS,954,954,0
1946,DONALD,1351,1351,0
1946,DON,15,15,0
1946,DOMINIC,7,7,0
1946,DEREK,21,21,0
1946,DENNIS,497,497,0
1946,DENIS,67,67,0
1946,DELMER,8,8,0
1946,DELBERT,11,11,0
1946,DEAN,28,28,0
1946,DAVID,2029,2029,0
1946,DARWIN,13,13,0
1946,DARRYL,20,20,0
1946,DARRELL,7,7,0
1946,BRIEN,5,5,0
1946,DUNCAN,24,24,0
1946,GREGG,5,5,0
1946,DWAYNE,11,11,0
1946,EARL,98,98,0
1946,ERNIE,9,9,0
1946,ERNEST,137,137,0
1946,ERIC,139,139,0
1946,EMILE,8,8,0
1946,EMERSON,8,8,0
1946,ELWOOD,11,11,0
1946,ELMER,18,18,0
1946,ELGIN,9,9,0
1946,ELDON,15,15,0
1946,EDWIN,62,62,0
1946,EDWARD,560,560,0
1946,EDMUND,17,17,0
1946,EDMOND,18,18,0
1946,EDGAR,22,22,0
1946,EDDY,5,5,0
1946,EARNEST,8,8,0
1946,EARLE,13,13,0
1946,DWIGHT,46,46,0
1946,MALCOM,5,5,0
1946,GREGORY,200,200,0
1946,HARLEY,10,10,0
1946,LARRY,519,519,0
1946,LARRIE,6,6,0
1946,LANNY,6,6,0
1946,LANCE,13,13,0
1946,LAIRD,6,6,0
1946,KURT,5,5,0
1946,KIRK,6,6,0
1946,LAURANCE,5,5,0
1946,KIM,6,6,0
1946,KEVIN,29,29,0
1946,KENT,12,12,0
1946,KENNETH,994,994,0
1946,KEITH,167,167,0
1946,KARL,27,27,0
1946,JULIEN,5,5,0
1946,JULES,10,10,0
1946,KIETH,8,8,0
1946,LAURENCE,40,40,0
1946,LAURENT,11,11,0
1946,LAVERNE,5,5,0
1946,LYLE,36,36,0
1946,LUCIEN,15,15,0
1946,LUC,6,6,0
1946,LOUIS,44,44,0
1946,LORNE,115,115,0
1946,LLOYD,138,138,0
1946,LIONEL,29,29,0
1946,LINDSAY,6,6,0
1946,LEWIS,26,26,0
1946,LESTER,7,7,0
1946,LEROY,17,17,0
1946,LEONARD,191,191,0
1946,LEON,14,14,0
1946,LEO,73,73,0
1946,LENARD,11,11,0
1946,LELAND,5,5,0
1946,LAWRENCE,319,319,0
1946,JOSEPHE,6,6,0
1946,JOSEPH,3291,3291,0
1946,JONATHAN,12,12,0
1946,JON,31,31,0
1946,JACKIE,10,10,0
1946,JACK,109,109,0
1946,IVAN,57,57,0
1946,IRWIN,9,9,0
1946,IRVINE,10,10,0
1946,IRA,6,6,0
1946,IAN,111,111,0
1946,HUGH,94,94,0
1946,HUBERT,16,16,0
1946,HOWARD,152,152,0
1946,HERBERT,85,85,0
1946,HENRY,83,83,0
1946,HENRI,13,13,0
1946,HECTOR,7,7,0
1946,HARVEY,94,94,0
1946,HARRY,143,143,0
1946,HAROLD,267,267,0
1946,JACOB,7,7,0
1946,GUY,33,33,0
1946,DARREL,6,6,0
1946,JAMES,2138,2138,0
1946,JOHNNY,19,19,0
1946,JOHNNIE,6,6,0
1946,JOHN,3222,3222,0
1946,JOESPH,12,12,0
1946,JOEL,25,25,0
1946,JOE,10,10,0
1946,JIMMY,11,11,0
1946,JIMMIE,8,8,0
1946,JESSE,6,6,0
1946,JERRY,60,60,0
1946,JEROME,30,30,0
1946,JERALD,7,7,0
1946,JEFFREY,48,48,0
1946,JEFFERY,14,14,0
1946,JEAN-PIERRE,8,8,0
1946,JEAN-GUY,7,7,0
1946,JAY,8,8,0
1946,JACQUES,33,33,0
1946,BRIAN,885,885,0
1946,HILARY,10,0,10
1946,BRADLEY,22,22,0
1946,LYLA,7,0,7
1946,LYN,9,0,9
1946,LYNDA,434,0,434
1946,LYNN,217,18,199
1946,LYNNE,104,0,104
1946,MABEL,26,0,26
1946,MADELEINE,16,0,16
1946,LYDIA,10,0,10
1946,MADELINE,19,0,19
1946,MARALYN,8,0,8
1946,MARCELLA,8,0,8
1946,MARCIA,37,0,37
1946,MARGARET,1190,0,1190
1946,MARGERY,7,0,7
1946,MARGO,24,0,24
1946,MARGOT,16,0,16
1946,MAE,8,0,8
1946,LUELLA,10,0,10
1946,LUCY,21,0,21
1946,LUCILLE,45,0,45
1946,LESLEY,27,0,27
1946,LESLIE,209,130,79
1946,LILA,9,0,9
1946,LILIAN,6,0,6
1946,LILLIAN,96,0,96
1946,LILY,12,0,12
1946,LINDA,1482,0,1482
1946,LISE,31,0,31
1946,LOIS,198,0,198
1946,LOLA,7,0,7
1946,LORAINE,17,0,17
1946,LORENE,6,0,6
1946,LORETTA,35,0,35
1946,LORNA,98,0,98
1946,LORRAIN,7,0,7
1946,LORRAINE,179,0,179
1946,LOUISE,107,0,107
1946,MARGRET,25,0,25
1946,LEONA,29,0,29
1946,MARGUERITE,56,0,56
1946,MARIAN,49,0,49
1946,MARYLIN,7,0,7
1946,MARYLOU,7,0,7
1946,MARYLYN,6,0,6
1946,MAUREEN,195,0,195
1946,MAVIS,17,0,17
1946,MAXINE,26,0,26
1946,MAY,15,0,15
1946,MARYANNE,8,0,8
1946,MELINDA,6,0,6
1946,MELODY,8,0,8
1946,MERILYN,6,0,6
1946,MERLE,11,0,11
1946,MICHELE,21,0,21
1946,MICHELINE,7,0,7
1946,MICHELLE,21,0,21
1946,MILDRED,62,0,62
1946,MELODIE,7,0,7
1946,MARYANN,7,0,7
1946,MARY-ANN,6,0,6
1946,MARY,2408,0,2408
1946,MARIANNE,34,0,34
1946,MARIE,2556,0,2556
1946,MARIE-ANGE,6,0,6
1946,MARIE-CLAIRE,6,0,6
1946,MARIELLE,6,0,6
1946,MARILYN,519,0,519
1946,MARILYNN,22,0,22
1946,MARILYNNE,6,0,6
1946,MARINA,7,0,7
1946,MARION,241,0,241
1946,MARJORIE,160,0,160
1946,MARJORY,13,0,13
1946,MARLEEN,11,0,11
1946,MARLENE,208,0,208
1946,MARLYN,23,0,23
1946,MARSHA,42,0,42
1946,MARTHA,70,0,70
1946,MARIA,24,0,24
1946,LENORE,16,0,16
1946,LENORA,8,0,8
1946,LENA,12,0,12
1946,JANETTE,14,0,14
1946,JANICE,286,0,286
1946,JANIE,18,0,18
1946,JANINE,6,0,6
1946,JANIS,73,0,73
1946,JAYNE,9,0,9
1946,JEAN,369,101,268
1946,JANET,409,0,409
1946,JEANETTE,64,0,64
1946,JEANNE,44,0,44
1946,JEANNETTE,21,0,21
1946,JEANNINE,16,0,16
1946,JENNIE,11,0,11
1946,JENNIFER,52,0,52
1946,JESSIE,25,0,25
1946,JILL,55,0,55
1946,JEANINE,7,0,7
1946,JANE,251,0,251
1946,JAN,18,10,8
1946,JACQUELYN,7,0,7
1946,HILDA,26,0,26
1946,HOLLY,19,0,19
1946,IDA,25,0,25
1946,ILA,6,0,6
1946,ILONA,6,0,6
1946,INEZ,7,0,7
1946,INFANT,79,46,33
1946,INGRID,11,0,11
1946,IRENE,143,0,143
1946,IRIS,30,0,30
1946,IRMA,10,0,10
1946,ISABEL,24,0,24
1946,ISABELLA,6,0,6
1946,ISABELLE,15,0,15
1946,ISOBEL,16,0,16
1946,IVA,8,0,8
1946,JACQUELINE,180,0,180
1946,JO,11,0,11
1946,JO ANN,10,0,10
1946,JO ANNE,20,0,20
1946,JO-ANN,44,0,44
1946,KATHRYN,141,0,141
1946,KAY,9,0,9
1946,KERRY,27,17,10
1946,LANA,22,0,22
1946,LARAINE,10,0,10
1946,LAURA,90,0,90
1946,LAUREEN,6,0,6
1946,LAUREL,23,0,23
1946,LAUREN,6,0,6
1946,LAURETTA,8,0,8
1946,LAURETTE,8,0,8
1946,LAURIE,35,16,19
1946,LEA,10,0,10
1946,LEAH,9,0,9
1946,LEANNE,7,0,7
1946,LEE,46,26,20
1946,LEILA,7,0,7
1946,KATHRINE,6,0,6
1946,MIRIAM,16,0,16
1946,KATHLEEN,222,0,222
1946,KATHARINE,19,0,19
1946,JO-ANNE,57,0,57
1946,JOAN,559,0,559
1946,JOANN,17,0,17
1946,JOANNA,10,0,10
1946,JOANNE,241,0,241
1946,JOHANNA,7,0,7
1946,JOHANNE,8,0,8
1946,JOSEPHINE,58,0,58
1946,JOY,43,0,43
1946,JOYCE,236,0,236
1946,JUANITA,10,0,10
1946,JUDITH,990,0,990
1946,JUDY,169,0,169
1946,JULIA,52,0,52
1946,JULIE,29,0,29
1946,JUNE,151,0,151
1946,KAREN,495,0,495
1946,KATHERINE,123,0,123
1946,MOLLY,12,0,12
1946,MONA,17,0,17
1946,MONICA,17,0,17
1946,VALERIE,123,0,123
1946,VELMA,27,0,27
1946,VERA,27,0,27
1946,VERNA,48,0,48
1946,VERONICA,35,0,35
1946,VICKI,15,0,15
1946,VICTORIA,85,0,85
1946,VALARIE,7,0,7
1946,VIOLA,19,0,19
1946,VIRGINIA,124,0,124
1946,VIVIAN,59,0,59
1946,VIVIEN,7,0,7
1946,WANDA,41,0,41
1946,WENDY,182,0,182
1946,WILDA,6,0,6
1946,WILMA,36,0,36
1946,VIOLET,44,0,44
1946,TRUDY,12,0,12
1946,THERESE,25,0,25
1946,THERESA,104,0,104
1946,SHIRLEY,644,0,644
1946,SHIRLY,8,0,8
1946,SIMONE,8,0,8
1946,SONJA,11,0,11
1946,SONYA,7,0,7
1946,STELLA,20,0,20
1946,STEPHANIE,25,0,25
1946,SUE,11,0,11
1946,SUSAN,920,0,920
1946,SUSANNE,71,0,71
1946,SUZAN,6,0,6
1946,SUZANNE,208,0,208
1946,SUZETTE,10,0,10
1946,SYLVIA,121,0,121
1946,TERESA,37,0,37
1946,TERRY,178,151,27
1946,THELMA,31,0,31
1946,WINIFRED,9,0,9
1946,WINNIFRED,19,0,19
1946,YVETTE,9,0,9
1946,YVONNE,77,0,77
1946,ARTHUR,223,223,0
1946,AUBREY,8,8,0
1946,AURELE,6,6,0
1946,BARRIE,17,17,0
1946,BARRY,338,338,0
1946,BASIL,6,6,0
1946,BENJAMIN,17,17,0
1946,BERNARD,117,117,0
1946,BERT,10,10,0
1946,BERTRAM,7,7,0
1946,BILL,8,8,0
1946,BILLY,5,5,0
1946,BLAINE,8,8,0
1946,BLAIR,5,5,0
1946,BLAKE,7,7,0
1946,BOBBY,9,9,0
1946,BOYD,5,5,0
1946,ARNOLD,46,46,0
1946,SHIELA,22,0,22
1946,ARMAND,19,19,0
1946,ARCHIBALD,9,9,0
1946,WRAY,7,7,0
1946,HELENE,30,0,30
1946,AARON,8,8,0
1946,ADAM,10,10,0
1946,ALAN,204,204,0
1946,ALBERT,163,163,0
1946,ALEX,10,10,0
1946,ALEXANDER,128,128,0
1946,ALFRED,102,102,0
1946,ALLAN,333,333,0
1946,ALLEN,118,118,0
1946,ALPHONSE,11,11,0
1946,ALVIN,33,33,0
1946,ANDRE,33,33,0
1946,ANDREW,102,102,0
1946,ANGUS,12,12,0
1946,ANTHONY,97,97,0
1946,ARCHIE,15,15,0
1946,BRENT,20,20,0
1946,SHERYLE,6,0,6
1946,SHERRYL,8,0,8
1946,PATRICIA,1426,0,1426
1946,PATSY,19,0,19
1946,PAULA,43,0,43
1946,PAULETTE,52,0,52
1946,PAULINE,127,0,127
1946,PEARL,23,0,23
1946,PEGGY,46,0,46
1946,PATRICA,34,0,34
1946,PENELOPE,58,0,58
1946,PHYLLIS,130,0,130
1946,PIERRETTE,6,0,6
1946,PRISCILLA,11,0,11
1946,RACHEL,13,0,13
1946,RACHELLE,6,0,6
1946,REBECCA,20,0,20
1946,RENA,7,0,7
1946,PENNY,58,0,58
1946,PAMELA,139,0,139
1946,OLIVE,14,0,14
1946,OLGA,6,0,6
1946,MURIEL,83,0,83
1946,MYRA,6,0,6
1946,MYRNA,32,0,32
1946,MYRTLE,21,0,21
1946,NADINE,8,0,8
1946,NAN,6,0,6
1946,NANCY,672,0,672
1946,NAOMI,11,0,11
1946,NATALIE,9,0,9
1946,NELLIE,8,0,8
1946,NICOLE,22,0,22
1946,NINA,16,0,16
1946,NORA,38,0,38
1946,NORAH,16,0,16
1946,NOREEN,32,0,32
1946,NORMA,177,0,177
1946,NOT,47,24,23
1946,RETA,35,0,35
1946,RHODA,10,0,10
1946,RHONDA,18,0,18
1946,RITA,87,0,87
1946,SHARAN,8,0,8
1946,SHAREN,16,0,16
1946,SHARLEEN,8,0,8
1946,SHARLENE,15,0,15
1946,SHARON,1204,0,1204
1946,SHARRON,109,0,109
1946,SHARYN,17,0,17
1946,SHEILA,254,0,254
1946,SHELAGH,8,0,8
1946,SHELIA,7,0,7
1946,SHERILYN,6,0,6
1946,SHERON,16,0,16
1946,SHERRIE,6,0,6
1946,SHERRILL,9,0,9
1946,SHERRIN,6,0,6
1946,SHERRON,10,0,10
1946,SHERRY,26,0,26
1946,SAUNDRA,7,0,7
1946,SHERYL,28,0,28
1946,SARAH,30,0,30
1946,SANDRA,999,0,999
1946,ROBERTA,63,0,63
1946,ROBIN,56,43,13
1946,ROCHELLE,17,0,17
1946,ROLANDE,6,0,6
1946,ROLLANDE,6,0,6
1946,RONDA,8,0,8
1946,ROSALIE,8,0,8
1946,ROSALIND,16,0,16
1946,ROSANNE,8,0,8
1946,ROSE,170,0,170
1946,ROSE-MARIE,8,0,8
1946,ROSEMARIE,20,0,20
1946,ROSEMARY,128,0,128
1946,ROSLYN,6,0,6
1946,RUBY,26,0,26
1946,RUTH,331,0,331
1946,SALLY,64,0,64
1946,SARA,12,0,12
1946,YVON,15,15,0
1946,MELVIN,75,75,0
1946,HELEN,404,0,404
1946,CATHARINE,46,0,46
1946,CARROLL,9,0,9
1946,CARROL,29,0,29
1946,CAROLYNNE,11,0,11
1946,CAROLYNN,14,0,14
1946,CAROLYNE,6,0,6
1946,CAROLYN,337,0,337
1946,CAROLL,7,0,7
1946,CAROLINE,90,0,90
1946,CATHERINE,349,0,349
1946,CAROLE,147,0,147
1946,CAROL,1159,0,1159
1946,CARMEN,27,12,15
1946,CARMEL,6,0,6
1946,CARLA,10,0,10
1946,CANDICE,7,0,7
1946,CANDACE,14,0,14
1946,CAMILLE,7,0,7
1946,BRIDGET,8,0,8
1946,BRENDA,301,0,301
1946,CAROL-ANN,9,0,9
1946,CATHRINE,7,0,7
1946,CECELIA,11,0,11
1946,CECILE,17,0,17
1946,CORA,9,0,9
1946,CONSTANCE,124,0,124
1946,CONNIE,32,0,32
1946,COLLETTE,6,0,6
1946,COLLEEN,80,0,80
1946,COLETTE,8,0,8
1946,COLEEN,10,0,10
1946,CLAUDIA,19,0,19
1946,CLAUDETTE,40,0,40
1946,CLARE,20,11,9
1946,CLARA,28,0,28
1946,CLAIRE,45,0,45
1946,CLAIR,12,5,7
1946,CHRISTINE,92,0,92
1946,CHRISTINA,44,0,44
1946,CHERYLE,16,0,16
1946,CHERYL,356,0,356
1946,CHARMAINE,11,0,11
1946,CHARLOTTE,64,0,64
1946,CHARLENE,41,0,41
1946,CECILIA,14,0,14
1946,BONNY,12,0,12
1946,CORINNE,13,0,13
1946,BONNIE,343,0,343
1946,BLANCHE,11,0,11
1946,ANNE,233,0,233
1946,ANNABELLE,10,0,10
1946,ANN,164,0,164
1946,ANITA,82,0,82
1946,ANGELINE,10,0,10
1946,ANGELA,28,0,28
1946,ANDREA,49,0,49
1946,AMY,6,0,6
1946,AMELIA,10,0,10
1946,ANNETTE,28,0,28
1946,ALMA,26,0,26
1946,ALINE,9,0,9
1946,ALICE,125,0,125
1946,ALEXIS,11,0,11
1946,ALEXANDRA,6,0,6
1946,ALBERTA,6,0,6
1946,ALANA,10,0,10
1946,AGNES,54,0,54
1946,ADRIENNE,16,0,16
1946,ADELE,13,0,13
1946,ALISON,8,0,8
1946,ANNIE,22,0,22
1946,ANTOINETTE,6,0,6
1946,APRIL,15,0,15
1946,BILLIE,10,0,10
1946,BEVERLY,227,13,214
1946,BEVERLEY,324,15,309
1946,BEULAH,6,0,6
1946,BETTY,311,0,311
1946,BETTE,13,0,13
1946,BETH,11,0,11
1946,BESSIE,6,0,6
1946,BERYL,6,0,6
1946,BERTHA,26,0,26
1946,BERNICE,56,0,56
1946,BERNADETTE,34,0,34
1946,BEATRICE,44,0,44
1946,BARBRA,17,0,17
1946,BARBARA-ANN,8,0,8
1946,BARBARA,1229,0,1229
1946,BABY,514,285,229
1946,BABE,21,11,10
1946,AUDREY,114,0,114
1946,ARLENE,83,0,83
1946,ARLEEN,8,0,8
1946,BONITA,53,0,53
1946,CYNTHIA,44,0,44
1946,ANNA,75,0,75
1946,DALE,117,82,35
1946,GALE,31,0,31
1946,GAIL,453,0,453
1946,FREDA,12,0,12
1946,FRANCOISE,8,0,8
1946,FRANCIS,197,167,30
1946,FRANCINE,22,0,22
1946,FRANCES,262,8,254
1946,FLORENCE,90,0,90
1946,FLORANCE,6,0,6
1946,FLORA,12,0,12
1946,FERNANDE,8,0,8
1946,FERN,26,0,26
1946,FEMALE,6,0,6
1946,FAYE,28,0,28
1946,FAY,15,0,15
1946,FAITH,18,0,18
1946,EVELYN,156,0,156
1946,EVA,58,0,58
1946,EUNICE,16,0,16
1946,ETHEL,44,0,44
1946,ESTHER,30,0,30
1946,GAY,9,0,9
1946,ESTELLE,13,0,13
1946,GAYE,16,5,11
1946,GENEVIEVE,6,0,6
1946,DAISY,10,0,10
1946,ADA,9,0,9
1946,HAZEL,44,0,44
1946,HARRIET,20,0,20
1946,GWENDOLYN,58,0,58
1946,GWENDA,6,0,6
1946,GWEN,9,0,9
1946,GRACE,70,0,70
1946,GLORIA,320,0,320
1946,GLENNA,22,0,22
1946,GLENDA,44,0,44
1946,GLADYS,59,0,59
1946,GISELE,11,0,11
1946,GILLIAN,12,0,12
1946,GILDA,8,0,8
1946,GERTRUDE,29,0,29
1946,GERALDINE,88,0,88
1946,GEORGINA,46,0,46
1946,GEORGIA,28,0,28
1946,GEORGETTE,10,0,10
1946,GEORGENA,6,0,6
1946,GAYLE,91,0,91
1946,ERMA,10,0,10
1946,HEATHER,336,0,336
1946,ENID,8,0,8
1946,DONA,28,0,28
1946,DOLORES,28,0,28
1946,DIANNE,344,0,344
1946,DIANNA,47,0,47
1946,DIANN,10,0,10
1946,DIANE,499,0,499
1946,DIANA,195,0,195
1946,DIAN,14,0,14
1946,DENISE,71,0,71
1946,DELORES,18,0,18
1946,DELLA,12,0,12
1946,DEBORAH,27,0,27
1946,DEANNA,48,0,48
1946,DAYLE,6,0,6
1946,DAWNA,6,0,6
1946,DARYL,13,6,7
1946,DARLENE,158,0,158
1946,DARLEEN,14,0,14
1946,DAPHNE,18,0,18
1946,ERIN,6,0,6
1946,DANA,17,9,8
1946,DONALDA,8,0,8
1946,DONNA,862,0,862
1946,DAWN,59,0,59
1946,DOREEN,145,0,145
1946,EMILY,23,0,23
1946,DORA,14,0,14
1946,EMMA,11,0,11
1946,ELVA,11,0,11
1946,ELSIE,34,0,34
1946,ELLEN,98,0,98
1946,ELLA,13,0,13
1946,ELIZEBETH,13,0,13
1946,ELIZABETH,626,0,626
1946,ELISABETH,13,0,13
1946,ELINOR,8,0,8
1946,ELOISE,8,0,8
1946,ELAINE,205,0,205
1946,EILEEN,89,0,89
1946,EDNA,56,0,56
1946,EDITH,121,0,121
1946,DORENE,7,0,7
1946,EARLA,6,0,6
1946,DORTHY,6,0,6
1946,DOROTHY,274,0,274
1946,ELEANOR,145,0,145
1946,DORIS,135,0,135
1947,DALE,134,79,55
1947,DANA,11,0,11
1947,DANIELLE,6,0,6
1947,DAPHNE,12,0,12
1947,DARLEEN,14,0,14
1947,DARLENE,186,0,186
1947,DELLA,19,0,19
1947,DAWN,66,0,66
1947,DAWNA,12,0,12
1947,DEANNA,16,0,16
1947,DEBORAH,90,0,90
1947,DEBRA,8,0,8
1947,DAISY,9,0,9
1947,DEIRDRE,6,0,6
1947,DARYL,18,12,6
1947,CYNTHIA,77,0,77
1947,CLAUDETTE,39,0,39
1947,CORINNE,19,0,19
1947,CHARLOTTE,73,0,73
1947,DELORES,29,0,29
1947,CHERYL,346,0,346
1947,CHERYLE,21,0,21
1947,CHRISTINA,47,0,47
1947,CHRISTINE,156,0,156
1947,CLAIRE,42,0,42
1947,CLARA,28,0,28
1947,CLARE,29,16,13
1947,CLAUDIA,16,0,16
1947,COLEEN,9,0,9
1947,COLETTE,10,0,10
1947,COLLEEN,76,0,76
1947,CONNIE,40,0,40
1947,CONSTANCE,141,0,141
1947,CORA,7,0,7
1947,CORINE,7,0,7
1947,CRYSTAL,6,0,6
1947,DENISE,90,0,90
1947,BRYON,19,19,0
1947,DIANA,190,0,190
1947,ELINOR,6,0,6
1947,ELISABETH,19,0,19
1947,ELIZABETH,696,0,696
1947,ELIZEBETH,22,0,22
1947,ELLA,13,0,13
1947,ELLEN,118,0,118
1947,ELOISE,6,0,6
1947,CHARLENE,37,0,37
1947,ELSIE,37,0,37
1947,EMILY,28,0,28
1947,EMMA,11,0,11
1947,ERICA,6,0,6
1947,ERMA,6,0,6
1947,ESTELLE,9,0,9
1947,ESTHER,47,0,47
1947,ETHEL,46,0,46
1947,ELVA,12,0,12
1947,ELAINE,227,0,227
1947,EILEEN,95,0,95
1947,EDNA,53,0,53
1947,DIANE,535,0,535
1947,DIANN,8,0,8
1947,DIANNA,33,0,33
1947,DIANNE,335,0,335
1947,DIXIE,10,0,10
1947,DOLORES,30,0,30
1947,DONA,29,0,29
1947,DONALDA,8,0,8
1947,DONELDA,11,0,11
1947,DONNA,951,0,951
1947,DORA,12,0,12
1947,DOREEN,169,0,169
1947,DORIS,109,0,109
1947,DOROTHEA,6,0,6
1947,DOROTHY,309,0,309
1947,DORTHY,8,0,8
1947,EDITH,102,0,102
1947,DIAN,11,0,11
1947,CECILIA,15,0,15
1947,BONNIE,429,0,429
1947,CECELIA,7,0,7
1947,ANDREA,44,0,44
1947,ANGELA,31,0,31
1947,ANITA,66,0,66
1947,ANN,209,0,209
1947,ANNA,82,0,82
1947,ANNE,228,0,228
1947,ANNE-MARIE,8,0,8
1947,AMY,8,0,8
1947,ANNETTE,27,0,27
1947,ANTOINETTE,7,0,7
1947,APRIL,20,0,20
1947,ARLENE,94,0,94
1947,ARLINE,6,0,6
1947,AUDREY,96,0,96
1947,BABY,560,335,225
1947,BARBARA,1654,0,1654
1947,ANNIE,25,0,25
1947,BARBARA-ANN,11,0,11
1947,ALVA,7,0,7
1947,ALLISON,10,0,10
1947,EUNICE,16,0,16
1947,ADA,20,0,20
1947,ADELE,25,0,25
1947,ADELINE,6,0,6
1947,ADRIENNE,13,0,13
1947,AGNES,42,0,42
1947,AILEEN,6,0,6
1947,ALMA,20,0,20
1947,ALANA,22,0,22
1947,ALDA,7,0,7
1947,ALEXANDRA,15,0,15
1947,ALEXANDRIA,7,0,7
1947,ALEXIS,7,0,7
1947,ALICE,150,0,150
1947,ALINE,18,0,18
1947,ALISON,19,0,19
1947,ALBERTA,8,0,8
1947,CECILE,32,0,32
1947,BARBARA-ANNE,6,0,6
1947,BEATRICE,59,0,59
1947,CARLA,9,0,9
1947,CARMEL,9,0,9
1947,CARMEN,22,7,15
1947,CAROL,1058,0,1058
1947,CAROL-ANN,13,0,13
1947,CAROLE,115,0,115
1947,CAROLINE,92,0,92
1947,CANDICE,15,0,15
1947,CAROLYN,335,0,335
1947,CAROLYNN,10,0,10
1947,CAROLYNNE,6,0,6
1947,CARROL,24,0,24
1947,CARROLL,11,0,11
1947,CATHARINE,56,0,56
1947,CATHERINE,395,0,395
1947,CATHRYN,12,0,12
1947,CAROLYNE,13,0,13
1947,BARBRA,28,0,28
1947,CANDACE,25,0,25
1947,BRENDA,390,0,390
1947,BELLA,6,0,6
1947,BERNADETTE,32,0,32
1947,BERNICE,49,0,49
1947,BERTHA,20,0,20
1947,BERYL,12,0,12
1947,BESSIE,6,0,6
1947,BETH,18,0,18
1947,CAMILLE,7,0,7
1947,BETTE,20,0,20
1947,BETTY-ANN,6,0,6
1947,BEVERLEY,310,18,292
1947,BEVERLY,248,9,239
1947,BILLIE,6,0,6
1947,BLANCHE,13,0,13
1947,BONITA,73,0,73
1947,BONNY,10,0,10
1947,BETTY,308,0,308
1947,ARLEEN,13,0,13
1947,BRYCE,5,5,0
1947,FAITH,23,0,23
1947,NORAH,10,0,10
1947,NORA,29,0,29
1947,NOELLA,8,0,8
1947,NINA,13,0,13
1947,NICOLE,16,0,16
1947,NICOLA,6,0,6
1947,NELLIE,10,0,10
1947,NAOMI,14,0,14
1947,NOREEN,29,0,29
1947,NANCY,817,0,817
1947,MYRTLE,13,0,13
1947,MYRNA,41,0,41
1947,MYRA,17,0,17
1947,MURIEL,72,0,72
1947,MONIQUE,13,0,13
1947,MONICA,14,0,14
1947,MONA,15,0,15
1947,MOLLY,6,0,6
1947,NADINE,17,0,17
1947,MOLLIE,6,0,6
1947,NORMA,170,0,170
1947,OLGA,8,0,8
1947,PRISCILLA,10,0,10
1947,PIERRETTE,15,0,15
1947,PHYLLIS,131,0,131
1947,PHYLIS,12,0,12
1947,PHILLIS,6,0,6
1947,PENNY,79,0,79
1947,PENELOPE,81,0,81
1947,PEGGY,55,0,55
1947,NOT,29,16,13
1947,PEARL,24,0,24
1947,PAULETTE,56,0,56
1947,PAULA,59,0,59
1947,PATSY,28,0,28
1947,PATRICIA,1587,0,1587
1947,PATRICA,36,0,36
1947,PAMELLA,7,0,7
1947,PAMELA,219,0,219
1947,OLIVE,22,0,22
1947,PAULINE,148,0,148
1947,RACHEL,16,0,16
1947,MOIRA,6,0,6
1947,MINERVA,6,0,6
1947,MARY,2588,0,2588
1947,MARTHA,74,0,74
1947,MARSHA,69,0,69
1947,MARLYN,15,0,15
1947,MARLINE,9,0,9
1947,MARLENE,236,0,236
1947,MARLEEN,10,0,10
1947,MARLA,6,0,6
1947,MARY-ANN,8,0,8
1947,MARJORY,11,0,11
1947,MARION,211,0,211
1947,MARINA,10,0,10
1947,MARILYNNE,6,0,6
1947,MARILYNN,18,0,18
1947,MARILYN,551,0,551
1947,MARIE-CLAIRE,8,0,8
1947,MARIE,2643,0,2643
1947,MARIANNE,30,0,30
1947,MARJORIE,181,0,181
1947,MIRIAM,23,0,23
1947,MARY-ANNE,7,0,7
1947,MARY-JANE,6,0,6
1947,MILDRED,34,0,34
1947,MICHELLE,27,0,27
1947,MICHELINE,14,0,14
1947,MICHELE,20,0,20
1947,MERRY,9,0,9
1947,MERLE,20,10,10
1947,MERILYN,7,0,7
1947,MEREDITH,8,0,8
1947,MARY-ELLEN,8,0,8
1947,MELODY,14,0,14
1947,MELANIE,6,0,6
1947,MAY,17,0,17
1947,MAXINE,37,0,37
1947,MAVIS,13,0,13
1947,MAUREEN,255,0,255
1947,MARYLIN,9,0,9
1947,MARYANN,14,0,14
1947,MARY-LOU,6,0,6
1947,MELINDA,8,0,8
1947,RACHELLE,9,0,9
1947,RAE,16,9,7
1947,RANDI,8,0,8
1947,TONI,7,0,7
1947,THERESE,24,0,24
1947,THERESA,104,0,104
1947,THELMA,35,0,35
1947,TERRY,239,200,39
1947,TERESA,59,0,59
1947,SYLVIA,123,0,123
1947,SUZANNE,202,0,202
1947,TRUDY,29,0,29
1947,SUSANNE,64,0,64
1947,SUE,17,0,17
1947,STEPHANIE,26,0,26
1947,STELLA,30,0,30
1947,STARR,7,0,7
1947,SONJA,8,0,8
1947,SONIA,10,0,10
1947,SIMONE,8,0,8
1947,SHIRLY,9,0,9
1947,SUSAN,1102,0,1102
1947,SHIRLEY-ANN,7,0,7
1947,VALARIE,9,0,9
1947,VELMA,9,0,9
1947,YVONNE,68,0,68
1947,YVETTE,14,0,14
1947,WINNIFRED,9,0,9
1947,WINIFRED,6,0,6
1947,WILMA,37,0,37
1947,WENDY,248,0,248
1947,WENDIE,7,0,7
1947,WENDA,8,0,8
1947,VALERIE,184,0,184
1947,WANDA,39,0,39
1947,VIRGINIA,132,0,132
1947,VIOLET,41,0,41
1947,VIOLA,24,0,24
1947,VICTORIA,102,0,102
1947,VICKI,20,0,20
1947,VERONICA,34,0,34
1947,VERNA,36,0,36
1947,VERA,28,0,28
1947,VIVIAN,58,0,58
1947,SHIRLEY,653,0,653
1947,SHIELA,11,0,11
1947,SHERYL,30,0,30
1947,ROSEMARIE,25,0,25
1947,ROSE-MARIE,9,0,9
1947,ROSE,168,0,168
1947,ROSANNE,14,0,14
1947,ROSALYN,7,0,7
1947,ROSALIND,12,0,12
1947,ROSALIE,15,0,15
1947,ROCHELLE,22,0,22
1947,ROSEMARY,166,0,166
1947,ROBIN,63,47,16
1947,RITA,91,0,91
1947,RHONDA,19,0,19
1947,RHODA,10,0,10
1947,RHEA,7,0,7
1947,RETA,24,0,24
1947,RENA,9,0,9
1947,REJEANNE,6,0,6
1947,REBECCA,17,0,17
1947,ROBERTA,77,0,77
1947,ROSLYN,11,0,11
1947,RUBY,46,0,46
1947,RUTH,312,0,312
1947,SHERRY,56,0,56
1947,SHERRON,12,0,12
1947,SHERRILL,10,0,10
1947,SHERON,11,0,11
1947,SHELLEY,6,0,6
1947,SHELIA,7,0,7
1947,SHELAGH,7,0,7
1947,SHEILA,290,0,290
1947,SHARYN,26,0,26
1947,SHARRON,132,0,132
1947,SHARON,1309,0,1309
1947,SHARLENE,13,0,13
1947,SHAREN,8,0,8
1947,SHANNON,8,0,8
1947,SELMA,6,0,6
1947,SARAH,33,0,33
1947,SARA,13,0,13
1947,SANDRA,1021,0,1021
1947,SALLY,77,0,77
1947,MARIAN,75,0,75
1947,EVA,48,0,48
1947,MARIA,37,0,37
1947,MARGRET,19,0,19
1947,JACQUELYN,12,0,12
1947,JACQUELINE,205,0,205
1947,IVY,9,0,9
1947,ISOBEL,11,0,11
1947,ISABELLE,10,0,10
1947,ISABEL,18,0,18
1947,IRMA,7,0,7
1947,IRIS,25,0,25
1947,JAN,22,12,10
1947,IRENE,148,0,148
1947,INGRID,10,0,10
1947,INFANT,90,56,34
1947,ILONA,7,0,7
1947,ILA,7,0,7
1947,IDA,22,0,22
1947,HUGUETTE,8,0,8
1947,HOPE,6,0,6
1947,HOLLY,11,0,11
1947,IONA,9,0,9
1947,HILDA,30,0,30
1947,JANE,294,0,294
1947,JANETTE,19,0,19
1947,JO ANNE,13,0,13
1947,JO ANN,20,0,20
1947,JO,7,0,7
1947,JILL,67,0,67
1947,JESSIE,18,0,18
1947,JENNIFER,59,0,59
1947,JENNIE,7,0,7
1947,JEANNINE,14,0,14
1947,JANET,444,0,444
1947,JEANNETTE,39,0,39
1947,JEANINE,6,0,6
1947,JEANETTE,52,0,52
1947,JEAN,347,80,267
1947,JAYNE,7,0,7
1947,JAQUELINE,9,0,9
1947,JANIS,97,0,97
1947,JANIE,6,0,6
1947,JANICE,323,0,323
1947,JEANNE,47,0,47
1947,JO-ANN,47,0,47
1947,HILARY,8,0,8
1947,HELENE,20,0,20
1947,GEORGETTE,12,0,12
1947,GENEVIEVE,6,0,6
1947,GAYLE,96,0,96
1947,GAYE,13,0,13
1947,GAY,9,0,9
1947,GALE,33,0,33
1947,GAIL,412,0,412
1947,GABRIELLE,10,0,10
1947,GEORGIA,13,0,13
1947,FREDA,9,0,9
1947,FRANCINE,16,0,16
1947,FRANCES,277,9,268
1947,FLORENCE,102,0,102
1947,FLORA,9,0,9
1947,FERNE,8,0,8
1947,FERN,20,0,20
1947,FAYE,38,0,38
1947,FAY,16,0,16
1947,FRANCIS,219,183,36
1947,HELLEN,6,0,6
1947,GEORGINA,64,0,64
1947,GERMAINE,10,0,10
1947,HELENA,13,0,13
1947,HELEN,393,0,393
1947,HEATHER,377,0,377
1947,HAZEL,51,0,51
1947,HARRIET,18,0,18
1947,GWENETH,6,0,6
1947,GWENDOLYN,64,0,64
1947,GWEN,15,0,15
1947,GERALDINE,102,0,102
1947,GRETA,6,0,6
1947,GLORIA,299,0,299
1947,GLENYS,7,0,7
1947,GLENNA,22,0,22
1947,GLENDA,44,0,44
1947,GLADYS,64,0,64
1947,GISELE,15,0,15
1947,GILLIAN,14,0,14
1947,GERTRUDE,28,0,28
1947,GRACE,69,0,69
1947,JO-ANNE,85,0,85
1947,JOAN,499,0,499
1947,JOANN,21,0,21
1947,LOUISE,128,0,128
1947,LOUISA,7,0,7
1947,LORRAINE,192,0,192
1947,LORNA,97,0,97
1947,LORETTA,41,0,41
1947,LORENE,7,0,7
1947,LOREEN,6,0,6
1947,LORAINE,33,0,33
1947,LUANNE,6,0,6
1947,LOLA,7,0,7
1947,LISE,24,0,24
1947,LINDA,3054,0,3054
1947,LILY,10,0,10
1947,LILLIAN,89,0,89
1947,LILA,22,0,22
1947,LESLIE,212,120,92
1947,LESLEY,25,0,25
1947,LEONA,53,0,53
1947,LOIS,215,0,215
1947,LENORE,16,0,16
1947,LUCILLE,40,0,40
1947,LUCY,14,0,14
1947,MARGOT,9,0,9
1947,MARGO,33,0,33
1947,MARGERY,13,0,13
1947,MARGERET,6,0,6
1947,MARGARET,1254,0,1254
1947,MARCIA,32,0,32
1947,MAE,9,0,9
1947,MADELINE,31,0,31
1947,LUCINDA,10,0,10
1947,MADELEINE,19,0,19
1947,MABEL,23,0,23
1947,LYNNE,112,0,112
1947,LYNN,219,15,204
1947,LYNETTE,6,0,6
1947,LYNDA,776,0,776
1947,LYN,7,0,7
1947,LYDIA,19,0,19
1947,LUELLA,7,0,7
1947,MABLE,6,0,6
1947,LENA,7,0,7
1947,LEIGH,12,5,7
1947,LEE,56,27,29
1947,KARIN,17,0,17
1947,KAREN,574,0,574
1947,JUNE,157,0,157
1947,JULIE,46,0,46
1947,JULIANNE,6,0,6
1947,JULIANNA,6,0,6
1947,JULIA,52,0,52
1947,JUDY,177,0,177
1947,KARON,8,0,8
1947,JUDITH,1094,0,1094
1947,JOYCE,263,0,263
1947,JOY,56,0,56
1947,JOSEPHINE,46,0,46
1947,JOHANNE,6,0,6
1947,JOHANNA,7,0,7
1947,JOCELYNE,8,0,8
1947,JOANNE,265,0,265
1947,JOANNA,9,0,9
1947,JUANITA,10,0,10
1947,KARYN,7,0,7
1947,KATHARINE,26,0,26
1947,KATHERINE,123,0,123
1947,LEAH,12,0,12
1947,LEA,8,0,8
1947,LAURIE,42,17,25
1947,LAURETTE,7,0,7
1947,LAURENE,6,0,6
1947,LAUREN,10,0,10
1947,LAUREL,33,0,33
1947,LAUREEN,7,0,7
1947,LAURAINE,6,0,6
1947,LAURA,110,0,110
1947,LARAINE,12,0,12
1947,LANA,35,0,35
1947,KRISTINE,6,0,6
1947,KERRY,33,21,12
1947,KAY,6,0,6
1947,KATHRYN,193,0,193
1947,KATHLEEN,278,0,278
1947,KATHIE,6,0,6
1947,KATHERYN,6,0,6
1947,MARGUERITE,50,0,50
1947,EVELYN,177,0,177
1947,ELEANOR,144,0,144
1947,BARRY,376,376,0
1947,ERNEST,150,150,0
1947,EUGENE,66,66,0
1947,EVAN,9,9,0
1947,EVERETT,13,13,0
1947,FELIX,8,8,0
1947,FERNAND,12,12,0
1947,FLOYD,25,25,0
1947,FRANCOIS,11,11,0
1947,FRANK,173,173,0
1947,ERLE,6,6,0
1947,FRANKLIN,48,48,0
1947,FRED,21,21,0
1947,FREDERIC,18,18,0
1947,FREDERICK,343,343,0
1947,FREDRICK,80,80,0
1947,GABRIEL,9,9,0
1947,GAETAN,6,6,0
1947,GARFIELD,30,30,0
1947,GARNET,47,47,0
1947,GARRY,267,267,0
1947,FRASER,8,8,0
1947,GARTH,18,18,0
1947,ERIK,8,8,0
1947,EMILE,6,6,0
1947,DUNCAN,28,28,0
1947,DWAYNE,10,10,0
1947,DWIGHT,32,32,0
1947,EARL,101,101,0
1947,EARLE,7,7,0
1947,EARNEST,7,7,0
1947,EDDIE,6,6,0
1947,EDGAR,37,37,0
1947,EDMOND,15,15,0
1947,ERIC,160,160,0
1947,EDMUND,19,19,0
1947,EDWARD,610,610,0
1947,EDWIN,88,88,0
1947,ELDON,12,12,0
1947,ELGIN,7,7,0
1947,ELLIOTT,5,5,0
1947,ELLWOOD,5,5,0
1947,ELMER,23,23,0
1947,ELWOOD,14,14,0
1947,EMERSON,7,7,0
1947,EDOUARD,5,5,0
1947,GARY,790,790,0
1947,GASTON,10,10,0
1947,GAVIN,7,7,0
1947,HENRI,15,15,0
1947,HENRY,100,100,0
1947,HERBERT,91,91,0
1947,HERMAN,9,9,0
1947,HOWARD,168,168,0
1947,HUBERT,12,12,0
1947,HUGH,87,87,0
1947,IAN,173,173,0
1947,IRA,7,7,0
1947,HECTOR,12,12,0
1947,IRVIN,9,9,0
1947,IRWIN,10,10,0
1947,IVAN,53,53,0
1947,J,9,9,0
1947,JACK,130,130,0
1947,JACKIE,9,9,0
1947,JACOB,5,5,0
1947,JACQUE,6,6,0
1947,JACQUES,18,18,0
1947,JAMES,2429,2429,0
1947,IRVING,11,11,0
1947,HARVEY,81,81,0
1947,HARRY,158,158,0
1947,HAROLD,277,277,0
1947,GENE,17,17,0
1947,GEOFFREY,29,29,0
1947,GEORGE,777,777,0
1947,GERALD,539,539,0
1947,GERARD,47,47,0
1947,GERRY,11,11,0
1947,GILBERT,50,50,0
1947,GILES,6,6,0
1947,GILLES,14,14,0
1947,GLEN,143,143,0
1947,GLENDON,7,7,0
1947,GLENN,194,194,0
1947,GORDEN,8,8,0
1947,GORDON,567,567,0
1947,GRAEME,6,6,0
1947,GRAHAM,52,52,0
1947,GRANT,72,72,0
1947,GREGG,7,7,0
1947,GREGORY,275,275,0
1947,GUY,50,50,0
1947,HARLEY,5,5,0
1947,DUANE,15,15,0
1947,DOUGLAS,1093,1093,0
1947,DONALD,1449,1449,0
1947,DON,10,10,0
1947,ANTOINE,5,5,0
1947,ANTHONY,88,88,0
1947,ANGUS,23,23,0
1947,ANGELO,5,5,0
1947,ANDY,6,6,0
1947,ANDREW,152,152,0
1947,ANDRE,41,41,0
1947,AMOS,6,6,0
1947,ALVIN,29,29,0
1947,ANTONIO,5,5,0
1947,ALPHONSE,10,10,0
1947,ALLAN,390,390,0
1947,ALFRED,88,88,0
1947,ALEXANDER,124,124,0
1947,ALEX,19,19,0
1947,ALBERT,181,181,0
1947,ALAN,207,207,0
1947,ADRIAN,11,11,0
1947,ADAM,7,7,0
1947,AARON,5,5,0
1947,ALLEN,127,127,0
1947,ARCHIBALD,11,11,0
1947,ARCHIE,15,15,0
1947,ARMAND,6,6,0
1947,BROCK,5,5,0
1947,BRIEN,6,6,0
1947,BRIAN,1061,1061,0
1947,BRENT,15,15,0
1947,BRADLEY,24,24,0
1947,BOB,5,5,0
1947,BLAKE,5,5,0
1947,BLAIR,8,8,0
1947,BLAINE,11,11,0
1947,BILLY,5,5,0
1947,BERTRAM,9,9,0
1947,BERT,9,9,0
1947,BERNARD,91,91,0
1947,BENJAMIN,18,18,0
1947,BASIL,15,15,0
1947,BARRIE,29,29,0
1947,BABE,9,9,0
1947,AUSTIN,12,12,0
1947,AUREL,5,5,0
1947,AUBREY,7,7,0
1947,ARNOLD,53,53,0
1947,BUDDY,5,5,0
1947,JAY,13,13,0
1947,BYRON,15,15,0
1947,CAMERON,30,30,0
1947,DAN,8,8,0
1947,DANIAL,6,6,0
1947,DANIEL,409,409,0
1947,DANNY,95,95,0
1947,DARCY,7,7,0
1947,D'ARCY,9,9,0
1947,DARREL,8,8,0
1947,DARRELL,13,13,0
1947,DARRYL,32,32,0
1947,DALTON,8,8,0
1947,DARWIN,6,6,0
1947,DEAN,14,14,0
1947,DELBERT,14,14,0
1947,DELMER,8,8,0
1947,DENIS,77,77,0
1947,DENNIS,476,476,0
1947,DEREK,21,21,0
1947,DERRICK,6,6,0
1947,DESMOND,5,5,0
1947,DOMINIC,6,6,0
1947,DAVID,2434,2434,0
1947,CYRIL,10,10,0
1947,CURTIS,6,6,0
1947,CRAIG,52,52,0
1947,CARL,147,147,0
1947,CARMAN,9,9,0
1947,CARSON,7,7,0
1947,CECIL,46,46,0
1947,CHARLES,511,511,0
1947,CHESTER,20,20,0
1947,CHRIS,6,6,0
1947,CHRISTOPHER,139,139,0
1947,CLARENCE,56,56,0
1947,CLARK,9,9,0
1947,CLARKE,6,6,0
1947,CLAUDE,48,48,0
1947,CLAYTON,25,25,0
1947,CLEMENT,6,6,0
1947,CLIFFORD,131,131,0
1947,CLINTON,16,16,0
1947,CLIVE,8,8,0
1947,CLYDE,14,14,0
1947,COLIN,57,57,0
1947,CONRAD,9,9,0
1947,CORNELIUS,7,7,0
1947,CALVIN,33,33,0
1947,BRUCE,456,456,0
1947,JEAN-MARIE,5,5,0
1947,JEFFERY,12,12,0
1947,ROLAND,41,41,0
1947,ROLLAND,11,11,0
1947,ROMEO,11,11,0
1947,RONALD,1433,1433,0
1947,RONNIE,24,24,0
1947,RORY,5,5,0
1947,ROSAIRE,7,7,0
1947,ROSS,133,133,0
1947,ROY,204,204,0
1947,ROGER,253,253,0
1947,ROYAL,9,9,0
1947,RUDOLPH,9,9,0
1947,RUSSEL,29,29,0
1947,RUSSELL,121,121,0
1947,SAMUEL,43,43,0
1947,SCOTT,25,25,0
1947,SEAN,11,11,0
1947,SERGE,7,7,0
1947,SHANE,6,6,0
1947,SHAWN,6,6,0
1947,ROYDEN,5,5,0
1947,SHELDON,17,17,0
1947,RODNEY,72,72,0
1947,RODERICK,62,62,0
1947,PHILIP,180,180,0
1947,PHILIPPE,6,6,0
1947,PHILLIP,66,66,0
1947,PIERRE,34,34,0
1947,RALPH,144,144,0
1947,RANDAL,13,13,0
1947,RANDALL,49,49,0
1947,RANDOLPH,47,47,0
1947,RANDY,22,22,0
1947,RODGER,27,27,0
1947,RAY,38,38,0
1947,REAL,6,6,0
1947,REGINALD,85,85,0
1947,REJEAN,6,6,0
1947,RENE,25,25,0
1947,RICHARD,1614,1614,0
1947,RICKEY,9,9,0
1947,RICKIE,5,5,0
1947,RICKY,16,16,0
1947,ROBERT,3396,3396,0
1947,RAYMOND,409,409,0
1947,SIDNEY,32,32,0
1947,SIMEON,5,5,0
1947,SIMON,5,5,0
1947,VERNE,6,6,0
1947,VERNON,46,46,0
1947,VICTOR,94,94,0
1947,VINCENT,44,44,0
1947,WALLACE,38,38,0
1947,WALTER,189,189,0
1947,WARD,6,6,0
1947,WARREN,79,79,0
1947,WAYNE,872,872,0
1947,VERN,8,8,0
1947,WESLEY,30,30,0
1947,WILFRED,62,62,0
1947,WILFRID,11,11,0
1947,WILLARD,11,11,0
1947,WILLIAM,2523,2523,0
1947,WILMER,7,7,0
1947,WILSON,6,6,0
1947,WINSTON,9,9,0
1947,WRAY,5,5,0
1947,YVON,14,14,0
1947,WILBERT,14,14,0
1947,VAUGHN,12,12,0
1947,VAUGHAN,6,6,0
1947,UN-NAMED,5,5,0
1947,SPENCER,7,7,0
1947,STANLEY,165,165,0
1947,STEPHEN,369,369,0
1947,STERLING,7,7,0
1947,STEVE,8,8,0
1947,STEVEN,146,146,0
1947,STEWART,48,48,0
1947,STUART,52,52,0
1947,SYDNEY,17,17,0
1947,TED,7,7,0
1947,TEDDY,9,9,0
1947,TERANCE,5,5,0
1947,TERENCE,67,67,0
1947,TERRANCE,193,193,0
1947,TERRENCE,120,120,0
1947,THEODORE,29,29,0
1947,THOMAS,945,945,0
1947,TIMOTHY,156,156,0
1947,TOM,9,9,0
1947,TOMMY,5,5,0
1947,TREVOR,12,12,0
1947,PETER,762,762,0
1947,PERRY,25,25,0
1947,PERCY,19,19,0
1947,PAUL,966,966,0
1947,KIRK,6,6,0
1947,LANCE,10,10,0
1947,LANNY,6,6,0
1947,LARRIE,7,7,0
1947,LARRY,622,622,0
1947,LAURENCE,39,39,0
1947,LAURENT,11,11,0
1947,LAVERNE,8,8,0
1947,LAWRENCE,396,396,0
1947,KIM,6,6,0
1947,LENARD,25,25,0
1947,LEON,18,18,0
1947,LEONARD,217,217,0
1947,LEOPOLD,5,5,0
1947,LEROY,8,8,0
1947,LESTER,15,15,0
1947,LEWIS,20,20,0
1947,LIONEL,27,27,0
1947,LLOYD,154,154,0
1947,LONNIE,6,6,0
1947,LEO,69,69,0
1947,KIETH,7,7,0
1947,KEVIN,25,25,0
1947,KENT,13,13,0
1947,JEFFREY,72,72,0
1947,JERALD,5,5,0
1947,JEROME,33,33,0
1947,JERROLD,5,5,0
1947,JERRY,66,66,0
1947,JIMMIE,8,8,0
1947,JIMMY,20,20,0
1947,JOE,5,5,0
1947,JOEL,15,15,0
1947,JOESPH,5,5,0
1947,JOHN,3546,3546,0
1947,JOHNNY,13,13,0
1947,JON,23,23,0
1947,JONATHAN,15,15,0
1947,JONATHON,6,6,0
1947,JOS,9,9,0
1947,JOSEPH,3427,3427,0
1947,KARL,26,26,0
1947,KEITH,222,222,0
1947,KELLY,7,7,0
1947,KENNETH,1030,1030,0
1947,LORNE,133,133,0
1947,JEAN-PIERRE,8,8,0
1947,LOUIS,69,69,0
1947,LYALL,10,10,0
1947,MOSES,5,5,0
1947,MURRAY,208,208,0
1947,MURRY,5,5,0
1947,MYLES,8,8,0
1947,MYRON,5,5,0
1947,NATHAN,5,5,0
1947,NEAL,6,6,0
1947,NEIL,86,86,0
1947,NELSON,30,30,0
1947,MORRIS,30,30,0
1947,NICHOLAS,33,33,0
1947,NOEL,8,8,0
1947,NORMAN,307,307,0
1947,NORMAND,11,11,0
1947,OLIVER,7,7,0
1947,ORVAL,7,7,0
1947,ORVILLE,8,8,0
1947,OSCAR,7,7,0
1947,OWEN,18,18,0
1947,PATRICK,264,264,0
1947,NO,9,9,0
1947,MORLEY,17,17,0
1947,MITCHELL,7,7,0
1947,MILTON,12,12,0
1947,LYLE,48,48,0
1947,MALCOLM,57,57,0
1947,MALE,7,7,0
1947,MARC,10,10,0
1947,MARCEL,61,61,0
1947,MARK,84,84,0
1947,MARSHALL,10,10,0
1947,MARTIN,92,92,0
1947,MARVIN,34,34,0
1947,MATTHEW,12,12,0
1947,MAURICE,78,78,0
1947,MELVILLE,16,16,0
1947,MELVIN,60,60,0
1947,MELVYN,8,8,0
1947,MERVIN,33,33,0
1947,MERVYN,12,12,0
1947,MICHAEL,1095,1095,0
1947,MICHEAL,57,57,0
1947,MICHEL,30,30,0
1947,MILAN,6,6,0
1947,MILES,9,9,0
1947,LUCIEN,7,7,0
1947,BRYAN,177,177,0
1947,ARTHUR,257,257,0
1948,DENISE,88,0,88
1948,ROSEMARIE,20,0,20
1948,ROSEMARY,160,0,160
1948,ROSIE,8,0,8
1948,ROSLYN,7,0,7
1948,RUBY,32,0,32
1948,RUTH,348,0,348
1948,SADIE,6,0,6
1948,ROSE-MARIE,9,0,9
1948,SALLY,83,0,83
1948,SARA,9,0,9
1948,SARAH,37,0,37
1948,SAUNDRA,6,0,6
1948,SHANNON,9,0,9
1948,SHAREN,11,0,11
1948,SHARLENE,7,0,7
1948,SHARON,1076,0,1076
1948,SANDRA,951,0,951
1948,ROSE,137,0,137
1948,ROSANNE,7,0,7
1948,ROSALIND,18,0,18
1948,PHYLIS,7,0,7
1948,PHYLLIS,120,0,120
1948,PIERRETTE,7,0,7
1948,PRISCILLA,7,0,7
1948,RACHEL,15,0,15
1948,RACHELLE,13,0,13
1948,REBECCA,30,0,30
1948,RENA,9,0,9
1948,RENEE,6,0,6
1948,RETA,26,0,26
1948,RHODA,7,0,7
1948,RHONDA,16,0,16
1948,RITA,79,0,79
1948,ROBERTA,69,0,69
1948,ROBIN,68,45,23
1948,ROCHELLE,14,0,14
1948,ROSALIE,15,0,15
1948,SHARRON,107,0,107
1948,PENNY,83,0,83
1948,SHARYN,22,0,22
1948,SHELAGH,7,0,7
1948,THELMA,21,0,21
1948,THERESA,139,0,139
1948,THERESE,38,0,38
1948,TRUDY,25,0,25
1948,VALARIE,9,0,9
1948,VALERIE,197,0,197
1948,VELMA,15,0,15
1948,TERRY,215,183,32
1948,VERA,29,0,29
1948,VERONICA,33,0,33
1948,VICKI,32,0,32
1948,VICKIE,6,0,6
1948,VICKY,11,0,11
1948,VICTORIA,103,0,103
1948,VIOLA,18,0,18
1948,VIOLET,35,0,35
1948,VERNA,39,0,39
1948,TERESA,66,0,66
1948,SYLVIA,107,0,107
1948,SUZANNE,225,0,225
1948,SHELLEY,11,0,11
1948,SHERRIN,6,0,6
1948,SHERRY,45,0,45
1948,SHERYL,19,0,19
1948,SHIELA,20,0,20
1948,SHIRLEY,500,0,500
1948,SHIRLY,8,0,8
1948,SIMONE,10,0,10
1948,SONJA,6,0,6
1948,SOPHIE,7,0,7
1948,STELLA,14,0,14
1948,STEPHANIE,36,0,36
1948,SUE,14,0,14
1948,SUSAN,1313,0,1313
1948,SUSANNA,8,0,8
1948,SUSANNE,67,0,67
1948,SUZAN,7,0,7
1948,SHEILA,285,0,285
1948,VIRGINIA,131,0,131
1948,PENELOPE,60,0,60
1948,PEARL,25,0,25
1948,MARLINE,6,0,6
1948,MARLYN,18,0,18
1948,MARNIE,10,0,10
1948,MARSHA,71,0,71
1948,MARTHA,77,0,77
1948,MARY,2474,0,2474
1948,MARY-ANN,10,0,10
1948,MARLENE,217,0,217
1948,MARY-ANNE,8,0,8
1948,MARYANN,11,0,11
1948,MARYANNE,7,0,7
1948,MARYLIN,9,0,9
1948,MARYLOU,6,0,6
1948,MAUREEN,230,0,230
1948,MAVIS,15,0,15
1948,MAXINE,27,0,27
1948,MARY-LOU,7,0,7
1948,MARLEEN,11,0,11
1948,MARJORY,13,0,13
1948,MARJORIE,141,0,141
1948,MARGOT,9,0,9
1948,MARGRET,19,0,19
1948,MARGUERITE,55,0,55
1948,MARIA,31,0,31
1948,MARIAN,57,0,57
1948,MARIANNE,41,0,41
1948,MARIE,2665,0,2665
1948,MARIE-ANNE,10,0,10
1948,MARIE-CLAIRE,6,0,6
1948,MARIE-LOUISE,6,0,6
1948,MARIE-PAULE,6,0,6
1948,MARIETTE,11,0,11
1948,MARILYN,507,0,507
1948,MARILYNN,14,0,14
1948,MARILYNNE,8,0,8
1948,MARINA,10,0,10
1948,MARION,177,0,177
1948,MAY,13,0,13
1948,PEGGY,64,0,64
1948,MELANIE,13,0,13
1948,MELODY,15,0,15
1948,NOELLA,6,0,6
1948,NORA,40,0,40
1948,NORAH,12,0,12
1948,NOREEN,21,0,21
1948,NORMA,140,0,140
1948,NOT,29,17,12
1948,OLGA,8,0,8
1948,NINA,11,0,11
1948,OLIVE,18,0,18
1948,PATRICA,34,0,34
1948,PATRICE,11,5,6
1948,PATRICIA,1340,0,1340
1948,PATSY,24,0,24
1948,PAULA,72,0,72
1948,PAULETTE,55,0,55
1948,PAULINE,118,0,118
1948,PAMELA,216,0,216
1948,NICOLE,21,0,21
1948,NELLIE,12,0,12
1948,NAOMI,9,0,9
1948,MERLE,12,0,12
1948,MERRY,7,0,7
1948,MICHELE,21,0,21
1948,MICHELINE,7,0,7
1948,MICHELLE,38,0,38
1948,MILDRED,58,0,58
1948,MIRIAM,13,0,13
1948,MOLLY,6,0,6
1948,MONA,14,0,14
1948,MONICA,23,0,23
1948,MONIQUE,22,0,22
1948,MURIEL,58,0,58
1948,MYRA,18,0,18
1948,MYRNA,24,0,24
1948,MYRTLE,11,0,11
1948,NADINE,11,0,11
1948,NANCY,908,0,908
1948,MELINDA,6,0,6
1948,VIVIAN,53,0,53
1948,WANDA,52,0,52
1948,WENDA,13,0,13
1948,DERRICK,6,6,0
1948,DESMOND,10,10,0
1948,DOMINIC,6,6,0
1948,DONALD,1347,1347,0
1948,DOUGLAS,1015,1015,0
1948,DUANE,11,11,0
1948,DUNCAN,36,36,0
1948,DEREK,19,19,0
1948,DWAYNE,9,9,0
1948,EARL,95,95,0
1948,EARLE,7,7,0
1948,EARNEST,6,6,0
1948,EDDIE,6,6,0
1948,EDGAR,28,28,0
1948,EDMOND,11,11,0
1948,EDMUND,16,16,0
1948,DWIGHT,22,22,0
1948,DENNIS,489,489,0
1948,DENIS,84,84,0
1948,DELMAR,5,5,0
1948,CONRAD,6,6,0
1948,CORNELIUS,9,9,0
1948,CRAIG,52,52,0
1948,CYRIL,10,10,0
1948,DALTON,7,7,0
1948,DAN,12,12,0
1948,DANIEL,433,433,0
1948,DANNY,82,82,0
1948,D'ARCY,8,8,0
1948,DARREL,7,7,0
1948,DARRELL,10,10,0
1948,DARRYL,20,20,0
1948,DARWIN,5,5,0
1948,DAVID,2331,2331,0
1948,DAWSON,7,7,0
1948,DEAN,23,23,0
1948,DELBERT,12,12,0
1948,EDWARD,522,522,0
1948,COLIN,49,49,0
1948,EDWIN,65,65,0
1948,ELI,5,5,0
1948,FREDERICK,291,291,0
1948,FREDRICK,79,79,0
1948,GAETAN,12,12,0
1948,GARFIELD,20,20,0
1948,GARLAND,5,5,0
1948,GARNET,30,30,0
1948,GARRY,258,258,0
1948,FREDERIC,14,14,0
1948,GARTH,22,22,0
1948,GASTON,7,7,0
1948,GENE,11,11,0
1948,GEOFFREY,37,37,0
1948,GEORGE,639,639,0
1948,GERALD,470,470,0
1948,GERARD,60,60,0
1948,GERRY,9,9,0
1948,GARY,713,713,0
1948,FRED,24,24,0
1948,FRASER,8,8,0
1948,FRANKLIN,38,38,0
1948,ELLIOT,6,6,0
1948,ELLIOTT,8,8,0
1948,ELMER,17,17,0
1948,ELWOOD,12,12,0
1948,EMERSON,9,9,0
1948,EMILE,14,14,0
1948,ERIC,154,154,0
1948,ERLE,5,5,0
1948,ERNEST,129,129,0
1948,ERROL,6,6,0
1948,EUGENE,55,55,0
1948,EVAN,7,7,0
1948,EVERETT,5,5,0
1948,FERNAND,16,16,0
1948,FLOYD,25,25,0
1948,FRANCOIS,10,10,0
1948,FRANK,156,156,0
1948,ELDON,13,13,0
1948,CLYDE,18,18,0
1948,CLIVE,6,6,0
1948,CLINTON,15,15,0
1948,ANDREW,135,135,0
1948,ANGUS,13,13,0
1948,ANTHONY,108,108,0
1948,ANTOINE,5,5,0
1948,ARCHIBALD,10,10,0
1948,ARCHIE,13,13,0
1948,ARDEN,5,5,0
1948,ANDRE,39,39,0
1948,ARMAND,17,17,0
1948,ARTHUR,249,249,0
1948,AUBREY,9,9,0
1948,AUSTIN,5,5,0
1948,BABE,10,10,0
1948,BARRIE,19,19,0
1948,BARRY,338,338,0
1948,BASIL,13,13,0
1948,ARNOLD,41,41,0
1948,ALVIN,38,38,0
1948,ALLEN,138,138,0
1948,ALLAN,372,372,0
1948,WENDY,337,0,337
1948,WILMA,31,0,31
1948,WINIFRED,8,0,8
1948,WINNIFRED,12,0,12
1948,YVETTE,13,0,13
1948,YVONNE,77,0,77
1948,AARON,7,7,0
1948,ABRAHAM,5,5,0
1948,ADAM,6,6,0
1948,ADRIAN,5,5,0
1948,ADRIEN,5,5,0
1948,ALAN,224,224,0
1948,ALBERT,185,185,0
1948,ALEC,5,5,0
1948,ALEX,13,13,0
1948,ALEXANDER,134,134,0
1948,ALFRED,94,94,0
1948,BENJAMIN,19,19,0
1948,BENOIT,5,5,0
1948,BERNARD,107,107,0
1948,BERTRAM,7,7,0
1948,CARMAN,11,11,0
1948,CARSON,6,6,0
1948,CARY,8,8,0
1948,CECIL,55,55,0
1948,CHARLES,444,444,0
1948,CHARLIE,10,10,0
1948,CHESTER,11,11,0
1948,CHRISTIAN,9,9,0
1948,CHRISTOPHER,181,181,0
1948,CLAIR,5,5,0
1948,CLARENCE,58,58,0
1948,CLARK,10,10,0
1948,CLARKE,6,6,0
1948,CLAUDE,37,37,0
1948,CLAYTON,28,28,0
1948,CLEMENT,6,6,0
1948,CLIFFORD,123,123,0
1948,CARL,145,145,0
1948,MARGO,40,0,40
1948,CAMERON,28,28,0
1948,BYRON,9,9,0
1948,BILL,5,5,0
1948,BILLY,8,8,0
1948,BLAIR,16,16,0
1948,BLAKE,5,5,0
1948,BOBBY,5,5,0
1948,BOYD,6,6,0
1948,BRADFORD,8,8,0
1948,BRADLEY,38,38,0
1948,BRENT,25,25,0
1948,BRIAN,980,980,0
1948,BRIEN,9,9,0
1948,BROCK,10,10,0
1948,BRUCE,440,440,0
1948,BRYAN,162,162,0
1948,BRYCE,7,7,0
1948,BRYON,20,20,0
1948,BURTON,8,8,0
1948,CALVIN,34,34,0
1948,DIAN,13,0,13
1948,MARGERY,13,0,13
1948,MARGARET,1230,0,1230
1948,ALEXANDRA,16,0,16
1948,ALBERTA,6,0,6
1948,ALANA,13,0,13
1948,AGNES,39,0,39
1948,ADRIENNE,8,0,8
1948,ADELE,28,0,28
1948,ADA,17,0,17
1948,ALEXIS,8,0,8
1948,DIANE,467,0,467
1948,DIANNE,303,0,303
1948,DIXIE,7,0,7
1948,DOLORES,27,0,27
1948,DONA,14,0,14
1948,DONALDA,11,0,11
1948,DONELDA,6,0,6
1948,DONNA,841,0,841
1948,DIANNA,34,0,34
1948,ALICE,101,0,101
1948,ALINE,13,0,13
1948,ALISON,13,0,13
1948,ARLEEN,8,0,8
1948,ARLA,6,0,6
1948,APRIL,18,0,18
1948,ANTOINETTE,10,0,10
1948,ANNIE,33,0,33
1948,ANNETTE,32,0,32
1948,ANNE-MARIE,7,0,7
1948,ANNE,225,0,225
1948,ANNA,86,0,86
1948,ANN,192,0,192
1948,ANITA,53,0,53
1948,ANGELA,43,0,43
1948,ANDREA,41,0,41
1948,AMY,8,0,8
1948,AMELIA,9,0,9
1948,ALMA,22,0,22
1948,ALLISON,7,0,7
1948,DORA,14,0,14
1948,ARLENE,84,0,84
1948,DOREEN,134,0,134
1948,DORIS,93,0,93
1948,ENID,8,0,8
1948,ERICA,8,0,8
1948,ERMA,12,0,12
1948,ESTELLE,9,0,9
1948,ESTHER,30,0,30
1948,ETHEL,32,0,32
1948,EUNICE,11,0,11
1948,EMMA,16,0,16
1948,EVA,40,0,40
1948,EVELYN,144,0,144
1948,FAITH,15,0,15
1948,FAY,21,0,21
1948,FAYE,50,0,50
1948,FEMALE,7,0,7
1948,FERN,23,0,23
1948,FLORA,10,0,10
1948,EVELINE,7,0,7
1948,EMILY,32,0,32
1948,ELVA,10,0,10
1948,ELSIE,44,0,44
1948,DOROTHEA,8,0,8
1948,DOROTHY,253,0,253
1948,DORTHY,8,0,8
1948,ROBERT,3240,3240,0
1948,EARLA,10,0,10
1948,EDITH,85,0,85
1948,EDNA,51,0,51
1948,EILEEN,79,0,79
1948,ELAINE,234,0,234
1948,GILBERT,45,45,0
1948,ELEANOR,118,0,118
1948,ELINOR,7,0,7
1948,ELISABETH,14,0,14
1948,ELIZABETH,720,0,720
1948,ELIZEBETH,17,0,17
1948,ELLA,13,0,13
1948,ELLEN,124,0,124
1948,DORENE,7,0,7
1948,FLORENCE,90,0,90
1948,AUDREY,97,0,97
1948,BARBARA,1441,0,1441
1948,COLLEEN,108,0,108
1948,COLETTE,11,0,11
1948,COLEEN,14,0,14
1948,CLAUDIA,11,0,11
1948,CLAUDETTE,34,0,34
1948,CLARE,32,26,6
1948,CLARA,24,0,24
1948,CONNIE,35,0,35
1948,CLAIRE,42,0,42
1948,CHRISTINA,62,0,62
1948,CHRISTENA,11,0,11
1948,CHERYLE,17,0,17
1948,CHERYL,328,0,328
1948,CHERIE,6,0,6
1948,CHARMAINE,9,0,9
1948,CHARLOTTE,65,0,65
1948,CHRISTINE,190,0,190
1948,CONSTANCE,132,0,132
1948,CORA,8,0,8
1948,CORINNE,20,0,20
1948,DELORES,25,0,25
1948,DELLA,13,0,13
1948,DEBORAH,187,0,187
1948,DEANNA,30,0,30
1948,DAYLE,7,0,7
1948,DAWN,61,0,61
1948,DARYL,28,20,8
1948,DARLENE,171,0,171
1948,DARLEEN,11,0,11
1948,DARLA,15,0,15
1948,DAPHNE,12,0,12
1948,DANA,21,13,8
1948,DALE,168,108,60
1948,DAISY,14,0,14
1948,CYNTHIA,80,0,80
1948,CRYSTAL,11,0,11
1948,CORRINE,9,0,9
1948,CHARLENE,39,0,39
1948,BABY,579,334,245
1948,CHARLEEN,10,0,10
1948,CECILIA,9,0,9
1948,BONNIE,449,0,449
1948,BONITA,67,0,67
1948,BLANCHE,12,0,12
1948,BEVERLY,217,15,202
1948,BEVERLEY,309,13,296
1948,BETTY,271,0,271
1948,BETTE,10,0,10
1948,BONNY,12,0,12
1948,BETH,15,0,15
1948,DIANA,147,0,147
1948,BERTHA,12,0,12
1948,BERNICE,46,0,46
1948,BERNADETTE,28,0,28
1948,BEATRICE,65,0,65
1948,BARBRA,16,0,16
1948,BARBARA-ANN,10,0,10
1948,BERYL,12,0,12
1948,BRENDA,486,0,486
1948,CANDACE,11,0,11
1948,CANDICE,17,0,17
1948,CECILE,21,0,21
1948,CATHY,6,0,6
1948,CATHRINE,11,0,11
1948,CATHERINE,465,0,465
1948,CATHARINE,61,0,61
1948,CARROL,16,0,16
1948,CAROLYNNE,8,0,8
1948,CAROLYNN,9,0,9
1948,CAROLYNE,9,0,9
1948,CAROLYN,283,0,283
1948,CAROLINE,79,0,79
1948,CAROLE,127,0,127
1948,CAROL-ANN,14,0,14
1948,CAROL,978,0,978
1948,CARMEN,26,13,13
1948,CARMEL,9,0,9
1948,CARLA,15,0,15
1948,CELIA,9,0,9
1948,FRANCES,240,7,233
1948,FRANCINE,18,0,18
1948,FRANCIS,229,204,25
1948,KATHRYN,178,0,178
1948,KATHY,6,0,6
1948,KATHYRN,8,0,8
1948,KIM,13,7,6
1948,LANA,24,0,24
1948,LARAINE,6,0,6
1948,LAURA,112,0,112
1948,KATHLEEN,315,0,315
1948,LAUREEN,9,0,9
1948,LAUREN,14,0,14
1948,LAURENE,8,0,8
1948,LAURIE,34,12,22
1948,LEA,8,0,8
1948,LEAH,9,0,9
1948,LEE,54,27,27
1948,LEIGH,6,0,6
1948,LAUREL,16,0,16
1948,KATHERINE,111,0,111
1948,KATHELEEN,6,0,6
1948,KATHARINE,28,0,28
1948,JOANNE,280,0,280
1948,JOHANNA,11,0,11
1948,JOSEPHINE,42,0,42
1948,JOY,39,0,39
1948,JOYCE,216,0,216
1948,JUANITA,10,0,10
1948,JUDITH,1034,0,1034
1948,JUDY,151,0,151
1948,JULIA,63,0,63
1948,JULIANA,7,0,7
1948,JULIE,48,0,48
1948,JULIETTE,9,0,9
1948,JUNE,144,0,144
1948,KAREN,563,0,563
1948,KARIN,9,0,9
1948,KARON,8,0,8
1948,KATHALEEN,8,0,8
1948,LENA,9,0,9
1948,JOANNA,14,0,14
1948,LENORA,13,0,13
1948,LEONA,41,0,41
1948,LUELLA,6,0,6
1948,LYDIA,10,0,10
1948,LYN,7,0,7
1948,LYNDA,582,0,582
1948,LYNETTE,7,0,7
1948,LYNN,218,11,207
1948,LYNNE,129,0,129
1948,LUCY,13,0,13
1948,MABEL,14,0,14
1948,MADELEINE,25,0,25
1948,MADELINE,24,0,24
1948,MADELYN,7,0,7
1948,MAE,7,0,7
1948,MARCELLA,8,0,8
1948,MARCELLE,7,0,7
1948,MARCIA,41,0,41
1948,MADELAINE,6,0,6
1948,LUCINDA,11,0,11
1948,LUCILLE,29,0,29
1948,LOUISE,133,0,133
1948,LESLEY,22,0,22
1948,LESLIE,214,117,97
1948,LILA,8,0,8
1948,LILIAN,6,0,6
1948,LILLIAN,97,0,97
1948,LILY,11,0,11
1948,LINA,6,0,6
1948,LINDA,2957,0,2957
1948,LISE,26,0,26
1948,LOIS,209,0,209
1948,LOLA,8,0,8
1948,LORAINE,21,0,21
1948,LOREEN,11,0,11
1948,LORENE,7,0,7
1948,LORETTA,41,0,41
1948,LORNA,87,0,87
1948,LORRAINE,219,0,219
1948,LENORE,8,0,8
1948,JOANN,9,0,9
1948,JOAN,424,0,424
1948,JO-ANNE,93,0,93
1948,GRETA,6,0,6
1948,GWEN,8,0,8
1948,GWENDOLYN,54,0,54
1948,HARRIET,22,0,22
1948,HAZEL,28,0,28
1948,HEATHER,418,0,418
1948,HELEN,360,0,360
1948,GRACE,74,0,74
1948,HELENA,10,0,10
1948,HILARY,6,0,6
1948,HILDA,21,0,21
1948,HOLLY,15,0,15
1948,HOPE,9,0,9
1948,IDA,20,0,20
1948,ILA,7,0,7
1948,ILEEN,6,0,6
1948,HELENE,24,0,24
1948,GLORIA,242,0,242
1948,GLENNA,29,0,29
1948,GLENDA,48,0,48
1948,FRANCOISE,10,0,10
1948,FREDA,11,0,11
1948,GAIL,386,0,386
1948,GALE,39,0,39
1948,GAY,10,0,10
1948,GAYE,20,6,14
1948,GAYLE,93,0,93
1948,GENEVIEVE,7,0,7
1948,GEORGETTE,13,0,13
1948,GEORGIA,19,0,19
1948,GEORGINA,51,0,51
1948,GERALDINE,80,0,80
1948,GERTRUDE,29,0,29
1948,GILLIAN,15,0,15
1948,GINETTE,14,0,14
1948,GISELE,10,0,10
1948,GLADYS,42,0,42
1948,ILENE,8,0,8
1948,INA,10,0,10
1948,INEZ,6,0,6
1948,INFANT,58,34,24
1948,JANIS,112,0,112
1948,JAYNE,6,0,6
1948,JEAN,348,93,255
1948,JEANETTE,54,0,54
1948,JEANNE,40,0,40
1948,JEANNETTE,27,0,27
1948,JEANNIE,8,0,8
1948,JEANNINE,16,0,16
1948,JENNIE,8,0,8
1948,JENNIFER,72,0,72
1948,JESSIE,21,0,21
1948,JEWEL,6,0,6
1948,JILL,53,0,53
1948,JO,7,0,7
1948,JO ANN,20,0,20
1948,JO ANNE,18,0,18
1948,JO-ANN,55,0,55
1948,JANINE,7,0,7
1948,MARGERET,10,0,10
1948,JANIE,8,0,8
1948,JANETTE,12,0,12
1948,INGRID,9,0,9
1948,IRENE,107,0,107
1948,IRIS,25,0,25
1948,IRMA,10,0,10
1948,ISABEL,24,0,24
1948,ISABELL,6,0,6
1948,ISABELLE,22,0,22
1948,ISOBEL,12,0,12
1948,IVA,6,0,6
1948,IVY,10,0,10
1948,JACQUALINE,7,0,7
1948,JACQUELENE,6,0,6
1948,JACQUELINE,192,0,192
1948,JACQUELYN,9,0,9
1948,JAN,22,12,10
1948,JANE,281,0,281
1948,JANET,450,0,450
1948,JANICE,329,0,329
1948,GILLES,25,25,0
1948,RODERICK,61,61,0
1948,GLENDON,12,12,0
1948,RANDALL,69,69,0
1948,RANDOLPH,45,45,0
1948,RANDY,32,32,0
1948,RAY,33,33,0
1948,RAYMOND,384,384,0
1948,REAL,5,5,0
1948,REGINALD,99,99,0
1948,REID,8,8,0
1948,RENE,37,37,0
1948,REX,5,5,0
1948,RICHARD,1532,1532,0
1948,RANDAL,10,10,0
1948,RICK,5,5,0
1948,RICKIE,7,7,0
1948,RICKY,17,17,0
1948,GLEN,158,158,0
1948,RODGER,29,29,0
1948,RODNEY,66,66,0
1948,ROGER,238,238,0
1948,ROLAND,50,50,0
1948,ROLLAND,9,9,0
1948,RONALD,1288,1288,0
1948,RONNIE,20,20,0
1948,ROSAIRE,8,8,0
1948,RICKEY,14,14,0
1948,ROSS,151,151,0
1948,RALPH,162,162,0
1948,PIERRE,24,24,0
1948,MORLEY,15,15,0
1948,MORRIS,34,34,0
1948,MURRAY,194,194,0
1948,MURRY,7,7,0
1948,MYLES,12,12,0
1948,MYRON,5,5,0
1948,NEAL,5,5,0
1948,NEIL,101,101,0
1948,NELSON,29,29,0
1948,NICHOLAS,30,30,0
1948,NICK,8,8,0
1948,RAE,7,7,0
1948,NOEL,8,8,0
1948,OLIVER,8,8,0
1948,ORVAL,5,5,0
1948,OSCAR,7,7,0
1948,OWEN,10,10,0
1948,PATRICK,275,275,0
1948,PAUL,975,975,0
1948,PERCY,15,15,0
1948,PERRY,20,20,0
1948,PETER,689,689,0
1948,PHILIP,228,228,0
1948,PHILLIP,80,80,0
1948,NORMAN,296,296,0
1948,MITCHELL,8,8,0
1948,ROWLAND,6,6,0
1948,ROYAL,5,5,0
1948,TOMMY,9,9,0
1948,TONY,5,5,0
1948,TREVOR,12,12,0
1948,VAUGHAN,5,5,0
1948,VAUGHN,8,8,0
1948,VERNE,7,7,0
1948,VERNON,39,39,0
1948,VICTOR,114,114,0
1948,VINCENT,50,50,0
1948,WALLACE,31,31,0
1948,WALTER,171,171,0
1948,TODD,5,5,0
1948,WARREN,75,75,0
1948,WESLEY,35,35,0
1948,WILBERT,16,16,0
1948,WILFRED,58,58,0
1948,WILFRID,8,8,0
1948,WILLARD,12,12,0
1948,WILLIAM,2421,2421,0
1948,WILLIS,7,7,0
1948,WILSON,6,6,0
1948,WM,5,5,0
1948,WRAY,6,6,0
1948,YVON,19,19,0
1948,WAYNE,779,779,0
1948,ROY,167,167,0
1948,TIMOTHY,131,131,0
1948,THEODORE,39,39,0
1948,RUSSEL,23,23,0
1948,RUSSELL,113,113,0
1948,SAM,6,6,0
1948,SAMUEL,65,65,0
1948,SCOTT,32,32,0
1948,SEAN,8,8,0
1948,SHANE,7,7,0
1948,SHAWN,18,18,0
1948,SHELDON,37,37,0
1948,SIDNEY,32,32,0
1948,SIMON,7,7,0
1948,THOMAS,979,979,0
1948,STANLEY,147,147,0
1948,STEPHEN,412,412,0
1948,STEVE,9,9,0
1948,STEVEN,135,135,0
1948,STEWART,45,45,0
1948,STUART,51,51,0
1948,SYDNEY,24,24,0
1948,TED,9,9,0
1948,TEDDY,13,13,0
1948,TERENCE,61,61,0
1948,TERRANCE,177,177,0
1948,TERRENCE,158,158,0
1948,STEPHAN,5,5,0
1948,MITCHEL,5,5,0
1948,ORVILLE,8,8,0
1948,MILES,8,8,0
1948,JAY,10,10,0
1948,JEAN-PAUL,6,6,0
1948,JEFFERY,10,10,0
1948,JEFFREY,65,65,0
1948,JERALD,6,6,0
1948,JEROME,35,35,0
1948,JERRY,61,61,0
1948,JIM,5,5,0
1948,JIMMIE,10,10,0
1948,JIMMY,15,15,0
1948,JOE,7,7,0
1948,JOEL,19,19,0
1948,JASON,5,5,0
1948,JOESPH,10,10,0
1948,JOHNNIE,8,8,0
1948,MILTON,18,18,0
1948,JON,31,31,0
1948,JONATHAN,19,19,0
1948,JOS,15,15,0
1948,JOSEPH,3284,3284,0
1948,JOSEPHE,9,9,0
1948,JULIAN,5,5,0
1948,JULIEN,6,6,0
1948,KARL,30,30,0
1948,KEITH,205,205,0
1948,KELVIN,7,7,0
1948,JOHN,3311,3311,0
1948,JAMES,2272,2272,0
1948,JACQUES,22,22,0
1948,JACOB,6,6,0
1948,GLENN,145,145,0
1948,GORDEN,6,6,0
1948,GORDON,537,537,0
1948,GRAHAM,45,45,0
1948,GRANT,76,76,0
1948,GREGG,5,5,0
1948,GREGORY,258,258,0
1948,GUY,62,62,0
1948,HARLEY,10,10,0
1948,HAROLD,249,249,0
1948,HARRY,151,151,0
1948,HARVEY,72,72,0
1948,HECTOR,7,7,0
1948,HENRI,6,6,0
1948,HENRY,90,90,0
1948,HERBERT,65,65,0
1948,HERMAN,10,10,0
1948,HOWARD,152,152,0
1948,HUBERT,9,9,0
1948,HUGH,73,73,0
1948,IAN,136,136,0
1948,IRVIN,7,7,0
1948,IRWIN,11,11,0
1948,IVAN,39,39,0
1948,J,10,10,0
1948,JACK,98,98,0
1948,JACKIE,13,13,0
1948,KENNETH,960,960,0
1948,KENT,18,18,0
1948,JOHNNY,17,17,0
1948,KEVIN,61,61,0
1948,LOUIS,75,75,0
1948,LUCIEN,10,10,0
1948,LYLE,48,48,0
1948,LYNDEN,5,5,0
1948,MALCOLM,40,40,0
1948,MALE,5,5,0
1948,MARC,15,15,0
1948,MARCEL,66,66,0
1948,MARK,166,166,0
1948,KERRY,21,21,0
1948,MARSHALL,17,17,0
1948,MARTIN,107,107,0
1948,LORNE,120,120,0
1948,MARVIN,35,35,0
1948,MATTHEW,19,19,0
1948,MAURICE,77,77,0
1948,MAXWELL,9,9,0
1948,MAYNARD,5,5,0
1948,MELVILLE,11,11,0
1948,MELVIN,58,58,0
1948,MERVIN,17,17,0
1948,MERVYN,11,11,0
1948,MICHAEL,1134,1134,0
1948,MICHEAL,73,73,0
1948,MICHEL,43,43,0
1948,MIKE,7,7,0
1948,MATHEW,8,8,0
1948,LONNIE,7,7,0
1948,LUC,5,5,0
1948,LIONEL,28,28,0
1948,KIETH,6,6,0
1948,KIRK,10,10,0
1948,LANCE,13,13,0
1948,LLOYD,123,123,0
1948,LARRY,633,633,0
1948,LAURENCE,47,47,0
1948,LAVERNE,12,12,0
1948,LAWERENCE,5,5,0
1948,LAWRANCE,5,5,0
1948,LANNY,6,6,0
1948,LENARD,29,29,0
1948,LEO,84,84,0
1948,LEON,24,24,0
1948,LEONARD,182,182,0
1948,LEROY,13,13,0
1948,LESTER,8,8,0
1948,LAWRENCE,379,379,0
1948,LINDSAY,10,10,0
1948,LEWIS,17,17,0
1949,BERNADETTE,27,0,27
1949,BERNICE,44,0,44
1949,BERTHA,15,0,15
1949,BERYL,8,0,8
1949,BETH,18,0,18
1949,BETTE,16,0,16
1949,BONITA,75,0,75
1949,BONNY,20,0,20
1949,BONNIE,495,0,495
1949,BLANCHE,7,0,7
1949,BILLIE,11,5,6
1949,BEVERLY,225,17,208
1949,BEVERLEY,244,13,231
1949,BEULAH,7,0,7
1949,BETTY,266,0,266
1949,BEATRICE,39,0,39
1949,BARBRA,18,0,18
1949,BRENDA,723,0,723
1949,BARBARA,1247,0,1247
1949,ANNIE,28,0,28
1949,ANNETTE,38,0,38
1949,ANNE-MARIE,7,0,7
1949,ANNE,235,0,235
1949,ANNA,78,0,78
1949,ANN,177,0,177
1949,ANITA,58,0,58
1949,ANGELA,51,0,51
1949,ANDREA,43,0,43
1949,ANTOINETTE,7,0,7
1949,APRIL,9,0,9
1949,ARLENE,87,0,87
1949,AUDREY,99,0,99
1949,AUDRY,6,0,6
1949,BABY,598,337,261
1949,BARBARA-ANN,8,0,8
1949,BRIDGET,6,0,6
1949,EDNA,55,0,55
1949,CANDICE,23,0,23
1949,DORIS,102,0,102
1949,DOREEN,89,0,89
1949,DORA,11,0,11
1949,DONNA-MARIE,6,0,6
1949,DONNA,898,0,898
1949,DONALDA,12,0,12
1949,DONA,22,0,22
1949,DOLORES,29,0,29
1949,DIXIE,6,0,6
1949,DIANNE,281,0,281
1949,DIANNA,32,0,32
1949,DIANE,510,0,510
1949,DIANA,167,0,167
1949,DIAN,9,0,9
1949,DENISE,96,0,96
1949,DELORES,16,0,16
1949,DELLA,7,0,7
1949,DEBRA,37,0,37
1949,DEBORAH,299,0,299
1949,DEBORA,10,0,10
1949,DEANNA,26,0,26
1949,DOROTHY,264,0,264
1949,DORTHY,14,0,14
1949,EDITH,87,0,87
1949,AMY,12,0,12
1949,ETHEL,37,0,37
1949,ESTHER,42,0,42
1949,ESTELLE,7,0,7
1949,ERICA,7,0,7
1949,ENID,9,0,9
1949,EMMA,11,0,11
1949,EMILY,32,0,32
1949,EMILIE,7,0,7
1949,ELVA,9,0,9
1949,ELSIE,42,0,42
1949,DAWN,62,0,62
1949,ELMA,6,0,6
1949,ELLA,11,0,11
1949,ELIZEBETH,13,0,13
1949,ELIZABETH,712,0,712
1949,ELISABETH,14,0,14
1949,ELINOR,11,0,11
1949,ELEANORE,7,0,7
1949,ELEANOR,119,0,119
1949,ELAINE,214,0,214
1949,EILEEN,75,0,75
1949,EDWINA,7,0,7
1949,ELLEN,114,0,114
1949,DARLENE,189,0,189
1949,DARLEEN,18,0,18
1949,DARLA,9,0,9
1949,CHARLOTTE,70,0,70
1949,CHARLENE,60,0,60
1949,CHARLEEN,6,0,6
1949,CELIA,6,0,6
1949,CECILIA,9,0,9
1949,CECILE,24,0,24
1949,CECELIA,8,0,8
1949,CATHY,23,0,23
1949,CATHRYN,17,0,17
1949,CATHERINE,581,0,581
1949,CHARMAINE,12,0,12
1949,CATHARINE,77,0,77
1949,CAROLYNNE,6,0,6
1949,CAROLYN,281,0,281
1949,CAROLINE,63,0,63
1949,CAROLE,70,0,70
1949,CAROLANN,8,0,8
1949,CAROL-ANN,7,0,7
1949,CAROL,922,0,922
1949,CARMEN,34,14,20
1949,CARMEL,9,0,9
1949,CARLA,14,0,14
1949,CARROL,28,0,28
1949,CANDACE,28,0,28
1949,CHERIE,6,0,6
1949,CHERYLE,14,0,14
1949,DAPHNE,18,0,18
1949,DANA,30,19,11
1949,DALE,178,125,53
1949,DAISY,8,0,8
1949,CYNTHIA,110,0,110
1949,CRYSTAL,6,0,6
1949,CORNELIA,6,0,6
1949,CORINNE,19,0,19
1949,CORA,9,0,9
1949,CONSTANCE,166,0,166
1949,CHERYL,339,0,339
1949,CONNIE,54,0,54
1949,COLETTE,13,0,13
1949,COLEEN,9,0,9
1949,CLAUDIA,27,0,27
1949,CLAUDETTE,31,0,31
1949,CLARE,23,15,8
1949,CLARA,24,0,24
1949,CLAIRE,47,0,47
1949,CHRISTINE,251,0,251
1949,CHRISTINA,64,0,64
1949,CHRISTENA,10,0,10
1949,COLLEEN,123,0,123
1949,AMANDA,6,0,6
1949,BILLY,7,7,0
1949,ALLISON,6,0,6
1949,DANIEL,506,506,0
1949,DANIAL,6,6,0
1949,DAN,15,15,0
1949,DALTON,5,5,0
1949,CYRIL,11,11,0
1949,CURTIS,5,5,0
1949,CRISTOPHER,5,5,0
1949,CRAIG,43,43,0
1949,CORNELIUS,5,5,0
1949,CONRAD,7,7,0
1949,COLIN,44,44,0
1949,CLYDE,12,12,0
1949,CLINTON,11,11,0
1949,CLIFTON,5,5,0
1949,CLIFFORD,109,109,0
1949,CLEMENT,8,8,0
1949,CLAYTON,30,30,0
1949,CARSON,6,6,0
1949,CARY,7,7,0
1949,CECIL,34,34,0
1949,CHARLES,563,563,0
1949,CHARLIE,7,7,0
1949,CHESTER,13,13,0
1949,DANNY,97,97,0
1949,CHRIS,10,10,0
1949,CHRISTOPHER,178,178,0
1949,CLAIR,7,7,0
1949,CLARENCE,44,44,0
1949,CLARK,12,12,0
1949,CLARKE,6,6,0
1949,CLAUDE,52,52,0
1949,CHRISTIAN,5,5,0
1949,DARCY,10,10,0
1949,D'ARCY,6,6,0
1949,DARREL,7,7,0
1949,DUNCAN,31,31,0
1949,DWAYNE,11,11,0
1949,DWIGHT,32,32,0
1949,EARL,75,75,0
1949,EARLE,8,8,0
1949,EARNEST,10,10,0
1949,DUANE,14,14,0
1949,EDDIE,11,11,0
1949,EDMOND,14,14,0
1949,EDMUND,22,22,0
1949,EDWARD,628,628,0
1949,EDWIN,61,61,0
1949,ELDON,12,12,0
1949,ELGIN,7,7,0
1949,EDGAR,25,25,0
1949,CARMAN,11,11,0
1949,DREW,5,5,0
1949,DONAT,6,6,0
1949,DARRELL,14,14,0
1949,DARRYL,28,28,0
1949,DARYL,12,12,0
1949,DAVID,2416,2416,0
1949,DEAN,37,37,0
1949,DELBERT,15,15,0
1949,DOUGLAS,1014,1014,0
1949,DENIS,87,87,0
1949,DEREK,39,39,0
1949,DERRICK,7,7,0
1949,DESMOND,7,7,0
1949,DOMINIC,5,5,0
1949,DON,7,7,0
1949,DONALD,1343,1343,0
1949,DENNIS,423,423,0
1949,ALMA,25,0,25
1949,CARL,141,141,0
1949,CAMERON,32,32,0
1949,ARCHIE,6,6,0
1949,ARCHIBALD,6,6,0
1949,ANTONIO,7,7,0
1949,ANTHONY,116,116,0
1949,ANGUS,13,13,0
1949,ANGELO,6,6,0
1949,ANDREW,133,133,0
1949,ANDRE,38,38,0
1949,ALVIN,36,36,0
1949,ALLEN,122,122,0
1949,ALLAN,363,363,0
1949,ALISTAIR,5,5,0
1949,ALFRED,93,93,0
1949,ALEXANDER,155,155,0
1949,ALEX,9,9,0
1949,ALEC,6,6,0
1949,ALBERT,143,143,0
1949,ALISON,17,0,17
1949,ALINE,14,0,14
1949,ALICE,116,0,116
1949,ALBERTA,10,0,10
1949,ALANA,11,0,11
1949,AILEEN,14,0,14
1949,ARMAND,17,17,0
1949,AGNES,39,0,39
1949,ADELE,31,0,31
1949,ADA,10,0,10
1949,AARON,9,9,0
1949,ABRAHAM,7,7,0
1949,ADRIAN,7,7,0
1949,ALAN,206,206,0
1949,ADRIENNE,14,0,14
1949,ARNOLD,46,46,0
1949,ARTHUR,215,215,0
1949,AUBREY,5,5,0
1949,BRADFORD,5,5,0
1949,BRADLEY,40,40,0
1949,BRENT,37,37,0
1949,BRETT,5,5,0
1949,BRIAN,1039,1039,0
1949,BRIEN,7,7,0
1949,BOYD,6,6,0
1949,BRUCE,553,553,0
1949,BRYAN,159,159,0
1949,BRYCE,6,6,0
1949,BRYON,11,11,0
1949,BURTON,10,10,0
1949,BYRON,29,29,0
1949,CALVIN,37,37,0
1949,BRUNO,10,10,0
1949,CAMPBELL,7,7,0
1949,BOY,5,5,0
1949,BOBBY,10,10,0
1949,AUSTIN,7,7,0
1949,BABE,8,8,0
1949,BARRIE,12,12,0
1949,BARRY,320,320,0
1949,BARTON,6,6,0
1949,BASIL,10,10,0
1949,BOHDAN,8,8,0
1949,BENJAMIN,25,25,0
1949,BILL,8,8,0
1949,EUNICE,15,0,15
1949,BLAINE,13,13,0
1949,BLAIR,9,9,0
1949,BLAKE,13,13,0
1949,BOB,5,5,0
1949,BERNARD,94,94,0
1949,EVA,39,0,39
1949,JEANINE,7,0,7
1949,FAITH,10,0,10
1949,OLIVE,6,0,6
1949,OLGA,15,0,15
1949,NOT,22,11,11
1949,NORMA,143,0,143
1949,NOREEN,37,0,37
1949,NORAH,11,0,11
1949,NORA,32,0,32
1949,NOELLA,7,0,7
1949,NINA,6,0,6
1949,NICOLE,23,0,23
1949,NELLIE,14,0,14
1949,NATALIE,6,0,6
1949,NAOMI,17,0,17
1949,NANCY,874,0,874
1949,NADINE,22,0,22
1949,NADIA,7,0,7
1949,MYRTLE,16,0,16
1949,OLIVIA,6,0,6
1949,PAMELA,267,0,267
1949,PATRICA,43,0,43
1949,PATRICIA,1218,0,1218
1949,RENEE,6,0,6
1949,RENA,9,0,9
1949,REGINA,8,0,8
1949,REBECCA,36,0,36
1949,RACHELLE,14,0,14
1949,RACHEL,17,0,17
1949,PIERRETTE,16,0,16
1949,PHYLLIS,120,0,120
1949,MYRNA,26,0,26
1949,PHYLIS,7,0,7
1949,PENELOPE,78,0,78
1949,PEGGY,68,0,68
1949,PEARL,20,0,20
1949,PAULLETTE,6,0,6
1949,PAULINE,136,0,136
1949,PAULETTE,62,0,62
1949,PAULA,98,0,98
1949,PATSY,44,0,44
1949,PENNY,88,0,88
1949,MYRA,12,0,12
1949,MURIELLE,6,0,6
1949,MURIEL,71,0,71
1949,MARYANN,20,0,20
1949,MARY-LOU,9,0,9
1949,MARY-ELLEN,10,0,10
1949,MARY-ANNE,7,0,7
1949,MARY-ANN,9,0,9
1949,MARY,2506,0,2506
1949,MARTHA,77,0,77
1949,MARSHA,61,0,61
1949,MARYANNE,11,0,11
1949,MARNIE,11,0,11
1949,MARLENE,218,0,218
1949,MARLEEN,11,0,11
1949,MARJORY,11,0,11
1949,MARJORIE,128,0,128
1949,MARION,182,0,182
1949,MARINA,7,0,7
1949,MARILYNNE,8,0,8
1949,MARILYNN,15,0,15
1949,MARNEY,6,0,6
1949,RETA,24,0,24
1949,MARYLIN,7,0,7
1949,MAUREEN,225,0,225
1949,MONIQUE,29,0,29
1949,MONICA,25,0,25
1949,MONA,14,0,14
1949,MOIRA,7,0,7
1949,MIRIAM,16,0,16
1949,MILDRED,32,0,32
1949,MICHELLE,51,0,51
1949,MICHELINE,13,0,13
1949,MARYLOU,12,0,12
1949,MICHELE,33,0,33
1949,MERILYN,6,0,6
1949,MEREDITH,6,0,6
1949,MELODY,19,0,19
1949,MELISSA,9,0,9
1949,MELANIE,18,0,18
1949,MAY,10,0,10
1949,MAXINE,30,0,30
1949,MAVIS,17,0,17
1949,MERLE,21,6,15
1949,MARILYN,451,0,451
1949,RHEA,9,0,9
1949,RHONDA,40,0,40
1949,VALERIE,299,0,299
1949,VALARIE,9,0,9
1949,TRUDY,26,0,26
1949,TONI,10,0,10
1949,THERESE,30,0,30
1949,THERESA,148,0,148
1949,THELMA,22,0,22
1949,TERRY,225,176,49
1949,TERESA,99,0,99
1949,TANIS,6,0,6
1949,SYLVIA,110,0,110
1949,SYDNEY,30,24,6
1949,SYBIL,8,0,8
1949,SUZETTE,6,0,6
1949,SUZANNE,280,0,280
1949,SUZAN,9,0,9
1949,SUSANNE,86,0,86
1949,VELMA,14,0,14
1949,VERA,34,0,34
1949,VERNA,33,0,33
1949,VERONICA,52,0,52
1949,YVONNE,80,0,80
1949,YVETTE,14,0,14
1949,WINNIFRED,9,0,9
1949,WILMA,16,0,16
1949,WILHELMINA,7,0,7
1949,WILDA,11,0,11
1949,WENDY,419,0,419
1949,WENDOLYN,6,0,6
1949,SUSAN,1388,0,1388
1949,WENDA,7,0,7
1949,VIVIAN,35,0,35
1949,VIRGINIA,116,0,116
1949,VIOLET,34,0,34
1949,VIOLA,18,0,18
1949,VICTORIA,116,0,116
1949,VICKY,8,0,8
1949,VICKIE,10,0,10
1949,VICKI,46,0,46
1949,WANDA,88,0,88
1949,SUE,11,0,11
1949,STEPHANIE,37,0,37
1949,STELLA,19,0,19
1949,SARAH,45,0,45
1949,SARA,12,0,12
1949,SANDRA,847,0,847
1949,SALLY,70,0,70
1949,RUTH,316,0,316
1949,RUBY,26,0,26
1949,ROSLYN,9,0,9
1949,ROSEMARY,145,0,145
1949,SHANNON,19,0,19
1949,ROSEMARIE,28,0,28
1949,ROSE,139,0,139
1949,ROSANNE,10,0,10
1949,ROSALIND,12,0,12
1949,ROSALIE,19,0,19
1949,ROCHELLE,8,0,8
1949,ROBIN,53,39,14
1949,ROBERTA,74,0,74
1949,RITA,91,0,91
1949,ROSE-MARIE,8,0,8
1949,RHODA,11,0,11
1949,SHARLENE,15,0,15
1949,SHARRON,106,0,106
1949,SOPHIE,6,0,6
1949,SONJA,8,0,8
1949,SONIA,7,0,7
1949,SIMONE,10,0,10
1949,SHIRLY,9,0,9
1949,SHIRLEY,496,0,496
1949,SHIRLENE,6,0,6
1949,SHIELA,21,0,21
1949,SHARON,1048,0,1048
1949,SHERYL,35,0,35
1949,SHERRILL,9,0,9
1949,SHERRIE,7,0,7
1949,SHERON,9,0,9
1949,SHELLEY,41,0,41
1949,SHELIA,6,0,6
1949,SHEILA,273,0,273
1949,SHAWN,22,16,6
1949,SHARYN,14,0,14
1949,SHERRY,56,0,56
1949,EVELYN,146,0,146
1949,MARIELLE,6,0,6
1949,MARIANNE,46,0,46
1949,IVA,7,0,7
1949,ISOBEL,12,0,12
1949,ISABELLE,10,0,10
1949,ISABELLA,9,0,9
1949,ISABELL,6,0,6
1949,ISABEL,11,0,11
1949,IRMA,8,0,8
1949,IRIS,25,0,25
1949,IRENE,133,0,133
1949,IONA,6,0,6
1949,INGRID,13,0,13
1949,INFANT,72,49,23
1949,INA,10,0,10
1949,ILENE,7,0,7
1949,IDA,15,0,15
1949,HUGUETTE,8,0,8
1949,HOPE,10,0,10
1949,IVY,6,0,6
1949,JACQUELIN,6,0,6
1949,JACQUELINE,232,0,232
1949,JACQUELYN,12,0,12
1949,JESSIE,21,0,21
1949,JENNIFER,92,0,92
1949,JENNIE,8,0,8
1949,JEANNINE,12,0,12
1949,JEANNETTE,27,0,27
1949,JEANNE,43,0,43
1949,ELI,5,5,0
1949,JEANETTE,54,0,54
1949,HOLLY,7,0,7
1949,JEAN,336,121,215
1949,JAQUELINE,14,0,14
1949,JANIS,116,0,116
1949,JANIE,18,0,18
1949,JANICE,379,0,379
1949,JANETTE,14,0,14
1949,JANET,485,0,485
1949,JANE,323,0,323
1949,JAN,21,11,10
1949,JAYNE,20,0,20
1949,HILDA,32,0,32
1949,HELENE,26,0,26
1949,HELENA,20,0,20
1949,GEORGINA,57,0,57
1949,GEORGIA,16,0,16
1949,GEORGETTE,13,0,13
1949,GAYLE,106,0,106
1949,GAYE,7,0,7
1949,GAY,15,0,15
1949,GALE,38,0,38
1949,GAIL,397,0,397
1949,GERALDINE,78,0,78
1949,FREDA,9,0,9
1949,FRANCIS,198,181,17
1949,FRANCINE,33,0,33
1949,FRANCES,247,5,242
1949,FLORENCE,76,0,76
1949,FLORA,10,0,10
1949,FERN,16,0,16
1949,FAYE,39,0,39
1949,FAY,22,0,22
1949,FRANCOISE,9,0,9
1949,JILL,64,0,64
1949,GERMAINE,7,0,7
1949,GHISLAINE,6,0,6
1949,HELEN,372,0,372
1949,HEATHER,380,0,380
1949,HAZEL,28,0,28
1949,HARRIET,12,0,12
1949,HANNAH,6,0,6
1949,GWENYTH,9,0,9
1949,GWENDOLYN,64,0,64
1949,GWEN,11,0,11
1949,GERTRUDE,27,0,27
1949,GRETA,7,0,7
1949,GOLDIE,6,0,6
1949,GLORIA,252,0,252
1949,GLENNA,26,0,26
1949,GLENDA,59,0,59
1949,GLADYS,29,0,29
1949,GISELE,14,0,14
1949,GINETTE,15,0,15
1949,GILLIAN,16,0,16
1949,GRACE,65,0,65
1949,MARIE,2391,0,2391
1949,JO,9,0,9
1949,JO ANNE,18,0,18
1949,LUBA,6,0,6
1949,LOUISE,142,0,142
1949,LORRAINE,210,0,210
1949,LORNA,90,0,90
1949,LORETTA,41,0,41
1949,LORAINE,19,0,19
1949,LOLA,7,0,7
1949,LOIS,168,0,168
1949,LISE,35,0,35
1949,LISA,7,0,7
1949,LINDA,2755,0,2755
1949,LILY,9,0,9
1949,LILLIAN,108,0,108
1949,LILIAN,13,0,13
1949,LILA,17,0,17
1949,LESLIE,220,135,85
1949,LESLEY,39,0,39
1949,LUCILLE,44,0,44
1949,LUCINDA,8,0,8
1949,LUCY,13,0,13
1949,LYDIA,8,0,8
1949,MARIAN,43,0,43
1949,MARIA,46,0,46
1949,MARGUERITE,52,0,52
1949,MARGRET,25,0,25
1949,MARGOT,10,0,10
1949,MARGO,26,0,26
1949,MARGERY,11,0,11
1949,MARGARET,1119,0,1119
1949,LEONA,40,0,40
1949,MARCIA,39,0,39
1949,MADELINE,32,0,32
1949,MADELEINE,24,0,24
1949,MABEL,20,0,20
1949,LYNNE,121,0,121
1949,LYNN,202,23,179
1949,LYNETTE,6,0,6
1949,LYNDA,491,0,491
1949,LYN,8,0,8
1949,MARCELLA,8,0,8
1949,LENORE,22,0,22
1949,LENORA,8,0,8
1949,LEILA,6,0,6
1949,JUNE,99,0,99
1949,JULIE,52,0,52
1949,JULIANA,6,0,6
1949,JULIA,64,0,64
1949,JUDY,230,0,230
1949,JUDITH,1102,0,1102
1949,JUANITA,8,0,8
1949,JOYCE,191,0,191
1949,KAREN,575,0,575
1949,JOY,45,0,45
1949,JOHANNA,16,0,16
1949,JOCELYN,6,0,6
1949,JOANNE,286,0,286
1949,JOANNA,15,0,15
1949,JOANN,19,0,19
1949,JOAN,435,0,435
1949,JO-ANNE,74,0,74
1949,JO-ANN,43,0,43
1949,JOSEPHINE,37,0,37
1949,JO ANN,14,0,14
1949,KARIN,8,0,8
1949,KATHERINE,161,0,161
1949,LEE,49,24,25
1949,LEAH,6,0,6
1949,LEA,8,0,8
1949,LAURIE,57,18,39
1949,LAURETTA,8,0,8
1949,LAURENE,8,0,8
1949,LAUREN,13,0,13
1949,LAUREL,21,0,21
1949,KATHARINE,24,0,24
1949,LAUREEN,11,0,11
1949,LANA,34,0,34
1949,KRYSTYNA,6,0,6
1949,KRISTINE,12,0,12
1949,KERRY,30,20,10
1949,KATHY,16,0,16
1949,KATHRYN,252,0,252
1949,KATHRINE,6,0,6
1949,KATHLEEN,339,0,339
1949,LAURA,111,0,111
1949,ELLIOT,5,5,0
1949,ALEXANDRA,9,0,9
1949,ELMER,15,15,0
1949,NORMAND,12,12,0
1949,OLIVER,12,12,0
1949,ORVAL,13,13,0
1949,ORVILLE,8,8,0
1949,OWEN,11,11,0
1949,PATRIC,7,7,0
1949,PATRICK,316,316,0
1949,PAUL,1058,1058,0
1949,PERCY,16,16,0
1949,PERRY,16,16,0
1949,PETER,765,765,0
1949,PHILIP,221,221,0
1949,PHILLIP,94,94,0
1949,PIERRE,28,28,0
1949,RAE,6,6,0
1949,RALPH,151,151,0
1949,RAND,5,5,0
1949,RHEAL,12,12,0
1949,REX,6,6,0
1949,RENE,39,39,0
1949,REMI,9,9,0
1949,REJEAN,11,11,0
1949,REID,8,8,0
1949,NORMAN,263,263,0
1949,REGINALD,95,95,0
1949,RAYMOND,399,399,0
1949,RAY,32,32,0
1949,RANDY,55,55,0
1949,RANDOLPH,58,58,0
1949,RANDALL,88,88,0
1949,RANDAL,16,16,0
1949,REAL,7,7,0
1949,RICHARD,1501,1501,0
1949,NORBERT,6,6,0
1949,NICKOLAS,11,11,0
1949,MARTIN,98,98,0
1949,MARVIN,37,37,0
1949,MATHEW,9,9,0
1949,MATTHEW,13,13,0
1949,MAURICE,64,64,0
1949,MAX,10,10,0
1949,MELVILLE,14,14,0
1949,MELVIN,50,50,0
1949,MELVYN,6,6,0
1949,MERVIN,22,22,0
1949,MERVYN,13,13,0
1949,MICHAEL,1320,1320,0
1949,MICHEAL,90,90,0
1949,MICHEL,61,61,0
1949,MIKE,5,5,0
1949,MILES,5,5,0
1949,MILTON,19,19,0
1949,NICHOLAS,35,35,0
1949,NEW,5,5,0
1949,NELSON,28,28,0
1949,NEIL,135,135,0
1949,NEAL,15,15,0
1949,MYRON,6,6,0
1949,NOEL,16,16,0
1949,MYLES,9,9,0
1949,MURRAY,192,192,0
1949,MORRIS,27,27,0
1949,MORLEY,17,17,0
1949,MORGAN,6,6,0
1949,MONTE,6,6,0
1949,MITCHELL,10,10,0
1949,MURRY,8,8,0
1949,MARTEN,5,5,0
1949,RICKEY,19,19,0
1949,RICKY,14,14,0
1949,TEDDY,12,12,0
1949,TERANCE,6,6,0
1949,TERENCE,78,78,0
1949,TERRANCE,151,151,0
1949,TERRENCE,127,127,0
1949,THEODORE,46,46,0
1949,THOMAS,1015,1015,0
1949,TIMOTHY,179,179,0
1949,TOM,8,8,0
1949,TOMMY,5,5,0
1949,TREVOR,13,13,0
1949,VANCE,5,5,0
1949,VAUGHN,10,10,0
1949,VERNON,38,38,0
1949,VICTOR,105,105,0
1949,VINCENT,52,52,0
1949,WALLACE,27,27,0
1949,ELLIOTT,6,6,0
1949,YVON,14,14,0
1949,WRAY,6,6,0
1949,WILLIS,11,11,0
1949,WILLIAM,2344,2344,0
1949,WILLARD,6,6,0
1949,TED,13,13,0
1949,WILFRID,8,8,0
1949,WILBERT,13,13,0
1949,WESLEY,37,37,0
1949,WELDON,5,5,0
1949,WAYNE,662,662,0
1949,WARREN,68,68,0
1949,WALTER,151,151,0
1949,WILFRED,56,56,0
1949,RICKIE,6,6,0
1949,STUART,44,44,0
1949,STEVEN,213,213,0
1949,ROBERT,3242,3242,0
1949,ROBERT-JAMES,5,5,0
1949,RODERICK,51,51,0
1949,RODGER,30,30,0
1949,RODNEY,85,85,0
1949,ROGER,235,235,0
1949,ROLAND,45,45,0
1949,ROLLAND,10,10,0
1949,ROMAN,6,6,0
1949,ROMEO,6,6,0
1949,RONALD,1205,1205,0
1949,RONNIE,17,17,0
1949,ROSS,146,146,0
1949,ROY,199,199,0
1949,ROYDEN,8,8,0
1949,RUSSEL,20,20,0
1949,RUSSELL,103,103,0
1949,STEVE,11,11,0
1949,STERLING,7,7,0
1949,STEPHEN,538,538,0
1949,STEPHAN,8,8,0
1949,STANLEY,161,161,0
1949,SPENCER,6,6,0
1949,STEWART,50,50,0
1949,SIMON,5,5,0
1949,SHERMAN,5,5,0
1949,SHELDON,34,34,0
1949,SHAUN,8,8,0
1949,SEAN,7,7,0
1949,SCOTT,35,35,0
1949,SAMUEL,63,63,0
1949,SIDNEY,28,28,0
1949,MARSHALL,14,14,0
1949,TONY,7,7,0
1949,MARCEL,57,57,0
1949,GERALD,526,526,0
1949,GERARD,56,56,0
1949,GERRY,8,8,0
1949,GILBERT,36,36,0
1949,GILES,7,7,0
1949,GILLE,5,5,0
1949,GILLES,24,24,0
1949,GLEN,151,151,0
1949,GLENDON,6,6,0
1949,GLENN,162,162,0
1949,GORDON,593,593,0
1949,GRAEME,5,5,0
1949,GRAHAM,37,37,0
1949,GRANT,89,89,0
1949,GRAYDON,7,7,0
1949,GREGG,11,11,0
1949,GREGORY,304,304,0
1949,HUGH,106,106,0
1949,HUBERT,12,12,0
1949,HOWARD,173,173,0
1949,HERMAN,6,6,0
1949,HERBERT,66,66,0
1949,HENRY,109,109,0
1949,GEORGES,7,7,0
1949,HENRI,14,14,0
1949,HARVEY,78,78,0
1949,HARRY,159,159,0
1949,HARRIS,5,5,0
1949,HAROLD,215,215,0
1949,HARLEY,5,5,0
1949,GUY,58,58,0
1949,HECTOR,7,7,0
1949,IAN,162,162,0
1949,GEORGE,723,723,0
1949,GENE,20,20,0
1949,ELWOOD,11,11,0
1949,MARK,170,170,0
1949,EMERSON,5,5,0
1949,EMILE,10,10,0
1949,ERIC,168,168,0
1949,ERIK,9,9,0
1949,ERLE,5,5,0
1949,ERNEST,130,130,0
1949,ERROL,7,7,0
1949,EUGENE,64,64,0
1949,EVAN,6,6,0
1949,EVERETT,12,12,0
1949,FLOYD,17,17,0
1949,FRANCOIS,15,15,0
1949,FRANK,157,157,0
1949,FRANKLIN,33,33,0
1949,FRASER,9,9,0
1949,GAVIN,7,7,0
1949,GASTON,9,9,0
1949,GARY,697,697,0
1949,GARTH,25,25,0
1949,GARRY,223,223,0
1949,GARNET,38,38,0
1949,GEOFFREY,28,28,0
1949,GARFIELD,16,16,0
1949,GABRIEL,7,7,0
1949,FREDRICK,65,65,0
1949,FREDRIC,7,7,0
1949,FREDERICK,265,265,0
1949,FREDERIC,12,12,0
1949,FRED,28,28,0
1949,GAETAN,14,14,0
1949,IRVING,5,5,0
1949,FERNAND,20,20,0
1949,ISAAC,6,6,0
1949,KIETH,7,7,0
1949,KIM,13,13,0
1949,KIRK,16,16,0
1949,KURT,7,7,0
1949,LANCE,10,10,0
1949,LANNY,7,7,0
1949,LARRY,651,651,0
1949,LAURENCE,35,35,0
1949,LAURENT,22,22,0
1949,LAVERNE,13,13,0
1949,LAWRENCE,369,369,0
1949,LEIGH,9,9,0
1949,LENARD,23,23,0
1949,LEO,76,76,0
1949,LEON,27,27,0
1949,LEONARD,205,205,0
1949,LEROY,9,9,0
1949,MALCOM,6,6,0
1949,IRWIN,9,9,0
1949,MARC,27,27,0
1949,MALCOLM,55,55,0
1949,LYLE,48,48,0
1949,LUIGI,5,5,0
1949,KEVIN,72,72,0
1949,LUCIEN,10,10,0
1949,LOUIE,6,6,0
1949,LORNE,120,120,0
1949,LLOYD,133,133,0
1949,LIONEL,21,21,0
1949,LEWIS,18,18,0
1949,LESTER,11,11,0
1949,LOWELL,6,6,0
1949,KENT,13,13,0
1949,LOUIS,68,68,0
1949,KENETH,5,5,0
1949,JEREMIAH,5,5,0
1949,JERALD,9,9,0
1949,JEFFREY,74,74,0
1949,JEFFERY,10,10,0
1949,JEAN-PIERRE,5,5,0
1949,JEAN-GUY,7,7,0
1949,JEROME,31,31,0
1949,JAY,21,21,0
1949,JACOB,14,14,0
1949,JACKIE,12,12,0
1949,IVAN,46,46,0
1949,JACK,99,99,0
1949,KENNETH,1044,1044,0
1949,J,13,13,0
1949,JAMES,2168,2168,0
1949,JERRY,62,62,0
1949,JACQUES,31,31,0
1949,JIMMIE,7,7,0
1949,JESSE,5,5,0
1949,JULIEN,8,8,0
1949,JOSEPHE,8,8,0
1949,JOSEPH,2980,2980,0
1949,JONATHAN,19,19,0
1949,JON,31,31,0
1949,JOHNNY,16,16,0
1949,JOS,30,30,0
1949,JOESPH,9,9,0
1949,JIMMY,15,15,0
1949,JOEL,34,34,0
1949,JOHN,3308,3308,0
1949,KARL,33,33,0
1949,KEITH,235,235,0
1949,JOHANNES,9,9,0
1950,HUGUETTE,6,0,6
1950,INEZ,9,0,9
1950,INFANT,72,54,18
1950,INGRID,8,0,8
1950,ILENE,6,0,6
1950,IRENA,12,0,12
1950,IRENE,186,0,186
1950,IRIS,20,0,20
1950,IRMA,10,0,10
1950,ISABEL,19,0,19
1950,ISABELLA,7,0,7
1950,IDA,23,0,23
1950,JACQUELYN,19,0,19
1950,ISOBEL,6,0,6
1950,IVA,7,0,7
1950,JACALYN,8,0,8
1950,JACQUELINE,179,0,179
1950,JAN,21,14,7
1950,JANE,370,0,370
1950,JANET,545,0,545
1950,JANETTE,19,0,19
1950,HOLLY,13,0,13
1950,JANICE,508,0,508
1950,JANINE,7,0,7
1950,JANIE,12,0,12
1950,ISABELLE,18,0,18
1950,HILDA,15,0,15
1950,GLENNA,30,0,30
1950,HELENE,20,0,20
1950,GAYE,20,0,20
1950,GAYLE,80,0,80
1950,JANIS,92,0,92
1950,GENEVIEVE,8,0,8
1950,GEORGETTE,8,0,8
1950,GEORGIA,10,0,10
1950,GEORGINA,52,0,52
1950,GERALDINE,79,0,79
1950,GERMAINE,6,0,6
1950,GERTRUDE,33,0,33
1950,GILLIAN,12,0,12
1950,GISELE,23,0,23
1950,HILARY,6,0,6
1950,GLADYS,36,0,36
1950,GLORIA,223,0,223
1950,GRACE,61,0,61
1950,GRETA,6,0,6
1950,GWEN,6,0,6
1950,GWENDOLYN,70,0,70
1950,GWENNETH,6,0,6
1950,HALINA,8,0,8
1950,HARRIET,18,0,18
1950,HAZEL,36,0,36
1950,HEATHER,421,0,421
1950,HELEN,363,0,363
1950,HELENA,19,0,19
1950,GLENDA,56,0,56
1950,JAQUELINE,9,0,9
1950,JUDY,230,0,230
1950,JEAN,290,87,203
1950,JULIA,54,0,54
1950,JULIANNE,6,0,6
1950,JULIE,36,0,36
1950,JUNE,115,0,115
1950,KAREN,650,0,650
1950,KARIN,9,0,9
1950,KARON,11,0,11
1950,KATHARINE,43,0,43
1950,KATHELEEN,8,0,8
1950,KATHERINE,214,0,214
1950,KATHLEEN,302,0,302
1950,KATHRINE,9,0,9
1950,JUDITH,997,0,997
1950,KATHRYN,294,0,294
1950,KATHY,18,0,18
1950,KAY,9,0,9
1950,KERRY,37,14,23
1950,KRISTINE,6,0,6
1950,KRYSTYNA,8,0,8
1950,LANA,24,0,24
1950,LAURA,149,0,149
1950,LAURAINE,6,0,6
1950,LAUREEN,8,0,8
1950,LAUREL,35,0,35
1950,GAY,15,0,15
1950,LAUREN,11,0,11
1950,KATHRYNE,8,0,8
1950,JAYNE,10,0,10
1950,JOYCE,218,0,218
1950,JOSEPHINE,41,0,41
1950,JEANETTE,53,0,53
1950,JEANINE,6,0,6
1950,JEANNE,46,0,46
1950,JEANNETTE,34,0,34
1950,JEANNIE,8,0,8
1950,JEANNINE,22,0,22
1950,JENNIE,7,0,7
1950,JENNIFER,108,0,108
1950,JENNY,9,0,9
1950,JESSICA,7,0,7
1950,JESSIE,28,0,28
1950,JILL,49,0,49
1950,JOY,37,0,37
1950,JO,8,0,8
1950,JO ANNE,16,0,16
1950,JO-ANN,61,0,61
1950,JO-ANNE,77,0,77
1950,JOAN,460,0,460
1950,JOANN,29,0,29
1950,JOANNA,17,0,17
1950,JOANNE,303,0,303
1950,JOCELYN,11,0,11
1950,JOCELYNE,10,0,10
1950,JODY,7,0,7
1950,JOHANNA,11,0,11
1950,JOHANNE,7,0,7
1950,JO ANN,17,0,17
1950,GALE,61,0,61
1950,DARLEEN,13,0,13
1950,FREDA,13,0,13
1950,CLAUDETTE,39,0,39
1950,CLAUDIA,24,0,24
1950,COLEEN,24,0,24
1950,COLETTE,20,0,20
1950,COLLEEN,146,0,146
1950,CONNIE,36,0,36
1950,CONSTANCE,153,0,153
1950,CORA,8,0,8
1950,COREEN,9,0,9
1950,CORINNE,25,0,25
1950,CORRINE,7,0,7
1950,CRYSTAL,6,0,6
1950,CLARE,22,13,9
1950,CYNTHIA,103,0,103
1950,DALE,193,109,84
1950,DANA,32,18,14
1950,DANIELLE,6,0,6
1950,DANUTA,6,0,6
1950,DAPHNE,17,0,17
1950,DARLA,12,0,12
1950,DARLENE,228,0,228
1950,DARLINE,6,0,6
1950,DAWN,66,0,66
1950,DAWNA,6,0,6
1950,DEANNA,16,0,16
1950,DEBORA,17,0,17
1950,DAISY,7,0,7
1950,DEBORAH,517,0,517
1950,CLARA,28,0,28
1950,CINDY,11,0,11
1950,LAURIE,59,16,43
1950,CAROLYNN,10,0,10
1950,CAROLYNNE,7,0,7
1950,CARRIE,6,0,6
1950,CARROL,16,0,16
1950,CARROLL,8,0,8
1950,CATHARINE,78,0,78
1950,CATHERINE,709,0,709
1950,CATHIE,8,0,8
1950,CATHRINE,7,0,7
1950,CATHRYN,16,0,16
1950,CATHY,36,0,36
1950,CLAIRE,37,0,37
1950,CECELIA,7,0,7
1950,CECILIA,14,0,14
1950,CELIA,8,0,8
1950,CHARLENE,48,0,48
1950,CHARLOTTE,76,0,76
1950,CHARMAINE,10,0,10
1950,CHERIE,7,0,7
1950,CHERYL,315,0,315
1950,CHERYLE,14,0,14
1950,CHRISTENA,12,0,12
1950,CHRISTIE,8,0,8
1950,CHRISTINA,72,0,72
1950,CHRISTINE,273,0,273
1950,CECILE,18,0,18
1950,GAIL,355,0,355
1950,DEBORRAH,6,0,6
1950,DEBRAH,6,0,6
1950,ELLA,10,0,10
1950,ELLEN,127,0,127
1950,ELSIE,24,0,24
1950,ELVA,9,0,9
1950,EMILY,27,0,27
1950,ERICA,7,0,7
1950,ERIN,9,0,9
1950,ERLA,6,0,6
1950,ESTELLE,8,0,8
1950,ESTER,8,0,8
1950,ESTHER,39,0,39
1950,ETHEL,35,0,35
1950,ELIZEBETH,15,0,15
1950,EUNICE,7,0,7
1950,EVELYN,123,0,123
1950,FAITH,21,0,21
1950,FAY,21,0,21
1950,FAYE,47,0,47
1950,FEMALE,9,0,9
1950,FERN,25,0,25
1950,FLORA,6,0,6
1950,FLORENCE,68,0,68
1950,FRANCES,217,8,209
1950,FRANCINE,28,0,28
1950,FRANCIS,205,183,22
1950,FRANCOISE,13,0,13
1950,EVA,54,0,54
1950,DEBRA,64,0,64
1950,ELIZABETH,709,0,709
1950,ELISABETH,14,0,14
1950,DELLA,8,0,8
1950,DELORES,7,0,7
1950,DENISE,108,0,108
1950,DIAN,10,0,10
1950,DIANA,193,0,193
1950,DIANE,519,0,519
1950,DIANNA,37,0,37
1950,DIANNE,296,0,296
1950,DOLORES,26,0,26
1950,DONA,16,0,16
1950,DONALDA,8,0,8
1950,DONELDA,6,0,6
1950,ELISE,6,0,6
1950,DONNA,894,0,894
1950,DOREEN,106,0,106
1950,DORIS,102,0,102
1950,DOROTHY,252,0,252
1950,EDITH,72,0,72
1950,EDNA,43,0,43
1950,EDWINA,6,0,6
1950,EDYTHE,6,0,6
1950,EILEEN,63,0,63
1950,ELAINE,228,0,228
1950,ELEANOR,99,0,99
1950,ELENA,7,0,7
1950,ELINOR,6,0,6
1950,DORA,14,0,14
1950,LEAH,20,0,20
1950,PIERRETTE,7,0,7
1950,LEANNE,6,0,6
1950,ROBIN,83,57,26
1950,ROCHELLE,14,0,14
1950,ROSALIE,16,0,16
1950,ROSALIND,16,0,16
1950,ROSALYN,9,0,9
1950,ROSANNE,15,0,15
1950,ROSE,136,0,136
1950,ROSE-MARIE,10,0,10
1950,ROSEANN,12,0,12
1950,ROSEANNE,7,0,7
1950,ROSEMARIE,25,0,25
1950,ROSEMARY,155,0,155
1950,ROBERTA,65,0,65
1950,ROSLYN,12,0,12
1950,RUBY,31,0,31
1950,RUTH,314,0,314
1950,SALLY,86,0,86
1950,SANDRA,788,0,788
1950,SARA,19,0,19
1950,SARAH,43,0,43
1950,SHANNON,12,0,12
1950,SHAREN,11,0,11
1950,SHARI,17,0,17
1950,SHARLEEN,7,0,7
1950,SHARLENE,8,0,8
1950,SHARON,920,0,920
1950,ROXANNE,11,0,11
1950,SHARRON,67,0,67
1950,RITA,113,0,113
1950,RHONA,8,0,8
1950,PAMELA,270,0,270
1950,PATRICA,40,0,40
1950,PATRICIA,1303,0,1303
1950,PATSY,25,0,25
1950,PATTI,9,0,9
1950,PAULA,76,0,76
1950,PAULETTE,52,0,52
1950,PAULINE,138,0,138
1950,PEARL,15,0,15
1950,PEGGY,74,0,74
1950,PENELOPE,60,0,60
1950,PENNIE,9,0,9
1950,RHONDA,50,0,50
1950,PENNY,79,0,79
1950,PHYLLIS,113,0,113
1950,CAROLYNE,6,0,6
1950,PRISCILLA,9,0,9
1950,RACHEL,12,0,12
1950,RACHELLE,13,0,13
1950,RAMONA,6,0,6
1950,RAYMONDE,6,0,6
1950,REBECCA,44,0,44
1950,REGINA,11,0,11
1950,RENA,12,0,12
1950,RETA,14,0,14
1950,RHODA,9,0,9
1950,PHYLIS,6,0,6
1950,OLIVE,12,0,12
1950,SHEILA,235,0,235
1950,SHELLEY,70,0,70
1950,TONI,8,0,8
1950,TRUDY,56,0,56
1950,VALARIE,11,0,11
1950,VALERIE,256,0,256
1950,VELMA,14,0,14
1950,VERA,30,0,30
1950,VERNA,36,0,36
1950,VERONICA,38,0,38
1950,VICKI,38,0,38
1950,VICKIE,23,0,23
1950,VICKY,8,0,8
1950,VICTORIA,103,0,103
1950,THERESE,33,0,33
1950,VIDA,6,0,6
1950,VIOLET,33,0,33
1950,VIRGINIA,122,0,122
1950,VIVIAN,59,0,59
1950,WANDA,113,0,113
1950,WENDA,18,0,18
1950,WENDOLYN,6,0,6
1950,WENDY,516,0,516
1950,WILHELMINA,6,0,6
1950,WILMA,21,0,21
1950,WINNIFRED,19,0,19
1950,YVETTE,13,0,13
1950,YVONNE,83,0,83
1950,VIOLA,12,0,12
1950,SHELIA,9,0,9
1950,THERESA,147,0,147
1950,TERRY,234,179,55
1950,SHELLY,7,0,7
1950,SHERON,9,0,9
1950,SHERRIE,8,0,8
1950,SHERRILL,11,0,11
1950,SHERRY,51,0,51
1950,SHERYL,30,0,30
1950,SHIELA,11,0,11
1950,SHIRLEY,548,0,548
1950,SHIRLY,8,0,8
1950,SONIA,9,0,9
1950,SONJA,6,0,6
1950,SONYA,6,0,6
1950,THELMA,18,0,18
1950,SOPHIE,6,0,6
1950,STEPHANIE,41,0,41
1950,SUE,14,0,14
1950,SUSAN,1472,0,1472
1950,SUSANE,6,0,6
1950,SUSANN,6,0,6
1950,SUSANNA,7,0,7
1950,SUSANNE,62,0,62
1950,SUZAN,7,0,7
1950,SUZANNE,249,0,249
1950,SYDNEY,22,15,7
1950,SYLVIA,97,0,97
1950,TERESA,87,0,87
1950,STELLA,21,0,21
1950,OLGA,18,0,18
1950,NOT,30,16,14
1950,NORMA,132,0,132
1950,LUCILLE,54,0,54
1950,LUCINDA,9,0,9
1950,LUCY,18,0,18
1950,LYDIA,18,0,18
1950,LYN,7,0,7
1950,LYNDA,460,0,460
1950,LYNETTE,6,0,6
1950,LYNN,235,22,213
1950,LYNNE,111,0,111
1950,M,6,0,6
1950,MABEL,15,0,15
1950,MADELEINE,24,0,24
1950,LUCIA,9,0,9
1950,MADELINE,26,0,26
1950,MARCIA,61,0,61
1950,MARGARET,1114,0,1114
1950,MARGARETE,6,0,6
1950,MARGERY,8,0,8
1950,MARGO,35,0,35
1950,MARGOT,17,0,17
1950,MARGRET,23,0,23
1950,MARGUERITE,37,0,37
1950,MARI,6,0,6
1950,MARIA,60,0,60
1950,MARIAN,47,0,47
1950,MARIANNE,35,0,35
1950,MAE,8,0,8
1950,MARIE,2408,0,2408
1950,LOUISE,145,0,145
1950,LORNA,89,0,89
1950,LEE,50,27,23
1950,LEILA,8,0,8
1950,LENA,12,0,12
1950,LENORA,11,0,11
1950,LENORE,16,0,16
1950,LEONA,33,0,33
1950,LEONE,7,0,7
1950,LESIA,11,0,11
1950,LESLEE,6,0,6
1950,LESLEY,39,0,39
1950,LESLIE,214,137,77
1950,LILA,14,0,14
1950,LORRAINE,171,0,171
1950,LILIAN,8,0,8
1950,LILLY,7,0,7
1950,LILY,12,0,12
1950,LINDA,2378,0,2378
1950,LINDA-LEE,6,0,6
1950,LINDSAY,19,10,9
1950,LISA,11,0,11
1950,LISE,29,0,29
1950,LOIS,193,0,193
1950,LORA,10,0,10
1950,LORAINE,28,0,28
1950,LORENE,6,0,6
1950,LORETTA,31,0,31
1950,LILLIAN,79,0,79
1950,MARILYN,493,0,493
1950,MARILYNN,15,0,15
1950,MARINA,6,0,6
1950,MICHELINE,8,0,8
1950,MICHELLE,39,0,39
1950,MILDRED,31,0,31
1950,MIRIAM,17,0,17
1950,MOIRA,17,0,17
1950,MOLLY,6,0,6
1950,MONA,19,0,19
1950,MONICA,35,0,35
1950,MONIQUE,17,0,17
1950,MURIEL,56,0,56
1950,MYRA,10,0,10
1950,MYRNA,27,0,27
1950,MICHELE,38,0,38
1950,MYRTLE,8,0,8
1950,NANCEY,7,0,7
1950,NANCY,954,0,954
1950,NAOMI,13,0,13
1950,NATALIE,6,0,6
1950,NELLIE,11,0,11
1950,NICOLE,38,0,38
1950,NINA,15,0,15
1950,NOELLA,10,0,10
1950,NONA,6,0,6
1950,NORA,39,0,39
1950,NORAH,17,0,17
1950,NOREEN,29,0,29
1950,NADINE,16,0,16
1950,MERLE,21,11,10
1950,MEREDITH,7,0,7
1950,MELVA,6,0,6
1950,MARION,169,0,169
1950,MARJORIE,116,0,116
1950,MARJORY,12,0,12
1950,MARLA,11,0,11
1950,MARLAINE,8,0,8
1950,MARLEEN,6,0,6
1950,MARLENE,224,0,224
1950,MARLYN,18,0,18
1950,MARSHA,85,0,85
1950,MARTA,8,0,8
1950,MARTHA,103,0,103
1950,MARTHE,6,0,6
1950,MARY,2425,0,2425
1950,MARY-ANN,9,0,9
1950,MARY-ANNE,11,0,11
1950,MARY-LOU,7,0,7
1950,MARYANN,17,0,17
1950,MARYANNE,11,0,11
1950,MARYLOU,22,0,22
1950,MAUREEN,257,0,257
1950,MAVIS,16,0,16
1950,MAXINE,26,0,26
1950,MAY,13,0,13
1950,MEGAN,9,0,9
1950,MELANIE,21,0,21
1950,MELINDA,9,0,9
1950,MELODY,18,0,18
1950,LEANNA,6,0,6
1950,CAROLYN,261,0,261
1950,RONNIE,15,15,0
1950,CAROLE,48,0,48
1950,GARTH,18,18,0
1950,GARY,922,922,0
1950,GASTON,6,6,0
1950,GENE,12,12,0
1950,GEOFFREY,47,47,0
1950,GEORGE,703,703,0
1950,GERALD,472,472,0
1950,GERARD,55,55,0
1950,GERRARD,5,5,0
1950,GERRIT,5,5,0
1950,GERRY,13,13,0
1950,GILBERT,45,45,0
1950,GILLES,17,17,0
1950,GLEN,216,216,0
1950,GLENN,162,162,0
1950,GORDEN,8,8,0
1950,GORDON,520,520,0
1950,GRAEME,11,11,0
1950,GRAHAM,56,56,0
1950,GRANT,87,87,0
1950,GREGG,12,12,0
1950,GREGORY,363,363,0
1950,GREIG,7,7,0
1950,GUY,53,53,0
1950,HANS,5,5,0
1950,GARRY,223,223,0
1950,GARNET,32,32,0
1950,GARFIELD,14,14,0
1950,GAETAN,7,7,0
1950,EDWARD,596,596,0
1950,EDWIN,51,51,0
1950,ELDON,23,23,0
1950,ELGIN,9,9,0
1950,ELIAS,5,5,0
1950,ELMER,18,18,0
1950,ELWOOD,6,6,0
1950,EMILE,8,8,0
1950,ERIC,202,202,0
1950,ERNEST,116,116,0
1950,EUGENE,62,62,0
1950,EVAN,9,9,0
1950,HARLEY,10,10,0
1950,EVERETT,8,8,0
1950,FERGUS,5,5,0
1950,FERNAND,13,13,0
1950,FLOYD,25,25,0
1950,FRANCOIS,14,14,0
1950,FRANK,184,184,0
1950,FRANKLIN,47,47,0
1950,FRANKLYN,5,5,0
1950,FRASER,7,7,0
1950,FRED,16,16,0
1950,FREDERIC,11,11,0
1950,FREDERICK,287,287,0
1950,FREDRICK,82,82,0
1950,FELIX,5,5,0
1950,HAROLD,215,215,0
1950,HARRY,153,153,0
1950,HARTLEY,5,5,0
1950,JEROME,26,26,0
1950,JERROLD,5,5,0
1950,JERRY,73,73,0
1950,JIM,6,6,0
1950,JIMMIE,6,6,0
1950,JIMMY,12,12,0
1950,JOE,5,5,0
1950,JOEL,17,17,0
1950,JOESPH,7,7,0
1950,JOHANNES,8,8,0
1950,JOHN,3243,3243,0
1950,JOHNNIE,7,7,0
1950,JEREMY,6,6,0
1950,JOHNNY,27,27,0
1950,JONATHAN,28,28,0
1950,JOS,28,28,0
1950,JOSEPH,3137,3137,0
1950,CAROLINE,73,0,73
1950,KARL,35,35,0
1950,KEITH,220,220,0
1950,KELVIN,6,6,0
1950,KENETH,5,5,0
1950,KENNETH,1000,1000,0
1950,KENT,18,18,0
1950,KEVIN,76,76,0
1950,KIETH,5,5,0
1950,JON,29,29,0
1950,EDMUND,13,13,0
1950,JEFFREY,87,87,0
1950,JEAN-PAUL,6,6,0
1950,HARVEY,78,78,0
1950,HECTOR,5,5,0
1950,HENRI,12,12,0
1950,HENRY,91,91,0
1950,HERBERT,75,75,0
1950,HERMAN,9,9,0
1950,HOMER,5,5,0
1950,HOWARD,134,134,0
1950,HUBERT,16,16,0
1950,HUGH,82,82,0
1950,IAN,183,183,0
1950,IHOR,7,7,0
1950,JEFFERY,16,16,0
1950,IRVIN,6,6,0
1950,IRWIN,6,6,0
1950,ISAAC,7,7,0
1950,IVAN,43,43,0
1950,J,15,15,0
1950,JACK,127,127,0
1950,JACKIE,14,14,0
1950,JACOB,15,15,0
1950,JACQUE,5,5,0
1950,JACQUES,36,36,0
1950,JAMES,2159,2159,0
1950,JAY,15,15,0
1950,JEAN-GUY,6,6,0
1950,IRVING,8,8,0
1950,EDMOND,8,8,0
1950,EDGAR,25,25,0
1950,EDDY,7,7,0
1950,BERNARD,94,94,0
1950,BERT,10,10,0
1950,BILL,5,5,0
1950,BILLY,6,6,0
1950,BLAINE,7,7,0
1950,BLAIR,13,13,0
1950,BLAKE,20,20,0
1950,BOB,9,9,0
1950,BOBBY,6,6,0
1950,BOHDAN,16,16,0
1950,BOY,5,5,0
1950,BRADFORD,11,11,0
1950,BENJAMIN,24,24,0
1950,BRADLEY,62,62,0
1950,BRIAN,1139,1139,0
1950,BRIEN,8,8,0
1950,BROCK,7,7,0
1950,BRUCE,517,517,0
1950,BRYAN,136,136,0
1950,BRYCE,7,7,0
1950,BRYON,20,20,0
1950,BURTON,6,6,0
1950,BYRON,15,15,0
1950,CALVIN,27,27,0
1950,CAMERON,31,31,0
1950,CAMPBELL,5,5,0
1950,BRENT,39,39,0
1950,CARL,121,121,0
1950,BASIL,8,8,0
1950,BARRY,339,339,0
1950,AARON,11,11,0
1950,ADRIAN,12,12,0
1950,ALAN,249,249,0
1950,ALBERT,166,166,0
1950,ALEC,10,10,0
1950,ALEX,22,22,0
1950,ALEXANDER,133,133,0
1950,ALFRED,86,86,0
1950,ALLAN,354,354,0
1950,ALLEN,122,122,0
1950,ALVIN,36,36,0
1950,AMOS,5,5,0
1950,BARTON,7,7,0
1950,ANDRE,34,34,0
1950,ANGELO,9,9,0
1950,ANGUS,13,13,0
1950,ANTHONY,101,101,0
1950,ARCHIBALD,8,8,0
1950,ARCHIE,10,10,0
1950,ARDEN,6,6,0
1950,ARMAND,9,9,0
1950,ARNOLD,41,41,0
1950,ARTHUR,190,190,0
1950,AURELE,5,5,0
1950,AUSTIN,9,9,0
1950,BARRIE,15,15,0
1950,ANDREW,166,166,0
1950,KIM,9,9,0
1950,CARMAN,9,9,0
1950,CECIL,45,45,0
1950,DARWIN,10,10,0
1950,DARYL,16,16,0
1950,DAVE,6,6,0
1950,DAVID,2433,2433,0
1950,DEAN,44,44,0
1950,DELBERT,14,14,0
1950,DELMER,6,6,0
1950,DENIS,88,88,0
1950,DENNIS,489,489,0
1950,DENTON,5,5,0
1950,DEREK,36,36,0
1950,DERRICK,7,7,0
1950,DARRYL,29,29,0
1950,DESMOND,7,7,0
1950,DOMINIC,5,5,0
1950,DON,10,10,0
1950,DONALD,1351,1351,0
1950,DOUGLAS,1003,1003,0
1950,DREW,5,5,0
1950,DUANE,9,9,0
1950,DUNCAN,34,34,0
1950,DWAYNE,11,11,0
1950,DWIGHT,38,38,0
1950,EARL,89,89,0
1950,EARLE,7,7,0
1950,EDDIE,9,9,0
1950,DIRK,6,6,0
1950,CARSON,9,9,0
1950,DARRELL,16,16,0
1950,D'ARCY,7,7,0
1950,CHARLES,570,570,0
1950,CHESTER,7,7,0
1950,CHRIS,9,9,0
1950,CHRISTIAN,5,5,0
1950,CHRISTOPHER,209,209,0
1950,CLARENCE,52,52,0
1950,CLARK,15,15,0
1950,CLAUDE,59,59,0
1950,CLAYTON,25,25,0
1950,CLEMENT,5,5,0
1950,CLIFFORD,120,120,0
1950,CLIFTON,6,6,0
1950,DARREL,15,15,0
1950,CLINTON,11,11,0
1950,CLYDE,13,13,0
1950,COLIN,56,56,0
1950,CONRAD,10,10,0
1950,CRAIG,65,65,0
1950,CURTIS,8,8,0
1950,CYRIL,9,9,0
1950,DALTON,11,11,0
1950,DAN,17,17,0
1950,DANIAL,8,8,0
1950,DANIEL,555,555,0
1950,DANNY,100,100,0
1950,DARCY,6,6,0
1950,CLIVE,8,8,0
1950,KIRK,33,33,0
1950,JOSEPHE,9,9,0
1950,LANCE,11,11,0
1950,THOMAS,1007,1007,0
1950,TIMOTHY,192,192,0
1950,TOMMY,7,7,0
1950,TONY,8,8,0
1950,TREVOR,22,22,0
1950,UNNAMED,6,6,0
1950,VAUGHN,5,5,0
1950,VERN,5,5,0
1950,VERNON,46,46,0
1950,VICTOR,89,89,0
1950,VINCENT,49,49,0
1950,WALLACE,35,35,0
1950,THEODORE,45,45,0
1950,WALTER,184,184,0
1950,WAYNE,638,638,0
1950,WENDELL,5,5,0
1950,WESLEY,42,42,0
1950,WILBERT,10,10,0
1950,WILFRED,48,48,0
1950,WILFRID,8,8,0
1950,WILLARD,18,18,0
1950,WILLIAM,2268,2268,0
1950,WILSON,9,9,0
1950,YVON,11,11,0
1950,ZENON,6,6,0
1950,ADA,10,0,10
1950,WARREN,75,75,0
1950,ADELE,23,0,23
1950,THEADORE,6,6,0
1950,TERRANCE,137,137,0
1950,SAM,5,5,0
1950,SAMUEL,68,68,0
1950,SANDY,6,6,0
1950,SANFORD,5,5,0
1950,SCOTT,52,52,0
1950,SEAN,13,13,0
1950,SERGE,6,6,0
1950,LAIRD,9,9,0
1950,SHAWN,17,17,0
1950,SHELDON,26,26,0
1950,SIDNEY,20,20,0
1950,SIMON,8,8,0
1950,TERRENCE,116,116,0
1950,SPENCER,7,7,0
1950,STEPHAN,8,8,0
1950,STEPHEN,545,545,0
1950,STERLING,5,5,0
1950,STEVE,17,17,0
1950,STEVEN,267,267,0
1950,STEWART,67,67,0
1950,STUART,52,52,0
1950,TADEUSZ,9,9,0
1950,TED,12,12,0
1950,TEDDY,17,17,0
1950,TERANCE,7,7,0
1950,TERENCE,98,98,0
1950,STANLEY,170,170,0
1950,RYSZARD,5,5,0
1950,ADRIENNE,10,0,10
1950,AILEEN,10,0,10
1950,BABY,613,377,236
1950,BARBARA,1192,0,1192
1950,BARBRA,13,0,13
1950,BEATRICE,40,0,40
1950,BELLA,6,0,6
1950,BERNADETTE,22,0,22
1950,BERNICE,44,0,44
1950,BERTHA,15,0,15
1950,BERYL,6,0,6
1950,BETH,16,0,16
1950,BETTE,13,0,13
1950,BETTY,257,0,257
1950,BABE,18,9,9
1950,BEVERLEY,276,10,266
1950,BLANCHE,11,0,11
1950,BONITA,65,0,65
1950,BONNIE,567,0,567
1950,BONNY,23,0,23
1950,BRENDA,913,0,913
1950,CANDACE,17,0,17
1950,CANDICE,23,0,23
1950,CARLA,14,0,14
1950,CARMEL,7,0,7
1950,CARMEN,26,9,17
1950,CAROL,868,0,868
1950,CAROL-ANN,12,0,12
1950,BEVERLY,230,13,217
1950,AGNES,43,0,43
1950,AUDRY,7,0,7
1950,ARLENE,117,0,117
1950,ALANA,10,0,10
1950,ALANNA,6,0,6
1950,ALEXANDRA,10,0,10
1950,ALEXIS,8,0,8
1950,ALICE,99,0,99
1950,ALINE,16,0,16
1950,ALISON,14,0,14
1950,ALLISON,10,0,10
1950,ALLYSON,8,0,8
1950,ALMA,12,0,12
1950,AMY,8,0,8
1950,ANDREA,34,0,34
1950,AUDREY,85,0,85
1950,ANDREE,6,0,6
1950,ANGELE,7,0,7
1950,ANGELINE,8,0,8
1950,ANITA,56,0,56
1950,ANN,183,0,183
1950,ANNA,93,0,93
1950,ANNABELLE,6,0,6
1950,ANNE,268,0,268
1950,ANNETTE,30,0,30
1950,ANNIE,34,0,34
1950,ANTOINETTE,10,0,10
1950,ANTONIA,7,0,7
1950,APRIL,11,0,11
1950,ANGELA,44,0,44
1950,RUSSELL,79,79,0
1950,SHANE,5,5,0
1950,RUDOLPH,5,5,0
1950,MARVIN,43,43,0
1950,MATTHEW,21,21,0
1950,MAURICE,79,79,0
1950,MAX,5,5,0
1950,MAXWELL,5,5,0
1950,MELVILLE,16,16,0
1950,MELVIN,43,43,0
1950,MERTON,5,5,0
1950,MERVIN,18,18,0
1950,MERVYN,10,10,0
1950,MICHAEL,1490,1490,0
1950,MICHEAL,85,85,0
1950,MARTIN,130,130,0
1950,MICHEL,54,54,0
1950,MILES,12,12,0
1950,MILTON,17,17,0
1950,MITCHELL,15,15,0
1950,RUSSEL,27,27,0
1950,MORGAN,6,6,0
1950,MORLEY,10,10,0
1950,MORRIS,18,18,0
1950,MURRAY,199,199,0
1950,MYLES,13,13,0
1950,MYRON,7,7,0
1950,NEAL,6,6,0
1950,NEIL,118,118,0
1950,MIKE,5,5,0
1950,NELSON,31,31,0
1950,MARSHALL,15,15,0
1950,MARIO,7,7,0
1950,LARRY,605,605,0
1950,LAURENCE,45,45,0
1950,LAURENT,16,16,0
1950,LAVERN,6,6,0
1950,LAVERNE,13,13,0
1950,LAWRENCE,359,359,0
1950,LEIGH,6,6,0
1950,LELAND,9,9,0
1950,LENARD,15,15,0
1950,LENNARD,6,6,0
1950,LEO,70,70,0
1950,LEON,23,23,0
1950,MARK,288,288,0
1950,LEONARD,188,188,0
1950,LEWIS,18,18,0
1950,LIONEL,26,26,0
1950,LLOYD,121,121,0
1950,LONNIE,5,5,0
1950,LORNE,105,105,0
1950,LOUIS,75,75,0
1950,LUC,10,10,0
1950,LUCIEN,11,11,0
1950,LYLE,38,38,0
1950,MALCOLM,41,41,0
1950,MARC,37,37,0
1950,MARCEL,57,57,0
1950,LEROY,12,12,0
1950,NICHOLAS,39,39,0
1950,MONTE,7,7,0
1950,NIGEL,5,5,0
1950,REGINALD,73,73,0
1950,REID,12,12,0
1950,RENE,40,40,0
1950,RHEAL,5,5,0
1950,RICARDO,5,5,0
1950,RICHARD,1578,1578,0
1950,RICK,7,7,0
1950,NICK,5,5,0
1950,RICKIE,6,6,0
1950,RICKY,26,26,0
1950,ROBERT,3158,3158,0
1950,RODERICK,79,79,0
1950,REAL,10,10,0
1950,RODGER,25,25,0
1950,ROGER,253,253,0
1950,ROLAND,35,35,0
1950,ROLLAND,13,13,0
1950,ROMAN,15,15,0
1950,ROMEO,9,9,0
1950,RONALD,1215,1215,0
1950,RONNY,5,5,0
1950,RORY,8,8,0
1950,ROSS,148,148,0
1950,ROWLAND,5,5,0
1950,ROY,159,159,0
1950,ROYDEN,5,5,0
1950,RODNEY,68,68,0
1950,RAYMOND,391,391,0
1950,RICKEY,17,17,0
1950,RANDY,64,64,0
1950,NO,5,5,0
1950,NOEL,16,16,0
1950,NORBERT,5,5,0
1950,RAY,35,35,0
1950,NORMAND,10,10,0
1950,NORRIS,5,5,0
1950,OLIVER,9,9,0
1950,OMER,5,5,0
1950,ORVAL,7,7,0
1950,ORVILLE,10,10,0
1950,OSCAR,10,10,0
1950,OWEN,17,17,0
1950,PASQUALE,5,5,0
1950,NORMAN,263,263,0
1950,RANDALL,108,108,0
1950,PAUL,1090,1090,0
1950,PERCY,18,18,0
1950,PERRY,22,22,0
1950,PETER,777,777,0
1950,PHILIP,216,216,0
1950,PHILIPPE,5,5,0
1950,PHILLIP,66,66,0
1950,PIERRE,43,43,0
1950,RALPH,157,157,0
1950,RANDAL,22,22,0
1950,RANDOLPH,46,46,0
1950,PATRICK,314,314,0
1951,ALMA,18,0,18
1951,AMELIA,9,0,9
1951,AMY,7,0,7
1951,ANN,233,0,233
1951,ANGELA,25,0,25
1951,ANGELINE,6,0,6
1951,ANITA,75,0,75
1951,ALLYSON,7,0,7
1951,ANDREA,56,0,56
1951,ALLISON,7,0,7
1951,ALANA,11,0,11
1951,ALINE,13,0,13
1951,ALICE,119,0,119
1951,ALEXIS,7,0,7
1951,ALEXANDRA,15,0,15
1951,ALBERTA,10,0,10
1951,AILEEN,16,0,16
1951,AGNES,32,0,32
1951,ADRIENNE,20,0,20
1951,ADELE,32,0,32
1951,ALISON,28,0,28
1951,ANNA,110,0,110
1951,BRYCE,6,6,0
1951,ANNE-MARIE,9,0,9
1951,GILLE,6,6,0
1951,GILLES,26,26,0
1951,GLEN,253,253,0
1951,GLENDON,8,8,0
1951,GLENN,210,210,0
1951,GORDEN,10,10,0
1951,GORDON,554,554,0
1951,GRAEME,12,12,0
1951,GRAHAM,47,47,0
1951,GRANT,87,87,0
1951,GREGG,14,14,0
1951,GREGORY,377,377,0
1951,GILES,6,6,0
1951,GUY,61,61,0
1951,HAROLD,209,209,0
1951,HARRY,150,150,0
1951,HARVEY,73,73,0
1951,HECTOR,6,6,0
1951,HENDRIK,6,6,0
1951,HENRI,13,13,0
1951,HENRY,117,117,0
1951,HENRYK,7,7,0
1951,HERBERT,52,52,0
1951,HERMAN,5,5,0
1951,HOWARD,154,154,0
1951,HUBERT,14,14,0
1951,HARLEY,12,12,0
1951,HUGH,85,85,0
1951,GILBERT,33,33,0
1951,GERRIT,6,6,0
1951,EVERETT,13,13,0
1951,FERNAND,12,12,0
1951,FLOYD,21,21,0
1951,FRANCOIS,13,13,0
1951,FRANK,177,177,0
1951,FRANKLIN,49,49,0
1951,FRANKLYN,5,5,0
1951,FRASER,10,10,0
1951,FRED,24,24,0
1951,FREDERIC,11,11,0
1951,FREDERICK,284,284,0
1951,FREDRICK,64,64,0
1951,GERRY,19,19,0
1951,GABRIEL,12,12,0
1951,GARFIELD,13,13,0
1951,GARNET,30,30,0
1951,GARRY,178,178,0
1951,GARTH,24,24,0
1951,GARY,1062,1062,0
1951,GASTON,6,6,0
1951,GENE,25,25,0
1951,GEOFFREY,55,55,0
1951,GEOFFRY,5,5,0
1951,GEORGE,663,663,0
1951,GERALD,446,446,0
1951,GERARD,80,80,0
1951,GAETAN,7,7,0
1951,EVAN,11,11,0
1951,IAN,195,195,0
1951,IRVIN,8,8,0
1951,JONATHAN,22,22,0
1951,JOS,16,16,0
1951,JOSEPH,3153,3153,0
1951,JOSEPHE,5,5,0
1951,JULES,5,5,0
1951,JULIAN,6,6,0
1951,KARL,27,27,0
1951,KEITH,277,277,0
1951,KELLY,5,5,0
1951,KELVIN,9,9,0
1951,KENETH,5,5,0
1951,KENNETH,979,979,0
1951,JON,26,26,0
1951,KENT,17,17,0
1951,KIETH,6,6,0
1951,KIMBERLEY,7,7,0
1951,KIMBERLY,6,6,0
1951,KIRBY,5,5,0
1951,KIRK,41,41,0
1951,KURT,8,8,0
1951,LANCE,17,17,0
1951,LANNY,5,5,0
1951,LARRY,572,572,0
1951,LAURENCE,37,37,0
1951,LAURENT,10,10,0
1951,LAVERN,7,7,0
1951,KEVIN,130,130,0
1951,IHOR,5,5,0
1951,JOHNNY,16,16,0
1951,JOHN,3390,3390,0
1951,ISAAC,5,5,0
1951,IVAN,39,39,0
1951,J,17,17,0
1951,JACK,108,108,0
1951,JACKIE,8,8,0
1951,JACOB,15,15,0
1951,JACOBUS,5,5,0
1951,JACQUE,6,6,0
1951,JACQUES,30,30,0
1951,JAMES,2240,2240,0
1951,JAY,17,17,0
1951,JEAN-GUY,8,8,0
1951,JOHNNIE,8,8,0
1951,JEAN-PAUL,8,8,0
1951,JEFFERY,21,21,0
1951,JEFFREY,146,146,0
1951,JEFFRY,6,6,0
1951,JERALD,5,5,0
1951,JEROME,28,28,0
1951,JERRY,54,54,0
1951,JIM,5,5,0
1951,JIMMY,16,16,0
1951,JOE,7,7,0
1951,JOEL,34,34,0
1951,JOESEPH,5,5,0
1951,JOHANNES,10,10,0
1951,JEAN-PIERRE,8,8,0
1951,EUGENE,65,65,0
1951,ERVIN,5,5,0
1951,ERNIE,6,6,0
1951,WENDA,11,0,11
1951,WENDY,538,0,538
1951,WILHELMINA,7,0,7
1951,WILMA,33,0,33
1951,WINNIFRED,14,0,14
1951,YVETTE,13,0,13
1951,YVONNE,76,0,76
1951,BURTON,7,7,0
1951,BYRON,19,19,0
1951,CALVIN,49,49,0
1951,CAMERON,39,39,0
1951,CARL,118,118,0
1951,WANDA,97,0,97
1951,CARLO,5,5,0
1951,CARSON,8,8,0
1951,CECIL,38,38,0
1951,CHARLES,548,548,0
1951,CHARLIE,6,6,0
1951,CHESTER,11,11,0
1951,CHRIS,7,7,0
1951,CHRISTIAN,7,7,0
1951,CHRISTOPHER,299,299,0
1951,CLARE,15,15,0
1951,CLARENCE,62,62,0
1951,CLARK,17,17,0
1951,CLAUDE,57,57,0
1951,CARMAN,6,6,0
1951,CLAYTON,28,28,0
1951,VIVIAN,51,0,51
1951,VIOLET,32,0,32
1951,SUZANNE,250,0,250
1951,SUZETTE,6,0,6
1951,SYBIL,7,0,7
1951,SYLVIA,92,0,92
1951,TAMARA,6,0,6
1951,TERESA,104,0,104
1951,TERRI,9,0,9
1951,TERRY,231,178,53
1951,THELMA,20,0,20
1951,THERESA,165,0,165
1951,THERESE,20,0,20
1951,TINA,7,0,7
1951,VIRGINIA,93,0,93
1951,TONI,6,0,6
1951,VALARIE,8,0,8
1951,VALERIE,299,0,299
1951,VALORIE,6,0,6
1951,VELMA,13,0,13
1951,VERA,32,0,32
1951,VERNA,23,0,23
1951,VERONICA,42,0,42
1951,VICKI,48,0,48
1951,VICKIE,9,0,9
1951,VICKY,7,0,7
1951,VICTORIA,154,0,154
1951,VIOLA,12,0,12
1951,TRUDY,43,0,43
1951,CLEMENT,10,10,0
1951,CLIFFORD,114,114,0
1951,CLIFTON,6,6,0
1951,DONNIE,5,5,0
1951,DOUGLAS,1072,1072,0
1951,DUANE,11,11,0
1951,DUNCAN,23,23,0
1951,DWAIN,5,5,0
1951,DWAYNE,12,12,0
1951,DWIGHT,46,46,0
1951,EARL,89,89,0
1951,EDDIE,7,7,0
1951,EDDY,8,8,0
1951,EDGAR,16,16,0
1951,EDMOND,14,14,0
1951,DONALD,1255,1255,0
1951,EDMUND,23,23,0
1951,EDWIN,41,41,0
1951,ELDON,13,13,0
1951,ELGIN,5,5,0
1951,ELLWOOD,6,6,0
1951,ELMER,15,15,0
1951,ELTON,5,5,0
1951,ELWOOD,6,6,0
1951,EMIL,5,5,0
1951,EMILE,12,12,0
1951,ERIC,190,190,0
1951,ERIK,6,6,0
1951,ERNEST,114,114,0
1951,EDWARD,586,586,0
1951,DON,10,10,0
1951,DIRK,7,7,0
1951,DESMOND,8,8,0
1951,CLINTON,11,11,0
1951,CLYDE,15,15,0
1951,COLIN,51,51,0
1951,COLLIN,6,6,0
1951,CONRAD,15,15,0
1951,CORNELIUS,10,10,0
1951,CRAIG,110,110,0
1951,CURTIS,11,11,0
1951,CYRIL,12,12,0
1951,DAN,12,12,0
1951,DANE,6,6,0
1951,DANIAL,10,10,0
1951,DANIEL,581,581,0
1951,DANNY,108,108,0
1951,DARCY,10,10,0
1951,D'ARCY,7,7,0
1951,DARREL,8,8,0
1951,DARRELL,20,20,0
1951,DARRYL,26,26,0
1951,DARWIN,14,14,0
1951,DAVID,2498,2498,0
1951,DEAN,44,44,0
1951,DELBERT,12,12,0
1951,DENIS,134,134,0
1951,DENNIS,439,439,0
1951,DEREK,39,39,0
1951,DERRICK,9,9,0
1951,LAVERNE,11,11,0
1951,LAWRANCE,5,5,0
1951,LAWRENCE,367,367,0
1951,LEIGH,8,8,0
1951,TODD,6,6,0
1951,TOM,5,5,0
1951,TOMMY,5,5,0
1951,TREVOR,22,22,0
1951,VANCE,5,5,0
1951,VAUGHN,15,15,0
1951,VERNON,45,45,0
1951,VICTOR,112,112,0
1951,VINCENT,62,62,0
1951,WALLACE,34,34,0
1951,WALTER,207,207,0
1951,WARREN,88,88,0
1951,TIMOTHY,274,274,0
1951,WASYL,5,5,0
1951,WENDELL,7,7,0
1951,WESLEY,33,33,0
1951,WILBERT,8,8,0
1951,WILFRED,65,65,0
1951,WILFRID,7,7,0
1951,WILLARD,15,15,0
1951,WILLEM,5,5,0
1951,WILLIAM,2465,2465,0
1951,WILSON,9,9,0
1951,WINSTON,5,5,0
1951,WOLODYMYR,5,5,0
1951,WRAY,6,6,0
1951,WAYNE,657,657,0
1951,YVAN,7,7,0
1951,THOMAS,1053,1053,0
1951,THEADORE,9,9,0
1951,SCOTT,60,60,0
1951,SEAN,13,13,0
1951,SHANE,7,7,0
1951,SHAUN,8,8,0
1951,SHAWN,8,8,0
1951,SHELDON,30,30,0
1951,SIDNEY,29,29,0
1951,SIMON,8,8,0
1951,SPENCER,5,5,0
1951,STANLEY,181,181,0
1951,STEFAN,6,6,0
1951,STEPHAN,10,10,0
1951,THEODORE,46,46,0
1951,STEPHEN,682,682,0
1951,STEVEN,282,282,0
1951,STEWART,52,52,0
1951,STUART,68,68,0
1951,SYDNEY,21,21,0
1951,SYLVIO,6,6,0
1951,TADEUSZ,8,8,0
1951,TARAS,5,5,0
1951,TED,13,13,0
1951,TEDDY,17,17,0
1951,TERENCE,144,144,0
1951,TERRANCE,122,122,0
1951,TERRENCE,118,118,0
1951,STEVE,16,16,0
1951,YVES,6,6,0
1951,YVON,14,14,0
1951,BRYON,13,13,0
1951,BARRIE,24,24,0
1951,BARRY,410,410,0
1951,BARTON,6,6,0
1951,BASIL,11,11,0
1951,BENJAMIN,19,19,0
1951,BENOIT,5,5,0
1951,BERNARD,116,116,0
1951,BERT,9,9,0
1951,BILL,6,6,0
1951,BILLY,6,6,0
1951,BLAINE,7,7,0
1951,BLAIR,26,26,0
1951,AUSTIN,9,9,0
1951,BLAKE,8,8,0
1951,BOHDAN,10,10,0
1951,BORIS,6,6,0
1951,BRADFORD,24,24,0
1951,BRADLEY,77,77,0
1951,BRENT,55,55,0
1951,BRETT,8,8,0
1951,BRIAN,1243,1243,0
1951,BRIEN,7,7,0
1951,BROCK,7,7,0
1951,BRUCE,629,629,0
1951,BRUNO,9,9,0
1951,BRYAN,121,121,0
1951,BOBBY,5,5,0
1951,AUBREY,8,8,0
1951,ARTHUR,207,207,0
1951,ARNOLD,41,41,0
1951,ANNE,375,0,375
1951,AARON,8,8,0
1951,ADAM,10,10,0
1951,ADRIAN,21,21,0
1951,AIME,5,5,0
1951,ALAIN,8,8,0
1951,ALAN,317,317,0
1951,ALBERT,166,166,0
1951,ALEC,12,12,0
1951,ALEX,14,14,0
1951,ALEXANDER,132,132,0
1951,ALFRED,98,98,0
1951,ALLAN,351,351,0
1951,ALLEN,136,136,0
1951,ALPHONSE,10,10,0
1951,ALVIN,34,34,0
1951,AMBROSE,6,6,0
1951,ANDRE,51,51,0
1951,ANDREW,177,177,0
1951,ANGELO,9,9,0
1951,ANGUS,17,17,0
1951,ANTHONY,135,135,0
1951,ANTONIO,5,5,0
1951,ANTONIUS,6,6,0
1951,ARCHIBALD,7,7,0
1951,ARCHIE,13,13,0
1951,ARMAND,12,12,0
1951,SANFORD,5,5,0
1951,SUZAN,10,0,10
1951,SANDY,8,8,0
1951,SALVATORE,7,7,0
1951,MAURICE,73,73,0
1951,MAXWELL,10,10,0
1951,MELVILLE,11,11,0
1951,MELVIN,33,33,0
1951,MELVYN,8,8,0
1951,MERVIN,21,21,0
1951,MERVYN,6,6,0
1951,MICHAEL,1644,1644,0
1951,MICHEAL,112,112,0
1951,MICHEL,91,91,0
1951,MIKE,9,9,0
1951,MILES,5,5,0
1951,MATTHEW,25,25,0
1951,MILTON,23,23,0
1951,MORLEY,15,15,0
1951,MORRIS,21,21,0
1951,MURRAY,219,219,0
1951,MURRY,10,10,0
1951,MYLES,17,17,0
1951,MYRON,11,11,0
1951,NEAL,9,9,0
1951,NEIL,142,142,0
1951,NELSON,33,33,0
1951,NEWBORN,6,6,0
1951,NICHOLAS,47,47,0
1951,NICK,5,5,0
1951,MITCHELL,19,19,0
1951,NICKOLAS,7,7,0
1951,MATHEW,8,8,0
1951,MARTIN,137,137,0
1951,LENARD,22,22,0
1951,LEO,74,74,0
1951,LEON,24,24,0
1951,LEONARD,192,192,0
1951,LEROY,7,7,0
1951,LESTER,8,8,0
1951,LEWIS,24,24,0
1951,LINDSAY,7,7,0
1951,LIONEL,31,31,0
1951,LLOYD,117,117,0
1951,LORNE,86,86,0
1951,LOUIS,73,73,0
1951,MARVIN,53,53,0
1951,LOWELL,7,7,0
1951,LUCIEN,20,20,0
1951,LUIGI,5,5,0
1951,LYALL,5,5,0
1951,LYLE,47,47,0
1951,MALCOLM,51,51,0
1951,MALE,11,11,0
1951,MARC,26,26,0
1951,MARCEL,63,63,0
1951,MARCUS,6,6,0
1951,MARIO,14,14,0
1951,MARK,334,334,0
1951,MARSHALL,14,14,0
1951,LUC,5,5,0
1951,NOEL,12,12,0
1951,NORBERT,12,12,0
1951,NORMAN,261,261,0
1951,RICARDO,5,5,0
1951,RICHARD,1732,1732,0
1951,RICK,9,9,0
1951,RICKEY,16,16,0
1951,RICKIE,7,7,0
1951,RICKY,42,42,0
1951,ROBERT,3229,3229,0
1951,ROCKY,7,7,0
1951,RODDY,5,5,0
1951,RODERICK,68,68,0
1951,RODGER,31,31,0
1951,RODNEY,92,92,0
1951,RHEAL,5,5,0
1951,ROGER,252,252,0
1951,ROLLAND,5,5,0
1951,ROMAN,14,14,0
1951,RONALD,1194,1194,0
1951,RONNIE,27,27,0
1951,RORY,5,5,0
1951,ROSAIRE,5,5,0
1951,ROSS,160,160,0
1951,ROY,163,163,0
1951,RUDOLPH,5,5,0
1951,RUSSEL,27,27,0
1951,RUSSELL,97,97,0
1951,RYSZARD,7,7,0
1951,ROLAND,52,52,0
1951,REYNOLD,5,5,0
1951,RENE,33,33,0
1951,REJEAN,9,9,0
1951,NORMAND,27,27,0
1951,OLEH,5,5,0
1951,OLIVER,10,10,0
1951,OMER,9,9,0
1951,OREST,6,6,0
1951,ORVAL,5,5,0
1951,ORVILLE,7,7,0
1951,OWEN,19,19,0
1951,PATRICK,364,364,0
1951,PAUL,1200,1200,0
1951,PERCY,13,13,0
1951,PERRY,16,16,0
1951,PETER,841,841,0
1951,PHILIP,267,267,0
1951,PHILLIP,71,71,0
1951,PIERRE,43,43,0
1951,RALPH,156,156,0
1951,RANDAL,23,23,0
1951,RANDALL,134,134,0
1951,RANDELL,7,7,0
1951,RANDOLF,5,5,0
1951,RANDOLPH,69,69,0
1951,RAY,24,24,0
1951,RAYMOND,386,386,0
1951,REAL,15,15,0
1951,REGINALD,80,80,0
1951,REID,13,13,0
1951,SAMUEL,65,65,0
1951,SUSANNE,66,0,66
1951,JOESPH,7,7,0
1951,SUSANE,8,0,8
1951,MARYANN,23,0,23
1951,MARY-JANE,8,0,8
1951,MARY-ELLEN,6,0,6
1951,MARY-ANNE,12,0,12
1951,MARY-ANN,9,0,9
1951,MARY,2445,0,2445
1951,MARTHA,104,0,104
1951,MARTA,16,0,16
1951,MARSHA,63,0,63
1951,MARYANNE,18,0,18
1951,MARLYN,14,0,14
1951,MARLA,11,0,11
1951,MARJORY,13,0,13
1951,MARJORIE,111,0,111
1951,MARION,142,0,142
1951,MARINA,7,0,7
1951,MARILYNN,12,0,12
1951,MARILYN,438,0,438
1951,MARILEE,7,0,7
1951,MARIELLE,9,0,9
1951,MARLENE,221,0,221
1951,MARIE-ROSE,7,0,7
1951,MARYLOU,13,0,13
1951,MAVIS,7,0,7
1951,MYRNA,22,0,22
1951,MYRA,10,0,10
1951,MURIEL,48,0,48
1951,MONIQUE,16,0,16
1951,MONICA,38,0,38
1951,MONA,21,0,21
1951,MOLLY,12,0,12
1951,MOIRA,9,0,9
1951,MIRIAM,26,0,26
1951,MAUREEN,229,0,229
1951,MILDRED,42,0,42
1951,MICHELINE,20,0,20
1951,MICHELE,42,0,42
1951,MEREDITH,10,0,10
1951,MELODY,14,0,14
1951,MELODIE,7,0,7
1951,MELISSA,7,0,7
1951,MELANIE,33,0,33
1951,MAY,9,0,9
1951,MAXINE,36,0,36
1951,MICHELLE,54,0,54
1951,NADIA,8,0,8
1951,MARIE-ANNE,8,0,8
1951,MARIANNE,46,0,46
1951,LUCIE,8,0,8
1951,LUCIA,7,0,7
1951,LUBA,8,0,8
1951,LOUISE,178,0,178
1951,LOUISA,8,0,8
1951,LORRAINE,194,0,194
1951,LORNA,68,0,68
1951,LORIE,8,0,8
1951,LORI,6,0,6
1951,LUCILLE,43,0,43
1951,LORETTA,36,0,36
1951,LOREEN,6,0,6
1951,LORAINE,28,0,28
1951,LOLA,13,0,13
1951,LOIS,213,0,213
1951,LISE,35,0,35
1951,LISA,18,0,18
1951,LINDA,2157,0,2157
1951,LILY,10,0,10
1951,LILLIAN,66,0,66
1951,LORENE,7,0,7
1951,MARIE,2451,0,2451
1951,LUCINDA,10,0,10
1951,LYDIA,17,0,17
1951,MARIAN,49,0,49
1951,MARIA,104,0,104
1951,MARI,7,0,7
1951,MARGUERITE,49,0,49
1951,MARGRET,18,0,18
1951,MARGOT,10,0,10
1951,MARGO,35,0,35
1951,MARGERY,7,0,7
1951,MARGARET-ANN,8,0,8
1951,LUCY,21,0,21
1951,MARGARET,1083,0,1083
1951,MADELINE,24,0,24
1951,MADELEINE,21,0,21
1951,MADELAINE,7,0,7
1951,MABEL,9,0,9
1951,LYNNE,107,0,107
1951,LYNN,242,29,213
1951,LYNDA,344,0,344
1951,LYN,12,0,12
1951,LYLA,7,0,7
1951,MARCIA,52,0,52
1951,NADINE,37,0,37
1951,NANCY,1024,0,1024
1951,NAOMI,11,0,11
1951,DARLENE,253,0,253
1951,DARYL,40,32,8
1951,DAWN,56,0,56
1951,DAWNA,9,0,9
1951,DEANNA,17,0,17
1951,DEBORA,31,0,31
1951,DEBORAH,1050,0,1050
1951,DEBRA,223,0,223
1951,DEBRAH,9,0,9
1951,DARLEEN,6,0,6
1951,DEIRDRE,7,0,7
1951,DELORES,9,0,9
1951,DENISE,156,0,156
1951,ROSLYN,14,0,14
1951,ROSEMARY,142,0,142
1951,ROSEMARIE,36,0,36
1951,ROSEANNE,12,0,12
1951,ROSE-MARIE,11,0,11
1951,ROSE,108,0,108
1951,ROSANNE,9,0,9
1951,DELLA,13,0,13
1951,ROSANNA,7,0,7
1951,DARLA,14,0,14
1951,DANIELLE,8,0,8
1951,CHRISTINA,105,0,105
1951,CHRISTINE,298,0,298
1951,CINDY,9,0,9
1951,CLAIRE,53,0,53
1951,CLARA,16,0,16
1951,CLAUDETTE,37,0,37
1951,CLAUDIA,22,0,22
1951,COLEEN,16,0,16
1951,COLETTE,23,0,23
1951,DAPHNE,16,0,16
1951,COLLEEN,203,0,203
1951,CONSTANCE,160,0,160
1951,CORA,15,0,15
1951,CORINNE,27,0,27
1951,CORNELIA,9,0,9
1951,CRYSTAL,17,0,17
1951,CYNTHIA,107,0,107
1951,DAISY,6,0,6
1951,DALE,204,136,68
1951,DANA,56,28,28
1951,CONNIE,66,0,66
1951,ROSALIND,12,0,12
1951,ROSALIE,19,0,19
1951,ROSA,8,0,8
1951,PAULA,111,0,111
1951,PATTI,15,0,15
1951,PATSY,33,0,33
1951,PATRICIA-ANN,6,0,6
1951,PATRICIA,1632,0,1632
1951,PATRICE,14,0,14
1951,PATRICA,47,0,47
1951,PAMELLA,9,0,9
1951,PAMELA,334,0,334
1951,PAULETTE,61,0,61
1951,OLIVE,17,0,17
1951,NOT,29,17,12
1951,NORMA,135,0,135
1951,NOREEN,20,0,20
1951,NORAH,12,0,12
1951,NORA,43,0,43
1951,NINA,19,0,19
1951,NICOLE,29,0,29
1951,NELLIE,9,0,9
1951,NATALIE,8,0,8
1951,OLGA,26,0,26
1951,PAULINE,124,0,124
1951,PEARL,19,0,19
1951,PEGGY,90,0,90
1951,ROCHELLE,11,0,11
1951,ROBIN,76,47,29
1951,ROBERTA,77,0,77
1951,RITA,101,0,101
1951,RHONDA,56,0,56
1951,RHODA,17,0,17
1951,RHEA,9,0,9
1951,RETA,25,0,25
1951,RENEE,13,0,13
1951,REJEANNE,7,0,7
1951,REGINA,13,0,13
1951,REBECCA,45,0,45
1951,RANDY,100,94,6
1951,RAE,14,7,7
1951,RACHELLE,11,0,11
1951,RACHEL,23,0,23
1951,PRISCILLA,8,0,8
1951,PIERRETTE,7,0,7
1951,PHYLLIS,107,0,107
1951,PENNY,102,0,102
1951,PENELOPE,47,0,47
1951,LILIAN,6,0,6
1951,SUSANNA,8,0,8
1951,LILA,7,0,7
1951,LESLEY,31,0,31
1951,GINETTE,17,0,17
1951,GILLIAN,23,0,23
1951,GILDA,6,0,6
1951,GHISLAINE,6,0,6
1951,GERTRUDE,28,0,28
1951,GERMAINE,9,0,9
1951,GERALDINE,82,0,82
1951,GEORGINA,40,0,40
1951,GEORGIA,17,0,17
1951,GISELE,28,0,28
1951,GEORGETTE,22,0,22
1951,GAYLE,81,0,81
1951,GAYE,6,0,6
1951,GAY,18,0,18
1951,GALE,31,0,31
1951,GAIL,467,0,467
1951,FREDA,14,0,14
1951,FRANCOISE,9,0,9
1951,FRANCIS,205,190,15
1951,FRANCINE,32,0,32
1951,GENEVIEVE,9,0,9
1951,FRANCES,207,0,207
1951,GISELLE,7,0,7
1951,GLENDA,49,0,49
1951,HUGUETTE,8,0,8
1951,HOPE,14,0,14
1951,HOLLY,23,0,23
1951,HILDA,20,0,20
1951,HILARY,7,0,7
1951,HELENE,29,0,29
1951,HELENA,23,0,23
1951,HELEN,344,0,344
1951,HEATHER,422,0,422
1951,GLADYS,50,0,50
1951,HAZEL,31,0,31
1951,HANNAH,8,0,8
1951,HALINA,6,0,6
1951,GWENDOLYN,52,0,52
1951,GWENDOLINE,6,0,6
1951,GWEN,18,0,18
1951,GRETA,6,0,6
1951,GRACE,60,0,60
1951,GLORIA,230,0,230
1951,GLENNA,43,0,43
1951,HARRIET,18,0,18
1951,IDA,19,0,19
1951,FLORENCE,62,0,62
1951,FIONA,6,0,6
1951,ELINOR,8,0,8
1951,ELEANOR,91,0,91
1951,ELAINE,234,0,234
1951,EILEEN,79,0,79
1951,EDNA,43,0,43
1951,EDITH,90,0,90
1951,EARLA,8,0,8
1951,DORTHY,6,0,6
1951,DOROTHY,236,0,236
1951,ELISABETH,18,0,18
1951,DORIS,95,0,95
1951,DORA,13,0,13
1951,DONNA-MARIE,6,0,6
1951,DONNA,915,0,915
1951,DONALDA,7,0,7
1951,DONA,24,0,24
1951,DOLORES,33,0,33
1951,DIXIE,6,0,6
1951,DIANNE,311,0,311
1951,DIANNA,24,0,24
1951,DOREEN,105,0,105
1951,FLORA,11,0,11
1951,ELIZABETH,825,0,825
1951,ELLA,10,0,10
1951,FERNE,7,0,7
1951,FERN,18,0,18
1951,FEMALE,10,0,10
1951,FAYE,40,0,40
1951,FAY,37,0,37
1951,FAITH,14,0,14
1951,EVELYN,139,0,139
1951,EVA,46,0,46
1951,EUNICE,9,0,9
1951,ELIZEBETH,17,0,17
1951,ETHEL,27,0,27
1951,ESTELLE,8,0,8
1951,ERNA,6,0,6
1951,ENID,7,0,7
1951,EMMA,10,0,10
1951,EMILY,32,0,32
1951,ELVA,17,0,17
1951,ELSIE,25,0,25
1951,ELMA,6,0,6
1951,ELLEN,113,0,113
1951,ESTHER,36,0,36
1951,INA,10,0,10
1951,INEZ,7,0,7
1951,INFANT,88,47,41
1951,KATHRYN,364,0,364
1951,KATHRINE,13,0,13
1951,KATHLEEN,398,0,398
1951,KATHIE,7,0,7
1951,KATHERINE,227,0,227
1951,KATHELEEN,6,0,6
1951,KATHARINE,27,0,27
1951,KATHALEEN,7,0,7
1951,KARIN,15,0,15
1951,KATHY,43,0,43
1951,KAREN,821,0,821
1951,JULIETTE,7,0,7
1951,JULIE,60,0,60
1951,JULIA,63,0,63
1951,JUDY,251,0,251
1951,JUDITH,973,0,973
1951,JUANITA,13,0,13
1951,JOYCE,206,0,206
1951,JOY,52,0,52
1951,JOSEPHINE,47,0,47
1951,JUNE,126,0,126
1951,JOHANNA,14,0,14
1951,KATHYRN,8,0,8
1951,KERRY,47,20,27
1951,LESIA,6,0,6
1951,LEONA,48,0,48
1951,LENORE,22,0,22
1951,LENORA,10,0,10
1951,LENA,11,0,11
1951,LEE,59,33,26
1951,LEANNE,11,0,11
1951,LEAH,10,0,10
1951,LAURIE,104,15,89
1951,KAY,6,0,6
1951,LAUREN,11,0,11
1951,LAUREEN,8,0,8
1951,LAURA,153,0,153
1951,DIAN,11,0,11
1951,LARAINE,6,0,6
1951,LANA,21,0,21
1951,KRYSTYNA,11,0,11
1951,KRISTINE,16,0,16
1951,KRISTINA,8,0,8
1951,KIM,30,23,7
1951,LAUREL,32,0,32
1951,JODY,6,0,6
1951,JOCELYN,21,0,21
1951,JOANNE,335,0,335
1951,JANIE,18,0,18
1951,JANICE,641,0,641
1951,JANETTE,16,0,16
1951,JANET,627,0,627
1951,JANE,362,0,362
1951,JAN,46,29,17
1951,JACQUELYN,16,0,16
1951,JACQUELINE,188,0,188
1951,JACQUALINE,6,0,6
1951,JANINA,12,0,12
1951,JACALYN,7,0,7
1951,ISOBEL,15,0,15
1951,ISABELLE,11,0,11
1951,ISABELLA,7,0,7
1951,ISABEL,22,0,22
1951,IRMA,8,0,8
1951,IRIS,13,0,13
1951,IRENE,191,0,191
1951,IRENA,13,0,13
1951,INGRID,17,0,17
1951,IVY,6,0,6
1951,JANINE,11,0,11
1951,JANIS,105,5,100
1951,JAQUELINE,8,0,8
1951,JOANNA,12,0,12
1951,JOANN,31,0,31
1951,JOAN,421,0,421
1951,JO-ANNE,94,0,94
1951,JO-ANN,64,0,64
1951,JO ANNE,27,0,27
1951,JO ANN,15,0,15
1951,JO,7,0,7
1951,JILL,64,0,64
1951,JESSIE,25,0,25
1951,JESSICA,9,0,9
1951,JENNIFER,137,0,137
1951,JENNIE,10,0,10
1951,JEANNINE,18,0,18
1951,JEANNIE,7,0,7
1951,JEANNETTE,41,0,41
1951,JEANNE,40,0,40
1951,JEANINE,10,0,10
1951,JEANETTE,53,0,53
1951,JEAN,297,95,202
1951,JAYNE,10,0,10
1951,LESLIE,224,143,81
1951,DIANE,591,0,591
1951,DIANA,186,0,186
1951,CHERYL,288,0,288
1951,CARLENE,6,0,6
1951,CARLA,15,0,15
1951,CANDICE,20,0,20
1951,CANDACE,24,0,24
1951,BRENDA,938,0,938
1951,BONNY,19,0,19
1951,BONNIE,617,0,617
1951,BONITA,58,0,58
1951,BLANCHE,12,0,12
1951,CARMEN,28,0,28
1951,BILLIE,9,0,9
1951,BEVERLEY,255,8,247
1951,BETTY,234,0,234
1951,BETTE,13,0,13
1951,BETH,20,0,20
1951,BESSIE,9,0,9
1951,BERYL,9,0,9
1951,BERTHA,21,0,21
1951,BERNICE,38,0,38
1951,BERNADETTE,25,0,25
1951,BEVERLY,239,12,227
1951,BEATRICE,34,0,34
1951,CAROL,866,0,866
1951,CAROLE,53,0,53
1951,CHERYLE,19,0,19
1951,CHERIE,8,0,8
1951,CHARMAINE,7,0,7
1951,CHARLOTTE,82,0,82
1951,CHARLENE,64,0,64
1951,CELIA,9,0,9
1951,CECILIA,13,0,13
1951,CECILE,25,0,25
1951,CECELIA,10,0,10
1951,CAROL-ANN,11,0,11
1951,CATHY,47,0,47
1951,CATHRINE,12,0,12
1951,CATHERINE,830,0,830
1951,CATHARINE,71,0,71
1951,CATHARINA,8,0,8
1951,CARROL,7,0,7
1951,CAROLYNN,7,0,7
1951,CAROLYNE,6,0,6
1951,CAROLYN,229,0,229
1951,CAROLINE,66,0,66
1951,CATHRYN,13,0,13
1951,BARBRA,17,0,17
1951,CARMEL,6,0,6
1951,BABY,604,322,282
1951,SHELAGH,11,0,11
1951,SHELIA,6,0,6
1951,SHELLEY,73,0,73
1951,SHELLY,7,0,7
1951,SHERON,7,0,7
1951,SHERRIE,8,0,8
1951,SHERRILL,7,0,7
1951,SHERYL,30,0,30
1951,SHIELA,11,0,11
1951,SHIRLEY,494,0,494
1951,SHIRLY,8,0,8
1951,SILVIA,6,0,6
1951,SIMONE,9,0,9
1951,SONIA,16,0,16
1951,SOPHIE,6,0,6
1951,STARR,6,0,6
1951,STELLA,25,0,25
1951,STEPHANIE,39,0,39
1951,SUE,13,0,13
1951,BARBARA,1134,0,1134
1951,SUSAN,1611,0,1611
1951,SHEILA,246,0,246
1951,SHARRON,67,0,67
1951,SHERRY,53,0,53
1951,ARLINE,6,0,6
1951,AUDREY,79,0,79
1951,SHARON,797,0,797
1951,ARLENE,84,0,84
1951,ARLEEN,7,0,7
1951,APRIL,11,0,11
1951,ANTOINETTE,11,0,11
1951,ANNIE,24,0,24
1951,ROXANN,6,0,6
1951,ROXANNE,15,0,15
1951,RUBY,26,0,26
1951,ANNETTE,45,0,45
1951,SALLY,70,0,70
1951,SHARLENE,14,0,14
1951,RUTH,327,0,327
1951,SHAREN,13,0,13
1951,SHARAN,6,0,6
1951,SHANNON,18,0,18
1951,SHARI,6,0,6
1951,SARA,18,0,18
1951,SANDRA,763,0,763
1951,SARAH,39,0,39
1952,NORMAND,22,22,0
1952,PAUL,1307,1307,0
1952,PATRICK,393,393,0
1952,OWEN,23,23,0
1952,OSCAR,5,5,0
1952,ORVAL,7,7,0
1952,OREST,7,7,0
1952,OLIVER,7,7,0
1952,NORMAN,290,290,0
1952,MYRON,8,8,0
1952,NICOLA,6,6,0
1952,NICKOLAS,10,10,0
1952,NICK,6,6,0
1952,NICHOLAS,52,52,0
1952,NELSON,26,26,0
1952,NEIL,155,155,0
1952,NEAL,9,9,0
1952,NATHAN,7,7,0
1952,PERCY,17,17,0
1952,NOEL,11,11,0
1952,PERRY,13,13,0
1952,RHEAL,9,9,0
1952,PETERIS,6,6,0
1952,MYLES,19,19,0
1952,REX,5,5,0
1952,RENE,39,39,0
1952,REJEAN,7,7,0
1952,REID,7,7,0
1952,REGINALD,84,84,0
1952,REAL,11,11,0
1952,RAYMOND,428,428,0
1952,RAY,33,33,0
1952,RANDY,159,159,0
1952,RANDOLPH,78,78,0
1952,RANDELL,7,7,0
1952,RANDALL,192,192,0
1952,RANDAL,19,19,0
1952,RALPH,157,157,0
1952,RAE,7,7,0
1952,PIETER,10,10,0
1952,PIERRE,44,44,0
1952,PHILLIP,77,77,0
1952,PHILIPPE,10,10,0
1952,PHILIP,302,302,0
1952,PETER,939,939,0
1952,MURRY,6,6,0
1952,GILLE,7,7,0
1952,MORRIS,38,38,0
1952,MARIO,21,21,0
1952,MARINUS,5,5,0
1952,MARCUS,7,7,0
1952,MARCEL,63,63,0
1952,MARC,45,45,0
1952,MALE,13,13,0
1952,MALCOLM,48,48,0
1952,LYLE,57,57,0
1952,LUIGI,6,6,0
1952,MARK,452,452,0
1952,LUCIEN,8,8,0
1952,LOUIS,87,87,0
1952,LORNE,106,106,0
1952,LONNIE,8,8,0
1952,LLOYD,114,114,0
1952,LIONEL,26,26,0
1952,LEWIS,19,19,0
1952,LEVI,6,6,0
1952,LESTER,7,7,0
1952,RICARDO,5,5,0
1952,LOYD,5,5,0
1952,MARSHALL,21,21,0
1952,MART,5,5,0
1952,MARTIN,174,174,0
1952,MORLEY,14,14,0
1952,MONTE,5,5,0
1952,MITCHELL,15,15,0
1952,MITCHEL,8,8,0
1952,MILTON,13,13,0
1952,MILES,11,11,0
1952,MIKE,9,9,0
1952,MICHEL,102,102,0
1952,MICHEAL,107,107,0
1952,MICHAL,5,5,0
1952,MICHAEL,1766,1766,0
1952,MERVYN,7,7,0
1952,MERVIN,20,20,0
1952,MELVIN,36,36,0
1952,MELVILLE,15,15,0
1952,MAYNARD,7,7,0
1952,MAXWELL,5,5,0
1952,MAURICE,88,88,0
1952,MATTHEW,35,35,0
1952,MATHEW,5,5,0
1952,MARVIN,35,35,0
1952,MURRAY,248,248,0
1952,RICHARD,1894,1894,0
1952,STEPHEN,800,800,0
1952,RICKEY,28,28,0
1952,VAN,5,5,0
1952,TREVOR,16,16,0
1952,TONY,8,8,0
1952,TOMMY,10,10,0
1952,TOM,6,6,0
1952,TODD,6,6,0
1952,TIMOTHY,343,343,0
1952,THOMAS,1115,1115,0
1952,THEODORUS,8,8,0
1952,VANCE,5,5,0
1952,THEODORE,54,54,0
1952,TERRENCE,125,125,0
1952,TERRANCE,127,127,0
1952,TERENCE,116,116,0
1952,TERANCE,6,6,0
1952,TEDDY,16,16,0
1952,TED,15,15,0
1952,TARAS,9,9,0
1952,TADEUSZ,10,10,0
1952,SYDNEY,19,19,0
1952,THADDEUS,5,5,0
1952,STUART,65,65,0
1952,VAUGHN,7,7,0
1952,VICTOR,95,95,0
1952,YVON,30,30,0
1952,YVES,5,5,0
1952,WILSON,11,11,0
1952,WILLIS,6,6,0
1952,WILLIAM,2350,2350,0
1952,WILLEM,7,7,0
1952,WILLARD,12,12,0
1952,WILFRID,9,9,0
1952,WILFRED,61,61,0
1952,VERNON,43,43,0
1952,WILBERT,10,10,0
1952,WENDELL,6,6,0
1952,WAYNE,674,674,0
1952,WARREN,101,101,0
1952,WARD,6,6,0
1952,WALTER,222,222,0
1952,WALLACE,30,30,0
1952,WADE,11,11,0
1952,VYTAUTAS,7,7,0
1952,VINCENT,80,80,0
1952,WESLEY,22,22,0
1952,STEWART,44,44,0
1952,STEVEN,401,401,0
1952,STEVE,16,16,0
1952,ROYCE,6,6,0
1952,ROYAL,9,9,0
1952,ROY,174,174,0
1952,ROSS,140,140,0
1952,RORY,9,9,0
1952,RONNIE,20,20,0
1952,RONALD,1116,1116,0
1952,ROMEO,6,6,0
1952,ROMAN,24,24,0
1952,RUDOLPH,7,7,0
1952,ROLAND,61,61,0
1952,RODNEY,86,86,0
1952,RODGER,21,21,0
1952,RODERICK,65,65,0
1952,ROCKY,5,5,0
1952,ROCCO,7,7,0
1952,ROBERTO,6,6,0
1952,ROBERT,3321,3321,0
1952,RICKY,50,50,0
1952,RICKIE,7,7,0
1952,ROGER,281,281,0
1952,RUDY,9,9,0
1952,RUSSEL,23,23,0
1952,RUSSELL,118,118,0
1952,LEROY,8,8,0
1952,STEPHAN,14,14,0
1952,STEFAN,10,10,0
1952,STANLEY,209,209,0
1952,STANISLAW,6,6,0
1952,SPENCER,6,6,0
1952,SIMON,6,6,0
1952,SIDNEY,30,30,0
1952,SHELDON,35,35,0
1952,SHAWN,16,16,0
1952,SHAUN,8,8,0
1952,SHANE,10,10,0
1952,SERGE,8,8,0
1952,SEAN,15,15,0
1952,SCOTT,73,73,0
1952,SANFORD,5,5,0
1952,SANDY,6,6,0
1952,SAMUEL,70,70,0
1952,SAM,6,6,0
1952,SALVATORE,7,7,0
1952,RYSZARD,11,11,0
1952,RICK,12,12,0
1952,LEOPOLD,8,8,0
1952,LEONARD,216,216,0
1952,LEON,19,19,0
1952,CLAYTON,30,30,0
1952,CLEMENT,7,7,0
1952,CLIFFORD,122,122,0
1952,CLIFTON,6,6,0
1952,CLINTON,14,14,0
1952,CLIVE,5,5,0
1952,CLYDE,17,17,0
1952,COLIN,56,56,0
1952,CONRAD,13,13,0
1952,CORNELIS,13,13,0
1952,GIOVANNI,8,8,0
1952,CRAIG,119,119,0
1952,CURTIS,18,18,0
1952,CYRIL,21,21,0
1952,DALTON,7,7,0
1952,DAN,15,15,0
1952,DANIAL,17,17,0
1952,DEREK,40,40,0
1952,DENNIS,471,471,0
1952,DENIS,123,123,0
1952,DELBERT,9,9,0
1952,DEAN,58,58,0
1952,DAVID,2807,2807,0
1952,CLAUDE,76,76,0
1952,DARWIN,8,8,0
1952,DARRELL,33,33,0
1952,DARREL,16,16,0
1952,D'ARCY,5,5,0
1952,DARCY,8,8,0
1952,DANNY,131,131,0
1952,DANIEL,712,712,0
1952,DARRYL,34,34,0
1952,CLARK,10,10,0
1952,CLARENCE,49,49,0
1952,CHRISTOPHER,353,353,0
1952,BRYAN,121,121,0
1952,BRUNO,8,8,0
1952,BRUCE,594,594,0
1952,BROCK,5,5,0
1952,BRIAN,1305,1305,0
1952,BRETT,5,5,0
1952,BRYCE,9,9,0
1952,BRENT,60,60,0
1952,BRADFORD,17,17,0
1952,BRAD,6,6,0
1952,BOYD,6,6,0
1952,BORIS,5,5,0
1952,BOHDAN,15,15,0
1952,BOBBY,13,13,0
1952,BRADLEY,103,103,0
1952,DERRICK,9,9,0
1952,BRYON,14,14,0
1952,BYRON,19,19,0
1952,CHRISTIAN,13,13,0
1952,CHRIS,12,12,0
1952,CHESTER,13,13,0
1952,CHARLIE,6,6,0
1952,CHARLES,600,600,0
1952,CEDRIC,5,5,0
1952,BURTON,6,6,0
1952,CECIL,37,37,0
1952,CARMAN,10,10,0
1952,CARLO,9,9,0
1952,CARL,155,155,0
1952,CAMPBELL,7,7,0
1952,CAMERON,41,41,0
1952,CALVIN,42,42,0
1952,CARSON,8,8,0
1952,DESMOND,6,6,0
1952,DICK,5,5,0
1952,DIRK,11,11,0
1952,GARFIELD,13,13,0
1952,GAETAN,10,10,0
1952,GABRIEL,8,8,0
1952,FREDRICK,80,80,0
1952,FREDERIK,6,6,0
1952,FREDERICK,294,294,0
1952,GARNET,35,35,0
1952,FREDERIC,12,12,0
1952,FRASER,13,13,0
1952,FRANKLIN,43,43,0
1952,FRANK,219,219,0
1952,FRANCOIS,16,16,0
1952,FRANCO,9,9,0
1952,FRANCESCO,12,12,0
1952,FRED,29,29,0
1952,FLOYD,15,15,0
1952,GARRY,184,184,0
1952,GARY,1045,1045,0
1952,GILES,6,6,0
1952,GILBERT,39,39,0
1952,GERRY,10,10,0
1952,GERRIT,9,9,0
1952,GERMAIN,5,5,0
1952,GERARD,90,90,0
1952,GARTH,18,18,0
1952,GERALD,464,464,0
1952,GEORGE,740,740,0
1952,GEOFFRY,5,5,0
1952,GEOFFREY,47,47,0
1952,GENE,20,20,0
1952,GAVIN,5,5,0
1952,GASTON,6,6,0
1952,GEORGES,11,11,0
1952,BOB,6,6,0
1952,FERNAND,16,16,0
1952,EVAN,11,11,0
1952,EDDY,6,6,0
1952,EARLE,11,11,0
1952,EARL,90,90,0
1952,DWIGHT,44,44,0
1952,DWAYNE,7,7,0
1952,DWAIN,5,5,0
1952,EDGAR,20,20,0
1952,DUNCAN,30,30,0
1952,DOUGLAS,1136,1136,0
1952,DONAT,5,5,0
1952,DONALD,1349,1349,0
1952,DON,16,16,0
1952,DOMINIC,5,5,0
1952,DOMENICO,9,9,0
1952,DUANE,15,15,0
1952,EVERETT,11,11,0
1952,EDMOND,9,9,0
1952,EDWARD,624,624,0
1952,EUGENE,54,54,0
1952,ERROL,5,5,0
1952,ERNEST,128,128,0
1952,ERIK,5,5,0
1952,ERICH,5,5,0
1952,ERIC,220,220,0
1952,EDMUND,28,28,0
1952,EMILE,9,9,0
1952,ELVIN,5,5,0
1952,ELMER,23,23,0
1952,ELLIOT,5,5,0
1952,ELGIN,8,8,0
1952,ELDON,24,24,0
1952,EDWIN,63,63,0
1952,ELWOOD,10,10,0
1952,BLAKE,22,22,0
1952,BLAIR,28,28,0
1952,BLAINE,13,13,0
1952,JAY,12,12,0
1952,JEAN-GUY,8,8,0
1952,JEAN-MARC,7,7,0
1952,JEAN-PIERRE,9,9,0
1952,JEFFERY,29,29,0
1952,JEFFREY,179,179,0
1952,JASON,5,5,0
1952,JEREMY,5,5,0
1952,JERRY,51,51,0
1952,JERZY,7,7,0
1952,JESSE,5,5,0
1952,JIM,10,10,0
1952,JIMMY,16,16,0
1952,JOE,12,12,0
1952,JEROME,42,42,0
1952,JOEL,25,25,0
1952,JAMES,2331,2331,0
1952,JACOB,20,20,0
1952,HUGH,97,97,0
1952,IAIN,6,6,0
1952,IAN,235,235,0
1952,IGOR,6,6,0
1952,IHOR,8,8,0
1952,IRA,8,8,0
1952,JACQUES,45,45,0
1952,IRVIN,12,12,0
1952,IRWIN,5,5,0
1952,ISAAC,6,6,0
1952,IVAN,55,55,0
1952,J,8,8,0
1952,JACK,138,138,0
1952,JACKIE,16,16,0
1952,IRVING,9,9,0
1952,HUBERT,12,12,0
1952,JOESPH,6,6,0
1952,JOHANNES,29,29,0
1952,KLAUS,6,6,0
1952,KURT,9,9,0
1952,LAIRD,5,5,0
1952,LANCE,16,16,0
1952,LANNY,5,5,0
1952,LARRY,615,615,0
1952,KIRK,48,48,0
1952,LAURENCE,44,44,0
1952,LAURIER,7,7,0
1952,LAVERNE,5,5,0
1952,LAWRENCE,353,353,0
1952,LENARD,14,14,0
1952,LENNARD,5,5,0
1952,LEO,92,92,0
1952,LAURENT,14,14,0
1952,JOEY,7,7,0
1952,KIETH,8,8,0
1952,KENT,24,24,0
1952,JOHN,3492,3492,0
1952,JOHNNIE,7,7,0
1952,JOHNNY,29,29,0
1952,JON,27,27,0
1952,JONATHAN,28,28,0
1952,JOS,18,18,0
1952,KEVIN,199,199,0
1952,JOSEPH,3306,3306,0
1952,JULES,8,8,0
1952,JULIAN,5,5,0
1952,KARL,33,33,0
1952,KEITH,250,250,0
1952,KELVIN,7,7,0
1952,KENNETH,1111,1111,0
1952,JOSEPHE,5,5,0
1952,GILLES,33,33,0
1952,HOWARD,167,167,0
1952,HERBERT,67,67,0
1952,ARCHIE,10,10,0
1952,ARCHIBALD,8,8,0
1952,GIUSEPPE,9,9,0
1952,ANTON,6,6,0
1952,ANTHONY,174,174,0
1952,ANGUS,20,20,0
1952,ARIE,6,6,0
1952,ANDREW,197,197,0
1952,AMBROSE,5,5,0
1952,ALVIN,38,38,0
1952,ALPHONSE,5,5,0
1952,ALLEN,112,112,0
1952,ALLAN,378,378,0
1952,ALGIMANTAS,5,5,0
1952,ANDRE,53,53,0
1952,ALFRED,94,94,0
1952,ARMAND,13,13,0
1952,ARTHUR,226,226,0
1952,BILLY,8,8,0
1952,BILL,10,10,0
1952,BERTRAM,9,9,0
1952,BERT,12,12,0
1952,BERNARD,126,126,0
1952,BENJAMIN,24,24,0
1952,ARNOLD,52,52,0
1952,BEN,7,7,0
1952,BARRY,375,375,0
1952,BARRIE,16,16,0
1952,BABY-BOY,7,7,0
1952,AUSTIN,9,9,0
1952,AUGUSTINE,5,5,0
1952,ASHLEY,5,5,0
1952,BASIL,7,7,0
1952,HERMAN,9,9,0
1952,ALEXANDER,158,158,0
1952,ALEC,10,10,0
1952,GRAYDON,5,5,0
1952,GREGG,9,9,0
1952,GREGORY,391,391,0
1952,GUY,82,82,0
1952,HANS,11,11,0
1952,HARLEY,15,15,0
1952,GRANT,92,92,0
1952,HAROLD,217,217,0
1952,HARVEY,61,61,0
1952,HECTOR,9,9,0
1952,HENDRIK,11,11,0
1952,HENRI,8,8,0
1952,HENRY,141,141,0
1952,HENRYK,9,9,0
1952,HARRY,148,148,0
1952,ALEX,13,13,0
1952,GRAHAM,45,45,0
1952,GORDON,611,611,0
1952,ALDEGE,5,5,0
1952,ALBERTUS,6,6,0
1952,ALBERT,165,165,0
1952,ALAN,324,324,0
1952,ALAIN,6,6,0
1952,ADRIEN,5,5,0
1952,GRAEME,10,10,0
1952,ADRIAN,13,13,0
1952,ABRAHAM,6,6,0
1952,AARON,6,6,0
1952,GLEN,254,254,0
1952,GLENDON,7,7,0
1952,GLENN,221,221,0
1952,GORDEN,5,5,0
1952,ADAM,11,11,0
1952,CORNELIUS,8,8,0
1952,ANTONIO,8,8,0
1952,YVONNE,93,0,93
1952,GEORGINA,48,0,48
1952,GEORGIA,14,0,14
1952,GEORGETTE,13,0,13
1952,GENEVIEVE,10,0,10
1952,GAYLE,82,0,82
1952,GAYE,11,0,11
1952,GERALDINE,83,0,83
1952,GAY,19,0,19
1952,GAIL,445,0,445
1952,FREDA,17,0,17
1952,FRANCOISE,9,0,9
1952,FRANCIS,202,193,9
1952,FRANCINE,37,0,37
1952,FRANCES,198,0,198
1952,GALE,30,0,30
1952,FLORENCE,57,0,57
1952,GERMAINE,6,0,6
1952,GHISLAINE,13,0,13
1952,HALINA,8,0,8
1952,GWENDOLYN,53,0,53
1952,GWEN,19,0,19
1952,GRETA,6,0,6
1952,GRACE,57,0,57
1952,GLORIA,202,0,202
1952,GERTRUDE,28,0,28
1952,GLENNA,33,0,33
1952,GLADYS,29,0,29
1952,GISELLE,8,0,8
1952,GISELE,27,0,27
1952,GINETTE,15,0,15
1952,GINA,10,0,10
1952,GILLIAN,14,0,14
1952,GLENDA,68,0,68
1952,HARRIET,18,0,18
1952,FLORA,11,0,11
1952,FERN,20,0,20
1952,ELISABETH,32,0,32
1952,ELINOR,6,0,6
1952,ELENA,8,0,8
1952,ELEANOR,87,0,87
1952,ELDA,6,0,6
1952,ELAINE,211,0,211
1952,ELIZABETH,929,0,929
1952,EILEEN,83,0,83
1952,EDNA,39,0,39
1952,EDITH,88,0,88
1952,EARLA,7,0,7
1952,DORTHY,18,0,18
1952,DOROTHY,236,0,236
1952,DORIS,112,0,112
1952,EDYTHE,6,0,6
1952,FERNANDE,10,0,10
1952,ELIZEBETH,14,0,14
1952,ELLEN,133,0,133
1952,FAYE,36,0,36
1952,FAY,23,0,23
1952,EVELYN,129,0,129
1952,EVE,6,0,6
1952,EVA,54,0,54
1952,EUNICE,7,0,7
1952,ELLA,12,0,12
1952,ETHEL,35,0,35
1952,ERNA,6,0,6
1952,ENID,7,0,7
1952,EMMA,7,0,7
1952,EMILY,36,0,36
1952,ELVA,8,0,8
1952,ELSIE,27,0,27
1952,ESTHER,49,0,49
1952,DOREEN,91,0,91
1952,HAZEL,27,0,27
1952,HELEN,376,0,376
1952,JO ANN,18,0,18
1952,JO,8,0,8
1952,JILL,78,0,78
1952,JESSIE,18,0,18
1952,JENNY,18,0,18
1952,JENNINE,6,0,6
1952,JO ANNE,26,0,26
1952,JENNIFER,174,0,174
1952,JEANNINE,17,0,17
1952,JEANNIE,6,0,6
1952,JEANNETTE,33,0,33
1952,JEANNE,53,0,53
1952,JEANETTE,39,0,39
1952,JEAN,343,136,207
1952,JENNIE,10,0,10
1952,JAYNE,13,0,13
1952,JO-ANN,68,0,68
1952,JOAN,456,0,456
1952,JUDY,257,0,257
1952,JUDITH,979,0,979
1952,JUANITA,8,0,8
1952,JOYCE,220,0,220
1952,JOY,56,0,56
1952,JOSEPHINE,41,0,41
1952,JO-ANNE,96,0,96
1952,JOHANNE,9,0,9
1952,JODY,11,0,11
1952,JOCELYNE,8,0,8
1952,JOCELYN,19,0,19
1952,JOANNE,454,0,454
1952,JOANNA,11,0,11
1952,JOANN,20,0,20
1952,JOHANNA,22,0,22
1952,HEATHER,474,0,474
1952,JAQUELINE,6,0,6
1952,JANIS,104,7,97
1952,IRENA,11,0,11
1952,INGRID,26,0,26
1952,INFANT,90,47,43
1952,INA,7,0,7
1952,IDA,17,0,17
1952,HUGUETTE,6,0,6
1952,IRENE,218,0,218
1952,HOLLY,53,0,53
1952,HILARY,11,0,11
1952,HENRIETTE,7,0,7
1952,HENRIETTA,6,0,6
1952,HELGA,7,0,7
1952,HELENE,40,0,40
1952,HELENA,17,0,17
1952,HILDA,22,0,22
1952,JANNETTE,6,0,6
1952,IRIS,26,0,26
1952,ISABEL,19,0,19
1952,JANINE,22,0,22
1952,JANINA,6,0,6
1952,JANIE,17,0,17
1952,JANICE,731,0,731
1952,JANETTE,20,0,20
1952,JANET,696,0,696
1952,IRMA,12,0,12
1952,JANE,397,0,397
1952,JAMIE,13,6,7
1952,JACQUELYN,10,0,10
1952,JACQUELINE,221,0,221
1952,ISOBEL,7,0,7
1952,ISABELLE,10,0,10
1952,ISABELLA,9,0,9
1952,JAN,66,47,19
1952,JULIA,68,0,68
1952,DORA,10,0,10
1952,DONELDA,7,0,7
1952,ALEXANDRA,26,0,26
1952,ALEXIS,9,0,9
1952,ALICE,128,0,128
1952,ALIDA,7,0,7
1952,ALINE,13,0,13
1952,ALISON,20,0,20
1952,ALANNA,6,0,6
1952,ALLISON,13,0,13
1952,AMELIA,10,0,10
1952,AMY,13,0,13
1952,ANDREA,64,0,64
1952,ANGELA,61,0,61
1952,ANGELINA,8,0,8
1952,ANITA,75,0,75
1952,ALMA,18,0,18
1952,ANN,275,0,275
1952,ALANA,18,0,18
1952,AGNES,35,0,35
1952,CAROLYNN,7,0,7
1952,CAROLYNE,6,0,6
1952,CAROLYN,232,0,232
1952,CAROLLE,6,0,6
1952,CAROLINE,58,0,58
1952,CAROLE,61,0,61
1952,AILEEN,16,0,16
1952,CAROL-ANNE,10,0,10
1952,CARMEN,41,7,34
1952,CARMEL,7,0,7
1952,CARLA,16,0,16
1952,ADELE,28,0,28
1952,ADRIANA,9,0,9
1952,ADRIENNE,11,0,11
1952,CAROL,874,0,874
1952,CARRIE,6,0,6
1952,ANNA,134,0,134
1952,ANNE-MARIE,10,0,10
1952,BETH,26,0,26
1952,BETTE,11,0,11
1952,BETTY,232,0,232
1952,BEVERLEY,234,7,227
1952,BEVERLY,275,7,268
1952,BLANCHE,15,0,15
1952,BERYL,11,0,11
1952,BONITA,54,0,54
1952,BONNIE,527,0,527
1952,BONNY,29,0,29
1952,BRENDA,998,0,998
1952,BRIDGET,8,0,8
1952,CANDACE,35,0,35
1952,CANDICE,16,0,16
1952,BONNEY,6,0,6
1952,ANNE,400,0,400
1952,BERTHA,14,0,14
1952,BERNADETTE,38,0,38
1952,ANNETTE,36,0,36
1952,ANNIE,30,0,30
1952,ANTOINETTE,14,0,14
1952,APRIL,34,0,34
1952,ARLEEN,6,0,6
1952,ARLENE,104,0,104
1952,BERNICE,45,0,45
1952,AUDREY,80,0,80
1952,BABY,613,362,251
1952,BARBARA,1242,0,1242
1952,BARBARA-ANN,6,0,6
1952,BARBRA,26,0,26
1952,BEATRICE,33,0,33
1952,BECKY,7,0,7
1952,BABE,11,5,6
1952,DONNA,919,0,919
1952,CARROL,9,0,9
1952,CATHERINE,923,0,923
1952,DEBORAH,1365,0,1365
1952,DEBORA,38,0,38
1952,DEBBIE,17,0,17
1952,DEANNA,21,0,21
1952,DAYLE,7,0,7
1952,DAWNA,8,0,8
1952,DEBORRAH,10,0,10
1952,DAWN,76,0,76
1952,DARLINE,6,0,6
1952,DARLENE,316,0,316
1952,DARLEEN,14,0,14
1952,DARLA,7,0,7
1952,DAPHNE,13,0,13
1952,DANUTA,16,0,16
1952,DARYL,41,31,10
1952,DANIELLE,8,0,8
1952,DEBRA,413,0,413
1952,DELLA,9,0,9
1952,DONALDA,7,0,7
1952,DONA,16,0,16
1952,DOLORES,39,0,39
1952,DIXIE,9,0,9
1952,DIANNE,294,0,294
1952,DIANNA,34,0,34
1952,DEBRAH,15,0,15
1952,DIANN,13,0,13
1952,DIANA,204,0,204
1952,DIAN,11,0,11
1952,DENYSE,8,0,8
1952,DENISE,180,0,180
1952,DENICE,12,0,12
1952,DELORES,8,0,8
1952,DIANE,663,0,663
1952,CATHARINE,110,0,110
1952,DANA,55,26,29
1952,DAINA,7,0,7
1952,CHRISTINA,89,0,89
1952,CHRISTENA,6,0,6
1952,CHERYLE,14,0,14
1952,CHERYL,346,0,346
1952,CHERIE,6,0,6
1952,CHARMAINE,27,0,27
1952,CHRISTINE,416,0,416
1952,CHARLOTTE,73,0,73
1952,CECILIA,16,0,16
1952,CECILE,25,0,25
1952,CATHY,63,0,63
1952,CATHRYN,23,0,23
1952,CATHRINE,18,0,18
1952,CATHLEEN,8,0,8
1952,CHARLENE,64,0,64
1952,DALE,240,138,102
1952,CINDY,28,0,28
1952,CLARA,19,0,19
1952,CYNTHIA,149,0,149
1952,CRYSTAL,19,0,19
1952,CORNELIA,9,0,9
1952,CORINNE,26,0,26
1952,CORA,9,0,9
1952,CONSTANCE,137,0,137
1952,CLAIRE,58,0,58
1952,CONNIE,63,0,63
1952,COLLEEN,195,0,195
1952,COLETTE,21,0,21
1952,COLEEN,19,0,19
1952,CLAUDIA,35,0,35
1952,CLAUDETTE,38,0,38
1952,CLARE,19,11,8
1952,COLLETTE,7,0,7
1952,JULIANA,6,0,6
1952,FAITH,13,0,13
1952,JULIETTE,8,0,8
1952,RHODA,12,0,12
1952,RETA,24,0,24
1952,RENEE,15,0,15
1952,RENA,6,0,6
1952,REGINA,13,0,13
1952,REBECCA,54,0,54
1952,RHONDA,64,0,64
1952,RANDI,16,0,16
1952,RACHEL,23,0,23
1952,PRISCILLA,10,0,10
1952,PIERRETTE,15,0,15
1952,PHYLLIS,86,0,86
1952,PHYLIS,6,0,6
1952,PETRA,6,0,6
1952,RACHELLE,10,0,10
1952,PENNY,115,0,115
1952,RITA,115,0,115
1952,ROCHELLE,11,0,11
1952,ROWENA,6,0,6
1952,ROSEMARY,189,0,189
1952,ROSEMARIE,26,0,26
1952,ROSE-MARY,6,0,6
1952,ROSE-MARIE,7,0,7
1952,ROSE,129,0,129
1952,ROBERTA,76,0,76
1952,ROSANNE,21,0,21
1952,ROSALYN,6,0,6
1952,ROSALIND,11,0,11
1952,ROSALIE,28,0,28
1952,ROSA,8,0,8
1952,RONNA,7,0,7
1952,RONDA,8,0,8
1952,ROSANNA,8,0,8
1952,ROXANNE,17,0,17
1952,PENNIE,6,0,6
1952,PEGGY,91,0,91
1952,NOLA,10,0,10
1952,NOELLA,7,0,7
1952,NINA,22,0,22
1952,NICOLE,52,0,52
1952,NEWBORN,35,24,11
1952,NELLIE,18,0,18
1952,NORA,48,0,48
1952,NATALIE,14,0,14
1952,NANCY,1088,0,1088
1952,NADINE,24,0,24
1952,NADIA,10,0,10
1952,MYRTLE,11,0,11
1952,MYRNA,31,0,31
1952,MYRA,10,0,10
1952,NAOMI,13,0,13
1952,PENELOPE,40,0,40
1952,NORAH,7,0,7
1952,NORMA,127,0,127
1952,PEARL,12,0,12
1952,PAULINE,164,0,164
1952,PAULETTE,71,0,71
1952,PAULA,113,0,113
1952,PATTI,18,0,18
1952,PATSY,33,0,33
1952,NOREEN,27,0,27
1952,PATRICIA,1460,0,1460
1952,PATRICA,40,0,40
1952,PAMELA,336,0,336
1952,ORYSIA,8,0,8
1952,OLIVE,9,0,9
1952,OLGA,25,0,25
1952,NOT,31,20,11
1952,PATRICE,10,0,10
1952,RUBY,25,0,25
1952,RUTH,303,0,303
1952,SALLY,59,0,59
1952,VERA,51,0,51
1952,VELMA,15,0,15
1952,VALORIE,7,0,7
1952,VALERIE,320,0,320
1952,VALARIE,6,0,6
1952,TRUDY,50,0,50
1952,VERNA,36,0,36
1952,TONI,8,0,8
1952,THERESE,46,0,46
1952,THERESA,194,0,194
1952,THELMA,19,0,19
1952,TERRY,285,229,56
1952,TERRI,13,0,13
1952,TERESE,6,0,6
1952,TINA,7,0,7
1952,TERESA,144,0,144
1952,VERONICA,40,0,40
1952,VICKIE,17,0,17
1952,YOLANDA,7,0,7
1952,WINNIFRED,13,0,13
1952,WILMA,22,0,22
1952,WILHELMINA,13,0,13
1952,WENDY,565,0,565
1952,WENDA,8,0,8
1952,VICKI,48,0,48
1952,WANDA,93,0,93
1952,VIRGINIA,121,0,121
1952,VIOLET,38,0,38
1952,VIOLA,17,0,17
1952,VIDA,6,0,6
1952,VICTORIA,176,0,176
1952,VICKY,15,0,15
1952,VIVIAN,55,0,55
1952,TANYA,12,0,12
1952,SYLVIA,97,0,97
1952,SUZANNE,266,0,266
1952,SHELLY,17,0,17
1952,YVETTE,12,0,12
1952,JULIE,83,0,83
1952,SHELLEY,106,0,106
1952,SHELAGH,9,0,9
1952,SHEILA,298,0,298
1952,SHERRI,7,0,7
1952,SHARRON,51,0,51
1952,SHARLENE,20,0,20
1952,SHAREN,9,0,9
1952,SHANNON,15,0,15
1952,SARAH,59,0,59
1952,SARA,15,0,15
1952,SANDRA,774,0,774
1952,SHARON,886,0,886
1952,SHERRILL,8,0,8
1952,SHERRY,73,0,73
1952,SHERYL,28,0,28
1952,SUZAN,11,0,11
1952,SUSANNE,66,0,66
1952,SUSANNA,8,0,8
1952,SUSAN,1755,0,1755
1952,SUE,12,0,12
1952,STEPHANIE,47,0,47
1952,STELLA,15,0,15
1952,SOPHIE,12,0,12
1952,SOPHIA,6,0,6
1952,SONYA,10,0,10
1952,SONJA,11,0,11
1952,SONIA,13,0,13
1952,SIMONE,8,0,8
1952,SHIRLEY,439,0,439
1952,SHIELA,13,0,13
1952,MURIELLE,6,0,6
1952,MURIEL,37,0,37
1952,ROBIN,91,47,44
1952,MONIKA,9,0,9
1952,KATHRINE,13,0,13
1952,KATHRYN,444,0,444
1952,KATHY,50,0,50
1952,KATHYRN,6,0,6
1952,KAY,8,0,8
1952,KELLY,19,10,9
1952,KATHLEEN,418,0,418
1952,KERRY,60,35,25
1952,KIMBERLEY,25,12,13
1952,KIMBERLY,24,9,15
1952,KRISTIN,7,0,7
1952,KRISTINA,10,0,10
1952,KRISTINE,22,0,22
1952,KRYSTYNA,21,0,21
1952,KIM,74,49,25
1952,LANA,20,0,20
1952,KATHERINE,292,0,292
1952,KATHALEEN,10,0,10
1952,LUBA,10,0,10
1952,LUANNE,8,0,8
1952,LOUISE,173,0,173
1952,LOUISA,9,0,9
1952,LORRIE,11,5,6
1952,LORRAINE,191,0,191
1952,KATHARINE,38,0,38
1952,LORNA,95,0,95
1952,LORI,17,0,17
1952,LORETTA,51,0,51
1952,JUNE,132,0,132
1952,KAREN,880,0,880
1952,KARIN,20,0,20
1952,KARON,18,0,18
1952,LORIE,8,0,8
1952,LAURA,206,0,206
1952,LAUREEN,7,0,7
1952,LAUREL,54,0,54
1952,LILIAN,14,0,14
1952,LILIANE,7,0,7
1952,LILLIAN,68,0,68
1952,LILY,13,0,13
1952,LINA,7,0,7
1952,LINDA,2136,0,2136
1952,LILA,12,0,12
1952,LINDSAY,14,5,9
1952,LISE,62,0,62
1952,LOIS,190,0,190
1952,LOLA,6,0,6
1952,LORA,6,0,6
1952,LORAINE,15,0,15
1952,LORALEE,6,0,6
1952,LISA,27,0,27
1952,LESLIE,252,134,118
1952,LESLEY,55,6,49
1952,MONIQUE,28,0,28
1952,LOREEN,6,0,6
1952,LAUREN,18,0,18
1952,LAURETTE,10,0,10
1952,LAURIE,120,13,107
1952,LEA,8,0,8
1952,LEAH,22,0,22
1952,LEANNE,13,0,13
1952,LEE,74,40,34
1952,LEIGH,6,0,6
1952,LENA,10,0,10
1952,LENORA,10,0,10
1952,LENORE,15,0,15
1952,LEONA,26,0,26
1952,LESIA,6,0,6
1952,LESLEE,8,0,8
1952,LUCIA,9,0,9
1952,LUCIENNE,7,0,7
1952,LORENE,9,0,9
1952,LUCINDA,15,0,15
1952,MAUREEN,244,0,244
1952,MARYLOU,12,0,12
1952,MARYANNE,11,0,11
1952,MARYANN,14,0,14
1952,MARY-LOU,9,0,9
1952,LUCILLE,53,0,53
1952,MAVIS,6,0,6
1952,MARY-ELLEN,8,0,8
1952,MARY,2577,0,2577
1952,MARTHA,117,0,117
1952,MARTA,16,0,16
1952,MARSHA,53,0,53
1952,MARNIE,6,0,6
1952,MARLYN,9,0,9
1952,MARY-ANN,9,0,9
1952,MARLENE,246,0,246
1952,MAXINE,20,0,20
1952,MEGAN,11,0,11
1952,MONICA,60,0,60
1952,MONA,28,0,28
1952,MOLLY,7,0,7
1952,MOIRA,22,0,22
1952,MIRIAM,29,0,29
1952,MILDRED,42,0,42
1952,MAY,8,0,8
1952,MICHELLE,70,0,70
1952,MICHELE,65,6,59
1952,MERRY,6,0,6
1952,MELODY,32,0,32
1952,MELODIE,8,0,8
1952,MELISSA,8,0,8
1952,MELANIE,37,0,37
1952,MICHELINE,19,0,19
1952,MARLEEN,8,0,8
1952,MARY-JANE,9,0,9
1952,MARJORY,7,0,7
1952,MARCIA,54,0,54
1952,MARCELLA,10,0,10
1952,MARA,6,0,6
1952,MADELINE,26,0,26
1952,MADELEINE,19,0,19
1952,MADELAINE,9,0,9
1952,MARGARET,1048,0,1048
1952,MABEL,9,0,9
1952,MARLA,10,0,10
1952,LYNETTE,9,0,9
1952,LYNDA,342,0,342
1952,LYLA,7,0,7
1952,LYDIA,23,0,23
1952,LUCY,26,0,26
1952,LYNNE,119,0,119
1952,MARGERY,10,0,10
1952,LYNN,246,13,233
1952,MARILYNN,12,0,12
1952,MARGO,45,0,45
1952,MARION,174,0,174
1952,MARINA,11,0,11
1952,MARILYN,521,0,521
1952,MARIETTE,11,0,11
1952,MARIELLE,9,0,9
1952,MARIE,2408,0,2408
1952,MARJORIE,114,0,114
1952,MARIAN,47,0,47
1952,MARIA,113,0,113
1952,MARGUERITE,42,0,42
1952,MARGRET,23,0,23
1952,MARIANNE,39,0,39
1952,MARGOT,16,0,16
1953,OSCAR,5,5,0
1953,PHILLIP,71,71,0
1953,PHILIPPE,6,6,0
1953,PHILIP,294,294,0
1953,PETER,1039,1039,0
1953,PERRY,18,18,0
1953,PAUL,1378,1378,0
1953,PATRICK,397,397,0
1953,PAOLO,5,5,0
1953,PIERRE,58,58,0
1953,OWEN,26,26,0
1953,PERCY,15,15,0
1953,RAYMOND,385,385,0
1953,RANDELL,6,6,0
1953,PIETRO,11,11,0
1953,RAE,7,7,0
1953,RALPH,170,170,0
1953,RANDAL,32,32,0
1953,RANDALL,203,203,0
1953,RANDOLF,8,8,0
1953,RANDOLPH,100,100,0
1953,RANDY,187,187,0
1953,RAY,31,31,0
1953,REAL,9,9,0
1953,ORVILLE,11,11,0
1953,PIETER,15,15,0
1953,OMER,8,8,0
1953,MARTIN,186,186,0
1953,NORMAND,33,33,0
1953,LLOYD,105,105,0
1953,LOREN,7,7,0
1953,LORENZO,7,7,0
1953,LORNE,96,96,0
1953,LOUIS,80,80,0
1953,LUCIANO,5,5,0
1953,LUCIEN,11,11,0
1953,LUIGI,10,10,0
1953,LYLE,42,42,0
1953,MALCOLM,49,49,0
1953,MALE,10,10,0
1953,MANFRED,5,5,0
1953,MARC,60,60,0
1953,MARCEL,60,60,0
1953,MAREK,5,5,0
1953,MARINUS,8,8,0
1953,MARIO,35,35,0
1953,LIONEL,24,24,0
1953,MARIUS,5,5,0
1953,LEWIS,20,20,0
1953,LEROY,6,6,0
1953,KIRK,47,47,0
1953,REED,5,5,0
1953,KLAAS,8,8,0
1953,KURT,9,9,0
1953,LAIRD,7,7,0
1953,LANCE,19,19,0
1953,LARRY,557,557,0
1953,LAURENCE,37,37,0
1953,LAURENT,9,9,0
1953,LAURIER,6,6,0
1953,LAVERNE,5,5,0
1953,LAWRENCE,379,379,0
1953,LENARD,15,15,0
1953,LENNARD,7,7,0
1953,LEO,81,81,0
1953,LEON,17,17,0
1953,LEONARD,219,219,0
1953,LESTER,15,15,0
1953,MARK,533,533,0
1953,MARLIN,5,5,0
1953,MARSHALL,12,12,0
1953,MORLEY,10,10,0
1953,MORRIS,23,23,0
1953,MURRAY,190,190,0
1953,MURRY,5,5,0
1953,MYLES,10,10,0
1953,MYRON,10,10,0
1953,NATHAN,6,6,0
1953,NEAL,11,11,0
1953,NEIL,145,145,0
1953,NELSON,32,32,0
1953,NICHOLAS,62,62,0
1953,NICKOLAS,8,8,0
1953,NICOLA,5,5,0
1953,NIGEL,6,6,0
1953,NOEL,9,9,0
1953,NORBERT,8,8,0
1953,NORMAN,302,302,0
1953,MONTE,6,6,0
1953,MITCHELL,21,21,0
1953,MILTON,17,17,0
1953,MILES,12,12,0
1953,MARTINUS,9,9,0
1953,MARVIN,35,35,0
1953,MATHEW,6,6,0
1953,MATTHEW,40,40,0
1953,MAURICE,81,81,0
1953,MAX,7,7,0
1953,MAXWELL,10,10,0
1953,MELVILLE,7,7,0
1953,OLIVER,5,5,0
1953,MELVIN,50,50,0
1953,MERVIN,19,19,0
1953,MERVYN,9,9,0
1953,MICHAEL,2064,2064,0
1953,MICHAL,6,6,0
1953,MICHEAL,114,114,0
1953,MICHEL,127,127,0
1953,MIKE,8,8,0
1953,MILAN,5,5,0
1953,MERRILL,6,6,0
1953,REGINALD,89,89,0
1953,VERN,5,5,0
1953,REJEAN,9,9,0
1953,TREVOR,29,29,0
1953,TONY,16,16,0
1953,TOMMY,6,6,0
1953,TODD,9,9,0
1953,TIMOTHY,411,411,0
1953,THOMAS,1196,1196,0
1953,THEODORUS,12,12,0
1953,THEODORE,53,53,0
1953,THEODOR,5,5,0
1953,TERRENCE,98,98,0
1953,TERRANCE,140,140,0
1953,VAUGHAN,5,5,0
1953,TERENCE,68,68,0
1953,TEDDY,18,18,0
1953,TED,23,23,0
1953,TARAS,6,6,0
1953,TADEUSZ,12,12,0
1953,SYDNEY,18,18,0
1953,STUART,78,78,0
1953,STEWART,68,68,0
1953,STEVEN,504,504,0
1953,STEVE,16,16,0
1953,STEPHEN,856,856,0
1953,STEPHAN,20,20,0
1953,TERANCE,6,6,0
1953,VAUGHN,10,10,0
1953,VERNE,7,7,0
1953,VERNON,42,42,0
1953,KIRBY,6,6,0
1953,YVES,6,6,0
1953,WRAY,9,9,0
1953,WILSON,6,6,0
1953,WILLIE,5,5,0
1953,WILLIAM,2293,2293,0
1953,WILLEM,8,8,0
1953,WILLARD,7,7,0
1953,WILHELMUS,8,8,0
1953,WILFRID,14,14,0
1953,WILFRED,56,56,0
1953,WILBERT,10,10,0
1953,WESLEY,46,46,0
1953,WERNER,10,10,0
1953,WENDELL,6,6,0
1953,WAYNE,657,657,0
1953,WASYL,5,5,0
1953,WARREN,82,82,0
1953,WALTER,206,206,0
1953,WALLACE,33,33,0
1953,WADE,15,15,0
1953,VLADIMIR,5,5,0
1953,VINCENZO,5,5,0
1953,VINCENT,62,62,0
1953,VICTOR,115,115,0
1953,STEFAN,10,10,0
1953,STANLEY,199,199,0
1953,SPENCER,10,10,0
1953,SIMON,20,20,0
1953,ROMEO,7,7,0
1953,ROMAN,39,39,0
1953,ROLLAND,8,8,0
1953,ROLAND,35,35,0
1953,ROGER,302,302,0
1953,ROELOF,5,5,0
1953,RODNEY,156,156,0
1953,RODGER,33,33,0
1953,RODERICK,68,68,0
1953,ROCKY,8,8,0
1953,ROBERTO,8,8,0
1953,ROBERT,3326,3326,0
1953,ROBBIE,5,5,0
1953,RITCHIE,5,5,0
1953,RINO,6,6,0
1953,RICKY,89,89,0
1953,RICKIE,5,5,0
1953,RICKEY,41,41,0
1953,RICK,14,14,0
1953,RICHARD,1972,1972,0
1953,RICARDO,6,6,0
1953,RHEAL,10,10,0
1953,REYNOLD,8,8,0
1953,REX,7,7,0
1953,RENE,38,38,0
1953,RONALD,1175,1175,0
1953,REID,9,9,0
1953,RONNIE,22,22,0
1953,RORY,8,8,0
1953,SIDNEY,30,30,0
1953,SHELDON,30,30,0
1953,SHAWN,44,44,0
1953,SHAUN,13,13,0
1953,SHANE,13,13,0
1953,SERGIO,6,6,0
1953,SERGE,14,14,0
1953,SEAN,17,17,0
1953,SCOTT,85,85,0
1953,SANFORD,6,6,0
1953,SANDY,5,5,0
1953,SAMUEL,58,58,0
1953,SAM,9,9,0
1953,SALVATORE,17,17,0
1953,RYSZARD,11,11,0
1953,RYAN,7,7,0
1953,RUSSELL,104,104,0
1953,RUSSEL,16,16,0
1953,RUDY,7,7,0
1953,RUDOLPH,7,7,0
1953,RUDOLF,7,7,0
1953,ROYDEN,5,5,0
1953,ROYAL,8,8,0
1953,ROY,179,179,0
1953,ROSS,149,149,0
1953,RONNY,5,5,0
1953,KIETH,9,9,0
1953,ANTONIO,26,26,0
1953,KENT,9,9,0
1953,CURTIS,20,20,0
1953,CRISTOPHER,5,5,0
1953,CRAIG,139,139,0
1953,CORNELIUS,19,19,0
1953,CORNELIS,9,9,0
1953,CONRAD,16,16,0
1953,COLIN,81,81,0
1953,CLYDE,18,18,0
1953,CLIVE,9,9,0
1953,CLINTON,16,16,0
1953,CLIFTON,5,5,0
1953,CLIFFORD,122,122,0
1953,CLAYTON,27,27,0
1953,CLAUS,5,5,0
1953,CLAUDE,74,74,0
1953,CLARKE,6,6,0
1953,CLARK,11,11,0
1953,CAREY,8,8,0
1953,CARL,137,137,0
1953,CARMAN,8,8,0
1953,CARSON,11,11,0
1953,CARY,5,5,0
1953,CECIL,36,36,0
1953,CYRIL,13,13,0
1953,CHARLES,590,590,0
1953,CHRIS,13,13,0
1953,CHRISTIAN,12,12,0
1953,CHRISTOPHER,368,368,0
1953,CLAIR,6,6,0
1953,CLARE,11,11,0
1953,CLARENCE,57,57,0
1953,CHESTER,16,16,0
1953,DALTON,6,6,0
1953,DAN,12,12,0
1953,DANE,5,5,0
1953,DIRK,7,7,0
1953,DOMENICO,13,13,0
1953,DOMINIC,7,7,0
1953,DON,12,12,0
1953,DONALD,1363,1363,0
1953,DONNIE,5,5,0
1953,DIETER,6,6,0
1953,DOUGLAS,1149,1149,0
1953,DUNCAN,31,31,0
1953,DWAYNE,6,6,0
1953,DWIGHT,48,48,0
1953,EARL,90,90,0
1953,EARLE,8,8,0
1953,EARNEST,5,5,0
1953,DUANE,14,14,0
1953,CAMPBELL,5,5,0
1953,DICK,7,7,0
1953,DEREK,56,56,0
1953,DANIAL,11,11,0
1953,DANIEL,812,812,0
1953,DANNY,127,127,0
1953,D'ARCY,6,6,0
1953,DARREL,9,9,0
1953,DARRELL,54,54,0
1953,DERRICK,14,14,0
1953,DARRYL,33,33,0
1953,DARYL,29,29,0
1953,DAVID,3046,3046,0
1953,DEAN,70,70,0
1953,DELBERT,13,13,0
1953,DENIS,124,124,0
1953,DENNIS,521,521,0
1953,DARWIN,6,6,0
1953,EDDIE,7,7,0
1953,CAMERON,62,62,0
1953,BYRON,17,17,0
1953,ARMAND,12,12,0
1953,ARIE,6,6,0
1953,ARCHIE,18,18,0
1953,ARCHIBALD,7,7,0
1953,ANTONIUS,6,6,0
1953,YVON,27,27,0
1953,ANTHONY,216,216,0
1953,ANGUS,14,14,0
1953,ANGELO,22,22,0
1953,ANDY,5,5,0
1953,ANDREW,209,209,0
1953,ANDREAS,7,7,0
1953,ANDRE,52,52,0
1953,ALVIN,36,36,0
1953,ALLISTER,5,5,0
1953,ALLEN,131,131,0
1953,ALLAN,358,358,0
1953,AARON,10,10,0
1953,ADAM,9,9,0
1953,ADRIAAN,6,6,0
1953,ADRIAN,12,12,0
1953,ADRIANUS,7,7,0
1953,ADRIEN,5,5,0
1953,ARNOLD,60,60,0
1953,ALAIN,8,8,0
1953,ALBERT,173,173,0
1953,ALDO,7,7,0
1953,ALEC,5,5,0
1953,ALEX,16,16,0
1953,ALEXANDER,161,161,0
1953,ALFRED,73,73,0
1953,ALAN,354,354,0
1953,ARTHUR,245,245,0
1953,AUBREY,14,14,0
1953,BABE,7,7,0
1953,BRADFORD,17,17,0
1953,BRADLEY,186,186,0
1953,BRENT,60,60,0
1953,BRETT,15,15,0
1953,BRIAN,1296,1296,0
1953,BRIEN,6,6,0
1953,BRAD,16,16,0
1953,BROCK,5,5,0
1953,BRUNO,15,15,0
1953,BRYAN,123,123,0
1953,BRYCE,6,6,0
1953,BRYON,14,14,0
1953,BUDDY,5,5,0
1953,BURTON,8,8,0
1953,BRUCE,617,617,0
1953,CALVIN,55,55,0
1953,BOYD,5,5,0
1953,BOHDAN,23,23,0
1953,BARRIE,7,7,0
1953,BARRY,362,362,0
1953,BARTON,6,6,0
1953,BASIL,16,16,0
1953,BENJAMIN,22,22,0
1953,BERNARD,112,112,0
1953,BORIS,12,12,0
1953,BERNHARD,5,5,0
1953,BERTRAM,8,8,0
1953,BILL,10,10,0
1953,BLAINE,20,20,0
1953,BLAIR,44,44,0
1953,BLAKE,24,24,0
1953,BOB,8,8,0
1953,BERT,6,6,0
1953,EDDY,13,13,0
1953,EDGAR,25,25,0
1953,EDMOND,21,21,0
1953,JEAN-PAUL,7,7,0
1953,JAY,32,32,0
1953,JASON,7,7,0
1953,JAROSLAW,5,5,0
1953,JAMES,2335,2335,0
1953,JACQUES,38,38,0
1953,JACQUE,10,10,0
1953,JACOBUS,10,10,0
1953,JACOB,22,22,0
1953,JACKIE,16,16,0
1953,JACK,119,119,0
1953,J,7,7,0
1953,IVAN,51,51,0
1953,ISAAC,10,10,0
1953,IRWIN,10,10,0
1953,IRVING,8,8,0
1953,IRA,9,9,0
1953,HARVEY,63,63,0
1953,HECTOR,11,11,0
1953,HENDRIK,16,16,0
1953,HENRI,6,6,0
1953,HENRY,150,150,0
1953,HENRYK,9,9,0
1953,JEFFERY,31,31,0
1953,HERBERT,79,79,0
1953,HERMANUS,5,5,0
1953,HOWARD,165,165,0
1953,HUBERT,16,16,0
1953,HUGH,75,75,0
1953,IAN,241,241,0
1953,IHOR,7,7,0
1953,HERMAN,10,10,0
1953,JEFFREY,240,240,0
1953,JERALD,5,5,0
1953,JEREMY,6,6,0
1953,JONATHAN,26,26,0
1953,JOS,20,20,0
1953,JOSEF,8,8,0
1953,JOSEPH,3355,3355,0
1953,JOSEPHE,7,7,0
1953,JOSEPH-MICHEL,5,5,0
1953,JON,24,24,0
1953,JOZEF,7,7,0
1953,JULIUS,5,5,0
1953,KARL,61,61,0
1953,KEITH,274,274,0
1953,KELLY,13,13,0
1953,KELVIN,11,11,0
1953,KENNETH,1063,1063,0
1953,JULIAN,9,9,0
1953,HARRY,160,160,0
1953,JOHNY,7,7,0
1953,JOHN,3513,3513,0
1953,JEROME,27,27,0
1953,JERROLD,7,7,0
1953,JERRY,109,109,0
1953,JERZY,5,5,0
1953,JESSE,5,5,0
1953,JIM,9,9,0
1953,JOHNNY,27,27,0
1953,JIMMY,17,17,0
1953,JOE,11,11,0
1953,JOEL,32,32,0
1953,JOESEPH,8,8,0
1953,JOESPH,12,12,0
1953,JOHAN,5,5,0
1953,JOHANNES,32,32,0
1953,JOACHIM,6,6,0
1953,HAROLD,186,186,0
1953,HANS,10,10,0
1953,HAL,6,6,0
1953,FRANCO,13,13,0
1953,FRANCOIS,16,16,0
1953,FRANK,263,263,0
1953,FRANKLIN,32,32,0
1953,FRANKLYN,5,5,0
1953,FRASER,9,9,0
1953,FRANCESCO,12,12,0
1953,FRED,29,29,0
1953,FREDERICK,279,279,0
1953,FREDERIK,7,7,0
1953,FREDRICK,70,70,0
1953,GABRIEL,11,11,0
1953,GAETAN,22,22,0
1953,GARFIELD,18,18,0
1953,FREDERIC,10,10,0
1953,GARNET,17,17,0
1953,FORD,6,6,0
1953,FERNAND,12,12,0
1953,EDMUND,20,20,0
1953,EDWARD,630,630,0
1953,EDWIN,75,75,0
1953,ELDON,17,17,0
1953,ELMER,15,15,0
1953,ELWIN,5,5,0
1953,FLOYD,22,22,0
1953,EMERSON,5,5,0
1953,ERIC,211,211,0
1953,ERNEST,113,113,0
1953,EUGENE,60,60,0
1953,EVAN,17,17,0
1953,EVERETT,10,10,0
1953,FELIX,8,8,0
1953,EMILE,12,12,0
1953,KEVIN,271,271,0
1953,GARRY,184,184,0
1953,GARY,974,974,0
1953,GINO,7,7,0
1953,GIOVANNI,9,9,0
1953,GIUSEPPE,19,19,0
1953,GLEN,175,175,0
1953,GLENDON,7,7,0
1953,GLENN,279,279,0
1953,GILLES,28,28,0
1953,GORDON,563,563,0
1953,GRAHAM,56,56,0
1953,GRANT,88,88,0
1953,GREGG,13,13,0
1953,GREGOR,5,5,0
1953,GREGORY,477,477,0
1953,GUY,88,88,0
1953,GRAEME,7,7,0
1953,GARTH,23,23,0
1953,GILES,6,6,0
1953,GERRY,13,13,0
1953,GASTON,10,10,0
1953,GAVIN,6,6,0
1953,GEERT,5,5,0
1953,GENE,18,18,0
1953,GEOFFREY,62,62,0
1953,GEORGE,638,638,0
1953,GILBERT,50,50,0
1953,GEORGES,6,6,0
1953,GERARD,66,66,0
1953,GERARDUS,6,6,0
1953,GERHARD,10,10,0
1953,GERMAIN,7,7,0
1953,GERRARD,7,7,0
1953,GERRIT,9,9,0
1953,GERALD,471,471,0
1953,ZENON,8,8,0
1953,MAUREEN,258,0,258
1953,NADIA,17,0,17
1953,MARIA,145,0,145
1953,MARIAN,61,0,61
1953,MARIANNE,52,0,52
1953,MARIE,2531,0,2531
1953,MARIETTE,10,0,10
1953,MARILYN,589,0,589
1953,MARI,6,0,6
1953,MARILYNN,8,0,8
1953,MARION,141,0,141
1953,MARJORIE,105,0,105
1953,MARJORY,9,0,9
1953,MARLA,13,0,13
1953,MARLENE,255,0,255
1953,MARLYN,14,0,14
1953,MARINA,14,0,14
1953,MARGUERITE,32,0,32
1953,MARGRET,17,0,17
1953,MARGOT,17,0,17
1953,LYNDA,305,0,305
1953,LYNETTE,8,0,8
1953,LYNN,274,12,262
1953,LYNNE,110,0,110
1953,MABEL,10,0,10
1953,MABLE,6,0,6
1953,MADELAINE,8,0,8
1953,MADELEINE,22,0,22
1953,MADELINE,15,0,15
1953,MAE,7,0,7
1953,MARCELLA,10,0,10
1953,MARCIA,52,0,52
1953,MARGARET,1017,0,1017
1953,MARGARETE,7,0,7
1953,MARGO,40,0,40
1953,MARNIE,15,0,15
1953,MARSHA,75,0,75
1953,MARTA,15,0,15
1953,MARTHA,111,0,111
1953,MERLE,14,6,8
1953,MERRY,6,0,6
1953,MICHELE,81,8,73
1953,MICHELINE,11,0,11
1953,MICHELLE,88,0,88
1953,MILDRED,33,0,33
1953,MIRIAM,29,0,29
1953,MOIRA,12,0,12
1953,MOLLY,7,0,7
1953,MONA,29,0,29
1953,MONICA,54,0,54
1953,MONIKA,11,0,11
1953,MONIQUE,41,0,41
1953,MURIEL,38,0,38
1953,MYRA,17,0,17
1953,MEREDITH,6,0,6
1953,LYLA,7,0,7
1953,MELODY,21,0,21
1953,MELINDA,17,0,17
1953,MARTINA,6,0,6
1953,MARY,2536,0,2536
1953,MARY-ANN,10,0,10
1953,MARY-ELLEN,11,0,11
1953,MARY-LOU,12,0,12
1953,MARY-LYNN,6,0,6
1953,MARYANN,23,0,23
1953,MARYANNE,17,0,17
1953,MARYJANE,7,0,7
1953,MARYLOU,11,0,11
1953,MARYLYN,7,0,7
1953,MAVIS,14,0,14
1953,MAXINE,36,0,36
1953,MAY,17,0,17
1953,MELANIE,24,0,24
1953,MELISSA,6,0,6
1953,LYDIA,31,0,31
1953,LUCY,31,0,31
1953,LUCILLE,46,0,46
1953,KRISTINA,7,0,7
1953,KRISTINE,22,0,22
1953,KRYSTYNA,14,0,14
1953,LANA,33,0,33
1953,LAURA,226,0,226
1953,LAUREEN,7,0,7
1953,LAUREL,60,0,60
1953,LAUREN,13,0,13
1953,LAURETTE,7,0,7
1953,LAURIE,143,21,122
1953,LEA,11,0,11
1953,LEAH,19,0,19
1953,LEE,79,43,36
1953,LEEANNE,7,0,7
1953,LEIGH,8,0,8
1953,KIMBERLY,39,25,14
1953,LEILA,8,0,8
1953,KIMBERLEY,42,17,25
1953,KERRY,55,35,20
1953,KARON,9,0,9
1953,KATHALEEN,6,0,6
1953,KATHARINE,39,0,39
1953,KATHELEEN,8,0,8
1953,KATHERINE,326,0,326
1953,KATHERYN,7,0,7
1953,KATHIE,12,0,12
1953,KATHLEEN,443,0,443
1953,KATHRINE,12,0,12
1953,KATHRYN,389,0,389
1953,KATHRYNE,7,0,7
1953,KATHY,63,0,63
1953,KATHYRN,6,0,6
1953,KAY,6,0,6
1953,KEITHA,6,0,6
1953,KIM,125,69,56
1953,MYRNA,23,0,23
1953,LENA,18,0,18
1953,LENORE,10,0,10
1953,LOREEN,7,0,7
1953,LORETTA,56,0,56
1953,LORI,48,0,48
1953,LORIE,11,0,11
1953,LORNA,80,0,80
1953,LORRAINE,199,0,199
1953,LORRIE,12,0,12
1953,LOU,17,0,17
1953,LOU-ANN,9,0,9
1953,LOUISE,184,0,184
1953,LU ANN,8,0,8
1953,LUANNE,18,0,18
1953,LUBA,11,0,11
1953,LUCIA,17,0,17
1953,LUCIE,14,0,14
1953,LORAINE,15,0,15
1953,LENORA,9,0,9
1953,LORA,11,0,11
1953,LISE,72,0,72
1953,LEONA,47,0,47
1953,LESIA,7,0,7
1953,LESLEE,7,0,7
1953,LESLEY,53,0,53
1953,LESLIE,275,127,148
1953,LIDIA,7,0,7
1953,LILA,13,0,13
1953,LILIAN,10,0,10
1953,LILIANE,9,0,9
1953,LILLIAN,59,0,59
1953,LILY,16,0,16
1953,LINA,10,0,10
1953,LINDA,1841,0,1841
1953,LINDSAY,24,16,8
1953,LISA,33,0,33
1953,LOIS,161,0,161
1953,NADINE,22,0,22
1953,NANCY,1070,0,1070
1953,NAOMI,14,0,14
1953,SONYA,9,0,9
1953,SOPHIA,9,0,9
1953,SOPHIE,6,0,6
1953,STELLA,28,0,28
1953,STEPHANIE,42,0,42
1953,SUE,17,0,17
1953,SUSAN,1877,0,1877
1953,SUSANE,8,0,8
1953,SUSANNA,18,0,18
1953,SUSANNE,93,0,93
1953,SUZAN,19,0,19
1953,SUZANNE,311,0,311
1953,SYLVIA,97,0,97
1953,TANYA,10,0,10
1953,TERESA,163,0,163
1953,SONJA,11,0,11
1953,TERRI,10,0,10
1953,SONIA,13,0,13
1953,SILVIA,9,0,9
1953,SHARLENE,10,0,10
1953,SHARON,895,0,895
1953,SHARRON,42,0,42
1953,SHEILA,269,0,269
1953,SHELAGH,10,0,10
1953,SHELLEY,121,0,121
1953,SHELLY,21,0,21
1953,SHERRI,15,0,15
1953,SHERRILL,7,0,7
1953,SHERRY,85,0,85
1953,SHERYL,35,0,35
1953,SHIELA,6,0,6
1953,SHIRLEY,421,0,421
1953,SHIRLY,6,0,6
1953,SILVANA,13,0,13
1953,SIMONE,6,0,6
1953,SHAREN,11,0,11
1953,TERRIE,7,0,7
1953,THELMA,18,0,18
1953,VICKY,21,0,21
1953,VICTORIA,172,0,172
1953,VIOLA,17,0,17
1953,VIOLET,31,0,31
1953,VIRGINIA,132,0,132
1953,VIVIAN,60,0,60
1953,WANDA,99,0,99
1953,WENDA,6,0,6
1953,WENDY,716,0,716
1953,WILHELMINA,14,0,14
1953,WILMA,39,0,39
1953,WINNIFRED,13,0,13
1953,YOLANDE,9,0,9
1953,YVETTE,18,0,18
1953,YVONNE,122,0,122
1953,VICKIE,19,0,19
1953,TERRY,366,304,62
1953,VICKI,59,0,59
1953,VERNA,34,0,34
1953,THEODORA,7,0,7
1953,THERESA,176,0,176
1953,THERESE,36,0,36
1953,TINA,11,0,11
1953,TONI,13,0,13
1953,TRUDY,50,0,50
1953,UNNAMED,7,0,7
1953,URSULA,8,0,8
1953,VALARIE,15,0,15
1953,VALERIE,286,0,286
1953,VALORIE,10,0,10
1953,VANDA,7,0,7
1953,VANESSA,11,0,11
1953,VELMA,11,0,11
1953,VERA,38,0,38
1953,VERONICA,37,0,37
1953,KARIN,21,0,21
1953,SHANNON,19,0,19
1953,SARA,22,0,22
1953,PATRICA,53,0,53
1953,PATRICE,14,0,14
1953,PATRICIA,1479,0,1479
1953,PATSY,38,0,38
1953,PATTI,28,0,28
1953,PAULA,154,0,154
1953,PAULETTE,63,0,63
1953,PAULINE,147,0,147
1953,PEARL,19,0,19
1953,PEGGY,114,0,114
1953,PENELOPE,46,0,46
1953,PENNY,101,0,101
1953,PHILLIS,6,0,6
1953,PHYLLIS,97,0,97
1953,PIERRETTE,9,0,9
1953,PAMELLA,9,0,9
1953,PRISCILLA,12,0,12
1953,PAMELA,435,0,435
1953,OLGA,32,0,32
1953,NATALIE,16,0,16
1953,NELDA,6,0,6
1953,NELLIE,13,0,13
1953,NELLY,8,0,8
1953,NEWBORN,6,0,6
1953,NICOLE,51,0,51
1953,NICOLETTE,6,0,6
1953,NINA,23,0,23
1953,NORA,62,0,62
1953,NORAH,12,0,12
1953,NOREEN,26,0,26
1953,NORINE,6,0,6
1953,NORMA,136,0,136
1953,NOT,30,18,12
1953,OKSANA,6,0,6
1953,OLIVE,11,0,11
1953,SARAH,38,0,38
1953,RACHEL,38,0,38
1953,RAMONA,16,0,16
1953,ROSALYN,10,0,10
1953,ROSANNA,8,0,8
1953,ROSANNE,30,0,30
1953,ROSE,128,0,128
1953,ROSEANNA,6,0,6
1953,ROSEANNE,8,0,8
1953,ROSEMARIE,40,0,40
1953,ROSEMARY,191,0,191
1953,ROSLYN,7,0,7
1953,ROXANNE,31,0,31
1953,RUBY,24,0,24
1953,RUTH,334,0,334
1953,RUTHANNE,6,0,6
1953,SALLY,69,0,69
1953,SANDRA,860,0,860
1953,ROSALIND,14,0,14
1953,RACHELLE,17,0,17
1953,ROSALIE,20,0,20
1953,ROSA,17,0,17
1953,REBECCA,75,0,75
1953,REGINA,9,0,9
1953,RENA,8,0,8
1953,RENATE,6,0,6
1953,RENEE,21,0,21
1953,RETA,12,0,12
1953,RHODA,10,0,10
1953,RHONDA,103,0,103
1953,RITA,145,0,145
1953,ROBERTA,96,0,96
1953,ROBIN,158,75,83
1953,ROBYN,7,0,7
1953,ROCHELLE,15,0,15
1953,ROMA,7,0,7
1953,RONDA,6,0,6
1953,ROSALEE,6,0,6
1953,KAREN,986,0,986
1953,LUCINDA,13,0,13
1953,JULIET,10,0,10
1953,CHRISTENA,7,0,7
1953,CHRISTINA,83,0,83
1953,CHRISTINE,461,0,461
1953,CINDY,46,0,46
1953,CLAIRE,42,0,42
1953,CLARA,26,0,26
1953,CLAUDETTE,34,0,34
1953,CLAUDIA,24,0,24
1953,COLEEN,22,0,22
1953,COLETTE,20,0,20
1953,COLLEEN,219,0,219
1953,CONNIE,84,0,84
1953,CONSTANCE,130,0,130
1953,CORA,9,0,9
1953,CORINNE,48,0,48
1953,CHERYLE,9,0,9
1953,CORNELIA,26,0,26
1953,CHERYL,455,0,455
1953,CHARMAINE,22,0,22
1953,JUNE,107,0,107
1953,CATERINA,6,0,6
1953,CATHARINE,91,0,91
1953,CATHERINE,969,0,969
1953,CATHIE,6,0,6
1953,CATHLEEN,13,0,13
1953,CATHRINE,17,0,17
1953,CATHRYN,22,0,22
1953,CATHY,92,0,92
1953,CECILE,34,0,34
1953,CECILIA,17,0,17
1953,CELESTE,6,0,6
1953,CELIA,6,0,6
1953,CHARLENE,77,0,77
1953,CHARLOTTE,63,0,63
1953,CHERIE,6,0,6
1953,CARRIE,14,0,14
1953,CRYSTAL,16,0,16
1953,DALE,355,216,139
1953,DEBRA,888,0,888
1953,DEBRAH,19,0,19
1953,DELLA,18,0,18
1953,DELORES,20,0,20
1953,DENISE,227,0,227
1953,DIAN,6,0,6
1953,DIANA,205,0,205
1953,DIANE,639,0,639
1953,DIANNA,23,0,23
1953,DIANNE,283,0,283
1953,DINAH,6,0,6
1953,DIXIE,10,0,10
1953,DOLORES,26,0,26
1953,DONA,15,0,15
1953,DONALDA,11,0,11
1953,DEBORRAH,7,0,7
1953,CYNTHIA,239,0,239
1953,DEBORHA,6,0,6
1953,DEBORA,65,0,65
1953,DANA,48,27,21
1953,DANIELLE,13,0,13
1953,DANUTA,9,0,9
1953,DAPHNE,18,0,18
1953,DARCY,32,22,10
1953,DARIA,7,0,7
1953,DARLA,7,0,7
1953,DARLEEN,9,0,9
1953,DARLENE,353,0,353
1953,DAWN,115,0,115
1953,DEANNA,14,0,14
1953,DEBBIE,26,0,26
1953,DEBBRA,11,0,11
1953,DEBBY,9,0,9
1953,DEBERA,7,0,7
1953,DEBORAH,1670,0,1670
1953,DONNA,999,0,999
1953,CAROLYN,262,0,262
1953,CAROLINE,74,0,74
1953,AMELIA,9,0,9
1953,AMY,14,0,14
1953,ANDREA,65,0,65
1953,ANGELA,82,0,82
1953,ANGELINA,10,0,10
1953,ANGELINE,7,0,7
1953,ANITA,87,0,87
1953,ANN,276,0,276
1953,ANNA,183,0,183
1953,ANNE,422,0,422
1953,ANNE-MARIE,11,0,11
1953,ANNETTE,44,0,44
1953,ANNIE,37,0,37
1953,ANTOINETTE,13,0,13
1953,ANTONIA,8,0,8
1953,AMANDA,8,0,8
1953,APRIL,36,0,36
1953,ALTHEA,6,0,6
1953,ALLISON,12,0,12
1953,ADA,15,0,15
1953,ADELE,31,0,31
1953,ADELINE,8,0,8
1953,ADRIANA,7,0,7
1953,ADRIENNE,17,0,17
1953,AGNES,34,0,34
1953,AILEEN,11,0,11
1953,ALANA,12,0,12
1953,ALANNA,7,0,7
1953,ALBERTA,6,0,6
1953,ALEXANDRA,15,0,15
1953,ALEXIS,13,0,13
1953,ALICE,106,0,106
1953,ALINE,11,0,11
1953,ALISON,39,0,39
1953,ALMA,16,0,16
1953,CAROLLE,8,0,8
1953,ARLENE,132,0,132
1953,AVA,7,0,7
1953,BONNIE,431,0,431
1953,BONNY,20,0,20
1953,BRENDA,979,0,979
1953,BRIDGET,9,0,9
1953,BRIGITTE,8,0,8
1953,CANDACE,35,0,35
1953,CANDICE,21,0,21
1953,CARLA,29,0,29
1953,CARMEL,7,0,7
1953,CARMELA,7,0,7
1953,CARMEN,58,15,43
1953,CAROL,879,0,879
1953,CAROL-ANN,7,0,7
1953,CAROLE,66,0,66
1953,CAROLINA,6,0,6
1953,BONITA,67,0,67
1953,AUDREY,85,0,85
1953,BLANCHE,9,0,9
1953,BEVERLY,332,14,318
1953,BABY,634,359,275
1953,BARBARA,1205,0,1205
1953,BARBRA,22,0,22
1953,BEATRICE,29,0,29
1953,BECKY,9,0,9
1953,BENITA,6,0,6
1953,BERNADETTE,38,0,38
1953,BERNICE,61,0,61
1953,BERTHA,20,0,20
1953,BERYL,11,0,11
1953,BETH,31,0,31
1953,BETSY,9,0,9
1953,BETTE,14,0,14
1953,BETTY,216,0,216
1953,BEVERLEY,175,5,170
1953,BILLIE,6,0,6
1953,DORA,16,0,16
1953,CARROL,11,0,11
1953,JULIE,117,0,117
1953,ISOBEL,11,0,11
1953,IVA,7,0,7
1953,IVY,9,0,9
1953,JACQUELINE,225,0,225
1953,JACQUELYN,14,0,14
1953,JAMIE,24,7,17
1953,ISABELLE,6,0,6
1953,JAN,58,40,18
1953,JANET,763,0,763
1953,JANETTE,25,0,25
1953,JANICE,663,0,663
1953,JANIE,21,0,21
1953,JANINA,7,0,7
1953,JANINE,23,0,23
1953,JANE,412,0,412
1953,ISABELLA,8,0,8
1953,ISABEL,24,0,24
1953,IRMA,9,0,9
1953,HELENA,23,0,23
1953,HELENE,36,0,36
1953,HELGA,18,0,18
1953,HENRIETTA,7,0,7
1953,HENRIETTE,8,0,8
1953,HILDA,24,0,24
1953,HOLLY,77,0,77
1953,HUGUETTE,7,0,7
1953,IDA,25,0,25
1953,ILONA,6,0,6
1953,INFANT,90,53,37
1953,INGRID,37,0,37
1953,IRENA,17,0,17
1953,IRENE,214,0,214
1953,IRIS,29,0,29
1953,JAQUELINE,9,0,9
1953,JAYNE,20,0,20
1953,JEAN,312,112,200
1953,JEANETTE,55,0,55
1953,JOANNE,506,0,506
1953,JOCELYN,28,0,28
1953,JOCELYNE,12,0,12
1953,JODY,10,0,10
1953,JOHANNA,45,0,45
1953,JOHANNE,8,0,8
1953,JOSEPHINE,59,0,59
1953,JOY,57,0,57
1953,JOYCE,203,0,203
1953,JUANITA,6,0,6
1953,JUDITH,840,0,840
1953,JUDY,277,0,277
1953,JULIA,93,0,93
1953,JULIANNE,9,0,9
1953,DOREEN,81,0,81
1953,JOANNA,23,0,23
1953,HELEN,374,0,374
1953,JOANN,27,0,27
1953,JO-ANNE,101,0,101
1953,JEANINE,9,0,9
1953,JEANNE,43,0,43
1953,JEANNETTE,32,0,32
1953,JEANNIE,7,0,7
1953,JEANNINE,13,0,13
1953,JENNIFER,190,0,190
1953,JENNY,16,0,16
1953,JESSICA,9,0,9
1953,JESSIE,17,0,17
1953,JILL,91,0,91
1953,JILLIAN,7,0,7
1953,JO,8,0,8
1953,JO ANN,25,0,25
1953,JO ANNE,28,0,28
1953,JO-ANN,57,0,57
1953,JOAN,425,0,425
1953,HEATHER,514,0,514
1953,JANIS,81,6,75
1953,HARRIET,10,0,10
1953,EMMA,8,0,8
1953,ENID,11,0,11
1953,ERIKA,13,0,13
1953,ESTELLE,11,0,11
1953,ESTHER,42,0,42
1953,ETHEL,23,0,23
1953,EUNICE,12,0,12
1953,EVA,49,0,49
1953,EVELYN,142,0,142
1953,FAITH,10,0,10
1953,FAY,33,0,33
1953,FAYE,33,0,33
1953,FERN,18,0,18
1953,FERNE,6,0,6
1953,FLORA,9,0,9
1953,EMILY,37,0,37
1953,ELVA,8,0,8
1953,ELSIE,19,0,19
1953,ELSA,7,0,7
1953,DORIS,134,0,134
1953,HAZEL,24,0,24
1953,DOROTHY,232,0,232
1953,DORTHY,11,0,11
1953,EDITH,103,0,103
1953,EDNA,48,0,48
1953,EILEEN,78,0,78
1953,FLORENCE,60,0,60
1953,ELAINE,244,0,244
1953,ELISABETH,25,0,25
1953,ELISE,8,0,8
1953,ELISSA,9,0,9
1953,ELIZABETH,984,0,984
1953,ELIZEBETH,16,0,16
1953,ELLA,14,0,14
1953,ELLEN,136,0,136
1953,ELEANOR,81,0,81
1953,FRANCES,209,12,197
1953,DOROTHEA,7,0,7
1953,GLADYS,36,0,36
1953,GINETTE,29,0,29
1953,GISELE,24,0,24
1953,GISELLE,9,0,9
1953,GIUSEPPINA,7,0,7
1953,FRANCINE,50,0,50
1953,GLENDA,75,0,75
1953,GILLIAN,15,0,15
1953,GLENNA,34,0,34
1953,GLYNIS,6,0,6
1953,GRACE,66,0,66
1953,GWEN,22,0,22
1953,GWENDA,6,0,6
1953,GWENDOLYN,63,0,63
1953,HALINA,9,0,9
1953,GLORIA,215,0,215
1953,GILDA,8,0,8
1953,GINA,7,0,7
1953,GERTRUDE,34,0,34
1953,FRANCIS,202,182,20
1953,FRANCOISE,16,0,16
1953,FREDA,14,0,14
1953,GAIL,451,0,451
1953,GALE,31,0,31
1953,GHISLAINE,7,0,7
1953,GAYE,8,0,8
1953,GAYLA,7,0,7
1953,GAY,12,0,12
1953,GENA,6,0,6
1953,GEORGETTE,9,0,9
1953,GEORGIA,16,0,16
1953,GEORGINA,47,0,47
1953,GERALDINE,88,0,88
1953,GERMAINE,9,0,9
1953,GAYLE,72,0,72
1954,EVELYN,145,0,145
1954,FERN,19,0,19
1954,FEMALE,9,0,9
1954,FAYE,29,0,29
1954,FAY,36,0,36
1954,FAITH,17,0,17
1954,EVELINE,6,0,6
1954,GENEVIEVE,10,0,10
1954,EUNICE,10,0,10
1954,ETTA,6,0,6
1954,ETHEL,30,0,30
1954,ESTHER,49,0,49
1954,ESTELLE,8,0,8
1954,ERNA,7,0,7
1954,FILOMENA,13,0,13
1954,EVA,71,0,71
1954,FIONA,11,0,11
1954,GEERTRUIDA,7,0,7
1954,FLORENCE,71,0,71
1954,ERIN,9,0,9
1954,GAYLE,67,0,67
1954,GAYE,7,0,7
1954,GAY,14,0,14
1954,GALE,31,0,31
1954,GAIL,405,0,405
1954,GABRIELLE,6,0,6
1954,GABRIELE,8,0,8
1954,FREDA,14,0,14
1954,FRANCOISE,11,0,11
1954,FRANCIS,185,170,15
1954,FRANCINE,52,0,52
1954,FRANCESCA,7,0,7
1954,FRANCES,203,0,203
1954,FRANCA,6,0,6
1954,FLORA,11,0,11
1954,ERIKA,9,0,9
1954,EILEEN,91,0,91
1954,ENID,6,0,6
1954,DORIS,126,0,126
1954,DOREEN,97,0,97
1954,DORA,19,0,19
1954,DONNA,984,0,984
1954,DOLORES,37,0,37
1954,DINAH,6,0,6
1954,DINA,9,0,9
1954,DIANNE,283,0,283
1954,DIANNA,23,0,23
1954,DIANE,654,0,654
1954,DIANA,202,0,202
1954,DIAN,6,0,6
1954,DENNISE,6,0,6
1954,DENISE,259,0,259
1954,DENICE,6,0,6
1954,DOROTHY,220,0,220
1954,ERICA,16,0,16
1954,DORTHY,12,0,12
1954,EDNA,33,0,33
1954,EMMA,14,0,14
1954,EMILY,20,0,20
1954,ELVA,10,0,10
1954,ELSIE,24,0,24
1954,ELLEN,150,0,150
1954,ELLA,9,0,9
1954,ELIZEBETH,15,0,15
1954,ELIZABETH,806,0,806
1954,ELISE,6,0,6
1954,ELISABETH,42,0,42
1954,ELISA,8,0,8
1954,ELINOR,7,0,7
1954,ELENA,6,0,6
1954,ELEANOR,92,0,92
1954,ELAINE,254,0,254
1954,EDITH,81,0,81
1954,GEORGIA,7,0,7
1954,JERI,6,0,6
1954,GERALDINE,91,0,91
1954,JANA,12,0,12
1954,JAN,81,47,34
1954,JAMIE,29,10,19
1954,JACQUELYN,14,0,14
1954,JACQUELINE,265,0,265
1954,IVY,6,0,6
1954,ISOBEL,8,0,8
1954,ISABELLA,7,0,7
1954,ISABEL,27,0,27
1954,IRMA,7,0,7
1954,IRIS,26,0,26
1954,IRENE,185,0,185
1954,IRENA,17,0,17
1954,INGRID,56,0,56
1954,INFANT,102,46,56
1954,JANE,396,0,396
1954,INEZ,6,0,6
1954,JANET,732,0,732
1954,JANICE,749,0,749
1954,DELORES,21,0,21
1954,JENNY,24,0,24
1954,JENNIFER,195,0,195
1954,JEANNINE,24,0,24
1954,JEANNIE,6,0,6
1954,JEANNETTE,32,0,32
1954,JEANNE,43,0,43
1954,JEANINE,6,0,6
1954,JEANETTE,51,0,51
1954,JEAN,334,127,207
1954,JAYNE,23,0,23
1954,JAQUELINE,8,0,8
1954,JANIS,88,5,83
1954,JANINE,29,0,29
1954,JANIE,16,0,16
1954,JANETTE,23,0,23
1954,INA,10,0,10
1954,IDA,19,0,19
1954,HUGETTE,6,0,6
1954,GRACE,54,0,54
1954,GLORIA,178,0,178
1954,GLENNA,30,0,30
1954,GLENDA,62,0,62
1954,GLADYS,35,0,35
1954,GIUSEPPINA,10,0,10
1954,GISELLE,6,0,6
1954,GISELE,24,0,24
1954,GIOVANNA,13,0,13
1954,GINETTE,20,0,20
1954,GINA,23,0,23
1954,GILLIAN,21,0,21
1954,GILDA,10,0,10
1954,GERTRUDE,33,0,33
1954,GERDA,6,0,6
1954,GRETA,8,0,8
1954,GWEN,29,0,29
1954,GWENDOLYN,61,0,61
1954,HANNAH,12,0,12
1954,HOLLY,79,0,79
1954,HILDA,28,0,28
1954,HILARY,13,0,13
1954,HENRIETTE,8,0,8
1954,HENRIETTA,18,0,18
1954,HENDRIKA,6,0,6
1954,HELLEN,6,0,6
1954,GEORGINA,49,0,49
1954,HELGA,14,0,14
1954,HELENA,28,0,28
1954,HELEN,391,0,391
1954,HEIDI,15,0,15
1954,HEDY,6,0,6
1954,HEATHER,522,0,522
1954,HAZEL,27,0,27
1954,HARRIET,17,0,17
1954,HELENE,40,0,40
1954,DELLA,8,0,8
1954,REX,9,9,0
1954,DEBRAH,23,0,23
1954,BERTHA,13,0,13
1954,BERNICE,43,0,43
1954,BERNADETTE,32,0,32
1954,BENITA,8,0,8
1954,BELINDA,10,0,10
1954,BECKY,9,0,9
1954,BEATRICE,40,0,40
1954,BARBRA,21,0,21
1954,BARBARA,1165,0,1165
1954,BABY,679,394,285
1954,AVA,9,0,9
1954,AUDREY,103,0,103
1954,ARLENE,114,0,114
1954,APRIL,37,0,37
1954,ANTONIETTA,10,0,10
1954,BERYL,11,0,11
1954,ANTONIA,9,0,9
1954,BETH,32,0,32
1954,BETTY,194,0,194
1954,CARIN,6,0,6
1954,CAREN,9,0,9
1954,CARA,6,0,6
1954,CANDICE,16,0,16
1954,CANDACE,36,0,36
1954,BRIGITTE,7,0,7
1954,BRIDGET,10,0,10
1954,BRENDA,940,0,940
1954,BONNY,26,0,26
1954,BONNIE,414,0,414
1954,BONITA,47,0,47
1954,BLANCHE,9,0,9
1954,BILLIE,6,0,6
1954,BEVERLY,363,10,353
1954,BEVERLEY,175,8,167
1954,BETSY,6,0,6
1954,CARLA,36,0,36
1954,ANTONETTE,6,0,6
1954,ANNMARIE,6,0,6
1954,ALISON,43,0,43
1954,ALINE,14,0,14
1954,ALICE,98,0,98
1954,ALEXIS,10,0,10
1954,ALEXANDRA,31,0,31
1954,ALBERTA,8,0,8
1954,ALANNA,10,0,10
1954,ALANA,10,0,10
1954,AILEEN,8,0,8
1954,AGNES,31,0,31
1954,ADRIENNE,25,0,25
1954,ADRIANA,25,0,25
1954,ADELE,24,0,24
1954,ADA,14,0,14
1954,JESSIE,19,0,19
1954,ALLISON,13,0,13
1954,ANTOINETTE,13,0,13
1954,ALMA,17,0,17
1954,AMY,18,0,18
1954,ANNIE,27,0,27
1954,ANNETTE,43,0,43
1954,ANNEMARIE,9,0,9
1954,ANNE-MARIE,10,0,10
1954,ANNE,394,0,394
1954,ANNAMARIA,10,0,10
1954,ANNA,220,0,220
1954,ANN-MARIE,8,0,8
1954,ANN,273,0,273
1954,ANITA,92,0,92
1954,ANGELINE,10,0,10
1954,ANGELINA,17,0,17
1954,ANGELIKA,7,0,7
1954,ANGELA,109,0,109
1954,ANDREA,53,0,53
1954,AMANDA,10,0,10
1954,CARMEL,8,0,8
1954,CARMELA,9,0,9
1954,CARMEN,49,12,37
1954,DANA,53,39,14
1954,DALE,360,207,153
1954,CYNTHIA,310,0,310
1954,CRYSTAL,16,0,16
1954,CORNELIA,26,0,26
1954,CORINNE,26,0,26
1954,CORA,6,0,6
1954,CONSTANCE,144,0,144
1954,CONNIE,83,0,83
1954,CONCETTA,7,0,7
1954,COLLEEN,185,0,185
1954,COLETTE,28,0,28
1954,COLEEN,15,0,15
1954,CLAUDIA,29,0,29
1954,CLAUDETTE,31,0,31
1954,DANIELLE,9,0,9
1954,CLARE,21,8,13
1954,DANUTA,8,0,8
1954,DARLA,11,0,11
1954,DEBRA,1107,0,1107
1954,DEBORHA,6,0,6
1954,DEBORAH-ANN,8,0,8
1954,DEBORAH,2110,0,2110
1954,DEBORA,56,0,56
1954,DEBERA,6,0,6
1954,DEBBY,8,0,8
1954,DEBBRA,15,0,15
1954,DEBBIE,45,0,45
1954,DEANNA,15,0,15
1954,DAYLE,7,0,7
1954,DAWNA,22,0,22
1954,DAWN,96,0,96
1954,DARYL,74,67,7
1954,DARLENE,368,0,368
1954,DAPHNE,20,0,20
1954,CLARA,31,0,31
1954,CLAIRE,42,0,42
1954,CINDY,73,0,73
1954,CATHARINE,103,0,103
1954,CATHARINA,10,0,10
1954,CATERINA,8,0,8
1954,CARROL,7,0,7
1954,CARRIE,13,0,13
1954,CAROLYNN,12,0,12
1954,CAROLYNE,7,0,7
1954,CAROLYN,208,0,208
1954,CAROLLE,8,0,8
1954,CAROLINE,78,0,78
1954,CAROLINA,7,0,7
1954,CAROLE,77,0,77
1954,CAROL-ANNE,11,0,11
1954,CAROL-ANN,10,0,10
1954,CAROL,796,0,796
1954,CATHERINE,1069,0,1069
1954,CATHIE,8,0,8
1954,CATHLEEN,9,0,9
1954,CATHRINE,26,0,26
1954,CHRISTINE,450,0,450
1954,CHRISTINA,95,0,95
1954,CHRISTIANE,7,0,7
1954,CHRISTENA,6,0,6
1954,CHRISTA,7,0,7
1954,CHERYLE,6,0,6
1954,CHERYL,516,0,516
1954,DEIRDRE,8,0,8
1954,CHERI,7,0,7
1954,CHARLOTTE,61,0,61
1954,CHARLENE,104,0,104
1954,CELIA,7,0,7
1954,CECILIA,19,0,19
1954,CECILE,24,0,24
1954,CATHY,93,0,93
1954,CATHRYN,24,0,24
1954,CHARMAINE,16,0,16
1954,RHEAL,7,7,0
1954,JEWEL,9,0,9
1954,JO,13,0,13
1954,DIRK,5,5,0
1954,DOMENIC,6,6,0
1954,DOMENICO,17,17,0
1954,DOMINIC,13,13,0
1954,DON,11,11,0
1954,DONALD,1291,1291,0
1954,DONATO,8,8,0
1954,DOUGLAS,1165,1165,0
1954,DREW,13,13,0
1954,DUANE,13,13,0
1954,DUNCAN,29,29,0
1954,DINO,7,7,0
1954,DWAYNE,14,14,0
1954,EARL,69,69,0
1954,EARLE,6,6,0
1954,EARNEST,6,6,0
1954,EDDIE,7,7,0
1954,EDDY,7,7,0
1954,EDGAR,25,25,0
1954,EDMOND,22,22,0
1954,EDMUND,18,18,0
1954,EDOUARD,5,5,0
1954,EDWARD,585,585,0
1954,EDWIN,69,69,0
1954,DWIGHT,43,43,0
1954,ELDON,11,11,0
1954,DICK,9,9,0
1954,DERRICK,25,25,0
1954,CORNELIS,20,20,0
1954,CORNELIUS,10,10,0
1954,CRAIG,156,156,0
1954,CURT,6,6,0
1954,CURTIS,19,19,0
1954,CYRIL,14,14,0
1954,DALTON,10,10,0
1954,DAN,22,22,0
1954,DANIAL,12,12,0
1954,DANIEL,895,895,0
1954,DANNIEL,5,5,0
1954,DESMOND,7,7,0
1954,DANNY,131,131,0
1954,D'ARCY,5,5,0
1954,DARREL,8,8,0
1954,DARRELL,65,65,0
1954,DARRYL,23,23,0
1954,DARWIN,5,5,0
1954,DAVID,3242,3242,0
1954,DEAN,78,78,0
1954,DELBERT,15,15,0
1954,DENIS,123,123,0
1954,DENNIS,491,491,0
1954,DEREK,43,43,0
1954,DARCY,20,20,0
1954,ELIO,5,5,0
1954,ELLIOTT,6,6,0
1954,ELMER,12,12,0
1954,FREDRICK,63,63,0
1954,GABRIEL,11,11,0
1954,GAETAN,9,9,0
1954,GAETANO,7,7,0
1954,GARFIELD,15,15,0
1954,GARNET,31,31,0
1954,GARRY,179,179,0
1954,GARTH,33,33,0
1954,GARY,1102,1102,0
1954,GASTON,11,11,0
1954,GAVIN,5,5,0
1954,FREDRIC,6,6,0
1954,GEARLD,5,5,0
1954,GEOFFREY,66,66,0
1954,GEORGE,653,653,0
1954,GEORGES,7,7,0
1954,GERALD,443,443,0
1954,GERARD,93,93,0
1954,GERARDUS,9,9,0
1954,GERHARD,7,7,0
1954,GERRARD,6,6,0
1954,GERRIT,12,12,0
1954,GERRY,10,10,0
1954,GILBERT,41,41,0
1954,GENE,24,24,0
1954,FREDERIK,7,7,0
1954,FREDERICK,249,249,0
1954,FREDERIC,22,22,0
1954,ELTON,5,5,0
1954,ELWOOD,6,6,0
1954,EMANUEL,5,5,0
1954,EMIL,6,6,0
1954,EMILE,8,8,0
1954,ENZO,5,5,0
1954,ERIC,216,216,0
1954,ERNEST,112,112,0
1954,ERNIE,5,5,0
1954,ERROL,6,6,0
1954,ERWIN,17,17,0
1954,EUGENE,76,76,0
1954,EVAN,8,8,0
1954,EVERETT,10,10,0
1954,FERNAND,17,17,0
1954,FLOYD,23,23,0
1954,FRANCESCO,21,21,0
1954,FRANCISCUS,6,6,0
1954,FRANCO,31,31,0
1954,FRANCOIS,19,19,0
1954,FRANK,253,253,0
1954,FRANKLIN,41,41,0
1954,FRANZ,5,5,0
1954,FRASER,14,14,0
1954,FRED,28,28,0
1954,CONRAD,10,10,0
1954,COLIN,77,77,0
1954,CLYDE,12,12,0
1954,CLIVE,10,10,0
1954,ALLEN,110,110,0
1954,ALVIN,39,39,0
1954,ANDRE,69,69,0
1954,ANDREW,253,253,0
1954,ANDRIS,8,8,0
1954,ANDY,6,6,0
1954,ANGELO,13,13,0
1954,ANGUS,14,14,0
1954,ANTHONY,218,218,0
1954,ANTONIO,49,49,0
1954,ANTONIUS,6,6,0
1954,ALLAN,318,318,0
1954,ANTONY,7,7,0
1954,ARCHIE,11,11,0
1954,ARMAND,13,13,0
1954,ARNOLD,42,42,0
1954,ARTHUR,196,196,0
1954,ASHLEY,5,5,0
1954,AUBREY,6,6,0
1954,AUSTIN,6,6,0
1954,BABE,7,7,0
1954,BARRIE,14,14,0
1954,BARRY,390,390,0
1954,BART,5,5,0
1954,ARCHIBALD,7,7,0
1954,ALFRED,93,93,0
1954,ALEXANDER,146,146,0
1954,ALEX,21,21,0
1954,ROCKY,9,9,0
1954,ROCH,5,5,0
1954,ROCCO,12,12,0
1954,ROBERTO,16,16,0
1954,ROBERT,3364,3364,0
1954,ROBBIE,8,8,0
1954,RITCHIE,10,10,0
1954,RITCHARD,5,5,0
1954,RICKY,95,95,0
1954,RICKEY,35,35,0
1954,RICK,15,15,0
1954,RICHARD,1943,1943,0
1954,RICARDO,12,12,0
1954,AARON,5,5,0
1954,ABRAHAM,13,13,0
1954,ADAM,10,10,0
1954,ADRIAN,30,30,0
1954,ADRIANUS,9,9,0
1954,ALAIN,7,7,0
1954,ALAN,367,367,0
1954,ALASTAIR,6,6,0
1954,ALBERT,174,174,0
1954,ALBERTO,5,5,0
1954,ALDO,12,12,0
1954,ALEC,7,7,0
1954,BARTON,9,9,0
1954,GILLES,43,43,0
1954,BASIL,9,9,0
1954,BERNARD,133,133,0
1954,CALVIN,55,55,0
1954,CAMERON,73,73,0
1954,CAREY,12,12,0
1954,CARL,147,147,0
1954,CARLO,13,13,0
1954,CARMAN,13,13,0
1954,CARSON,11,11,0
1954,CARY,7,7,0
1954,CECIL,40,40,0
1954,CHARLES,557,557,0
1954,CHARLIE,9,9,0
1954,BYRON,23,23,0
1954,CHESTER,15,15,0
1954,CHRISTIAN,7,7,0
1954,CHRISTOPHER,395,395,0
1954,CLARENCE,62,62,0
1954,CLARK,16,16,0
1954,CLAUDE,57,57,0
1954,CLAUDIO,10,10,0
1954,CLAYTON,43,43,0
1954,CLEMENT,9,9,0
1954,CLIFFORD,129,129,0
1954,CLIFTON,6,6,0
1954,CLINTON,17,17,0
1954,CHRIS,11,11,0
1954,BURTON,10,10,0
1954,BUDDY,7,7,0
1954,BRYON,16,16,0
1954,BERNHARD,6,6,0
1954,BERT,13,13,0
1954,BERTRAM,5,5,0
1954,BILL,13,13,0
1954,BILLY,11,11,0
1954,BLAINE,28,28,0
1954,BLAIR,47,47,0
1954,BLAKE,29,29,0
1954,BOB,6,6,0
1954,BOBBY,6,6,0
1954,BOHDAN,14,14,0
1954,BORIS,9,9,0
1954,BOYD,6,6,0
1954,BRAD,12,12,0
1954,BRADFORD,16,16,0
1954,BRADLEY,220,220,0
1954,BRADLY,5,5,0
1954,BRENT,84,84,0
1954,BRETT,11,11,0
1954,BRIAN,1429,1429,0
1954,BRIEN,7,7,0
1954,BROCK,9,9,0
1954,BRUCE,660,660,0
1954,BRUNO,21,21,0
1954,BRYAN,134,134,0
1954,BENJAMIN,33,33,0
1954,RODERICK,63,63,0
1954,GINO,10,10,0
1954,GIOVANNI,24,24,0
1954,MARSHALL,22,22,0
1954,MARTIN,220,220,0
1954,MARTINUS,6,6,0
1954,MARVIN,57,57,0
1954,MATHEW,9,9,0
1954,MATTHEW,34,34,0
1954,MAURICE,74,74,0
1954,MAX,13,13,0
1954,MAYNARD,7,7,0
1954,MELVILLE,11,11,0
1954,MELVIN,51,51,0
1954,MARLIN,6,6,0
1954,MERVIN,23,23,0
1954,MICHAEL,2206,2206,0
1954,MICHAL,10,10,0
1954,MICHEAL,137,137,0
1954,MICHEL,111,111,0
1954,MIKE,9,9,0
1954,MILAN,9,9,0
1954,MILES,12,12,0
1954,MILTON,15,15,0
1954,MITCHELL,28,28,0
1954,MORGAN,12,12,0
1954,MORLEY,9,9,0
1954,MERVYN,10,10,0
1954,MORRIS,30,30,0
1954,MARK,670,670,0
1954,MARINUS,9,9,0
1954,LEROY,6,6,0
1954,LESTER,15,15,0
1954,LEWIS,20,20,0
1954,LINDSAY,15,15,0
1954,LINO,5,5,0
1954,LIONEL,34,34,0
1954,LLOYD,111,111,0
1954,LONNIE,12,12,0
1954,LORENZO,6,6,0
1954,LORNE,106,106,0
1954,LOUIS,94,94,0
1954,MARIO,51,51,0
1954,LUC,11,11,0
1954,LUCIEN,11,11,0
1954,LUIGI,17,17,0
1954,LUKE,11,11,0
1954,LYLE,35,35,0
1954,MALCOLM,58,58,0
1954,MALE,8,8,0
1954,MANFRED,5,5,0
1954,MARC,92,92,0
1954,MARCEL,65,65,0
1954,MARCO,6,6,0
1954,MARCUS,5,5,0
1954,LUCIANO,8,8,0
1954,MURRAY,220,220,0
1954,MURRY,7,7,0
1954,MYLES,21,21,0
1954,PHILIP,302,302,0
1954,PHILIPPE,10,10,0
1954,PHILLIP,71,71,0
1954,PIERRE,53,53,0
1954,PIETER,16,16,0
1954,PIETRO,15,15,0
1954,RALPH,199,199,0
1954,RANDAL,30,30,0
1954,RANDALL,251,251,0
1954,RANDELL,7,7,0
1954,RANDOLF,5,5,0
1954,PETRUS,6,6,0
1954,RANDOLPH,119,119,0
1954,RAY,29,29,0
1954,RAYMOND,416,416,0
1954,REAL,9,9,0
1954,REGENT,5,5,0
1954,REGINALD,88,88,0
1954,REID,12,12,0
1954,REINHARD,6,6,0
1954,REJEAN,16,16,0
1954,REMI,5,5,0
1954,RENE,38,38,0
1954,RENZO,5,5,0
1954,RAPHAEL,5,5,0
1954,PETER,1117,1117,0
1954,PERRY,28,28,0
1954,PERCY,13,13,0
1954,MYRON,9,9,0
1954,NATHAN,5,5,0
1954,NEAL,8,8,0
1954,NEIL,182,182,0
1954,NELSON,26,26,0
1954,NEWBORN,6,6,0
1954,NICHOLAS,63,63,0
1954,NICK,13,13,0
1954,NICKOLAS,14,14,0
1954,NICOLA,10,10,0
1954,NIGEL,11,11,0
1954,NOEL,19,19,0
1954,NORBERT,12,12,0
1954,NORMAN,258,258,0
1954,NORMAND,28,28,0
1954,OLIVER,6,6,0
1954,OREST,10,10,0
1954,ORVILLE,7,7,0
1954,OSCAR,11,11,0
1954,OTTO,9,9,0
1954,OWEN,19,19,0
1954,PAOLO,6,6,0
1954,PASQUALE,11,11,0
1954,PATRICK,418,418,0
1954,PAUL,1497,1497,0
1954,LEONARDO,5,5,0
1954,LEONARD,208,208,0
1954,LEON,21,21,0
1954,LEO,76,76,0
1954,HOWARD,158,158,0
1954,HUBERT,8,8,0
1954,HUGH,66,66,0
1954,HUGO,5,5,0
1954,IAIN,8,8,0
1954,IAN,219,219,0
1954,IGOR,5,5,0
1954,IHOR,5,5,0
1954,IRA,7,7,0
1954,IRVIN,6,6,0
1954,IRVING,10,10,0
1954,HERMAN,21,21,0
1954,IRWIN,6,6,0
1954,IVAN,46,46,0
1954,J,7,7,0
1954,JACK,115,115,0
1954,JACKIE,17,17,0
1954,JACOB,20,20,0
1954,JACQUE,6,6,0
1954,JACQUES,46,46,0
1954,JAMES,2408,2408,0
1954,JAROSLAW,6,6,0
1954,JASON,8,8,0
1954,JAY,24,24,0
1954,ISRAEL,5,5,0
1954,HERBERT,62,62,0
1954,HENRYK,8,8,0
1954,HENRY,159,159,0
1954,GIUSEPPE,28,28,0
1954,GLEN,189,189,0
1954,GLENN,326,326,0
1954,GORDEN,9,9,0
1954,GORDON,623,623,0
1954,GRAHAM,60,60,0
1954,GRANT,105,105,0
1954,GRAYDON,5,5,0
1954,GREGG,19,19,0
1954,GREGORY,496,496,0
1954,GUY,108,108,0
1954,HAL,6,6,0
1954,HANS,13,13,0
1954,HARALD,8,8,0
1954,HARLEY,6,6,0
1954,HARM,5,5,0
1954,HAROLD,200,200,0
1954,HARRY,132,132,0
1954,HARVEY,68,68,0
1954,HECTOR,14,14,0
1954,HEINZ,5,5,0
1954,HENDRIK,15,15,0
1954,HENDRIKUS,5,5,0
1954,HENRI,7,7,0
1954,HENRICUS,6,6,0
1954,JEAN-GUY,7,7,0
1954,GIORGIO,5,5,0
1954,JEAN-PAUL,7,7,0
1954,JEFFERY,29,29,0
1954,KELVIN,18,18,0
1954,KENETH,7,7,0
1954,KENNETH,1080,1080,0
1954,KENT,24,24,0
1954,KEVAN,9,9,0
1954,KEVIN,492,492,0
1954,KIERAN,5,5,0
1954,KIETH,5,5,0
1954,KIRBY,8,8,0
1954,KIRK,33,33,0
1954,KURT,16,16,0
1954,KEITH,286,286,0
1954,LAIRD,6,6,0
1954,LANCE,20,20,0
1954,LARRY,545,545,0
1954,LAURENCE,23,23,0
1954,LAURENT,9,9,0
1954,LAURIER,5,5,0
1954,LAVERNE,10,10,0
1954,LAWERENCE,5,5,0
1954,LAWRANCE,5,5,0
1954,LAWRENCE,362,362,0
1954,LELAND,5,5,0
1954,LENARD,21,21,0
1954,LAMBERT,5,5,0
1954,KARL,62,62,0
1954,JULIEN,5,5,0
1954,JULES,6,6,0
1954,JEFFREY,315,315,0
1954,JEREMY,5,5,0
1954,JEROME,31,31,0
1954,JERRY,96,96,0
1954,JESSE,6,6,0
1954,JIM,9,9,0
1954,JIMMY,14,14,0
1954,JOE,6,6,0
1954,JOEL,34,34,0
1954,JOESPH,11,11,0
1954,JOHAN,12,12,0
1954,JOHANNES,49,49,0
1954,JOHN,3515,3515,0
1954,JOHNNY,28,28,0
1954,JOHNY,7,7,0
1954,JON,40,40,0
1954,JONAS,6,6,0
1954,JONATHAN,44,44,0
1954,JONATHON,8,8,0
1954,JOS,17,17,0
1954,JOSEF,6,6,0
1954,JOSEPH,3566,3566,0
1954,JOSPH,7,7,0
1954,JOZEF,6,6,0
1954,JUDE,5,5,0
1954,JEAN-PIERRE,8,8,0
1954,RODGER,33,33,0
1954,RODNEY,136,136,0
1954,RODRICK,5,5,0
1954,MARION,170,0,170
1954,MARISA,7,0,7
1954,MARJORIE,94,0,94
1954,MARJORY,9,0,9
1954,MARLA,20,0,20
1954,MARLENE,264,0,264
1954,MARLYN,10,0,10
1954,MARNEY,6,0,6
1954,MARNIE,9,0,9
1954,MARSHA,67,0,67
1954,MARTHA,90,0,90
1954,MARINA,17,0,17
1954,MARY,2776,0,2776
1954,MARY-ANNE,15,0,15
1954,MARY-ELLEN,11,0,11
1954,MARY-JANE,6,0,6
1954,MARY-JO,7,0,7
1954,MARY-LOU,8,0,8
1954,MARYANN,29,0,29
1954,MARYANNE,14,0,14
1954,MARYJANE,9,0,9
1954,MARYLIN,7,0,7
1954,MARYLOU,11,0,11
1954,MAUREEN,291,0,291
1954,MARY-ANN,18,0,18
1954,MAVIS,13,0,13
1954,MARILYN,626,0,626
1954,MARIETTE,11,0,11
1954,LYNETTE,6,0,6
1954,LYNN,296,23,273
1954,LYNNE,104,0,104
1954,MABEL,8,0,8
1954,MADELAINE,8,0,8
1954,MADELEINE,19,0,19
1954,MADELINE,22,0,22
1954,MADONNA,7,0,7
1954,MARCELLA,14,0,14
1954,MARCIA,50,0,50
1954,MARCY,6,0,6
1954,MARILEE,7,0,7
1954,MARGARET,928,0,928
1954,MARGHERITA,6,0,6
1954,MARGO,42,0,42
1954,MARGOT,23,0,23
1954,MARGRET,19,0,19
1954,MARGUERITE,21,0,21
1954,MARI,6,0,6
1954,MARIA,247,0,247
1954,MARIAN,206,0,206
1954,MARIANNE,69,0,69
1954,MARIE,2814,5,2809
1954,MARIELLE,11,0,11
1954,MARGERY,6,0,6
1954,MAXINE,22,0,22
1954,MEGAN,10,0,10
1954,MELANIE,58,0,58
1954,NELLIE,10,0,10
1954,NELLY,10,0,10
1954,NICOLE,52,0,52
1954,NINA,28,0,28
1954,NOELLA,9,0,9
1954,NOLA,7,0,7
1954,NORA,58,0,58
1954,NORAH,13,0,13
1954,NOREEN,28,0,28
1954,NORINE,13,0,13
1954,NORMA,118,0,118
1954,NATALIE,11,0,11
1954,NOT,41,20,21
1954,OLGA,23,0,23
1954,PAMELA,392,0,392
1954,PAOLA,6,0,6
1954,PATRICA,47,0,47
1954,PATRICE,13,0,13
1954,PATRICIA,1513,0,1513
1954,PATSY,54,0,54
1954,PATTI,40,0,40
1954,PAULA,115,0,115
1954,PAULETTE,51,0,51
1954,PAULINE,147,0,147
1954,OKSANA,6,0,6
1954,NATALIA,7,0,7
1954,NAOMI,16,0,16
1954,NANCY,1154,0,1154
1954,MELINDA,10,0,10
1954,MELISSA,13,0,13
1954,MELODY,29,0,29
1954,MEREDITH,7,0,7
1954,MERLE,13,5,8
1954,MERRY,6,0,6
1954,MICHELE,117,12,105
1954,MICHELINA,6,0,6
1954,MICHELINE,18,0,18
1954,MICHELLE,85,0,85
1954,MILDRED,27,0,27
1954,MIRELLA,6,0,6
1954,MIRIAM,28,0,28
1954,MOIRA,16,0,16
1954,MOLLY,9,0,9
1954,MONA,39,0,39
1954,MONICA,87,0,87
1954,MONIKA,13,0,13
1954,MONIQUE,29,0,29
1954,MURIEL,43,0,43
1954,MYRA,12,0,12
1954,MYRNA,17,0,17
1954,MYRTLE,7,0,7
1954,NADIA,13,0,13
1954,NADINE,18,0,18
1954,LYNDA,256,0,256
1954,LYN,7,0,7
1954,LYDIA,37,0,37
1954,LUISA,6,0,6
1954,KATHALEEN,9,0,9
1954,KATHARINE,43,0,43
1954,KATHERINE,358,0,358
1954,KATHI,7,0,7
1954,KATHIE,12,0,12
1954,KATHLEEN,432,0,432
1954,KATHRINE,15,0,15
1954,KATHRYN,411,0,411
1954,KATHY,87,0,87
1954,KATHYRN,8,0,8
1954,KEITHA,6,0,6
1954,KARON,8,0,8
1954,KELLY,27,16,11
1954,KIM,185,99,86
1954,KIMBERLEY,50,15,35
1954,KIMBERLY,46,16,30
1954,KRISTA,7,0,7
1954,KRISTEN,7,0,7
1954,KRISTINA,12,0,12
1954,KRISTINE,20,0,20
1954,KRYSTYNA,15,0,15
1954,LANA,26,0,26
1954,LAURA,246,0,246
1954,LAUREEN,7,0,7
1954,KERRY,85,62,23
1954,KARIN,18,0,18
1954,KAREN,1151,0,1151
1954,JUNE,121,0,121
1954,JO ANN,21,0,21
1954,JO ANNE,32,0,32
1954,JO-ANN,60,0,60
1954,JO-ANNE,124,0,124
1954,JOAN,421,0,421
1954,JOANN,48,0,48
1954,JOANNA,19,0,19
1954,JOANNE,493,0,493
1954,JOCELYN,36,0,36
1954,JOCELYNE,16,0,16
1954,JODY,14,0,14
1954,JOHANNA,39,0,39
1954,JOHANNE,13,0,13
1954,JONI,8,0,8
1954,JOSEPHINE,52,0,52
1954,JOY,73,0,73
1954,JOYCE,186,0,186
1954,JUANITA,14,0,14
1954,JUDITH,786,0,786
1954,JUDY,282,0,282
1954,JULIA,86,0,86
1954,JULIANA,8,0,8
1954,JULIANNA,6,0,6
1954,JULIE,123,0,123
1954,JULIETTE,6,0,6
1954,LAUREL,73,0,73
1954,PEARL,20,0,20
1954,LAUREN,18,0,18
1954,LAURETTA,6,0,6
1954,LORELEI,8,0,8
1954,LORENA,7,0,7
1954,LORENE,10,0,10
1954,LORETTA,63,0,63
1954,LORI,101,0,101
1954,LORIE,20,0,20
1954,LORNA,98,0,98
1954,LORRAINE,218,0,218
1954,LORRIE,15,5,10
1954,LOU,26,0,26
1954,LOUANN,7,0,7
1954,LOREEN,9,0,9
1954,LOUANNE,7,0,7
1954,LOUISE,215,0,215
1954,LU ANN,8,0,8
1954,LU-ANN,8,0,8
1954,LUANN,10,0,10
1954,LUANNE,15,0,15
1954,LUBA,10,0,10
1954,LUCIA,25,0,25
1954,LUCIE,11,0,11
1954,LUCILLE,43,0,43
1954,LUCINDA,16,0,16
1954,LUCY,48,0,48
1954,LOUISA,8,0,8
1954,LORAINE,19,0,19
1954,LORA,9,0,9
1954,LOIS,147,0,147
1954,LAURIE,187,15,172
1954,LEA,11,0,11
1954,LEAH,16,0,16
1954,LEANNE,14,0,14
1954,LEE,93,47,46
1954,LEIGH,15,6,9
1954,LEILA,8,0,8
1954,LENA,15,0,15
1954,LENORA,11,0,11
1954,LENORE,14,0,14
1954,LEONA,31,0,31
1954,LESIA,6,0,6
1954,LESLEE,9,0,9
1954,LESLEY,49,0,49
1954,LESLIE,300,134,166
1954,LILA,10,0,10
1954,LILIAN,14,0,14
1954,LILIANE,11,0,11
1954,LILLIAN,62,0,62
1954,LILY,10,0,10
1954,LINA,12,0,12
1954,LINDA,1636,0,1636
1954,LISA,46,0,46
1954,LISE,64,0,64
1954,LISETTE,6,0,6
1954,LAURENE,9,0,9
1954,PEGGY,127,0,127
1954,PENELOPE,52,0,52
1954,PENNEY,8,0,8
1954,WILBERT,11,11,0
1954,WESLEY,37,37,0
1954,WERNER,5,5,0
1954,WENDELL,5,5,0
1954,WAYNE,652,652,0
1954,WARREN,102,102,0
1954,WARD,8,8,0
1954,WALTER,220,220,0
1954,WALLACE,25,25,0
1954,WADE,18,18,0
1954,VITTORIO,7,7,0
1954,WILFRED,65,65,0
1954,VITO,6,6,0
1954,VINCENT,79,79,0
1954,VICTOR,107,107,0
1954,VERNON,38,38,0
1954,VERN,7,7,0
1954,VAUGHN,10,10,0
1954,VAN,5,5,0
1954,UGO,5,5,0
1954,TREVOR,24,24,0
1954,TONY,24,24,0
1954,TOMMY,7,7,0
1954,TOM,7,7,0
1954,VINCENZO,11,11,0
1954,WILFRID,9,9,0
1954,WILHELM,6,6,0
1954,WILHELMUS,5,5,0
1954,VICTORIA,173,0,173
1954,VINCENZA,6,0,6
1954,VIOLA,13,0,13
1954,VIOLET,18,0,18
1954,VIRGINIA,117,0,117
1954,VIVIAN,55,0,55
1954,WANDA,116,0,116
1954,WENDA,11,0,11
1954,WENDY,758,0,758
1954,WILHELMINA,18,0,18
1954,WILMA,39,0,39
1954,WINNIFRED,13,0,13
1954,YOLANDA,8,0,8
1954,YVETTE,21,0,21
1954,YVONNE,124,0,124
1954,ZOFIA,6,0,6
1954,ZENON,5,5,0
1954,YVON,18,18,0
1954,YVES,5,5,0
1954,WOLFGANG,5,5,0
1954,WINSTON,6,6,0
1954,WILLIS,8,8,0
1954,WILLIAM,2293,2293,0
1954,WILLEM,14,14,0
1954,WILLARD,10,10,0
1954,TODD,9,9,0
1954,VICKY,18,0,18
1954,TIMOTHY,436,436,0
1954,THEODORUS,7,7,0
1954,SAMUEL,83,83,0
1954,SAM,5,5,0
1954,SALVATORE,23,23,0
1954,RYSZARD,15,15,0
1954,RYAN,6,6,0
1954,RUSSELL,127,127,0
1954,RUSSEL,13,13,0
1954,RUDY,7,7,0
1954,RUDOLPH,11,11,0
1954,RUDOLF,7,7,0
1954,ROY,181,181,0
1954,SANDY,8,8,0
1954,ROWLAND,5,5,0
1954,ROSARIO,5,5,0
1954,RORY,10,10,0
1954,RONNY,6,6,0
1954,RONNIE,21,21,0
1954,RONALD,1122,1122,0
1954,ROMEO,11,11,0
1954,ROMAN,43,43,0
1954,ROLLAND,12,12,0
1954,ROLF,6,6,0
1954,ROLAND,75,75,0
1954,ROGER,308,308,0
1954,ROSS,149,149,0
1954,SAUL,6,6,0
1954,SCOTT,137,137,0
1954,SEAN,19,19,0
1954,THEODORE,56,56,0
1954,TERRENCE,109,109,0
1954,TERRANCE,127,127,0
1954,TERENCE,80,80,0
1954,TERANCE,8,8,0
1954,TEDDY,15,15,0
1954,TED,22,22,0
1954,TARAS,16,16,0
1954,TADEUSZ,7,7,0
1954,SYLVESTER,5,5,0
1954,SYDNEY,11,11,0
1954,STUART,59,59,0
1954,STEWART,66,66,0
1954,STEVEN,573,573,0
1954,STEVE,25,25,0
1954,STEPHEN,1007,1007,0
1954,STEPHAN,22,22,0
1954,STEFAN,14,14,0
1954,STANLEY,197,197,0
1954,SIMON,20,20,0
1954,SIDNEY,24,24,0
1954,SHELDON,26,26,0
1954,SHAUN,11,11,0
1954,SHANE,24,24,0
1954,SERGE,11,11,0
1954,THOMAS,1145,1145,0
1954,JILL,108,0,108
1954,VICKIE,24,0,24
1954,VERONICA,40,0,40
1954,ROSANNA,10,0,10
1954,ROSANNE,39,0,39
1954,ROSARIA,7,0,7
1954,ROSE,177,0,177
1954,ROSE-MARIE,14,0,14
1954,ROSEANN,8,0,8
1954,ROSEANNE,11,0,11
1954,ROSEMARIE,64,0,64
1954,ROSEMARY,206,0,206
1954,ROSINA,8,0,8
1954,ROSLYN,8,0,8
1954,ROSALIND,13,0,13
1954,ROXANNE,28,0,28
1954,RUTH,310,0,310
1954,RUTHANN,6,0,6
1954,SALLY,85,0,85
1954,SANDRA,936,0,936
1954,SARA,23,0,23
1954,SARAH,49,0,49
1954,SHANNON,27,0,27
1954,SHARLENE,12,0,12
1954,SHARON,849,0,849
1954,SHARRON,26,0,26
1954,SHARYN,8,0,8
1954,RUBY,28,0,28
1954,ROSALIE,20,0,20
1954,ROSA,22,0,22
1954,RONDA,15,0,15
1954,PENNY,114,0,114
1954,PETRONELLA,9,0,9
1954,PHYLIS,6,0,6
1954,PHYLLIS,86,0,86
1954,PIERRETTE,16,0,16
1954,RACHEL,24,0,24
1954,RACHELLE,10,0,10
1954,RAE,20,11,9
1954,RAMONA,14,0,14
1954,RANDY,245,237,8
1954,REBECCA,85,0,85
1954,REGINA,10,0,10
1954,RENA,7,0,7
1954,RENATA,8,0,8
1954,RENEE,23,0,23
1954,RETA,20,0,20
1954,RHEA,6,0,6
1954,RHODA,6,0,6
1954,RHONDA,111,0,111
1954,RITA,141,0,141
1954,ROBERTA,105,0,105
1954,ROBIN,230,100,130
1954,ROBYN,12,0,12
1954,ROCHELLE,19,0,19
1954,ROMA,7,0,7
1954,SHAUNA,7,0,7
1954,VICKI,71,0,71
1954,SHAWN,54,40,14
1954,SHELAGH,12,0,12
1954,SYLVIE,6,0,6
1954,TAMARA,6,0,6
1954,TARA,6,0,6
1954,TERESA,191,0,191
1954,TERRI,18,0,18
1954,TERRY,452,358,94
1954,THELMA,21,0,21
1954,THEODORA,9,0,9
1954,THERESA,181,0,181
1954,THERESE,42,0,42
1954,TINA,11,0,11
1954,SYLVIA,130,0,130
1954,TONI,22,0,22
1954,TRACY,14,0,14
1954,TRUDY,42,0,42
1954,UNNAMED,6,0,6
1954,URSULA,14,0,14
1954,VALARIE,6,0,6
1954,VALERIE,269,0,269
1954,VALORIE,8,0,8
1954,VANESSA,17,0,17
1954,VELMA,10,0,10
1954,VERA,41,0,41
1954,VERNA,33,0,33
1954,TRACEY,6,0,6
1954,SUZETTE,6,0,6
1954,SUZANNE,291,0,291
1954,SUZANE,6,0,6
1954,SHELLEY,143,0,143
1954,SHELLY,30,0,30
1954,SHEREE,16,0,16
1954,SHERI,8,0,8
1954,SHERRI,13,0,13
1954,SHERRIL,6,0,6
1954,SHERRILL,7,0,7
1954,SHERRY,140,0,140
1954,SHERYL,43,0,43
1954,SHIELA,7,0,7
1954,SHIRLEY,368,0,368
1954,SHIRLY,6,0,6
1954,SILVANA,22,0,22
1954,SIMONE,10,0,10
1954,SONIA,17,0,17
1954,SONJA,17,0,17
1954,SONYA,13,0,13
1954,SOPHIA,11,0,11
1954,STELLA,28,0,28
1954,STEPHANIE,67,0,67
1954,SUE,16,0,16
1954,SUSAN,1946,0,1946
1954,SUSANNA,8,0,8
1954,SUSANNE,81,0,81
1954,SUZAN,18,0,18
1954,SHEILA,260,0,260
1954,MAY,10,0,10
1954,AMELIA,8,0,8
1955,ADA,6,0,6
1955,PAUL,1434,1434,0
1955,PERCY,12,12,0
1955,PERRY,41,41,0
1955,PETER,1245,1245,0
1955,PETRUS,8,8,0
1955,PHILIP,278,278,0
1955,PHILIPPE,13,13,0
1955,PHILLIP,51,51,0
1955,PIERRE,69,69,0
1955,PIETER,11,11,0
1955,PIETRO,11,11,0
1955,PRESTON,5,5,0
1955,RAFFAELE,8,8,0
1955,RALPH,187,187,0
1955,RAND,5,5,0
1955,PATRICK,387,387,0
1955,PATRIC,5,5,0
1955,PASQUALE,20,20,0
1955,PAOLO,12,12,0
1955,NEIL,172,172,0
1955,NELSON,34,34,0
1955,NICHOLAS,67,67,0
1955,NICK,20,20,0
1955,NICKOLAS,6,6,0
1955,NICOLA,23,23,0
1955,NICOLAS,6,6,0
1955,RANDAL,36,36,0
1955,NIGEL,5,5,0
1955,NORBERT,6,6,0
1955,NORMAN,269,269,0
1955,NORMAND,32,32,0
1955,OMER,5,5,0
1955,OREST,6,6,0
1955,OSCAR,8,8,0
1955,OWEN,24,24,0
1955,NOEL,17,17,0
1955,NEAL,10,10,0
1955,RANDALL,275,275,0
1955,RANDOLPH,125,125,0
1955,RITCHIE,5,5,0
1955,ROBBIE,8,8,0
1955,ROBERT,3406,3406,0
1955,ROBERTO,27,27,0
1955,ROCCO,11,11,0
1955,ROCK,5,5,0
1955,ROCKY,8,8,0
1955,RODERICK,65,65,0
1955,RODGER,25,25,0
1955,RODNEY,117,117,0
1955,ROGER,296,296,0
1955,ROLAND,60,60,0
1955,ROLF,11,11,0
1955,ROLLAND,9,9,0
1955,ROMAN,33,33,0
1955,RICKY,87,87,0
1955,RICKIE,5,5,0
1955,RICKEY,36,36,0
1955,RICK,9,9,0
1955,RANDY,285,285,0
1955,RAY,25,25,0
1955,RAYMOND,394,394,0
1955,REAL,8,8,0
1955,REGINALD,81,81,0
1955,REID,6,6,0
1955,REINHARD,6,6,0
1955,RANDELL,10,10,0
1955,REJEAN,15,15,0
1955,RENATO,6,6,0
1955,RENE,44,44,0
1955,RENZO,7,7,0
1955,REX,10,10,0
1955,RHEAL,9,9,0
1955,RICARDO,6,6,0
1955,RICHARD,1934,1934,0
1955,RENALD,5,5,0
1955,NATHAN,9,9,0
1955,MYRON,10,10,0
1955,MYLES,9,9,0
1955,LIONEL,18,18,0
1955,LLOYD,91,91,0
1955,LONNIE,18,18,0
1955,LONNY,7,7,0
1955,LORENZO,5,5,0
1955,LORIS,7,7,0
1955,LORNE,83,83,0
1955,LOUIS,93,93,0
1955,LOYD,5,5,0
1955,LUC,14,14,0
1955,LUCIANO,17,17,0
1955,LUCIEN,10,10,0
1955,LUIGI,24,24,0
1955,LUKE,7,7,0
1955,LYLE,63,63,0
1955,LEWIS,20,20,0
1955,LESTER,6,6,0
1955,LEROY,12,12,0
1955,LEONARD,207,207,0
1955,KIETH,11,11,0
1955,KIRBY,5,5,0
1955,KIRK,56,56,0
1955,KLAUS,6,6,0
1955,KURT,19,19,0
1955,LANCE,33,33,0
1955,LARRY,488,488,0
1955,MALCOLM,59,59,0
1955,LAURENCE,33,33,0
1955,LAURIER,5,5,0
1955,LAVERNE,7,7,0
1955,LAWRENCE,354,354,0
1955,LENARD,8,8,0
1955,LENNARD,5,5,0
1955,LEO,88,88,0
1955,LEON,31,31,0
1955,LAURENT,11,11,0
1955,MALE,8,8,0
1955,MANFRED,7,7,0
1955,MARC,87,87,0
1955,MERVYN,5,5,0
1955,MICHAEL,2304,2304,0
1955,MICHAL,5,5,0
1955,MICHEAL,142,142,0
1955,MICHEL,169,169,0
1955,MICKAEL,6,6,0
1955,MIKE,9,9,0
1955,MERVIN,18,18,0
1955,MILAN,6,6,0
1955,MILTON,17,17,0
1955,MITCHELL,33,33,0
1955,MORGAN,8,8,0
1955,MORLEY,13,13,0
1955,MORRIS,20,20,0
1955,MURRAY,212,212,0
1955,MURRY,6,6,0
1955,MILES,21,21,0
1955,ROMEO,8,8,0
1955,MELVIN,50,50,0
1955,MAYNARD,5,5,0
1955,MARCEL,65,65,0
1955,MARCUS,12,12,0
1955,MAREK,5,5,0
1955,MARIO,46,46,0
1955,MARK,867,867,0
1955,MARLON,7,7,0
1955,MARSHALL,13,13,0
1955,MELVILLE,7,7,0
1955,MARTIN,215,215,0
1955,MARTYN,9,9,0
1955,MARVIN,49,49,0
1955,MATHEW,13,13,0
1955,MATTHEW,50,50,0
1955,MAURICE,84,84,0
1955,MAX,7,7,0
1955,MAXWELL,11,11,0
1955,MARTINUS,6,6,0
1955,KEVIN,567,567,0
1955,RONALD,1156,1156,0
1955,RONOLD,5,5,0
1955,WANDA,126,0,126
1955,VIVIANE,6,0,6
1955,VIVIAN,47,0,47
1955,VITTORIA,8,0,8
1955,VIRGINIA,126,0,126
1955,VIOLET,27,0,27
1955,VIOLA,11,0,11
1955,VINCENZA,6,0,6
1955,VIDA,7,0,7
1955,VICTORIA,188,0,188
1955,VICKY,28,0,28
1955,VICKIE,23,0,23
1955,VICKI,81,0,81
1955,VERONICA,35,0,35
1955,VERNA,31,0,31
1955,WENDA,11,0,11
1955,WENDY,852,0,852
1955,WILDA,7,0,7
1955,WILHELMINA,25,0,25
1955,WILLEM,5,5,0
1955,WILLIAM,2262,2262,0
1955,WILLIS,10,10,0
1955,WILSON,10,10,0
1955,WINSTON,11,11,0
1955,WOLFGANG,10,10,0
1955,YVES,11,11,0
1955,VERA,35,0,35
1955,YVON,26,26,0
1955,YVONNE,114,0,114
1955,YVETTE,19,0,19
1955,YOLANDE,7,0,7
1955,YOLANDA,8,0,8
1955,WINNIFRED,10,0,10
1955,WILMA,47,0,47
1955,WILLA,6,0,6
1955,ABRAHAM,5,5,0
1955,WILLARD,14,14,0
1955,VELMA,18,0,18
1955,VALERIE,287,0,287
1955,SUZETTE,6,0,6
1955,SUZANNE,256,0,256
1955,SUZANE,6,0,6
1955,SUZAN,21,0,21
1955,SUSANNE,78,0,78
1955,SUSANNA,18,0,18
1955,SUSANE,6,0,6
1955,SUSAN,2053,0,2053
1955,SUE,16,0,16
1955,STEPHANIE,62,0,62
1955,STELLA,16,0,16
1955,SOPHIA,7,0,7
1955,SONYA,17,0,17
1955,SONJA,13,0,13
1955,SONIA,12,0,12
1955,SYLVIA,126,0,126
1955,SYLVIE,13,0,13
1955,TAMARA,7,0,7
1955,TANYA,10,0,10
1955,VALARIE,10,0,10
1955,URSULA,18,0,18
1955,TRUDY,55,0,55
1955,TRACY,26,0,26
1955,TRACEY,7,0,7
1955,TONI,17,0,17
1955,TOBY,6,0,6
1955,VANESSA,20,0,20
1955,TINA,25,0,25
1955,THERESA,228,0,228
1955,THELMA,20,0,20
1955,TERRY,507,367,140
1955,TERRI,31,0,31
1955,TERI,6,0,6
1955,TERESA,235,0,235
1955,TARA,10,0,10
1955,THERESE,50,0,50
1955,WILFRID,7,7,0
1955,WILFRED,62,62,0
1955,WILBERT,11,11,0
1955,SEBASTIANO,5,5,0
1955,SERGE,15,15,0
1955,SERGIO,6,6,0
1955,SHANE,24,24,0
1955,SHAUN,14,14,0
1955,SHELDON,24,24,0
1955,SIDNEY,32,32,0
1955,SIMON,20,20,0
1955,SPENCER,8,8,0
1955,STACY,7,7,0
1955,STANLEY,172,172,0
1955,STEFAN,5,5,0
1955,STEFANO,7,7,0
1955,STEPHAN,13,13,0
1955,STEPHEN,1119,1119,0
1955,SEAN,28,28,0
1955,SCOTT,155,155,0
1955,SCOT,7,7,0
1955,SANFORD,6,6,0
1955,RORY,12,12,0
1955,ROSARIO,5,5,0
1955,ROSS,122,122,0
1955,ROY,166,166,0
1955,ROYCE,10,10,0
1955,RUDOLF,8,8,0
1955,RUDOLPH,10,10,0
1955,STERLING,5,5,0
1955,RUDY,12,12,0
1955,RUSSELL,138,138,0
1955,RYAN,5,5,0
1955,RYSZARD,6,6,0
1955,SALVATORE,31,31,0
1955,SAM,7,7,0
1955,SAMUEL,74,74,0
1955,SANDY,7,7,0
1955,RUSSEL,17,17,0
1955,STEVE,27,27,0
1955,STEVEN,685,685,0
1955,STEWART,54,54,0
1955,VAUGHN,11,11,0
1955,VERNON,40,40,0
1955,VICTOR,128,128,0
1955,VINCENT,57,57,0
1955,VINCENZO,18,18,0
1955,VITO,13,13,0
1955,VITTORIO,9,9,0
1955,VALDIS,5,5,0
1955,WADE,20,20,0
1955,WALTER,206,206,0
1955,WARD,6,6,0
1955,WARREN,111,111,0
1955,WAYNE,689,689,0
1955,WENDELL,9,9,0
1955,WERNER,7,7,0
1955,WESLEY,48,48,0
1955,WALLACE,22,22,0
1955,RONNIE,20,20,0
1955,UMBERTO,6,6,0
1955,TONY,25,25,0
1955,STUART,64,64,0
1955,SYDNEY,18,18,0
1955,TADEUSZ,15,15,0
1955,TARAS,8,8,0
1955,TED,28,28,0
1955,TEDDY,19,19,0
1955,TERENCE,111,111,0
1955,TREVOR,22,22,0
1955,TERRANCE,134,134,0
1955,THEODORE,64,64,0
1955,THOMAS,1112,1112,0
1955,TIMOTHY,500,500,0
1955,TOD,5,5,0
1955,TODD,24,24,0
1955,TOM,8,8,0
1955,TOMMY,10,10,0
1955,TERRENCE,119,119,0
1955,KEVEN,7,7,0
1955,KEVAN,8,8,0
1955,KENTON,8,8,0
1955,CLARENCE,47,47,0
1955,CLARK,23,23,0
1955,CLAUDE,72,72,0
1955,CLAUDIO,10,10,0
1955,CLAYTON,37,37,0
1955,CLEMENT,9,9,0
1955,CLIFFORD,119,119,0
1955,CLINTON,18,18,0
1955,CLIVE,7,7,0
1955,CLYDE,15,15,0
1955,COLIN,79,79,0
1955,COLLIN,5,5,0
1955,CONRAD,9,9,0
1955,CORNELIS,19,19,0
1955,CORNELIUS,24,24,0
1955,CLAIR,5,5,0
1955,CHRISTOPHER,446,446,0
1955,CHRISTIAN,11,11,0
1955,CHRIS,19,19,0
1955,BYRON,14,14,0
1955,CALVIN,58,58,0
1955,CAMERON,70,70,0
1955,CAREY,11,11,0
1955,CARL,157,157,0
1955,CARLO,13,13,0
1955,CARMAN,15,15,0
1955,CRAIG,163,163,0
1955,CARMELO,5,5,0
1955,CARSON,8,8,0
1955,CARTER,6,6,0
1955,CARY,8,8,0
1955,CASEY,5,5,0
1955,CECIL,31,31,0
1955,CHARLES,510,510,0
1955,CHESTER,10,10,0
1955,CARMINE,6,6,0
1955,BURTON,5,5,0
1955,CURTIS,27,27,0
1955,DALTON,8,8,0
1955,DERRICK,20,20,0
1955,DESMOND,10,10,0
1955,DINO,14,14,0
1955,DIRK,15,15,0
1955,DOMENIC,6,6,0
1955,DOMENICO,33,33,0
1955,DOMINIC,11,11,0
1955,DOMINIQUE,6,6,0
1955,DON,8,8,0
1955,DONALD,1358,1358,0
1955,DONAT,5,5,0
1955,DONNIE,7,7,0
1955,DOUGLAS,1154,1154,0
1955,DUANE,19,19,0
1955,DUNCAN,38,38,0
1955,DEREK,45,45,0
1955,DENNY,6,6,0
1955,DENNIS,425,425,0
1955,DENIS,138,138,0
1955,DAN,18,18,0
1955,DANE,5,5,0
1955,DANIAL,22,22,0
1955,DANIEL,950,950,0
1955,DANNY,155,155,0
1955,DARCY,17,17,0
1955,DARIO,5,5,0
1955,CYRIL,13,13,0
1955,DARREL,8,8,0
1955,DARRYL,25,25,0
1955,DARWIN,15,15,0
1955,DARYL,68,68,0
1955,DARYLL,5,5,0
1955,DAVID,3525,3525,0
1955,DEAN,78,78,0
1955,DELBERT,7,7,0
1955,DARRELL,83,83,0
1955,BRYON,15,15,0
1955,BRYCE,5,5,0
1955,BRYAN,125,125,0
1955,ANDREAS,9,9,0
1955,ANDREW,249,249,0
1955,ANDY,9,9,0
1955,ANGELO,27,27,0
1955,ANGUS,16,16,0
1955,ANTHONY,275,275,0
1955,ANTOINE,5,5,0
1955,ANTON,7,7,0
1955,ANTONINO,5,5,0
1955,ANTONIO,62,62,0
1955,ANTONIUS,5,5,0
1955,ANTONY,7,7,0
1955,ARCHIBALD,11,11,0
1955,ARCHIE,13,13,0
1955,ARMAND,12,12,0
1955,ANDRE,67,67,0
1955,ALVIN,15,15,0
1955,ALOYSIUS,5,5,0
1955,ALLEN,96,96,0
1955,ADAM,5,5,0
1955,ADRIAN,20,20,0
1955,ADRIANUS,6,6,0
1955,ADRIEN,5,5,0
1955,AGOSTINO,6,6,0
1955,ALAIN,20,20,0
1955,ALAN,364,364,0
1955,ARNOLD,54,54,0
1955,ALBERT,152,152,0
1955,ALDO,5,5,0
1955,ALEC,8,8,0
1955,ALEX,14,14,0
1955,ALEXANDER,140,140,0
1955,ALFRED,85,85,0
1955,ALISTAIR,8,8,0
1955,ALLAN,306,306,0
1955,ALBERTUS,7,7,0
1955,ARTHUR,192,192,0
1955,AURELE,7,7,0
1955,AUSTIN,7,7,0
1955,BOBBY,8,8,0
1955,BOHDAN,18,18,0
1955,BORIS,7,7,0
1955,BORYS,5,5,0
1955,BOYD,6,6,0
1955,BRAD,12,12,0
1955,BRADFORD,18,18,0
1955,BLAKE,16,16,0
1955,BRADLEY,232,232,0
1955,BRENT,66,66,0
1955,BRETT,18,18,0
1955,BRIAN,1422,1422,0
1955,BRIEN,5,5,0
1955,BROCK,6,6,0
1955,BRUCE,604,604,0
1955,BRUNO,29,29,0
1955,BRENDAN,8,8,0
1955,DWAYNE,30,30,0
1955,BLAIR,50,50,0
1955,BILLY,14,14,0
1955,AVROM,5,5,0
1955,BABE,7,7,0
1955,BARRIE,7,7,0
1955,BARRY,376,376,0
1955,BARTON,7,7,0
1955,BASIL,6,6,0
1955,BEN,5,5,0
1955,BLAINE,24,24,0
1955,BENJAMIN,24,24,0
1955,BERNARD,135,135,0
1955,BERNARDUS,6,6,0
1955,BERND,6,6,0
1955,BERNHARD,8,8,0
1955,BERTRAM,5,5,0
1955,BILL,9,9,0
1955,BILLIE,6,6,0
1955,BENNY,7,7,0
1955,DWIGHT,50,50,0
1955,EARL,81,81,0
1955,EARLE,12,12,0
1955,IAIN,12,12,0
1955,IAN,256,256,0
1955,IHOR,7,7,0
1955,IRVIN,6,6,0
1955,IRWIN,6,6,0
1955,ISAAC,6,6,0
1955,IVAN,44,44,0
1955,J,7,7,0
1955,JAAK,5,5,0
1955,JACK,118,118,0
1955,JACKIE,11,11,0
1955,JACOB,24,24,0
1955,JACOBUS,12,12,0
1955,JACQUES,49,49,0
1955,JAMES,2433,2433,0
1955,HUGH,87,87,0
1955,HUBERT,13,13,0
1955,HOWARD,153,153,0
1955,HORST,5,5,0
1955,HARLEY,7,7,0
1955,HAROLD,219,219,0
1955,HARRIS,7,7,0
1955,HARRY,161,161,0
1955,HARVEY,65,65,0
1955,HECTOR,6,6,0
1955,HEINRICH,5,5,0
1955,JASON,8,8,0
1955,HELMUT,8,8,0
1955,HENDRIKUS,8,8,0
1955,HENRI,8,8,0
1955,HENRICUS,9,9,0
1955,HENRY,179,179,0
1955,HENRYK,10,10,0
1955,HERBERT,69,69,0
1955,HERMAN,18,18,0
1955,HENDRIK,12,12,0
1955,JAY,27,27,0
1955,JEAN-GUY,5,5,0
1955,JEAN-MARC,8,8,0
1955,JONATHON,6,6,0
1955,JOS,15,15,0
1955,JOSEF,12,12,0
1955,JOSEPH,3681,3681,0
1955,JOSEPHE,6,6,0
1955,JOSEPH-JACQUES,5,5,0
1955,JULES,10,10,0
1955,JONATHAN,42,42,0
1955,JULIAN,12,12,0
1955,KARL,57,57,0
1955,KEITH,293,293,0
1955,KELVIN,16,16,0
1955,KENNETH,1001,1001,0
1955,KENNITH,5,5,0
1955,KENNTH,15,15,0
1955,KENT,10,10,0
1955,JUSTIN,5,5,0
1955,HARALD,6,6,0
1955,JON,20,20,0
1955,JOHN,3534,3534,0
1955,JEAN-PAUL,8,8,0
1955,JEAN-PIERRE,9,9,0
1955,JEFFERY,56,56,0
1955,JEFFREY,421,421,0
1955,JEFFRY,5,5,0
1955,JEREMY,9,9,0
1955,JEROME,27,27,0
1955,JOHNNY,42,42,0
1955,JERRY,68,68,0
1955,JIMMY,21,21,0
1955,JOE,16,16,0
1955,JOEL,33,33,0
1955,JOESPH,15,15,0
1955,JOHAN,6,6,0
1955,JOHANN,9,9,0
1955,JOHANNES,40,40,0
1955,JIM,10,10,0
1955,SIMONE,11,0,11
1955,HANS,18,18,0
1955,GUY,123,123,0
1955,EUGENE,56,56,0
1955,EUGENIO,7,7,0
1955,EVAN,13,13,0
1955,EVERETT,9,9,0
1955,FELICE,5,5,0
1955,FELIX,6,6,0
1955,FERNAND,18,18,0
1955,FLOYD,22,22,0
1955,FRANCESCO,39,39,0
1955,FRANCO,20,20,0
1955,FRANCOIS,17,17,0
1955,FRANK,291,291,0
1955,FRANKLIN,39,39,0
1955,FRANKLYN,6,6,0
1955,FRASER,19,19,0
1955,ERWIN,10,10,0
1955,ERNST,6,6,0
1955,ERNIE,7,7,0
1955,ERNEST,103,103,0
1955,EDDIE,12,12,0
1955,EDDY,15,15,0
1955,EDGAR,18,18,0
1955,EDMOND,15,15,0
1955,EDMUND,34,34,0
1955,EDUARD,5,5,0
1955,EDWARD,621,621,0
1955,FRED,30,30,0
1955,EDWIN,71,71,0
1955,ELMER,9,9,0
1955,EMILE,7,7,0
1955,ENRICO,12,12,0
1955,ENZO,6,6,0
1955,ERIC,250,250,0
1955,ERICH,7,7,0
1955,ERIK,13,13,0
1955,ELDON,17,17,0
1955,FREDDY,7,7,0
1955,FREDERIC,12,12,0
1955,FREDERICK,278,278,0
1955,GIACOMO,7,7,0
1955,GIANNI,8,8,0
1955,GILBERT,46,46,0
1955,GILLES,54,54,0
1955,GINO,11,11,0
1955,GIOVANNI,38,38,0
1955,GIUSEPPE,55,55,0
1955,GERRY,13,13,0
1955,GLEN,195,195,0
1955,GORDEN,5,5,0
1955,GORDON,544,544,0
1955,GRAEME,8,8,0
1955,GRAHAM,51,51,0
1955,GRANT,125,125,0
1955,GREGG,8,8,0
1955,GREGORY,489,489,0
1955,GLENN,307,307,0
1955,HAL,5,5,0
1955,GERRIT,11,11,0
1955,GERHARD,15,15,0
1955,FREDRICK,44,44,0
1955,GABRIEL,11,11,0
1955,GAETAN,16,16,0
1955,GARFIELD,7,7,0
1955,GARNET,24,24,0
1955,GARRY,164,164,0
1955,GARTH,27,27,0
1955,GERRARD,6,6,0
1955,GARY,1075,1075,0
1955,GENE,15,15,0
1955,GEOFFREY,82,82,0
1955,GEORGE,660,660,0
1955,GEORGES,7,7,0
1955,GERALD,497,497,0
1955,GERARD,70,70,0
1955,GERARDUS,16,16,0
1955,GASTON,10,10,0
1955,SILVIA,9,0,9
1955,AARON,10,10,0
1955,SHIRLY,6,0,6
1955,KATHRYN,353,0,353
1955,KATHRYNE,6,0,6
1955,KATHY,108,0,108
1955,KATHYRN,8,0,8
1955,KATRINA,6,0,6
1955,KELLY,42,19,23
1955,KENDRA,8,0,8
1955,KERRI,17,0,17
1955,KERRY,99,70,29
1955,KIM,265,118,147
1955,KIMBERLEE,7,0,7
1955,KIMBERLEY,98,20,78
1955,KIMBERLY,100,33,67
1955,KIRSTEN,6,0,6
1955,KRISTA,8,0,8
1955,KATHRINE,16,0,16
1955,KATHLEEN,457,0,457
1955,KATHIE,11,0,11
1955,KATHERN,6,0,6
1955,JUDY,289,0,289
1955,JULIA,111,0,111
1955,JULIANA,6,0,6
1955,JULIANNE,9,0,9
1955,JULIE,151,0,151
1955,JULIET,9,0,9
1955,JULIETTE,7,0,7
1955,KRISTEN,6,0,6
1955,JUNE,117,0,117
1955,KARIN,34,0,34
1955,KARLA,7,0,7
1955,KARON,10,0,10
1955,KATE,6,0,6
1955,KATHALEEN,6,0,6
1955,KATHARINE,51,0,51
1955,KATHERINE,389,0,389
1955,KAREN,1275,0,1275
1955,JUDITH,738,0,738
1955,KRISTINA,9,0,9
1955,KRYSTYNA,15,0,15
1955,LESIA,10,0,10
1955,LESLEY,54,5,49
1955,LESLIE,325,140,185
1955,LILA,8,0,8
1955,LILIAN,12,0,12
1955,LILIANE,8,0,8
1955,LILLIAN,63,0,63
1955,LILY,17,0,17
1955,LINA,10,0,10
1955,LINDA,1553,0,1553
1955,LINDSAY,30,22,8
1955,LINDY,8,0,8
1955,LISA,88,0,88
1955,LISE,76,0,76
1955,LISETTE,8,0,8
1955,LEONA,46,0,46
1955,LENORE,11,0,11
1955,LENORA,8,0,8
1955,LENA,19,0,19
1955,LANA,21,0,21
1955,LAURA,258,0,258
1955,LAUREEN,9,0,9
1955,LAUREL,55,0,55
1955,LAUREN,23,0,23
1955,LAURENE,6,0,6
1955,LAURETTA,8,0,8
1955,KRISTINE,14,0,14
1955,LAURETTE,9,0,9
1955,LEA,11,0,11
1955,LEAH,21,0,21
1955,LEANNE,12,0,12
1955,LEE,96,48,48
1955,LEE-ANN,10,0,10
1955,LEIGH,17,7,10
1955,LEILA,6,0,6
1955,LAURIE,245,25,220
1955,JUANITA,19,0,19
1955,JOYCE,183,0,183
1955,JOY,55,0,55
1955,INFANT,81,51,30
1955,INGRID,54,0,54
1955,IONA,6,0,6
1955,IRENA,18,0,18
1955,IRENE,183,0,183
1955,IRIS,22,0,22
1955,IRMA,12,0,12
1955,ISABEL,23,0,23
1955,ISABELLA,9,0,9
1955,ISABELLE,11,0,11
1955,IVY,10,0,10
1955,JACQUELINE,206,0,206
1955,JACQUELYN,9,0,9
1955,JAMIE,30,10,20
1955,JAN,65,42,23
1955,INEZ,6,0,6
1955,ILONA,9,0,9
1955,ILENE,7,0,7
1955,IDA,24,0,24
1955,HANNAH,7,0,7
1955,HARRIET,15,0,15
1955,HAZEL,16,0,16
1955,HEDY,6,0,6
1955,HEIDI,25,0,25
1955,HELEN,338,0,338
1955,HELENA,26,0,26
1955,JANA,7,0,7
1955,HELENE,37,0,37
1955,HENDRIKA,8,0,8
1955,HENRIETTA,24,0,24
1955,HENRIETTE,9,0,9
1955,HILARY,10,0,10
1955,HILDA,27,0,27
1955,HOLLY,71,0,71
1955,HOPE,8,0,8
1955,HELGA,8,0,8
1955,JANE,395,0,395
1955,JANET,751,0,751
1955,JANETTE,32,0,32
1955,JO ANN,22,0,22
1955,JO ANNE,26,0,26
1955,JO-ANN,61,0,61
1955,JO-ANNE,116,0,116
1955,JOAN,408,0,408
1955,JOANN,22,0,22
1955,JOANNA,25,0,25
1955,JO,11,0,11
1955,JOANNE,554,0,554
1955,JOCELYN,34,0,34
1955,JOCELYNE,17,0,17
1955,JODY,21,5,16
1955,JOHANNA,40,0,40
1955,JOHANNE,11,0,11
1955,JONI,13,0,13
1955,JOSEPHINE,62,0,62
1955,JOCELINE,6,0,6
1955,LOIS,199,0,199
1955,JILL,123,0,123
1955,JESSICA,9,0,9
1955,JANICE,714,0,714
1955,JANIE,16,0,16
1955,JANINE,34,0,34
1955,JANIS,88,6,82
1955,JANNA,6,0,6
1955,JAYNE,43,0,43
1955,JEAN,329,126,203
1955,JESSIE,18,0,18
1955,JEANETTE,47,0,47
1955,JEANNETTE,31,0,31
1955,JEANNIE,10,0,10
1955,JEANNINE,16,0,16
1955,JENNIE,8,0,8
1955,JENNIFER,187,0,187
1955,JENNY,22,0,22
1955,JERI,7,0,7
1955,JEANNE,36,0,36
1955,LOLA,14,0,14
1955,LORAINE,23,0,23
1955,LORELEI,6,0,6
1955,MITZI,6,0,6
1955,MOIRA,17,0,17
1955,MOLLY,6,0,6
1955,MONA,24,0,24
1955,MONICA,75,0,75
1955,MONIKA,21,0,21
1955,MONIQUE,40,0,40
1955,MURIEL,32,0,32
1955,MURIELLE,6,0,6
1955,MYRA,11,0,11
1955,MYRNA,17,0,17
1955,MYRTLE,6,0,6
1955,NADA,6,0,6
1955,NADIA,18,0,18
1955,NADINE,27,0,27
1955,MIRIAM,32,0,32
1955,MIRELLA,6,0,6
1955,MINDY,7,0,7
1955,MILDRED,30,0,30
1955,MARYLYN,6,0,6
1955,MAURA,6,0,6
1955,MAUREEN,273,0,273
1955,MAVIS,16,0,16
1955,MAXINE,27,0,27
1955,MAY,15,0,15
1955,MEGAN,13,0,13
1955,NANCY,1159,0,1159
1955,MELANIE,70,0,70
1955,MELISSA,10,0,10
1955,MELODIE,11,0,11
1955,MELODY,32,0,32
1955,MERRY,12,0,12
1955,MICHELE,134,17,117
1955,MICHELINE,21,0,21
1955,MICHELLE,100,0,100
1955,MELINDA,13,0,13
1955,NAOMI,8,0,8
1955,NATALIE,11,0,11
1955,NELLIE,12,0,12
1955,PATTI,46,0,46
1955,PATTY,7,0,7
1955,PAULA,161,0,161
1955,PAULETTE,53,0,53
1955,PAULINE,145,0,145
1955,PEARL,17,0,17
1955,PEGGY,117,0,117
1955,PATSY,35,0,35
1955,PENELOPE,56,0,56
1955,PETRONELLA,9,0,9
1955,PHYLLIS,76,0,76
1955,PIERRETTE,14,0,14
1955,PRISCILLA,6,0,6
1955,RACHEL,40,0,40
1955,RACHELLE,21,0,21
1955,RAE,12,6,6
1955,PENNY,129,0,129
1955,MARYLOU,14,0,14
1955,PATRICIA-ANN,6,0,6
1955,PATRICE,11,0,11
1955,NICOLE,85,0,85
1955,NINA,24,0,24
1955,NOELLA,8,0,8
1955,NORA,53,0,53
1955,NORAH,9,0,9
1955,NOREEN,23,0,23
1955,NORINE,7,0,7
1955,PATRICIA,1414,0,1414
1955,NORMA,110,0,110
1955,OKSANA,8,0,8
1955,OLGA,30,0,30
1955,OLIVE,18,0,18
1955,PAMELA,419,0,419
1955,SILVANA,17,0,17
1955,PAOLA,6,0,6
1955,PATRICA,47,0,47
1955,NOT,24,18,6
1955,HALINA,8,0,8
1955,MARYELLEN,6,0,6
1955,MARYANN,20,0,20
1955,LUCINDA,18,0,18
1955,LUCY,49,0,49
1955,LYDIA,28,0,28
1955,LYN,9,0,9
1955,LYNDA,219,0,219
1955,LYNN,337,15,322
1955,LYNNE,92,0,92
1955,MABEL,6,0,6
1955,MABLE,6,0,6
1955,MADELAINE,9,0,9
1955,MADELEINE,21,0,21
1955,MADELINE,19,0,19
1955,MAE,6,0,6
1955,MANON,6,0,6
1955,MARA,8,0,8
1955,LUCILLE,33,0,33
1955,LUCIENNE,7,0,7
1955,LUCIE,15,0,15
1955,LUCIA,31,0,31
1955,LORENA,6,0,6
1955,LORETTA,69,0,69
1955,LORI,112,0,112
1955,LORIE,16,0,16
1955,LORNA,94,0,94
1955,LORRAINE,259,0,259
1955,LORRI,6,0,6
1955,MARCELLA,6,0,6
1955,LORRIE,18,0,18
1955,LOU-ANNE,6,0,6
1955,LOUANNE,10,0,10
1955,LOUISA,9,0,9
1955,LOUISE,235,0,235
1955,LU ANN,6,0,6
1955,LUANN,13,0,13
1955,LUANNE,18,0,18
1955,LOU,16,0,16
1955,MARCIA,53,0,53
1955,MARDI,7,0,7
1955,MARGARET,892,0,892
1955,MARLA,32,0,32
1955,MARLENE,212,0,212
1955,MARLYN,8,0,8
1955,MARNA,6,0,6
1955,MARNIE,10,0,10
1955,MARSHA,37,0,37
1955,MARTA,8,0,8
1955,MARJORY,11,0,11
1955,MARTHA,116,0,116
1955,MARY,2686,0,2686
1955,MARY-ANN,12,0,12
1955,MARY-ANNE,14,0,14
1955,MARY-ELLEN,12,0,12
1955,MARY-JANE,8,0,8
1955,MARY-JO,7,0,7
1955,MARY-LYNN,6,0,6
1955,MARTINA,8,0,8
1955,MARYANNE,14,0,14
1955,MARJORIE,100,0,100
1955,MARION,143,0,143
1955,MARGARETHA,9,0,9
1955,MARGO,37,0,37
1955,MARGOT,13,0,13
1955,MARGRET,15,0,15
1955,MARGUERITE,31,0,31
1955,MARI,6,0,6
1955,MARIA,276,0,276
1955,MARISA,10,0,10
1955,MARIAN,56,0,56
1955,MARIANNE,45,0,45
1955,MARIE,2719,9,2710
1955,MARIELLE,8,0,8
1955,MARIETTE,8,0,8
1955,MARILEE,7,0,7
1955,MARILYN,526,0,526
1955,MARINA,10,0,10
1955,MARIANNA,8,0,8
1955,GWENDOLYN,51,0,51
1955,HEATHER,512,0,512
1955,GRETA,7,0,7
1955,ANNIE,38,0,38
1955,ANTOINETTE,14,0,14
1955,ANTONIA,14,0,14
1955,ANTONIETTA,17,0,17
1955,APRIL,43,0,43
1955,ARLENE,107,0,107
1955,AUDREY,73,0,73
1955,AVA,7,0,7
1955,BABY,688,403,285
1955,BARBARA,1129,0,1129
1955,BARBRA,16,0,16
1955,BEATRICE,28,0,28
1955,BELINDA,10,0,10
1955,BERNADETTE,24,0,24
1955,BERNICE,35,0,35
1955,ANNETTE,54,0,54
1955,ANNEMARIE,8,0,8
1955,ANNE-MARIE,14,0,14
1955,ANNE,370,0,370
1955,ALISON,32,0,32
1955,ALLISON,11,0,11
1955,ALMA,12,0,12
1955,AMANDA,10,0,10
1955,AMELIA,9,0,9
1955,AMY,15,0,15
1955,ANDREA,61,0,61
1955,BERTHA,11,0,11
1955,ANDREE,9,0,9
1955,ANGELICA,6,0,6
1955,ANGELINA,15,0,15
1955,ANGELINE,10,0,10
1955,ANITA,86,0,86
1955,ANN,268,0,268
1955,ANNA,243,0,243
1955,ANNA-MARIA,6,0,6
1955,ANGELA,93,0,93
1955,BETH,38,0,38
1955,BETTE,10,0,10
1955,BETTY,198,0,198
1955,CARON,7,0,7
1955,CARRIE,19,0,19
1955,CATERINA,12,0,12
1955,CATHARINA,9,0,9
1955,CATHARINE,91,0,91
1955,CATHERINE,1211,0,1211
1955,CATHIE,9,0,9
1955,CAROLYN,180,0,180
1955,CATHLEEN,11,0,11
1955,CATHRYN,20,0,20
1955,CATHY,182,0,182
1955,CECELIA,9,0,9
1955,CECILE,17,0,17
1955,GWEN,28,0,28
1955,CELESTE,7,0,7
1955,CELIA,8,0,8
1955,CATHRINE,23,0,23
1955,ALINE,18,0,18
1955,CAROLLE,7,0,7
1955,CAROLE,73,0,73
1955,BEVERLEY,144,6,138
1955,BEVERLY,281,15,266
1955,BONITA,44,0,44
1955,BONNIE,430,0,430
1955,BONNY,30,0,30
1955,BRENDA,941,0,941
1955,BRIDGET,7,0,7
1955,CAROLINE,63,0,63
1955,CANDACE,30,0,30
1955,CAREN,10,0,10
1955,CARLA,39,0,39
1955,CARMEL,9,0,9
1955,CARMELA,18,0,18
1955,CARMELINA,6,0,6
1955,CARMEN,51,5,46
1955,CAROL,833,0,833
1955,CANDICE,12,0,12
1955,CELINE,10,0,10
1955,ALIDA,8,0,8
1955,ALEXIS,9,0,9
1955,SHARI,12,0,12
1955,SHANNON,37,6,31
1955,SARAH,45,0,45
1955,SARA,26,0,26
1955,SANDRA,981,0,981
1955,SALLY,81,0,81
1955,SABRINA,9,0,9
1955,RUTH,332,0,332
1955,RUBY,23,0,23
1955,ROXANNE,52,0,52
1955,ROSLYN,8,0,8
1955,ROSINA,7,0,7
1955,ROSETTA,8,0,8
1955,ROSEMARY,215,0,215
1955,ROSEMARIE,76,0,76
1955,SHARLENE,8,0,8
1955,SHARON,754,0,754
1955,SHARRON,21,0,21
1955,SHAWN,49,43,6
1955,SHIRLEY,304,0,304
1955,SHIELA,11,0,11
1955,SHERYL,49,0,49
1955,SHERRY,186,0,186
1955,SHERRILL,9,0,9
1955,SHERRIL,7,0,7
1955,SHERRIE,7,0,7
1955,ROSEANNE,11,0,11
1955,SHERRI,19,0,19
1955,SHEREE,28,0,28
1955,SHELLY,27,0,27
1955,SHELLEY,177,0,177
1955,SHELIA,9,0,9
1955,SHELAGH,14,0,14
1955,SHEILA,261,0,261
1955,SHEELAGH,6,0,6
1955,SHERI,8,0,8
1955,ROSEANNA,7,0,7
1955,ROSE-MARIE,17,0,17
1955,ROSE,174,0,174
1955,RENATE,9,0,9
1955,RENA,10,0,10
1955,REINA,6,0,6
1955,REGINA,16,0,16
1955,REBECCA,54,0,54
1955,RAYMONDE,6,0,6
1955,RANDI,6,0,6
1955,RENEE,22,0,22
1955,ADELE,28,0,28
1955,ADRIENNE,18,0,18
1955,AGNES,26,0,26
1955,AILEEN,15,0,15
1955,ALANA,6,0,6
1955,ALANNA,8,0,8
1955,ALBERTA,10,0,10
1955,ALEXANDRA,33,0,33
1955,ADRIANA,12,0,12
1955,ALICE,117,0,117
1955,RETA,13,0,13
1955,RHONDA,115,0,115
1955,ROSARIA,8,0,8
1955,ROSANNE,38,0,38
1955,ROSANNA,8,0,8
1955,ROSALIND,12,0,12
1955,ROSALIE,21,0,21
1955,ROSA,31,0,31
1955,RONDA,14,0,14
1955,RHODA,10,0,10
1955,RONA,7,0,7
1955,ROCHELLE,12,0,12
1955,ROBYN,11,0,11
1955,ROBIN,283,110,173
1955,ROBERTA,97,0,97
1955,ROBBIN,8,0,8
1955,RITA,177,0,177
1955,RINA,6,0,6
1955,ROMA,7,0,7
1955,CHARLENE,88,0,88
1955,CECILIA,26,0,26
1955,CHARMAINE,28,0,28
1955,ERIKA,9,0,9
1955,ESTELLE,13,0,13
1955,ESTER,6,0,6
1955,ESTHER,54,0,54
1955,ETHEL,13,0,13
1955,EUNICE,14,0,14
1955,EVA,61,0,61
1955,EVELYN,143,0,143
1955,FAITH,24,0,24
1955,FAY,21,0,21
1955,FAYE,43,0,43
1955,FEMALE,10,0,10
1955,FERN,24,0,24
1955,FILOMENA,12,0,12
1955,FIONA,8,0,8
1955,ERICA,9,0,9
1955,EMMA,16,0,16
1955,EMILY,34,0,34
1955,ELVIRA,7,0,7
1955,EDNA,42,0,42
1955,EILEEN,66,0,66
1955,CHARLOTTE,53,0,53
1955,ELEANOR,71,0,71
1955,ELENA,14,0,14
1955,ELINOR,10,0,10
1955,ELISA,8,0,8
1955,FLORA,12,0,12
1955,ELISABETH,43,0,43
1955,ELIZABETH,782,0,782
1955,ELIZEBETH,13,0,13
1955,ELLA,12,0,12
1955,ELLEN,137,0,137
1955,ELSA,6,0,6
1955,ELSIE,28,0,28
1955,ELVA,7,0,7
1955,ELISE,14,0,14
1955,EDITH,59,0,59
1955,FLORENCE,61,0,61
1955,FRANCES,173,0,173
1955,GINA,41,0,41
1955,GINETTE,33,0,33
1955,GIOVANNA,18,0,18
1955,GISELA,6,0,6
1955,GISELE,42,0,42
1955,GISELLE,7,0,7
1955,GIULIANA,7,0,7
1955,GIUSEPPINA,10,0,10
1955,GLADYS,38,0,38
1955,GLENDA,68,0,68
1955,GLENNA,25,0,25
1955,GLORIA,155,0,155
1955,GLYNIS,7,0,7
1955,GRACE,62,0,62
1955,GRAZIELLA,7,0,7
1955,GILLIAN,20,0,20
1955,GERTRUDE,35,0,35
1955,GERMAINE,7,0,7
1955,GERALDINE,65,0,65
1955,FRANCESCA,11,0,11
1955,FRANCINE,63,0,63
1955,FRANCIS,205,188,17
1955,FRANCOISE,9,0,9
1955,FREDA,14,0,14
1955,GABRIELA,8,0,8
1955,GABRIELLE,11,0,11
1955,FRANCA,14,0,14
1955,GAIL,383,0,383
1955,GAY,10,0,10
1955,GAYE,10,0,10
1955,GAYLE,70,0,70
1955,GENEVIEVE,10,0,10
1955,GEORGIA,14,0,14
1955,RAMONA,12,0,12
1955,GEORGINA,38,0,38
1955,GALE,20,0,20
1955,DORTHY,7,0,7
1955,ELAINE,258,0,258
1955,DOROTHEA,7,0,7
1955,CONSTANCE,142,0,142
1955,CORA,14,0,14
1955,CORAL,6,0,6
1955,CORINNE,32,0,32
1955,CORNELIA,32,0,32
1955,CORRINE,7,0,7
1955,CRISTINA,7,0,7
1955,CRYSTAL,24,0,24
1955,CYNTHIA,354,0,354
1955,DAGMAR,6,0,6
1955,DALE,316,202,114
1955,DALYCE,9,0,9
1955,DOROTHY,229,0,229
1955,DANIELA,6,0,6
1955,DANIELLE,16,0,16
1955,CONNIE,96,0,96
1955,CONCETTA,11,0,11
1955,COLLEEN,239,0,239
1955,COLETTE,33,0,33
1955,CHERI,8,0,8
1955,CHERIE,12,0,12
1955,CHERYL,631,0,631
1955,CHERYLE,11,0,11
1955,CHRISTIANE,7,0,7
1955,CHRISTIE,7,0,7
1955,CHRISTINA,84,0,84
1955,DANUTA,10,0,10
1955,CHRISTINE,466,0,466
1955,CLAIRE,49,0,49
1955,CLARA,30,0,30
1955,CLARE,16,7,9
1955,CLAUDETTE,31,0,31
1955,CLAUDIA,26,0,26
1955,CLAUDINE,6,0,6
1955,COLEEN,19,0,19
1955,CINDY,110,0,110
1955,DAPHNE,15,0,15
1955,DANA,43,26,17
1955,DARLEEN,7,0,7
1955,DENISE,304,0,304
1955,DENYSE,8,0,8
1955,DIANA,205,0,205
1955,DARLA,14,0,14
1955,DIANNA,24,0,24
1955,DIANNE,307,0,307
1955,DINA,7,0,7
1955,DELORES,11,0,11
1955,DINAH,6,0,6
1955,DOLORES,27,0,27
1955,DONA,15,0,15
1955,DONELDA,9,0,9
1955,DONNA,935,0,935
1955,DORA,11,0,11
1955,DOREEN,80,0,80
1955,DORIS,106,0,106
1955,DIXIE,12,0,12
1955,DELLA,9,0,9
1955,DIANE,709,0,709
1955,DEIRDRE,7,0,7
1955,DARLENE,392,0,392
1955,DAWN,137,0,137
1955,DAWNA,15,0,15
1955,DELIA,6,0,6
1955,DAYLE,6,0,6
1955,DEANNA,25,0,25
1955,DEBBIE,102,0,102
1955,DEBBY,12,0,12
1955,DEBBRA,20,0,20
1955,DEBORA,92,0,92
1955,DEBORAH,2115,0,2115
1955,DEBORAH-ANN,6,0,6
1955,DEBORRAH,11,0,11
1955,DEBRA,1335,0,1335
1955,DEBRA-ANN,7,0,7
1955,DEBRAH,17,0,17
1955,DEBERA,8,0,8
1956,ALAIN,12,12,0
1956,ALBERT,151,151,0
1956,ALAN,367,367,0
1956,AGOSTINO,6,6,0
1956,ALBERTO,10,10,0
1956,ADRIAN,30,30,0
1956,ADAM,15,15,0
1956,ABRAHAM,12,12,0
1956,AARON,10,10,0
1956,ADRIANUS,8,8,0
1956,ALDEN,5,5,0
1956,BENNETT,5,5,0
1956,ALEX,22,22,0
1956,MORRIS,20,20,0
1956,MORLEY,8,8,0
1956,MORGAN,10,10,0
1956,MITCHELL,36,36,0
1956,MILTON,14,14,0
1956,MILES,20,20,0
1956,MILAN,7,7,0
1956,MIKE,7,7,0
1956,MICKAEL,6,6,0
1956,MICHEL,159,159,0
1956,MICHEAL,148,148,0
1956,MICHAEL,2462,2462,0
1956,MERVYN,7,7,0
1956,MERVIN,13,13,0
1956,MELVIN,50,50,0
1956,MELVILLE,6,6,0
1956,MAYNARD,5,5,0
1956,MARK,1094,1094,0
1956,MARKUS,5,5,0
1956,MARSHALL,13,13,0
1956,MARTIN,224,224,0
1956,MARTINUS,5,5,0
1956,MARTY,10,10,0
1956,MURRAY,196,196,0
1956,MARVIN,44,44,0
1956,MATTHEW,72,72,0
1956,MAURICE,71,71,0
1956,MAURIZIO,5,5,0
1956,MAURO,6,6,0
1956,MAX,8,8,0
1956,MAXWELL,10,10,0
1956,MATHEW,12,12,0
1956,MYLES,7,7,0
1956,MYRON,16,16,0
1956,NATHAN,10,10,0
1956,OSCAR,7,7,0
1956,OTTO,5,5,0
1956,OWEN,16,16,0
1956,PAOLO,9,9,0
1956,PASQUALE,16,16,0
1956,PATRICK,433,433,0
1956,ORVILLE,10,10,0
1956,PAUL,1533,1533,0
1956,PERRY,56,56,0
1956,PETER,1347,1347,0
1956,PHILIP,267,267,0
1956,PHILIPPE,7,7,0
1956,PHILLIP,78,78,0
1956,PIERRE,75,75,0
1956,PERCY,20,20,0
1956,MARIO,61,61,0
1956,ORLANDO,5,5,0
1956,OMER,7,7,0
1956,NEAL,8,8,0
1956,NEIL,164,164,0
1956,NELSON,24,24,0
1956,NEVILLE,5,5,0
1956,NICHOLAS,67,67,0
1956,NICK,12,12,0
1956,OREST,5,5,0
1956,NICOLA,21,21,0
1956,NO,6,6,0
1956,NOEL,16,16,0
1956,NORBERT,16,16,0
1956,NORMAN,282,282,0
1956,NORMAND,39,39,0
1956,OLIVER,10,10,0
1956,NIGEL,7,7,0
1956,MARINUS,9,9,0
1956,MARCUS,11,11,0
1956,MARCO,6,6,0
1956,KENNY,5,5,0
1956,KENT,17,17,0
1956,KENTON,5,5,0
1956,KEVAN,7,7,0
1956,KEVEN,7,7,0
1956,KEVIN,726,726,0
1956,KENNTH,8,8,0
1956,KIETH,13,13,0
1956,KIRK,61,61,0
1956,KLAUS,6,6,0
1956,KURT,14,14,0
1956,KYLE,6,6,0
1956,LAMBERT,5,5,0
1956,LANCE,32,32,0
1956,KIRBY,9,9,0
1956,LARRY,427,427,0
1956,KENNETH,1059,1059,0
1956,KEN,7,7,0
1956,JOHNY,6,6,0
1956,JON,22,22,0
1956,JONAS,6,6,0
1956,JONATHAN,54,54,0
1956,JOS,14,14,0
1956,JOSEF,8,8,0
1956,KENDALL,7,7,0
1956,JOSEPH,3935,3935,0
1956,JOSPH,8,8,0
1956,JULIAN,8,8,0
1956,JULIUS,6,6,0
1956,KARL,56,56,0
1956,KEITH,259,259,0
1956,KELVIN,23,23,0
1956,JOSEPH-MICHEL,5,5,0
1956,PIETER,14,14,0
1956,LAURENCE,33,33,0
1956,LAURIER,5,5,0
1956,LORIS,6,6,0
1956,LORNE,75,75,0
1956,LOUIS,91,91,0
1956,LUC,14,14,0
1956,LUCIEN,14,14,0
1956,LUIGI,34,34,0
1956,LORENZO,17,17,0
1956,LUKE,5,5,0
1956,MALCOLM,41,41,0
1956,MALE,7,7,0
1956,MANFRED,8,8,0
1956,MARC,97,97,0
1956,MARCEL,69,69,0
1956,MARCELLO,5,5,0
1956,LYLE,52,52,0
1956,LAURENT,15,15,0
1956,LONNIE,8,8,0
1956,LIONEL,15,15,0
1956,LAVERN,6,6,0
1956,LAVERNE,5,5,0
1956,LAWRENCE,381,381,0
1956,LEENDERT,5,5,0
1956,LELAND,7,7,0
1956,LENARD,9,9,0
1956,LLOYD,91,91,0
1956,LENNARD,6,6,0
1956,LEON,19,19,0
1956,LEONARD,204,204,0
1956,LEONARDO,5,5,0
1956,LEROY,7,7,0
1956,LESTER,11,11,0
1956,LEWIS,15,15,0
1956,LEO,78,78,0
1956,JOHNNY,37,37,0
1956,PIETRO,16,16,0
1956,RALF,5,5,0
1956,TOM,9,9,0
1956,TODD,23,23,0
1956,TIMOTHY,602,602,0
1956,TIM,7,7,0
1956,THOMAS,1108,1108,0
1956,THEODORUS,6,6,0
1956,THEODORE,57,57,0
1956,THADDEUS,5,5,0
1956,TERRENCE,127,127,0
1956,TERRANCE,147,147,0
1956,TERENCE,86,86,0
1956,TERANCE,6,6,0
1956,TEDDY,15,15,0
1956,TED,17,17,0
1956,TADEUSZ,12,12,0
1956,SYLVIO,5,5,0
1956,SYDNEY,15,15,0
1956,SHERMAN,8,8,0
1956,SIDNEY,27,27,0
1956,SIEGFRIED,6,6,0
1956,SILVANO,6,6,0
1956,SIMON,29,29,0
1956,SPENCER,6,6,0
1956,TOMMY,13,13,0
1956,STANLEY,178,178,0
1956,STEPHAN,21,21,0
1956,STEPHEN,1135,1135,0
1956,STEVE,27,27,0
1956,STEVEN,767,767,0
1956,STEWART,65,65,0
1956,STUART,70,70,0
1956,STEFAN,18,18,0
1956,TONY,34,34,0
1956,TRENT,5,5,0
1956,TREVOR,28,28,0
1956,WILFRED,66,66,0
1956,WILFRID,7,7,0
1956,WILHELMUS,5,5,0
1956,WILLARD,16,16,0
1956,WILLEM,8,8,0
1956,WILLIAM,2328,2328,0
1956,WILBERT,7,7,0
1956,WILLIS,8,8,0
1956,WOLFGANG,8,8,0
1956,WYATT,6,6,0
1956,YVES,9,9,0
1956,YVON,36,36,0
1956,ZANE,5,5,0
1956,ZENON,6,6,0
1956,WILSON,7,7,0
1956,SHELDON,36,36,0
1956,WESLEY,42,42,0
1956,WAYNE,627,627,0
1956,TYLER,5,5,0
1956,VAUGHN,7,7,0
1956,VERNE,5,5,0
1956,VERNON,42,42,0
1956,VICTOR,130,130,0
1956,VINCENT,79,79,0
1956,WERNER,13,13,0
1956,VINCENZO,38,38,0
1956,VITTORIO,10,10,0
1956,WADE,36,36,0
1956,WALDEMAR,6,6,0
1956,WALLACE,23,23,0
1956,WALTER,207,207,0
1956,WARREN,95,95,0
1956,VITO,14,14,0
1956,SHAUN,12,12,0
1956,SHANE,28,28,0
1956,SERGIO,20,20,0
1956,RENE,38,38,0
1956,RENZO,5,5,0
1956,REX,6,6,0
1956,RHEAL,13,13,0
1956,RICHARD,1904,1904,0
1956,RICK,7,7,0
1956,RENATO,11,11,0
1956,RICKEY,23,23,0
1956,RICKY,128,128,0
1956,RITCHIE,9,9,0
1956,ROBBIE,15,15,0
1956,ROBBY,6,6,0
1956,ROBERT,3332,3332,0
1956,ROBERTO,23,23,0
1956,RICKIE,8,8,0
1956,ROCCO,16,16,0
1956,RENALD,5,5,0
1956,REJEAN,17,17,0
1956,RALPH,191,191,0
1956,RANDAL,47,47,0
1956,RANDALL,284,284,0
1956,RANDEL,8,8,0
1956,RANDELL,12,12,0
1956,RANDOLF,8,8,0
1956,REMI,6,6,0
1956,RANDOLPH,133,133,0
1956,RAPHAEL,5,5,0
1956,RAY,25,25,0
1956,RAYMOND,393,393,0
1956,REAL,13,13,0
1956,REGINALD,61,61,0
1956,REID,7,7,0
1956,RANDY,342,342,0
1956,RAFFAELE,11,11,0
1956,ROCKY,8,8,0
1956,RODGER,13,13,0
1956,RUSSELL,151,151,0
1956,RYAN,8,8,0
1956,RYSZARD,7,7,0
1956,SALVATORE,33,33,0
1956,SAM,10,10,0
1956,SAMUEL,59,59,0
1956,RUSSEL,21,21,0
1956,SANDY,10,10,0
1956,SANTO,5,5,0
1956,SAVERIO,6,6,0
1956,SCOT,6,6,0
1956,SCOTT,221,221,0
1956,SEAN,31,31,0
1956,SERGE,14,14,0
1956,SANFORD,8,8,0
1956,RODERICK,65,65,0
1956,RUDY,5,5,0
1956,RUDOLF,6,6,0
1956,RODNEY,130,130,0
1956,RODRICK,5,5,0
1956,ROGER,275,275,0
1956,ROLAND,60,60,0
1956,ROLF,12,12,0
1956,ROLLAND,8,8,0
1956,RUDOLPH,12,12,0
1956,ROMAN,33,33,0
1956,RONALD,1190,1190,0
1956,RONNIE,22,22,0
1956,RONNY,7,7,0
1956,RORY,18,18,0
1956,ROSS,145,145,0
1956,ROY,190,190,0
1956,ROMEO,13,13,0
1956,JOHNNIE,6,6,0
1956,JOHN,3364,3364,0
1956,JOHANNUS,5,5,0
1956,DANE,8,8,0
1956,DAN,18,18,0
1956,CYRIL,7,7,0
1956,CURTIS,40,40,0
1956,CURT,6,6,0
1956,CRAIG,180,180,0
1956,COSIMO,5,5,0
1956,CORY,6,6,0
1956,CORNELIUS,20,20,0
1956,CORNELIS,19,19,0
1956,COREY,5,5,0
1956,CONRAD,16,16,0
1956,COLLIN,5,5,0
1956,COLIN,82,82,0
1956,CLYDE,11,11,0
1956,CLIVE,9,9,0
1956,CLINTON,19,19,0
1956,CASEY,5,5,0
1956,CECIL,41,41,0
1956,CHARLES,495,495,0
1956,CHESTER,21,21,0
1956,CHRIS,17,17,0
1956,CHRISTIAN,15,15,0
1956,DANIAL,25,25,0
1956,CHRISTOPHER,559,559,0
1956,CLARK,11,11,0
1956,CLAUDE,83,83,0
1956,CLAUDIO,14,14,0
1956,CLAYTON,37,37,0
1956,CLEMENT,7,7,0
1956,CLIFFORD,105,105,0
1956,CLARENCE,53,53,0
1956,DANIEL,1046,1046,0
1956,DANNIE,5,5,0
1956,DANNY,167,167,0
1956,DIRK,12,12,0
1956,DOMENIC,8,8,0
1956,DOMENICO,36,36,0
1956,DOMINIC,19,19,0
1956,DON,10,10,0
1956,DONALD,1329,1329,0
1956,DINO,13,13,0
1956,DONATO,14,14,0
1956,DREW,13,13,0
1956,DUANE,13,13,0
1956,DWAIN,5,5,0
1956,DWAYNE,14,14,0
1956,DWIGHT,51,51,0
1956,EARL,76,76,0
1956,DOUGLAS,1083,1083,0
1956,CARY,10,10,0
1956,DIETER,7,7,0
1956,DESMOND,10,10,0
1956,DARCY,26,26,0
1956,D'ARCY,7,7,0
1956,DARIO,6,6,0
1956,DARREL,11,11,0
1956,DARRELL,93,93,0
1956,DARRYL,28,28,0
1956,DICK,10,10,0
1956,DARWIN,10,10,0
1956,DEAN,112,112,0
1956,DELBERT,6,6,0
1956,DENIS,149,149,0
1956,DENNIS,377,377,0
1956,DEREK,60,60,0
1956,DERRICK,28,28,0
1956,DAVID,3157,3157,0
1956,CARSON,7,7,0
1956,CARMINE,10,10,0
1956,CARMELO,7,7,0
1956,ARCHIBALD,5,5,0
1956,ARCHIE,10,10,0
1956,ARMAND,13,13,0
1956,ARNOLD,56,56,0
1956,ARTHUR,217,217,0
1956,AUBREY,6,6,0
1956,ANTONIUS,10,10,0
1956,AUSTIN,7,7,0
1956,BARRIE,7,7,0
1956,BARRY,356,356,0
1956,BARTHOLOMEW,5,5,0
1956,BARTON,5,5,0
1956,BASIL,7,7,0
1956,BENJAMIN,31,31,0
1956,BABE,6,6,0
1956,BERNARD,124,124,0
1956,ANTONIO,86,86,0
1956,ANTON,10,10,0
1956,ALEXANDER,162,162,0
1956,ALFRED,93,93,0
1956,ALFREDO,7,7,0
1956,ALLAN,313,313,0
1956,ALLEN,119,119,0
1956,ALVIN,35,35,0
1956,ANTONINO,7,7,0
1956,ANDRE,78,78,0
1956,ANDREW,292,292,0
1956,ANDY,9,9,0
1956,ANGELO,47,47,0
1956,ANGUS,15,15,0
1956,ANSON,6,6,0
1956,ANTHONY,250,250,0
1956,ANDREAS,13,13,0
1956,EDDIE,8,8,0
1956,BERNARDUS,7,7,0
1956,BERT,10,10,0
1956,BRIAN,1519,1519,0
1956,BRIEN,10,10,0
1956,BROCK,6,6,0
1956,BRUCE,583,583,0
1956,BRUNO,37,37,0
1956,BRYAN,123,123,0
1956,BRETT,11,11,0
1956,BRYON,14,14,0
1956,BYRON,24,24,0
1956,CALVIN,63,63,0
1956,CAMERON,83,83,0
1956,CARL,147,147,0
1956,CARLO,23,23,0
1956,CARMAN,11,11,0
1956,BURTON,8,8,0
1956,BERNHARD,5,5,0
1956,BRENT,83,83,0
1956,BRANT,5,5,0
1956,BILL,10,10,0
1956,BILLY,15,15,0
1956,BLAINE,28,28,0
1956,BLAIR,54,54,0
1956,BLAKE,17,17,0
1956,BOHDAN,16,16,0
1956,BRENDAN,6,6,0
1956,BORIS,10,10,0
1956,BOYD,5,5,0
1956,BRAD,10,10,0
1956,BRADEN,5,5,0
1956,BRADFORD,18,18,0
1956,BRADLEY,228,228,0
1956,BRADLY,5,5,0
1956,BOY,5,5,0
1956,EDDY,11,11,0
1956,EDGAR,34,34,0
1956,EDMOND,14,14,0
1956,HAROLD,187,187,0
1956,HARRY,144,144,0
1956,HARVEY,55,55,0
1956,HECTOR,7,7,0
1956,HELMUT,7,7,0
1956,HENDRIK,13,13,0
1956,HARLEY,15,15,0
1956,HENRI,14,14,0
1956,HERBERT,79,79,0
1956,HERMAN,26,26,0
1956,HOWARD,148,148,0
1956,HUBERT,13,13,0
1956,HUGH,84,84,0
1956,IAIN,11,11,0
1956,HENRY,217,217,0
1956,IAN,274,274,0
1956,HARALD,6,6,0
1956,HAL,22,22,0
1956,GIUSEPPE,61,61,0
1956,GLEN,224,224,0
1956,GLENDON,7,7,0
1956,GLENN,323,323,0
1956,GLYN,5,5,0
1956,GORDEN,7,7,0
1956,HANS,17,17,0
1956,GORDON,545,545,0
1956,GRAHAM,59,59,0
1956,GRANT,121,121,0
1956,GREG,5,5,0
1956,GREGG,10,10,0
1956,GREGORY,568,568,0
1956,GUY,132,132,0
1956,GRAEME,7,7,0
1956,GIOVANNI,49,49,0
1956,IRA,8,8,0
1956,IRVING,6,6,0
1956,JEFFREY,530,530,0
1956,JEFFRY,7,7,0
1956,JERALD,8,8,0
1956,JEREMY,9,9,0
1956,JEROME,35,35,0
1956,JERRY,82,82,0
1956,JEFFERY,65,65,0
1956,JESSE,6,6,0
1956,JOE,15,15,0
1956,JOEL,47,47,0
1956,JOESPH,19,19,0
1956,JOEY,5,5,0
1956,JOHANN,6,6,0
1956,JOHANNES,40,40,0
1956,JIMMY,32,32,0
1956,IRVIN,8,8,0
1956,JEFFERSON,6,6,0
1956,JEAN-PAUL,6,6,0
1956,IRWIN,6,6,0
1956,ISAAC,5,5,0
1956,ITALO,6,6,0
1956,IVAN,54,54,0
1956,J,13,13,0
1956,JACK,117,117,0
1956,JEAN-PIERRE,7,7,0
1956,JACOB,35,35,0
1956,JACQUES,52,52,0
1956,JAMES,2257,2257,0
1956,JASON,8,8,0
1956,JAY,32,32,0
1956,JEAN-CLAUDE,5,5,0
1956,JEAN-MARC,5,5,0
1956,JACOBUS,12,12,0
1956,ALDO,14,14,0
1956,GIORGIO,7,7,0
1956,GILLES,39,39,0
1956,ERNST,8,8,0
1956,ERWIN,11,11,0
1956,EUGENE,73,73,0
1956,EVAN,11,11,0
1956,EVERETT,11,11,0
1956,FELICE,5,5,0
1956,ERNIE,6,6,0
1956,FELIX,9,9,0
1956,FERNANDO,5,5,0
1956,FILIPPO,6,6,0
1956,FLOYD,13,13,0
1956,FRANCESCO,34,34,0
1956,FRANCISCUS,5,5,0
1956,FRANCO,35,35,0
1956,FERNAND,12,12,0
1956,FRANCOIS,17,17,0
1956,ERNEST,120,120,0
1956,ERICH,6,6,0
1956,EDMUND,23,23,0
1956,EDWARD,648,648,0
1956,EDWIN,53,53,0
1956,ELDON,23,23,0
1956,ELI,5,5,0
1956,ELLIOT,5,5,0
1956,ERIK,14,14,0
1956,ELLIOTT,5,5,0
1956,EMERSON,5,5,0
1956,EMILE,6,6,0
1956,EMILIO,8,8,0
1956,ENRICO,12,12,0
1956,ENZO,13,13,0
1956,ERIC,218,218,0
1956,ELMER,12,12,0
1956,GINO,24,24,0
1956,FRANK,291,291,0
1956,FRANZ,8,8,0
1956,GEORGE,622,622,0
1956,GEORGES,5,5,0
1956,GERALD,442,442,0
1956,GERARD,101,101,0
1956,GERARDO,5,5,0
1956,GERARDUS,12,12,0
1956,GEOFFREY,98,98,0
1956,GERHARD,8,8,0
1956,GERRIT,10,10,0
1956,GERRY,10,10,0
1956,GIACOMO,5,5,0
1956,GIANNI,5,5,0
1956,GILBERT,66,66,0
1956,GILLE,9,9,0
1956,GERRARD,7,7,0
1956,FRANKLIN,47,47,0
1956,GENE,11,11,0
1956,GASTON,8,8,0
1956,FRASER,12,12,0
1956,FRED,24,24,0
1956,FREDERIC,5,5,0
1956,FREDERICK,248,248,0
1956,FREDERIK,5,5,0
1956,FREDRICK,64,64,0
1956,GAVIN,6,6,0
1956,GABRIEL,8,8,0
1956,GAETANO,8,8,0
1956,GARFIELD,8,8,0
1956,GARNET,25,25,0
1956,GARRY,183,183,0
1956,GARTH,19,19,0
1956,GARY,1046,1046,0
1956,GAETAN,14,14,0
1956,LUCIANO,20,20,0
1956,DUNCAN,31,31,0
1956,PATTI,50,0,50
1956,WILHELMINA,15,0,15
1956,WENDY,823,0,823
1956,WANDA,135,0,135
1956,VIVIAN,65,0,65
1956,VIRGINIA,110,0,110
1956,VIOLET,27,0,27
1956,VIOLA,8,0,8
1956,VINCENZA,9,0,9
1956,VICTORIA,191,0,191
1956,VICKY,29,0,29
1956,VICKIE,25,0,25
1956,VICKI,81,0,81
1956,VERONICA,45,0,45
1956,VERNA,27,0,27
1956,VERA,50,0,50
1956,VELMA,10,0,10
1956,VELDA,6,0,6
1956,VANESSA,16,0,16
1956,VALERIE,257,0,257
1956,VALARIE,9,0,9
1956,URSULA,13,0,13
1956,WILMA,40,0,40
1956,WINNIFRED,8,0,8
1956,YOLANDA,6,0,6
1956,YVETTE,21,0,21
1956,LEANNE,22,0,22
1956,LEE,90,27,63
1956,LEESA,6,0,6
1956,LEIGH,15,0,15
1956,LEILA,11,0,11
1956,LENA,28,0,28
1956,LENORA,15,0,15
1956,LENORE,18,0,18
1956,LEONA,31,0,31
1956,LESLEY,65,0,65
1956,TRUDY,26,0,26
1956,LESLIE,360,137,223
1956,LILA,13,0,13
1956,LILIAN,13,0,13
1956,LILIANA,12,0,12
1956,LILLIAN,69,0,69
1956,LILY,13,0,13
1956,LINA,23,0,23
1956,LINDA,1486,0,1486
1956,LINDSAY,19,13,6
1956,LISA,84,0,84
1956,YVONNE,116,0,116
1956,LIDIA,7,0,7
1956,TRACY,44,6,38
1956,TRACEY,10,0,10
1956,TONI,22,0,22
1956,STARR,7,0,7
1956,SOPHIE,6,0,6
1956,SOPHIA,7,0,7
1956,SONYA,21,0,21
1956,SONJA,18,0,18
1956,SONIA,20,0,20
1956,SIMONE,7,0,7
1956,SILVIA,12,0,12
1956,SILVANA,26,0,26
1956,SHONA,8,0,8
1956,STELLA,27,0,27
1956,SHIRLEY,338,0,338
1956,SHERYL,52,0,52
1956,SHERRY,188,0,188
1956,SHERRILL,8,0,8
1956,SHERRIE,9,0,9
1956,SHERRI,18,0,18
1956,SHERI,16,0,16
1956,SHEREE,40,0,40
1956,SHELLY,44,0,44
1956,SHELLEY,213,0,213
1956,SHELAGH,24,0,24
1956,SHIELA,14,0,14
1956,LEAH,20,0,20
1956,STEPHANIE,65,0,65
1956,SUSAN,2113,0,2113
1956,TINA,46,0,46
1956,THERESE,48,0,48
1956,THERESA,232,0,232
1956,THELMA,20,0,20
1956,TERRY,485,390,95
1956,TERRIE,7,0,7
1956,TERRI,39,0,39
1956,TERI,7,0,7
1956,TERESA,256,0,256
1956,TARA,15,0,15
1956,SUE,11,0,11
1956,TANYA,7,0,7
1956,SYLVIE,8,0,8
1956,SYLVIA,128,0,128
1956,SUZETTE,15,0,15
1956,SUZANNE,312,0,312
1956,SUZANE,6,0,6
1956,SUZAN,18,0,18
1956,SUSIE,7,0,7
1956,SUSANNE,73,0,73
1956,SUSANNA,14,0,14
1956,SUSANE,7,0,7
1956,TANIS,6,0,6
1956,LEA,14,0,14
1956,LAURIE,361,16,345
1956,LAURI,7,0,7
1956,JEAN,277,113,164
1956,JEANETTE,56,0,56
1956,JEANINE,7,0,7
1956,JEANNE,47,0,47
1956,JEANNETTE,26,0,26
1956,JEANNIE,11,0,11
1956,JEANNINE,22,0,22
1956,JENNIE,8,0,8
1956,JENNIFER,227,0,227
1956,JENNY,32,0,32
1956,JAYNE,68,0,68
1956,JESSICA,6,0,6
1956,JILL,134,0,134
1956,JILLIAN,8,0,8
1956,JO,13,0,13
1956,JO ANN,22,0,22
1956,JO ANNE,19,0,19
1956,JO-ANN,78,0,78
1956,JO-ANNE,121,0,121
1956,JOAN,371,0,371
1956,JOANN,30,0,30
1956,JOANNA,21,0,21
1956,JESSIE,6,0,6
1956,JOANNE,580,0,580
1956,JAYE,8,0,8
1956,JANIS,96,5,91
1956,INGE,7,0,7
1956,INGRID,55,0,55
1956,IRENA,15,0,15
1956,IRENE,187,0,187
1956,IRIS,19,0,19
1956,IRMA,11,0,11
1956,ISABEL,18,0,18
1956,ISABELLA,7,0,7
1956,ISABELLE,6,0,6
1956,IVA,8,0,8
1956,JAQUELINE,8,0,8
1956,IVY,14,0,14
1956,JACQUELINE,210,0,210
1956,JACQUELYN,7,0,7
1956,JAMIE,25,9,16
1956,JAN,75,44,31
1956,JANE,398,0,398
1956,JANET,765,0,765
1956,JANETTE,32,0,32
1956,JANICE,656,0,656
1956,JANIE,15,0,15
1956,JANINE,46,0,46
1956,JACKIE,18,10,8
1956,SHEILAGH,6,0,6
1956,JOCELYN,45,0,45
1956,JODI,9,0,9
1956,KATHRYN,442,0,442
1956,KATHY,142,0,142
1956,KATHYRN,8,0,8
1956,KAY,11,0,11
1956,KELLY,65,31,34
1956,KENDRA,6,0,6
1956,KERRY,82,57,25
1956,KIM,426,106,320
1956,KIMBERLEE,10,0,10
1956,KIMBERLEY,165,18,147
1956,KATHRINE,21,0,21
1956,KIMBERLY,186,36,150
1956,KRISTINA,6,0,6
1956,KRISTINE,17,0,17
1956,KRYSTYNA,6,0,6
1956,LANA,32,0,32
1956,LAURA,330,0,330
1956,LAUREEN,14,0,14
1956,LAUREL,105,0,105
1956,LAUREN,30,0,30
1956,LAURENE,6,0,6
1956,LAURETTE,6,0,6
1956,KRISTA,11,0,11
1956,JOCELYNE,16,0,16
1956,KATHLEEN,437,0,437
1956,KATHERINE,416,0,416
1956,JODY,36,0,36
1956,JOHANNA,42,0,42
1956,JOHANNE,20,0,20
1956,JONI,16,0,16
1956,JOSEPHINE,57,0,57
1956,JOY,57,0,57
1956,JOYCE,181,0,181
1956,JUANITA,13,0,13
1956,JUDITH,611,0,611
1956,JUDY,267,0,267
1956,KATHIE,10,0,10
1956,JULIA,115,0,115
1956,JULIANNE,9,0,9
1956,JULIE,182,0,182
1956,JULIET,9,0,9
1956,JUNE,98,0,98
1956,KAREN,1442,0,1442
1956,KARIN,41,0,41
1956,KARON,6,0,6
1956,KARYN,11,0,11
1956,KATHALEEN,14,0,14
1956,KATHARINE,50,0,50
1956,JULIANA,8,0,8
1956,SHEILA,276,0,276
1956,SHEENA,6,0,6
1956,SHAWN,70,53,17
1956,MARTINE,7,0,7
1956,MARTHA,130,0,130
1956,MARTA,7,0,7
1956,MARSHA,38,0,38
1956,MARNIE,10,0,10
1956,MARLYN,10,0,10
1956,MARLENE,199,0,199
1956,MARLA,30,0,30
1956,MARJORIE,84,0,84
1956,MARITA,6,0,6
1956,MARY,2468,0,2468
1956,MARISA,11,0,11
1956,MARINA,24,0,24
1956,MARILYN,441,0,441
1956,MARILOU,10,0,10
1956,MARIE-CLAIRE,6,0,6
1956,MARIE,2812,7,2805
1956,MARIANNE,66,0,66
1956,MARIANNA,8,0,8
1956,MARIAN,57,0,57
1956,MARIA,309,0,309
1956,MARI,6,0,6
1956,MARION,121,0,121
1956,MARGUERITE,36,0,36
1956,MARY-ANN,21,0,21
1956,MARY-ELLEN,6,0,6
1956,MICHELINE,18,0,18
1956,MICHELINA,9,0,9
1956,MICHELE,153,19,134
1956,MERLE,17,7,10
1956,MEREDITH,7,0,7
1956,MELODY,27,0,27
1956,MELODIE,6,0,6
1956,MELISSA,12,0,12
1956,MELINDA,14,0,14
1956,MELANIE,80,0,80
1956,MARY-ANNE,12,0,12
1956,MEGAN,14,0,14
1956,MAXINE,32,0,32
1956,MAVIS,8,0,8
1956,MAUREEN,276,0,276
1956,MAURA,9,0,9
1956,MARYLOU,10,0,10
1956,MARYANNE,17,0,17
1956,MARYANN,29,0,29
1956,MARY-LOU,6,0,6
1956,MARY-JO,11,0,11
1956,MARY-JANE,11,0,11
1956,MAY,20,0,20
1956,MICHELLE,94,0,94
1956,MARGRET,16,0,16
1956,MARGO,43,0,43
1956,LUCIA,56,0,56
1956,LUBA,9,0,9
1956,LUANNE,23,0,23
1956,LUANN,7,0,7
1956,LU-ANN,6,0,6
1956,LU ANN,8,0,8
1956,LOUISE,218,0,218
1956,LOUISA,10,0,10
1956,LOUANNE,8,0,8
1956,LOU,17,0,17
1956,LUCIANA,10,0,10
1956,LORRIE,20,0,20
1956,LORRETTA,6,0,6
1956,LORRAINE,258,0,258
1956,LORNA,90,0,90
1956,LORIE,38,0,38
1956,LORI,186,0,186
1956,LORETTA,63,0,63
1956,LORENE,10,0,10
1956,LORENA,6,0,6
1956,LORELEI,8,0,8
1956,LORAINE,17,0,17
1956,LORRI,6,0,6
1956,MARGOT,30,0,30
1956,LUCIE,26,0,26
1956,LUCINDA,21,0,21
1956,MARGERY,6,0,6
1956,MARGARETE,6,0,6
1956,MARGARET,869,0,869
1956,MARCIA,60,0,60
1956,MARCELLE,7,0,7
1956,MARCELLA,11,0,11
1956,MARA,13,0,13
1956,MAGGIE,6,0,6
1956,MAE,7,0,7
1956,MADELINE,12,0,12
1956,LUCILLE,46,0,46
1956,MADELEINE,16,0,16
1956,MABEL,6,0,6
1956,LYNNE,106,0,106
1956,LYNN,376,27,349
1956,LYNE,6,0,6
1956,LYNDA,235,0,235
1956,LOIS,126,0,126
1956,LYN,12,0,12
1956,LYDIA,41,0,41
1956,LUISA,8,0,8
1956,LUCY,33,0,33
1956,MADELAINE,6,0,6
1956,INFANT,104,68,36
1956,MILDRED,26,0,26
1956,MIRELLA,6,0,6
1956,ROSALYN,7,0,7
1956,ROSALIND,11,0,11
1956,ROSALIE,14,0,14
1956,ROSA,29,0,29
1956,RONDA,16,0,16
1956,ROMA,11,0,11
1956,ROCHELLE,15,0,15
1956,ROBYN,28,6,22
1956,ROBIN,328,121,207
1956,ROBERTA,82,0,82
1956,ROSANNA,16,0,16
1956,RITA,162,0,162
1956,RHONDA,131,0,131
1956,RHONA,6,0,6
1956,RETA,15,0,15
1956,RENEE,33,0,33
1956,RENATE,8,0,8
1956,RENATA,7,0,7
1956,RENA,23,0,23
1956,REGINA,17,0,17
1956,REBECCA,81,0,81
1956,RANDI,15,5,10
1956,RINA,7,0,7
1956,RAMONA,17,0,17
1956,ROSANNE,48,0,48
1956,ROSE-MARIE,9,0,9
1956,SHAUNA,7,0,7
1956,SHARRON,20,0,20
1956,SHARON,872,0,872
1956,SHARLENE,11,0,11
1956,SHAREN,8,0,8
1956,SHANNON,27,0,27
1956,SARI,9,0,9
1956,SARAH,64,0,64
1956,SARA,29,0,29
1956,SANTINA,6,0,6
1956,ROSE,155,0,155
1956,SANDRA,1002,0,1002
1956,SABRINA,11,0,11
1956,RUTH,277,0,277
1956,RUBY,22,0,22
1956,ROXANNE,47,0,47
1956,ROXANNA,6,0,6
1956,ROSSANA,6,0,6
1956,ROSLYN,6,0,6
1956,ROSETTA,11,0,11
1956,ROSEMARY,189,0,189
1956,ROSEMARIE,72,0,72
1956,SALLY,57,0,57
1956,MINDY,7,0,7
1956,RAE,9,0,9
1956,RACHEL,22,0,22
1956,NORAH,12,0,12
1956,NORA,43,0,43
1956,NINA,33,0,33
1956,NICOLE,88,0,88
1956,NELLIE,8,0,8
1956,NATALIE,15,0,15
1956,NAOMI,9,0,9
1956,NANCY,1181,0,1181
1956,NADINE,33,0,33
1956,NADIA,23,0,23
1956,NOREEN,21,0,21
1956,NADA,6,0,6
1956,MYRA,11,0,11
1956,MURIELLE,8,0,8
1956,MURIEL,30,0,30
1956,MONIQUE,100,0,100
1956,MONIKA,18,0,18
1956,MONICA,100,0,100
1956,MONA,35,0,35
1956,MOLLY,11,0,11
1956,MOIRA,28,0,28
1956,MIRIAM,41,0,41
1956,MYRNA,19,0,19
1956,RACHELLE,9,0,9
1956,NORINE,14,0,14
1956,NOT,27,18,9
1956,PRISCILLA,7,0,7
1956,PIERRETTE,13,0,13
1956,PHYLLIS,61,0,61
1956,PETRONELLA,7,0,7
1956,PENNY,117,0,117
1956,PENELOPE,51,0,51
1956,PEGGY,101,0,101
1956,PEARL,20,0,20
1956,PAULINE,117,0,117
1956,PAULETTE,38,0,38
1956,NORMA,89,0,89
1956,PAULA,138,0,138
1956,PATSY,33,0,33
1956,PATRIZIA,6,0,6
1956,PATRICIA,1361,0,1361
1956,PATRICE,10,0,10
1956,PATRICA,40,0,40
1956,PASQUALINA,6,0,6
1956,PAOLA,6,0,6
1956,PAMELA,410,0,410
1956,OLIVE,7,0,7
1956,OLGA,26,0,26
1956,LISE,82,0,82
1956,LORA,7,0,7
1956,INA,7,0,7
1956,IDA,28,0,28
1956,CELIA,9,0,9
1956,CECILIA,18,0,18
1956,CECILE,23,0,23
1956,CATHY,173,0,173
1956,CATHRYN,25,0,25
1956,CATHRINE,22,0,22
1956,CATHLEEN,11,0,11
1956,CATHIE,10,0,10
1956,CATHERINE,1383,0,1383
1956,CATHERIN,6,0,6
1956,CATHARINE,109,0,109
1956,CATHARINA,12,0,12
1956,CATERINA,9,0,9
1956,CARYL,7,0,7
1956,CHANTAL,11,0,11
1956,CARROL,7,0,7
1956,CARON,12,0,12
1956,CAROLYN,192,0,192
1956,CAROLLE,8,0,8
1956,CAROLINE,65,0,65
1956,CAROLE,63,0,63
1956,CAROL,780,0,780
1956,CARMEN,42,6,36
1956,CARMELINA,8,0,8
1956,CARMELA,25,0,25
1956,CARMEL,9,0,9
1956,CARLA,56,0,56
1956,CAREY,20,13,7
1956,CANDY,12,0,12
1956,CANDICE,12,0,12
1956,CARRIE,21,0,21
1956,CHARLENE,88,0,88
1956,CHARLOTTE,51,0,51
1956,CHARMAINE,27,0,27
1956,CRYSTAL,17,0,17
1956,CRISTINE,8,0,8
1956,CRISTINA,7,0,7
1956,CORRINE,9,0,9
1956,CORNELIA,40,0,40
1956,CORINNE,34,0,34
1956,CORAL,7,0,7
1956,CORA,9,0,9
1956,CONSTANCE,143,0,143
1956,CONNIE,74,0,74
1956,CONCETTA,14,0,14
1956,COLLEEN,268,0,268
1956,COLETTE,34,0,34
1956,COLEEN,23,0,23
1956,CLAUDIA,25,0,25
1956,CLAUDETTE,41,0,41
1956,CLARE,21,8,13
1956,CHERI,9,0,9
1956,CHERIE,9,0,9
1956,CHERYL,664,0,664
1956,CHERYL-ANN,8,0,8
1956,CHERYL-ANNE,6,0,6
1956,CHERYLE,18,0,18
1956,CANDACE,46,0,46
1956,CHRISTA,10,0,10
1956,CHRISTIE,7,0,7
1956,CHRISTINA,105,0,105
1956,CHRISTINE,516,0,516
1956,CINDY,285,0,285
1956,CLAIRE,49,0,49
1956,CLARA,35,0,35
1956,CHRISTIANE,7,0,7
1956,CYNTHIA,545,0,545
1956,BRIGITTE,10,0,10
1956,BRENDA,900,0,900
1956,ANNA,250,0,250
1956,ANN-MARIE,11,0,11
1956,ANN,278,0,278
1956,ANITA,135,0,135
1956,ANGELINA,29,0,29
1956,ANGELIKA,8,0,8
1956,ANGELA,123,0,123
1956,ANDREE,7,0,7
1956,ANDREA,71,0,71
1956,AMY,17,0,17
1956,AMANDA,21,0,21
1956,ALMA,11,0,11
1956,ALLISON,14,0,14
1956,ALISON,46,0,46
1956,ANNA-MARIA,6,0,6
1956,ALINE,13,0,13
1956,ALICIA,10,0,10
1956,ALICE,108,0,108
1956,ALEXIS,6,0,6
1956,ALEXANDRA,28,0,28
1956,ALBERTA,15,0,15
1956,ALANNA,12,0,12
1956,ALANA,9,0,9
1956,AILEEN,14,0,14
1956,AGNES,31,0,31
1956,ADRIENNE,19,0,19
1956,ADRIANA,10,0,10
1956,ADELINA,7,0,7
1956,ADELE,30,0,30
1956,ADA,15,0,15
1956,ALIDA,8,0,8
1956,ANNE,414,0,414
1956,ANNE-MARIE,15,0,15
1956,ANNETTA,7,0,7
1956,BONNY,32,0,32
1956,BONNIE,397,0,397
1956,BONITA,49,0,49
1956,BLANCHE,9,0,9
1956,BEVERLY,276,15,261
1956,BEVERLEY,151,8,143
1956,BEVERLEE,6,0,6
1956,BETTY,198,0,198
1956,BETSY,8,0,8
1956,BETH,34,0,34
1956,BERYL,10,0,10
1956,BERTHA,9,0,9
1956,BERNICE,43,0,43
1956,BERNADETTE,40,0,40
1956,BENITA,10,0,10
1956,BELINDA,14,0,14
1956,BECKY,11,0,11
1956,ANNETTE,75,0,75
1956,ANNIE,40,0,40
1956,ANTOINETTE,12,0,12
1956,ANTONIA,11,0,11
1956,ANTONIETTA,22,0,22
1956,ANTONINA,7,0,7
1956,ILONA,6,0,6
1956,APRIL,57,0,57
1956,ASSUNTA,8,0,8
1956,AUDREY,89,0,89
1956,BABY,745,426,319
1956,BARBARA,1147,0,1147
1956,BARBRA,17,0,17
1956,BEATRICE,44,0,44
1956,ARLENE,107,0,107
1956,DAISY,6,0,6
1956,BRIDGET,10,0,10
1956,DANA,68,44,24
1956,GERTRUDE,23,0,23
1956,GERDA,7,0,7
1956,GERALDINE,59,0,59
1956,GEORGINA,44,0,44
1956,GEORGIA,9,0,9
1956,GEORGETTE,8,0,8
1956,GENEVIEVE,8,0,8
1956,GAYLE,76,0,76
1956,GAYE,8,0,8
1956,GAY,10,0,10
1956,GALE,30,0,30
1956,GAIL,374,0,374
1956,GABRIELLE,16,0,16
1956,GABRIELE,12,5,7
1956,GHISLAINE,9,0,9
1956,FREDA,12,0,12
1956,FRANCINE,58,0,58
1956,FRANCESCA,18,0,18
1956,FRANCES,165,7,158
1956,FRANCA,12,0,12
1956,FLORENCE,53,0,53
1956,FLORA,9,0,9
1956,FIONA,13,0,13
1956,FILOMENA,15,0,15
1956,FERN,24,0,24
1956,FEMALE,8,0,8
1956,FAYE,23,0,23
1956,FAY,29,0,29
1956,FAITH,19,0,19
1956,EVELYN,136,0,136
1956,FRANCIS,174,167,7
1956,GILDA,7,0,7
1956,GILLIAN,20,0,20
1956,GINA,35,0,35
1956,DALE,331,220,111
1956,HUGUETTE,8,0,8
1956,HOPE,11,0,11
1956,HOLLY,82,0,82
1956,HILDA,21,0,21
1956,HILARY,13,0,13
1956,HENRIETTA,18,0,18
1956,HENDRIKA,6,0,6
1956,HELGA,14,0,14
1956,HELENE,39,0,39
1956,HELENA,23,0,23
1956,HELEN,337,0,337
1956,HEIDI,24,0,24
1956,HEATHER,580,0,580
1956,HAZEL,20,0,20
1956,HARRIET,22,0,22
1956,HALINA,12,0,12
1956,GINETTE,15,0,15
1956,GIOVANNA,17,0,17
1956,GISELE,28,0,28
1956,GISELLE,6,0,6
1956,GIUSEPPINA,23,0,23
1956,GLADYS,29,0,29
1956,EVA,63,0,63
1956,GLENDA,76,0,76
1956,GLORIA,132,0,132
1956,GLYNIS,7,0,7
1956,GRACE,88,0,88
1956,GRETA,13,0,13
1956,GWEN,23,0,23
1956,GWENDOLYN,45,0,45
1956,GLENNA,30,0,30
1956,ETHEL,16,0,16
1956,LOLA,8,0,8
1956,ESTELLE,14,0,14
1956,DOLORES,34,0,34
1956,DIXIE,9,0,9
1956,DINA,9,0,9
1956,DIANNE,275,0,275
1956,DIANNA,18,0,18
1956,DIANE,617,0,617
1956,DIANA,228,0,228
1956,DENISE,324,0,324
1956,DENA,12,0,12
1956,DELORES,16,0,16
1956,DELIA,7,0,7
1956,DEIRDRE,8,0,8
1956,DEBRAH,25,0,25
1956,DEBORRAH,8,0,8
1956,DEBORAH,2062,0,2062
1956,DEBORA,94,0,94
1956,DEBBY,12,0,12
1956,ESTHER,46,0,46
1956,DANIELA,8,0,8
1956,DANIELLE,36,0,36
1956,DAPHNE,18,0,18
1956,DARLA,13,0,13
1956,DARLEEN,9,0,9
1956,DOMENICA,7,0,7
1956,DARLENE,436,0,436
1956,DAWN,153,0,153
1956,DAWNA,21,0,21
1956,DAYLE,8,0,8
1956,DEANNA,30,0,30
1956,DEBBIE,107,0,107
1956,DEBBRA,23,0,23
1956,DARYL,88,79,9
1956,DONA,7,0,7
1956,DEBRA,1218,0,1218
1956,DONNA,1012,0,1012
1956,ERIKA,11,0,11
1956,DONALDA,11,0,11
1956,ERICA,14,0,14
1956,EMMA,12,0,12
1956,EMILY,30,0,30
1956,ELVIRA,7,0,7
1956,ELVA,11,0,11
1956,ELSIE,16,0,16
1956,ELSA,6,0,6
1956,ELLA,14,0,14
1956,ELIZEBETH,11,0,11
1956,ELIZABETH,772,0,772
1956,ELISE,7,0,7
1956,ELISABETH,44,0,44
1956,ELISA,6,0,6
1956,ELLEN,148,0,148
1956,ELENA,13,0,13
1956,DONNA-MARIE,7,0,7
1956,DORA,25,0,25
1956,ELINOR,6,0,6
1956,DOREEN,71,0,71
1956,DORIS,107,0,107
1956,DOROTHEA,11,0,11
1956,DORTHY,6,0,6
1956,DOROTHY,225,0,225
1956,EDNA,29,0,29
1956,EILEEN,74,0,74
1956,ELAINE,259,0,259
1956,ELDA,7,0,7
1956,ELEANOR,85,0,85
1956,ERIN,17,0,17
1956,EDITH,55,0,55
1957,ERIC,204,204,0
1957,ERNESTO,8,8,0
1957,ERNEST,119,119,0
1957,ERIK,9,9,0
1957,ERICH,9,9,0
1957,ENZO,8,8,0
1957,ELWOOD,5,5,0
1957,ENIO,5,5,0
1957,EMILIO,8,8,0
1957,EMILE,10,10,0
1957,EMIL,8,8,0
1957,ERWIN,15,15,0
1957,ENRICO,10,10,0
1957,EUGENE,66,66,0
1957,FRANK,358,358,0
1957,EVAN,11,11,0
1957,ELVIS,8,8,0
1957,FRANKLIN,38,38,0
1957,FRANCOIS,23,23,0
1957,FRANCO,52,52,0
1957,FRANCIS,158,158,0
1957,FRANCESCO,47,47,0
1957,EUGENIO,12,12,0
1957,FLOYD,29,29,0
1957,FERNANDO,11,11,0
1957,FERNAND,12,12,0
1957,FELIX,9,9,0
1957,FELICE,5,5,0
1957,FARLEY,5,5,0
1957,EVERETT,8,8,0
1957,FILIPPO,12,12,0
1957,ELMER,13,13,0
1957,DERRICK,40,40,0
1957,ELIO,5,5,0
1957,DOUGLAS,1123,1123,0
1957,DONATO,9,9,0
1957,DONALD,1297,1297,0
1957,DON,13,13,0
1957,DOMINIC,24,24,0
1957,DOMENICO,38,38,0
1957,DREW,14,14,0
1957,DOMENIC,10,10,0
1957,DINO,20,20,0
1957,DIETER,5,5,0
1957,DICK,5,5,0
1957,DESMOND,21,21,0
1957,FRANZ,7,7,0
1957,DEREK,82,82,0
1957,DIRK,12,12,0
1957,ELLIOT,5,5,0
1957,DUANE,28,28,0
1957,DWAIN,5,5,0
1957,ELI,5,5,0
1957,ELDON,8,8,0
1957,EDWIN,55,55,0
1957,EDWARD,598,598,0
1957,EDUARD,6,6,0
1957,EDMUND,29,29,0
1957,DUNCAN,31,31,0
1957,EDMOND,23,23,0
1957,EDDY,10,10,0
1957,EDDIE,13,13,0
1957,EARLE,6,6,0
1957,EARL,94,94,0
1957,DWIGHT,43,43,0
1957,DWAYNE,26,26,0
1957,EDGAR,22,22,0
1957,FRASER,17,17,0
1957,GILES,7,7,0
1957,FREDDY,7,7,0
1957,GIUSEPPE,77,77,0
1957,GLEN,206,206,0
1957,GLENDON,6,6,0
1957,GLENN,304,304,0
1957,GORDEN,6,6,0
1957,GORDON,551,551,0
1957,GRAEME,10,10,0
1957,GRAHAM,76,76,0
1957,GRANT,125,125,0
1957,GRAYDON,5,5,0
1957,GREGG,18,18,0
1957,GREGORIO,6,6,0
1957,GREGORY,613,613,0
1957,GUS,7,7,0
1957,GUY,147,147,0
1957,HAL,20,20,0
1957,HANS,23,23,0
1957,HERBERT,51,51,0
1957,HENRYK,12,12,0
1957,HENRICUS,9,9,0
1957,HENRI,6,6,0
1957,HENDRIKUS,10,10,0
1957,HENDRIK,9,9,0
1957,GIULIO,7,7,0
1957,HELMUT,5,5,0
1957,HECTOR,9,9,0
1957,HARVEY,53,53,0
1957,HARRY,136,136,0
1957,HAROLD,159,159,0
1957,HARLEY,9,9,0
1957,HARALD,13,13,0
1957,HEINZ,7,7,0
1957,GIOVANNI,57,57,0
1957,GIORGIO,15,15,0
1957,GINO,16,16,0
1957,GAVIN,9,9,0
1957,GASTON,8,8,0
1957,GARY,941,941,0
1957,GARTH,22,22,0
1957,GARRY,148,148,0
1957,GARNET,23,23,0
1957,GENE,13,13,0
1957,GARFIELD,6,6,0
1957,GAETANO,6,6,0
1957,GAETAN,9,9,0
1957,GABRIEL,9,9,0
1957,FREDRICK,51,51,0
1957,FREDERICK,267,267,0
1957,FREDERIC,12,12,0
1957,GARETH,6,6,0
1957,FRED,18,18,0
1957,GENNARO,7,7,0
1957,GEOFFREY,93,93,0
1957,GILLES,42,42,0
1957,GILBERT,36,36,0
1957,GIANNI,15,15,0
1957,GIAN,5,5,0
1957,GIACOMO,5,5,0
1957,GERRY,20,20,0
1957,GEOFFERY,5,5,0
1957,GERRIT,6,6,0
1957,GERHARD,14,14,0
1957,GERARDUS,15,15,0
1957,GERARD,90,90,0
1957,GERALD,459,459,0
1957,GEORGE,667,667,0
1957,GEORG,7,7,0
1957,GERRARD,7,7,0
1957,HENRY,166,166,0
1957,LORRIE,26,0,26
1957,DENNY,6,6,0
1957,NINA,24,0,24
1957,NICOLINA,8,0,8
1957,NICOLE,82,0,82
1957,NELLY,10,0,10
1957,NELLIE,8,0,8
1957,NELLA,6,0,6
1957,NATALIE,20,0,20
1957,NAOMI,15,0,15
1957,NANETTE,7,0,7
1957,NANCY,1151,0,1151
1957,NADINE,37,0,37
1957,NADIA,39,0,39
1957,MYRNA,12,0,12
1957,MYRA,20,0,20
1957,NOELLA,7,0,7
1957,MURIEL,19,0,19
1957,MONIQUE,77,0,77
1957,MONIKA,30,0,30
1957,MONICA,114,0,114
1957,MONA,40,0,40
1957,MOIRA,16,0,16
1957,MIRIAM,25,0,25
1957,MIRELLA,8,0,8
1957,MIREILLE,6,0,6
1957,MIRANDA,10,0,10
1957,MILDRED,25,0,25
1957,MICHELLE,106,0,106
1957,MICHELINE,17,0,17
1957,ZOLTAN,6,6,0
1957,YVON,29,29,0
1957,MORAG,7,0,7
1957,YVES,12,12,0
1957,NORA,34,0,34
1957,NOREEN,14,0,14
1957,RAE,6,0,6
1957,RACHELLE,20,0,20
1957,RACHEL,28,0,28
1957,PRISCILLA,6,0,6
1957,PINA,7,0,7
1957,PIERRETTE,9,0,9
1957,PHYLLIS,74,0,74
1957,PETRONELLA,8,0,8
1957,PETRA,13,0,13
1957,PENNY,115,0,115
1957,PENELOPE,41,0,41
1957,PEGGY,134,0,134
1957,PEARL,22,0,22
1957,PAULINE,153,0,153
1957,NORAH,8,0,8
1957,PAULETTE,51,0,51
1957,PATTI,74,0,74
1957,PATSY,37,0,37
1957,PATRICIA,1334,0,1334
1957,PATRICE,16,0,16
1957,PATRICA,41,0,41
1957,PASQUALINA,7,0,7
1957,PAOLA,9,0,9
1957,PAMELLA,12,0,12
1957,PAMELA,423,0,423
1957,OLIVE,6,0,6
1957,OLGA,24,0,24
1957,NOT,27,14,13
1957,NORMA,110,0,110
1957,NORINE,9,0,9
1957,PAULA,124,0,124
1957,RAMONA,17,0,17
1957,WRAY,5,5,0
1957,WOLFGANG,8,8,0
1957,TOM,8,8,0
1957,TODD,35,35,0
1957,TIMOTHY,746,746,0
1957,THOMAS,1152,1152,0
1957,THEODORUS,5,5,0
1957,THEODORE,72,72,0
1957,THEO,5,5,0
1957,THADDEUS,6,6,0
1957,TERRENCE,124,124,0
1957,TERRANCE,146,146,0
1957,TERENCE,66,66,0
1957,TEDDY,15,15,0
1957,TED,17,17,0
1957,TADEUSZ,5,5,0
1957,TOMMY,10,10,0
1957,SYLVAIN,5,5,0
1957,STUART,72,72,0
1957,STEWART,60,60,0
1957,STEVEN,921,921,0
1957,STEVE,50,50,0
1957,STEVAN,9,9,0
1957,STEPHEN,1291,1291,0
1957,STEPHAN,25,25,0
1957,STEFAN,18,18,0
1957,STANLEY,161,161,0
1957,STANISLAW,6,6,0
1957,SPENCER,5,5,0
1957,SIMON,26,26,0
1957,SILVANO,10,10,0
1957,SIDNEY,21,21,0
1957,SYDNEY,11,11,0
1957,WOLODYMYR,5,5,0
1957,TONINO,7,7,0
1957,TRENT,7,7,0
1957,WINSTON,6,6,0
1957,WILSON,7,7,0
1957,WILLY,6,6,0
1957,WILLIAM,2124,2124,0
1957,WILLEM,5,5,0
1957,WILLARD,7,7,0
1957,WILHELMUS,6,6,0
1957,WILFRID,11,11,0
1957,WILFRED,50,50,0
1957,WILBERT,8,8,0
1957,WESLEY,35,35,0
1957,WERNER,9,9,0
1957,WELDON,5,5,0
1957,WAYNE,635,635,0
1957,TONY,37,37,0
1957,WARREN,76,76,0
1957,WALTER,213,213,0
1957,WALLACE,26,26,0
1957,WADE,23,23,0
1957,VITTORIO,6,6,0
1957,VITO,13,13,0
1957,VINCENZO,49,49,0
1957,VINCENT,93,93,0
1957,VICTOR,110,110,0
1957,VERNON,40,40,0
1957,VERNE,8,8,0
1957,VERN,5,5,0
1957,VAUGHN,6,6,0
1957,VANCE,6,6,0
1957,TREVOR,33,33,0
1957,WARD,9,9,0
1957,SHELDON,27,27,0
1957,RANDI,13,5,8
1957,REBECCA,76,0,76
1957,THELMA,15,0,15
1957,TERRY,594,465,129
1957,TERRIE,8,0,8
1957,TERRI,44,0,44
1957,TERI,7,0,7
1957,TERESA,305,0,305
1957,TENA,6,0,6
1957,TEENA,6,0,6
1957,TARA,16,0,16
1957,TANYA,13,0,13
1957,TAMMY,29,0,29
1957,TAMI,8,0,8
1957,TAMARA,13,0,13
1957,SYLVIE,29,0,29
1957,THEODORA,10,0,10
1957,SYLVIA,168,0,168
1957,SUZANNE,290,0,290
1957,SUZANE,6,0,6
1957,SUZAN,12,0,12
1957,SUSIE,12,0,12
1957,SUSANNE,92,0,92
1957,SUSANNA,43,0,43
1957,SUSANN,6,0,6
1957,SUSANA,6,0,6
1957,SUSAN,2063,0,2063
1957,SUE,15,0,15
1957,STEPHANIE,51,0,51
1957,STELLA,17,0,17
1957,STACY,11,5,6
1957,STACEY,14,0,14
1957,SUZETTE,6,0,6
1957,SOPHIE,6,0,6
1957,THERESA,223,0,223
1957,TINA,49,0,49
1957,YVONNE,118,0,118
1957,YVETTE,21,0,21
1957,YOLANDA,13,0,13
1957,WINNIFRED,15,0,15
1957,WILMA,46,0,46
1957,WILHELMINA,16,0,16
1957,WENDY,753,0,753
1957,WANDA,116,0,116
1957,VIVIAN,62,0,62
1957,VITTORIA,12,0,12
1957,VIRGINIA,107,0,107
1957,VIOLET,33,0,33
1957,VINCENZA,7,0,7
1957,VIDA,6,0,6
1957,THERESE,48,0,48
1957,VICTORIA,211,0,211
1957,VICKIE,28,0,28
1957,VICKI,76,0,76
1957,VERONICA,38,0,38
1957,VERNA,23,0,23
1957,VERA,44,0,44
1957,VELMA,8,0,8
1957,VANESSA,13,0,13
1957,VALERIE,257,0,257
1957,VALARIE,9,0,9
1957,URSULA,17,0,17
1957,TRUDY,47,0,47
1957,TRACY,138,11,127
1957,TRACEY,49,5,44
1957,TONI,32,0,32
1957,VICKY,34,0,34
1957,RAYMONDE,7,0,7
1957,SOPHIA,8,0,8
1957,SONJA,13,0,13
1957,ROSINA,13,0,13
1957,ROSEMARY,200,0,200
1957,ROSEMARIE,81,0,81
1957,ROSEANNE,14,0,14
1957,ROSE-MARIE,10,0,10
1957,ROSE,138,0,138
1957,ROSARIA,14,0,14
1957,ROSANNE,55,0,55
1957,ROSANNA,21,0,21
1957,ROSALIND,8,0,8
1957,ROSALIE,17,0,17
1957,ROSALIA,6,0,6
1957,ROSA,49,0,49
1957,RONDA,16,0,16
1957,ROXANNE,55,0,55
1957,ROCHELLE,15,0,15
1957,ROBIN,294,118,176
1957,ROBERTA,98,0,98
1957,RITA,157,0,157
1957,RISA,6,0,6
1957,RHONDA,129,0,129
1957,RHONA,6,0,6
1957,RHODA,12,0,12
1957,RHEA,6,0,6
1957,RETA,12,0,12
1957,RENEE,31,0,31
1957,RENATE,7,0,7
1957,RENATA,7,0,7
1957,RENA,10,0,10
1957,REGINA,22,0,22
1957,ROBYN,23,0,23
1957,SONYA,28,0,28
1957,RUBY,19,0,19
1957,RUTHANN,6,0,6
1957,SONIA,19,0,19
1957,SIMONE,10,0,10
1957,SILVIA,16,0,16
1957,SILVANA,40,0,40
1957,SHONA,7,0,7
1957,SHIRLY,6,0,6
1957,SHIRLEY,304,0,304
1957,SHIELA,8,0,8
1957,SHERYL,55,0,55
1957,SHERRY,190,0,190
1957,SHERRILL,8,0,8
1957,SHERRIE,17,0,17
1957,SHERRI,30,0,30
1957,SHERI,23,0,23
1957,RUTH,283,0,283
1957,SHEREE,25,0,25
1957,SHELLEY,213,0,213
1957,SHELAGH,13,0,13
1957,SHEILA,243,0,243
1957,SHAWN,86,76,10
1957,SHARRON,26,0,26
1957,SHARON,831,0,831
1957,SHARLENE,8,0,8
1957,SHARI,10,0,10
1957,SHANNON,16,0,16
1957,SARAH,59,0,59
1957,SARA,36,0,36
1957,SANDRA,971,0,971
1957,SALLY,72,0,72
1957,SABRINA,8,0,8
1957,SHELLY,35,0,35
1957,HERMAN,16,16,0
1957,SHAYNE,5,5,0
1957,SERGIO,14,14,0
1957,LOUIS,118,118,0
1957,LORNE,87,87,0
1957,LORIS,6,6,0
1957,LORENZO,8,8,0
1957,LOREN,5,5,0
1957,LONNIE,15,15,0
1957,LLOYD,99,99,0
1957,LIONEL,19,19,0
1957,LINO,6,6,0
1957,LEWIS,23,23,0
1957,LESTER,15,15,0
1957,LEROY,6,6,0
1957,LEONARDO,9,9,0
1957,LEONARD,203,203,0
1957,LUC,34,34,0
1957,LEON,25,25,0
1957,LENARD,9,9,0
1957,LAWRENCE,336,336,0
1957,LAVERNE,5,5,0
1957,LAURENT,11,11,0
1957,LAURENCE,28,28,0
1957,LASZLO,9,9,0
1957,LARRY,437,437,0
1957,LANNY,5,5,0
1957,LANCE,34,34,0
1957,KYLE,6,6,0
1957,KURT,21,21,0
1957,KLAUS,9,9,0
1957,KIRK,66,66,0
1957,KIRBY,11,11,0
1957,LEO,84,84,0
1957,KIETH,8,8,0
1957,LUCIANO,25,25,0
1957,LUCIO,5,5,0
1957,MAYNARD,7,7,0
1957,MAXWELL,5,5,0
1957,MAX,8,8,0
1957,MAURO,8,8,0
1957,MAURIZIO,8,8,0
1957,MAURICE,76,76,0
1957,MATTHEW,95,95,0
1957,MATHEW,14,14,0
1957,MARVIN,44,44,0
1957,MARTY,8,8,0
1957,MARTINUS,6,6,0
1957,MARTIN,261,261,0
1957,MARTEN,5,5,0
1957,MARSHALL,18,18,0
1957,LUCIEN,10,10,0
1957,MARKKU,5,5,0
1957,MARIO,76,76,0
1957,MARCUS,9,9,0
1957,MARCO,8,8,0
1957,MARCELLO,5,5,0
1957,MARCEL,68,68,0
1957,MARC,124,124,0
1957,MANFRED,11,11,0
1957,MALE,8,8,0
1957,MALCOLM,54,54,0
1957,LYNDEN,5,5,0
1957,LYLE,36,36,0
1957,LYALL,5,5,0
1957,LUKE,6,6,0
1957,LUIGI,42,42,0
1957,MARK,1237,1237,0
1957,MELVILLE,11,11,0
1957,KEVIN,808,808,0
1957,KENT,19,19,0
1957,JERRY,88,88,0
1957,JEROME,29,29,0
1957,JEREMY,6,6,0
1957,JEFFRY,6,6,0
1957,JEFFREY,632,632,0
1957,JEFFERY,88,88,0
1957,JEFFEREY,6,6,0
1957,JEAN-PIERRE,8,8,0
1957,JEAN-PAUL,7,7,0
1957,JEAN-MARC,8,8,0
1957,JAY,51,51,0
1957,JASON,12,12,0
1957,JAMES,2328,2328,0
1957,JACQUES,47,47,0
1957,JERZY,6,6,0
1957,JACQUE,6,6,0
1957,JACOB,39,39,0
1957,JACK,123,123,0
1957,J,14,14,0
1957,IVANO,6,6,0
1957,IVAN,45,45,0
1957,ISAAC,8,8,0
1957,IRVIN,6,6,0
1957,IRA,5,5,0
1957,IHOR,7,7,0
1957,IAN,303,303,0
1957,IAIN,8,8,0
1957,HUGH,89,89,0
1957,HUBERT,15,15,0
1957,HOWARD,144,144,0
1957,JACOBUS,15,15,0
1957,KEVAN,8,8,0
1957,JESSE,5,5,0
1957,JIMMIE,8,8,0
1957,KENNY,7,7,0
1957,KENNTH,23,23,0
1957,KENNETH,1052,1052,0
1957,KELVIN,27,27,0
1957,KEITH,335,335,0
1957,KARL,74,74,0
1957,JUSTIN,8,8,0
1957,JULIUS,6,6,0
1957,JULIAN,11,11,0
1957,JULES,7,7,0
1957,JUERGEN,8,8,0
1957,JOSEPH-MICHEL,5,5,0
1957,JOSEPHE,6,6,0
1957,JOSEPH,3946,3946,0
1957,JIM,13,13,0
1957,JOSEF,9,9,0
1957,JORDAN,8,8,0
1957,JONATHON,7,7,0
1957,JONATHAN,55,55,0
1957,JON,26,26,0
1957,JOHNY,6,6,0
1957,JOHNNY,43,43,0
1957,JOHN,3451,3451,0
1957,JOHANNES,32,32,0
1957,JOHANN,6,6,0
1957,JOEY,10,10,0
1957,JOESPH,9,9,0
1957,JOEL,45,45,0
1957,JOE,28,28,0
1957,JIMMY,38,38,0
1957,JOS,16,16,0
1957,SHANE,34,34,0
1957,MELVIN,35,35,0
1957,MICHAEL,2658,2658,0
1957,ROGER,269,269,0
1957,RODNEY,116,116,0
1957,RODGER,28,28,0
1957,RODERICK,60,60,0
1957,ROCKY,9,9,0
1957,ROCK,6,6,0
1957,ROCH,5,5,0
1957,ROCCO,28,28,0
1957,ROBERTO,26,26,0
1957,ROBERT-JAMES,5,5,0
1957,ROBERT,3388,3388,0
1957,ROBBIE,11,11,0
1957,RITCHIE,10,10,0
1957,RICKY,125,125,0
1957,ROLAND,80,80,0
1957,RICKIE,16,16,0
1957,RICK,12,12,0
1957,RICHARD,1973,1973,0
1957,RICCARDO,5,5,0
1957,RICARDO,7,7,0
1957,RHEAL,15,15,0
1957,REX,6,6,0
1957,RENZO,8,8,0
1957,RENE,39,39,0
1957,RENATO,9,9,0
1957,REMO,5,5,0
1957,REJEAN,11,11,0
1957,REINHOLD,6,6,0
1957,REID,15,15,0
1957,REGINALD,72,72,0
1957,RICKEY,51,51,0
1957,REGENT,7,7,0
1957,ROLF,14,14,0
1957,ROLLAND,7,7,0
1957,SERGE,16,16,0
1957,SEBASTIANO,5,5,0
1957,SEAN,47,47,0
1957,SCOTT,286,286,0
1957,SCOT,16,16,0
1957,SAVERIO,6,6,0
1957,SANTO,5,5,0
1957,SANDY,11,11,0
1957,SANDRO,7,7,0
1957,SANDOR,6,6,0
1957,SAMUEL,64,64,0
1957,SALVATORE,47,47,0
1957,RYSZARD,7,7,0
1957,RYAN,6,6,0
1957,ROLFE,5,5,0
1957,RUSSELL,172,172,0
1957,RUDY,16,16,0
1957,RUDOLPH,12,12,0
1957,RUDOLF,6,6,0
1957,ROYCE,6,6,0
1957,ROY,176,176,0
1957,ROSS,156,156,0
1957,ROSARIO,9,9,0
1957,RORY,13,13,0
1957,RONNY,7,7,0
1957,RONNIE,24,24,0
1957,RONALD,1311,1311,0
1957,RON,5,5,0
1957,ROMEO,9,9,0
1957,ROMAN,35,35,0
1957,RUSSEL,12,12,0
1957,MERVIN,17,17,0
1957,LORRI,6,0,6
1957,RAY,22,22,0
1957,NORBERT,14,14,0
1957,NOEL,12,12,0
1957,NINO,6,6,0
1957,NIKOLA,5,5,0
1957,NIGEL,8,8,0
1957,NICOLA,25,25,0
1957,NICKOLAS,8,8,0
1957,NICK,15,15,0
1957,NICHOLAS,79,79,0
1957,NELSON,30,30,0
1957,NEIL,174,174,0
1957,NEAL,10,10,0
1957,NATHAN,15,15,0
1957,NATALE,6,6,0
1957,NORMAN,218,218,0
1957,MYRON,14,14,0
1957,MURRY,7,7,0
1957,MURRAY,210,210,0
1957,MORRIS,25,25,0
1957,MORGAN,9,9,0
1957,MONTGOMERY,7,7,0
1957,MITCHELL,57,57,0
1957,MILTON,10,10,0
1957,MILES,16,16,0
1957,MIKE,14,14,0
1957,MICKEL,5,5,0
1957,MICHEL,172,172,0
1957,MICHEAL,157,157,0
1957,MICHAL,6,6,0
1957,MICHAEL-PATRICK,5,5,0
1957,MYLES,18,18,0
1957,RAYMOND,424,424,0
1957,NORMAND,29,29,0
1957,OREST,6,6,0
1957,RANDY,362,362,0
1957,RANDOLPH,108,108,0
1957,RANDELL,13,13,0
1957,RANDALL,270,270,0
1957,RANDAL,33,33,0
1957,RALPH,214,214,0
1957,RALF,8,8,0
1957,RAINER,5,5,0
1957,RAFFAELE,14,14,0
1957,PIETRO,24,24,0
1957,PIETER,8,8,0
1957,PIERRE,103,103,0
1957,PIERO,7,7,0
1957,PHILLIP,71,71,0
1957,OLIVER,5,5,0
1957,PHILIPPE,8,8,0
1957,PETRUS,6,6,0
1957,PETER,1326,1326,0
1957,PERRY,156,156,0
1957,PERCY,10,10,0
1957,PAUL,1598,1598,0
1957,PATRICK,431,431,0
1957,PATRIC,5,5,0
1957,PASQUALE,30,30,0
1957,PAOLO,16,16,0
1957,OWEN,23,23,0
1957,OSCAR,8,8,0
1957,ORVILLE,5,5,0
1957,ORVAL,5,5,0
1957,ORLANDO,5,5,0
1957,PHILIP,292,292,0
1957,DENNIS,372,372,0
1957,REAL,10,10,0
1957,DELBERT,14,14,0
1957,IRMA,11,0,11
1957,ISABEL,12,0,12
1957,ISABELLA,11,0,11
1957,ISOBEL,7,0,7
1957,IVANA,6,0,6
1957,IVY,7,0,7
1957,JACKIE,19,13,6
1957,JACQUELINE,213,0,213
1957,JACQUELYN,6,0,6
1957,JAMIE,59,31,28
1957,JAN,64,41,23
1957,JANET,727,0,727
1957,JANETTE,30,0,30
1957,JANEY,7,0,7
1957,JANICE,641,0,641
1957,JANIE,20,0,20
1957,JANINA,10,0,10
1957,IRIS,28,0,28
1957,JANINE,45,0,45
1957,IRENE,171,0,171
1957,INGRID,74,0,74
1957,HEIDI,29,0,29
1957,HELEN,306,0,306
1957,HELENA,29,0,29
1957,HELENE,39,0,39
1957,HELGA,12,0,12
1957,HELLEN,7,0,7
1957,HENRIETTA,28,0,28
1957,HILARY,21,0,21
1957,HILDA,17,0,17
1957,HOLLY,74,0,74
1957,HUGUETTE,7,0,7
1957,IDA,35,0,35
1957,ILA,6,0,6
1957,ILONA,9,0,9
1957,INA,17,0,17
1957,INES,7,0,7
1957,INFANT,87,62,25
1957,IRENA,15,0,15
1957,JANIS,74,0,74
1957,JANNETTE,6,0,6
1957,JAQUELINE,9,0,9
1957,LUCY,42,0,42
1957,LUIGINA,8,0,8
1957,LUISA,15,0,15
1957,LYDIA,40,0,40
1957,LYN,6,0,6
1957,LYNDA,221,0,221
1957,LYNE,7,0,7
1957,LYNETTE,6,0,6
1957,LYNN,371,14,357
1957,LYNNE,81,0,81
1957,MADELAINE,8,0,8
1957,MADELEINE,17,0,17
1957,MADELINE,16,0,16
1957,MAE,6,0,6
1957,MARA,13,0,13
1957,MARCELLA,7,0,7
1957,MARCIA,52,0,52
1957,LUCINDA,19,0,19
1957,LUCILLE,40,0,40
1957,LUCIE,21,0,21
1957,LUCIANA,7,0,7
1957,JAYNE,74,0,74
1957,JEAN,294,117,177
1957,JEANETTE,50,0,50
1957,JEANINE,6,0,6
1957,JEANNE,44,0,44
1957,JEANNETTE,37,0,37
1957,JEANNIE,6,0,6
1957,JEANNINE,17,0,17
1957,HEATHER,556,0,556
1957,JENNIE,11,0,11
1957,JENNY,31,0,31
1957,LOU,15,0,15
1957,LOUISA,8,0,8
1957,LOUISE,210,0,210
1957,LUANN,9,0,9
1957,LUANNE,14,0,14
1957,LUBA,6,0,6
1957,LUCIA,44,0,44
1957,JENNIFER,238,0,238
1957,HAZEL,24,0,24
1957,HARRIET,10,0,10
1957,HANNAH,6,0,6
1957,EMILY,31,0,31
1957,EMMA,9,0,9
1957,ERICA,17,0,17
1957,ERIKA,19,0,19
1957,ERIN,18,0,18
1957,ESTELLE,6,0,6
1957,ESTHER,46,0,46
1957,ETHEL,15,0,15
1957,EVA,60,0,60
1957,EVE,6,0,6
1957,EVELYN,132,0,132
1957,FAITH,19,0,19
1957,FAY,26,0,26
1957,FAYE,32,0,32
1957,FEMALE,8,0,8
1957,FERN,22,0,22
1957,FILOMENA,22,0,22
1957,EMILIA,16,0,16
1957,ELSIE,23,0,23
1957,ELSA,8,0,8
1957,ELLEN,136,0,136
1957,DONNA-MARIE,6,0,6
1957,DORA,24,0,24
1957,DOREEN,72,0,72
1957,DORIS,94,0,94
1957,DOROTHEA,6,0,6
1957,DOROTHY,206,0,206
1957,EDITH,57,0,57
1957,EDNA,36,0,36
1957,FIONA,11,0,11
1957,EILEEN,84,0,84
1957,ELEANOR,76,0,76
1957,ELENA,24,0,24
1957,ELFRIEDE,7,0,7
1957,ELISABETH,35,0,35
1957,ELISE,10,0,10
1957,ELIZABETH,792,0,792
1957,ELIZEBETH,16,0,16
1957,ELLA,16,0,16
1957,ELAINE,244,0,244
1957,MARDI,6,0,6
1957,FIORELLA,6,0,6
1957,FLORENCE,42,0,42
1957,GINA,42,0,42
1957,GINETTE,31,0,31
1957,GIOVANNA,28,0,28
1957,GIOVANNINA,8,0,8
1957,GISELE,33,0,33
1957,GISELLE,8,0,8
1957,GIULIANA,7,0,7
1957,GIUSEPPINA,16,0,16
1957,GLADYS,21,0,21
1957,GLENDA,62,0,62
1957,GLENNA,25,0,25
1957,GLORIA,131,0,131
1957,GRACE,88,0,88
1957,GRAZIELLA,9,0,9
1957,GRETA,7,0,7
1957,GWEN,37,0,37
1957,GWENDOLYN,49,0,49
1957,GILLIAN,15,0,15
1957,GILBERTE,7,0,7
1957,GERTRUDE,21,0,21
1957,GERMAINE,7,0,7
1957,FRANCA,29,0,29
1957,FRANCE,7,0,7
1957,FRANCES,169,0,169
1957,FRANCESCA,22,0,22
1957,FRANCINE,56,0,56
1957,FRANCOISE,6,0,6
1957,FREDA,9,0,9
1957,GABRIELA,7,0,7
1957,FLORA,9,0,9
1957,GABRIELLA,13,0,13
1957,GAIL,318,0,318
1957,GALE,34,0,34
1957,GAY,7,0,7
1957,GAYLE,71,0,71
1957,GENEVIEVE,9,0,9
1957,GEORGIA,15,0,15
1957,GEORGINA,61,0,61
1957,GERALDINE,68,0,68
1957,GABRIELLE,16,0,16
1957,DONNA,952,0,952
1957,MARGARET,873,0,873
1957,MARGERY,9,0,9
1957,KIMBERLY,223,29,194
1957,KIMBERLEY,229,10,219
1957,KIMBERLEE,13,0,13
1957,KIM,506,87,419
1957,KERRY,118,74,44
1957,KERRI,7,0,7
1957,KENDRA,6,0,6
1957,KELLY,143,51,92
1957,KELLIE,7,0,7
1957,KAY,6,0,6
1957,KATHYRN,7,0,7
1957,KATHY,144,0,144
1957,KATHRYN,458,0,458
1957,KATHRINE,13,0,13
1957,KATHLEEN,467,0,467
1957,KATHIE,6,0,6
1957,KATHERYN,9,0,9
1957,KIRSTEN,7,0,7
1957,KATHERINE,487,0,487
1957,KRISTA,16,0,16
1957,KRISTINE,23,0,23
1957,LEIGH,16,8,8
1957,LEESA,6,0,6
1957,LEE,105,47,58
1957,LEANNE,21,0,21
1957,LEANNA,6,0,6
1957,LEAH,33,0,33
1957,LEA,10,0,10
1957,LAURIE,387,18,369
1957,LAURETTA,6,0,6
1957,LAURENE,9,0,9
1957,LAUREN,37,0,37
1957,LAUREL,85,0,85
1957,LAUREEN,16,0,16
1957,LAURAINE,6,0,6
1957,LAURA,349,0,349
1957,LANA,20,0,20
1957,KRYSTYNA,8,0,8
1957,KRISTINA,11,0,11
1957,KATHARINE,54,0,54
1957,KATHARINA,9,0,9
1957,KATHALEEN,8,0,8
1957,JODIE,6,0,6
1957,JODI,6,0,6
1957,JOCELYNE,19,0,19
1957,JOCELYN,39,0,39
1957,JOANNE,592,0,592
1957,JOANNA,15,0,15
1957,JOANN,43,0,43
1957,JOAN,382,0,382
1957,JO-ANNE,137,0,137
1957,JO-ANN,79,0,79
1957,JO ANNE,29,0,29
1957,JO ANN,23,0,23
1957,JO,11,0,11
1957,JILLIAN,11,0,11
1957,JILL,140,0,140
1957,JESSIE,13,0,13
1957,DENIS,154,154,0
1957,JODY,24,7,17
1957,JOHANNA,45,0,45
1957,JOHANNE,15,0,15
1957,JONI,14,0,14
1957,KARON,7,0,7
1957,KARLA,9,0,9
1957,KARIN,44,0,44
1957,KAREN,1648,0,1648
1957,JUNE,80,0,80
1957,JULIETTE,11,0,11
1957,JULIET,11,0,11
1957,JULIE,268,0,268
1957,LEILA,14,0,14
1957,JULIANNE,11,0,11
1957,JULIA,134,0,134
1957,JUDY,269,0,269
1957,JUDITH,581,0,581
1957,JUANITA,15,0,15
1957,JOYCE,174,0,174
1957,JOY,67,0,67
1957,JOSEPHINE,49,0,49
1957,JOSEPHINA,7,0,7
1957,JULIANNA,9,0,9
1957,LENA,26,0,26
1957,LENORA,11,0,11
1957,LENORE,15,0,15
1957,MARJORIE,76,0,76
1957,MARLA,20,0,20
1957,MARLENE,179,0,179
1957,MARLYN,11,0,11
1957,MARNIE,7,0,7
1957,MARRIANNE,6,0,6
1957,MARSHA,43,0,43
1957,MARTA,13,0,13
1957,MARTHA,121,0,121
1957,MARTINA,10,0,10
1957,MARTINE,10,0,10
1957,MARY,2612,0,2612
1957,MARY-ANN,27,0,27
1957,MARY-ANNE,20,0,20
1957,MARY-ELLEN,14,0,14
1957,MARY-JO,10,0,10
1957,MARYANN,36,0,36
1957,MARISA,22,0,22
1957,MARION,159,0,159
1957,MARINA,25,0,25
1957,MARILYNN,7,0,7
1957,MARGHERITA,8,0,8
1957,MARGIT,7,0,7
1957,MARGO,36,0,36
1957,MARGOT,18,0,18
1957,MARGRET,16,0,16
1957,MARGUERITE,35,0,35
1957,MARI,8,0,8
1957,MARIA,442,0,442
1957,MARYANNE,27,0,27
1957,MARIAN,59,0,59
1957,MARIANNA,11,0,11
1957,MARIANNE,159,0,159
1957,MARIE,2895,0,2895
1957,MARIE-ANNE,6,0,6
1957,MARIE-ROSE,6,0,6
1957,MARIELLE,7,0,7
1957,MARIETTE,9,0,9
1957,MARILYN,350,0,350
1957,MARIANN,11,0,11
1957,MARGARETH,6,0,6
1957,MARYLIN,6,0,6
1957,MAVIS,16,0,16
1957,LOIS,103,0,103
1957,LISE,88,0,88
1957,LISA,139,0,139
1957,LINDSAY,17,9,8
1957,LINDA,1390,0,1390
1957,LINA,26,0,26
1957,LILY,9,0,9
1957,LILLIAN,57,0,57
1957,LILIANA,10,0,10
1957,LILIAN,9,0,9
1957,LILA,16,0,16
1957,LIETTE,9,0,9
1957,LIDIA,16,0,16
1957,LIANNE,6,0,6
1957,LESLIE,397,140,257
1957,LESLEY,58,0,58
1957,LEONA,33,0,33
1957,LOLA,9,0,9
1957,LORA,13,0,13
1957,LORAINE,26,0,26
1957,LOREEN,7,0,7
1957,MAXINE,36,0,36
1957,MAY,12,0,12
1957,MEGAN,14,0,14
1957,MELANIE,69,0,69
1957,MELINDA,17,0,17
1957,MELISSA,13,0,13
1957,MELODIE,8,0,8
1957,MELODY,39,0,39
1957,MAUREEN,269,0,269
1957,MEREDITH,10,0,10
1957,LORRAINE,315,0,315
1957,LORNA,86,0,86
1957,LORIE,48,0,48
1957,LORI,301,0,301
1957,LORETTA,63,0,63
1957,LORETA,7,0,7
1957,LORENE,8,0,8
1957,LORELEI,12,0,12
1957,MICHELE,161,31,130
1957,DONALDA,10,0,10
1957,JANE,379,0,379
1957,DOMINIQUE,6,0,6
1957,ALEX,23,23,0
1957,ALEC,10,10,0
1957,ALDO,17,17,0
1957,ALBERTO,8,8,0
1957,ALBERT,159,159,0
1957,ALAN,364,364,0
1957,ALAIN,11,11,0
1957,AGOSTINO,7,7,0
1957,ADRIEN,5,5,0
1957,ALEXANDER,155,155,0
1957,ADRIANUS,7,7,0
1957,ADAM,15,15,0
1957,ABRAHAM,11,11,0
1957,AARON,9,9,0
1957,ADA,13,0,13
1957,ADELE,20,0,20
1957,ADRIANA,18,0,18
1957,ADRIENNE,15,0,15
1957,AGNES,28,0,28
1957,AILEEN,19,0,19
1957,ADRIAN,40,40,0
1957,ALFRED,87,87,0
1957,ALFREDO,10,10,0
1957,ALLAN,285,285,0
1957,ATTILA,5,5,0
1957,ARTHUR,179,179,0
1957,ARNOLD,49,49,0
1957,ARMAND,14,14,0
1957,ARCHIE,17,17,0
1957,DONA,6,0,6
1957,ANTONIUS,8,8,0
1957,ANTONIO,109,109,0
1957,ANTONINO,17,17,0
1957,ANTON,10,10,0
1957,ANTHONY,304,304,0
1957,ANGUS,18,18,0
1957,ANGELO,45,45,0
1957,ANDY,6,6,0
1957,ANDREW,324,324,0
1957,ANDREAS,9,9,0
1957,ANDRÉ,5,5,0
1957,ANDRE,94,94,0
1957,ALVIN,42,42,0
1957,ALLISTER,5,5,0
1957,ALLEN,111,111,0
1957,ALANA,9,0,9
1957,ALANNA,7,0,7
1957,ALEXANDRA,30,0,30
1957,ALICE,103,0,103
1957,ANNE,418,0,418
1957,ANNE-MARIE,20,0,20
1957,ANNEMARIE,10,0,10
1957,ANNETTE,84,0,84
1957,ANNIE,22,0,22
1957,ANTOINETTE,11,0,11
1957,ANTONETTA,8,0,8
1957,ANTONIA,10,0,10
1957,ANTONIETTA,19,0,19
1957,APRIL,43,0,43
1957,ARLENE,96,0,96
1957,ASSUNTA,11,0,11
1957,ATHENA,6,0,6
1957,AUDREY,86,0,86
1957,AVA,8,0,8
1957,BABE,13,6,7
1957,BABY,723,400,323
1957,BARBARA,1048,0,1048
1957,BARBARA-ANN,7,0,7
1957,BARBRA,12,0,12
1957,BEATRICE,27,0,27
1957,ANNAMARIE,6,0,6
1957,AUBREY,10,10,0
1957,ANNAMARIA,10,0,10
1957,ANNA,283,0,283
1957,ALICIA,7,0,7
1957,ALIDA,8,0,8
1957,ALINE,17,0,17
1957,ALISON,47,0,47
1957,ALLISON,11,0,11
1957,ALLYSON,6,0,6
1957,ALMA,16,0,16
1957,ALVA,6,0,6
1957,AMANDA,16,0,16
1957,AMELIA,13,0,13
1957,AMY,16,0,16
1957,ANASTASIA,8,0,8
1957,ANDREA,99,7,92
1957,ANDREE,13,0,13
1957,ANGELA,168,0,168
1957,ANGELE,6,0,6
1957,ANGELIKA,7,0,7
1957,ANGELINA,20,0,20
1957,ANITA,149,0,149
1957,ANN,293,0,293
1957,ANN-MARIE,8,0,8
1957,ANNA-MARIA,7,0,7
1957,AUSTIN,9,9,0
1957,BABY-BOY,6,6,0
1957,BARRIE,9,9,0
1957,CONRAD,17,17,0
1957,COLIN,77,77,0
1957,CLYDE,12,12,0
1957,CLIVE,10,10,0
1957,CLINTON,23,23,0
1957,CLIFFORD,119,119,0
1957,CLEMENT,6,6,0
1957,CLAYTON,30,30,0
1957,CLAUS,6,6,0
1957,CLAUDIO,21,21,0
1957,CLAUDE,71,71,0
1957,CLARKE,5,5,0
1957,CLARK,6,6,0
1957,CLARENCE,48,48,0
1957,CHRISTOPHER,660,660,0
1957,CHRISTIAN,20,20,0
1957,CHRIS,20,20,0
1957,CHESTER,16,16,0
1957,CHARLIE,5,5,0
1957,CHARLES,506,506,0
1957,CECIL,33,33,0
1957,COREY,6,6,0
1957,CARY,11,11,0
1957,CORNELIS,9,9,0
1957,CORY,11,11,0
1957,DEAN,117,117,0
1957,DAVID,3364,3364,0
1957,DARWIN,6,6,0
1957,DARRYL,40,40,0
1957,DARRELL,93,93,0
1957,DARREL,15,15,0
1957,DARIO,5,5,0
1957,D'ARCY,9,9,0
1957,DARCY,36,36,0
1957,DANNY,160,160,0
1957,DANILO,5,5,0
1957,DANIELE,7,7,0
1957,DANIEL,1094,1094,0
1957,DANIAL,27,27,0
1957,DAN,15,15,0
1957,DALTON,7,7,0
1957,CYRIL,10,10,0
1957,CURTIS,25,25,0
1957,CRAIG,162,162,0
1957,COSTANTINO,5,5,0
1957,COSIMO,6,6,0
1957,CORNELIUS,19,19,0
1957,BECKY,9,0,9
1957,CARSON,7,7,0
1957,CARMELO,10,10,0
1957,BOYD,7,7,0
1957,BOY,7,7,0
1957,BOHDAN,9,9,0
1957,BOBBY,8,8,0
1957,BLAKE,31,31,0
1957,BLAISE,5,5,0
1957,BLAIR,50,50,0
1957,BLAINE,38,38,0
1957,BLAIN,5,5,0
1957,BILLY,8,8,0
1957,BILL,14,14,0
1957,BERT,6,6,0
1957,BERNHARD,8,8,0
1957,BERND,8,8,0
1957,BERNARD,120,120,0
1957,BENOIT,6,6,0
1957,BENNY,8,8,0
1957,BENJAMIN,37,37,0
1957,BASIL,13,13,0
1957,BARTON,9,9,0
1957,BARRY,394,394,0
1957,BRAD,13,13,0
1957,CARMINE,17,17,0
1957,BRADFORD,11,11,0
1957,BRANT,6,6,0
1957,CARMAN,6,6,0
1957,CARLOS,5,5,0
1957,CARLO,17,17,0
1957,CARL,191,191,0
1957,CAREY,24,24,0
1957,CAMERON,70,70,0
1957,CALVIN,58,58,0
1957,CALOGERO,5,5,0
1957,BYRON,23,23,0
1957,BUDDY,6,6,0
1957,BRYON,21,21,0
1957,BRYCE,11,11,0
1957,BRYAN,125,125,0
1957,BRUNO,31,31,0
1957,BRUCE,559,559,0
1957,BROCK,8,8,0
1957,BRIEN,8,8,0
1957,BRIAN,1618,1618,0
1957,BRETT,22,22,0
1957,BRENT,108,108,0
1957,BRENDAN,6,6,0
1957,BRADLEY,302,302,0
1957,BELINDA,14,0,14
1957,ANTONY,15,15,0
1957,DIANNA,35,0,35
1957,CHRISTINA,114,0,114
1957,CHRISTINE,577,0,577
1957,CHRISTY,6,0,6
1957,CINTHIA,9,0,9
1957,CLAIRE,59,0,59
1957,CLARA,31,0,31
1957,CLARE,21,13,8
1957,CLAUDETTE,33,0,33
1957,CLAUDIA,35,0,35
1957,CHRISTIANE,7,0,7
1957,CLEO,6,0,6
1957,COLETTE,29,0,29
1957,COLLEEN,244,0,244
1957,CONCETTA,12,0,12
1957,CONCETTINA,6,0,6
1957,CONNIE,74,0,74
1957,CONSTANCE,80,0,80
1957,CORA,9,0,9
1957,CORAL,9,0,9
1957,CORINNE,47,0,47
1957,COLEEN,17,0,17
1957,CHRISTEL,6,0,6
1957,CHRISTA,7,0,7
1957,CHERYLE,8,0,8
1957,CATHARINA,15,0,15
1957,CATHARINE,92,0,92
1957,CATHERINE,1425,0,1425
1957,CATHERINE-ANN,7,0,7
1957,CATHIE,6,0,6
1957,CATHLEEN,13,0,13
1957,CATHRINE,26,0,26
1957,CATHRYN,27,0,27
1957,CATHY,180,0,180
1957,CECILE,31,0,31
1957,CECILIA,13,0,13
1957,CELESTE,7,0,7
1957,CELIA,12,0,12
1957,CHANTAL,6,0,6
1957,CHARLENE,108,0,108
1957,CHARLOTTE,47,0,47
1957,CHARMAINE,23,0,23
1957,CHERI,9,0,9
1957,CHERIE,8,0,8
1957,CHERYL,700,0,700
1957,CHERYL-ANN,9,0,9
1957,CORNELIA,34,0,34
1957,CORRINE,6,0,6
1957,CRISTINA,6,0,6
1957,CRYSTAL,24,0,24
1957,DEBORAH-ANNE,7,0,7
1957,DEBORAH-LYNN,7,0,7
1957,DEBRA,1131,0,1131
1957,DEBRA-ANN,11,0,11
1957,DEBRAH,22,0,22
1957,DEIRDRE,13,0,13
1957,DELLA,13,0,13
1957,DELORES,8,0,8
1957,DENISE,414,0,414
1957,DENYSE,9,0,9
1957,DESIREE,8,0,8
1957,DIAN,8,0,8
1957,DIANA,287,0,287
1957,DIANE,669,0,669
1957,DIANN,6,0,6
1957,BERNADETTE,35,0,35
1957,DIANNE,315,0,315
1957,DINA,10,0,10
1957,DIXIE,8,0,8
1957,DOLORES,37,0,37
1957,DOMENICA,9,0,9
1957,DEBORAH-ANN,7,0,7
1957,CATERINA,18,0,18
1957,DEBORAH,1915,0,1915
1957,DEBERA,7,0,7
1957,CYNTHIA,870,0,870
1957,DAGMAR,9,0,9
1957,DAISY,7,0,7
1957,DALE,312,239,73
1957,DANA,56,29,27
1957,DANIELA,8,0,8
1957,DANIELLE,47,0,47
1957,DANUTA,7,0,7
1957,DAPHNE,10,0,10
1957,DARLA,12,0,12
1957,DARLEEN,6,0,6
1957,DARLENE,400,0,400
1957,DARYL,66,59,7
1957,DAWN,156,0,156
1957,DAWNA,8,0,8
1957,DAWNE,8,0,8
1957,DAYLE,12,0,12
1957,DEANNA,30,0,30
1957,DEBBIE,132,0,132
1957,DEBBRA,16,0,16
1957,DEBBY,6,0,6
1957,DEBORA,97,0,97
1957,CARROL,14,0,14
1957,CINDY,641,0,641
1957,CAROLYNNE,8,0,8
1957,BRIGITTE,6,0,6
1957,BRIDGET,6,0,6
1957,BRENDA-LEE,11,0,11
1957,BRENDA,1196,0,1196
1957,BONNY,25,0,25
1957,BONNIE,371,0,371
1957,BONITA,45,0,45
1957,BLANCHE,9,0,9
1957,CALOGERA,6,0,6
1957,BEVERLY,254,10,244
1957,BETTE,9,0,9
1957,BETH,40,0,40
1957,BESSIE,6,0,6
1957,BERYL,7,0,7
1957,BERTHA,13,0,13
1957,BERNICE,28,0,28
1957,BERNADINE,6,0,6
1957,CARRIE,43,0,43
1957,BEVERLEY,135,7,128
1957,CAMILLE,6,0,6
1957,BETTY,175,0,175
1957,CAROLE,98,0,98
1957,CAROLYN,274,0,274
1957,CAROLLE,14,0,14
1957,CAROLINE,108,0,108
1957,CAROLINA,6,0,6
1957,CAROLANN,6,0,6
1957,CAROL-ANNE,7,0,7
1957,CAROLYNN,10,0,10
1957,CAROL,852,0,852
1957,CAROL-ANN,12,0,12
1957,CARMELINA,11,0,11
1957,CARMELA,23,0,23
1957,CARMEL,16,0,16
1957,CARLA,56,0,56
1957,CANDY,6,0,6
1957,CANDIS,6,0,6
1957,CANDICE,11,0,11
1957,CARMEN,59,9,50
1957,CANDACE,34,0,34
1958,EMILIA,12,0,12
1958,ELLEN,128,0,128
1958,ELSIE,15,0,15
1958,ELSE,6,0,6
1958,ELSA,6,0,6
1958,FAYE,30,0,30
1958,ELIZEBETH,8,0,8
1958,ELIZABETH,831,0,831
1958,EMILY,32,0,32
1958,ELISE,12,0,12
1958,ELISABETTA,9,0,9
1958,ELLA,9,0,9
1958,EMMA,14,0,14
1958,EVA,98,0,98
1958,ERICA,14,0,14
1958,ERIKA,14,0,14
1958,ERIN,39,0,39
1958,ESTELLE,11,0,11
1958,ESTHER,49,0,49
1958,ETHEL,14,0,14
1958,EUNICE,11,0,11
1958,EVELINE,6,0,6
1958,EVELYN,103,0,103
1958,FAITH,14,0,14
1958,ELISABETH,45,0,45
1958,FAY,22,0,22
1958,ENZA,7,0,7
1958,ELISA,15,0,15
1958,DOLORES,31,0,31
1958,ELEANOR,66,0,66
1958,DIAN,7,0,7
1958,DIANA,327,0,327
1958,DIANE,696,0,696
1958,DIANN,7,0,7
1958,DIANNA,46,0,46
1958,DIANNE,269,0,269
1958,DINA,18,0,18
1958,DINAH,9,0,9
1958,DIXIE,6,0,6
1958,FEMALE,11,0,11
1958,DOMENICA,17,0,17
1958,DONA,6,0,6
1958,DONELDA,7,0,7
1958,DONNA,906,0,906
1958,DONNA-MARIE,6,0,6
1958,HILARY,15,8,7
1958,DORA,21,0,21
1958,DOREEN,67,0,67
1958,DORIS,115,0,115
1958,DOROTHEA,7,0,7
1958,DOROTHY,185,0,185
1958,DORTHY,12,0,12
1958,EDITH,55,0,55
1958,EDNA,28,0,28
1958,EILEEN,71,0,71
1958,ELAINE,224,0,224
1958,ELDA,6,0,6
1958,ELENA,18,0,18
1958,FERN,16,0,16
1958,GRAZIA,7,0,7
1958,FIONA,18,0,18
1958,GERMAINE,6,0,6
1958,GERALYN,7,0,7
1958,GERALDINE,58,0,58
1958,GEORGINA,39,0,39
1958,GEORGIA,12,0,12
1958,GEORGETTE,10,0,10
1958,GENEVIEVE,18,0,18
1958,GEMMA,6,0,6
1958,GAYLE,74,0,74
1958,GAYE,8,0,8
1958,GAY,16,0,16
1958,GALE,38,0,38
1958,GERTRUDE,18,0,18
1958,GAIL,324,0,324
1958,GABRIELLE,13,0,13
1958,GABRIELLA,9,0,9
1958,GABRIELE,14,7,7
1958,FREDA,13,0,13
1958,FRANCOISE,7,0,7
1958,FRANCIS,183,171,12
1958,FRANCINE,67,0,67
1958,FRANCESCA,21,0,21
1958,FRANCES,141,5,136
1958,FRANCA,29,0,29
1958,DESIREE,9,0,9
1958,FLORENCE,42,0,42
1958,GAETANE,8,0,8
1958,GHISLAINE,6,0,6
1958,GILLIAN,32,0,32
1958,GINA,49,0,49
1958,FLORA,10,0,10
1958,HENRIETTE,10,0,10
1958,HENRIETTA,18,0,18
1958,HELGA,13,0,13
1958,HELENE,49,0,49
1958,HELENA,36,0,36
1958,HELEN,298,0,298
1958,HEIDI,49,0,49
1958,HEATHER,562,0,562
1958,HAZEL,27,0,27
1958,HARRIET,17,0,17
1958,HANNAH,6,0,6
1958,GWENDOLYN,58,0,58
1958,GWENDA,8,0,8
1958,GWEN,27,0,27
1958,GRETA,8,0,8
1958,GRAZIELLA,9,0,9
1958,GRACE,95,0,95
1958,GLORIA,106,0,106
1958,GLENNA,19,0,19
1958,GLENDA,66,0,66
1958,GLADYS,13,0,13
1958,GIUSEPPINA,32,0,32
1958,GISELLE,8,0,8
1958,GISELE,28,0,28
1958,GIOVANNA,30,0,30
1958,GINETTE,22,0,22
1958,FILOMENA,16,0,16
1958,DENISE,372,0,372
1958,CHANTAL,9,0,9
1958,DELLA,13,0,13
1958,CARLA,67,0,67
1958,CAREY,25,16,9
1958,CAREN,7,0,7
1958,CANDY,12,0,12
1958,CANDICE,7,0,7
1958,CANDACE,38,0,38
1958,CAMILLE,12,6,6
1958,BRUNA,14,0,14
1958,BRIGITTE,22,0,22
1958,BRIDGET,17,0,17
1958,BRENDA-LEE,13,0,13
1958,BRENDA,1049,0,1049
1958,CARMEL,14,0,14
1958,BONNY,33,0,33
1958,BONITA,52,0,52
1958,BLANCHE,7,0,7
1958,BIANCA,6,0,6
1958,BEVERLY,270,9,261
1958,BEVERLEY,134,0,134
1958,BETTY,188,0,188
1958,BETTINA,7,0,7
1958,BETTE,10,0,10
1958,BETH,39,0,39
1958,BESSIE,8,0,8
1958,BERYL,7,0,7
1958,HILDA,20,0,20
1958,BONNIE,369,0,369
1958,CARMELA,30,0,30
1958,CARMELINA,13,0,13
1958,CARMEN,59,9,50
1958,CELINE,15,0,15
1958,CELIA,15,0,15
1958,CELESTE,6,0,6
1958,CECILIA,23,0,23
1958,CECILE,14,0,14
1958,CECELIA,8,0,8
1958,CATHY,225,0,225
1958,CATHRYN,18,0,18
1958,CATHRINE,14,0,14
1958,CATHLEEN,18,0,18
1958,CATHIE,9,0,9
1958,CATHERINE-ANNE,7,0,7
1958,CATHERINE,1412,0,1412
1958,CATHARINE,88,0,88
1958,CATHARINA,6,0,6
1958,CATERINA,18,0,18
1958,CARY,14,7,7
1958,CARROL,11,0,11
1958,CARRIE,69,0,69
1958,CARON,8,0,8
1958,CAROLYNN,10,0,10
1958,CAROLYN,283,0,283
1958,CAROLINE,114,0,114
1958,CAROLINA,6,0,6
1958,CAROLE,96,0,96
1958,CAROL-ANN,10,0,10
1958,CAROL,808,0,808
1958,CHARLENE,119,0,119
1958,CHARLOTTE,59,0,59
1958,CHARMAINE,24,0,24
1958,CHERIE,7,0,7
1958,DALE,379,293,86
1958,DANA,71,38,33
1958,DANIELA,6,0,6
1958,DANIELLE,52,0,52
1958,DAPHNE,19,0,19
1958,DARCY,41,35,6
1958,DARLA,11,0,11
1958,DARLEEN,8,0,8
1958,DARLENE,454,0,454
1958,DARYL,72,66,6
1958,DAWN,150,0,150
1958,DAWNA,10,0,10
1958,DAYLE,6,0,6
1958,DEANNA,27,0,27
1958,DEBBIE,120,0,120
1958,DEBBRA,16,0,16
1958,DEBBY,9,0,9
1958,DEBERA,6,0,6
1958,DEBORA,92,0,92
1958,DEBORAH,1784,0,1784
1958,DEBORAH-ANN,14,0,14
1958,DEBORAH-ANNE,7,0,7
1958,DEBRA,966,0,966
1958,DEBRA-ANN,6,0,6
1958,DEBRAH,10,0,10
1958,DEENA,6,0,6
1958,DEIRDRE,13,0,13
1958,DAGMAR,9,0,9
1958,DELORES,6,0,6
1958,CYNTHIA,645,0,645
1958,CRISTINE,6,0,6
1958,CHERRY,6,0,6
1958,CHERYL,875,0,875
1958,CHERYL-ANN,10,0,10
1958,CHERYLE,18,0,18
1958,CHRISTENA,6,0,6
1958,CHRISTINA,109,0,109
1958,CHRISTINE,600,0,600
1958,CHRISTY,6,0,6
1958,CINDY,450,0,450
1958,CINTHIA,7,0,7
1958,CLAIRE,74,0,74
1958,CLARA,32,0,32
1958,CLARE,15,7,8
1958,CLAUDETTE,49,0,49
1958,CLAUDIA,29,0,29
1958,COLEEN,15,0,15
1958,COLETTE,46,0,46
1958,COLLEEN,282,0,282
1958,CONCETTA,17,0,17
1958,CONCETTINA,6,0,6
1958,CONNIE,87,0,87
1958,CONSTANCE,90,0,90
1958,CORA,14,0,14
1958,CORINNE,42,0,42
1958,CORNELIA,40,0,40
1958,CORRINE,11,0,11
1958,CRISTINA,10,0,10
1958,CRYSTAL,18,0,18
1958,HOLLY,65,0,65
1958,MICHELE,218,41,177
1958,ILONA,9,0,9
1958,REBECCA,74,0,74
1958,RAMONA,19,0,19
1958,RAFFAELA,6,0,6
1958,RAE,6,0,6
1958,RACHELLE,20,0,20
1958,RACHEL,31,0,31
1958,PIRJO,9,0,9
1958,PINA,12,0,12
1958,PIERRETTE,12,0,12
1958,PHYLLIS,68,0,68
1958,PETRONELLA,10,0,10
1958,PETRA,11,0,11
1958,PENNY,126,0,126
1958,PENELOPE,40,0,40
1958,PEGGY,132,0,132
1958,PEARL,13,0,13
1958,PAULINE,145,0,145
1958,PAULETTE,40,0,40
1958,PAULA,145,0,145
1958,PATTI,68,0,68
1958,PATSY,26,0,26
1958,PATRIZIA,10,0,10
1958,PATRICIA,1292,0,1292
1958,REGINA,9,0,9
1958,RENA,9,0,9
1958,RENATE,9,0,9
1958,RENEE,33,0,33
1958,ROSELLA,8,0,8
1958,ROSEANNE,8,0,8
1958,ROSEANN,11,0,11
1958,ROSE-MARIE,12,0,12
1958,ROSE,131,0,131
1958,ROSARIA,12,0,12
1958,ROSANNE,30,0,30
1958,ROSANNA,24,0,24
1958,ROSALIND,15,0,15
1958,ROSALIE,16,0,16
1958,ROSALIA,8,0,8
1958,PATRICE,20,0,20
1958,ROSA,50,0,50
1958,RONA,6,0,6
1958,ROMA,7,0,7
1958,ROCHELLE,8,0,8
1958,ROBYN,17,0,17
1958,ROBIN,250,92,158
1958,ROBERTA,94,0,94
1958,RITA,152,0,152
1958,RINA,8,0,8
1958,RHONDA,174,0,174
1958,RHODA,8,0,8
1958,RETA,10,0,10
1958,RONDA,14,0,14
1958,PATRICA,34,0,34
1958,PASQUALINA,7,0,7
1958,PAOLA,10,0,10
1958,MONA,35,0,35
1958,MOIRA,28,0,28
1958,MIRIAM,30,0,30
1958,MIRELLA,10,0,10
1958,MILDRED,14,0,14
1958,MICHELLE,174,0,174
1958,MICHELINE,27,0,27
1958,MICHELINA,7,0,7
1958,BERTHA,8,0,8
1958,MELODY,22,0,22
1958,MELODIE,19,0,19
1958,MONICA,115,0,115
1958,MELISSA,19,0,19
1958,MELANIE,51,0,51
1958,MEGAN,16,0,16
1958,MAY,16,0,16
1958,MAXINE,22,0,22
1958,MAVIS,6,0,6
1958,MAUREEN,299,0,299
1958,MAURA,12,0,12
1958,MATILDA,6,0,6
1958,MARYLOU,16,0,16
1958,MARYANNE,19,0,19
1958,MARYANN,28,0,28
1958,MELINDA,40,0,40
1958,ROSEMARIE,47,0,47
1958,MONIKA,28,0,28
1958,MURIEL,23,0,23
1958,PAMELLA,6,0,6
1958,PAMELA,451,0,451
1958,OLIVE,6,0,6
1958,OLGA,22,0,22
1958,NOT,21,14,7
1958,NORMA,109,0,109
1958,NORINE,8,0,8
1958,NOREEN,14,0,14
1958,NORAH,9,0,9
1958,NORA,36,0,36
1958,NINA,31,0,31
1958,MONIQUE,70,0,70
1958,NICOLINA,6,0,6
1958,NICOLE,101,0,101
1958,NICOLA,48,35,13
1958,NELLY,11,0,11
1958,NATALIE,21,0,21
1958,NAOMI,15,0,15
1958,NANCY,1042,0,1042
1958,NADINE,39,0,39
1958,NADIA,28,0,28
1958,MYRNA,17,0,17
1958,MYRA,22,0,22
1958,MURIELLE,7,0,7
1958,NICOLETTE,6,0,6
1958,MARY-LOU,11,0,11
1958,ROSEMARY,181,0,181
1958,ROSINA,16,0,16
1958,TRUDY,52,0,52
1958,TRACY,144,9,135
1958,TRACEY,56,0,56
1958,TONI,31,0,31
1958,TOBY,8,0,8
1958,TINA,74,0,74
1958,THERESE,45,0,45
1958,THERESA,280,0,280
1958,THELMA,16,0,16
1958,TERRY,545,446,99
1958,TERRI-LYNN,6,0,6
1958,TERRI,80,0,80
1958,TERI,10,0,10
1958,TERESA,340,0,340
1958,TEENA,10,0,10
1958,TARA,8,0,8
1958,TANYA,9,0,9
1958,TANIS,9,0,9
1958,TAMRA,10,0,10
1958,TAMMY,140,0,140
1958,TAMMIE,23,0,23
1958,TAMI,6,0,6
1958,TAMARA,28,0,28
1958,URSULA,13,0,13
1958,VALARIE,6,0,6
1958,VALERIE,280,0,280
1958,VANESSA,16,0,16
1958,ZENA,6,0,6
1958,YVONNE,103,0,103
1958,YVETTE,22,0,22
1958,YOLANDA,6,0,6
1958,WINNIFRED,9,0,9
1958,WILMA,48,0,48
1958,WILHELMINA,13,0,13
1958,WENDY,760,0,760
1958,WANDA,133,0,133
1958,VIVIAN,49,0,49
1958,VITTORIA,8,0,8
1958,SYLVIE,23,0,23
1958,VIRGINIA,92,0,92
1958,VINCENZA,12,0,12
1958,VIDA,8,0,8
1958,VICTORIA,172,0,172
1958,VICKY,34,0,34
1958,VICKIE,16,0,16
1958,VICKI,103,0,103
1958,VERONICA,59,0,59
1958,VERNA,21,0,21
1958,VERA,40,0,40
1958,VELMA,12,0,12
1958,VELDA,6,0,6
1958,VIOLET,21,0,21
1958,SYLVIA,134,0,134
1958,SUZETTE,6,0,6
1958,SUZANNE,282,0,282
1958,SHELLEY,286,0,286
1958,SHELIA,6,0,6
1958,SHELAGH,16,0,16
1958,SHEILAGH,10,0,10
1958,SHEILA,246,0,246
1958,SHEENA,9,0,9
1958,SHAWN,106,94,12
1958,SHAUNA,6,0,6
1958,SHARRON,22,0,22
1958,SHARON,780,0,780
1958,SHARLENE,11,0,11
1958,SHELLY,63,0,63
1958,SHARI,19,0,19
1958,SELINA,6,0,6
1958,SARI,6,0,6
1958,SARAH,74,0,74
1958,SARA,26,0,26
1958,SANDRA,1063,0,1063
1958,SALLY,73,0,73
1958,RUTH,252,0,252
1958,RUBY,12,0,12
1958,ROXANNE,40,0,40
1958,ROXANN,6,0,6
1958,ROSLYN,7,0,7
1958,SHANNON,30,0,30
1958,ROSETTA,10,0,10
1958,SHEREE,13,0,13
1958,SHERRI,27,0,27
1958,SUZAN,16,0,16
1958,SUSANNE,87,0,87
1958,SUSANNA,38,0,38
1958,SUSANN,8,0,8
1958,SUSAN,2179,0,2179
1958,SUE,16,0,16
1958,STEPHANIE,85,0,85
1958,STELLA,22,0,22
1958,STACEY,17,0,17
1958,SOPHIA,11,0,11
1958,SONYA,31,0,31
1958,SHERI,21,0,21
1958,SONJA,14,0,14
1958,SOFIA,6,0,6
1958,SIMONE,19,0,19
1958,SILVIA,15,0,15
1958,SILVANA,43,0,43
1958,SIGRID,7,0,7
1958,SHIRLEY-ANN,7,0,7
1958,SHIRLEY,315,0,315
1958,SHERYL,47,0,47
1958,SHERRYL,6,0,6
1958,SHERRY,202,0,202
1958,SHERRIE,13,0,13
1958,SONIA,26,0,26
1958,MARY-JO,7,0,7
1958,MARY-ELLEN,18,0,18
1958,MARY-ANNE,7,0,7
1958,KATHERINE,470,0,470
1958,KATHARINE,68,0,68
1958,KATHARINA,12,0,12
1958,KATHALEEN,6,0,6
1958,KATALIN,6,0,6
1958,KARIN,49,0,49
1958,KAREN,1551,0,1551
1958,JUNE,67,0,67
1958,JULIETTE,14,0,14
1958,JULIET,6,0,6
1958,JULIE,392,0,392
1958,JULIANNE,11,0,11
1958,JULIANNA,10,0,10
1958,JULIANA,8,0,8
1958,JULIA,151,0,151
1958,JUDY,233,0,233
1958,JUDITH,501,0,501
1958,JUANITA,14,0,14
1958,JOYCE,182,0,182
1958,JOY,45,0,45
1958,JOSEPHINE,56,0,56
1958,JONI,8,0,8
1958,JOHANNE,19,0,19
1958,KATHI,11,0,11
1958,KATHIE,9,0,9
1958,KATHLEEN,559,0,559
1958,KATHRINE,22,0,22
1958,LAURA,409,0,409
1958,LANA,22,0,22
1958,KRYSTYNA,12,0,12
1958,KRISTINE,19,0,19
1958,KRISTINA,8,0,8
1958,KRISTIN,6,0,6
1958,KRISTA,12,0,12
1958,KIRSTEN,6,0,6
1958,KIMBERLY,370,23,347
1958,KIMBERLEY,270,8,262
1958,KIMBERLEE,15,0,15
1958,JOHANNA,38,0,38
1958,KIM,415,73,342
1958,KERRIE,9,0,9
1958,KERRI,6,0,6
1958,KENDRA,11,0,11
1958,KELLY,247,56,191
1958,KELLIE,13,0,13
1958,KELLEY,9,0,9
1958,KAY,8,0,8
1958,KATRINA,7,0,7
1958,KATHYRN,8,0,8
1958,KATHY,196,0,196
1958,KATHRYN,455,0,455
1958,KERRY,120,76,44
1958,JODY,48,11,37
1958,JODI,21,0,21
1958,JOCELYNE,17,0,17
1958,JANIE,13,0,13
1958,JANICE,624,0,624
1958,JANETTE,38,0,38
1958,JANET,692,0,692
1958,JANE,367,0,367
1958,JANA,7,0,7
1958,JAN,56,38,18
1958,JAMIE,95,68,27
1958,JACQUELYN,10,0,10
1958,JACQUELINE,197,0,197
1958,JACOBA,7,0,7
1958,JANINA,8,0,8
1958,JACKLYN,6,0,6
1958,IVANA,11,0,11
1958,ISOBEL,8,0,8
1958,ISABELLA,14,0,14
1958,ISABEL,16,0,16
1958,IRMA,8,0,8
1958,IRIS,25,0,25
1958,IRENE,161,0,161
1958,IRENA,11,0,11
1958,INGRID,65,0,65
1958,INFANT,66,40,26
1958,INA,9,0,9
1958,IVY,7,0,7
1958,LAUREEN,19,0,19
1958,JANINE,43,0,43
1958,JAQUELINE,9,0,9
1958,JOCELYN,27,6,21
1958,JOANNE,743,0,743
1958,JOANNA,23,0,23
1958,JOANN,41,0,41
1958,JOAN,298,0,298
1958,JO-ANNE,115,0,115
1958,JO-ANN,104,0,104
1958,JO ANNE,23,0,23
1958,JO ANN,23,0,23
1958,JO,11,0,11
1958,JILLIAN,11,0,11
1958,JANIS,58,0,58
1958,JILL,123,0,123
1958,JESSICA,8,0,8
1958,JENNY,23,0,23
1958,JENNIFER,291,0,291
1958,JENNIE,10,0,10
1958,JEANNINE,20,0,20
1958,JEANNIE,10,0,10
1958,JEANNETTE,30,0,30
1958,JEANNE,40,0,40
1958,JEANETTE,41,0,41
1958,JEAN,304,132,172
1958,JAYNE,44,0,44
1958,JESSIE,19,0,19
1958,LAUREL,68,0,68
1958,LAUREN,32,0,32
1958,LAURETTA,7,0,7
1958,MARGARETHA,6,0,6
1958,MARGARET,808,0,808
1958,MARCIA,54,0,54
1958,MARCELLE,6,0,6
1958,MARCELLA,9,0,9
1958,MARA,14,0,14
1958,MADELINE,13,0,13
1958,MADELEINE,19,0,19
1958,MADELAINE,12,0,12
1958,MABEL,10,0,10
1958,LYNNE,91,0,91
1958,MARGO,28,0,28
1958,LYNN,342,12,330
1958,LYNDA,183,0,183
1958,LYN,7,0,7
1958,LYDIA,39,0,39
1958,LUISA,14,0,14
1958,LUCY,46,0,46
1958,LUCINDA,10,0,10
1958,LUCILLE,32,0,32
1958,LUCIE,24,0,24
1958,LUCIANA,15,0,15
1958,LUCIA,61,0,61
1958,LUANNE,26,0,26
1958,LYNE,16,0,16
1958,LOUISE,194,0,194
1958,MARGOT,29,0,29
1958,MARGUERITE,31,0,31
1958,MARY-ANN,23,0,23
1958,MARY,2405,0,2405
1958,MARTINE,9,0,9
1958,MARTINA,11,0,11
1958,MARTHA,113,0,113
1958,MARTA,8,0,8
1958,MARSHA,46,0,46
1958,MARLENE,193,0,193
1958,MARLA,23,0,23
1958,MARJORY,8,0,8
1958,MARJORIE,86,0,86
1958,MARGRET,13,0,13
1958,MARISA,33,0,33
1958,MARINA,17,0,17
1958,MARILYN,270,0,270
1958,MARIETTE,7,0,7
1958,MARIELLE,6,0,6
1958,MARIE-LOUISE,7,0,7
1958,MARIE,2821,0,2821
1958,MARIANNE,101,0,101
1958,MARIANNA,6,0,6
1958,MARIAN,69,0,69
1958,MARIA,417,0,417
1958,MARI,16,0,16
1958,MARION,131,0,131
1958,IDA,34,0,34
1958,LOUANNE,11,0,11
1958,LORRIE,52,6,46
1958,LILA,13,0,13
1958,LIDIA,15,0,15
1958,LIANNE,9,0,9
1958,LIA,7,0,7
1958,LESLIE,403,141,262
1958,LESLEY,72,0,72
1958,LESLEE,8,0,8
1958,LESIA,6,0,6
1958,LEONA,35,0,35
1958,LENORE,13,0,13
1958,LENORA,6,0,6
1958,LILIAN,6,0,6
1958,LENA,16,0,16
1958,LEIGH,13,0,13
1958,LEE-ANNE,13,0,13
1958,LEE-ANN,10,0,10
1958,LEE,105,54,51
1958,LEANNE,31,0,31
1958,LEANNA,6,0,6
1958,LEAH,29,0,29
1958,LAURIE-ANNE,7,0,7
1958,LAURIE,427,16,411
1958,LAURI,8,0,8
1958,LAURETTE,7,0,7
1958,LEILA,10,0,10
1958,LOU,13,0,13
1958,LILIANA,16,0,16
1958,LILY,6,0,6
1958,LORRI,19,0,19
1958,LORRAINE,292,0,292
1958,LORNA,95,0,95
1958,LORIE,62,0,62
1958,LORI-ANN,7,0,7
1958,LORI,368,0,368
1958,LORETTE,7,0,7
1958,LORETTA,70,0,70
1958,LORETA,7,0,7
1958,LORENA,9,0,9
1958,LORELEI,11,0,11
1958,LILLIAN,49,0,49
1958,LOREEN,10,0,10
1958,LORA,16,0,16
1958,LONA,6,0,6
1958,LOIS,124,0,124
1958,LISETTE,7,0,7
1958,LISE,102,0,102
1958,LISA,194,0,194
1958,LINE,11,0,11
1958,LINDY,8,0,8
1958,LINDSAY,24,13,11
1958,LINDA,1416,0,1416
1958,LINA,25,0,25
1958,LORAINE,27,0,27
1958,BERNICE,42,0,42
1958,SEAN,55,55,0
1958,BERNADETTE,100,0,100
1958,GEORGES,7,7,0
1958,GEORGE,587,587,0
1958,GEOFFREY,127,127,0
1958,GENE,18,18,0
1958,GAVIN,8,8,0
1958,GASTON,8,8,0
1958,GARY,892,892,0
1958,GARTH,29,29,0
1958,GARRY,118,118,0
1958,GARNET,22,22,0
1958,GARFIELD,11,11,0
1958,GARETH,5,5,0
1958,GAETANO,6,6,0
1958,GAETAN,17,17,0
1958,GABRIEL,11,11,0
1958,FREDRICK,42,42,0
1958,FREDERIK,6,6,0
1958,GERALD,441,441,0
1958,GERARD,121,121,0
1958,GERARDO,6,6,0
1958,GERARDUS,9,9,0
1958,GRAEME,18,18,0
1958,GORDON,542,542,0
1958,GODFREY,6,6,0
1958,GLENN,314,314,0
1958,GLEN,188,188,0
1958,GIUSEPPE,118,118,0
1958,GIOVANNI,79,79,0
1958,GIORGIO,12,12,0
1958,FREDERICK,236,236,0
1958,GINO,31,31,0
1958,GILES,6,6,0
1958,GILBERT,37,37,0
1958,GIANNI,12,12,0
1958,GIAN,5,5,0
1958,GIACOMO,10,10,0
1958,GERRY,16,16,0
1958,GERRARD,6,6,0
1958,GERHARD,5,5,0
1958,GILLES,57,57,0
1958,GRAHAM,60,60,0
1958,FREDERIC,6,6,0
1958,FRASER,14,14,0
1958,ERNIE,6,6,0
1958,ERNEST,96,96,0
1958,ERIK,9,9,0
1958,ERICH,11,11,0
1958,ERIC,263,263,0
1958,ENZO,19,19,0
1958,ENRICO,12,12,0
1958,EMILIO,10,10,0
1958,EMILE,10,10,0
1958,ELWOOD,8,8,0
1958,ELMER,10,10,0
1958,ELLIOTT,7,7,0
1958,ELIO,14,14,0
1958,ELDON,9,9,0
1958,EGIDIO,6,6,0
1958,EDWIN,78,78,0
1958,EDWARD,602,602,0
1958,ERNST,6,6,0
1958,ERROL,5,5,0
1958,ERWIN,15,15,0
1958,EUGENE,65,65,0
1958,FRANZ,5,5,0
1958,FRANKLYN,6,6,0
1958,FRANKLIN,29,29,0
1958,FRANKIE,5,5,0
1958,FRANK,306,306,0
1958,FRANCOIS,35,35,0
1958,FRANCO,82,82,0
1958,FRANCISCUS,8,8,0
1958,FRED,28,28,0
1958,FRANCESCO,62,62,0
1958,FILIPPO,6,6,0
1958,FERNANDO,9,9,0
1958,FERNAND,11,11,0
1958,FELICE,6,6,0
1958,FABIAN,6,6,0
1958,EVERETT,8,8,0
1958,EVAN,9,9,0
1958,EUGENIO,12,12,0
1958,FLOYD,18,18,0
1958,EDMUND,14,14,0
1958,GRAIG,5,5,0
1958,GREGG,14,14,0
1958,JOE,16,16,0
1958,JIMMY,30,30,0
1958,JIM,10,10,0
1958,JHON,5,5,0
1958,JESSE,7,7,0
1958,JERRY,89,89,0
1958,JEROME,33,33,0
1958,JEREMY,13,13,0
1958,JERALD,8,8,0
1958,JENS,5,5,0
1958,JEFFRY,7,7,0
1958,JEFFREY,656,656,0
1958,JEFFERY,95,95,0
1958,JEFF,7,7,0
1958,JEAN-PIERRE,9,9,0
1958,JEAN-PAUL,6,6,0
1958,JEAN-MARIE,5,5,0
1958,JOEL,56,56,0
1958,JOESPH,8,8,0
1958,JOEY,9,9,0
1958,JOHANNES,38,38,0
1958,JUSTIN,7,7,0
1958,JULIUS,6,6,0
1958,JULIAN,9,9,0
1958,JOSEPH-ROGER,5,5,0
1958,JOSEPH-MICHEL,6,6,0
1958,JOSEPH-DENIS,6,6,0
1958,JOSEPH,3853,3853,0
1958,JOSEF,14,14,0
1958,JEAN-MARC,9,9,0
1958,JOSE,10,10,0
1958,JORDAN,8,8,0
1958,JONATHON,8,8,0
1958,JONATHAN,89,89,0
1958,JON,23,23,0
1958,JOHNY,9,9,0
1958,JOHNNY,42,42,0
1958,JOHNNIE,5,5,0
1958,JOHN,3207,3207,0
1958,JOS,12,12,0
1958,GRANT,124,124,0
1958,JEAN-GUY,9,9,0
1958,JASON,18,18,0
1958,HERBERT,63,63,0
1958,HENRY,175,175,0
1958,HENRICUS,5,5,0
1958,HENRI,12,12,0
1958,HENDRIK,9,9,0
1958,HELMUT,6,6,0
1958,HEINZ,6,6,0
1958,HECTOR,8,8,0
1958,HARVEY,49,49,0
1958,HARRY,109,109,0
1958,HAROLD,191,191,0
1958,HARLEY,11,11,0
1958,HARALD,8,8,0
1958,HANS,20,20,0
1958,HAL,10,10,0
1958,GUY,116,116,0
1958,GREGORY,571,571,0
1958,HERMAN,16,16,0
1958,HOWARD,160,160,0
1958,HUBERT,15,15,0
1958,HUGH,91,91,0
1958,JAMIESON,6,6,0
1958,JAMES,2333,2333,0
1958,JACQUES,46,46,0
1958,JACQUE,10,10,0
1958,JACOBUS,5,5,0
1958,JACOB,38,38,0
1958,JACKIE,11,11,0
1958,JACK,105,105,0
1958,JAY,52,52,0
1958,J,13,13,0
1958,ISAAC,9,9,0
1958,IRWIN,8,8,0
1958,IRA,5,5,0
1958,IMRE,5,5,0
1958,IHOR,5,5,0
1958,IGNAZIO,5,5,0
1958,IAN,312,312,0
1958,IAIN,10,10,0
1958,IVAN,42,42,0
1958,BERNADINE,8,0,8
1958,EDMOND,21,21,0
1958,EDDY,17,17,0
1958,BLAIR,47,47,0
1958,BLAINE,28,28,0
1958,BILLY,11,11,0
1958,BILL,11,11,0
1958,BERTRAM,7,7,0
1958,BERT,11,11,0
1958,BERNHARD,21,21,0
1958,BERND,6,6,0
1958,BERNARD,135,135,0
1958,BENOIT,10,10,0
1958,BENJAMIN,44,44,0
1958,BENEDICT,5,5,0
1958,BELA,5,5,0
1958,BASIL,8,8,0
1958,BARTON,10,10,0
1958,BARRY,401,401,0
1958,BARRIE,9,9,0
1958,BLAKE,35,35,0
1958,BOBBY,22,22,0
1958,BOHDAN,11,11,0
1958,BORIS,8,8,0
1958,BRYON,20,20,0
1958,BRYCE,5,5,0
1958,BRYAN,140,140,0
1958,BRUNO,53,53,0
1958,BRUCE,581,581,0
1958,BROCK,7,7,0
1958,BRIEN,5,5,0
1958,BRIAN,1652,1652,0
1958,AUSTIN,7,7,0
1958,BRETT,80,80,0
1958,BRENT,108,108,0
1958,BRENDAN,10,10,0
1958,BRANT,7,7,0
1958,BRADLY,9,9,0
1958,BRADLEY,331,331,0
1958,BRADFORD,12,12,0
1958,BRAD,17,17,0
1958,BOYD,8,8,0
1958,BRET,5,5,0
1958,BYRON,26,26,0
1958,AURELE,7,7,0
1958,ARNOLD,52,52,0
1958,ALFREDO,6,6,0
1958,ALFRED,79,79,0
1958,ALEXANDER,175,175,0
1958,ALEX,13,13,0
1958,ALESSANDRO,5,5,0
1958,ALEC,14,14,0
1958,ALDO,17,17,0
1958,ALBERTO,13,13,0
1958,ALBERT,147,147,0
1958,ALASTAIR,9,9,0
1958,ALAN,370,370,0
1958,ALAIN,21,21,0
1958,ADRIANUS,6,6,0
1958,ADRIANO,8,8,0
1958,ADRIAN,51,51,0
1958,ADAM,10,10,0
1958,AARON,16,16,0
1958,ALISTAIR,7,7,0
1958,ALLAN,301,301,0
1958,ALLEN,108,108,0
1958,ALVIN,39,39,0
1958,ARMANDO,6,6,0
1958,ARMAND,6,6,0
1958,ARDEN,5,5,0
1958,ARCHIE,8,8,0
1958,ANTONY,13,13,0
1958,ANTONIUS,12,12,0
1958,ANTONIO,127,127,0
1958,ANTONINO,15,15,0
1958,ARTHUR,158,158,0
1958,ANTON,9,9,0
1958,ANGUS,22,22,0
1958,ANGELO,51,51,0
1958,ANDY,11,11,0
1958,ANDREW,394,394,0
1958,ANDREAS,18,18,0
1958,ANDRÉ,7,7,0
1958,ANDRE,102,102,0
1958,AMBROSE,5,5,0
1958,ANTHONY,320,320,0
1958,EDGAR,21,21,0
1958,CALOGERO,5,5,0
1958,CAMERON,100,100,0
1958,DENNIS,344,344,0
1958,DENIS,155,155,0
1958,DELBERT,10,10,0
1958,DEAN,126,126,0
1958,DAVID-JOHN,8,8,0
1958,DAVID,3437,3437,0
1958,DARWIN,10,10,0
1958,DARRYL,40,40,0
1958,DARREN,7,7,0
1958,DARRELL,116,116,0
1958,DARREL,15,15,0
1958,DARIO,9,9,0
1958,DANNY,167,167,0
1958,DANNIE,5,5,0
1958,DANILO,5,5,0
1958,DANIEL,1214,1214,0
1958,DANIAL,19,19,0
1958,DEREK,92,92,0
1958,DERRICK,49,49,0
1958,DESMOND,9,9,0
1958,DIEGO,6,6,0
1958,EDDIE,12,12,0
1958,EARL,80,80,0
1958,DWIGHT,34,34,0
1958,DWAYNE,27,27,0
1958,DUNCAN,29,29,0
1958,DUANE,21,21,0
1958,DREW,17,17,0
1958,DOUGLAS,1137,1137,0
1958,DANE,6,6,0
1958,DONNIE,5,5,0
1958,DONALD,1132,1132,0
1958,DON,13,13,0
1958,DOMINIC,13,13,0
1958,DOMENICO,57,57,0
1958,DOMENIC,11,11,0
1958,DIRK,10,10,0
1958,DINO,29,29,0
1958,DIETER,5,5,0
1958,DONATO,15,15,0
1958,CALVIN,49,49,0
1958,DAN,21,21,0
1958,CYRIL,13,13,0
1958,CLARENCE,59,59,0
1958,CHRISTOPHER,675,675,0
1958,CHRISTIAN,18,18,0
1958,CHRIS,21,21,0
1958,CHESTER,13,13,0
1958,CHARLIE,7,7,0
1958,CHARLES,515,515,0
1958,CECIL,21,21,0
1958,CASEY,6,6,0
1958,CARSON,9,9,0
1958,CARMINE,14,14,0
1958,CARMELO,12,12,0
1958,CARMAN,5,5,0
1958,CARLO,41,41,0
1958,CARL,151,151,0
1958,CAMPBELL,7,7,0
1958,CAMILLO,5,5,0
1958,CLARK,14,14,0
1958,CLARKE,5,5,0
1958,CLAUDE,77,77,0
1958,CLAUDIO,27,27,0
1958,CURTIS,31,31,0
1958,CRISTOPHER,6,6,0
1958,CRAIG,166,166,0
1958,COSIMO,5,5,0
1958,CORY,6,6,0
1958,CORRADO,7,7,0
1958,CORNELIUS,25,25,0
1958,CORNELIS,6,6,0
1958,DALTON,7,7,0
1958,COREY,6,6,0
1958,COLIN,123,123,0
1958,CLYDE,10,10,0
1958,CLIVE,8,8,0
1958,CLINTON,20,20,0
1958,CLIFTON,6,6,0
1958,CLIFFORD,98,98,0
1958,CLEMENT,5,5,0
1958,CLAYTON,49,49,0
1958,CONRAD,22,22,0
1958,KARL,76,76,0
1958,KARI,6,6,0
1958,KELVIN,21,21,0
1958,TERANCE,6,6,0
1958,TEDDY,13,13,0
1958,TED,21,21,0
1958,TARAS,5,5,0
1958,TADEUSZ,6,6,0
1958,SYLVAIN,7,7,0
1958,STUART,87,87,0
1958,STEWART,61,61,0
1958,STEVEN,865,865,0
1958,STEVE,49,49,0
1958,STERLING,5,5,0
1958,STEPHEN,1292,1292,0
1958,STEPHAN,28,28,0
1958,STEFANO,7,7,0
1958,STEFAN,20,20,0
1958,STANLEY,125,125,0
1958,STANISLAW,5,5,0
1958,TERENCE,82,82,0
1958,TERRANCE,162,162,0
1958,TERRENCE,112,112,0
1958,THEODORE,75,75,0
1958,VERN,6,6,0
1958,VAUGHN,16,16,0
1958,VANCE,5,5,0
1958,UNNAMED,9,9,0
1958,TYRONE,5,5,0
1958,TREVOR,38,38,0
1958,TRENT,7,7,0
1958,TONY,43,43,0
1958,STACY,5,5,0
1958,TONINO,11,11,0
1958,TOM,11,11,0
1958,TODD,61,61,0
1958,TIMOTHY,867,867,0
1958,TIMMY,10,10,0
1958,TIM,6,6,0
1958,TIBOR,6,6,0
1958,THOMAS,1143,1143,0
1958,THEODORUS,7,7,0
1958,TOMMY,22,22,0
1958,VERNON,36,36,0
1958,SPENCER,6,6,0
1958,SILVIO,8,8,0
1958,RUDOLPH,7,7,0
1958,RUDOLF,8,8,0
1958,ROYCE,6,6,0
1958,ROYAL,6,6,0
1958,ROY,157,157,0
1958,ROSS,114,114,0
1958,ROSARIO,6,6,0
1958,RORY,24,24,0
1958,RONNY,9,9,0
1958,RONNIE,29,29,0
1958,RONALD,1205,1205,0
1958,ROMEO,12,12,0
1958,ROMAN,23,23,0
1958,ROLLAND,11,11,0
1958,ROLF,11,11,0
1958,ROLAND,43,43,0
1958,ROGER,264,264,0
1958,RUDY,11,11,0
1958,RUSSEL,16,16,0
1958,RUSSELL,154,154,0
1958,RYAN,6,6,0
1958,SILVANO,9,9,0
1958,SIDNEY,31,31,0
1958,SHELDON,22,22,0
1958,SHAYNE,8,8,0
1958,SHAUN,21,21,0
1958,SHANE,49,49,0
1958,SERGIO,12,12,0
1958,SERGE,15,15,0
1958,SIMON,22,22,0
1958,SEBASTIANO,11,11,0
1958,SCOT,10,10,0
1958,SAVERIO,10,10,0
1958,SANTO,6,6,0
1958,SANDY,13,13,0
1958,SANDRO,6,6,0
1958,SAMUEL,67,67,0
1958,SAM,8,8,0
1958,SALVATORE,59,59,0
1958,SCOTT,397,397,0
1958,KEITH,273,273,0
1958,VICTOR,109,109,0
1958,VINCENZO,52,52,0
1958,ANNE,466,0,466
1958,ANNAMARIE,8,0,8
1958,ANNAMARIA,10,0,10
1958,ANNA-MARIE,8,0,8
1958,ANNA-MARIA,12,0,12
1958,ANNA,302,0,302
1958,ANN-MARIE,7,0,7
1958,ANN,294,0,294
1958,ANITA,141,0,141
1958,ANGELINA,23,0,23
1958,ANGELIKA,11,0,11
1958,ANGELE,9,0,9
1958,ANGELA,201,0,201
1958,ANDREE,10,0,10
1958,ANDREA,124,9,115
1958,ANASTASIA,9,0,9
1958,AMY,28,0,28
1958,ANNE-MARIE,19,0,19
1958,ANNEMARIE,12,0,12
1958,ANNETTE,77,0,77
1958,ANNIE,26,0,26
1958,BELINDA,23,0,23
1958,BECKY,12,0,12
1958,BEATRICE,24,0,24
1958,BARBRA,15,0,15
1958,BARBARA,1063,0,1063
1958,BABY,752,431,321
1958,BABE,14,8,6
1958,AVRIL,6,0,6
1958,AMANDA,25,0,25
1958,AUDREY,92,0,92
1958,ASSUNTA,10,0,10
1958,ARLENE,116,0,116
1958,APRIL,45,0,45
1958,ANTONINA,9,0,9
1958,ANTONIETTA,29,0,29
1958,ANTONIA,11,0,11
1958,ANTONELLA,9,0,9
1958,ANTOINETTE,12,0,12
1958,ASTRID,6,0,6
1958,VINCENT,97,97,0
1958,ALMA,8,0,8
1958,ALLISON,28,0,28
1958,WILLEM,7,7,0
1958,WILLARD,6,6,0
1958,WILHELMUS,5,5,0
1958,WILFRED,52,52,0
1958,WILBERT,10,10,0
1958,WESLEY,43,43,0
1958,WERNER,10,10,0
1958,WENDELL,11,11,0
1958,WAYNE,646,646,0
1958,WAYDE,8,8,0
1958,WARREN,82,82,0
1958,WARD,13,13,0
1958,WALTER,192,192,0
1958,WALLACE,24,24,0
1958,WADE,31,31,0
1958,VITTORIO,6,6,0
1958,VITO,29,29,0
1958,WILLIAM,2106,2106,0
1958,WILSON,9,9,0
1958,WOLFGANG,6,6,0
1958,WOLODYMYR,7,7,0
1958,ALISON,71,0,71
1958,ALINE,15,0,15
1958,ALIDA,7,0,7
1958,ALICE,102,0,102
1958,ALEXIS,7,0,7
1958,ALEXANDRA,43,0,43
1958,ALANNA,8,0,8
1958,ALANA,8,0,8
1958,ALLYSON,9,0,9
1958,AILEEN,20,0,20
1958,ADRIENNE,15,0,15
1958,ADRIANA,24,0,24
1958,ADELE,16,0,16
1958,ADA,18,0,18
1958,YVON,26,26,0
1958,YVES,15,15,0
1958,YVAN,6,6,0
1958,WYATT,9,9,0
1958,AGNES,43,0,43
1958,RODNEY,131,131,0
1958,RODOLPHE,5,5,0
1958,RODERICK,57,57,0
1958,MARINUS,6,6,0
1958,MARCUS,5,5,0
1958,MARCO,8,8,0
1958,MARCELLO,7,7,0
1958,MARCEL,81,81,0
1958,MARC,128,128,0
1958,MANFRED,12,12,0
1958,MALE,13,13,0
1958,MALCOLM,57,57,0
1958,LYLE,56,56,0
1958,LUKE,9,9,0
1958,LUIS,5,5,0
1958,LUIGI,43,43,0
1958,LUCIEN,16,16,0
1958,LUCIANO,23,23,0
1958,LUC,38,38,0
1958,LOWELL,5,5,0
1958,MARIO,78,78,0
1958,MARK,1240,1240,0
1958,MARKO,5,5,0
1958,MARSHALL,15,15,0
1958,MICHEAL,155,155,0
1958,MICHAL,5,5,0
1958,MICHAEL-ANTHONY,5,5,0
1958,MICHAEL,2817,2817,0
1958,MERVYN,7,7,0
1958,MERVIN,12,12,0
1958,MERRILL,5,5,0
1958,MELVIN,35,35,0
1958,LOUIS,111,111,0
1958,MELVILLE,9,9,0
1958,MAURIZIO,7,7,0
1958,MAURICE,107,107,0
1958,MATTHEW,125,125,0
1958,MATHEW,17,17,0
1958,MASSIMO,5,5,0
1958,MARVIN,35,35,0
1958,MARTY,13,13,0
1958,MARTIN,260,260,0
1958,MAXWELL,7,7,0
1958,RODGER,25,25,0
1958,LOUIE,5,5,0
1958,LORIS,7,7,0
1958,LASZLO,7,7,0
1958,LARRY,445,445,0
1958,LANCE,33,33,0
1958,LAIRD,5,5,0
1958,KYLE,8,8,0
1958,KURT,18,18,0
1958,KLAUS,6,6,0
1958,KIRK,64,64,0
1958,KIRBY,12,12,0
1958,KIETH,5,5,0
1958,KEVIN,964,964,0
1958,KEVEN,5,5,0
1958,KEVAN,5,5,0
1958,KENT,21,21,0
1958,KENNY,6,6,0
1958,KENNTH,12,12,0
1958,KENNETH,992,992,0
1958,LAURENCE,29,29,0
1958,LAURENT,8,8,0
1958,LAVERN,5,5,0
1958,LAVERNE,8,8,0
1958,LORETO,5,5,0
1958,LORENZO,11,11,0
1958,LONNIE,12,12,0
1958,LLOYD,94,94,0
1958,LIONEL,13,13,0
1958,LINO,8,8,0
1958,LEWIS,14,14,0
1958,LEVI,7,7,0
1958,LORNE,88,88,0
1958,LESTER,16,16,0
1958,LEONARDO,13,13,0
1958,LEONARD,196,196,0
1958,LEON,22,22,0
1958,LEO,64,64,0
1958,LENNARD,9,9,0
1958,LENARD,17,17,0
1958,LELAND,6,6,0
1958,LAWRENCE,348,348,0
1958,LEROY,6,6,0
1958,MICKEL,5,5,0
1958,MICHEL,162,162,0
1958,MILAN,6,6,0
1958,REJEAN,9,9,0
1958,REGINALD,72,72,0
1958,REAL,7,7,0
1958,RAYMOND,451,451,0
1958,RAY,25,25,0
1958,RANDY,332,332,0
1958,RANDOLPH,120,120,0
1958,RANDOLF,6,6,0
1958,RANDELL,6,6,0
1958,RANDALL,283,283,0
1958,RANDAL,30,30,0
1958,RALPH,191,191,0
1958,RAINER,9,9,0
1958,RAFFAELE,12,12,0
1958,PIETRO,29,29,0
1958,PIETER,7,7,0
1958,PIERRE,84,84,0
1958,REMO,6,6,0
1958,RENALD,5,5,0
1958,RENATO,10,10,0
1958,RENE,49,49,0
1958,ROCKY,16,16,0
1958,ROCH,12,12,0
1958,ROCCO,19,19,0
1958,ROBERTO,39,39,0
1958,ROBERT-JOHN,5,5,0
1958,ROBERT,3232,3232,0
1958,ROBBIE,11,11,0
1958,RITCHIE,12,12,0
1958,MIKE,18,18,0
1958,RICKY,171,171,0
1958,RICKEY,35,35,0
1958,RICK,12,12,0
1958,RICHARD-JOHN,8,8,0
1958,RICHARD,2035,2035,0
1958,RICCARDO,6,6,0
1958,RHEAL,9,9,0
1958,REX,8,8,0
1958,RENZO,5,5,0
1958,RICKIE,7,7,0
1958,PHILIPPE,12,12,0
1958,PHILLIP,51,51,0
1958,PETRUS,7,7,0
1958,NICKOLAS,10,10,0
1958,NICK,20,20,0
1958,NICHOLAS,90,90,0
1958,NELSON,25,25,0
1958,NEIL,179,179,0
1958,NEAL,8,8,0
1958,NATHAN,15,15,0
1958,MYRON,14,14,0
1958,PHILIP,284,284,0
1958,MYLES,12,12,0
1958,MORRIS,25,25,0
1958,MORLEY,8,8,0
1958,MORGAN,7,7,0
1958,MONTGOMERY,9,9,0
1958,MITCHELL,63,63,0
1958,MITCHEL,5,5,0
1958,MILTON,15,15,0
1958,MILES,23,23,0
1958,MURRAY,216,216,0
1958,NINO,5,5,0
1958,NIGEL,10,10,0
1958,NORBERT,6,6,0
1958,PETER-JOHN,5,5,0
1958,PETER,1319,1319,0
1958,PERRY,160,160,0
1958,PERCY,11,11,0
1958,PAUL,1718,1718,0
1958,PATRICK,433,433,0
1958,PATRIC,5,5,0
1958,NOEL,18,18,0
1958,PASQUALE,34,34,0
1958,PASQUALINO,5,5,0
1958,OWEN,17,17,0
1958,OTTO,5,5,0
1958,OSCAR,7,7,0
1958,ORVILLE,9,9,0
1958,ORVAL,6,6,0
1958,OLIVER,10,10,0
1958,NORMAND,29,29,0
1958,NORMAN,262,262,0
1958,PAOLO,23,23,0
1959,ADRIANA,20,0,20
1959,ADA,11,0,11
1959,ADELE,26,0,26
1959,ADRIENNE,24,0,24
1959,ADELINA,6,0,6
1959,DWIGHT,34,34,0
1959,ELI,8,8,0
1959,ELDON,13,13,0
1959,EDWIN,64,64,0
1959,EDWARD,608,608,0
1959,EDUARDO,5,5,0
1959,EDMUND,23,23,0
1959,EDMOND,23,23,0
1959,EDGAR,22,22,0
1959,ELIO,11,11,0
1959,EDDY,18,18,0
1959,EARL,60,60,0
1959,AARON,14,14,0
1959,ABRAHAM,7,7,0
1959,ADAM,15,15,0
1959,ADRIAN,38,38,0
1959,ADRIANO,8,8,0
1959,ADRIANUS,7,7,0
1959,AGOSTINO,6,6,0
1959,EDDIE,9,9,0
1959,ALAIN,36,36,0
1959,ELLIOTT,5,5,0
1959,ELWOOD,6,6,0
1959,EZIO,5,5,0
1959,EVERETT,7,7,0
1959,EVAN,26,26,0
1959,EUGENIO,11,11,0
1959,EUGENE,68,68,0
1959,ERWIN,16,16,0
1959,ERROL,5,5,0
1959,ERNST,5,5,0
1959,ELMER,8,8,0
1959,ERNESTO,9,9,0
1959,ERIK,12,12,0
1959,ERICH,10,10,0
1959,ERIC,268,268,0
1959,ENZO,18,18,0
1959,ENRICO,14,14,0
1959,ENIO,5,5,0
1959,EMILIO,12,12,0
1959,EMIL,8,8,0
1959,ERNEST,95,95,0
1959,ALAN,395,395,0
1959,ALASTAIR,7,7,0
1959,ALBERT,157,157,0
1959,ANTONIO,171,171,0
1959,ANTONY,16,16,0
1959,ARCHIBALD,5,5,0
1959,ARMAND,11,11,0
1959,ARMANDO,5,5,0
1959,ARNOLD,43,43,0
1959,ARTHUR,154,154,0
1959,ASHLEY,5,5,0
1959,ANTONINO,22,22,0
1959,ATTILA,8,8,0
1959,AUGUSTUS,5,5,0
1959,BABE,6,6,0
1959,BABY-BOY,6,6,0
1959,BARNEY,5,5,0
1959,BARRIE,7,7,0
1959,BARRY,390,390,0
1959,BART,11,11,0
1959,BARTON,19,19,0
1959,ATTILIO,7,7,0
1959,ANTON,7,7,0
1959,ANTHONY,348,348,0
1959,ANGUS,8,8,0
1959,ALBERTO,13,13,0
1959,ALDO,15,15,0
1959,ALEC,14,14,0
1959,ALESSANDRO,10,10,0
1959,ALEX,16,16,0
1959,ALEXANDER,150,150,0
1959,ALFONSO,8,8,0
1959,ALFRED,62,62,0
1959,ALFREDO,9,9,0
1959,ALISTAIR,8,8,0
1959,ALLAN,303,303,0
1959,ALLEN,105,105,0
1959,ALPHONSE,5,5,0
1959,ALVIN,32,32,0
1959,ANDRE,91,91,0
1959,ANDREAS,16,16,0
1959,ANDREW,387,387,0
1959,ANDY,14,14,0
1959,ANGELO,53,53,0
1959,FELICE,6,6,0
1959,FELIX,5,5,0
1959,FERNAND,11,11,0
1959,FERNANDO,12,12,0
1959,HAL,11,11,0
1959,GUY,130,130,0
1959,GUS,9,9,0
1959,GUNTER,6,6,0
1959,GREGORY,612,612,0
1959,GREGG,16,16,0
1959,GREG,7,7,0
1959,GRANT,127,127,0
1959,HANS,13,13,0
1959,GRAHAM,71,71,0
1959,GORDEN,6,6,0
1959,GLENN,285,285,0
1959,GLEN,202,202,0
1959,GIUSEPPE,134,134,0
1959,GIULIANO,5,5,0
1959,GIOVANNI,86,86,0
1959,GIORGIO,23,23,0
1959,GINO,25,25,0
1959,GORDON,553,553,0
1959,HARALD,11,11,0
1959,HARLEY,9,9,0
1959,HAROLD,177,177,0
1959,YVON,31,31,0
1959,ZOLTAN,10,10,0
1959,HUGH,86,86,0
1959,HUBERT,17,17,0
1959,HOWARD,138,138,0
1959,HORST,5,5,0
1959,HERMAN,24,24,0
1959,HERBERT,58,58,0
1959,HENRY,171,171,0
1959,HENRICUS,7,7,0
1959,HENRI,7,7,0
1959,HENDRIKUS,5,5,0
1959,HENDRIK,15,15,0
1959,HELMUT,7,7,0
1959,HEINZ,5,5,0
1959,HECTOR,8,8,0
1959,HARVEY,48,48,0
1959,HARTLEY,6,6,0
1959,HARRY,140,140,0
1959,GILLES,52,52,0
1959,BASIL,6,6,0
1959,GILLE,6,6,0
1959,GIANNI,23,23,0
1959,GAETAN,22,22,0
1959,GABRIEL,17,17,0
1959,FREEMAN,5,5,0
1959,FREDRICK,55,55,0
1959,FREDERICK,210,210,0
1959,FREDERIC,8,8,0
1959,FREDDY,6,6,0
1959,FRED,26,26,0
1959,GAETANO,15,15,0
1959,FRASER,16,16,0
1959,FRANKLIN,30,30,0
1959,FRANKIE,7,7,0
1959,FRANK,333,333,0
1959,FRANCOIS,22,22,0
1959,FRANCO,94,94,0
1959,FRANCESCO,72,72,0
1959,FLOYD,23,23,0
1959,FILIPPO,13,13,0
1959,FRANKLYN,6,6,0
1959,GARFIELD,11,11,0
1959,GARNET,27,27,0
1959,GARRY,127,127,0
1959,GIANFRANCO,5,5,0
1959,GIACOMO,7,7,0
1959,GHISLAIN,8,8,0
1959,GERRY,11,11,0
1959,GERRIT,5,5,0
1959,GERMAIN,5,5,0
1959,GERHARD,15,15,0
1959,GERARDUS,10,10,0
1959,GERARDO,10,10,0
1959,GERARD,106,106,0
1959,GERALD,440,440,0
1959,GEORGES,5,5,0
1959,GEORGE,568,568,0
1959,GEOFFREY,111,111,0
1959,GENE,15,15,0
1959,GAVIN,14,14,0
1959,GASTON,9,9,0
1959,GARY,905,905,0
1959,GARTH,26,26,0
1959,GILBERT,43,43,0
1959,BENEDETTO,6,6,0
1959,BENEDICT,5,5,0
1959,BENJAMIN,37,37,0
1959,DUNCAN,48,48,0
1959,YVONNE,136,0,136
1959,YVETTE,16,0,16
1959,YOLANDA,13,0,13
1959,WINNIFRED,17,0,17
1959,WILMA,39,0,39
1959,WILHELMINA,12,0,12
1959,WENDY,707,0,707
1959,DUANE,40,40,0
1959,WANITA,7,0,7
1959,VIVIEN,6,0,6
1959,VIVIAN,54,0,54
1959,VITTORIA,10,0,10
1959,VIRGINIA,91,0,91
1959,VIOLET,19,0,19
1959,VIOLA,7,0,7
1959,VINCENZA,11,0,11
1959,VIDA,6,0,6
1959,WANDA,135,0,135
1959,DREW,28,28,0
1959,DOUGLAS,1074,1074,0
1959,DONATO,22,22,0
1959,DAVIDE,8,8,0
1959,DAVID-JOHN,7,7,0
1959,DAVID-PAUL,5,5,0
1959,DEAN,162,162,0
1959,DELBERT,12,12,0
1959,DENIS,150,150,0
1959,DENNIS,395,395,0
1959,DEREK,91,91,0
1959,DERRICK,43,43,0
1959,DESMOND,12,12,0
1959,DIEGO,5,5,0
1959,DIMITRIOS,5,5,0
1959,DINO,40,40,0
1959,DIRK,19,19,0
1959,DOMENIC,16,16,0
1959,DOMENICO,91,91,0
1959,DOMINIC,11,11,0
1959,DON,7,7,0
1959,DONALD,1202,1202,0
1959,VICTORIA,192,0,192
1959,DAVID,3651,3651,0
1959,VICKY,34,0,34
1959,VICKI,70,0,70
1959,TERI,8,0,8
1959,TERESINA,7,0,7
1959,TERESA,362,0,362
1959,TENA,7,0,7
1959,TEENA,10,0,10
1959,TARA,17,0,17
1959,TANYA,8,0,8
1959,TANIA,11,0,11
1959,TERRI,96,0,96
1959,TAMRA,12,0,12
1959,TAMMIE,24,0,24
1959,TAMMI,6,0,6
1959,TAMI,41,0,41
1959,TAMERA,6,0,6
1959,TAMARA,51,0,51
1959,TAMAR,7,0,7
1959,SYLVIE,31,0,31
1959,SYLVIA,154,0,154
1959,TAMMY,199,0,199
1959,TERRI-LYNN,7,0,7
1959,TERRIE,9,0,9
1959,TERRY,538,427,111
1959,VERONICA,35,0,35
1959,VERNA,19,0,19
1959,VERA,37,0,37
1959,VELMA,12,0,12
1959,VANESSA,15,0,15
1959,VANDA,13,0,13
1959,VALERIE,310,0,310
1959,VALARIE,13,0,13
1959,UTE,6,0,6
1959,URSULA,11,0,11
1959,TRUDY,41,0,41
1959,TRACY,206,9,197
1959,TRACEY,73,7,66
1959,TONI,33,5,28
1959,TOBY,12,0,12
1959,TINA,93,0,93
1959,THERESE,61,0,61
1959,THERESA,247,0,247
1959,THELMA,19,0,19
1959,VICKIE,23,0,23
1959,YVES,12,12,0
1959,DARYL,47,47,0
1959,DARRYL,36,36,0
1959,BRETT,71,71,0
1959,BRIAN,1601,1601,0
1959,BROCK,7,7,0
1959,BRUCE,578,578,0
1959,BRUNO,55,55,0
1959,BRYAN,120,120,0
1959,BRYCE,6,6,0
1959,BRYON,16,16,0
1959,BRET,7,7,0
1959,BURTON,5,5,0
1959,BYRON,19,19,0
1959,CALOGERO,5,5,0
1959,CALVIN,74,74,0
1959,CAMERON,75,75,0
1959,CAREY,19,19,0
1959,CARL,150,150,0
1959,CARLO,35,35,0
1959,CARLTON,5,5,0
1959,DWAYNE,49,49,0
1959,BRENT,111,111,0
1959,BRENDAN,17,17,0
1959,BRADY,5,5,0
1959,BENNY,9,9,0
1959,BERNARD,133,133,0
1959,BERNHARD,11,11,0
1959,BERT,11,11,0
1959,BIAGIO,6,6,0
1959,BILL,13,13,0
1959,BILLY,6,6,0
1959,BLAINE,27,27,0
1959,BLAIR,69,69,0
1959,BLAKE,27,27,0
1959,BOBBY,8,8,0
1959,BOHDAN,12,12,0
1959,BORIS,7,7,0
1959,BOY,11,11,0
1959,BOYD,13,13,0
1959,BRAD,11,11,0
1959,BRADFORD,9,9,0
1959,BRADLEY,365,365,0
1959,BRADLY,5,5,0
1959,CARMAN,8,8,0
1959,DARWIN,6,6,0
1959,CARMELO,17,17,0
1959,CARSON,7,7,0
1959,CORRADO,9,9,0
1959,CORY,7,7,0
1959,COSIMO,10,10,0
1959,CRAIG,226,226,0
1959,CURTIS,33,33,0
1959,CYRIL,14,14,0
1959,DALTON,9,9,0
1959,DAN,14,14,0
1959,CORNELIUS,17,17,0
1959,DANE,6,6,0
1959,DANIEL,1236,1236,0
1959,DANIELE,14,14,0
1959,DANILO,5,5,0
1959,DANNY,182,182,0
1959,DARIO,13,13,0
1959,DARREL,10,10,0
1959,DARRELL,128,128,0
1959,DARREN,31,31,0
1959,DANIAL,12,12,0
1959,CORNELIS,6,6,0
1959,COREY,6,6,0
1959,CONRAD,25,25,0
1959,CARY,6,6,0
1959,CECIL,30,30,0
1959,CHARLES,465,465,0
1959,CHESTER,6,6,0
1959,CHRIS,37,37,0
1959,CHRISTIAN,22,22,0
1959,CHRISTOPHER,780,780,0
1959,CLARENCE,49,49,0
1959,CLARK,15,15,0
1959,CLAUDE,88,88,0
1959,CLAUDIO,25,25,0
1959,CLAUS,6,6,0
1959,CLAY,5,5,0
1959,CLAYTON,36,36,0
1959,CLEMENT,7,7,0
1959,CLIFFORD,107,107,0
1959,CLINTON,28,28,0
1959,CLIVE,14,14,0
1959,COLIN,101,101,0
1959,CARMINE,17,17,0
1959,SYDNEY,17,10,7
1959,YVAN,9,9,0
1959,WOLFGANG,7,7,0
1959,LUC,37,37,0
1959,LUCIANO,19,19,0
1959,LUCIEN,13,13,0
1959,LUCIO,5,5,0
1959,LUIGI,53,53,0
1959,LUIGINO,7,7,0
1959,LUKE,11,11,0
1959,LYLE,40,40,0
1959,LOUIS,111,111,0
1959,MALCOLM,45,45,0
1959,MANFRED,14,14,0
1959,MANUEL,6,6,0
1959,MARC,140,140,0
1959,MARCEL,82,82,0
1959,MARCELLO,9,9,0
1959,MARCO,19,19,0
1959,MARCUS,13,13,0
1959,MARINUS,7,7,0
1959,MALE,14,14,0
1959,MARIO,102,102,0
1959,LOUIE,5,5,0
1959,LORIS,6,6,0
1959,LEO,77,77,0
1959,LEON,25,25,0
1959,LEONARD,158,158,0
1959,LEONARDO,16,16,0
1959,LEOPOLD,5,5,0
1959,LEROY,10,10,0
1959,LESTER,12,12,0
1959,LEVI,5,5,0
1959,LORNE,65,65,0
1959,LEWIS,22,22,0
1959,LINO,7,7,0
1959,LIONEL,13,13,0
1959,LIVEBIRTH,7,7,0
1959,LLOYD,89,89,0
1959,LON,5,5,0
1959,LONNIE,9,9,0
1959,LONNY,6,6,0
1959,LORENZO,14,14,0
1959,LINDSAY,10,10,0
1959,MARK,1510,1510,0
1959,MARK-ANTHONY,5,5,0
1959,MARKUS,6,6,0
1959,MILES,12,12,0
1959,MILTON,19,19,0
1959,MITCHEL,11,11,0
1959,MITCHELL,55,55,0
1959,MORGAN,12,12,0
1959,MORRIS,16,16,0
1959,MURRAY,170,170,0
1959,MYLES,15,15,0
1959,MILAN,9,9,0
1959,MYRON,6,6,0
1959,NATHAN,13,13,0
1959,NEAL,14,14,0
1959,NEIL,158,158,0
1959,NELSON,26,26,0
1959,NICHOLAS,76,76,0
1959,NICK,22,22,0
1959,NICKOLAS,10,10,0
1959,NICOLINO,5,5,0
1959,NATALE,5,5,0
1959,MIKE,30,30,0
1959,MICHIEL,5,5,0
1959,MICHELL,5,5,0
1959,MARLON,6,6,0
1959,MARSHALL,12,12,0
1959,MARTIN,260,260,0
1959,MARTY,9,9,0
1959,MARTYN,7,7,0
1959,MARVIN,39,39,0
1959,MATHEW,22,22,0
1959,MATTHEW,115,115,0
1959,MAURICE,90,90,0
1959,MAURIZIO,12,12,0
1959,MAURO,8,8,0
1959,MAX,10,10,0
1959,MELVIN,35,35,0
1959,MERVIN,10,10,0
1959,MICHAEL,2816,2816,0
1959,MICHAEL-ANTHONY,6,6,0
1959,MICHAL,7,7,0
1959,MICHEAL,154,154,0
1959,MICHEL,155,155,0
1959,LENARD,14,14,0
1959,LAWRENCE,316,316,0
1959,LAURENT,8,8,0
1959,LAURENCE,20,20,0
1959,JEREMY,12,12,0
1959,JEROME,37,37,0
1959,JERRY,97,97,0
1959,JESSE,8,8,0
1959,JIM,12,12,0
1959,JIMMIE,10,10,0
1959,JIMMY,33,33,0
1959,JOACHIM,6,6,0
1959,JEFFREY,716,716,0
1959,JOE,21,21,0
1959,JOESPH,7,7,0
1959,JOEY,8,8,0
1959,JOHAN,6,6,0
1959,JOHANN,5,5,0
1959,JOHANNES,30,30,0
1959,JOHANNUS,7,7,0
1959,JOHN,3337,3337,0
1959,JOHN-DAVID,5,5,0
1959,JOEL,87,87,0
1959,JEFFERY,78,78,0
1959,JEFFEREY,5,5,0
1959,JEAN-PIERRE,8,8,0
1959,IRA,5,5,0
1959,IRVIN,8,8,0
1959,IRVING,5,5,0
1959,IRWIN,5,5,0
1959,ITALO,5,5,0
1959,IVAN,44,44,0
1959,J,13,13,0
1959,JACK,89,89,0
1959,JACOB,32,32,0
1959,JACOBUS,5,5,0
1959,JACQUE,7,7,0
1959,JACQUES,45,45,0
1959,JAIME,6,6,0
1959,JAMES,2504,2504,0
1959,JAMIESON,7,7,0
1959,JASON,18,18,0
1959,JAY,61,61,0
1959,JEAN-MARC,7,7,0
1959,JEAN-PAUL,13,13,0
1959,JOHN-JOSEPH,5,5,0
1959,NIGEL,17,17,0
1959,JOHNNIE,6,6,0
1959,JOHN-PAUL,6,6,0
1959,KENETH,5,5,0
1959,KENNETH,914,914,0
1959,KENNITH,5,5,0
1959,KENNTH,16,16,0
1959,KENT,29,29,0
1959,KENTON,6,6,0
1959,KEVAN,5,5,0
1959,KEVIN,987,987,0
1959,KEN,7,7,0
1959,KIRBY,14,14,0
1959,KURT,11,11,0
1959,KYLE,8,8,0
1959,LAIRD,5,5,0
1959,LANCE,43,43,0
1959,LANE,6,6,0
1959,LARRY,384,384,0
1959,LARS,5,5,0
1959,LASZLO,6,6,0
1959,KIRK,69,69,0
1959,KELVIN,23,23,0
1959,KEITH,321,321,0
1959,KARL,78,78,0
1959,JOHN-WILLIAM,6,6,0
1959,JON,21,21,0
1959,JONATHAN,61,61,0
1959,JONATHON,8,8,0
1959,JORDAN,7,7,0
1959,JOS,17,17,0
1959,JOSE,16,16,0
1959,JOSEF,15,15,0
1959,JOSEP,6,6,0
1959,JOSEPH,3811,3811,0
1959,JOSEPH-ANDRE,7,7,0
1959,JOSEPH-DENIS,5,5,0
1959,JOSEPHE,5,5,0
1959,JOSEPH-ROBERT,6,6,0
1959,JOSHUA,6,6,0
1959,JOZEF,7,7,0
1959,JULIAN,12,12,0
1959,JULIUS,9,9,0
1959,JUSTIN,7,7,0
1959,JOHNNY,40,40,0
1959,NINO,12,12,0
1959,NO,5,5,0
1959,NOAH,6,6,0
1959,STEFAN,13,13,0
1959,STEFANO,15,15,0
1959,STEPHAN,26,26,0
1959,STEPHEN,1392,1392,0
1959,STEVE,50,50,0
1959,STEVEN,1033,1033,0
1959,STEWART,66,66,0
1959,STUART,86,86,0
1959,STANLEY,138,138,0
1959,SVEN,5,5,0
1959,TADEUSZ,11,11,0
1959,TARAS,8,8,0
1959,TED,14,14,0
1959,TEDDY,19,19,0
1959,TERENCE,68,68,0
1959,TERRANCE,152,152,0
1959,TERRENCE,111,111,0
1959,THEODOR,5,5,0
1959,SYLVAIN,5,5,0
1959,SPENCER,6,6,0
1959,SIMON,15,15,0
1959,SILVIO,8,8,0
1959,SAMUEL,73,73,0
1959,SANDRO,6,6,0
1959,SANDY,15,15,0
1959,SANFORD,7,7,0
1959,SANTO,10,10,0
1959,SAUL,6,6,0
1959,SAVERIO,10,10,0
1959,SCOT,10,10,0
1959,SCOTT,447,447,0
1959,SEAN,54,54,0
1959,SERGE,27,27,0
1959,SERGIO,30,30,0
1959,SHANE,53,53,0
1959,SHAUN,20,20,0
1959,SHAYNE,11,11,0
1959,SHELDON,24,24,0
1959,SHERMAN,5,5,0
1959,SIDNEY,32,32,0
1959,SIEGFRIED,5,5,0
1959,THEODORE,69,69,0
1959,SAM,10,10,0
1959,THEODORUS,6,6,0
1959,TIM,14,14,0
1959,VITTORIO,6,6,0
1959,WADE,29,29,0
1959,WALLACE,35,35,0
1959,WALTER,243,243,0
1959,WARD,15,15,0
1959,WARREN,95,95,0
1959,WAYDE,10,10,0
1959,WAYNE,610,610,0
1959,VITO,23,23,0
1959,WENDELL,6,6,0
1959,WESLEY,54,54,0
1959,WILBERT,13,13,0
1959,WILFRED,42,42,0
1959,WILFRID,5,5,0
1959,WILHELM,5,5,0
1959,WILLEM,7,7,0
1959,WILLIAM,2102,2102,0
1959,WINSTON,7,7,0
1959,WERNER,10,10,0
1959,VINCENZO,63,63,0
1959,VINCENT,109,109,0
1959,VICTOR,94,94,0
1959,TIMMOTHY,5,5,0
1959,TIMMY,12,12,0
1959,TIMOTHY,975,975,0
1959,TOD,5,5,0
1959,TODD,83,83,0
1959,TOM,11,11,0
1959,TOMMASO,7,7,0
1959,TOMMY,12,12,0
1959,TONINO,8,8,0
1959,TONY,56,56,0
1959,TRENT,8,8,0
1959,TREVOR,33,33,0
1959,TYRONE,6,6,0
1959,UGO,5,5,0
1959,UMBERTO,7,7,0
1959,VALENTINO,5,5,0
1959,VANCE,6,6,0
1959,VAUGHN,7,7,0
1959,VERNON,41,41,0
1959,THOMAS,1119,1119,0
1959,WYATT,7,7,0
1959,SALVATORE,71,71,0
1959,RUSSELL,188,188,0
1959,PIERO,9,9,0
1959,PIERRE,94,94,0
1959,PIETER,6,6,0
1959,PIETRO,30,30,0
1959,RAFFAELE,19,19,0
1959,RAINER,7,7,0
1959,RALF,8,8,0
1959,RALPH,190,190,0
1959,PHILLIP,67,67,0
1959,RANDAL,36,36,0
1959,RANDELL,10,10,0
1959,RANDOLPH,111,111,0
1959,RANDY,328,328,0
1959,RAY,23,23,0
1959,RAYMOND,458,458,0
1959,REAL,8,8,0
1959,REGINALD,69,69,0
1959,REID,10,10,0
1959,RANDALL,312,312,0
1959,PHILIPPE,14,14,0
1959,PHILIP,348,348,0
1959,PETRUS,7,7,0
1959,NOEL,15,15,0
1959,NORBERT,12,12,0
1959,NORMAN,251,251,0
1959,NORMAND,22,22,0
1959,OLIVER,5,5,0
1959,ORLANDO,6,6,0
1959,ORVAL,5,5,0
1959,ORVILLE,5,5,0
1959,OSCAR,14,14,0
1959,OWEN,19,19,0
1959,PAOLO,45,45,0
1959,PASQUALE,33,33,0
1959,PATRIC,10,10,0
1959,PATRICK,420,420,0
1959,PAUL,1676,1676,0
1959,PERCY,8,8,0
1959,PERRY,170,170,0
1959,PETER,1379,1379,0
1959,PETER-JOHN,5,5,0
1959,REJEAN,12,12,0
1959,RYAN,7,7,0
1959,RENATO,10,10,0
1959,RENZO,7,7,0
1959,ROLF,9,9,0
1959,ROLFE,5,5,0
1959,ROLLAND,10,10,0
1959,ROMAN,22,22,0
1959,ROMEO,7,7,0
1959,RONALD,1182,1182,0
1959,RONNIE,20,20,0
1959,RONNY,9,9,0
1959,ROLAND,73,73,0
1959,RORY,23,23,0
1959,ROSARIO,12,12,0
1959,ROSS,120,120,0
1959,ROY,185,185,0
1959,ROYDEN,5,5,0
1959,RUDOLF,7,7,0
1959,RUDOLPH,16,16,0
1959,RUDY,10,10,0
1959,RUSSEL,20,20,0
1959,ROSAIRE,7,7,0
1959,ROGER,279,279,0
1959,RODNEY,116,116,0
1959,RODGER,28,28,0
1959,REX,8,8,0
1959,REYNOLD,6,6,0
1959,RHEAL,6,6,0
1959,RICARDO,9,9,0
1959,RICHARD,1949,1949,0
1959,RICHARD-JOHN,6,6,0
1959,RICHARD-JOSEPH,5,5,0
1959,RICK,12,12,0
1959,RICKEY,23,23,0
1959,RICKIE,5,5,0
1959,RICKY,174,174,0
1959,RITCHIE,7,7,0
1959,ROBBIE,10,10,0
1959,ROBERT,3279,3279,0
1959,ROBERT-JOHN,5,5,0
1959,ROBERTO,49,49,0
1959,ROCCO,29,29,0
1959,ROCKY,8,8,0
1959,RODERICK,56,56,0
1959,RENE,42,42,0
1959,SUZETTE,6,0,6
1959,SUZANNE,292,0,292
1959,SUZANNA,9,0,9
1959,FILOMENA,29,0,29
1959,FERNANDA,6,0,6
1959,FERN,22,0,22
1959,FEMALE,9,0,9
1959,FAYE,29,0,29
1959,FAY,24,0,24
1959,FAITH,21,0,21
1959,EVELYN,108,0,108
1959,FIONA,34,0,34
1959,EVELINE,7,0,7
1959,EVANGELINE,6,0,6
1959,EVA,61,0,61
1959,ETHEL,14,0,14
1959,ESTHER,44,0,44
1959,ESTELLE,12,0,12
1959,ERNA,6,0,6
1959,ERIN,32,0,32
1959,ERIKA,13,0,13
1959,EVE,7,0,7
1959,ERICA,16,0,16
1959,FIORELLA,11,0,11
1959,FLORENCE,28,0,28
1959,GENEVIEVE,11,0,11
1959,GAYLE,59,0,59
1959,GAYE,6,0,6
1959,GAY,9,0,9
1959,GALE,22,0,22
1959,GAIL,288,0,288
1959,GABRIELLE,19,0,19
1959,GABRIELLA,12,0,12
1959,FLORA,10,0,10
1959,GABRIELE,28,7,21
1959,FREDA,14,0,14
1959,FRANCOISE,12,0,12
1959,FRANCIS,147,138,9
1959,FRANCINE,74,0,74
1959,FRANCESCA,20,0,20
1959,FRANCES,149,0,149
1959,FRANCE,6,0,6
1959,FRANCA,32,0,32
1959,GABRIELA,6,0,6
1959,EMMA,10,0,10
1959,EMILY,28,0,28
1959,ELVA,6,0,6
1959,DONNA,1216,0,1216
1959,DONA,6,0,6
1959,DOMENICA,12,0,12
1959,DOLORES,37,0,37
1959,DIXIE,11,0,11
1959,DINAH,8,0,8
1959,DINA,20,0,20
1959,DIANNE,215,0,215
1959,DONNA-LYNN,6,0,6
1959,DIANNA,24,0,24
1959,DIANE,691,0,691
1959,DIANA,306,0,306
1959,DEVON,7,0,7
1959,DENISE,350,0,350
1959,DENICE,7,0,7
1959,DENA,8,0,8
1959,DELORES,9,0,9
1959,DELLA,15,0,15
1959,DIANN,7,0,7
1959,DONNA-MARIE,15,0,15
1959,DORA,21,0,21
1959,DOREEN,72,0,72
1959,ELSIE,11,0,11
1959,ELSA,6,0,6
1959,ELLEN,143,0,143
1959,ELLA,11,0,11
1959,ELIZEBETH,11,0,11
1959,ELIZABETH,835,0,835
1959,ELISE,13,0,13
1959,ELISABETTA,7,0,7
1959,ELISABETH,47,0,47
1959,ELISA,9,0,9
1959,ELINOR,8,0,8
1959,ELENA,19,0,19
1959,ELEANOR,65,0,65
1959,ELAINE,241,0,241
1959,EILEEN,86,0,86
1959,EDNA,28,0,28
1959,EDITH,65,0,65
1959,DOROTHY,174,0,174
1959,DORIS,118,0,118
1959,GEORGETTE,9,0,9
1959,GEORGIA,16,0,16
1959,GEORGINA,44,0,44
1959,GERALDINE,43,0,43
1959,JANICE,584,0,584
1959,JANETTE,27,0,27
1959,JANET,720,0,720
1959,JANE,346,0,346
1959,JANA,7,0,7
1959,JAN,57,37,20
1959,JAMIE,116,74,42
1959,JACQUELYN,10,0,10
1959,JANIE,21,0,21
1959,JACQUELINE,231,0,231
1959,IVY,10,0,10
1959,IVANA,8,0,8
1959,ISABELLA,7,0,7
1959,ISABEL,14,0,14
1959,IRMA,6,0,6
1959,IRIS,14,0,14
1959,IRENE,143,0,143
1959,IRENA,10,0,10
1959,JACKIE,24,15,9
1959,JANINA,6,0,6
1959,JANINE,44,0,44
1959,JANIS,53,0,53
1959,JO,15,0,15
1959,JILLIAN,6,0,6
1959,JILL,138,0,138
1959,JESSIE,12,0,12
1959,JESSICA,11,0,11
1959,JENNY,39,0,39
1959,JENNIFER,292,0,292
1959,JENNIE,20,0,20
1959,JEANNINE,18,0,18
1959,JEANNIE,13,0,13
1959,JEANNETTE,36,0,36
1959,JEANNE,33,0,33
1959,JEANINE,6,0,6
1959,JEANETTE,48,0,48
1959,JEAN,277,140,137
1959,JAYNE,50,0,50
1959,JASMINE,7,0,7
1959,JAQUELINE,7,0,7
1959,JANNETTE,7,0,7
1959,INGRID,80,0,80
1959,DELIA,6,0,6
1959,INFANT,66,36,30
1959,IDA,33,0,33
1959,GRAZIA,11,0,11
1959,GRACE,70,0,70
1959,GLORIA,135,0,135
1959,GLENNA,27,0,27
1959,GLENDA,69,0,69
1959,GLADYS,27,0,27
1959,GIUSEPPINA,52,0,52
1959,GIUSEPPA,6,0,6
1959,GRAZIELLA,12,0,12
1959,GIULIANA,8,0,8
1959,GISELLE,6,0,6
1959,GISELE,29,0,29
1959,GIOVANNA,41,0,41
1959,GINETTE,30,0,30
1959,GINA,67,0,67
1959,GILLIAN,31,0,31
1959,GERTRUDE,26,0,26
1959,GERMAINE,8,0,8
1959,GIULIA,8,0,8
1959,GRETA,9,0,9
1959,GUYLAINE,8,0,8
1959,GWEN,31,0,31
1959,HOPE,8,0,8
1959,HOLLY,60,0,60
1959,HILDA,23,0,23
1959,HILARY,13,0,13
1959,HENRIETTA,21,0,21
1959,HELLEN,7,0,7
1959,HELGA,13,0,13
1959,HELENE,40,0,40
1959,HELENA,18,0,18
1959,HELEN,314,0,314
1959,HEIDY,6,0,6
1959,HEIDI,47,0,47
1959,HEDY,7,0,7
1959,HEATHER-ANN,6,0,6
1959,HEATHER,593,0,593
1959,HAZEL,11,0,11
1959,HARRIET,13,0,13
1959,HANNAH,6,0,6
1959,GWENDOLYN,48,0,48
1959,INA,6,0,6
1959,DEIRDRE,24,0,24
1959,DEBRAH,24,0,24
1959,DEBRA-ANN,8,0,8
1959,BEVERLEY,125,7,118
1959,BEVERLEE,9,0,9
1959,BETTY,176,0,176
1959,BETH,51,0,51
1959,BERTHA,12,0,12
1959,BERNICE,35,0,35
1959,BERNADINE,8,0,8
1959,BERNADETTE,72,0,72
1959,BEVERLY,278,7,271
1959,BENITA,9,0,9
1959,BECKY,13,0,13
1959,BEATRICE,36,0,36
1959,BARBRA,11,0,11
1959,BARBARA-ANN,12,0,12
1959,BARBARA,959,0,959
1959,BABY,718,381,337
1959,AUDREY,82,0,82
1959,ASSUNTA,14,0,14
1959,BELINDA,37,0,37
1959,BONITA,45,0,45
1959,BONNEY,6,0,6
1959,BONNIE,306,0,306
1959,CAROL-ANNE,7,0,7
1959,CAROL-ANN,7,0,7
1959,CAROL,777,0,777
1959,CARMEN,52,9,43
1959,CARMELINA,9,0,9
1959,CARMELA,45,0,45
1959,CARMEL,8,0,8
1959,CARLA,62,0,62
1959,CARIN,6,0,6
1959,CANDY,16,0,16
1959,CANDICE,16,0,16
1959,CANDACE,36,0,36
1959,CAMILLE,8,0,8
1959,BRUNA,10,0,10
1959,BRIGITTE,20,0,20
1959,BRIDGET,17,0,17
1959,BRENDA-LEE,9,0,9
1959,BRENDA,1045,0,1045
1959,BONNY,30,0,30
1959,ARLENE,112,0,112
1959,CAROLANN,6,0,6
1959,APRIL,52,0,52
1959,ANTONIA,20,0,20
1959,AMY,31,0,31
1959,AMELIA,12,0,12
1959,AMANDA,20,0,20
1959,ALYSON,6,0,6
1959,ALMA,13,0,13
1959,ALLISON,33,0,33
1959,ALISON,114,0,114
1959,ALINE,19,0,19
1959,ANASTASIA,6,0,6
1959,ALIDA,6,0,6
1959,ALICE,103,0,103
1959,ALEXIS,7,0,7
1959,ALEXANDRA,27,0,27
1959,ALBERTA,10,0,10
1959,ALANNA,7,0,7
1959,ALANA,7,0,7
1959,AILEEN,19,0,19
1959,AGNES,36,0,36
1959,ALICIA,6,0,6
1959,ANDREA,136,10,126
1959,ANDREE,10,0,10
1959,ANGELA,234,0,234
1959,ANTONELLA,8,0,8
1959,ANTOINETTE,10,0,10
1959,ANNMARIE,8,0,8
1959,ANNIE,35,0,35
1959,ANNETTE,146,0,146
1959,ANNEMARIE,7,0,7
1959,ANNE-MARIE,20,0,20
1959,ANNE,460,0,460
1959,ANNAMARIE,9,0,9
1959,ANNAMARIA,16,0,16
1959,ANNA-MARIE,13,0,13
1959,ANNA-MARIA,12,0,12
1959,ANNA,351,0,351
1959,ANN-MARIE,10,0,10
1959,ANN,267,0,267
1959,ANITA,160,0,160
1959,ANGELINE,10,0,10
1959,ANGELINA,21,0,21
1959,ANGELIKA,16,0,16
1959,ANTONIETTA,35,0,35
1959,JO ANN,20,0,20
1959,CAROLE,118,0,118
1959,CAROLINE,94,0,94
1959,DAISY,7,0,7
1959,DAGMAR,9,0,9
1959,CYNTHIA,718,0,718
1959,CRYSTAL,16,0,16
1959,CRISTINE,10,0,10
1959,CRISTINA,6,0,6
1959,CORRINE,9,0,9
1959,CORNELIA,32,0,32
1959,DALE,381,312,69
1959,CORINNE,54,0,54
1959,CORA,10,0,10
1959,CONSTANCE,109,0,109
1959,CONNIE,91,0,91
1959,CONCETTINA,7,0,7
1959,CONCETTA,30,0,30
1959,COLLETTE,9,0,9
1959,COLLEEN,259,0,259
1959,COLETTE,33,0,33
1959,CORAL,6,0,6
1959,DANA,82,39,43
1959,DANIELA,21,0,21
1959,DANIELLE,33,0,33
1959,DEBRA,793,0,793
1959,DEBORAH-LYNN,6,0,6
1959,DEBORAH-ANN,8,0,8
1959,DEBORAH,1631,0,1631
1959,DEBORA,85,0,85
1959,DEBERA,6,0,6
1959,DEBBY,15,0,15
1959,DEBBRA,13,0,13
1959,DEBBIE,158,0,158
1959,DEANNE,10,0,10
1959,DEANNA,45,0,45
1959,DAWNA,15,0,15
1959,DAWN,206,0,206
1959,DARLENE,448,0,448
1959,DARLA,11,0,11
1959,DARIA,7,0,7
1959,DARCY,46,40,6
1959,DARA,9,0,9
1959,DAPHNE,12,0,12
1959,COLEEN,17,0,17
1959,CAROLINA,6,0,6
1959,CLAUDIA,24,0,24
1959,CLARE,19,10,9
1959,CECELIA,6,0,6
1959,CATHY,185,0,185
1959,CATHRYN,11,0,11
1959,CATHRINE,18,0,18
1959,CATHLEEN,18,0,18
1959,CATHIE,9,0,9
1959,CATHERINE-ANNE,6,0,6
1959,CATHERINE,1342,0,1342
1959,CECILE,23,0,23
1959,CATHARINE,90,0,90
1959,CASSANDRA,6,0,6
1959,CARROL,9,0,9
1959,CARRIE,54,0,54
1959,CARON,10,0,10
1959,CAROLYNNE,8,0,8
1959,CAROLYNN,12,0,12
1959,CAROLYN,256,0,256
1959,CAROLLE,9,0,9
1959,CATERINA,28,0,28
1959,CECILIA,21,0,21
1959,CELESTE,8,0,8
1959,CELIA,14,0,14
1959,CLARA,20,0,20
1959,CLAIRE,49,0,49
1959,CINDY-LOU,7,0,7
1959,CINDY,551,0,551
1959,CHRISTY,6,0,6
1959,CHRISTINE,593,0,593
1959,CHRISTINA,127,0,127
1959,CHRISTIANE,7,0,7
1959,CHRISTA,7,0,7
1959,CHERYLL,7,0,7
1959,CHERYLE,14,0,14
1959,CHERYL-ANNE,8,0,8
1959,CHERYL-ANN,6,0,6
1959,CHERYL,779,0,779
1959,CHERI,13,0,13
1959,CHARMAINE,15,0,15
1959,CHARLOTTE,51,0,51
1959,CHARLENE,124,0,124
1959,CELINE,8,0,8
1959,CLAUDETTE,49,0,49
1959,JO ANNE,27,0,27
1959,JO-ANN,63,0,63
1959,JO-ANNE,101,0,101
1959,OLGA,24,0,24
1959,NOT,22,16,6
1959,NORMA,93,0,93
1959,NORINE,9,0,9
1959,NOREEN,24,0,24
1959,NORAH,8,0,8
1959,NORA,65,0,65
1959,NOLA,8,0,8
1959,OLIVE,6,0,6
1959,NOELLA,6,0,6
1959,NICOLINA,6,0,6
1959,NICOLETTE,8,0,8
1959,NICOLE,100,0,100
1959,NICOLA,56,49,7
1959,NELLY,9,0,9
1959,NATALINA,6,0,6
1959,NATALIE,30,0,30
1959,NAOMI,18,0,18
1959,NINA,19,0,19
1959,PAMELA,462,0,462
1959,PAOLA,31,0,31
1959,PASQUALINA,13,0,13
1959,PIERRETTE,13,0,13
1959,PHYLLIS,72,0,72
1959,PETRONELLA,9,0,9
1959,PETRA,14,0,14
1959,PENNY,158,0,158
1959,PENELOPE,36,0,36
1959,PEGGY,117,0,117
1959,PEARL,20,0,20
1959,PAULINE,151,0,151
1959,PAULETTE,33,0,33
1959,PAULA,160,0,160
1959,PATTY,6,0,6
1959,PATTI,74,0,74
1959,PATSY,34,0,34
1959,PATRIZIA,12,0,12
1959,PATRICIA-ANNE,7,0,7
1959,PATRICIA,1243,0,1243
1959,PATRICE,17,0,17
1959,PATRICA,32,0,32
1959,NANETTE,7,0,7
1959,PINA,11,0,11
1959,NANCY,1132,0,1132
1959,NADIA,25,0,25
1959,MELANIE,75,0,75
1959,MEGAN,27,0,27
1959,MAY,12,0,12
1959,MAXINE,22,0,22
1959,MAVIS,12,0,12
1959,MAUREEN,285,0,285
1959,MARYLOU,7,0,7
1959,MARYANNE,12,0,12
1959,MELINDA,29,0,29
1959,MARYANN,35,0,35
1959,MARY-JO,9,0,9
1959,MARY-JANE,10,0,10
1959,MARY-ELLEN,13,0,13
1959,MARY-ELIZABETH,6,0,6
1959,MARY-ANNE,19,0,19
1959,MARY-ANN,17,0,17
1959,MARY,2364,0,2364
1959,MARTINE,6,0,6
1959,MARY-LOU,7,0,7
1959,MELISSA,26,0,26
1959,MELODIE,14,0,14
1959,MELODY,31,0,31
1959,MYRTLE,6,0,6
1959,MYRNA,22,0,22
1959,MYRA,20,0,20
1959,MURIELLE,6,0,6
1959,MURIEL,22,0,22
1959,MONIQUE,74,0,74
1959,MONIKA,20,0,20
1959,MONICA,116,0,116
1959,MONA,35,0,35
1959,MOLLY,7,0,7
1959,MOIRA,16,0,16
1959,MIRIAM,29,0,29
1959,MIRELLA,18,0,18
1959,MILDRED,15,0,15
1959,MICHELLE,179,0,179
1959,MICHELINE,25,0,25
1959,MICHELINA,10,0,10
1959,MICHELE,252,48,204
1959,MERLE,6,0,6
1959,NADINE,34,0,34
1959,MARTINA,11,0,11
1959,RACHEL,37,0,37
1959,RAMONA,16,0,16
1959,SHIRLEY,316,0,316
1959,SHERYL,41,0,41
1959,SHERRY,215,0,215
1959,SHERRIE,15,0,15
1959,SHERRI,48,0,48
1959,SHERI,20,0,20
1959,SHEREE,6,0,6
1959,SHELLY,66,0,66
1959,SHIRLY,6,0,6
1959,SHELLEY,340,0,340
1959,SHEILA,284,0,284
1959,SHAWN,145,129,16
1959,SHARRON,24,0,24
1959,SHARON,755,0,755
1959,SHARLENE,12,0,12
1959,SHARI,23,0,23
1959,SHANNON,31,0,31
1959,SARAH,57,0,57
1959,SHELAGH,14,0,14
1959,SILVANA,40,0,40
1959,SILVIA,14,0,14
1959,SIMONE,17,0,17
1959,SUZAN,14,0,14
1959,SUSIE,7,0,7
1959,SUSANNE,75,0,75
1959,SUSANNAH,9,0,9
1959,SUSANNA,30,0,30
1959,SUSANA,8,0,8
1959,SUSAN,2046,0,2046
1959,SUE,13,0,13
1959,STEPHANIE,85,0,85
1959,STELLA,30,0,30
1959,STARR,6,0,6
1959,STACY,18,9,9
1959,STACEY,18,0,18
1959,SOPHIE,10,0,10
1959,SOPHIA,15,0,15
1959,SONYA,31,0,31
1959,SONJA,28,0,28
1959,SONIA,34,0,34
1959,SIOBHAN,7,0,7
1959,SARA,32,0,32
1959,RACHELLE,11,0,11
1959,SANDRA-LYNN,6,0,6
1959,SANDRA,1281,0,1281
1959,ROCHELLE,17,0,17
1959,ROBYN,25,0,25
1959,ROBIN,234,86,148
1959,ROBERTA,82,0,82
1959,ROBBIN,20,6,14
1959,RITA,169,0,169
1959,RISA,8,0,8
1959,RINA,7,0,7
1959,RONDA,13,0,13
1959,RHONDA,164,0,164
1959,RETA,10,0,10
1959,RENEE,28,0,28
1959,RENATE,12,0,12
1959,RENATA,11,0,11
1959,RENA,6,0,6
1959,REGINA,21,0,21
1959,REBECCA,87,0,87
1959,RANDI,9,0,9
1959,RHODA,7,0,7
1959,ROSA,62,0,62
1959,ROSALBA,9,0,9
1959,ROSALIA,8,0,8
1959,SALLY,80,0,80
1959,SABRINA,8,0,8
1959,RUTH,269,0,269
1959,RUBY,18,0,18
1959,ROXANNE,47,0,47
1959,ROSLYN,9,0,9
1959,ROSINA,17,0,17
1959,ROSIE,8,0,8
1959,ROSETTA,16,0,16
1959,ROSEMARY,195,0,195
1959,ROSEMARIE,84,0,84
1959,ROSE-MARIE,13,0,13
1959,ROSE,144,0,144
1959,ROSARIA,12,0,12
1959,ROSANNE,47,0,47
1959,ROSANNA,34,0,34
1959,ROSALYN,6,0,6
1959,ROSALIND,10,0,10
1959,ROSALIE,23,0,23
1959,SANDRA-LEE,8,0,8
1959,IAN,325,325,0
1959,MARTHA,112,0,112
1959,MARSHA,38,0,38
1959,LANA,22,0,22
1959,KRYSTYNA,8,0,8
1959,KRISTINE,25,0,25
1959,KRISTINA,14,0,14
1959,KRISTIN,8,0,8
1959,KRISTA,18,0,18
1959,KIMBERLY,401,10,391
1959,KIMBERLEY,298,7,291
1959,LAURA,469,0,469
1959,KIMBERLEE,9,0,9
1959,KERRY,155,97,58
1959,KERRI,14,0,14
1959,KENDRA,6,0,6
1959,KELLY,402,71,331
1959,KELLIE,12,0,12
1959,KELLEY,18,0,18
1959,KAY,7,0,7
1959,KATRINA,8,0,8
1959,KIM,363,49,314
1959,LAURA-ANN,7,0,7
1959,LAUREEN,9,0,9
1959,LAUREL,87,0,87
1959,LESLIE,379,137,242
1959,LESLEY,62,0,62
1959,LESLEE,10,0,10
1959,LEONA,30,0,30
1959,LENORE,12,0,12
1959,LENA,22,0,22
1959,LEILA,14,0,14
1959,LEIGH,19,5,14
1959,LEE-ANN,10,0,10
1959,LEE,107,42,65
1959,LEANNE,30,0,30
1959,LEAH,30,0,30
1959,LEA,10,0,10
1959,LAURIE,506,15,491
1959,LAURI,8,0,8
1959,LAURETTE,10,0,10
1959,LAURETTA,10,0,10
1959,LAURENE,9,0,9
1959,LAUREN,30,0,30
1959,KATHYRN,7,0,7
1959,LIANE,17,0,17
1959,KATHY,173,0,173
1959,KATHRINE,16,0,16
1959,JUDITH,473,0,473
1959,JUDI,8,0,8
1959,JUANITA,21,0,21
1959,JOYCE,138,0,138
1959,JOY,61,0,61
1959,JOSEPHINE,59,0,59
1959,JONI,9,0,9
1959,JOHANNE,26,0,26
1959,JUDY,235,0,235
1959,JOHANNA,32,0,32
1959,JODI,24,0,24
1959,JOCELYNE,16,0,16
1959,JOCELYN,38,0,38
1959,JOANNE,671,0,671
1959,JOANNA,25,0,25
1959,JOANN,45,0,45
1959,JOANE,6,0,6
1959,JOAN,295,0,295
1959,JODY,57,15,42
1959,JULIA,156,0,156
1959,JULIANA,9,0,9
1959,JULIANNA,6,0,6
1959,KATHLEEN,548,0,548
1959,KATHIE,8,0,8
1959,KATHERINE,517,0,517
1959,KATHERIN,6,0,6
1959,KATHARINE,57,0,57
1959,KATHARINA,8,0,8
1959,KATHALEEN,7,0,7
1959,KATE,6,0,6
1959,KARON,6,0,6
1959,KARLA,6,0,6
1959,KARIN,50,0,50
1959,KARI,12,6,6
1959,KAREN-ANN,7,0,7
1959,KAREN,1599,0,1599
1959,JUNE,54,0,54
1959,JULIETTE,19,0,19
1959,JULIET,10,0,10
1959,JULIE,294,0,294
1959,JULIANNE,8,0,8
1959,KATHRYN,417,0,417
1959,MARTA,8,0,8
1959,LIDIA,15,0,15
1959,LILIANA,17,0,17
1959,MARIA,495,0,495
1959,MARI,14,0,14
1959,MARGUERITE,22,0,22
1959,MARGRET,13,0,13
1959,MARGOT,29,0,29
1959,MARGO,26,0,26
1959,MARGHERITA,8,0,8
1959,MARGARET,765,0,765
1959,MARIAN,56,0,56
1959,MARCIA,43,0,43
1959,MARA,24,0,24
1959,MADELINE,11,0,11
1959,MADELEINE,15,0,15
1959,MADELAINE,7,0,7
1959,MABEL,7,0,7
1959,LYSE,6,0,6
1959,LYNNE,106,0,106
1959,LYNN,404,12,392
1959,MARCELLA,8,0,8
1959,MARIANN,7,0,7
1959,MARIANNA,10,0,10
1959,MARIANNE,91,0,91
1959,MARNIE,7,0,7
1959,MARLENE,154,0,154
1959,MARLA,24,0,24
1959,MARJORIE,81,0,81
1959,MARITA,7,0,7
1959,MARISA,33,0,33
1959,MARION,125,0,125
1959,MARINA,24,0,24
1959,MARILYN,296,0,296
1959,MARILENA,7,0,7
1959,MARILEE,7,0,7
1959,MARIJA,6,0,6
1959,MARIETTE,6,0,6
1959,MARIETTA,11,0,11
1959,MARIE-LOUISE,8,0,8
1959,MARIE-DENISE,6,0,6
1959,MARIE-CLAIRE,7,0,7
1959,MARIE-ANNE,6,0,6
1959,MARIE,2913,5,2908
1959,LYNE,12,0,12
1959,LILIAN,8,0,8
1959,LYNDA,230,0,230
1959,LYDIA,38,0,38
1959,LORETA,6,0,6
1959,LORENE,7,0,7
1959,LORELEI,13,0,13
1959,LOREEN,10,0,10
1959,LOREDANA,7,0,7
1959,LORAINE,17,0,17
1959,LORA,13,0,13
1959,LOIS,98,0,98
1959,LORETTA,94,0,94
1959,LISETTE,6,0,6
1959,LISA,285,0,285
1959,LINE,10,0,10
1959,LINDA,1495,0,1495
1959,LINA,31,0,31
1959,LILY,12,0,12
1959,LILLIANA,6,0,6
1959,LILLIAN,52,0,52
1959,LILIANE,9,0,9
1959,LISE,103,0,103
1959,LORI,653,0,653
1959,LORI-ANN,14,0,14
1959,LORI-ANNE,7,0,7
1959,LUISA,17,0,17
1959,LUCY,56,0,56
1959,LUCINDA,17,0,17
1959,LUCILLE,36,0,36
1959,LUCIENNE,7,0,7
1959,LUCIE,25,0,25
1959,LUCIANA,8,0,8
1959,LUCIA,66,0,66
1959,LUBA,7,0,7
1959,LUANNE,18,0,18
1959,LOUISE,229,0,229
1959,LOUISA,8,0,8
1959,LOUANNE,8,0,8
1959,LOU,12,0,12
1959,LORRIE,66,0,66
1959,LORRI,21,0,21
1959,LORRAINE,326,0,326
1959,LORNA,88,0,88
1959,LORIE,87,0,87
1959,LYN,7,0,7
1959,IAIN,12,12,0
1960,HEINZ,5,5,0
1960,ABRAHAM,10,10,0
1960,EMIL,5,5,0
1960,EMERSON,5,5,0
1960,EMANUEL,8,8,0
1960,ELVIS,8,8,0
1960,ELMER,7,7,0
1960,ELLIOTT,6,6,0
1960,EMILE,11,11,0
1960,ELIO,13,13,0
1960,ELI,7,7,0
1960,ELDON,6,6,0
1960,EDWIN,53,53,0
1960,EDWARD,585,585,0
1960,EDUARDO,5,5,0
1960,EDUARD,9,9,0
1960,ELIAS,5,5,0
1960,EDOUARD,6,6,0
1960,EMILIO,15,15,0
1960,ENZO,16,16,0
1960,FARLEY,6,6,0
1960,FABIO,5,5,0
1960,FABIAN,6,6,0
1960,EVERETT,16,16,0
1960,EVAN,18,18,0
1960,EUGENIO,10,10,0
1960,ENRICO,12,12,0
1960,EUGENE,56,56,0
1960,ERROLL,5,5,0
1960,ERNESTO,10,10,0
1960,ERNEST,102,102,0
1960,ERIK,15,15,0
1960,ERICH,15,15,0
1960,ERIC,283,283,0
1960,ERWIN,15,15,0
1960,EDMUND,30,30,0
1960,EDMOND,19,19,0
1960,EDGAR,23,23,0
1960,DIEGO,6,6,0
1960,DICK,6,6,0
1960,DESMOND,15,15,0
1960,DERRICK,49,49,0
1960,DEREK,95,95,0
1960,DENNIS,348,348,0
1960,DINO,32,32,0
1960,DENIS,136,136,0
1960,DELBERT,7,7,0
1960,DEAN,182,182,0
1960,DAVID-JOHN,5,5,0
1960,DAVID,3664,3664,0
1960,DARYL,72,72,0
1960,DARWIN,13,13,0
1960,DENI,5,5,0
1960,DIRK,14,14,0
1960,DOMENIC,10,10,0
1960,DOMENICO,76,76,0
1960,EDDY,11,11,0
1960,EDDIE,10,10,0
1960,EARLE,5,5,0
1960,EARL,68,68,0
1960,DWIGHT,42,42,0
1960,DWAYNE,91,91,0
1960,DWAIN,7,7,0
1960,DUNCAN,47,47,0
1960,DUANE,71,71,0
1960,DREW,23,23,0
1960,DOUGLAS,956,956,0
1960,DONATO,13,13,0
1960,DONALD,1144,1144,0
1960,DON,8,8,0
1960,DOMINIC,18,18,0
1960,FAUSTO,5,5,0
1960,DARRYL,36,36,0
1960,FELICE,7,7,0
1960,FERNAND,9,9,0
1960,GIULIO,7,7,0
1960,GIOVANNI,90,90,0
1960,GIORGIO,18,18,0
1960,GINO,37,37,0
1960,GILLES,59,59,0
1960,GILLE,7,7,0
1960,GIUSEPPE,127,127,0
1960,GILBERT,46,46,0
1960,GIANCARLO,5,5,0
1960,GIACOMO,12,12,0
1960,GERRY,22,22,0
1960,GERRIT,10,10,0
1960,GERRARD,6,6,0
1960,GEROLD,6,6,0
1960,GIANNI,24,24,0
1960,GERHARD,23,23,0
1960,GLEN,172,172,0
1960,GORDON,505,505,0
1960,HARLEY,7,7,0
1960,HARALD,9,9,0
1960,HANS,21,21,0
1960,HAL,10,10,0
1960,GUY,138,138,0
1960,GUIDO,7,7,0
1960,GLENN,348,348,0
1960,GREIG,9,9,0
1960,GREGOR,5,5,0
1960,GREGG,26,26,0
1960,GREG,6,6,0
1960,GRANT,126,126,0
1960,GRAHAM,94,94,0
1960,GRAEME,16,16,0
1960,GREGORY,728,728,0
1960,GERARDUS,7,7,0
1960,GERARDO,6,6,0
1960,GERARD,103,103,0
1960,FREDERICK,241,241,0
1960,FREDERIC,5,5,0
1960,FREDDY,5,5,0
1960,FRED,22,22,0
1960,FRASER,14,14,0
1960,FRANKLIN,38,38,0
1960,FREDRICK,36,36,0
1960,FRANKIE,8,8,0
1960,FRANCOIS,23,23,0
1960,FRANCO,90,90,0
1960,FRANCESCO,84,84,0
1960,FLOYD,29,29,0
1960,FILIPPO,10,10,0
1960,FERNANDO,9,9,0
1960,FRANK,340,340,0
1960,GABRIEL,18,18,0
1960,GAETAN,11,11,0
1960,GAETANO,16,16,0
1960,GERALD,383,383,0
1960,GEORGES,7,7,0
1960,GEORGE,574,574,0
1960,GEORG,5,5,0
1960,GEOFFREY,103,103,0
1960,GENNARO,7,7,0
1960,GENE,21,21,0
1960,GAVIN,16,16,0
1960,GASTON,14,14,0
1960,GASPARE,5,5,0
1960,GARY,767,767,0
1960,GARTH,31,31,0
1960,GARRY,132,132,0
1960,GARNET,17,17,0
1960,GARFIELD,9,9,0
1960,FERDINANDO,8,8,0
1960,AARON,23,23,0
1960,DARREN,147,147,0
1960,DARREL,13,13,0
1960,BENOIT,5,5,0
1960,BENNY,5,5,0
1960,BENJAMIN,35,35,0
1960,BASIL,7,7,0
1960,BARTON,13,13,0
1960,BART,12,12,0
1960,BENTLEY,7,7,0
1960,BARRY,372,372,0
1960,AUSTIN,9,9,0
1960,AUBREY,5,5,0
1960,ATTILA,5,5,0
1960,ARTHUR,170,170,0
1960,ARNOLD,44,44,0
1960,ARMIN,5,5,0
1960,BARRIE,6,6,0
1960,ARMAND,11,11,0
1960,BERNARD,116,116,0
1960,BERT,8,8,0
1960,BRANDON,7,7,0
1960,BRADY,7,7,0
1960,BRADLY,9,9,0
1960,BRADLEY,406,406,0
1960,BRAD,12,12,0
1960,BOYD,10,10,0
1960,BERNHARD,11,11,0
1960,BOY,7,7,0
1960,BOBBY,8,8,0
1960,BLAKE,27,27,0
1960,BLAIR,74,74,0
1960,BLAINE,30,30,0
1960,BILLY,11,11,0
1960,BILL,23,23,0
1960,BOHDAN,7,7,0
1960,ARCHIE,10,10,0
1960,ANTONY,13,13,0
1960,ANTONIUS,6,6,0
1960,ALEX,25,25,0
1960,ALESSANDRO,6,6,0
1960,ALDO,17,17,0
1960,ALBERTO,12,12,0
1960,ALBERT,163,163,0
1960,ALASTAIR,8,8,0
1960,ALEXANDER,173,173,0
1960,ALAN,378,378,0
1960,AGOSTINO,5,5,0
1960,ADRIEN,5,5,0
1960,ADRIANUS,5,5,0
1960,ADRIANO,11,11,0
1960,ADRIAN,41,41,0
1960,ADAM,24,24,0
1960,ALAIN,30,30,0
1960,ALFRED,59,59,0
1960,ALFREDO,15,15,0
1960,ALLAN,285,285,0
1960,ANTONIO,202,202,0
1960,ANTONINO,17,17,0
1960,ANTON,9,9,0
1960,ANTHONY,416,416,0
1960,ANGUS,18,18,0
1960,ANGELO,92,92,0
1960,ANDY,12,12,0
1960,ANDREY,5,5,0
1960,ANDREW,535,535,0
1960,ANDRES,5,5,0
1960,ANDREAS,21,21,0
1960,ANDRE,118,118,0
1960,ANASTASIOS,5,5,0
1960,ALVIN,25,25,0
1960,ALLEN,90,90,0
1960,BRENDAN,17,17,0
1960,DARRELL,123,123,0
1960,BRENT,147,147,0
1960,BRETT,64,64,0
1960,CORNELIUS,6,6,0
1960,CORNELIS,8,8,0
1960,COREY,7,7,0
1960,CONRAD,16,16,0
1960,COLLIN,5,5,0
1960,COLIN,109,109,0
1960,CORRADO,7,7,0
1960,CLYDE,13,13,0
1960,CLINTON,23,23,0
1960,CLIFFORD,85,85,0
1960,CLAYTON,41,41,0
1960,CLAUS,6,6,0
1960,CLAUDIO,48,48,0
1960,CLAUDE,90,90,0
1960,CLIVE,6,6,0
1960,CLARKE,6,6,0
1960,CORY,14,14,0
1960,CRAIG,284,284,0
1960,DARIO,8,8,0
1960,D'ARCY,8,8,0
1960,DARCY,50,50,0
1960,DANNY,185,185,0
1960,DANILO,7,7,0
1960,DANIELE,15,15,0
1960,COSIMO,8,8,0
1960,DANIEL,1240,1240,0
1960,DAN,10,10,0
1960,DALTON,7,7,0
1960,CYRIL,11,11,0
1960,CURTIS,41,41,0
1960,CURT,7,7,0
1960,CRISTOPHER,7,7,0
1960,DANIAL,21,21,0
1960,CLARK,15,15,0
1960,CLARENCE,54,54,0
1960,CHRISTOPHER,1052,1052,0
1960,CAMPBELL,6,6,0
1960,CAMERON,90,90,0
1960,CALVIN,64,64,0
1960,CALOGERO,5,5,0
1960,BYRON,21,21,0
1960,BURTON,5,5,0
1960,CAREY,23,23,0
1960,BRYON,16,16,0
1960,BRYAN,107,107,0
1960,BRUNO,55,55,0
1960,BRUCE,559,559,0
1960,BROCK,5,5,0
1960,BRIEN,6,6,0
1960,BRIAN,1506,1506,0
1960,BRYCE,12,12,0
1960,CARL,164,164,0
1960,CARLO,35,35,0
1960,CARLOS,9,9,0
1960,CHRISTIE,5,5,0
1960,CHRISTIAN,33,33,0
1960,CHRIS,37,37,0
1960,CHESTER,7,7,0
1960,CHARLIE,7,7,0
1960,CHARLES,456,456,0
1960,CESARE,6,6,0
1960,CECIL,22,22,0
1960,CASEY,6,6,0
1960,CARY,8,8,0
1960,CARTER,5,5,0
1960,CARSON,9,9,0
1960,CARMINE,20,20,0
1960,CARMELO,17,17,0
1960,CARMAN,10,10,0
1960,BRET,7,7,0
1960,ERVIN,6,6,0
1960,LORRAINE,263,0,263
1960,YVETTE,31,0,31
1960,GILDA,6,0,6
1960,GERTRUDE,19,0,19
1960,GERMAINE,6,0,6
1960,GERALDINE,72,0,72
1960,GEORGINA,40,0,40
1960,GEORGIA,12,0,12
1960,GENEVIEVE,11,0,11
1960,GAYLE,72,0,72
1960,GAY,13,0,13
1960,GILLIAN,42,0,42
1960,GALE,10,0,10
1960,GABRIELLE,24,0,24
1960,GABRIELLA,12,0,12
1960,GABRIELE,10,0,10
1960,GABRIELA,6,0,6
1960,FREDA,18,0,18
1960,FRANCOISE,8,0,8
1960,FRANCIS,181,169,12
1960,FRANCINE,86,0,86
1960,FRANCESCA,36,0,36
1960,GAIL,258,0,258
1960,FRANCES,138,0,138
1960,GINA,74,0,74
1960,GIOVANNA,41,0,41
1960,HEIDI,52,0,52
1960,HEDY,6,0,6
1960,HEATHER,658,0,658
1960,HAZEL,16,0,16
1960,HARRIET,17,0,17
1960,GWENDOLYN,60,0,60
1960,GWEN,27,0,27
1960,GUYLAINE,10,0,10
1960,GRAZIELLA,12,0,12
1960,GINETTE,28,0,28
1960,GRAZIA,9,0,9
1960,GLORIA,111,0,111
1960,GLENNA,18,0,18
1960,GLENDA,77,0,77
1960,GLADYS,18,0,18
1960,GIUSEPPINA,56,0,56
1960,GIULIANA,16,0,16
1960,GIULIA,7,0,7
1960,GISELLE,10,0,10
1960,GISELE,38,0,38
1960,GRACE,80,0,80
1960,FRANCA,33,0,33
1960,FLORENCE,32,0,32
1960,FLORA,10,0,10
1960,ELLA,12,0,12
1960,ELIZEBETH,12,0,12
1960,ELIZABETH,865,0,865
1960,ELISE,6,0,6
1960,ELISABETTA,15,0,15
1960,ELISABETH,45,0,45
1960,ELISA,14,0,14
1960,ELEONORA,8,0,8
1960,ELENA,20,0,20
1960,ELLEN,132,0,132
1960,ELEANOR,56,0,56
1960,EILEEN,86,0,86
1960,EDNA,26,0,26
1960,EDITH,46,0,46
1960,DOROTHY,154,0,154
1960,DOROTHEA,7,0,7
1960,DORIS,125,0,125
1960,DOREEN,84,0,84
1960,DORA,17,0,17
1960,DONNA-MARIE,8,0,8
1960,ELAINE,197,0,197
1960,ELSA,9,0,9
1960,ELSIE,12,0,12
1960,EMILIA,11,0,11
1960,FIORELLA,7,0,7
1960,FIONA,25,0,25
1960,FILOMENA,23,0,23
1960,FERN,14,0,14
1960,FEMALE,12,0,12
1960,FAYE,24,0,24
1960,FAY,16,0,16
1960,FAITH,19,0,19
1960,EVELYN,87,0,87
1960,EVE,8,0,8
1960,EVA,88,0,88
1960,EUNICE,9,0,9
1960,EUGENIA,7,0,7
1960,ETHEL,9,0,9
1960,ESTHER,40,0,40
1960,ESTELLE,8,0,8
1960,ERIN,57,0,57
1960,ERIKA,11,0,11
1960,ERICA,9,0,9
1960,EMMA,20,0,20
1960,EMILY,24,0,24
1960,HELEN,268,0,268
1960,DONNA,1136,0,1136
1960,HELENA,31,0,31
1960,HELGA,17,0,17
1960,JOSEPHINE,66,0,66
1960,JOSEE,7,0,7
1960,JONI,9,0,9
1960,JOHANNE,23,0,23
1960,JOHANNA,27,0,27
1960,JODY,62,25,37
1960,JODI,23,0,23
1960,JOCELYNE,12,0,12
1960,JOCELYN,40,0,40
1960,JOY,59,0,59
1960,JOANNE-MARIE,6,0,6
1960,JOANNA,23,0,23
1960,JOANN,35,0,35
1960,JOAN,280,0,280
1960,JO-ANNE,125,0,125
1960,JO-ANN,89,0,89
1960,JO ANNE,16,0,16
1960,JO ANN,15,0,15
1960,JO,17,0,17
1960,JILLIAN,8,0,8
1960,JOANNE,628,0,628
1960,JILL,125,0,125
1960,JOYCE,176,0,176
1960,JUDI,7,0,7
1960,KATHRINE,13,0,13
1960,KATHLEEN,482,0,482
1960,KATHIE,6,0,6
1960,KATHERINE,462,0,462
1960,KATHARINE,46,0,46
1960,KATHARINA,8,0,8
1960,KATALIN,7,0,7
1960,KARYN,9,0,9
1960,KARRIE,6,0,6
1960,JUANITA,21,0,21
1960,KARLA,7,0,7
1960,KARI,7,0,7
1960,KAREN,1677,0,1677
1960,JUNE,80,0,80
1960,JULIETTE,10,0,10
1960,JULIE,325,0,325
1960,JULIANNE,8,0,8
1960,JULIA,153,0,153
1960,JUDY,236,0,236
1960,JUDITH,434,0,434
1960,KARIN,53,0,53
1960,JESSIE,9,0,9
1960,JESSICA,11,0,11
1960,JENNY,47,0,47
1960,IVANA,16,0,16
1960,IVA,7,0,7
1960,ISABELLE,8,0,8
1960,ISABELLA,15,0,15
1960,ISABEL,15,0,15
1960,IRMA,9,0,9
1960,IRIS,16,0,16
1960,IRENE,161,0,161
1960,IRENA,12,0,12
1960,IVY,13,0,13
1960,INGRID,71,0,71
1960,INEZ,6,0,6
1960,INA,6,0,6
1960,IDA,23,0,23
1960,HOLLY,77,0,77
1960,HILDA,20,0,20
1960,HILARY,11,0,11
1960,HENRIETTE,9,0,9
1960,HENRIETTA,24,0,24
1960,HENDRIKA,7,0,7
1960,INFANT,76,47,29
1960,JACKIE,17,7,10
1960,JACQUELINE,250,0,250
1960,JACQUELYN,7,0,7
1960,JENNIFER,331,0,331
1960,JENNIE,18,0,18
1960,JEANNINE,18,0,18
1960,JEANNIE,10,0,10
1960,JEANNETTE,40,0,40
1960,JEANNE,31,0,31
1960,JEANINE,12,0,12
1960,JEANIE,7,0,7
1960,JEANETTE,44,0,44
1960,JEAN,276,136,140
1960,JAYNE,43,0,43
1960,JANIS,53,0,53
1960,JANINE,74,0,74
1960,JANIE,12,0,12
1960,JANICE,583,0,583
1960,JANETTE,44,0,44
1960,JANET,724,0,724
1960,JANE,373,0,373
1960,JANA,6,0,6
1960,JAN,61,40,21
1960,JAMIE,114,76,38
1960,HELENE,44,0,44
1960,KATHRYN,343,0,343
1960,DONALDA,6,0,6
1960,DOLORES,39,0,39
1960,BETH,55,0,55
1960,BERTHA,17,0,17
1960,BERNICE,38,0,38
1960,BERNADINE,6,0,6
1960,BERNADETTE,72,0,72
1960,BENITA,6,0,6
1960,BELINDA,34,0,34
1960,BECKY,9,0,9
1960,BEATRICE,30,0,30
1960,BETTINA,6,0,6
1960,BARBRA,10,0,10
1960,BARBARA,984,0,984
1960,BABY,743,440,303
1960,AVA,7,0,7
1960,AUDRY,6,0,6
1960,AUDREY,75,0,75
1960,ASTRID,6,0,6
1960,ASSUNTA,19,0,19
1960,ARLENE,110,0,110
1960,APRIL,50,0,50
1960,BARBARA-ANN,11,0,11
1960,ANTONINA,7,0,7
1960,BETTY,158,0,158
1960,BEVERLY,247,12,235
1960,CARMEN,56,7,49
1960,CARMELLA,6,0,6
1960,CARMELINA,22,0,22
1960,CARMELA,47,0,47
1960,CARLENE,6,0,6
1960,CARLA,68,0,68
1960,CAREN,7,0,7
1960,CANDY,10,0,10
1960,CANDICE,7,0,7
1960,BEVERLEY,121,0,121
1960,CANDACE,21,0,21
1960,BRUNA,8,0,8
1960,BRIGITTE,20,0,20
1960,BRIDGET,14,0,14
1960,BRENDA-LEE,8,0,8
1960,BRENDA,1031,0,1031
1960,BONNY,14,0,14
1960,BONNIE,276,0,276
1960,BONITA,46,0,46
1960,BIRGIT,10,0,10
1960,CAMILLA,9,0,9
1960,ANTONIETTA,49,0,49
1960,ANTONIA,19,0,19
1960,ANTONELLA,7,0,7
1960,AMBER,7,0,7
1960,AMANDA,28,0,28
1960,ALMA,14,0,14
1960,ALLYSON,10,0,10
1960,ALLISON,33,0,33
1960,ALISON,118,0,118
1960,ALINE,14,0,14
1960,ALICIA,6,0,6
1960,ALICE,100,0,100
1960,AMELIA,6,0,6
1960,ALEXANDRA,39,0,39
1960,ALANA,11,0,11
1960,AILEEN,20,0,20
1960,AGNES,25,0,25
1960,ADRIENNE,19,0,19
1960,ADRIANA,21,0,21
1960,ADELINE,6,0,6
1960,ADELINA,8,0,8
1960,ADELE,21,0,21
1960,ADA,14,0,14
1960,ALANNA,11,0,11
1960,AMY,37,0,37
1960,ANA,11,0,11
1960,ANASTASIA,8,0,8
1960,ANTOINETTE,12,0,12
1960,ANNIE,22,0,22
1960,ANNETTE,154,0,154
1960,ANNETTA,7,0,7
1960,ANNEMARIE,13,0,13
1960,ANNE-MARIE,25,0,25
1960,ANNE,491,0,491
1960,ANNAMARIA,18,0,18
1960,ANNA-MARIE,11,0,11
1960,ANNA-MARIA,14,0,14
1960,ANNA,336,0,336
1960,ANN-MARIE,10,0,10
1960,ANN,259,0,259
1960,ANITA,172,0,172
1960,ANGELINA,21,0,21
1960,ANGELIKA,14,0,14
1960,ANGELE,8,0,8
1960,ANGELA,329,0,329
1960,ANGEL,11,0,11
1960,ANDREE,14,0,14
1960,ANDREA,164,0,164
1960,CAROL,785,0,785
1960,DOMENICA,15,0,15
1960,CAROL-ANN,17,0,17
1960,CAROLE,121,0,121
1960,DEANNA,43,0,43
1960,DEANA,6,0,6
1960,DAWNA,16,0,16
1960,DAWN,240,0,240
1960,DARLENE,460,0,460
1960,DARLEEN,8,0,8
1960,DARLA,16,0,16
1960,DARIA,6,0,6
1960,DAPHNE,14,0,14
1960,DEANNE,8,0,8
1960,DANIELLE,40,0,40
1960,DANA,68,28,40
1960,DALE,349,287,62
1960,CYNTHIA,662,0,662
1960,CRYSTAL,32,0,32
1960,CRISTINA,7,0,7
1960,CORNELIA,38,0,38
1960,CORINNE,49,0,49
1960,CORA,13,0,13
1960,CONSTANCE,104,0,104
1960,DANIELA,24,0,24
1960,CONNIE,93,0,93
1960,DEBBIE,140,0,140
1960,DEBBY,6,0,6
1960,DINA,17,0,17
1960,DIANNE,235,0,235
1960,DIANNA,23,0,23
1960,DIANE,627,0,627
1960,DIANA,284,0,284
1960,DIAN,6,0,6
1960,DENYSE,12,0,12
1960,DENISE,383,0,383
1960,DENICE,8,0,8
1960,DEBBRA,13,0,13
1960,DENA,11,0,11
1960,DELORES,8,0,8
1960,DELLA,14,0,14
1960,DEIRDRE,17,0,17
1960,DEBRAH,7,0,7
1960,DEBRA-ANN,8,0,8
1960,DEBRA,643,0,643
1960,DEBORAH-ANN,15,0,15
1960,DEBORAH,1422,0,1422
1960,DEBORA,80,0,80
1960,DEMETRA,6,0,6
1960,CONCETTINA,6,0,6
1960,CONCETTA,28,0,28
1960,COLLEEN,289,0,289
1960,CELIA,6,0,6
1960,CECILIA,25,0,25
1960,CECILE,14,0,14
1960,CECELIA,6,0,6
1960,CATHY,172,0,172
1960,CATHRYN,14,0,14
1960,CATHRINE,17,0,17
1960,CATHLEEN,13,0,13
1960,CATHERINE,1256,0,1256
1960,CELINE,9,0,9
1960,CATHARINE,64,0,64
1960,CATERINA,40,0,40
1960,CARROL,7,0,7
1960,CARRIE,92,0,92
1960,CARON,10,0,10
1960,CAROLYNE,10,0,10
1960,CAROLYN,293,0,293
1960,CAROLLE,6,0,6
1960,CAROLINE,108,0,108
1960,CAROLINA,10,0,10
1960,CATHARINA,7,0,7
1960,CHANTAL,10,0,10
1960,CHARLENE,141,0,141
1960,CHARLOTTE,51,0,51
1960,COLETTE,50,0,50
1960,COLEEN,16,0,16
1960,CLAUDIA,25,0,25
1960,CLAUDETTE,36,0,36
1960,CLARE,6,0,6
1960,CLARA,29,0,29
1960,CLAIRE,43,0,43
1960,CINDY-LOU,12,0,12
1960,CINDY-LEE,6,0,6
1960,CINDY,445,0,445
1960,CHRISTINE,742,0,742
1960,CHRISTINA,139,0,139
1960,CHRISTIANE,8,0,8
1960,CHRISTENA,8,0,8
1960,CHRISTA,12,0,12
1960,CHERYLE,14,0,14
1960,CHERYL-ANNE,6,0,6
1960,CHERYL-ANN,7,0,7
1960,CHERYL,788,0,788
1960,CHERI,12,0,12
1960,CHARMAINE,21,0,21
1960,CAROL-ANNE,6,0,6
1960,KATHY,157,0,157
1960,KATHYRN,7,0,7
1960,KATINA,7,0,7
1960,ROSEANNE,12,0,12
1960,ROSE-MARY,6,0,6
1960,ROSE-MARIE,16,0,16
1960,ROSE,149,0,149
1960,ROSARIA,15,0,15
1960,ROSANNE,46,0,46
1960,ROSANNA,38,0,38
1960,ROSALIND,12,0,12
1960,ROSALIE,16,0,16
1960,ROSEMARIE,80,0,80
1960,ROSA,61,0,61
1960,ROCHELLE,11,0,11
1960,ROBYN,25,0,25
1960,ROBIN,239,100,139
1960,ROBERTA,98,0,98
1960,ROBBIN,14,5,9
1960,RITA,159,0,159
1960,RINA,12,0,12
1960,RHONDA,161,0,161
1960,RETA,9,0,9
1960,RONDA,17,0,17
1960,RENEE,30,0,30
1960,ROSEMARY,188,0,188
1960,ROSINA,17,0,17
1960,SHARLENE,18,0,18
1960,SHARI,68,0,68
1960,SHANNON,44,0,44
1960,SARI,6,0,6
1960,SARAH,73,0,73
1960,SARA,32,0,32
1960,SANDY,17,10,7
1960,SANDRA-LEE,6,0,6
1960,SANDRA,1300,0,1300
1960,ROSETTA,22,0,22
1960,SALLY,77,0,77
1960,RUTHANN,6,0,6
1960,RUTH-ANNE,6,0,6
1960,RUTH-ANN,6,0,6
1960,RUTH,249,0,249
1960,RUBY,19,0,19
1960,ROXANNE,75,0,75
1960,ROXANE,6,0,6
1960,ROWENA,6,0,6
1960,ROSSANA,7,0,7
1960,SADIE,6,0,6
1960,RENATE,8,0,8
1960,RENA,11,0,11
1960,REGINA,12,0,12
1960,PATRICA,25,0,25
1960,PASQUALINA,9,0,9
1960,PAOLA,18,0,18
1960,PAMELA,474,0,474
1960,ORNELLA,8,0,8
1960,OLGA,13,0,13
1960,OKSANA,6,0,6
1960,NOT,17,7,10
1960,NORMA,96,0,96
1960,PATRICE,13,0,13
1960,NORINE,10,0,10
1960,NORAH,7,0,7
1960,NORA,49,0,49
1960,NINA,24,0,24
1960,NICOLETTE,9,0,9
1960,NICOLE,123,0,123
1960,NICOLA,55,49,6
1960,NELLY,12,0,12
1960,NELLIE,12,0,12
1960,NATALINA,6,0,6
1960,NOREEN,26,0,26
1960,PATRICIA,1198,0,1198
1960,PATRICIA-ANN,6,0,6
1960,PATRIZIA,13,0,13
1960,REBECCA,111,0,111
1960,RANDI,8,0,8
1960,RAMONA,22,0,22
1960,RACHELLE,20,0,20
1960,RACHEL,38,0,38
1960,PINA,12,0,12
1960,PIERRETTE,6,0,6
1960,PHYLLIS,53,0,53
1960,PHYLIS,6,0,6
1960,PHILOMENA,7,0,7
1960,PETRA,10,0,10
1960,PENNY,179,0,179
1960,PENNIE,7,0,7
1960,PENELOPE,47,0,47
1960,PEGGY,137,0,137
1960,PEARL,16,0,16
1960,PAULINE,170,0,170
1960,PAULETTE,38,0,38
1960,PAULA,157,0,157
1960,PATTI,62,0,62
1960,PATSY,25,0,25
1960,SHARON,763,0,763
1960,NATALIE,41,0,41
1960,SHARRON,32,0,32
1960,SHAWN,143,136,7
1960,VANDA,8,0,8
1960,VALERIE,277,0,277
1960,VALARIE,8,0,8
1960,URSULA,10,0,10
1960,TRUDY,42,0,42
1960,TRINA,10,0,10
1960,TRACY,306,27,279
1960,TRACIE,6,0,6
1960,TRACEY,85,6,79
1960,VANESSA,19,0,19
1960,TONI,35,6,29
1960,TINA,79,0,79
1960,THERESE,47,0,47
1960,THERESA,274,0,274
1960,THELMA,14,0,14
1960,TERRY,596,450,146
1960,TERRIE,19,0,19
1960,TERRI,76,0,76
1960,TERI,13,0,13
1960,TERESE,6,0,6
1960,TOBY,8,0,8
1960,TERESA,408,0,408
1960,VELMA,8,0,8
1960,VERNA,22,0,22
1960,YOLANDE,6,0,6
1960,YOLANDA,12,0,12
1960,WINNIFRED,11,0,11
1960,WILMA,56,0,56
1960,WILHELMINA,13,0,13
1960,WENDY,704,0,704
1960,WANDA,149,0,149
1960,VIVIANA,6,0,6
1960,VIVIAN,58,0,58
1960,VERA,46,0,46
1960,VITTORIA,8,0,8
1960,VIOLET,18,0,18
1960,VIOLA,9,0,9
1960,VINCENZA,18,0,18
1960,VIDA,6,0,6
1960,VICTORIA,165,0,165
1960,VICKY,35,0,35
1960,VICKIE,25,0,25
1960,VICKI,77,0,77
1960,VERONICA,40,0,40
1960,VIRGINIA,70,0,70
1960,TEENA,6,0,6
1960,TARA,19,0,19
1960,TANYA,21,0,21
1960,SONIA,31,0,31
1960,SIOBHAN,14,0,14
1960,SIMONE,12,0,12
1960,SILVIA,18,0,18
1960,SILVANA,46,0,46
1960,SHIRLY,6,0,6
1960,SHIRLEY,264,0,264
1960,SHIELA,8,0,8
1960,SHERYL,54,0,54
1960,SONJA,24,0,24
1960,SHERRY,310,0,310
1960,SHERRIE,26,0,26
1960,SHERRI,67,0,67
1960,SHERI,33,0,33
1960,SHEREE,8,0,8
1960,SHELLY,73,0,73
1960,SHELLEY,374,0,374
1960,SHELAGH,22,0,22
1960,SHEILA,295,0,295
1960,SHAWNA,9,0,9
1960,SHERRILL,9,0,9
1960,SONYA,46,0,46
1960,SOPHIA,19,0,19
1960,SOPHIE,13,0,13
1960,TAMRA,6,0,6
1960,TAMMY,205,0,205
1960,TAMMIE,24,0,24
1960,TAMI,22,0,22
1960,TAMELA,6,0,6
1960,TAMARA,39,0,39
1960,SYLVIE,51,0,51
1960,SYLVIA,142,0,142
1960,SUZETTE,9,0,9
1960,SUZANNE,298,0,298
1960,SUZANNA,7,0,7
1960,SUZAN,17,0,17
1960,SUSIE,16,0,16
1960,SUSANNE,91,0,91
1960,SUSANNA,25,0,25
1960,SUSAN,2101,0,2101
1960,SUE,14,0,14
1960,STEPHANIE,85,0,85
1960,STELLA,22,0,22
1960,STACY,15,9,6
1960,STACEY,11,0,11
1960,SHAUNA,7,0,7
1960,NAOMI,21,0,21
1960,NANCY,1059,0,1059
1960,NADINE,46,0,46
1960,LISETTE,6,0,6
1960,LISE,89,0,89
1960,LISA,434,0,434
1960,LINE,16,0,16
1960,LINDSAY,27,19,8
1960,LINDA,1444,0,1444
1960,LINA,36,0,36
1960,LILY,16,0,16
1960,LILLIAN,58,0,58
1960,LIZA,10,0,10
1960,LILIANE,6,0,6
1960,LILIAN,11,0,11
1960,LILA,10,0,10
1960,LIISA,6,0,6
1960,LIDIA,17,0,17
1960,LIANNE,11,0,11
1960,LIANE,12,0,12
1960,LIANA,6,0,6
1960,LESLIE,411,126,285
1960,LESLEY,68,0,68
1960,LILIANA,19,0,19
1960,LESLEE,12,0,12
1960,LOIS,106,0,106
1960,LORAINE,15,0,15
1960,LUCIANA,12,0,12
1960,LUCIA,72,0,72
1960,LUANNE,19,0,19
1960,LOUISE,208,0,208
1960,LOUISA,6,0,6
1960,LOUANNE,9,0,9
1960,LOU-ANN,6,0,6
1960,LOU,8,0,8
1960,LORRIE,60,0,60
1960,LORA,15,0,15
1960,LORRI,23,0,23
1960,LORNA,80,0,80
1960,LORIE,90,0,90
1960,LORI-ANNE,13,0,13
1960,LORI-ANN,13,0,13
1960,LORI,695,0,695
1960,LORETTA,77,0,77
1960,LORENA,16,0,16
1960,LOREN,15,9,6
1960,LORELEI,22,0,22
1960,HAROLD,165,165,0
1960,LEONA,25,0,25
1960,LENORE,12,0,12
1960,LENA,27,0,27
1960,KRISTINE,36,0,36
1960,KRISTINA,7,0,7
1960,KRISTEN,7,0,7
1960,KRISTA,15,0,15
1960,KIRSTEN,11,0,11
1960,KIMBERLY-ANNE,12,0,12
1960,KIMBERLY-ANN,8,0,8
1960,KIMBERLY,592,13,579
1960,KIMBERLEY,414,5,409
1960,KRISTY,7,0,7
1960,KIMBERLEE,31,0,31
1960,KERRY,136,79,57
1960,KERRIE,6,0,6
1960,KERRI,14,0,14
1960,KENDRA,14,0,14
1960,KELLY,597,88,509
1960,KELLIE,21,0,21
1960,KELLI,9,0,9
1960,KELLEY,38,0,38
1960,KATRINA,9,0,9
1960,KIM,343,45,298
1960,KRYSTYNA,6,0,6
1960,LANA,41,0,41
1960,LAURA,503,0,503
1960,LEISA,6,0,6
1960,LEILA,8,0,8
1960,LEIGH,9,0,9
1960,LEESA,6,0,6
1960,LEEANNE,6,0,6
1960,LEEANN,6,0,6
1960,LEE-ANNE,7,0,7
1960,LEE-ANN,12,0,12
1960,LEE,109,51,58
1960,LEANNE,35,0,35
1960,LEANN,7,0,7
1960,LEAH,23,0,23
1960,LEA,11,0,11
1960,LAURIE-ANN,11,0,11
1960,LAURIE,560,14,546
1960,LAURI,8,0,8
1960,LAURETTA,6,0,6
1960,LAURENE,9,0,9
1960,LAUREN,38,0,38
1960,LAUREL,54,0,54
1960,LAUREEN,19,0,19
1960,LUCIE,23,0,23
1960,LUCILLE,37,0,37
1960,LUCINDA,11,0,11
1960,LUCY,38,0,38
1960,MELANIE,104,0,104
1960,MEGAN,18,0,18
1960,MAY,19,0,19
1960,MAXINE,22,0,22
1960,MAUREEN,300,0,300
1960,MAURA,9,0,9
1960,MARYLOU,11,0,11
1960,MARYELLEN,6,0,6
1960,MARYANNE,27,0,27
1960,MELINDA,25,0,25
1960,MARYANN,26,0,26
1960,MARY-JANE,9,0,9
1960,MARY-ELLEN,13,0,13
1960,MARY-ELIZABETH,7,0,7
1960,MARY-ANNE,21,0,21
1960,MARY-ANN,21,0,21
1960,MARY,2275,0,2275
1960,MARTINE,8,0,8
1960,MARTINA,8,0,8
1960,MARTHA,116,0,116
1960,MARY-LYNN,6,0,6
1960,MELISSA,24,0,24
1960,MELODIE,7,0,7
1960,MELODY,63,0,63
1960,NADIA,36,0,36
1960,NADA,9,0,9
1960,MYRNA,10,0,10
1960,MYRA,11,0,11
1960,MURIEL,18,0,18
1960,MONIQUE,87,0,87
1960,MONIKA,30,0,30
1960,MONICA,152,0,152
1960,MONA,44,0,44
1960,MOLLY,6,0,6
1960,MOIRA,19,0,19
1960,MIRIAM,29,0,29
1960,MIRELLA,21,0,21
1960,MIREILLE,7,0,7
1960,MILDRED,20,0,20
1960,MICHELLE,196,0,196
1960,MICHELINE,18,0,18
1960,MICHELINA,11,0,11
1960,MICHELE,323,64,259
1960,MICHAELA,6,0,6
1960,MEREDITH,10,0,10
1960,MARTA,8,0,8
1960,YVONNE,152,0,152
1960,MARSHA,35,0,35
1960,MARNI,7,0,7
1960,MARGHERITA,13,0,13
1960,MARGARET,755,0,755
1960,MARCIA,50,0,50
1960,MARCELLE,9,0,9
1960,MARCELLA,9,0,9
1960,MARA,20,0,20
1960,MANUELA,8,0,8
1960,MADELINE,12,0,12
1960,MADELEINE,6,0,6
1960,MARGO,28,0,28
1960,MADDALENA,8,0,8
1960,LYNNE,102,0,102
1960,LYNN,369,10,359
1960,LYNETTE,6,0,6
1960,LYNE,17,0,17
1960,LYNDA,214,0,214
1960,LYN,7,0,7
1960,LYDIA,44,0,44
1960,LUISA,23,0,23
1960,LUIGINA,7,0,7
1960,MABEL,8,0,8
1960,MARGOT,31,0,31
1960,MARGRET,17,0,17
1960,MARGUERITE,24,0,24
1960,MARLENE,158,0,158
1960,MARLA,29,0,29
1960,MARJORIE,65,0,65
1960,MARITA,6,0,6
1960,MARISA,49,0,49
1960,MARION,103,0,103
1960,MARINA,59,0,59
1960,MARILYN,243,0,243
1960,MARILENA,7,0,7
1960,MARILEE,6,0,6
1960,MARIETTE,10,0,10
1960,MARIELLE,9,0,9
1960,MARIE-THERESE,8,0,8
1960,MARIE-CLAIRE,6,0,6
1960,MARIE-ANNE,9,0,9
1960,MARIE,2776,0,2776
1960,MARIANNE,107,0,107
1960,MARIANNA,17,0,17
1960,MARIAN,60,0,60
1960,MARIA,505,0,505
1960,MARI,13,0,13
1960,MARNIE,10,0,10
1960,HECTOR,5,5,0
1960,RODRICK,6,6,0
1960,WOLFGANG,11,11,0
1960,ROCKY,10,10,0
1960,ROCK,6,6,0
1960,ROCH,7,7,0
1960,ROCCO,35,35,0
1960,ROBERTO,68,68,0
1960,ROBERT-JOHN,5,5,0
1960,ROBERT,3238,3238,0
1960,ROBBIE,16,16,0
1960,RITCHIE,9,9,0
1960,RITCHARD,5,5,0
1960,RINO,7,7,0
1960,RICKY,158,158,0
1960,RICKIE,8,8,0
1960,RICKEY,19,19,0
1960,RICK,10,10,0
1960,RICHARD,1833,1833,0
1960,RICCARDO,6,6,0
1960,RHEAL,7,7,0
1960,REYNOLD,5,5,0
1960,RODERICK,39,39,0
1960,REX,7,7,0
1960,RODGER,26,26,0
1960,HARVEY,63,63,0
1960,RYAN,6,6,0
1960,RUSSELL,184,184,0
1960,RUDY,14,14,0
1960,RUDOLPH,11,11,0
1960,RUDOLF,10,10,0
1960,ROYCE,6,6,0
1960,ROY,145,145,0
1960,ROSS,138,138,0
1960,ROSARIO,19,19,0
1960,RORY,25,25,0
1960,RONNY,7,7,0
1960,RONNIE,22,22,0
1960,RONALD,1134,1134,0
1960,RON,6,6,0
1960,ROMEO,11,11,0
1960,ROMAN,21,21,0
1960,ROLF,14,14,0
1960,ROLAND,56,56,0
1960,ROGER,284,284,0
1960,RODNEY,138,138,0
1960,RENZO,6,6,0
1960,RENE,44,44,0
1960,RENATO,13,13,0
1960,PHILIP,352,352,0
1960,PETER-JAMES,5,5,0
1960,PETER,1293,1293,0
1960,PERRY,150,150,0
1960,PERCY,15,15,0
1960,PAULO,7,7,0
1960,PAUL,1718,1718,0
1960,PATRICK,427,427,0
1960,PATRIC,7,7,0
1960,PASQUALINO,10,10,0
1960,PASQUALE,33,33,0
1960,PAOLO,40,40,0
1960,OWEN,23,23,0
1960,OTTO,7,7,0
1960,OSCAR,7,7,0
1960,ORVILLE,9,9,0
1960,OREST,7,7,0
1960,OLIVER,13,13,0
1960,NORMAND,27,27,0
1960,PHILIPPE,16,16,0
1960,PHILLIP,75,75,0
1960,PIERO,11,11,0
1960,PIERRE,92,92,0
1960,REJEAN,13,13,0
1960,REGINALD,78,78,0
1960,REGENT,5,5,0
1960,REGAN,12,12,0
1960,REAL,8,8,0
1960,RAYMUND,6,6,0
1960,RAYMOND,390,390,0
1960,RAY,17,17,0
1960,RANDY,360,360,0
1960,RYSZARD,5,5,0
1960,RANDOLPH,142,142,0
1960,RANDALL,263,263,0
1960,RANDAL,42,42,0
1960,RALPH,171,171,0
1960,RALF,8,8,0
1960,RAFFAELE,14,14,0
1960,RAE,6,6,0
1960,POUL,5,5,0
1960,PIETRO,35,35,0
1960,PIETER,7,7,0
1960,RANDELL,15,15,0
1960,NORMAN,228,228,0
1960,SALVATORE,71,71,0
1960,SAMUEL,70,70,0
1960,WALLACE,24,24,0
1960,WADE,32,32,0
1960,VITTORIO,9,9,0
1960,VITO,38,38,0
1960,VINCENZO,63,63,0
1960,VINCENT,102,102,0
1960,VICTOR,124,124,0
1960,VERNON,50,50,0
1960,VAUGHN,10,10,0
1960,VANCE,6,6,0
1960,VALENTINO,7,7,0
1960,UGO,7,7,0
1960,TYLER,7,7,0
1960,TROY,12,12,0
1960,TREVOR,44,44,0
1960,TRENT,9,9,0
1960,TRAVIS,5,5,0
1960,TONY,69,69,0
1960,TONINO,9,9,0
1960,WALTER,220,220,0
1960,TOMMY,22,22,0
1960,WARD,21,21,0
1960,WAYNE,550,550,0
1960,HARRY,120,120,0
1960,ZENON,5,5,0
1960,YVON,27,27,0
1960,YVES,13,13,0
1960,YVAN,15,15,0
1960,WINSTON,6,6,0
1960,WILSON,8,8,0
1960,WILLY,5,5,0
1960,WILLIAM,1957,1957,0
1960,WILLEM,5,5,0
1960,WILLARD,9,9,0
1960,WILHELMUS,5,5,0
1960,WILFRID,5,5,0
1960,WILFRED,47,47,0
1960,WILBUR,5,5,0
1960,WILBERT,8,8,0
1960,WESLEY,46,46,0
1960,WERNER,10,10,0
1960,WENDELL,5,5,0
1960,WARREN,80,80,0
1960,TOM,15,15,0
1960,TODD,88,88,0
1960,TOD,5,5,0
1960,STANISLAW,6,6,0
1960,SPENCER,6,6,0
1960,SIMON,22,22,0
1960,SILVIO,9,9,0
1960,SILVANO,5,5,0
1960,SIDNEY,26,26,0
1960,SHELDON,37,37,0
1960,SHAYNE,7,7,0
1960,SHAUN,18,18,0
1960,SHANE,32,32,0
1960,SERGIO,36,36,0
1960,SERGE,16,16,0
1960,SEBASTIANO,8,8,0
1960,SEAN,76,76,0
1960,SCOTT,611,611,0
1960,SCOT,18,18,0
1960,SAVERIO,6,6,0
1960,SANTO,10,10,0
1960,SANDRO,9,9,0
1960,STANLEY,137,137,0
1960,STEFAN,17,17,0
1960,STEFANO,8,8,0
1960,STEPHAN,19,19,0
1960,TIMOTHY,1002,1002,0
1960,TIMO,5,5,0
1960,TIMMY,15,15,0
1960,TIM,9,9,0
1960,THOMAS,1086,1086,0
1960,THEODORE,63,63,0
1960,TERRENCE,93,93,0
1960,TERRANCE,151,151,0
1960,TERENCE,60,60,0
1960,SAM,16,16,0
1960,TEDDY,16,16,0
1960,TARAS,9,9,0
1960,TADEUSZ,9,9,0
1960,SYLVAIN,10,10,0
1960,SYDNEY,18,18,0
1960,STUART,103,103,0
1960,STEWART,72,72,0
1960,STEVEN,1112,1112,0
1960,STEVE,55,55,0
1960,STEPHEN,1357,1357,0
1960,TED,24,24,0
1960,NORBERT,12,12,0
1960,RUSSEL,21,21,0
1960,NOEL,13,13,0
1960,JOZEF,7,7,0
1960,JOSEPHE,5,5,0
1960,JOSEPH-DONALD,7,7,0
1960,JOSEPH,3840,3840,0
1960,JOSEF,10,10,0
1960,JOSE,19,19,0
1960,JOS,10,10,0
1960,JORDAN,10,10,0
1960,JONATHON,12,12,0
1960,JONATHAN,101,101,0
1960,JON,18,18,0
1960,JOHNY,6,6,0
1960,JOHN-WILLIAM,5,5,0
1960,JOHN-PAUL,5,5,0
1960,JOHNNY,73,73,0
1960,JOHNATHAN,7,7,0
1960,JOHN,3251,3251,0
1960,JOHANNES,34,34,0
1960,JOHANN,5,5,0
1960,JULES,5,5,0
1960,JOHAN,6,6,0
1960,JULIAN,9,9,0
1960,KARL,87,87,0
1960,KYLE,19,19,0
1960,KURT,16,16,0
1960,KRIS,7,7,0
1960,KONSTANTINOS,5,5,0
1960,KLAUS,8,8,0
1960,KIRK,60,60,0
1960,KIRBY,13,13,0
1960,KIETH,6,6,0
1960,KIERAN,8,8,0
1960,KEVIN,1129,1129,0
1960,KEVEN,6,6,0
1960,KEVAN,7,7,0
1960,KENT,25,25,0
1960,KENNY,5,5,0
1960,KENNETH,967,967,0
1960,KENDALL,5,5,0
1960,KEN,7,7,0
1960,KELVIN,25,25,0
1960,KEITH,257,257,0
1960,JULIUS,6,6,0
1960,JOEY,8,8,0
1960,JOESPH,12,12,0
1960,JOEL,75,75,0
1960,J,19,19,0
1960,IVAN,44,44,0
1960,ITALO,6,6,0
1960,ISRAEL,6,6,0
1960,ISAAC,10,10,0
1960,IRWIN,5,5,0
1960,IRVIN,8,8,0
1960,IAN,331,331,0
1960,IAIN,20,20,0
1960,HUGH,68,68,0
1960,HUBERT,16,16,0
1960,HOWARD,131,131,0
1960,HERMAN,15,15,0
1960,HERBERT,54,54,0
1960,HENRY,147,147,0
1960,NONE,5,5,0
1960,HENRI,15,15,0
1960,HENDRIKUS,5,5,0
1960,HELMUT,8,8,0
1960,JACK,84,84,0
1960,JACOB,29,29,0
1960,JACOBUS,13,13,0
1960,JACQUES,57,57,0
1960,JOE,29,29,0
1960,JOAO,7,7,0
1960,JIMMY,30,30,0
1960,JIM,22,22,0
1960,JESSE,13,13,0
1960,JERRY,72,72,0
1960,JEROME,37,37,0
1960,JEREMY,21,21,0
1960,JERALD,5,5,0
1960,LAIRD,7,7,0
1960,JEFFREY,799,799,0
1960,JEFFERSON,5,5,0
1960,JEFF,5,5,0
1960,JEAN-PAUL,6,6,0
1960,JEAN-MARC,7,7,0
1960,JEAN-GUY,8,8,0
1960,JAY,67,67,0
1960,JASON,24,24,0
1960,JAMES,2449,2449,0
1960,JAIME,5,5,0
1960,JEFFERY,86,86,0
1960,LAMBERT,6,6,0
1960,HENRICUS,7,7,0
1960,LARRY,350,350,0
1960,MICHEAL,155,155,0
1960,MICHAEL-JOSEPH,7,7,0
1960,MICHAEL,2944,2944,0
1960,MERVIN,20,20,0
1960,MELVIN,22,22,0
1960,MELVILLE,6,6,0
1960,MAXWELL,12,12,0
1960,MAX,13,13,0
1960,MAURO,15,15,0
1960,MAURIZIO,26,26,0
1960,MAURICE,60,60,0
1960,MATTHEW,121,121,0
1960,MATTEO,7,7,0
1960,MATHEW,16,16,0
1960,MASSIMO,9,9,0
1960,MARVIN,31,31,0
1960,MARTY,8,8,0
1960,MARTIN,306,306,0
1960,MARSHALL,17,17,0
1960,MICHEL,203,203,0
1960,MIKE,24,24,0
1960,MILAN,7,7,0
1960,MILES,10,10,0
1960,LANCE,30,30,0
1960,NOAH,7,7,0
1960,NINO,7,7,0
1960,NICOLAS,6,6,0
1960,NICKOLAS,8,8,0
1960,NICK,26,26,0
1960,NICHOLAS,105,105,0
1960,NELSON,41,41,0
1960,NEIL,166,166,0
1960,MARKO,8,8,0
1960,NEAL,9,9,0
1960,MYRON,12,12,0
1960,MYLES,16,16,0
1960,MURRAY,193,193,0
1960,MORRIS,30,30,0
1960,MORLEY,9,9,0
1960,MORGAN,18,18,0
1960,MONTGOMERY,11,11,0
1960,MITCHELL,50,50,0
1960,MILTON,13,13,0
1960,NATHAN,11,11,0
1960,MARKHAM,5,5,0
1960,NIGEL,9,9,0
1960,MARIO,112,112,0
1960,LONNIE,11,11,0
1960,LLOYD,88,88,0
1960,LIONEL,20,20,0
1960,LINO,9,9,0
1960,LEWIS,16,16,0
1960,LESTER,12,12,0
1960,LEROY,5,5,0
1960,LEONARD,178,178,0
1960,LEON,18,18,0
1960,LEO,57,57,0
1960,LENNARD,6,6,0
1960,LENARD,15,15,0
1960,LAWRENCE,280,280,0
1960,LAVERNE,6,6,0
1960,LASZLO,5,5,0
1960,LAVERN,5,5,0
1960,LAURENT,7,7,0
1960,LAURENCE,29,29,0
1960,MARK,1718,1718,0
1960,LORENZO,21,21,0
1960,LORIS,10,10,0
1960,LEONARDO,14,14,0
1960,LOUIE,8,8,0
1960,MARINO,8,8,0
1960,LORNE,70,70,0
1960,MARCO,16,16,0
1960,MARCELLO,8,8,0
1960,MARCEL,61,61,0
1960,MARC,182,182,0
1960,MANUEL,6,6,0
1960,MANLEY,5,5,0
1960,MANFRED,10,10,0
1960,MALE,23,23,0
1960,MARCUS,20,20,0
1960,LYLE,42,42,0
1960,LOUIS,96,96,0
1960,LUKE,13,13,0
1960,LUIGINO,5,5,0
1960,LUIGI,80,80,0
1960,LUCIEN,8,8,0
1960,LUCIANO,30,30,0
1960,LUC,49,49,0
1960,MALCOLM,61,61,0
1961,ROCCO,35,35,0
1961,ROCH,9,9,0
1961,RODGER,17,17,0
1961,ROCKY,5,5,0
1961,RODERICK,59,59,0
1961,ROBERTO,81,81,0
1961,ROCK,5,5,0
1961,ROBERT,3253,3253,0
1961,RICKY,117,117,0
1961,RITCHIE,7,7,0
1961,RINO,6,6,0
1961,RICKIE,6,6,0
1961,RICKEY,24,24,0
1961,RICK,13,13,0
1961,RICHARD-JOSEPH,5,5,0
1961,RICHARD,1786,1786,0
1961,RODNEY,153,153,0
1961,ROBBIE,24,24,0
1961,ROGER,297,297,0
1961,JO,11,0,11
1961,ROLF,14,14,0
1961,JILLIAN,10,0,10
1961,JO ANN,11,0,11
1961,JO ANNE,18,0,18
1961,JO-ANN,68,0,68
1961,JO-ANNE,118,0,118
1961,JOAN,229,0,229
1961,JOANN,28,0,28
1961,JOANNA,28,0,28
1961,JOANNE,625,0,625
1961,JOCELYN,32,0,32
1961,ROY,174,174,0
1961,ROSS,121,121,0
1961,ROSARIO,5,5,0
1961,RORY,9,9,0
1961,RONNY,10,10,0
1961,RONNIE,22,22,0
1961,RONALD,1049,1049,0
1961,ROMEO,7,7,0
1961,ROMAN,20,20,0
1961,ROLAND,45,45,0
1961,RICCARDO,9,9,0
1961,RANDAL,42,42,0
1961,RHEAL,11,11,0
1961,PIERO,11,11,0
1961,PHILLIP,71,71,0
1961,PHILIPPE,6,6,0
1961,PHILIP,327,327,0
1961,PETER-JOHN,6,6,0
1961,PETER,1256,1256,0
1961,PERRY,147,147,0
1961,PERCY,12,12,0
1961,PAULO,8,8,0
1961,PAUL,1729,1729,0
1961,PATRICK,439,439,0
1961,PATRIC,5,5,0
1961,PASQUALE,39,39,0
1961,PAOLO,42,42,0
1961,OWEN,20,20,0
1961,OTTO,9,9,0
1961,OSCAR,6,6,0
1961,JILL,138,0,138
1961,OSWALD,5,5,0
1961,PIERRE,116,116,0
1961,RICARDO,5,5,0
1961,PIETER,8,8,0
1961,RAFFAELE,15,15,0
1961,REYNOLD,8,8,0
1961,REX,13,13,0
1961,RENZO,7,7,0
1961,RENE,41,41,0
1961,RENATO,17,17,0
1961,REMO,6,6,0
1961,REMI,7,7,0
1961,REJEAN,12,12,0
1961,REID,5,5,0
1961,REGINALD,58,58,0
1961,REGAN,5,5,0
1961,RAYMOND,397,397,0
1961,RAY,15,15,0
1961,RAPHAEL,6,6,0
1961,RANDY,320,320,0
1961,RANDOLPH,112,112,0
1961,RANDOLF,7,7,0
1961,RANDALL,271,271,0
1961,RALPH,141,141,0
1961,PIETRO,45,45,0
1961,JEWEL,6,0,6
1961,HILDA,22,0,22
1961,JESSICA,7,0,7
1961,GIUSEPPINA,61,0,61
1961,GLADYS,15,0,15
1961,GLENDA,62,0,62
1961,GLENNA,22,0,22
1961,GLORIA,96,0,96
1961,GRACE,72,0,72
1961,GRAZIA,10,0,10
1961,GRAZIELLA,16,0,16
1961,GUYLAINE,6,0,6
1961,GWEN,34,0,34
1961,GWENDOLYN,40,0,40
1961,GWENYTH,6,0,6
1961,HARRIET,7,0,7
1961,HAZEL,18,0,18
1961,HEATHER,623,0,623
1961,HEDY,6,0,6
1961,HEIDI,69,0,69
1961,HELEN,250,0,250
1961,HELENA,18,0,18
1961,GIULIANA,8,0,8
1961,HELENE,27,0,27
1961,GISELLE,12,0,12
1961,GIRL,7,0,7
1961,ORVILLE,9,9,0
1961,GABRIELLE,21,0,21
1961,GAIL,225,0,225
1961,GALE,11,0,11
1961,GAY,10,0,10
1961,GAYLE,46,0,46
1961,GENEVIEVE,14,0,14
1961,GEORGETTE,10,0,10
1961,GEORGIA,12,0,12
1961,GEORGINA,44,0,44
1961,GERALDINE,59,0,59
1961,GERMAINE,10,0,10
1961,GERTRUDE,24,0,24
1961,GIANNA,8,0,8
1961,GILDA,6,0,6
1961,GILLIAN,34,0,34
1961,GINA,70,0,70
1961,GINETTE,23,0,23
1961,GIOVANNA,47,0,47
1961,GISELE,35,0,35
1961,JESSIE,10,0,10
1961,HELGA,11,0,11
1961,HILARY,15,0,15
1961,JANET,716,0,716
1961,JANETTE,41,0,41
1961,JANICE,539,0,539
1961,JANIE,11,0,11
1961,JANINE,77,0,77
1961,JANIS,46,0,46
1961,JANNETTE,8,0,8
1961,JAQUELINE,19,0,19
1961,JAYNE,39,0,39
1961,JEAN,253,136,117
1961,JEANETTE,64,0,64
1961,JEANINE,8,0,8
1961,JEANNE,37,0,37
1961,JEANNETTE,25,0,25
1961,JEANNIE,6,0,6
1961,JEANNINE,18,0,18
1961,JENNIE,14,0,14
1961,JENNIFER,424,0,424
1961,JENNY,40,0,40
1961,JANE,358,0,358
1961,HENRIETTA,21,0,21
1961,JANA,9,0,9
1961,JAMIE,134,94,40
1961,HOLLY,60,0,60
1961,HOPE,17,0,17
1961,IDA,33,0,33
1961,INA,8,0,8
1961,INFANT,81,37,44
1961,INGRID,76,0,76
1961,IRENA,13,0,13
1961,IRENE,165,0,165
1961,IRIS,28,0,28
1961,IRMA,10,0,10
1961,ISABEL,20,0,20
1961,ISABELLA,7,0,7
1961,ISABELLE,6,0,6
1961,ISOBEL,6,0,6
1961,IVANA,21,0,21
1961,JACINTHE,6,0,6
1961,JACKIE,19,8,11
1961,JACQUELINE,493,0,493
1961,JACQUELYN,16,0,16
1961,JAN,47,34,13
1961,OLIVER,14,14,0
1961,CARLA,83,0,83
1961,NORMAN,223,223,0
1961,LEE,111,46,65
1961,LEE-ANN,8,0,8
1961,LEE-ANNE,6,0,6
1961,LEESA,6,0,6
1961,LEIGH,10,0,10
1961,LEILA,14,0,14
1961,LEISA,12,0,12
1961,LENA,18,0,18
1961,LEANNE,51,0,51
1961,LENORA,8,0,8
1961,LEONA,34,0,34
1961,LESA,7,0,7
1961,LESLEE,6,0,6
1961,LESLEY,63,0,63
1961,LESLIE,371,110,261
1961,LETA,7,0,7
1961,LIANE,9,0,9
1961,LIANNE,10,0,10
1961,LENORE,16,0,16
1961,LEAH,25,0,25
1961,LEA,15,0,15
1961,LAWRIE,6,0,6
1961,KRISTEN,7,0,7
1961,KRISTIN,7,0,7
1961,KRISTINA,19,0,19
1961,KRISTINE,21,0,21
1961,KRISTY,6,0,6
1961,KRYSTYNA,8,0,8
1961,LANA,38,0,38
1961,LAURA,593,0,593
1961,LAURA-LEE,10,0,10
1961,LAUREEN,12,0,12
1961,LAUREL,62,0,62
1961,LAUREN,16,0,16
1961,LAURENE,8,0,8
1961,LAURETTA,6,0,6
1961,LAURETTE,10,0,10
1961,LAURI,17,0,17
1961,LAURIE,566,13,553
1961,LAURIE-ANN,7,0,7
1961,LAURIE-ANNE,8,0,8
1961,LIDIA,12,0,12
1961,LIISA,6,0,6
1961,LILA,10,0,10
1961,LILIAN,10,0,10
1961,LORI-ANN,28,0,28
1961,LORI-ANNE,17,0,17
1961,LORI-LYNN,6,0,6
1961,LORIANN,10,0,10
1961,LORIANNE,7,0,7
1961,LORIE,92,0,92
1961,LORNA,76,0,76
1961,LORRAINE,289,0,289
1961,LORRI,18,0,18
1961,LORRIE,69,0,69
1961,LOU,6,0,6
1961,LOUANNE,7,0,7
1961,LOUISA,10,0,10
1961,LOUISE,209,0,209
1961,LUANNE,8,0,8
1961,LUBA,6,0,6
1961,LUCIA,89,0,89
1961,LUCIANA,20,0,20
1961,GABRIELLA,10,0,10
1961,LORI,743,0,743
1961,KRISTA,34,0,34
1961,LORETTA,99,0,99
1961,LORENA,12,0,12
1961,LILIANA,21,0,21
1961,LILLIAN,41,0,41
1961,LILLY,6,0,6
1961,LILY,9,0,9
1961,LINA,42,0,42
1961,LINDA,1313,0,1313
1961,LINDSAY,25,16,9
1961,LINE,9,0,9
1961,LISA,589,0,589
1961,LISE,93,0,93
1961,LISETTE,10,0,10
1961,LIZA,7,0,7
1961,LOIS,87,0,87
1961,LOLA,8,0,8
1961,LORA,13,0,13
1961,LORAINE,16,0,16
1961,LOREDANA,7,0,7
1961,LOREEN,14,0,14
1961,LORELEI,19,0,19
1961,LORENE,8,0,8
1961,NORMAND,24,24,0
1961,KIRSTEN,11,0,11
1961,KIMBERLY,668,11,657
1961,MIKE,20,20,0
1961,MICHELANGELO,5,5,0
1961,MICHEL,176,176,0
1961,MICHEAL,150,150,0
1961,MICHAEL,2991,2991,0
1961,MERVIN,15,15,0
1961,MELVIN,36,36,0
1961,MELVILLE,5,5,0
1961,MILES,16,16,0
1961,MAYNARD,6,6,0
1961,MAX,6,6,0
1961,MAURO,17,17,0
1961,JOCELYNE,16,0,16
1961,JODI,21,0,21
1961,JODY,73,16,57
1961,JOHANNA,24,0,24
1961,JOHANNE,21,0,21
1961,JOHNNA,6,0,6
1961,MAXWELL,10,10,0
1961,MILTON,9,9,0
1961,MITCHELL,52,52,0
1961,MONTY,5,5,0
1961,NORBERT,9,9,0
1961,NOEL,18,18,0
1961,NO,5,5,0
1961,NINO,7,7,0
1961,NIGEL,8,8,0
1961,NICOLAS,5,5,0
1961,NICKOLAS,12,12,0
1961,NICK,30,30,0
1961,NICHOLAS,96,96,0
1961,NELSON,46,46,0
1961,NEIL,160,160,0
1961,NEAL,18,18,0
1961,NATHAN,13,13,0
1961,MYRON,6,6,0
1961,MYLES,6,6,0
1961,MURRAY,199,199,0
1961,MORRIS,25,25,0
1961,MORLEY,8,8,0
1961,MORGAN,9,9,0
1961,JONI,10,0,10
1961,JOSEPHINE,70,0,70
1961,JOY,50,0,50
1961,JOYCE,126,0,126
1961,KATHRINE,21,0,21
1961,KATHRYN,305,0,305
1961,KATHY,137,0,137
1961,KATRINA,6,0,6
1961,KAY,8,0,8
1961,KELLEY,37,0,37
1961,KELLI,6,0,6
1961,KELLIE,19,0,19
1961,KELLY,693,90,603
1961,KELLY-ANN,8,0,8
1961,KENDRA,14,0,14
1961,KERI,8,0,8
1961,KERRI,18,0,18
1961,KERRIE,6,0,6
1961,KERRY,143,81,62
1961,KIM,277,39,238
1961,KIMBERLEE,18,0,18
1961,KIMBERLEY,442,0,442
1961,KIMBERLEY-ANN,7,0,7
1961,KATHLEEN,493,0,493
1961,KIMBERLY-ANN,7,0,7
1961,KATHIE,7,0,7
1961,KATHARINE,58,0,58
1961,JUANITA,16,0,16
1961,JUDI,9,0,9
1961,JUDITH,415,0,415
1961,JUDY,192,0,192
1961,JULIA,150,0,150
1961,JULIANA,8,0,8
1961,JULIANNE,9,0,9
1961,JULIE,358,0,358
1961,JULIET,8,0,8
1961,JULIETTE,20,0,20
1961,JUNE,73,0,73
1961,KARAN,6,0,6
1961,KAREN,1717,0,1717
1961,KARI,13,5,8
1961,KARIN,38,0,38
1961,KARLA,10,0,10
1961,KARON,7,0,7
1961,KARRIE,10,0,10
1961,KATHARINA,9,0,9
1961,KATHERINE,454,0,454
1961,GABRIELE,16,8,8
1961,CANDACE,23,0,23
1961,FREDA,12,0,12
1961,ALLYSON,14,0,14
1961,ALMA,8,0,8
1961,ALYSON,8,0,8
1961,AMANDA,32,0,32
1961,AMBER,6,0,6
1961,AMELIA,8,0,8
1961,AMY,33,0,33
1961,ANA,19,0,19
1961,ALLISON,41,0,41
1961,ANASTASIA,19,0,19
1961,ANDREE,18,0,18
1961,ANGELA,326,0,326
1961,ANGELE,7,0,7
1961,ANGELICA,6,0,6
1961,ANGELIKA,13,0,13
1961,ANGELINA,29,0,29
1961,ANGELIQUE,7,0,7
1961,ANITA,164,0,164
1961,ANDREA,192,7,185
1961,ALISON,121,0,121
1961,ALINE,10,0,10
1961,ALICIA,11,0,11
1961,RUSSELL,186,186,0
1961,RUSSEL,20,20,0
1961,RUDY,7,7,0
1961,RUDOLPH,7,7,0
1961,RUDOLF,7,7,0
1961,ROYDEN,5,5,0
1961,ADA,10,0,10
1961,ADELE,34,0,34
1961,ADELINA,14,0,14
1961,ADRIANA,32,0,32
1961,ADRIENNE,30,0,30
1961,AGNES,24,0,24
1961,AILEEN,18,0,18
1961,ALANNA,7,0,7
1961,ALBA,6,0,6
1961,ALDA,7,0,7
1961,ALEXANDRA,48,0,48
1961,ALEXIS,6,0,6
1961,ALICE,87,0,87
1961,ANN,244,0,244
1961,ANN-MARIE,10,0,10
1961,ANNA,350,0,350
1961,ANNA-MARIA,7,0,7
1961,BERNICE,48,0,48
1961,BERTHA,10,0,10
1961,BETH,65,0,65
1961,BETSY,8,0,8
1961,BETTINA,9,0,9
1961,BETTY,136,0,136
1961,BEVERLEY,109,0,109
1961,BEVERLY,259,13,246
1961,BIRGIT,9,0,9
1961,BONITA,59,0,59
1961,BONNIE,312,0,312
1961,BONNY,20,0,20
1961,BRENDA,1051,0,1051
1961,BRENDA-LEE,9,0,9
1961,BRIDGET,28,0,28
1961,BRIGIDA,9,0,9
1961,BRIGITTE,20,0,20
1961,BRUNA,12,0,12
1961,CAMILLA,7,0,7
1961,BERNADETTE,51,0,51
1961,RUSTY,6,6,0
1961,BELINDA,41,0,41
1961,BEATRICE,23,0,23
1961,ANNAMARIA,13,0,13
1961,ANNE,418,0,418
1961,ANNE-MARIE,22,0,22
1961,ANNEMARIE,17,0,17
1961,ANNETTE,141,0,141
1961,ANNIE,19,0,19
1961,ANTOINETTE,15,0,15
1961,ANTONELLA,8,0,8
1961,ANTONIA,13,0,13
1961,ANTONIETTA,65,0,65
1961,ANTONINA,8,0,8
1961,APRIL,68,0,68
1961,ARLENE,108,0,108
1961,ASSUNTA,24,0,24
1961,ASTRID,10,0,10
1961,AUDREY,80,0,80
1961,BABY,795,444,351
1961,BARBARA,888,0,888
1961,BARBRA,13,0,13
1961,BECKY,16,0,16
1961,LUCIE,35,0,35
1961,RYAN,8,8,0
1961,SALVATORE,58,58,0
1961,VINCENT,110,110,0
1961,VICTOR,103,103,0
1961,VERNON,39,39,0
1961,VAUGHN,8,8,0
1961,VALENTINO,5,5,0
1961,TROY,36,36,0
1961,TREVOR,58,58,0
1961,TRENT,16,16,0
1961,VINCENZO,71,71,0
1961,TRAVIS,8,8,0
1961,TONINO,9,9,0
1961,TOMMY,22,22,0
1961,TOMMASO,8,8,0
1961,TOM,12,12,0
1961,TODD,177,177,0
1961,TOD,7,7,0
1961,TIMOTHY,943,943,0
1961,TIMMY,14,14,0
1961,TONY,69,69,0
1961,VITO,21,21,0
1961,VITTORIO,9,9,0
1961,WADE,37,37,0
1961,YVON,22,22,0
1961,YVES,13,13,0
1961,YVAN,9,9,0
1961,WYATT,5,5,0
1961,WINSTON,10,10,0
1961,WILLIAM,1937,1937,0
1961,WILLARD,10,10,0
1961,WILHELMUS,5,5,0
1961,WILFRID,8,8,0
1961,WILFRED,46,46,0
1961,WILBERT,7,7,0
1961,WESLEY,46,46,0
1961,WERNER,13,13,0
1961,WENDELL,6,6,0
1961,WAYNE,542,542,0
1961,WARREN,85,85,0
1961,WARD,11,11,0
1961,WALTER,203,203,0
1961,WALLACE,24,24,0
1961,TIMMOTHY,6,6,0
1961,THOMAS,1133,1133,0
1961,THEODORE,80,80,0
1961,THANE,6,6,0
1961,SILVIO,9,9,0
1961,SILVANO,9,9,0
1961,SIDNEY,25,25,0
1961,SHELDON,41,41,0
1961,SHAYNE,11,11,0
1961,SHAUN,21,21,0
1961,SHANE,43,43,0
1961,SERGIO,24,24,0
1961,SERGE,11,11,0
1961,SEBASTIANO,8,8,0
1961,SEAN,104,104,0
1961,SCOTT,640,640,0
1961,SCOT,9,9,0
1961,SAVERIO,9,9,0
1961,SANTO,7,7,0
1961,SANFORD,6,6,0
1961,SANDRO,24,24,0
1961,SAMUEL,71,71,0
1961,SAM,8,8,0
1961,SIMON,29,29,0
1961,SABATINO,6,6,0
1961,SPENCER,5,5,0
1961,STANLEY,122,122,0
1961,TERRENCE,85,85,0
1961,TERRANCE,128,128,0
1961,TERENCE,46,46,0
1961,TEDDY,17,17,0
1961,TED,23,23,0
1961,TARAS,9,9,0
1961,TADEUSZ,6,6,0
1961,SYLVAIN,15,15,0
1961,SYDNEY,6,6,0
1961,STUART,99,99,0
1961,STEWART,78,78,0
1961,STEVEN,1174,1174,0
1961,STEVE,64,64,0
1961,STERLING,7,7,0
1961,STEPHEN,1428,1428,0
1961,STEPHAN,27,27,0
1961,STEFANO,20,20,0
1961,STEFAN,15,15,0
1961,STANLY,8,8,0
1961,STANISLAW,6,6,0
1961,CANDICE,9,0,9
1961,CAREY,37,25,12
1961,ROYAL,5,5,0
1961,DIANNA,32,0,32
1961,DIANNE,225,0,225
1961,DINA,13,0,13
1961,DINAH,7,0,7
1961,DOLORES,38,0,38
1961,DOMENICA,11,0,11
1961,DONNA,963,0,963
1961,DONNA-MARIE,14,0,14
1961,DIANE,578,0,578
1961,DORA,21,0,21
1961,DORIS,100,0,100
1961,DOROTHY,136,0,136
1961,EDA,7,0,7
1961,EDITH,43,0,43
1961,EDNA,35,0,35
1961,EDWINA,12,0,12
1961,EILEEN,64,0,64
1961,ELAINE,202,0,202
1961,DOREEN,47,0,47
1961,DIANA,297,0,297
1961,DESIREE,11,0,11
1961,DENYSE,8,0,8
1961,DEANA,8,0,8
1961,DEANNA,69,0,69
1961,DEANNE,13,0,13
1961,DEBBIE,165,0,165
1961,DEBBRA,16,0,16
1961,DEBBY,11,0,11
1961,DEBORA,82,0,82
1961,DEBORAH,1273,0,1273
1961,DEBORAH-ANN,10,0,10
1961,DEBRA,553,0,553
1961,DEBRA-ANN,6,0,6
1961,DEBRAH,9,0,9
1961,DEENA,7,0,7
1961,DEIDRE,7,0,7
1961,DEIRDRE,20,0,20
1961,DELLA,18,0,18
1961,DELORES,6,0,6
1961,DENA,9,0,9
1961,DENISE,389,0,389
1961,ELEANOR,56,0,56
1961,ELENA,22,0,22
1961,ELEONORA,6,0,6
1961,ELISA,18,0,18
1961,EVE,7,0,7
1961,EVELYN,93,0,93
1961,FAITH,20,0,20
1961,FAY,20,0,20
1961,FAYE,30,0,30
1961,FEMALE,14,0,14
1961,FERN,18,0,18
1961,FILOMENA,31,0,31
1961,FIONA,24,0,24
1961,FIORELLA,7,0,7
1961,FLORA,10,0,10
1961,FLORENCE,42,0,42
1961,FRANCA,45,0,45
1961,FRANCE,8,0,8
1961,FRANCES,158,0,158
1961,FRANCESCA,32,0,32
1961,FRANCINE,88,0,88
1961,FRANCIS,143,133,10
1961,FRANCOISE,7,0,7
1961,EVA,61,0,61
1961,DAWNE,11,0,11
1961,EUNICE,6,0,6
1961,ETHEL,9,0,9
1961,ELISABETH,53,0,53
1961,ELISABETTA,15,0,15
1961,ELISE,13,0,13
1961,ELIZABETH,856,0,856
1961,ELIZEBETH,7,0,7
1961,ELLA,8,0,8
1961,ELLEN,127,0,127
1961,ELSA,12,0,12
1961,ELSIE,19,0,19
1961,ELVIRA,13,0,13
1961,EMILIA,13,0,13
1961,EMILY,25,0,25
1961,EMMA,20,0,20
1961,ENZA,9,0,9
1961,ERICA,27,0,27
1961,ERIKA,12,0,12
1961,ERIN,45,0,45
1961,ESTELLE,7,0,7
1961,ESTHER,54,0,54
1961,ETTA,7,0,7
1961,DAWNA,13,0,13
1961,DAWN,233,0,233
1961,DARYL,76,68,8
1961,CATHERINE,1179,0,1179
1961,CATHLEEN,11,0,11
1961,CATHRINE,16,0,16
1961,CATHRYN,18,0,18
1961,CATHY,140,0,140
1961,CECILE,16,0,16
1961,CECILIA,17,0,17
1961,CELESTE,14,0,14
1961,CELESTINA,7,0,7
1961,CELIA,10,0,10
1961,CELINE,15,0,15
1961,CHANTAL,17,0,17
1961,CHARLENE,135,0,135
1961,CHARLINE,6,0,6
1961,CHARLOTTE,47,0,47
1961,CHARMAINE,20,0,20
1961,CHERI,8,0,8
1961,CHERIE,11,0,11
1961,CHERYL,762,0,762
1961,CATHARINE,67,0,67
1961,CHERYL-ANN,6,0,6
1961,CATHARINA,10,0,10
1961,CASSANDRA,8,0,8
1961,CARMEL,12,0,12
1961,CARMELA,39,0,39
1961,CARMELINA,20,0,20
1961,CARMEN,72,8,64
1961,CAROL,718,0,718
1961,CAROL-ANN,12,0,12
1961,CAROL-ANNE,6,0,6
1961,CAROLANN,7,0,7
1961,CAROLE,130,0,130
1961,CAROLINA,7,0,7
1961,CAROLINE,198,0,198
1961,CAROLYN,362,0,362
1961,CAROLYNE,8,0,8
1961,CAROLYNN,18,0,18
1961,CAROLYNNE,7,0,7
1961,CARON,6,0,6
1961,CARRIE,80,0,80
1961,CARROL,7,0,7
1961,CARYN,8,0,8
1961,CATERINA,21,0,21
1961,GABRIELA,7,0,7
1961,CHERYL-ANNE,8,0,8
1961,CHERYLE,9,0,9
1961,CORINNE,78,0,78
1961,CORNELIA,22,0,22
1961,CORRINE,17,0,17
1961,CRISTINA,13,0,13
1961,CRYSTAL,32,0,32
1961,CYNTHIA,594,0,594
1961,DAINA,7,0,7
1961,DAISY,9,0,9
1961,DALE,351,276,75
1961,DANA,70,24,46
1961,DANICA,10,0,10
1961,DANIELA,17,0,17
1961,DANIELLE,51,0,51
1961,DAPHNE,16,0,16
1961,DARCY,47,39,8
1961,DARIA,9,0,9
1961,DARLA,12,0,12
1961,DARLEEN,8,0,8
1961,DARLENE,473,0,473
1961,CORINNA,9,0,9
1961,CHERYL-LYNN,7,0,7
1961,CORINE,7,0,7
1961,CORA,9,0,9
1961,CHRISTA,9,0,9
1961,CHRISTENA,6,0,6
1961,CHRISTIANE,7,0,7
1961,CHRISTINA,145,0,145
1961,CHRISTINE,706,0,706
1961,CINDY,475,0,475
1961,CINDY-LOU,10,0,10
1961,CLAIRE,38,0,38
1961,CLARA,42,0,42
1961,CLARE,10,0,10
1961,CLAUDETTE,52,0,52
1961,CLAUDIA,26,0,26
1961,COLEEN,14,0,14
1961,COLETTE,56,0,56
1961,COLLEEN,309,0,309
1961,CONCETTA,24,0,24
1961,CONCETTINA,11,0,11
1961,CONNIE,132,0,132
1961,CONSTANCE,111,0,111
1961,CORINA,11,0,11
1961,LUCILLE,27,0,27
1961,MICHELLE,287,0,287
1961,LUCY,41,0,41
1961,GARRY,80,80,0
1961,GARNET,15,15,0
1961,GARFIELD,7,7,0
1961,GARETH,7,7,0
1961,GAETANO,16,16,0
1961,GAETAN,13,13,0
1961,GABRIEL,18,18,0
1961,FREDRICK,46,46,0
1961,GARTH,25,25,0
1961,FREDERICK,197,197,0
1961,FRED,13,13,0
1961,FRASER,22,22,0
1961,FRANKLIN,31,31,0
1961,FRANK,330,330,0
1961,FRANCOIS,19,19,0
1961,FRANCO,72,72,0
1961,FRANCESCO,96,96,0
1961,FLOYD,16,16,0
1961,FREDERIC,6,6,0
1961,GARY,728,728,0
1961,GASTON,8,8,0
1961,GAVIN,19,19,0
1961,GILLES,46,46,0
1961,GILES,6,6,0
1961,GILBERT,37,37,0
1961,GIANNI,28,28,0
1961,GIANFRANCO,6,6,0
1961,GIANCARLO,7,7,0
1961,GERRY,15,15,0
1961,GERRIT,6,6,0
1961,GERRARD,8,8,0
1961,GERHARD,10,10,0
1961,GERARDUS,6,6,0
1961,GERARDO,8,8,0
1961,GERARD,80,80,0
1961,LUCINDA,13,0,13
1961,GEORGE,539,539,0
1961,GEOFFREY,134,134,0
1961,GEOFFERY,7,7,0
1961,GENNARO,8,8,0
1961,GENE,11,11,0
1961,FILIPPO,13,13,0
1961,FERNANDO,11,11,0
1961,FERNAND,14,14,0
1961,FERDINANDO,6,6,0
1961,EMANUEL,5,5,0
1961,ELWOOD,5,5,0
1961,ELMER,15,15,0
1961,ELLIOTT,7,7,0
1961,ELIO,13,13,0
1961,ELDON,7,7,0
1961,EDWIN,49,49,0
1961,EDWARD,561,561,0
1961,EDUARD,8,8,0
1961,EDOUARD,5,5,0
1961,EDMUND,13,13,0
1961,EDMOND,22,22,0
1961,EDGAR,26,26,0
1961,EDDY,17,17,0
1961,EDDIE,12,12,0
1961,EARLE,6,6,0
1961,EARL,63,63,0
1961,DWIGHT,29,29,0
1961,DWAYNE,122,122,0
1961,EMERSON,7,7,0
1961,GINO,25,25,0
1961,EMERY,6,6,0
1961,EMIL,5,5,0
1961,FELIX,7,7,0
1961,FARON,10,10,0
1961,FABIO,8,8,0
1961,EVERETT,9,9,0
1961,EVAN,20,20,0
1961,EUGENIO,18,18,0
1961,EUGENE,46,46,0
1961,ETTORE,6,6,0
1961,ERWIN,16,16,0
1961,ERNIE,6,6,0
1961,ERNESTO,6,6,0
1961,ERNEST,82,82,0
1961,ERIK,8,8,0
1961,ERIC,240,240,0
1961,ENZO,19,19,0
1961,ENRICO,14,14,0
1961,ENIO,5,5,0
1961,EMILIO,14,14,0
1961,EMILE,16,16,0
1961,EMIDIO,9,9,0
1961,DWAINE,5,5,0
1961,GIORGIO,18,18,0
1961,GIULIANO,9,9,0
1961,JEREMY,10,10,0
1961,JEFFREY,1038,1038,0
1961,JEFFERY,118,118,0
1961,JEFFERSON,6,6,0
1961,JEFFEREY,5,5,0
1961,JEFF,7,7,0
1961,JEAN-PIERRE,14,14,0
1961,JEAN-PAUL,9,9,0
1961,JEROME,33,33,0
1961,JEAN-MARC,13,13,0
1961,JAY,59,59,0
1961,JASON,34,34,0
1961,JAMES,2296,2296,0
1961,JAIME,5,5,0
1961,JACQUES,52,52,0
1961,JACOBUS,13,13,0
1961,JACOB,33,33,0
1961,JACK,84,84,0
1961,JEAN-GUY,7,7,0
1961,JERRY,69,69,0
1961,JESSE,9,9,0
1961,JIM,10,10,0
1961,JOSE,30,30,0
1961,JOS,9,9,0
1961,JORDAN,9,9,0
1961,JONATHON,9,9,0
1961,JONATHAN,99,99,0
1961,JON,27,27,0
1961,JOHNY,6,6,0
1961,JOHN-PAUL,5,5,0
1961,JOHNNY,37,37,0
1961,JOHN,3341,3341,0
1961,JOHANNES,15,15,0
1961,JOHANN,8,8,0
1961,JOHAN,8,8,0
1961,JOEY,10,10,0
1961,JOESPH,11,11,0
1961,JOEL,66,66,0
1961,JOE,19,19,0
1961,JOAO,7,7,0
1961,JIMMY,35,35,0
1961,J,14,14,0
1961,IVANO,8,8,0
1961,IVAN,54,54,0
1961,ITALO,5,5,0
1961,GUS,5,5,0
1961,GUISEPPE,5,5,0
1961,GUIDO,7,7,0
1961,GREIG,6,6,0
1961,GREGORY,772,772,0
1961,GREGORIO,6,6,0
1961,GREGOIRE,7,7,0
1961,GREGG,16,16,0
1961,GREG,12,12,0
1961,GRANT,141,141,0
1961,GRAHAM,84,84,0
1961,GRAEME,16,16,0
1961,GORDON,480,480,0
1961,GORDEN,8,8,0
1961,GLENN,357,357,0
1961,GLENDON,6,6,0
1961,GLEN,174,174,0
1961,GIUSEPPE,174,174,0
1961,GIULIO,8,8,0
1961,GUY,112,112,0
1961,GIOVANNI,115,115,0
1961,HAL,7,7,0
1961,HANS,18,18,0
1961,ISAAC,5,5,0
1961,IRA,5,5,0
1961,IAN,324,324,0
1961,IAIN,18,18,0
1961,HUGH,68,68,0
1961,HUBERT,9,9,0
1961,HOWARD,116,116,0
1961,HERMAN,10,10,0
1961,HERBERT,52,52,0
1961,HENRY,143,143,0
1961,HENRI,10,10,0
1961,HENDRIK,13,13,0
1961,HECTOR,8,8,0
1961,HARVEY,45,45,0
1961,HARRY,102,102,0
1961,HARRIS,5,5,0
1961,HAROLD,140,140,0
1961,HARLEY,5,5,0
1961,HARALD,7,7,0
1961,HANK,7,7,0
1961,JOSEF,14,14,0
1961,DUNCAN,35,35,0
1961,DREW,20,20,0
1961,BERTRAM,7,7,0
1961,BERRY,6,6,0
1961,BERNHARD,10,10,0
1961,BERNARD,124,124,0
1961,BENTLEY,13,13,0
1961,BENOIT,8,8,0
1961,BENNY,6,6,0
1961,BENJAMIN,44,44,0
1961,BILL,17,17,0
1961,BENEDICT,5,5,0
1961,BEN,7,7,0
1961,BASIL,8,8,0
1961,BARTON,17,17,0
1961,BART,8,8,0
1961,BARRY,352,352,0
1961,BARRON,5,5,0
1961,BARRIE,11,11,0
1961,ATTILIO,5,5,0
1961,BENEDETTO,5,5,0
1961,BILLY,9,9,0
1961,BLAINE,27,27,0
1961,BLAIR,64,64,0
1961,BROCK,9,9,0
1961,BRIEN,8,8,0
1961,BRIAN,1369,1369,0
1961,BRETT,56,56,0
1961,BRET,5,5,0
1961,BRENT,156,156,0
1961,BRENDAN,19,19,0
1961,BRANT,9,9,0
1961,BRADLY,10,10,0
1961,BRADLEY,487,487,0
1961,BRADFORD,12,12,0
1961,BRAD,6,6,0
1961,BOYD,11,11,0
1961,BOY,9,9,0
1961,BORIS,14,14,0
1961,BOHDAN,8,8,0
1961,BOBBY,11,11,0
1961,BOB,5,5,0
1961,BLAKE,24,24,0
1961,ATTILA,5,5,0
1961,ASHLEY,7,7,0
1961,ARTHUR,152,152,0
1961,ARNOLD,52,52,0
1961,ALFRED,66,66,0
1961,ALFONSO,5,5,0
1961,ALEXANDER,142,142,0
1961,ALEX,23,23,0
1961,ALESSANDRO,9,9,0
1961,ALEC,8,8,0
1961,ALDO,22,22,0
1961,ALBERTO,14,14,0
1961,ALBERT,140,140,0
1961,ALAN,387,387,0
1961,ALAIN,33,33,0
1961,AGOSTINO,9,9,0
1961,ADRIEN,6,6,0
1961,ADRIANUS,5,5,0
1961,ADRIANO,9,9,0
1961,ADRIAN,34,34,0
1961,ADAM,49,49,0
1961,ABRAHAM,12,12,0
1961,AARON,21,21,0
1961,ALFREDO,11,11,0
1961,BROOKE,9,9,0
1961,ALLAN,269,269,0
1961,ALVIN,22,22,0
1961,ARMAND,12,12,0
1961,ARDEN,5,5,0
1961,ARCHIE,8,8,0
1961,ARCHIBALD,5,5,0
1961,ANTONY,24,24,0
1961,ANTONIO,221,221,0
1961,ANTONINO,25,25,0
1961,ANTONI,7,7,0
1961,ANTON,10,10,0
1961,ANTHONY,391,391,0
1961,ANGUS,22,22,0
1961,ANGELO,68,68,0
1961,ANDY,17,17,0
1961,ANDREW,670,670,0
1961,ANDREAS,17,17,0
1961,ANDRE,111,111,0
1961,ANASTASIOS,6,6,0
1961,AMOS,6,6,0
1961,AMEDEO,6,6,0
1961,ALLEN,87,87,0
1961,DUANE,55,55,0
1961,BRUCE,471,471,0
1961,BRYAN,123,123,0
1961,DARRIN,9,9,0
1961,DARREN,84,84,0
1961,DARRELL,154,154,0
1961,DARREL,29,29,0
1961,DARIO,7,7,0
1961,DARIN,8,8,0
1961,DAREN,6,6,0
1961,D'ARCY,5,5,0
1961,DARRYL,65,65,0
1961,DANY,5,5,0
1961,DANNY,190,190,0
1961,DANILO,7,7,0
1961,DANIEL-JOSEPH,6,6,0
1961,DANIELE,14,14,0
1961,DANIEL,1190,1190,0
1961,DANIAL,18,18,0
1961,DANE,7,7,0
1961,DAN,12,12,0
1961,DANTE,9,9,0
1961,DARWIN,11,11,0
1961,DAVID,3492,3492,0
1961,DAVIDE,6,6,0
1961,DOUGLAS,1063,1063,0
1961,DONATO,20,20,0
1961,DONALD,1121,1121,0
1961,DON,9,9,0
1961,DOMINIC,12,12,0
1961,DOMENICO,96,96,0
1961,DOMENIC,6,6,0
1961,DIRK,7,7,0
1961,DINO,36,36,0
1961,DIMITRIOS,8,8,0
1961,DIETER,7,7,0
1961,DICK,6,6,0
1961,DESMOND,14,14,0
1961,DERRICK,73,73,0
1961,DERICK,5,5,0
1961,DEREK,89,89,0
1961,DENNIS,296,296,0
1961,DENIS,135,135,0
1961,DEAN,188,188,0
1961,DAMIAN,5,5,0
1961,CYRIL,8,8,0
1961,CURTIS,66,66,0
1961,CRAIG,271,271,0
1961,CHRIS,39,39,0
1961,CHESTER,10,10,0
1961,CHARLES,461,461,0
1961,CECIL,21,21,0
1961,CASEY,11,11,0
1961,CARY,15,15,0
1961,CARSON,7,7,0
1961,CARMINE,25,25,0
1961,CARMELO,12,12,0
1961,CARLOS,11,11,0
1961,CARLO,56,56,0
1961,CARL,177,177,0
1961,CAMERON,81,81,0
1961,CALVIN,65,65,0
1961,CALOGERO,9,9,0
1961,BYRON,27,27,0
1961,BURTON,6,6,0
1961,BUDDY,5,5,0
1961,BRYON,8,8,0
1961,CHRISTIAN,26,26,0
1961,BRUNO,44,44,0
1961,CHRISTOPHER,1009,1009,0
1961,CLARENCE,46,46,0
1961,COSIMO,8,8,0
1961,CORY,11,11,0
1961,CORRADO,7,7,0
1961,CORNELIUS,5,5,0
1961,COREY,14,14,0
1961,CONSTANTINOS,5,5,0
1961,CONRAD,12,12,0
1961,COLIN,116,116,0
1961,CLYDE,8,8,0
1961,CLIVE,7,7,0
1961,CLINTON,24,24,0
1961,CLIFTON,6,6,0
1961,CLIFFORD,103,103,0
1961,CLEMENT,12,12,0
1961,CLAYTON,46,46,0
1961,CLAUDIO,47,47,0
1961,CLAUDE,100,100,0
1961,CLARKE,5,5,0
1961,CLARK,24,24,0
1961,CHRISTOS,7,7,0
1961,JOSEPH,3650,3650,0
1961,GERALD,408,408,0
1961,JOSEPH-JEAN,5,5,0
1961,PATRICIA,1072,0,1072
1961,PATRIZIA,20,0,20
1961,PATSY,25,0,25
1961,PATTI,45,0,45
1961,PAULA,148,0,148
1961,PAULETTE,32,0,32
1961,PAULINE,134,0,134
1961,PEARL,12,0,12
1961,PATRICA,26,0,26
1961,PEGGY,115,0,115
1961,PENNEY,6,0,6
1961,PENNY,204,0,204
1961,PETRA,6,0,6
1961,PHYLLIS,57,0,57
1961,PIERRETTE,7,0,7
1961,PINA,10,0,10
1961,PRISCILLA,7,0,7
1961,RACHEL,30,0,30
1961,PENELOPE,48,0,48
1961,PASQUALINA,8,0,8
1961,PAOLA,22,0,22
1961,PAMELA,476,0,476
1961,NANCY,1033,0,1033
1961,NANCY-ANN,6,0,6
1961,NANETTE,7,0,7
1961,NAOMI,23,0,23
1961,NATALIE,39,0,39
1961,NELLIE,7,0,7
1961,NICOLA,46,40,6
1961,NICOLE,129,0,129
1961,NICOLETTE,6,0,6
1961,NINA,29,0,29
1961,NOELLA,10,0,10
1961,NOLA,8,0,8
1961,NORA,44,0,44
1961,NORAH,8,0,8
1961,NOREEN,18,0,18
1961,NORINE,18,0,18
1961,NORMA,66,0,66
1961,NOT,25,14,11
1961,OLGA,20,0,20
1961,RACHELLE,23,0,23
1961,RAE,7,0,7
1961,RAMONA,27,0,27
1961,RANDI,7,0,7
1961,ROSARIA,11,0,11
1961,ROSE,134,0,134
1961,ROSE-MARIE,8,0,8
1961,ROSEMARIE,55,0,55
1961,ROSEMARY,160,0,160
1961,ROSETTA,11,0,11
1961,ROSINA,17,0,17
1961,ROSLYN,6,0,6
1961,ROXANE,6,0,6
1961,ROXANNE,64,0,64
1961,RUBY,20,0,20
1961,RUTH,216,0,216
1961,SALLY,68,0,68
1961,SANDRA,1393,0,1393
1961,SANDY,14,7,7
1961,SARA,33,0,33
1961,SARAH,74,0,74
1961,SHANNON,48,0,48
1961,SHARI,73,0,73
1961,ROSANNE,57,0,57
1961,NADINE,50,0,50
1961,ROSANNA,29,0,29
1961,ROSALIE,20,0,20
1961,REBECCA,102,0,102
1961,REGINA,13,0,13
1961,RENA,16,0,16
1961,RENATA,10,0,10
1961,RENATE,7,0,7
1961,RENEE,60,0,60
1961,RETA,15,0,15
1961,RHONDA,164,0,164
1961,RINA,7,0,7
1961,RITA,176,0,176
1961,ROBBIN,6,0,6
1961,ROBERTA,77,0,77
1961,ROBIN,318,97,221
1961,ROBYN,24,0,24
1961,ROCHELLE,11,0,11
1961,RONDA,13,0,13
1961,ROSA,66,0,66
1961,ROSALBA,6,0,6
1961,ROSALIA,8,0,8
1961,ROSALIND,12,0,12
1961,SHARLENE,10,0,10
1961,NADIA,48,0,48
1961,MYRNA,11,0,11
1961,MARGOT,20,0,20
1961,MARGRET,11,0,11
1961,MARGUERITE,23,0,23
1961,MARIA,525,0,525
1961,MARIAN,64,0,64
1961,MARIANNA,21,0,21
1961,MARIANNE,79,0,79
1961,MARIE,2612,0,2612
1961,MARGO,20,0,20
1961,MARIE-ANNE,7,0,7
1961,MARIETTA,7,0,7
1961,MARIETTE,7,0,7
1961,MARILEE,6,0,6
1961,MARILENA,6,0,6
1961,MARILYN,230,0,230
1961,MARINA,49,0,49
1961,MARION,98,0,98
1961,MARISA,45,0,45
1961,MARIELLE,8,0,8
1961,MARGHERITA,6,0,6
1961,MARGARET,692,0,692
1961,MARCIA,43,0,43
1961,LUISA,31,0,31
1961,LYDIA,35,0,35
1961,LYN,8,0,8
1961,LYNDA,210,0,210
1961,LYNE,19,0,19
1961,LYNETTE,6,0,6
1961,LYNN,404,11,393
1961,LYNNE,98,0,98
1961,LYSE,7,0,7
1961,MABEL,8,0,8
1961,MADELAINE,6,0,6
1961,MADELEINE,15,0,15
1961,MADELINE,12,0,12
1961,MAE,9,0,9
1961,MANDY,9,0,9
1961,MANON,8,0,8
1961,MANUELA,15,0,15
1961,MARA,22,0,22
1961,MARCELLA,11,0,11
1961,MARJORIE,59,0,59
1961,MARLA,21,0,21
1961,MARLENE,160,0,160
1961,MARNIE,7,0,7
1961,MELISSA,30,0,30
1961,MELODIE,15,0,15
1961,MELODY,43,0,43
1961,MEREDITH,12,0,12
1961,MERLE,9,0,9
1961,JOSEPH-ANDRE,5,5,0
1961,MICHELINA,13,0,13
1961,MICHELINE,17,0,17
1961,MILDRED,13,0,13
1961,MIRELLA,29,0,29
1961,MIRIAM,35,0,35
1961,MOIRA,19,0,19
1961,MOLLY,7,0,7
1961,MONA,38,0,38
1961,MONICA,137,0,137
1961,MONIKA,27,0,27
1961,MONIQUE,108,0,108
1961,MURIEL,21,0,21
1961,MYRA,9,0,9
1961,MELINDA,22,0,22
1961,NADA,7,0,7
1961,MELANIE,86,0,86
1961,MAY,12,0,12
1961,MARSHA,38,0,38
1961,MARTA,13,0,13
1961,MARTHA,111,0,111
1961,MARTINA,17,0,17
1961,MARTINE,8,0,8
1961,MARY,2168,0,2168
1961,MARY-ANN,25,0,25
1961,MARY-ANNE,20,0,20
1961,MARY-ELLEN,7,0,7
1961,MARY-JANE,6,0,6
1961,MARY-JO,8,0,8
1961,MARY-LOU,10,0,10
1961,MARY-LOUISE,8,0,8
1961,MARY-LYNN,6,0,6
1961,MARYANN,30,0,30
1961,MARYANNE,27,0,27
1961,MARYLOU,8,0,8
1961,MAUREEN,278,0,278
1961,MAXINE,33,0,33
1961,MEGAN,12,0,12
1961,SHARON,705,0,705
1961,MICHELE,423,52,371
1961,SHAUNA,11,0,11
1961,MARCELLO,12,12,0
1961,MARCEL,56,56,0
1961,MARC,188,188,0
1961,MANUEL,14,14,0
1961,MANFRED,8,8,0
1961,MALE,19,19,0
1961,MALCOLM,46,46,0
1961,LYLE,32,32,0
1961,MARCO,20,20,0
1961,LUKE,17,17,0
1961,LUCIO,5,5,0
1961,LUCIEN,10,10,0
1961,LUCIANO,24,24,0
1961,LUC,49,49,0
1961,LOUIS,109,109,0
1961,LORNE,62,62,0
1961,LORIS,12,12,0
1961,LORENZO,23,23,0
1961,LUIGI,56,56,0
1961,MARCUS,12,12,0
1961,MAREK,10,10,0
1961,MARIO,111,111,0
1961,WILMA,51,0,51
1961,WINNIFRED,7,0,7
1961,YOLANDA,12,0,12
1961,YVETTE,30,0,30
1961,YVONNE,128,0,128
1961,ZENA,8,0,8
1961,MAURIZIO,22,22,0
1961,MAURICE,69,69,0
1961,MATTHEW,128,128,0
1961,MATHEW,18,18,0
1961,MASSIMO,8,8,0
1961,MARVIN,33,33,0
1961,MARTYN,5,5,0
1961,MARTY,10,10,0
1961,MARTIN,279,279,0
1961,MARSHALL,18,18,0
1961,MARKUS,6,6,0
1961,MARKO,7,7,0
1961,MARK,1709,1709,0
1961,LONNIE,5,5,0
1961,LLOYD,80,80,0
1961,LIVEBIRTH,5,5,0
1961,LIONEL,21,21,0
1961,KIETH,8,8,0
1961,KEVIN,1278,1278,0
1961,KEVEN,6,6,0
1961,KEVAN,5,5,0
1961,KENTON,8,8,0
1961,KENT,32,32,0
1961,KENNETH,918,918,0
1961,KENETH,7,7,0
1961,KEN,5,5,0
1961,KELVIN,31,31,0
1961,KEITH,313,313,0
1961,KARL,83,83,0
1961,JUSTIN,10,10,0
1961,JULIUS,7,7,0
1961,JULIAN,10,10,0
1961,JULES,9,9,0
1961,JOSHUA,8,8,0
1961,JOSEPH-ROBERT,5,5,0
1961,SHARRON,19,0,19
1961,KINGSLEY,6,6,0
1961,WILHELMINA,14,0,14
1961,KIRBY,15,15,0
1961,KONSTANTINOS,7,7,0
1961,LIAM,8,8,0
1961,LEWIS,24,24,0
1961,LESTER,11,11,0
1961,LEROY,8,8,0
1961,LEOPOLD,5,5,0
1961,LEONARD,157,157,0
1961,LEON,24,24,0
1961,LEO,82,82,0
1961,LENARD,8,8,0
1961,LAWRENCE,312,312,0
1961,LAURIER,5,5,0
1961,LAURENT,8,8,0
1961,LAURENCE,21,21,0
1961,LARRY,299,299,0
1961,LANCE,50,50,0
1961,LAIRD,8,8,0
1961,KYLE,14,14,0
1961,KURT,17,17,0
1961,KRISTOPHER,7,7,0
1961,KIRK,79,79,0
1961,WENDY,732,0,732
1961,LEONARDO,10,10,0
1961,VIVIAN,65,0,65
1961,SONJA,19,0,19
1961,SONYA,41,0,41
1961,SOPHIA,22,0,22
1961,SOPHIE,9,0,9
1961,STACEY,25,0,25
1961,STACY,19,11,8
1961,STELLA,29,0,29
1961,STEPHANIE,102,0,102
1961,SUE,14,0,14
1961,SUSAN,1974,0,1974
1961,SUSANE,7,0,7
1961,SUSANNA,34,0,34
1961,SUSANNE,97,0,97
1961,SUSIE,19,0,19
1961,SUZAN,11,0,11
1961,SUZANNE,318,0,318
1961,SUZETTE,9,0,9
1961,SYLVANA,10,0,10
1961,SYLVIA,138,0,138
1961,SONIA,35,0,35
1961,SYLVIE,39,0,39
1961,SIOBHAN,8,0,8
1961,SILVANA,49,0,49
1961,SHAWN,198,182,16
1961,WANDA,153,0,153
1961,SHAWNA,11,0,11
1961,SHEENA,7,0,7
1961,SHEILA,259,0,259
1961,SHELAGH,15,0,15
1961,SHELLEY,415,0,415
1961,SHELLY,104,0,104
1961,SHEREE,6,0,6
1961,SHERI,44,0,44
1961,SHERRI,61,0,61
1961,SHERRIE,18,0,18
1961,SHERRY,294,0,294
1961,SHERRY-LYNN,6,0,6
1961,SHERYL,53,0,53
1961,SHIELA,7,0,7
1961,SHIRLEY,227,0,227
1961,SHIRLEY-ANN,6,0,6
1961,SIGRID,9,0,9
1961,SIMONE,18,0,18
1961,TAMARA,42,0,42
1961,SILVIA,15,0,15
1961,TAMMIE,20,0,20
1961,TRUDY,37,0,37
1961,VALARIE,6,0,6
1961,VALERIE,276,0,276
1961,VANESSA,16,0,16
1961,VASILIKI,6,0,6
1961,VELMA,6,0,6
1961,VELVET,16,0,16
1961,VERA,34,0,34
1961,VERNA,17,0,17
1961,VERONICA,51,0,51
1961,VICKI,90,0,90
1961,VICKIE,23,0,23
1961,VICKY,45,0,45
1961,VICTORIA,206,0,206
1961,VINCENZA,11,0,11
1961,VIOLET,20,0,20
1961,VITTORIA,9,0,9
1961,TAMI,20,0,20
1961,VIRGINIA,99,0,99
1961,TRINA,6,0,6
1961,TRACY,409,29,380
1961,URSULA,12,0,12
1961,TRACEY,126,10,116
1961,TAMMY,241,0,241
1961,TAMRA,7,0,7
1961,TANIS,9,0,9
1961,TANYA,19,0,19
1961,TARA,20,0,20
1961,TERESA,396,0,396
1961,TRACIE,10,0,10
1961,TERRI,94,0,94
1961,TERRI-LYNN,6,0,6
1961,TERRIE,11,0,11
1961,TERI,14,0,14
1961,THELMA,13,0,13
1961,THEODORA,7,0,7
1961,THERESA,272,0,272
1961,THERESE,48,0,48
1961,TIINA,7,0,7
1961,TINA,123,0,123
1961,TERRY,519,420,99
1961,TONI,33,0,33
1962,DARIN,9,9,0
1962,D'ARCY,5,5,0
1962,DARRYL,64,64,0
1962,DARRIN,10,10,0
1962,DARREN,74,74,0
1962,DARREL,16,16,0
1962,DARWIN,10,10,0
1962,DARIO,10,10,0
1962,DANY,10,10,0
1962,DARRELL,155,155,0
1962,DARYL,75,75,0
1962,DENNIS,288,288,0
1962,DARYLL,8,8,0
1962,DAVE,6,6,0
1962,DAVID,3805,3805,0
1962,DAVIDE,11,11,0
1962,DEAN,194,194,0
1962,DELBERT,5,5,0
1962,DENI,5,5,0
1962,DENIS,137,137,0
1962,DANTE,5,5,0
1962,DEREK,82,82,0
1962,DERRICK,67,67,0
1962,DARYLE,5,5,0
1962,DANNY,186,186,0
1962,CLINTON,24,24,0
1962,DANIEL,1216,1216,0
1962,CLAUDIO,53,53,0
1962,DESMOND,12,12,0
1962,CLAUDE,93,93,0
1962,CLAYTON,40,40,0
1962,CLEMENT,6,6,0
1962,CLIFFORD,87,87,0
1962,CLIFTON,5,5,0
1962,CLIVE,8,8,0
1962,CLYDE,7,7,0
1962,COLIN,121,121,0
1962,CONRAD,19,19,0
1962,CORNELIS,11,11,0
1962,CORNELIUS,8,8,0
1962,CORRADO,10,10,0
1962,CORY,16,16,0
1962,COSIMO,7,7,0
1962,COSTANTINO,5,5,0
1962,CRAIG,298,298,0
1962,CRISTOPHER,8,8,0
1962,CURTIS,57,57,0
1962,DALTON,5,5,0
1962,DAN,7,7,0
1962,DANIAL,24,24,0
1962,DANIELE,17,17,0
1962,DIEGO,7,7,0
1962,ERWIN,11,11,0
1962,DINO,36,36,0
1962,EMANUELE,7,7,0
1962,EMIL,6,6,0
1962,EMILE,5,5,0
1962,EMILIO,8,8,0
1962,ENRICO,8,8,0
1962,ENZO,22,22,0
1962,ERIC,243,243,0
1962,ERICH,9,9,0
1962,ERIK,14,14,0
1962,ERNEST,102,102,0
1962,ERNESTO,7,7,0
1962,ERNST,5,5,0
1962,ERROL,8,8,0
1962,EUGENE,41,41,0
1962,EUGENIO,7,7,0
1962,EVAN,21,21,0
1962,EVERETT,6,6,0
1962,FABIAN,8,8,0
1962,FELICE,9,9,0
1962,FERDINANDO,9,9,0
1962,FERNAND,10,10,0
1962,CLARK,17,17,0
1962,FERNANDO,10,10,0
1962,EMANUEL,6,6,0
1962,ELMER,6,6,0
1962,ELLIOTT,13,13,0
1962,ELIO,13,13,0
1962,DIRK,6,6,0
1962,DOMENIC,6,6,0
1962,DOMENICO,78,78,0
1962,DOMINIC,19,19,0
1962,DON,9,9,0
1962,DONALD,1024,1024,0
1962,DONAT,5,5,0
1962,DONATO,20,20,0
1962,DOUGLAS,910,910,0
1962,DREW,21,21,0
1962,DUANE,57,57,0
1962,DIMITRIOS,5,5,0
1962,DUNCAN,27,27,0
1962,DWIGHT,29,29,0
1962,EARL,53,53,0
1962,EDDIE,9,9,0
1962,EDDY,9,9,0
1962,EDGAR,26,26,0
1962,EDMOND,21,21,0
1962,EDMUND,16,16,0
1962,EDWARD,558,558,0
1962,EDWIN,52,52,0
1962,ELDON,9,9,0
1962,ELI,8,8,0
1962,DWAYNE,96,96,0
1962,CLARENCE,37,37,0
1962,ALISTAIR,5,5,0
1962,CHRISTOPHER,1066,1066,0
1962,ANGELO,68,68,0
1962,ANGUS,14,14,0
1962,ANTHONY,376,376,0
1962,ANTON,13,13,0
1962,ANTONINO,11,11,0
1962,ANTONIO,216,216,0
1962,ANTONY,22,22,0
1962,ARCHIE,8,8,0
1962,ARMAND,10,10,0
1962,ARNOLD,46,46,0
1962,ARTHUR,135,135,0
1962,ATHANASIOS,9,9,0
1962,AUSTIN,6,6,0
1962,BARRIE,5,5,0
1962,BARRY,331,331,0
1962,BART,8,8,0
1962,BARTON,11,11,0
1962,BASIL,7,7,0
1962,BEN,6,6,0
1962,BENEDETTO,6,6,0
1962,BENJAMIN,51,51,0
1962,BENNY,6,6,0
1962,BENOIT,8,8,0
1962,ANDY,12,12,0
1962,BENTLEY,15,15,0
1962,ANDREW,647,647,0
1962,ANDRE,116,116,0
1962,FILIPPO,15,15,0
1962,AARON,27,27,0
1962,ABRAHAM,6,6,0
1962,ADAM,63,63,0
1962,ADRIAN,36,36,0
1962,ADRIANO,10,10,0
1962,AGOSTINO,8,8,0
1962,ALAIN,32,32,0
1962,ALAN,395,395,0
1962,ALBERT,136,136,0
1962,ALBERTO,14,14,0
1962,ALDO,21,21,0
1962,ALEC,10,10,0
1962,ALESSANDRO,7,7,0
1962,ALEX,20,20,0
1962,ALEXANDER,147,147,0
1962,ALFRED,57,57,0
1962,ALFREDO,6,6,0
1962,ALLAN,280,280,0
1962,ALLEN,95,95,0
1962,ALPHONSE,6,6,0
1962,ALVIN,13,13,0
1962,AMEDEO,7,7,0
1962,ANDREAS,27,27,0
1962,BERNARD,120,120,0
1962,BERNARDO,7,7,0
1962,BERND,6,6,0
1962,BRYON,9,9,0
1962,BURTON,5,5,0
1962,BYRON,16,16,0
1962,CALOGERO,6,6,0
1962,CALVIN,52,52,0
1962,CAMERON,96,96,0
1962,CAMPBELL,5,5,0
1962,CARL,145,145,0
1962,CARLO,56,56,0
1962,CARLOS,17,17,0
1962,CARMAN,5,5,0
1962,CARMELO,16,16,0
1962,CARMINE,20,20,0
1962,CARSON,6,6,0
1962,CARY,14,14,0
1962,CASEY,18,18,0
1962,CECIL,18,18,0
1962,CESARE,8,8,0
1962,CHARLES,400,400,0
1962,CHARLIE,9,9,0
1962,CHRIS,46,46,0
1962,CHRIST,7,7,0
1962,CHRISTIAN,35,35,0
1962,BRYCE,6,6,0
1962,BRYANT,5,5,0
1962,BRYAN,109,109,0
1962,BRUNO,60,60,0
1962,BERNHARD,6,6,0
1962,BERT,11,11,0
1962,BILL,13,13,0
1962,BLAINE,13,13,0
1962,BLAIR,69,69,0
1962,BLAKE,31,31,0
1962,BOB,5,5,0
1962,BOBBY,13,13,0
1962,BOHDAN,5,5,0
1962,BORIS,9,9,0
1962,BOY,8,8,0
1962,CHRISTOS,9,9,0
1962,BOYD,6,6,0
1962,BRADFORD,9,9,0
1962,BRADLEY,484,484,0
1962,BRADY,6,6,0
1962,BRANT,7,7,0
1962,BRENDAN,14,14,0
1962,BRENT,171,171,0
1962,BRET,7,7,0
1962,BRETT,74,74,0
1962,BRIAN,1377,1377,0
1962,BROCK,15,15,0
1962,BRUCE,516,516,0
1962,BRAD,10,10,0
1962,FLAVIO,6,6,0
1962,KATHRINE,10,0,10
1962,FRANCESCO,87,87,0
1962,KATHERINE,447,0,447
1962,KATHERINA,6,0,6
1962,KATHARINE,37,0,37
1962,KARYN,10,0,10
1962,KARLA,15,0,15
1962,KARIN,52,0,52
1962,KARI,14,0,14
1962,KAREN,1768,0,1768
1962,JUSTINE,8,0,8
1962,JUNE,53,0,53
1962,JULIETTE,22,0,22
1962,JULIE,359,0,359
1962,JULIANNE,13,0,13
1962,JULIANN,7,0,7
1962,JULIANA,11,0,11
1962,YVONNE,169,0,169
1962,JULIA,134,0,134
1962,YVETTE,30,0,30
1962,WILMA,33,0,33
1962,VICKI,84,0,84
1962,VICKIE,21,0,21
1962,VICKY,35,0,35
1962,VICTORIA,185,0,185
1962,VINCENZA,13,0,13
1962,VIOLA,7,0,7
1962,VIOLET,18,0,18
1962,VIRGINIA,80,0,80
1962,VITTORIA,7,0,7
1962,VIVIAN,42,0,42
1962,VIVIANE,7,0,7
1962,WANDA,156,0,156
1962,WENDY,753,0,753
1962,WHITNEY,7,0,7
1962,WILHELMINA,6,0,6
1962,YOLANDA,14,0,14
1962,JUDY,174,0,174
1962,JUDITH,397,0,397
1962,JUDI,6,0,6
1962,JO ANN,15,0,15
1962,JO,13,0,13
1962,JILL,118,0,118
1962,JESSIE,9,0,9
1962,JESSICA,14,0,14
1962,JENNY,44,0,44
1962,JENNIFER,526,0,526
1962,JENNIE,8,0,8
1962,JENIFER,6,0,6
1962,JEANNINE,20,0,20
1962,JEANNETTE,33,0,33
1962,JEANNE,28,0,28
1962,JEANINE,9,0,9
1962,JEANIE,6,0,6
1962,JEANETTE,54,0,54
1962,JO ANNE,12,0,12
1962,JO-ANN,51,0,51
1962,JO-ANNE,97,0,97
1962,JOAN,212,0,212
1962,JUANITA,31,0,31
1962,JOYCE,127,0,127
1962,JOY,68,0,68
1962,JOSETTE,7,0,7
1962,JOSEPHINE,54,0,54
1962,JONI,13,0,13
1962,JOHANNE,29,0,29
1962,KATHI,8,0,8
1962,JOHANNA,34,0,34
1962,JODIE,12,0,12
1962,JODI,33,0,33
1962,JOCELYNE,20,0,20
1962,JOCELYN,38,0,38
1962,JOANNE,624,0,624
1962,JOANNA,27,0,27
1962,JOANN,27,0,27
1962,JODY,64,13,51
1962,VERNA,13,0,13
1962,VERA,36,0,36
1962,VELVET,10,0,10
1962,SOPHIE,10,0,10
1962,STACEY,47,0,47
1962,STACY,25,18,7
1962,STAVROULA,6,0,6
1962,STEFANIA,6,0,6
1962,STELLA,30,0,30
1962,STEPHANIE,101,0,101
1962,SUE,26,0,26
1962,SUSAN,1885,0,1885
1962,SUSANNA,22,0,22
1962,SUSANNE,83,0,83
1962,SUSIE,10,0,10
1962,SUZAN,29,0,29
1962,SUZANE,7,0,7
1962,SUZANNE,375,0,375
1962,SOPHIA,15,0,15
1962,SONYA,64,0,64
1962,SONJA,18,0,18
1962,SONIA,44,0,44
1962,SHELLIE,6,0,6
1962,SHELLY,118,0,118
1962,SHERI,54,0,54
1962,SHERRI,107,0,107
1962,SHERRIE,21,0,21
1962,SHERRILL,6,0,6
1962,SHERRY,374,0,374
1962,SUZETTE,7,0,7
1962,SHERRY-LYNN,7,0,7
1962,SHIELA,9,0,9
1962,SHIRLEY,209,0,209
1962,SILVANA,41,0,41
1962,SILVIA,19,0,19
1962,SIMONE,15,0,15
1962,SIOBHAN,9,0,9
1962,SOFIA,6,0,6
1962,SHERYL,61,0,61
1962,JEAN,233,109,124
1962,SYLVIA,128,0,128
1962,TAMARA,45,0,45
1962,TOBY,6,0,6
1962,TONI,25,7,18
1962,TRACEY,158,12,146
1962,TRACI,11,0,11
1962,TRACIE,15,0,15
1962,TRACY,507,36,471
1962,TRINA,7,0,7
1962,TRUDY,44,0,44
1962,URSULA,10,0,10
1962,VALARIE,9,0,9
1962,VALERIA,6,0,6
1962,VALERIE,272,0,272
1962,VANESSA,15,0,15
1962,VASILIKI,11,0,11
1962,VELMA,7,0,7
1962,TINA-MARIE,6,0,6
1962,TINA,143,0,143
1962,THERESE,37,0,37
1962,THERESA,258,0,258
1962,TAMI,15,0,15
1962,TAMMI,12,0,12
1962,TAMMIE,21,0,21
1962,TAMMY,297,0,297
1962,TANIA,6,0,6
1962,TANYA,23,0,23
1962,TARA,41,0,41
1962,SYLVIE,66,0,66
1962,TEENA,6,0,6
1962,TERI,15,0,15
1962,TERRI,88,0,88
1962,TERRI-LYNN,14,0,14
1962,TERRIE,15,0,15
1962,TERRY,515,401,114
1962,THELMA,16,0,16
1962,THEODORA,9,0,9
1962,TERESA,411,0,411
1962,JAYNE,37,0,37
1962,JASMINE,10,0,10
1962,JAQUELINE,12,0,12
1962,EVA,75,0,75
1962,EUGENIA,7,0,7
1962,ETHEL,9,0,9
1962,ESTHER,29,0,29
1962,ESTELLE,6,0,6
1962,ERIN,28,0,28
1962,ERIKA,19,0,19
1962,ERICA,13,0,13
1962,ENZA,6,0,6
1962,EMMA,17,0,17
1962,EMILY,22,0,22
1962,EMILIA,6,0,6
1962,ELVIRA,8,0,8
1962,ELSIE,16,0,16
1962,ELSA,9,0,9
1962,EVELYN,92,0,92
1962,FAITH,20,0,20
1962,FATIMA,7,0,7
1962,FAY,15,0,15
1962,FREDA,13,0,13
1962,FRANCOISE,6,0,6
1962,FRANCINE,67,0,67
1962,FRANCESCA,19,0,19
1962,FRANCES,112,6,106
1962,FRANCA,41,0,41
1962,FLORENCE,31,0,31
1962,ELLEN,111,0,111
1962,FLORA,8,0,8
1962,FIONA,25,0,25
1962,FILOMENA,21,0,21
1962,FERNANDA,8,0,8
1962,FERN,11,0,11
1962,FEMALE,18,0,18
1962,FELICIA,9,0,9
1962,FAYE,24,0,24
1962,FIORELLA,9,0,9
1962,GABRIELA,6,0,6
1962,ELLA,7,0,7
1962,ELIZABETH,814,0,814
1962,DONNA-LEE,6,0,6
1962,DONNA,927,0,927
1962,DONA,7,0,7
1962,DOMINIQUE,13,7,6
1962,DOMENICA,14,0,14
1962,DOLORES,23,0,23
1962,DIXIE,8,0,8
1962,DINA,18,0,18
1962,DIANNE,231,0,231
1962,DIANNA,33,0,33
1962,DIANN,6,0,6
1962,DIANE,565,0,565
1962,DIANA,277,0,277
1962,DENYSE,13,0,13
1962,DENISE,405,0,405
1962,DONNA-LYNN,8,0,8
1962,DONNA-MARIE,9,0,9
1962,DORA,18,0,18
1962,DOREEN,63,0,63
1962,ELISE,8,0,8
1962,ELISABETTA,13,0,13
1962,ELISABETH,51,0,51
1962,ELISA,12,0,12
1962,ELINOR,6,0,6
1962,ELEONORA,6,0,6
1962,ELENA,15,0,15
1962,ELIZABETH-ANNE,7,0,7
1962,ELEANOR,60,0,60
1962,EILEEN,77,0,77
1962,EDWINA,7,0,7
1962,EDNA,23,0,23
1962,EDITH,38,0,38
1962,EARLA,6,0,6
1962,DOROTHY,129,0,129
1962,DORIS,84,0,84
1962,ELAINE,201,0,201
1962,SHELLEY,472,0,472
1962,GABRIELE,23,13,10
1962,GABRIELLE,19,0,19
1962,IRIS,18,0,18
1962,IRENE,135,0,135
1962,INGRID,54,0,54
1962,INFANT,72,31,41
1962,INA,7,0,7
1962,ILONA,6,0,6
1962,IDA,22,0,22
1962,HOPE,9,0,9
1962,HOLLY,59,0,59
1962,HILDA,13,0,13
1962,HILARY,24,0,24
1962,HENRIETTE,6,0,6
1962,HENRIETTA,10,0,10
1962,HELGA,11,0,11
1962,HELENE,39,0,39
1962,IRMA,9,0,9
1962,ISABEL,16,0,16
1962,ISABELLA,6,0,6
1962,ISABELLE,14,0,14
1962,JANNETTE,7,0,7
1962,JANIS,39,0,39
1962,JANINE,79,0,79
1962,JANIE,11,0,11
1962,JANICE,545,0,545
1962,JANETTE,37,0,37
1962,JANET,684,0,684
1962,HELENA,19,0,19
1962,JANE,322,0,322
1962,JAN,50,37,13
1962,JAMIE,127,89,38
1962,JACQUELYN,10,0,10
1962,JACQUELINE,441,0,441
1962,JACKIE,20,10,10
1962,IVY,7,0,7
1962,IVANA,17,0,17
1962,JANA,15,0,15
1962,GABRIELLA,16,0,16
1962,HELEN,225,0,225
1962,HEATHER,723,0,723
1962,GINETTE,35,0,35
1962,GINA,70,0,70
1962,GILLIAN,25,0,25
1962,GILDA,9,0,9
1962,GERTRUDE,17,0,17
1962,GERALDINE,58,0,58
1962,GEORGINA,49,0,49
1962,GEORGIA,12,0,12
1962,GEORGETTE,6,0,6
1962,GENEVIEVE,6,0,6
1962,GAYLE,61,0,61
1962,GAY,10,0,10
1962,GALE,12,0,12
1962,GAIL,203,0,203
1962,GAETANA,6,0,6
1962,GIOVANNA,43,0,43
1962,GISELE,40,0,40
1962,GISELLE,8,0,8
1962,GIULIA,9,0,9
1962,HAZEL,14,0,14
1962,HAYLEY,7,0,7
1962,HARRIET,9,0,9
1962,GWENDOLYN,45,0,45
1962,GWEN,48,0,48
1962,GUYLAINE,7,0,7
1962,GRETA,8,0,8
1962,HEIDI,87,0,87
1962,GRAZIELLA,20,0,20
1962,GRACE,49,0,49
1962,GLORIA,103,0,103
1962,GLENNA,25,0,25
1962,GLENDA,74,0,74
1962,GLADYS,11,0,11
1962,GIUSEPPINA,54,0,54
1962,GIULIANA,15,0,15
1962,GRAZIA,10,0,10
1962,DEMETRA,6,0,6
1962,SHELAGH,19,0,19
1962,SHEENA,8,0,8
1962,LORRIE,64,0,64
1962,LORY,6,0,6
1962,LOUANNE,10,0,10
1962,LOUISA,7,0,7
1962,LOUISE,186,0,186
1962,LUANNE,15,0,15
1962,LUCIA,74,0,74
1962,LUCIANA,12,0,12
1962,LUCIE,37,0,37
1962,LUCILLE,25,0,25
1962,LUCINDA,13,0,13
1962,LUCY,53,0,53
1962,LUISA,29,0,29
1962,LYDIA,37,0,37
1962,LYN,7,0,7
1962,LORRI,20,0,20
1962,LYNDA,168,0,168
1962,LORRAINE,256,0,256
1962,LORIE,91,0,91
1962,LOIS,69,0,69
1962,LORA,19,0,19
1962,LORAINE,10,0,10
1962,LOREDANA,7,0,7
1962,LOREEN,8,0,8
1962,LORELEI,16,0,16
1962,LORELLA,6,0,6
1962,LORENA,18,0,18
1962,LORENE,9,0,9
1962,LORETTA,76,0,76
1962,LORI,684,0,684
1962,LORI-ANN,32,0,32
1962,LORI-ANNE,20,0,20
1962,LORI-LYNN,7,0,7
1962,LORIANN,8,0,8
1962,LORNA,77,0,77
1962,LYNE,17,0,17
1962,LYNETTE,10,0,10
1962,LYNN,378,7,371
1962,MARI,6,0,6
1962,MARIA,535,0,535
1962,MARIAN,62,0,62
1962,MARIANN,6,0,6
1962,MARIANNA,9,0,9
1962,MARIANNE,87,0,87
1962,MARIE,2606,0,2606
1962,MARIE-ANNE,10,0,10
1962,MARIE-THERESE,6,0,6
1962,MARIETTE,6,0,6
1962,MARILENA,10,0,10
1962,MARILYN,221,0,221
1962,MARINA,26,0,26
1962,MARION,93,0,93
1962,MARISA,52,0,52
1962,MARGUERITE,31,0,31
1962,MARGRET,6,0,6
1962,MARGOT,19,0,19
1962,MARGO,25,0,25
1962,LYNNE,92,0,92
1962,MADDALENA,7,0,7
1962,MADELAINE,6,0,6
1962,MADELEINE,12,0,12
1962,MADELINE,11,0,11
1962,MANDY,6,0,6
1962,MANON,10,0,10
1962,LIZA,6,0,6
1962,MANUELA,17,0,17
1962,MARCELLA,12,0,12
1962,MARCELLE,8,0,8
1962,MARCIA,49,0,49
1962,MARCY,6,0,6
1962,MARGARET,628,0,628
1962,MARGHERITA,7,0,7
1962,MARGIT,7,0,7
1962,MARA,22,0,22
1962,LIVIA,6,0,6
1962,LISSA,8,0,8
1962,LISETTE,7,0,7
1962,KIMBERLY-ANN,12,0,12
1962,KIMBERLY-ANNE,8,0,8
1962,KIRSTEN,11,0,11
1962,KRISTA,32,0,32
1962,KRISTINA,20,0,20
1962,KRISTINE,33,0,33
1962,KRYSTYNA,8,0,8
1962,LAILA,6,0,6
1962,LANA,41,0,41
1962,LAURA,563,0,563
1962,LAURA-LEE,6,0,6
1962,LAUREEN,16,0,16
1962,LAUREL,43,0,43
1962,LAUREN,15,0,15
1962,LAURENE,10,0,10
1962,KIMBERLY,689,10,679
1962,KIMBERLEY,488,0,488
1962,KIMBERLEE,17,0,17
1962,KIM,244,32,212
1962,KATHRYN,305,0,305
1962,KATHRYNE,7,0,7
1962,KATHY,125,0,125
1962,KATRINA,10,0,10
1962,KAY,7,0,7
1962,KELLEY,33,0,33
1962,KELLI,6,0,6
1962,LAURETTE,8,0,8
1962,KELLIE,21,0,21
1962,KELLY-ANN,11,0,11
1962,KELLY-LYNN,6,0,6
1962,KENDRA,16,0,16
1962,KERI,7,0,7
1962,KERRI,22,0,22
1962,KERRIE,6,0,6
1962,KERRY,143,84,59
1962,KELLY,867,95,772
1962,MARITA,7,0,7
1962,LAURI,24,7,17
1962,LAURIE-ANN,13,0,13
1962,LIDIA,9,0,9
1962,LIETTE,9,0,9
1962,LIISA,10,0,10
1962,LILA,11,0,11
1962,LILIAN,7,0,7
1962,LILIANA,17,0,17
1962,LILLIAN,46,0,46
1962,LILY,13,0,13
1962,LINA,27,0,27
1962,LINDA,1183,0,1183
1962,LINDSAY,37,19,18
1962,LINDSEY,6,0,6
1962,LINE,16,0,16
1962,LISA,694,0,694
1962,LISE,135,0,135
1962,LIANNE,19,0,19
1962,LIANE,15,0,15
1962,LIANA,6,0,6
1962,LESLIE,385,95,290
1962,LAURIE-ANNE,6,0,6
1962,LEA,15,0,15
1962,LEAH,40,0,40
1962,LEANNA,7,0,7
1962,LEANNE,80,0,80
1962,LEE,137,54,83
1962,LEE-ANN,11,0,11
1962,LAURIE,590,11,579
1962,LEE-ANNE,6,0,6
1962,LEIGH,20,6,14
1962,LEILA,7,0,7
1962,LEISA,10,0,10
1962,LENA,21,0,21
1962,LENORE,9,0,9
1962,LEONA,22,0,22
1962,LESLEY,61,0,61
1962,LEEANN,9,0,9
1962,MARJORIE,59,0,59
1962,MARLA,27,0,27
1962,MARLENE,149,0,149
1962,RENEE,46,0,46
1962,RETA,6,0,6
1962,RHODA,9,0,9
1962,RHONA,9,0,9
1962,RHONDA,189,0,189
1962,RINA,7,0,7
1962,RISA,9,0,9
1962,RITA,161,0,161
1962,ROBERTA,79,0,79
1962,ROBIN,313,115,198
1962,ROBYN,31,0,31
1962,ROCHELLE,9,0,9
1962,ROMA,7,0,7
1962,RONDA,11,0,11
1962,ROSA,66,0,66
1962,RENATA,13,0,13
1962,RENA,11,0,11
1962,REGINA,11,0,11
1962,REBECCA,95,0,95
1962,PAULINE,129,0,129
1962,PEARL,10,0,10
1962,PEGGY,93,0,93
1962,PENELOPE,22,0,22
1962,PENNY,168,0,168
1962,PETRA,13,0,13
1962,PETRONELLA,6,0,6
1962,ROSALBA,12,0,12
1962,PHYLLIS,59,0,59
1962,PINA,13,0,13
1962,PRISCILLA,6,0,6
1962,RACHEL,31,0,31
1962,RACHELLE,18,0,18
1962,RAE,7,0,7
1962,RAMONA,26,0,26
1962,RANDI,9,0,9
1962,PIERRETTE,12,0,12
1962,PAULETTE,31,0,31
1962,ROSALIA,6,0,6
1962,ROSALIND,12,0,12
1962,SAMANTHA,6,0,6
1962,SANDRA,1455,0,1455
1962,SARA,36,0,36
1962,SARAH,91,0,91
1962,SELINA,8,0,8
1962,SHANNON,54,5,49
1962,SHARI,100,0,100
1962,SHARI-LEE,6,0,6
1962,SHARLENE,11,0,11
1962,SHARON,736,0,736
1962,SHARRON,29,0,29
1962,SHARYN,6,0,6
1962,SHAUNA,9,0,9
1962,SHAWN,216,206,10
1962,SHAWNA,16,0,16
1962,SALLY,79,0,79
1962,SABRINA,9,0,9
1962,SABINE,6,0,6
1962,RUTHANN,12,0,12
1962,ROSAMARIA,7,0,7
1962,ROSANNA,35,0,35
1962,ROSANNE,48,0,48
1962,ROSARIA,23,0,23
1962,ROSE,118,0,118
1962,ROSE-MARIE,6,0,6
1962,ROSEANNE,10,0,10
1962,ROSALIE,21,0,21
1962,ROSEMARIE,46,0,46
1962,ROSETTA,14,0,14
1962,ROSINA,14,0,14
1962,ROSLYN,8,0,8
1962,ROXANE,6,0,6
1962,ROXANNE,59,0,59
1962,RUBY,23,0,23
1962,RUTH,226,0,226
1962,ROSEMARY,135,0,135
1962,SHEILA,293,0,293
1962,PAULA,152,0,152
1962,PATTI,42,0,42
1962,MAY,9,0,9
1962,MEGAN,17,0,17
1962,MELANIE,108,0,108
1962,MELINDA,46,0,46
1962,MELISSA,62,0,62
1962,MELODY,46,0,46
1962,MEREDITH,6,0,6
1962,MERLE,7,0,7
1962,MICHELE,465,58,407
1962,MICHELINA,13,0,13
1962,MICHELINE,17,0,17
1962,MICHELLE,308,0,308
1962,MILDRED,12,0,12
1962,MINDY,6,0,6
1962,MIRELLA,27,0,27
1962,MAXINE,18,0,18
1962,MAVIS,8,0,8
1962,MAUREEN,280,0,280
1962,MARYLOU,7,0,7
1962,MARNIE,9,0,9
1962,MARSHA,26,0,26
1962,MARTA,10,0,10
1962,MARTHA,132,0,132
1962,MARTINA,10,0,10
1962,MARTINE,9,0,9
1962,MARY,1978,0,1978
1962,MIRIAM,41,0,41
1962,MARY-ANN,18,0,18
1962,MARY-ELLEN,9,0,9
1962,MARY-JANE,8,0,8
1962,MARY-JO,9,0,9
1962,MARY-LOU,9,0,9
1962,MARY-LOUISE,6,0,6
1962,MARYANN,29,0,29
1962,MARYANNE,26,0,26
1962,MARY-ANNE,9,0,9
1962,PATTY,8,0,8
1962,MOIRA,18,0,18
1962,MONICA,147,0,147
1962,NORINE,10,0,10
1962,NORMA,93,0,93
1962,NOT,33,19,14
1962,ODETTE,7,0,7
1962,OLGA,25,0,25
1962,PALMA,6,0,6
1962,PAMELA,410,0,410
1962,PAMELLA,7,0,7
1962,PAOLA,25,0,25
1962,PASQUALINA,14,0,14
1962,PATRICA,28,0,28
1962,PATRICE,11,0,11
1962,PATRICIA,994,0,994
1962,PATRIZIA,31,0,31
1962,PATSY,25,0,25
1962,NOREEN,22,0,22
1962,NORAH,9,0,9
1962,NORA,28,0,28
1962,NOELLA,7,0,7
1962,MONIKA,21,0,21
1962,MONIQUE,102,0,102
1962,MURIEL,13,0,13
1962,MYRA,6,0,6
1962,MYRNA,9,0,9
1962,NADA,9,0,9
1962,NADIA,40,0,40
1962,MONA,42,0,42
1962,NADINE,44,0,44
1962,NANCY,885,0,885
1962,NAOMI,15,0,15
1962,NATALIE,65,0,65
1962,NELLY,7,0,7
1962,NICOLE,124,0,124
1962,NICOLINA,8,0,8
1962,NINA,27,0,27
1962,NANCI,7,0,7
1962,DELORES,8,0,8
1962,DELLA,18,0,18
1962,DELIA,8,0,8
1962,MARKUS,7,7,0
1962,MARKO,6,6,0
1962,MARK,1765,1765,0
1962,MARIO,109,109,0
1962,MARINO,10,10,0
1962,MARCUS,11,11,0
1962,MARCO,38,38,0
1962,MARCELLO,15,15,0
1962,MARCEL,58,58,0
1962,MARC,208,208,0
1962,MANUEL,25,25,0
1962,MANFRED,7,7,0
1962,MALE,19,19,0
1962,MALCOLM,37,37,0
1962,LYLE,34,34,0
1962,MARSHALL,14,14,0
1962,LUKE,13,13,0
1962,MARTIN,311,311,0
1962,MARVIN,41,41,0
1962,MICHEAL,152,152,0
1962,MICHAL,5,5,0
1962,MICHAEL,2945,2945,0
1962,MERVYN,8,8,0
1962,MERVIN,16,16,0
1962,MELVIN,31,31,0
1962,MELVILLE,7,7,0
1962,MAYNARD,5,5,0
1962,MAXWELL,9,9,0
1962,MAX,8,8,0
1962,MAURO,23,23,0
1962,MAURIZIO,26,26,0
1962,MAURICE,83,83,0
1962,MATTHEW,120,120,0
1962,MATHEW,23,23,0
1962,MARTY,14,14,0
1962,LUIS,6,6,0
1962,LUIGINO,7,7,0
1962,LUIGI,71,71,0
1962,LEROY,6,6,0
1962,LEONARDO,12,12,0
1962,LEONARD,177,177,0
1962,LEON,31,31,0
1962,LEO,71,71,0
1962,LENNARD,5,5,0
1962,LENARD,15,15,0
1962,LELAND,5,5,0
1962,LAWRENCE,236,236,0
1962,LAVERNE,10,10,0
1962,LAURENT,19,19,0
1962,LAURENCE,22,22,0
1962,LARRY,264,264,0
1962,LANCE,41,41,0
1962,LAIRD,5,5,0
1962,LESTER,11,11,0
1962,LEVI,5,5,0
1962,LEWIS,15,15,0
1962,LINCOLN,5,5,0
1962,LUCIO,6,6,0
1962,LUCIEN,7,7,0
1962,LUCIANO,32,32,0
1962,LUC,56,56,0
1962,LOWELL,6,6,0
1962,LOUIS,109,109,0
1962,LOUIE,7,7,0
1962,MICHEL,177,177,0
1962,LORNE,73,73,0
1962,LORENZO,15,15,0
1962,LONNY,6,6,0
1962,LONNIE,10,10,0
1962,LLOYD,88,88,0
1962,LIVIO,5,5,0
1962,LIONEL,24,24,0
1962,LINO,10,10,0
1962,LORIS,10,10,0
1962,MIKE,23,23,0
1962,MILAN,7,7,0
1962,MILES,14,14,0
1962,RAY,27,27,0
1962,RANDY,281,281,0
1962,RANDOLPH,115,115,0
1962,RANDELL,10,10,0
1962,RANDALL,257,257,0
1962,RANDAL,47,47,0
1962,RALPH,146,146,0
1962,RAFFAELE,10,10,0
1962,PRESTON,6,6,0
1962,PIETRO,51,51,0
1962,PIERRE,127,127,0
1962,PIERO,8,8,0
1962,PHILLIP,56,56,0
1962,PHILIPPE,18,18,0
1962,PHILIP,306,306,0
1962,RAYMOND,421,421,0
1962,REGAN,6,6,0
1962,REGINALD,68,68,0
1962,REID,10,10,0
1962,RICKY,117,117,0
1962,RICKIE,5,5,0
1962,RICKEY,14,14,0
1962,RICK,10,10,0
1962,RICHARD,1675,1675,0
1962,RICCARDO,11,11,0
1962,RICARDO,8,8,0
1962,PETER,1273,1273,0
1962,RHEAL,10,10,0
1962,REX,8,8,0
1962,RENZO,11,11,0
1962,RENE,43,43,0
1962,RENATO,15,15,0
1962,REMO,5,5,0
1962,REMI,7,7,0
1962,REJEAN,8,8,0
1962,REYNOLD,7,7,0
1962,KYLE,14,14,0
1962,PERRY,143,143,0
1962,PAULO,7,7,0
1962,NICHOLAS,90,90,0
1962,NELSON,27,27,0
1962,NEIL,162,162,0
1962,NEAL,17,17,0
1962,NATHAN,11,11,0
1962,MYRON,10,10,0
1962,MYLES,7,7,0
1962,MURRAY,157,157,0
1962,MORRIS,21,21,0
1962,MORLEY,9,9,0
1962,MORGAN,14,14,0
1962,MONTY,5,5,0
1962,MITCHELL,48,48,0
1962,MITCHEL,6,6,0
1962,MILTON,5,5,0
1962,NICK,25,25,0
1962,NICKOLAS,9,9,0
1962,NICOLA,47,47,0
1962,NIGEL,11,11,0
1962,PAUL,1669,1669,0
1962,PATRICK,386,386,0
1962,PASQUALE,39,39,0
1962,PAOLO,31,31,0
1962,PANAGIOTIS,5,5,0
1962,OWEN,18,18,0
1962,OTTO,5,5,0
1962,PERCY,10,10,0
1962,OSCAR,5,5,0
1962,OLIVER,7,7,0
1962,NORMAND,36,36,0
1962,NORMAN,246,246,0
1962,NORBERT,9,9,0
1962,NOEL,22,22,0
1962,NOAH,5,5,0
1962,NINO,6,6,0
1962,ORVILLE,6,6,0
1962,KURTIS,5,5,0
1962,KURT,20,20,0
1962,KRIS,8,8,0
1962,GRANT,157,157,0
1962,GRAHAM,89,89,0
1962,GRAEME,11,11,0
1962,GORDON,437,437,0
1962,GLENN,485,485,0
1962,GLEN,222,222,0
1962,GIUSEPPE,169,169,0
1962,GIULIO,5,5,0
1962,GIOVANNI,90,90,0
1962,GIORGIO,11,11,0
1962,GINO,27,27,0
1962,GILLES,56,56,0
1962,GILES,5,5,0
1962,GILBERT,43,43,0
1962,GIANNI,18,18,0
1962,GREG,14,14,0
1962,GREGG,22,22,0
1962,GREGORIO,6,6,0
1962,GREGORY,850,850,0
1962,HENRY,123,123,0
1962,HENRI,12,12,0
1962,HENDRIKUS,5,5,0
1962,HENDRIK,8,8,0
1962,HELMUT,6,6,0
1962,HEINZ,5,5,0
1962,HARVEY,39,39,0
1962,GIANCARLO,6,6,0
1962,HARRY,87,87,0
1962,HARLEY,8,8,0
1962,HARALD,5,5,0
1962,HANS,21,21,0
1962,HAL,6,6,0
1962,GUY,115,115,0
1962,GUS,12,12,0
1962,GUISEPPE,6,6,0
1962,HAROLD,137,137,0
1962,HERBERT,58,58,0
1962,GIACOMO,11,11,0
1962,GERRIT,6,6,0
1962,GAETAN,15,15,0
1962,GABRIEL,17,17,0
1962,FREDRICK,22,22,0
1962,FREDERICK,169,169,0
1962,FREDERIC,5,5,0
1962,FRED,15,15,0
1962,FRASER,16,16,0
1962,FRANZ,5,5,0
1962,FRANKLIN,32,32,0
1962,FRANKIE,7,7,0
1962,FRANK,308,308,0
1962,FRANCOIS,29,29,0
1962,FRANCO,82,82,0
1962,FRANCISCUS,6,6,0
1962,FRANCIS,123,123,0
1962,GAETANO,12,12,0
1962,GARFIELD,6,6,0
1962,GARNET,13,13,0
1962,GARNETT,5,5,0
1962,GERRARD,9,9,0
1962,GERHARD,7,7,0
1962,GERARDUS,12,12,0
1962,GERARDO,9,9,0
1962,GERARD,75,75,0
1962,GERALD,360,360,0
1962,GEORGES,7,7,0
1962,GERRY,13,13,0
1962,GEORGE,435,435,0
1962,GENNARO,6,6,0
1962,GENE,12,12,0
1962,GAVIN,24,24,0
1962,GASTON,6,6,0
1962,GARY,621,621,0
1962,GARTH,29,29,0
1962,GARRY,104,104,0
1962,GEOFFREY,135,135,0
1962,RINO,6,6,0
1962,HERMAN,11,11,0
1962,HUBERT,12,12,0
1962,JOSEPH,3534,3534,0
1962,JOSEF,11,11,0
1962,JOSE,20,20,0
1962,JOS,6,6,0
1962,JORDAN,9,9,0
1962,JONATHON,11,11,0
1962,JONATHAN,100,100,0
1962,JON,24,24,0
1962,JOHNY,7,7,0
1962,JOHNNY,45,45,0
1962,JOHNATHAN,7,7,0
1962,JOHN,3296,3296,0
1962,JOHANNES,19,19,0
1962,JOHAN,8,8,0
1962,JOEY,10,10,0
1962,JOSEPH-RICHARD,6,6,0
1962,JOSHUA,7,7,0
1962,JULES,7,7,0
1962,JULIAN,9,9,0
1962,KONSTANTINOS,8,8,0
1962,KIRK,68,68,0
1962,KIRBY,9,9,0
1962,KIETH,6,6,0
1962,KEVIN,1258,1258,0
1962,KEVEN,9,9,0
1962,KEVAN,6,6,0
1962,JOESPH,15,15,0
1962,KENTON,8,8,0
1962,KENNY,7,7,0
1962,KENNETH,947,947,0
1962,KEN,7,7,0
1962,KELVIN,25,25,0
1962,KEITH,287,287,0
1962,KARL,77,77,0
1962,JUSTIN,10,10,0
1962,KENT,35,35,0
1962,HOWARD,130,130,0
1962,JOEL,62,62,0
1962,JOAO,7,7,0
1962,JAMEY,5,5,0
1962,JAMES,2237,2237,0
1962,JACQUES,45,45,0
1962,JACQUE,5,5,0
1962,JACOBUS,5,5,0
1962,JACOB,25,25,0
1962,JACK,59,59,0
1962,J,9,9,0
1962,IVANO,7,7,0
1962,IVAN,39,39,0
1962,IRWIN,6,6,0
1962,IRA,7,7,0
1962,IAN,326,326,0
1962,IAIN,16,16,0
1962,HUGH,70,70,0
1962,JASON,38,38,0
1962,JAY,58,58,0
1962,JEAN-CLAUDE,7,7,0
1962,JEAN-GUY,7,7,0
1962,JIMMY,32,32,0
1962,JIM,16,16,0
1962,JESSE,9,9,0
1962,JERRY,85,85,0
1962,JEROME,34,34,0
1962,JEREMY,10,10,0
1962,JEFFRY,8,8,0
1962,JOE,27,27,0
1962,JEFFREY,1176,1176,0
1962,JEFFERSON,7,7,0
1962,JEFFEREY,7,7,0
1962,JEFF,5,5,0
1962,JED,7,7,0
1962,JEAN-PIERRE,10,10,0
1962,JEAN-PAUL,8,8,0
1962,JEAN-MARC,9,9,0
1962,JEFFERY,136,136,0
1962,RITCHIE,8,8,0
1962,ROBBIE,18,18,0
1962,ROBERT,3314,3314,0
1962,CARMELINA,15,0,15
1962,CARMELA,39,0,39
1962,CARMEL,7,0,7
1962,CARLA,86,0,86
1962,CAREY,31,23,8
1962,CARA,6,0,6
1962,CANDY,8,0,8
1962,CANDACE,34,0,34
1962,CAMILLE,9,0,9
1962,CAMILLA,8,0,8
1962,BRUNA,11,0,11
1962,BRIGITTE,26,0,26
1962,BRIDGET,22,0,22
1962,BRENDA-LEE,13,0,13
1962,BRENDA,1021,0,1021
1962,CARMEN,66,11,55
1962,CAROL,658,0,658
1962,CAROL-ANN,18,0,18
1962,CAROL-ANNE,7,0,7
1962,CATHARINE,59,0,59
1962,CATHARINA,11,0,11
1962,CATERINA,31,0,31
1962,CASSANDRA,8,0,8
1962,CARROL,7,0,7
1962,CARRIE,93,0,93
1962,CARON,6,0,6
1962,BONNY,28,0,28
1962,CAROLYNNE,6,0,6
1962,CAROLYNE,6,0,6
1962,CAROLYN,394,0,394
1962,CAROLLE,9,0,9
1962,CAROLINE,204,0,204
1962,CAROLINA,10,0,10
1962,CAROLE,146,0,146
1962,CAROLANN,6,0,6
1962,CAROLYNN,14,0,14
1962,CATHERINE,1035,0,1035
1962,BONNIE,319,0,319
1962,BOBBI,6,0,6
1962,ARLENE,98,0,98
1962,ARLEEN,6,0,6
1962,ARDEN,6,0,6
1962,APRIL,85,0,85
1962,ANTONIETTA,55,0,55
1962,ANTONIA,19,0,19
1962,ANTONELLA,17,0,17
1962,ANTOINETTE,13,0,13
1962,ANNMARIE,6,0,6
1962,ANNIE,23,0,23
1962,ANNETTE,149,0,149
1962,ANNEMARIE,12,0,12
1962,ANNE-MARIE,29,0,29
1962,ANNE,412,0,412
1962,ANNAMARIA,10,0,10
1962,ASSUNTA,26,0,26
1962,ASTRID,11,0,11
1962,AUDREY,70,0,70
1962,BABY,825,483,342
1962,BIRGIT,7,0,7
1962,BEVERLY,228,8,220
1962,BEVERLEY,93,5,88
1962,BETTY,124,0,124
1962,BETTINA,14,0,14
1962,BETH,59,0,59
1962,BESSIE,9,0,9
1962,BONITA,46,0,46
1962,BERTHA,13,0,13
1962,BERNADETTE,47,0,47
1962,BELINDA,34,0,34
1962,BECKY,14,0,14
1962,BEATRICE,20,0,20
1962,BARBRA,15,0,15
1962,BARBARA-ANN,11,0,11
1962,BARBARA,849,0,849
1962,BERNICE,28,0,28
1962,ANNA-MARIA,11,0,11
1962,CATHLEEN,14,0,14
1962,CATHRYN,14,0,14
1962,DANNA,6,0,6
1962,DANIELLE,45,0,45
1962,DANIELA,15,0,15
1962,DANICA,7,0,7
1962,DANA,71,27,44
1962,DALE,326,273,53
1962,CYNTHIA,563,0,563
1962,CRYSTAL,38,0,38
1962,CRISTINE,7,0,7
1962,CRISTINA,7,0,7
1962,CORRINE,14,0,14
1962,CORRINA,7,0,7
1962,CORRIE,6,0,6
1962,CORNELIA,39,0,39
1962,CORINNE,68,0,68
1962,DANUTA,8,0,8
1962,DAPHNE,17,0,17
1962,DARCY,58,49,9
1962,DARLA,17,0,17
1962,DEIRDRE,20,0,20
1962,DEBRAH,9,0,9
1962,DEBRA-ANN,8,0,8
1962,DEBRA,475,0,475
1962,DEBORAH-ANN,9,0,9
1962,DEBORAH,1223,0,1223
1962,DEBORA,60,0,60
1962,CORINNA,12,0,12
1962,DEBBY,10,0,10
1962,DEBBIE,108,0,108
1962,DEANNE,10,0,10
1962,DEANNA,70,0,70
1962,DAWNA,19,0,19
1962,DAWN,226,0,226
1962,DARLENE,435,0,435
1962,DARLEEN,9,0,9
1962,DEBBRA,8,0,8
1962,CATHRINE,14,0,14
1962,COREY,17,11,6
1962,CORA,9,0,9
1962,CHERYL-ANN,15,0,15
1962,CHERYL,750,0,750
1962,CHERIE,14,0,14
1962,CHERI,10,0,10
1962,CHARMAINE,26,0,26
1962,CHARLOTTE,49,0,49
1962,CHARLENE,133,0,133
1962,CHANTAL,17,0,17
1962,CELINE,19,0,19
1962,CELIA,13,0,13
1962,CELESTE,7,0,7
1962,CECILIA,23,0,23
1962,CECILE,10,0,10
1962,CECELIA,9,0,9
1962,CATHY,136,0,136
1962,CHERYL-LYNN,6,0,6
1962,CHERYLE,13,0,13
1962,CHRISTENA,7,0,7
1962,CHRISTIANE,8,0,8
1962,CONSTANCE,92,0,92
1962,CONNIE,158,0,158
1962,CONCETTA,38,0,38
1962,COLLEEN,288,0,288
1962,COLETTE,43,0,43
1962,COLEEN,15,0,15
1962,CLAUDIA,34,0,34
1962,COREEN,6,0,6
1962,CLAUDETTE,45,0,45
1962,CLARA,21,0,21
1962,CLAIRE,52,0,52
1962,CINTHIA,6,0,6
1962,CINDY-LOU,8,0,8
1962,CINDY,450,0,450
1962,CHRISTINE,761,0,761
1962,CHRISTINA,148,0,148
1962,CLARE,18,6,12
1962,FLOYD,15,15,0
1962,ANNA,290,0,290
1962,ANN,229,0,229
1962,STEPHAN,30,30,0
1962,STEFANO,11,11,0
1962,STEFAN,16,16,0
1962,STANLEY,126,126,0
1962,SPENCER,6,6,0
1962,SIMON,25,25,0
1962,SILVIO,6,6,0
1962,SIDNEY,24,24,0
1962,SHELDON,30,30,0
1962,SHAYNE,8,8,0
1962,SHAUN,34,34,0
1962,SHANE,43,43,0
1962,SERGIO,24,24,0
1962,SERGE,15,15,0
1962,SEBASTIANO,14,14,0
1962,STEPHEN,1339,1339,0
1962,STEVE,51,51,0
1962,STEVEN,1162,1162,0
1962,STEWART,62,62,0
1962,TIMOTHY,906,906,0
1962,TIMMY,11,11,0
1962,TIM,5,5,0
1962,THOMAS,1009,1009,0
1962,THEODORE,62,62,0
1962,THEODOR,5,5,0
1962,TERRENCE,86,86,0
1962,SEAN,117,117,0
1962,TERRANCE,110,110,0
1962,TEDDY,7,7,0
1962,TED,19,19,0
1962,TARAS,10,10,0
1962,TADEUSZ,5,5,0
1962,SYLVAIN,13,13,0
1962,SYDNEY,6,6,0
1962,STUART,112,112,0
1962,TERENCE,59,59,0
1962,TOD,13,13,0
1962,SCOTT,804,804,0
1962,SANFORD,5,5,0
1962,ROMEO,11,11,0
1962,ROMAN,27,27,0
1962,ROLLAND,8,8,0
1962,ROLF,9,9,0
1962,ROLAND,56,56,0
1962,ROGER,289,289,0
1962,RODNEY,131,131,0
1962,RODGER,32,32,0
1962,RODERICK,49,49,0
1962,ROCK,6,6,0
1962,ROCH,9,9,0
1962,ROCCO,29,29,0
1962,ROBERTO,105,105,0
1962,KATHLEEN,445,0,445
1962,ROBERT-JOHN,5,5,0
1962,RONALD,996,996,0
1962,RONNIE,19,19,0
1962,RONNY,6,6,0
1962,RORY,19,19,0
1962,SANDY,8,8,0
1962,SANDRO,12,12,0
1962,SAMUEL,63,63,0
1962,SALVATORE,81,81,0
1962,RYAN,13,13,0
1962,RUSSELL,164,164,0
1962,RUSSEL,17,17,0
1962,SAVERIO,10,10,0
1962,RUI,5,5,0
1962,RUDOLPH,8,8,0
1962,RUDOLF,6,6,0
1962,ROYDEN,5,5,0
1962,ROYCE,5,5,0
1962,ROY,140,140,0
1962,ROSS,118,118,0
1962,ROSARIO,12,12,0
1962,RUDY,10,10,0
1962,ANN-MARIE,10,0,10
1962,TODD,266,266,0
1962,TOMAS,9,9,0
1962,ALINE,7,0,7
1962,ALICIA,10,0,10
1962,ALICE,81,0,81
1962,ALEXIS,7,0,7
1962,ALEXANDRA,28,0,28
1962,ALANNA,10,0,10
1962,ALANA,7,0,7
1962,AILEEN,23,0,23
1962,AGNES,28,0,28
1962,ADRIENNE,39,0,39
1962,ADRIANA,28,0,28
1962,ADELINA,6,0,6
1962,ADELE,28,0,28
1962,ADA,17,0,17
1962,ABIGAIL,6,0,6
1962,ALISA,8,0,8
1962,ALISON,128,0,128
1962,ALLISON,47,0,47
1962,ALLYSON,12,0,12
1962,ANITA,190,0,190
1962,ANGELIQUE,10,0,10
1962,ANGELINE,7,0,7
1962,ANGELINA,18,0,18
1962,ANGELIKA,11,0,11
1962,ANGELA,392,0,392
1962,ANGEL,8,0,8
1962,ABBY,8,0,8
1962,ANDREA,225,19,206
1962,ANA,12,0,12
1962,AMY,36,0,36
1962,AMELIA,18,0,18
1962,AMBER,11,0,11
1962,AMANDA,33,0,33
1962,ALYSON,10,0,10
1962,ALMA,9,0,9
1962,ANASTASIA,12,0,12
1962,TOM,12,12,0
1962,YVON,22,22,0
1962,WILSON,6,6,0
1962,VERNON,37,37,0
1962,VAUGHN,6,6,0
1962,VANCE,8,8,0
1962,UNNAMED,5,5,0
1962,UMBERTO,5,5,0
1962,TYRONE,5,5,0
1962,TYLER,13,13,0
1962,TROY,52,52,0
1962,TREVOR,60,60,0
1962,TRENT,8,8,0
1962,TRAVIS,6,6,0
1962,TONY,64,64,0
1962,TONINO,8,8,0
1962,TOMMY,16,16,0
1962,TOMMASO,13,13,0
1962,VICTOR,99,99,0
1962,VINCENT,132,132,0
1962,VINCENZO,82,82,0
1962,VITO,37,37,0
1962,WILLIE,8,8,0
1962,WILLIAM,1747,1747,0
1962,WILLARD,7,7,0
1962,WILFRID,6,6,0
1962,WILFRED,53,53,0
1962,WILBERT,6,6,0
1962,WESLEY,49,49,0
1962,YVES,25,25,0
1962,WERNER,8,8,0
1962,WAYNE,519,519,0
1962,WARREN,121,121,0
1962,WARD,9,9,0
1962,WALTER,165,165,0
1962,WALLACE,19,19,0
1962,WADE,29,29,0
1962,VITTORIO,9,9,0
1962,WENDELL,8,8,0
1962,VERONICA,66,0,66
1962,IRENA,10,0,10
1963,AARON,23,23,0
1963,GAYLE,47,0,47
1963,GAY,7,0,7
1963,GALE,8,0,8
1963,GAIL,204,0,204
1963,GABRIELLE,20,0,20
1963,GABRIELLA,21,0,21
1963,GABRIELE,16,10,6
1963,GABRIELA,6,0,6
1963,FREDA,9,0,9
1963,FRANCOISE,6,0,6
1963,FRANCINE,68,0,68
1963,FRANCESCA,28,0,28
1963,FRANCES,109,0,109
1963,FRANCE,11,0,11
1963,FRANCA,39,0,39
1963,FLORENCE,27,0,27
1963,FLORA,8,0,8
1963,FIONA,36,0,36
1963,FILOMENA,27,0,27
1963,FERNANDA,7,0,7
1963,FERN,9,0,9
1963,GENEVIEVE,10,0,10
1963,FEMALE,23,0,23
1963,GEORGIA,16,0,16
1963,GERALDINE,42,0,42
1963,GWENDOLYN,35,0,35
1963,GWEN,30,0,30
1963,GUYLAINE,14,0,14
1963,GRETA,6,0,6
1963,GRAZIELLA,10,0,10
1963,GRAZIA,6,0,6
1963,GRACE,56,0,56
1963,GLORIA,88,0,88
1963,GLENNA,21,0,21
1963,GLENDA,57,0,57
1963,GLADYS,13,0,13
1963,GIUSEPPINA,58,0,58
1963,GIULIANA,11,0,11
1963,GISELLE,7,0,7
1963,GISELE,28,0,28
1963,GIOVANNA,50,0,50
1963,GINETTE,30,0,30
1963,GINA,93,0,93
1963,GILLIAN,41,0,41
1963,GIANNA,7,0,7
1963,GERTRUDE,14,0,14
1963,GEORGINA,46,0,46
1963,FELICIA,7,0,7
1963,FAYE,20,0,20
1963,FAY,12,0,12
1963,ELISABETH,36,0,36
1963,ELISA,21,0,21
1963,ELEONORA,8,0,8
1963,ELENA,21,0,21
1963,ELEANOR,44,0,44
1963,ELAINE,207,0,207
1963,EILEEN,56,0,56
1963,EDYTHE,8,0,8
1963,EDNA,24,0,24
1963,EDITH,46,0,46
1963,DOROTHY,141,0,141
1963,DORIS,63,0,63
1963,DOREEN,65,0,65
1963,DORA,12,0,12
1963,DONNA-MARIE,11,0,11
1963,DONNA-LYNN,6,0,6
1963,DONNA,906,0,906
1963,DONA,8,0,8
1963,DOMINIQUE,18,12,6
1963,DOMENICA,14,0,14
1963,DOLORES,26,0,26
1963,ELISABETTA,14,0,14
1963,ELISE,17,0,17
1963,ELIZABETH,798,0,798
1963,ELLA,12,0,12
1963,FANNY,7,0,7
1963,FAITH,20,0,20
1963,EVELYN,84,0,84
1963,EVELINE,6,0,6
1963,EVE,8,0,8
1963,EVA,78,0,78
1963,EUNICE,11,0,11
1963,EUGENIA,7,0,7
1963,ETHEL,8,0,8
1963,ESTHER,43,0,43
1963,HARRIET,8,0,8
1963,ESTELLE,6,0,6
1963,ERIKA,12,0,12
1963,ERICA,16,0,16
1963,ENZA,6,0,6
1963,EMMA,14,0,14
1963,EMILY,30,0,30
1963,EMILIA,20,0,20
1963,ELVIRA,10,0,10
1963,ELSIE,10,0,10
1963,ELSA,9,0,9
1963,ELLEN,104,0,104
1963,ERIN,49,0,49
1963,DIXIE,6,0,6
1963,HAYLEY,7,0,7
1963,HEATHER,796,0,796
1963,JOSEPHINE,39,0,39
1963,JOSEE,8,0,8
1963,JONI,12,0,12
1963,JOHANNE,19,0,19
1963,JOHANNA,16,0,16
1963,JODY,69,24,45
1963,JODIE,17,0,17
1963,JODI,29,0,29
1963,JOCELYNE,18,0,18
1963,JOCELYN,36,5,31
1963,JOANNE,577,0,577
1963,JOANNA,29,0,29
1963,JOANN,32,0,32
1963,JOANE,6,0,6
1963,JOAN,189,0,189
1963,JO-ANNE,112,0,112
1963,JO-ANN,49,0,49
1963,JO ANNE,10,0,10
1963,JO ANN,6,0,6
1963,JO,27,0,27
1963,JILLIAN,10,0,10
1963,JOY,44,0,44
1963,JILL,125,0,125
1963,JOYCE,106,0,106
1963,JUDITH,350,0,350
1963,KATHLEEN,435,0,435
1963,KATHERINE,418,0,418
1963,KATHARINE,31,0,31
1963,KARYN,15,0,15
1963,KARRIE,8,0,8
1963,KARON,6,0,6
1963,KARLA,13,0,13
1963,KARIN,36,0,36
1963,KARI,15,0,15
1963,KAREN-ANN,6,0,6
1963,KAREN,1617,0,1617
1963,KARA,18,0,18
1963,JUSTINE,9,0,9
1963,JUNE,66,0,66
1963,JULIETTE,21,0,21
1963,JULIET,10,0,10
1963,JULIE,380,0,380
1963,JULIANNE,12,0,12
1963,JULIANNA,10,0,10
1963,JULIA,158,0,158
1963,JUDY,191,0,191
1963,JUANITA,24,0,24
1963,JESSIE,10,0,10
1963,JESSICA,21,0,21
1963,JENNY,53,0,53
1963,ISOBEL,8,0,8
1963,ISABELLA,11,0,11
1963,ISABEL,15,0,15
1963,IRMA,7,0,7
1963,IRIS,10,0,10
1963,IRENE,118,0,118
1963,IRENA,7,0,7
1963,INGRID,52,0,52
1963,INFANT,56,32,24
1963,IDA,25,0,25
1963,HOPE,10,0,10
1963,HOLLY,73,0,73
1963,HILDA,13,0,13
1963,HILARY,18,0,18
1963,HENRIETTA,20,0,20
1963,HELLEN,8,0,8
1963,HELGA,14,0,14
1963,HELENE,40,0,40
1963,HELENA,27,0,27
1963,HELEN,265,0,265
1963,HEIDI,84,0,84
1963,IVANA,22,0,22
1963,JACKIE,17,7,10
1963,JACQUELINE,398,0,398
1963,JACQUELYN,6,0,6
1963,JENNIFER,565,0,565
1963,JENNIE,14,0,14
1963,JENIFER,13,0,13
1963,JEANNINE,26,0,26
1963,JEANNETTE,30,0,30
1963,JEANNE,24,0,24
1963,JEANINE,9,0,9
1963,JEANETTE,59,0,59
1963,JEAN,225,123,102
1963,JAYNE,46,0,46
1963,HAZEL,7,0,7
1963,JAQUELINE,8,0,8
1963,JANINE,66,0,66
1963,JANINA,6,0,6
1963,JANIE,12,0,12
1963,JANICE,519,0,519
1963,JANETTE,24,0,24
1963,JANET,657,0,657
1963,JANE,303,0,303
1963,JANA,9,0,9
1963,JAN,36,29,7
1963,JAMIE,126,84,42
1963,JANIS,36,0,36
1963,DINAH,8,0,8
1963,DINA,18,0,18
1963,DIANNE,192,0,192
1963,BETTY-ANN,6,0,6
1963,BETTY,100,0,100
1963,BETTINA,9,0,9
1963,BETSY,6,0,6
1963,BETH,58,0,58
1963,BERTHA,7,0,7
1963,BERNITA,6,0,6
1963,BERNICE,34,0,34
1963,BERNADINE,6,0,6
1963,BERNADETTE,48,0,48
1963,BELINDA,42,0,42
1963,BECKY,15,0,15
1963,BEATRICE,20,0,20
1963,BARBRA,12,0,12
1963,BARBARA-ANN,9,0,9
1963,BARBARA,858,0,858
1963,BABY,759,437,322
1963,AUDREY,57,0,57
1963,ATHENA,6,0,6
1963,ASTRID,7,0,7
1963,ASSUNTA,21,0,21
1963,BEVERLEY,110,8,102
1963,ARLENE,81,0,81
1963,BEVERLY,233,9,224
1963,BONITA,34,0,34
1963,CAROLE,115,0,115
1963,CAROLANN,6,0,6
1963,CAROL-ANNE,7,0,7
1963,CAROL-ANN,10,0,10
1963,CAROL,584,0,584
1963,CARMEN,63,6,57
1963,CARMELINA,14,0,14
1963,CARMELA,46,0,46
1963,CARMEL,12,0,12
1963,CARLENE,7,0,7
1963,CARLA,85,0,85
1963,CAREY,35,29,6
1963,CAREN,11,0,11
1963,CARA,12,0,12
1963,CANDACE,27,0,27
1963,BRIGITTE,24,0,24
1963,BRIDGET,27,0,27
1963,BRENDA-LEE,7,0,7
1963,BRENDA,904,0,904
1963,BONNY,21,0,21
1963,BONNIE,272,0,272
1963,BIANCA,9,0,9
1963,APRIL,81,0,81
1963,ANTONINA,12,0,12
1963,ANTONIETTA,54,0,54
1963,AMANDA,35,0,35
1963,AMALIA,8,0,8
1963,ALYSON,6,0,6
1963,ALMA,10,0,10
1963,ALLYSON,8,0,8
1963,ALLISON,66,0,66
1963,ALISON,148,0,148
1963,ALISA,12,0,12
1963,ALINE,11,0,11
1963,ALIDA,6,0,6
1963,ALICIA,20,0,20
1963,ALICE,73,0,73
1963,ALEXIS,7,0,7
1963,ALEXANDRA,45,0,45
1963,ALANNA,12,0,12
1963,AILEEN,12,0,12
1963,AGNES,20,0,20
1963,ADRIENNE,34,0,34
1963,ADRIANA,20,0,20
1963,ADELE,36,0,36
1963,ADDOLORATA,6,0,6
1963,AMBER,9,0,9
1963,AMY,41,0,41
1963,ANA,12,0,12
1963,ANASTASIA,14,0,14
1963,ANTONIA,14,0,14
1963,ANTONELLA,24,0,24
1963,ANTOINETTE,12,0,12
1963,ANNUNZIATA,6,0,6
1963,ANNIE,23,0,23
1963,ANNETTE,172,0,172
1963,ANNE-MARIE,29,0,29
1963,ANNE,394,0,394
1963,ANNAMARIE,8,0,8
1963,ANNAMARIA,10,0,10
1963,CAROLIN,7,0,7
1963,ANNA-MARIE,13,0,13
1963,ANNA,326,0,326
1963,ANN,239,0,239
1963,ANITA,207,0,207
1963,ANGELINE,6,0,6
1963,ANGELINA,28,0,28
1963,ANGELICA,6,0,6
1963,ANGELE,12,0,12
1963,ANGELA,417,0,417
1963,ANGEL,7,0,7
1963,ANDREA,251,11,240
1963,ANNA-MARIA,12,0,12
1963,CAROLINA,12,0,12
1963,CAROLINE,184,0,184
1963,CAROLYN,342,0,342
1963,DAWN,207,0,207
1963,DARLENE,445,0,445
1963,DARLEEN,7,0,7
1963,DARLA,23,0,23
1963,DARCY,65,54,11
1963,DAPHNE,18,0,18
1963,DANUTA,7,0,7
1963,DANIELLE,54,0,54
1963,DANIELA,22,0,22
1963,DANA,104,36,68
1963,DALE,310,272,38
1963,DAISY,11,0,11
1963,CYNTHIA,495,0,495
1963,CRYSTAL,33,0,33
1963,CRISTINE,7,0,7
1963,CRISTINA,9,0,9
1963,CORRINE,15,0,15
1963,CORRINA,7,0,7
1963,CORNELIA,31,0,31
1963,CORINNE,83,0,83
1963,CORINNA,12,0,12
1963,DAWNA,12,0,12
1963,DAYLE,6,0,6
1963,DAYNA,9,0,9
1963,DEANA,8,0,8
1963,DIANNA,26,0,26
1963,DIANE,513,0,513
1963,DIANA,285,0,285
1963,DENYSE,15,0,15
1963,DENISE,366,0,366
1963,DENICE,8,0,8
1963,DENA,11,0,11
1963,DELLA,20,0,20
1963,DELIA,8,0,8
1963,DEIRDRE,17,0,17
1963,CORINA,10,0,10
1963,DEBRAH,6,0,6
1963,DEBRA,366,0,366
1963,DEBORAH-LYNN,6,0,6
1963,DEBORAH-ANN,9,0,9
1963,DEBORAH,1150,0,1150
1963,DEBORA,54,0,54
1963,DEBBY,19,0,19
1963,DEBBRA,9,0,9
1963,DEBBIE,112,0,112
1963,DEANNE,11,0,11
1963,DEANNA,82,0,82
1963,DEBRA-ANN,8,0,8
1963,KATHRYN,251,0,251
1963,COREEN,9,0,9
1963,CONSTANCE,93,0,93
1963,CELINE,6,0,6
1963,CELIA,8,0,8
1963,CECILIA,11,0,11
1963,CECILE,9,0,9
1963,CECELIA,7,0,7
1963,CATHY,129,0,129
1963,CATHRYN,11,0,11
1963,CATHRINE,14,0,14
1963,CATHLEEN,10,0,10
1963,CATHERINE-ANN,9,0,9
1963,CATHERINE,990,0,990
1963,CATHERINA,6,0,6
1963,CATHARINE,49,0,49
1963,CATHARINA,6,0,6
1963,CATERINA,39,0,39
1963,CASSANDRA,10,0,10
1963,CARROL,6,0,6
1963,CARRIE,105,0,105
1963,CARON,6,0,6
1963,CAROLYNN,11,0,11
1963,CAROLYNE,7,0,7
1963,CHANTAL,27,0,27
1963,CHARLENE,167,0,167
1963,CHARLOTTE,44,0,44
1963,CHARMAINE,35,0,35
1963,CONNIE,174,0,174
1963,CONCETTINA,7,0,7
1963,CONCETTA,20,0,20
1963,COLLEEN,310,0,310
1963,COLETTE,37,0,37
1963,COLEEN,14,0,14
1963,CLAUDIA,24,0,24
1963,CLAUDETTE,29,0,29
1963,CLARE,21,5,16
1963,CLARA,27,0,27
1963,CORA,10,0,10
1963,CLAIRE,51,0,51
1963,CHRISTY,6,0,6
1963,CHRISTINE,913,0,913
1963,CHRISTINA,152,0,152
1963,CHRISTA,12,0,12
1963,CHERYLE,11,0,11
1963,CHERYL-LYNN,7,0,7
1963,CHERYL-ANN,6,0,6
1963,CHERYL,669,0,669
1963,CHERIE,12,0,12
1963,CHERI,14,0,14
1963,CINDY,425,0,425
1963,ADA,6,0,6
1963,KATHY,129,0,129
1963,KELLEY,22,0,22
1963,ROSEANNE,13,0,13
1963,ROSE-MARIE,11,0,11
1963,ROSE,144,0,144
1963,ROSARIA,26,0,26
1963,ROSANNE,57,0,57
1963,ROSANNA,46,0,46
1963,ROSALIND,9,0,9
1963,ROSALIE,16,0,16
1963,ROSALIA,11,0,11
1963,ROSALBA,8,0,8
1963,ROSA,79,0,79
1963,RONDA,33,0,33
1963,ROCHELLE,10,0,10
1963,ROBYN,40,0,40
1963,ROBIN,299,108,191
1963,ROBERTA,73,0,73
1963,ROBBIN,6,0,6
1963,RITA,126,0,126
1963,RISA,9,0,9
1963,RINA,6,0,6
1963,RHONDA,192,0,192
1963,ROSEMARIE,49,0,49
1963,RHODA,8,0,8
1963,ROSEMARY,130,0,130
1963,ROSINA,17,0,17
1963,SHARRON,25,0,25
1963,SHARON,643,0,643
1963,SHARLENE,13,0,13
1963,SHARI,91,0,91
1963,SHANNON,72,9,63
1963,SERAFINA,6,0,6
1963,SELINA,6,0,6
1963,SARAH,95,0,95
1963,SARA,33,0,33
1963,SANDY,22,12,10
1963,SANDRA,1333,0,1333
1963,SAMANTHA,9,0,9
1963,SALLY,76,0,76
1963,SABRINA,6,0,6
1963,SABINE,13,0,13
1963,SABINA,6,0,6
1963,RUTH,218,0,218
1963,RUBY,13,0,13
1963,ROXANNE,61,0,61
1963,ROSSANA,6,0,6
1963,ROSLYN,9,0,9
1963,ROSETTA,13,0,13
1963,RHEA,8,0,8
1963,RETA,6,0,6
1963,RENEE,57,0,57
1963,PATRIZIA,23,0,23
1963,PATRICIA,1008,0,1008
1963,PATRICE,12,0,12
1963,PATRICA,11,0,11
1963,PAT,6,0,6
1963,PASQUALINA,12,0,12
1963,PAOLA,27,0,27
1963,PANAGIOTA,6,0,6
1963,PAMELLA,9,0,9
1963,PAMELA,413,0,413
1963,OLIVIA,6,0,6
1963,OLGA,20,0,20
1963,NOT,27,14,13
1963,NORMA,76,0,76
1963,NORINE,13,0,13
1963,NOREEN,26,0,26
1963,NORAH,11,0,11
1963,NORA,28,0,28
1963,NOLA,6,0,6
1963,NOELLA,14,0,14
1963,NINA,15,0,15
1963,PATSY,20,0,20
1963,PATTI,48,0,48
1963,PATTY,11,0,11
1963,PAULA,244,0,244
1963,RENE,43,37,6
1963,RENATA,12,0,12
1963,RENA,10,0,10
1963,REGINA,13,0,13
1963,REBECCA,106,0,106
1963,RAYMONDE,7,0,7
1963,RAMONA,8,0,8
1963,RAFFAELA,7,0,7
1963,RAE,9,0,9
1963,RACHELLE,29,0,29
1963,SHAUNA,11,0,11
1963,RACHEL,43,0,43
1963,PIERRETTE,10,0,10
1963,PHYLLIS,37,0,37
1963,PETRA,14,0,14
1963,PENNY,178,0,178
1963,PENNIE,8,0,8
1963,PENELOPE,41,0,41
1963,PEGGY,78,0,78
1963,PEARL,12,0,12
1963,PAULINE,134,0,134
1963,PAULETTE,33,0,33
1963,PINA,9,0,9
1963,NICOLETTE,9,0,9
1963,SHAWN,273,259,14
1963,SHEILA,256,0,256
1963,VALARIE,7,0,7
1963,URSULA,7,0,7
1963,TWYLA,6,0,6
1963,TRUDY,60,0,60
1963,TRINA,9,0,9
1963,TRACY,591,38,553
1963,TRACIE,15,0,15
1963,TRACEY,208,5,203
1963,TONI,27,7,20
1963,TINA,147,0,147
1963,THERESE,33,0,33
1963,THERESA,254,0,254
1963,THEODORA,6,0,6
1963,THELMA,11,0,11
1963,TERRY,502,392,110
1963,TERRIE,8,0,8
1963,TERRI-LYNN,6,0,6
1963,TERRI,106,0,106
1963,TERI,15,0,15
1963,TERESA,408,0,408
1963,TEENA,8,0,8
1963,VALERIE,271,0,271
1963,TARA,26,0,26
1963,VANDA,11,0,11
1963,VERA,31,0,31
1963,YVONNE,137,0,137
1963,YVETTE,26,0,26
1963,YOLANDA,16,0,16
1963,WINNIFRED,6,0,6
1963,WILMA,37,0,37
1963,WILHELMINA,11,0,11
1963,WENDY,729,0,729
1963,WANDA,138,0,138
1963,VIVIAN,44,0,44
1963,VITTORIA,14,0,14
1963,VIRGINIA,87,0,87
1963,VIOLET,18,0,18
1963,VIOLA,8,0,8
1963,VINCENZA,11,0,11
1963,VICTORIA,165,0,165
1963,VICKY,28,0,28
1963,VICKIE,19,0,19
1963,VICKI,64,0,64
1963,VERONIKA,7,0,7
1963,VERONICA,49,0,49
1963,VERNA,20,0,20
1963,VANESSA,15,0,15
1963,TANYA,44,0,44
1963,TANIA,7,0,7
1963,TAMMY,312,0,312
1963,SONIA,29,0,29
1963,SIOBHAN,7,0,7
1963,SIMONE,31,0,31
1963,SILVIA,29,0,29
1963,SILVANA,47,0,47
1963,SHONA,6,0,6
1963,SHIRLEY,183,0,183
1963,SHERYL,71,0,71
1963,SHERRY,405,0,405
1963,SHERRIE,27,0,27
1963,SHERRI-LYNN,9,0,9
1963,SHERRI-LEE,7,0,7
1963,SHERRI,152,0,152
1963,SHERILYN,6,0,6
1963,SHERI,85,0,85
1963,SHELLY,114,0,114
1963,SHELLIE,8,0,8
1963,SHELLEY-ANN,6,0,6
1963,SHELLEY,532,0,532
1963,SHELAGH,19,0,19
1963,SHEILAGH,9,0,9
1963,SONJA,26,0,26
1963,SONYA,57,0,57
1963,SOPHIA,16,0,16
1963,SOPHIE,8,0,8
1963,TAMMIE,31,0,31
1963,TAMMI,8,0,8
1963,TAMI,27,0,27
1963,TAMARA,52,0,52
1963,SYLVIE,103,0,103
1963,SYLVIA,122,0,122
1963,SUZIE,6,0,6
1963,SUZETTE,10,0,10
1963,SUZANNE,333,0,333
1963,SUZAN,6,0,6
1963,SHAWNA,20,0,20
1963,SUSIE,6,0,6
1963,SUSANNA,19,0,19
1963,SUSANN,7,0,7
1963,SUSANE,7,0,7
1963,SUSAN,1766,0,1766
1963,SUE-ANN,7,0,7
1963,SUE,12,0,12
1963,STEPHANIE,125,0,125
1963,STELLA,25,0,25
1963,STACY,35,20,15
1963,STACEY,73,0,73
1963,SUSANNE,87,0,87
1963,NICOLETTA,6,0,6
1963,NICOLE,137,0,137
1963,NICOLA,73,59,14
1963,LOLA,6,0,6
1963,LOIS,70,0,70
1963,LIZA,9,0,9
1963,LISETTE,12,0,12
1963,LISE,111,0,111
1963,LISA-ANN,6,0,6
1963,LISA,1047,0,1047
1963,LINE,13,0,13
1963,LINDSEY,6,0,6
1963,LINDSAY,30,17,13
1963,LINDA,1057,0,1057
1963,LINA,44,0,44
1963,LILY,12,0,12
1963,LILLIAN,43,0,43
1963,LILIANA,12,0,12
1963,LIDIA,12,0,12
1963,LIANNE,23,0,23
1963,LIANA,15,0,15
1963,LIA,6,0,6
1963,LESLIE,392,88,304
1963,LESLEY,70,0,70
1963,LORA,18,0,18
1963,LESLEE,9,0,9
1963,LORAINE,9,0,9
1963,LOREEN,8,0,8
1963,LOUISA,7,0,7
1963,LOUANN,6,0,6
1963,LOU,6,0,6
1963,LORRIE,54,0,54
1963,LORRI,20,0,20
1963,LORRAINE,259,0,259
1963,LORNA,66,0,66
1963,LORILEE,6,0,6
1963,LORIE,76,0,76
1963,LORIANNE,9,0,9
1963,LORIANN,6,0,6
1963,LORI-LYNN,6,0,6
1963,LORI-ANNE,20,0,20
1963,LORI-ANN,54,0,54
1963,LORI,753,0,753
1963,LORETTA,65,0,65
1963,LORETA,11,0,11
1963,LORENE,11,0,11
1963,LORENA,13,0,13
1963,LORELLA,6,0,6
1963,LORELEI,25,0,25
1963,LOREDANA,8,0,8
1963,LESIA,6,0,6
1963,LESA,12,0,12
1963,LEONORA,7,0,7
1963,KRISTINE,44,0,44
1963,KRISTINA,20,0,20
1963,KRISTIN,12,0,12
1963,KRISTEN,15,0,15
1963,KRISTA,37,0,37
1963,KIRSTEN,13,0,13
1963,KIMBERLY-ANN,15,0,15
1963,KIMBERLY,670,0,670
1963,KIMBERLEY-ANN,7,0,7
1963,KIMBERLEY,461,0,461
1963,KIMBERLEE,25,0,25
1963,KIM,263,33,230
1963,KERRY,119,69,50
1963,KERRIE,8,0,8
1963,KERRI,21,0,21
1963,KENDRA,14,0,14
1963,KELLY-ANNE,7,0,7
1963,KELLY-ANN,10,0,10
1963,KELLY,832,100,732
1963,KELLIE,20,0,20
1963,KELLI,22,0,22
1963,KRISTY,6,0,6
1963,KRYSTYNA,13,0,13
1963,LANA,49,0,49
1963,LAURA,627,0,627
1963,LEONA,40,0,40
1963,LENORE,6,0,6
1963,LENORA,9,0,9
1963,LENA,17,0,17
1963,LEISA,12,0,12
1963,LEILA,6,0,6
1963,LEIGH,15,0,15
1963,LEEANNE,7,0,7
1963,LEEANN,13,0,13
1963,LEE-ANNE,14,0,14
1963,LOUISE,191,0,191
1963,LEE-ANN,16,0,16
1963,LEANNE,79,0,79
1963,LEAH,53,0,53
1963,LEA,17,0,17
1963,LAURIE,596,6,590
1963,LAURI,15,0,15
1963,LAURENE,9,0,9
1963,LAUREN,23,0,23
1963,LAUREL,56,0,56
1963,LAUREEN,9,0,9
1963,LAURA-LEE,6,0,6
1963,LEE,138,50,88
1963,LUANA,9,0,9
1963,LUANN,10,0,10
1963,LUCIA,76,0,76
1963,MELODIE,11,0,11
1963,MELISSA,73,0,73
1963,MELINDA,40,0,40
1963,MELANIE,132,0,132
1963,MEGAN,18,0,18
1963,MAY,13,0,13
1963,MAXINE,16,0,16
1963,MAVIS,7,0,7
1963,MAUREEN,246,0,246
1963,MARYLOU,11,0,11
1963,MARYANNE,24,0,24
1963,MARYANN,30,0,30
1963,MARY-LYNN,9,0,9
1963,MARY-LOUISE,6,0,6
1963,MARY-LOU,7,0,7
1963,MARY-JO,12,0,12
1963,MARY-JANE,9,0,9
1963,MARY-ELLEN,9,0,9
1963,MARY-ANNE,15,0,15
1963,MARY-ANN,22,0,22
1963,MARY,1923,0,1923
1963,MELODY,39,0,39
1963,MELONIE,6,0,6
1963,MICHELE,459,53,406
1963,MICHELINA,13,0,13
1963,NELLA,9,0,9
1963,NATHALIE,12,0,12
1963,NATALIE,66,0,66
1963,NATALIA,6,0,6
1963,NAOMI,13,0,13
1963,NANETTE,7,0,7
1963,NANCY,856,0,856
1963,NADINE,35,0,35
1963,NADIA,39,0,39
1963,NADA,6,0,6
1963,MARTINE,6,0,6
1963,MYRA,9,0,9
1963,MONIQUE,101,0,101
1963,MONIKA,22,0,22
1963,MONICA,154,0,154
1963,MONA,42,0,42
1963,MOIRA,12,0,12
1963,MIRIAM,33,0,33
1963,MIRELLA,24,0,24
1963,MILDRED,14,0,14
1963,MICHELLE,379,0,379
1963,MICHELINE,20,0,20
1963,MURIEL,20,0,20
1963,KATRINA,8,0,8
1963,MARTINA,11,0,11
1963,MARTA,12,0,12
1963,MARGARET,541,0,541
1963,MARCY,8,0,8
1963,MARCIA,58,0,58
1963,MARCELLA,17,0,17
1963,MARA,16,0,16
1963,MANUELA,14,0,14
1963,MANON,9,0,9
1963,MADELINE,8,0,8
1963,MADELEINE,15,0,15
1963,LYNNE,96,0,96
1963,LYNN,359,7,352
1963,LYNE,18,0,18
1963,LYNDA,175,0,175
1963,LYN,7,0,7
1963,LYDIA,40,0,40
1963,LUISA,29,0,29
1963,LUCY,39,0,39
1963,LUCINDA,17,0,17
1963,LUCILLE,27,0,27
1963,LUCIE,36,0,36
1963,LUCIANA,7,0,7
1963,MARGHERITA,10,0,10
1963,MARGO,27,0,27
1963,MARGOT,24,0,24
1963,MARGRET,13,0,13
1963,MARSHA,34,0,34
1963,MARNIE,13,0,13
1963,MARLENE,130,0,130
1963,MARLEEN,6,0,6
1963,MARLA,23,0,23
1963,MARJORIE,64,0,64
1963,MARITA,6,0,6
1963,MARISA,50,0,50
1963,MARION,84,0,84
1963,MARINA,30,0,30
1963,MARTHA,99,0,99
1963,MARILYN,201,0,201
1963,MARIKA,6,0,6
1963,MARIETTA,10,0,10
1963,MARIE-CLAIRE,7,0,7
1963,MARIE,2464,0,2464
1963,MARIANNE,93,0,93
1963,MARIANNA,9,0,9
1963,MARIAN,42,0,42
1963,MARIA,531,0,531
1963,MARI,7,0,7
1963,MARGUERITE,16,0,16
1963,MARILENA,7,0,7
1963,ABRAHAM,7,7,0
1963,LUANNE,19,0,19
1963,VASILIOS,5,5,0
1963,LONNIE,9,9,0
1963,LORENZO,20,20,0
1963,LORIS,9,9,0
1963,LORNE,76,76,0
1963,LOUIE,5,5,0
1963,LOUIS,102,102,0
1963,LUC,43,43,0
1963,LUCIANO,35,35,0
1963,LLOYD,79,79,0
1963,LUCIEN,16,16,0
1963,LUIGI,63,63,0
1963,LUIS,13,13,0
1963,LUKE,15,15,0
1963,LYLE,38,38,0
1963,LYNDON,7,7,0
1963,MALCOLM,34,34,0
1963,MALE,23,23,0
1963,MANFRED,5,5,0
1963,LUCIO,7,7,0
1963,MANUEL,17,17,0
1963,LIONEL,12,12,0
1963,LEWIS,10,10,0
1963,KONSTANTINOS,6,6,0
1963,KRIS,6,6,0
1963,KRISTIAN,5,5,0
1963,KURT,23,23,0
1963,KYLE,17,17,0
1963,LANCE,37,37,0
1963,LARRY,265,265,0
1963,LAURENCE,24,24,0
1963,LINO,13,13,0
1963,LAURENT,12,12,0
1963,LELAND,5,5,0
1963,LENARD,9,9,0
1963,LEO,78,78,0
1963,LEON,23,23,0
1963,LEONARD,173,173,0
1963,LEONARDO,16,16,0
1963,LEROY,8,8,0
1963,LESTER,9,9,0
1963,LAWRENCE,228,228,0
1963,MARC,207,207,0
1963,MARC-ANDRE,5,5,0
1963,MARCEL,84,84,0
1963,MICHAEL,3051,3051,0
1963,MICHAEL-ANTHONY,7,7,0
1963,MICHAEL-JAMES,5,5,0
1963,MICHAEL-JOHN,9,9,0
1963,MICHAEL-JOSEPH,6,6,0
1963,MICHEAL,144,144,0
1963,MICHEL,168,168,0
1963,MIKE,20,20,0
1963,MERVYN,5,5,0
1963,MILAN,7,7,0
1963,MITCHELL,56,56,0
1963,MORGAN,18,18,0
1963,MORRIS,19,19,0
1963,MURRAY,160,160,0
1963,MYLES,13,13,0
1963,MYRON,10,10,0
1963,NATHAN,8,8,0
1963,NATHANIEL,5,5,0
1963,MILES,12,12,0
1963,MERVIN,12,12,0
1963,MELVIN,34,34,0
1963,MAURO,27,27,0
1963,MARCELLO,11,11,0
1963,MARCO,44,44,0
1963,MARCUS,14,14,0
1963,MARIANO,6,6,0
1963,MARIO,117,117,0
1963,MARK,1734,1734,0
1963,MARKO,7,7,0
1963,MARKUS,6,6,0
1963,MARSHALL,14,14,0
1963,MARTIN,311,311,0
1963,MARTY,21,21,0
1963,MARTYN,7,7,0
1963,MARVIN,27,27,0
1963,MASSIMO,5,5,0
1963,MATHEW,19,19,0
1963,MATTEO,5,5,0
1963,MATTHEW,153,153,0
1963,MAURICE,70,70,0
1963,MAURIZIO,20,20,0
1963,KLAUS,7,7,0
1963,NEAL,12,12,0
1963,KIRK,76,76,0
1963,KEVIN,1434,1434,0
1963,IVANO,8,8,0
1963,J,10,10,0
1963,JACK,75,75,0
1963,JACOB,30,30,0
1963,JACOBUS,11,11,0
1963,JACQUES,62,62,0
1963,JAIMIE,6,6,0
1963,JAMES,2181,2181,0
1963,IVAN,44,44,0
1963,JASON,61,61,0
1963,JEAN-CLAUDE,5,5,0
1963,JEAN-GUY,5,5,0
1963,JEAN-MARC,13,13,0
1963,JEAN-PAUL,14,14,0
1963,JEFFEREY,5,5,0
1963,JEFFERSON,6,6,0
1963,JEFFERY,131,131,0
1963,JEFFREY,1113,1113,0
1963,JAY,61,61,0
1963,JEREMY,17,17,0
1963,ISTVAN,5,5,0
1963,IRWIN,6,6,0
1963,HAL,13,13,0
1963,HANS,8,8,0
1963,HAROLD,142,142,0
1963,HARRY,70,70,0
1963,HARVEY,42,42,0
1963,HENDRIK,5,5,0
1963,HENRI,5,5,0
1963,HENRY,124,124,0
1963,ISAAC,6,6,0
1963,HERBERT,50,50,0
1963,HOWARD,109,109,0
1963,HUBERT,11,11,0
1963,HUGH,60,60,0
1963,HUGO,5,5,0
1963,IAIN,9,9,0
1963,IAN,304,304,0
1963,IRA,6,6,0
1963,IRVIN,5,5,0
1963,HERMAN,14,14,0
1963,JEROME,35,35,0
1963,JERRY,65,65,0
1963,JESSE,6,6,0
1963,JOSEF,8,8,0
1963,JOSEPH,3542,3542,0
1963,JOSEPHE,5,5,0
1963,JOSHUA,7,7,0
1963,JULES,5,5,0
1963,JULIAN,10,10,0
1963,JULIUS,5,5,0
1963,JUSTIN,14,14,0
1963,JOSE,38,38,0
1963,KARL,100,100,0
1963,KELVIN,25,25,0
1963,KEN,6,6,0
1963,KENNETH,955,955,0
1963,KENNY,11,11,0
1963,KENT,74,74,0
1963,KENTON,17,17,0
1963,KEVAN,5,5,0
1963,KEVEN,5,5,0
1963,KEITH,284,284,0
1963,JOS,5,5,0
1963,JORGE,6,6,0
1963,JORDAN,26,26,0
1963,JIM,16,16,0
1963,JIMMY,33,33,0
1963,JOAO,8,8,0
1963,JOE,25,25,0
1963,JOEL,70,70,0
1963,JOESPH,9,9,0
1963,JOEY,16,16,0
1963,JOHAN,7,7,0
1963,JOHANN,8,8,0
1963,JOHANNES,9,9,0
1963,JOHN,3159,3159,0
1963,JOHNATHAN,7,7,0
1963,JOHNATHON,5,5,0
1963,JOHNNY,43,43,0
1963,JOHN-PAUL,10,10,0
1963,JON,33,33,0
1963,JONAS,5,5,0
1963,JONATHAN,125,125,0
1963,JONATHON,9,9,0
1963,KIRBY,12,12,0
1963,GUY,110,110,0
1963,NEIL,164,164,0
1963,NICHOLAS,89,89,0
1963,STERLING,5,5,0
1963,STEVE,70,70,0
1963,STEVEN,1193,1193,0
1963,STEWART,70,70,0
1963,STIRLING,5,5,0
1963,STUART,113,113,0
1963,SYDNEY,6,6,0
1963,SYLVAIN,19,19,0
1963,STEPHEN,1383,1383,0
1963,TARAS,15,15,0
1963,ZOLTAN,6,6,0
1963,YVON,15,15,0
1963,YVES,31,31,0
1963,YVAN,8,8,0
1963,WRAY,8,8,0
1963,WINSTON,9,9,0
1963,WILSON,6,6,0
1963,WILMER,5,5,0
1963,TED,19,19,0
1963,WILLIAM,1634,1634,0
1963,STEPHAN,28,28,0
1963,STEFAN,14,14,0
1963,SAVERIO,5,5,0
1963,SCOT,9,9,0
1963,SCOTT,869,869,0
1963,SEAN,132,132,0
1963,SEBASTIANO,8,8,0
1963,SERGE,20,20,0
1963,SERGIO,35,35,0
1963,SHANE,48,48,0
1963,STEFANO,12,12,0
1963,SHAUN,37,37,0
1963,SHELDON,32,32,0
1963,SIDNEY,25,25,0
1963,SILVIO,9,9,0
1963,SIMON,18,18,0
1963,SONNY,6,6,0
1963,SPENCER,9,9,0
1963,SPIROS,7,7,0
1963,STANLEY,114,114,0
1963,SHAYNE,10,10,0
1963,WILLARD,11,11,0
1963,WILFRED,44,44,0
1963,WILBERT,6,6,0
1963,TRENT,21,21,0
1963,TRAVIS,9,9,0
1963,TONY,74,74,0
1963,TONINO,12,12,0
1963,TOMMY,21,21,0
1963,TOMMASO,8,8,0
1963,TOM,10,10,0
1963,TODD,321,321,0
1963,TREVOR,63,63,0
1963,TOD,5,5,0
1963,TIMMY,8,8,0
1963,TIM,10,10,0
1963,THOMAS,1024,1024,0
1963,THEODOROS,6,6,0
1963,THEODORE,65,65,0
1963,THADDEUS,5,5,0
1963,TERRENCE,86,86,0
1963,TERRANCE,104,104,0
1963,TIMOTHY,904,904,0
1963,TROY,53,53,0
1963,TWIN,5,5,0
1963,TYLER,10,10,0
1963,WESLEY,40,40,0
1963,WERNER,6,6,0
1963,WENDELL,9,9,0
1963,WAYNE,470,470,0
1963,WARREN,128,128,0
1963,WARD,17,17,0
1963,WALTER,175,175,0
1963,WALLACE,20,20,0
1963,WADE,33,33,0
1963,VITTORIO,7,7,0
1963,VITO,41,41,0
1963,VINCENZO,66,66,0
1963,VINCENT,150,150,0
1963,VICTOR,102,102,0
1963,VERNON,31,31,0
1963,VAUGHN,9,9,0
1963,TEDDY,17,17,0
1963,UMBERTO,10,10,0
1963,TYRONE,5,5,0
1963,SANTO,6,6,0
1963,NELSON,34,34,0
1963,SANDRO,13,13,0
1963,SAMMY,8,8,0
1963,PETER,1152,1152,0
1963,PETER-JOSEPH,6,6,0
1963,PHILIP,309,309,0
1963,PHILIPPE,13,13,0
1963,PHILLIP,70,70,0
1963,PIERRE,109,109,0
1963,PIETRO,34,34,0
1963,PRESTON,5,5,0
1963,PERRY,89,89,0
1963,RAFFAELE,19,19,0
1963,RANDAL,27,27,0
1963,RANDALL,229,229,0
1963,RANDOLPH,97,97,0
1963,RANDY,246,246,0
1963,RAY,18,18,0
1963,RAYMOND,398,398,0
1963,REAL,5,5,0
1963,REGINALD,60,60,0
1963,RALPH,107,107,0
1963,REID,9,9,0
1963,PERCY,9,9,0
1963,PAUL,1855,1855,0
1963,NICK,29,29,0
1963,NICKOLAOS,5,5,0
1963,NICOLINO,5,5,0
1963,NIGEL,19,19,0
1963,NIKOLA,5,5,0
1963,NINO,5,5,0
1963,NOEL,13,13,0
1963,NORBERT,7,7,0
1963,PAULO,8,8,0
1963,NORMAN,250,250,0
1963,OLIVER,12,12,0
1963,OSCAR,13,13,0
1963,OTTO,6,6,0
1963,OWEN,25,25,0
1963,PAOLO,50,50,0
1963,PASQUALE,31,31,0
1963,PASQUALINO,9,9,0
1963,PATRICK,446,446,0
1963,NORMAND,37,37,0
1963,REJEAN,13,13,0
1963,REMI,8,8,0
1963,REMO,6,6,0
1963,ROLAND,59,59,0
1963,ROLF,6,6,0
1963,ROMAN,29,29,0
1963,ROMEO,11,11,0
1963,RONALD,963,963,0
1963,RONNIE,19,19,0
1963,RORY,16,16,0
1963,ROSARIO,17,17,0
1963,ROGER,259,259,0
1963,ROSS,119,119,0
1963,RUDOLF,10,10,0
1963,RUDOLPH,10,10,0
1963,RUDY,11,11,0
1963,RUSSEL,14,14,0
1963,RUSSELL,156,156,0
1963,RYAN,18,18,0
1963,SALVATORE,72,72,0
1963,SAM,18,18,0
1963,ROY,138,138,0
1963,RODOLFO,5,5,0
1963,RODNEY,116,116,0
1963,RODGER,18,18,0
1963,RENATO,15,15,0
1963,RENZO,7,7,0
1963,RHEAL,11,11,0
1963,RICARDO,11,11,0
1963,RICCARDO,10,10,0
1963,RICHARD,1674,1674,0
1963,RICK,10,10,0
1963,RICKEY,15,15,0
1963,RICKY,94,94,0
1963,RITCHIE,5,5,0
1963,ROBBIE,29,29,0
1963,ROBBY,8,8,0
1963,ROBERT,3283,3283,0
1963,ROBERT-JAMES,6,6,0
1963,ROBERTO,94,94,0
1963,ROCCO,26,26,0
1963,ROCH,8,8,0
1963,ROCKY,9,9,0
1963,RODERICK,31,31,0
1963,SAMUEL,73,73,0
1963,TERENCE,60,60,0
1963,GUS,16,16,0
1963,GUGLIELMO,5,5,0
1963,CHESTER,6,6,0
1963,CHARLES,419,419,0
1963,CESARE,6,6,0
1963,CECIL,23,23,0
1963,CASEY,13,13,0
1963,CARY,22,22,0
1963,CARSON,7,7,0
1963,CARMINE,23,23,0
1963,CARMELO,15,15,0
1963,CARMAN,8,8,0
1963,CARLTON,7,7,0
1963,CARLOS,15,15,0
1963,CARLO,49,49,0
1963,CARL,159,159,0
1963,CAMERON,106,106,0
1963,CALVIN,52,52,0
1963,CALOGERO,6,6,0
1963,BRANDON,6,6,0
1963,BRANT,18,18,0
1963,BRENDAN,13,13,0
1963,BRENT,193,193,0
1963,BRETT,75,75,0
1963,BRIAN,1280,1280,0
1963,CHRIS,44,44,0
1963,BRIEN,5,5,0
1963,BRUCE,455,455,0
1963,BRUNO,55,55,0
1963,BRYAN,107,107,0
1963,BRYON,8,8,0
1963,BURTON,8,8,0
1963,BYRON,14,14,0
1963,BROCK,5,5,0
1963,CHRISTIAN,29,29,0
1963,GUISEPPE,6,6,0
1963,CHRISTOS,6,6,0
1963,CORY,11,11,0
1963,COSIMO,5,5,0
1963,CRAIG,291,291,0
1963,CRISTOPHER,5,5,0
1963,CURT,10,10,0
1963,CURTIS,51,51,0
1963,CORRADO,17,17,0
1963,CYRIL,7,7,0
1963,DANE,5,5,0
1963,DANIAL,8,8,0
1963,DANIEL,1194,1194,0
1963,DANIELE,19,19,0
1963,DANILO,6,6,0
1963,DANNY,146,146,0
1963,DAN,11,11,0
1963,BRADLY,12,12,0
1963,CORNELL,5,5,0
1963,CORNELIS,10,10,0
1963,CLARENCE,38,38,0
1963,CLARK,12,12,0
1963,CLAUDE,86,86,0
1963,CLAUDIO,43,43,0
1963,CLAYTON,50,50,0
1963,CLEMENT,5,5,0
1963,CORNELIUS,8,8,0
1963,CLIFFORD,74,74,0
1963,CLIVE,9,9,0
1963,CLYDE,8,8,0
1963,COLIN,109,109,0
1963,CONRAD,14,14,0
1963,CONSTANTINE,5,5,0
1963,COREY,9,9,0
1963,CLINTON,25,25,0
1963,BRADLEY,525,525,0
1963,BRAD,13,13,0
1963,BOYD,6,6,0
1963,ALISTAIR,7,7,0
1963,ALLAN,295,295,0
1963,ALLEN,109,109,0
1963,ALVIN,23,23,0
1963,ANDRE,159,159,0
1963,ANDREAS,11,11,0
1963,ALFREDO,6,6,0
1963,ANDREW,731,731,0
1963,ANGELO,65,65,0
1963,ANGUS,10,10,0
1963,ANTHONY,370,370,0
1963,ANTON,12,12,0
1963,ANTONINO,12,12,0
1963,ANTONIO,213,213,0
1963,ANDY,12,12,0
1963,ANTONY,23,23,0
1963,ALFRED,65,65,0
1963,ALEXANDER,146,146,0
1963,ADAM,76,76,0
1963,ADRIAN,39,39,0
1963,ADRIANO,11,11,0
1963,ADRIEN,7,7,0
1963,AGOSTINO,11,11,0
1963,ALAIN,37,37,0
1963,ALFONSO,5,5,0
1963,ALAN,379,379,0
1963,ALBERT,131,131,0
1963,ALBERTO,15,15,0
1963,ALDO,23,23,0
1963,ALEC,10,10,0
1963,ALESSANDRO,14,14,0
1963,ALEX,12,12,0
1963,ALASTAIR,5,5,0
1963,D'ARCY,12,12,0
1963,ARMAND,9,9,0
1963,ARNOLD,30,30,0
1963,BERTRAM,7,7,0
1963,BERTRAND,5,5,0
1963,BIAGIO,5,5,0
1963,BILL,18,18,0
1963,BILLY,7,7,0
1963,BLAIN,7,7,0
1963,BERT,11,11,0
1963,BLAINE,25,25,0
1963,BLAKE,35,35,0
1963,BOB,8,8,0
1963,BOBBY,15,15,0
1963,BOHDAN,9,9,0
1963,BORIS,8,8,0
1963,BOY,10,10,0
1963,BLAIR,78,78,0
1963,ARMANDO,5,5,0
1963,BERNIE,5,5,0
1963,BERNARD,104,104,0
1963,ARTHUR,143,143,0
1963,ATHANASIOS,7,7,0
1963,BABE,5,5,0
1963,BARRIE,12,12,0
1963,BARRY,290,290,0
1963,BARTON,11,11,0
1963,BERNHARD,10,10,0
1963,BASIL,6,6,0
1963,BENEDETTO,5,5,0
1963,BENEDICT,5,5,0
1963,BENJAMIN,66,66,0
1963,BENNY,9,9,0
1963,BENOIT,14,14,0
1963,BENTLEY,7,7,0
1963,BEN,5,5,0
1963,DAREN,5,5,0
1963,CHRISTOPHER,1059,1059,0
1963,DARIO,13,13,0
1963,GAVIN,18,18,0
1963,GASTON,7,7,0
1963,GARY,622,622,0
1963,GARTH,21,21,0
1963,GARRY,88,88,0
1963,GARNET,20,20,0
1963,GARFIELD,5,5,0
1963,GAETANO,14,14,0
1963,GAETAN,13,13,0
1963,GABRIEL,11,11,0
1963,FREDRICK,29,29,0
1963,FREDERICK,194,194,0
1963,FREDERIC,10,10,0
1963,FRED,21,21,0
1963,FRASER,14,14,0
1963,FRANZ,7,7,0
1963,FRANKLIN,33,33,0
1963,FELICE,7,7,0
1963,FERDINAND,5,5,0
1963,FERNAND,8,8,0
1963,FERNANDO,11,11,0
1963,FILIPPO,14,14,0
1963,FLAVIO,5,5,0
1963,GENE,11,11,0
1963,FLOYD,16,16,0
1963,FRANCIS,116,116,0
1963,FRANCISCO,5,5,0
1963,FRANCO,106,106,0
1963,FRANCOIS,31,31,0
1963,FRANK,281,281,0
1963,FRANKIE,7,7,0
1963,FRANCESCO,91,91,0
1963,GENNARO,6,6,0
1963,GEOFFREY,106,106,0
1963,DARIN,16,16,0
1963,GIULIO,9,9,0
1963,GIUSEPPE,137,137,0
1963,GLEN,191,191,0
1963,GLENN,335,335,0
1963,GORDEN,9,9,0
1963,GORDON,428,428,0
1963,GIULIANO,6,6,0
1963,GRAEME,9,9,0
1963,GRANT,163,163,0
1963,GRAYDON,5,5,0
1963,GREG,7,7,0
1963,GREGG,16,16,0
1963,GREGORIO,6,6,0
1963,GREGORY,853,853,0
1963,GRAHAM,70,70,0
1963,FABIO,8,8,0
1963,GIOVANNI,89,89,0
1963,GINO,42,42,0
1963,GERALD,333,333,0
1963,GERARD,72,72,0
1963,GERARDO,8,8,0
1963,GERARDUS,8,8,0
1963,GERHARD,10,10,0
1963,GERRARD,7,7,0
1963,GIORGIO,14,14,0
1963,GERRIT,6,6,0
1963,GIACOMO,8,8,0
1963,GIANCARLO,5,5,0
1963,GIANNI,25,25,0
1963,GILBERT,46,46,0
1963,GILLE,5,5,0
1963,GILLES,58,58,0
1963,GERRY,13,13,0
1963,FABIAN,7,7,0
1963,GEORGE,464,464,0
1963,EUGENIO,9,9,0
1963,DEREK,126,126,0
1963,DERRICK,76,76,0
1963,DESMOND,19,19,0
1963,DICK,5,5,0
1963,DIEGO,5,5,0
1963,DIMITRIOS,6,6,0
1963,DENNIS,251,251,0
1963,DINO,46,46,0
1963,DOMENIC,10,10,0
1963,DOMENICO,82,82,0
1963,DOMINIC,19,19,0
1963,DOMINICK,6,6,0
1963,DON,12,12,0
1963,DONALD,901,901,0
1963,DIRK,9,9,0
1963,DONATO,19,19,0
1963,DENIS,156,156,0
1963,DEL,5,5,0
1963,EVAN,17,17,0
1963,DARREL,14,14,0
1963,DARRELL,144,144,0
1963,DARREN,64,64,0
1963,DARRIN,13,13,0
1963,DARRYL,92,92,0
1963,DELBERT,10,10,0
1963,DARWIN,16,16,0
1963,DARYLL,5,5,0
1963,DAVE,8,8,0
1963,DAVID,3740,3740,0
1963,DAVIDE,10,10,0
1963,DAVID-JOHN,7,7,0
1963,DEAN,207,207,0
1963,DARYL,65,65,0
1963,DOUGLAS,893,893,0
1963,TERANCE,5,5,0
1963,DUANE,65,65,0
1963,EMANUEL,9,9,0
1963,EMIL,5,5,0
1963,EMILE,8,8,0
1963,EMILIO,11,11,0
1963,ENNIO,6,6,0
1963,ENRICO,19,19,0
1963,ELMER,5,5,0
1963,ENZO,13,13,0
1963,ERICH,10,10,0
1963,ERIK,21,21,0
1963,ERNEST,98,98,0
1963,ERNIE,5,5,0
1963,ERWIN,8,8,0
1963,DREW,21,21,0
1963,ERIC,280,280,0
1963,ELLIOTT,6,6,0
1963,EUGENE,41,41,0
1963,EARL,60,60,0
1963,DUNCAN,41,41,0
1963,DWAIN,5,5,0
1963,DWAYNE,100,100,0
1963,DWIGHT,22,22,0
1963,ELIO,10,10,0
1963,EARLE,5,5,0
1963,EDDIE,7,7,0
1963,EDDY,10,10,0
1963,EDGAR,17,17,0
1963,EDMOND,17,17,0
1963,EDMUND,14,14,0
1963,EDUARD,6,6,0
1963,EDWARD,504,504,0
1963,EDWIN,51,51,0
1963,ELDON,7,7,0
1964,CAROLINE,206,0,206
1964,CAROLINA,14,0,14
1964,BONNIE,316,0,316
1964,CAROLE,105,0,105
1964,CAROLLE,10,0,10
1964,CAROLIN,71,0,71
1964,CAROLYN,392,0,392
1964,CATHERINE,959,0,959
1964,CAROLYNN,15,0,15
1964,CARON,7,0,7
1964,DOMINIC,18,18,0
1964,CASSANDRA,12,0,12
1964,CATERINA,37,0,37
1964,CATHARINE,76,0,76
1964,CAROLYNE,8,0,8
1964,CAROL-ANNE,8,0,8
1964,CAREY,29,21,8
1964,CAROL,561,0,561
1964,BONNY,11,0,11
1964,CATHLEEN,20,0,20
1964,BRENDA,817,0,817
1964,BRIDGET,21,0,21
1964,BRIGITTE,32,0,32
1964,BRONWYN,7,0,7
1964,BRUNA,9,0,9
1964,CAMILLE,9,0,9
1964,CANDACE,14,0,14
1964,CARA,16,0,16
1964,CARLA,68,0,68
1964,CARMEL,8,0,8
1964,CARMELA,46,0,46
1964,CARMELINA,14,0,14
1964,CARMEN,58,10,48
1964,CAROL-ANN,13,0,13
1964,CATHRINE,11,0,11
1964,CHERYL-ANN,7,0,7
1964,CATHY,112,0,112
1964,CHRISTY,6,0,6
1964,CINDI,6,0,6
1964,CINDY,418,0,418
1964,CINDY-LEE,6,0,6
1964,CLAIRE,45,0,45
1964,CLARA,23,0,23
1964,CHRISTINE,904,0,904
1964,CLARE,21,7,14
1964,CLAUDIA,42,0,42
1964,COLEEN,17,0,17
1964,COLETTE,33,0,33
1964,COLLEEN,310,0,310
1964,CONCETTA,26,0,26
1964,CONCETTINA,9,0,9
1964,CLAUDETTE,45,0,45
1964,CHRISTINA,177,0,177
1964,CHRISTIE,8,0,8
1964,CHRISTIANE,10,0,10
1964,CECILE,14,0,14
1964,CECILIA,14,0,14
1964,CELESTE,7,0,7
1964,CELIA,8,0,8
1964,CELINE,21,0,21
1964,CHANTAL,29,0,29
1964,CHARLEEN,6,0,6
1964,CHARLENE,181,0,181
1964,CHARLOTTE,52,0,52
1964,CHARMAINE,20,0,20
1964,CHERI,10,0,10
1964,CHERIE,7,0,7
1964,CHERRY,6,0,6
1964,CHERYL,663,0,663
1964,CHERYLE,13,0,13
1964,CATHRYN,14,0,14
1964,COLLETTE,6,0,6
1964,DON,10,10,0
1964,CONNIE,171,0,171
1964,MILENA,11,0,11
1964,MINA,6,0,6
1964,MIRANDA,6,0,6
1964,MIREILLE,7,0,7
1964,MIRELLA,25,0,25
1964,MIRIAM,35,0,35
1964,MOIRA,17,0,17
1964,MILDRED,6,0,6
1964,MOLLY,8,0,8
1964,MONICA,164,0,164
1964,MONIKA,16,0,16
1964,MONIQUE,99,0,99
1964,MORAG,8,0,8
1964,MURIEL,14,0,14
1964,MYRA,13,0,13
1964,MYRNA,11,0,11
1964,MONA,29,0,29
1964,MICHELLE,407,0,407
1964,MICHELINE,28,0,28
1964,MICHELINA,10,0,10
1964,MARY-ELLEN,11,0,11
1964,MARY-JO,10,0,10
1964,MARY-LOU,9,0,9
1964,MARYANN,24,0,24
1964,MARYANNE,16,0,16
1964,MAUREEN,224,0,224
1964,MAVIS,8,0,8
1964,MAXINE,14,0,14
1964,MAY,11,0,11
1964,MEGAN,21,0,21
1964,MELANIE,148,0,148
1964,MELINDA,52,0,52
1964,MELISSA,70,0,70
1964,MELODIE,8,0,8
1964,MELODY,38,0,38
1964,MICHEL,169,162,7
1964,MICHELE,573,56,517
1964,NADA,7,0,7
1964,MARY-ANNE,14,0,14
1964,NADIA,38,0,38
1964,NANCY,775,0,775
1964,PATRICIA-ANN,8,0,8
1964,PATRIZIA,36,0,36
1964,PATSY,16,0,16
1964,PATTI,52,0,52
1964,PATTY,22,0,22
1964,PAULA,303,0,303
1964,PAULETTE,31,0,31
1964,PATRICIA,1070,0,1070
1964,PAULINE,149,0,149
1964,PEGGY,108,0,108
1964,PENELOPE,30,0,30
1964,PENNIE,6,0,6
1964,PENNY,172,0,172
1964,PETRA,14,0,14
1964,PHYLLIS,36,0,36
1964,PIERINA,6,0,6
1964,PEARL,9,0,9
1964,PATRICE,6,0,6
1964,PATRICA,22,0,22
1964,PASQUALINA,10,0,10
1964,NAOMI,19,0,19
1964,NATALIE,94,0,94
1964,NATHALIE,8,0,8
1964,NELLA,9,0,9
1964,NICOLA,68,59,9
1964,NICOLE,129,0,129
1964,NINA,29,0,29
1964,NOELLA,11,0,11
1964,NORA,28,0,28
1964,NOREEN,18,0,18
1964,NORINE,8,0,8
1964,NORMA,75,0,75
1964,NOT,22,14,8
1964,OLGA,21,0,21
1964,PAMELA,480,0,480
1964,PANAGIOTA,11,0,11
1964,PAOLA,26,0,26
1964,NADINE,44,0,44
1964,PINA,10,0,10
1964,MARY-ANN,29,0,29
1964,MARTINE,11,0,11
1964,LUCIANA,13,0,13
1964,LUCIE,23,0,23
1964,LUCILLE,12,0,12
1964,LUCINDA,10,0,10
1964,LUCY,33,0,33
1964,LUIGIA,6,0,6
1964,LUIGINA,6,0,6
1964,LUCIA,67,0,67
1964,LUISA,28,0,28
1964,LYN,11,0,11
1964,LYNDA,170,0,170
1964,LYNE,11,0,11
1964,LYNETTE,14,0,14
1964,LYNN,305,6,299
1964,LYNNE,102,0,102
1964,LYNNETTE,7,0,7
1964,LYDIA,31,0,31
1964,LUBA,6,0,6
1964,LUANNE,12,0,12
1964,LUANA,10,0,10
1964,LOREEN,6,0,6
1964,LORELEI,30,0,30
1964,LORENA,14,0,14
1964,LORENE,7,0,7
1964,LORETTA,63,0,63
1964,LORI,628,0,628
1964,LORI-ANN,33,0,33
1964,LORI-ANNE,10,0,10
1964,LORIE,55,0,55
1964,LORNA,63,0,63
1964,LORRAINE,206,0,206
1964,LORRI,24,0,24
1964,LORRIE,62,0,62
1964,LOU,7,0,7
1964,LOUANNE,6,0,6
1964,LOUISA,19,0,19
1964,LOUISE,190,0,190
1964,LYSE,8,0,8
1964,MARY,1824,0,1824
1964,MADELEINE,21,0,21
1964,MANDY,17,0,17
1964,MARIE-ANNE,8,0,8
1964,MARIELLE,9,0,9
1964,MARILENA,6,0,6
1964,MARILYN,164,0,164
1964,MARINA,31,0,31
1964,MARION,77,0,77
1964,MARISA,43,0,43
1964,MARIE,2416,0,2416
1964,MARJORIE,50,0,50
1964,MARLA,18,0,18
1964,MARLENE,115,0,115
1964,MARNIE,10,0,10
1964,MARSHA,34,0,34
1964,MARTA,16,0,16
1964,MARTHA,106,0,106
1964,MARTINA,13,0,13
1964,MARJORY,7,0,7
1964,MARIANNE,99,0,99
1964,MARIANNA,17,0,17
1964,MARIAN,29,0,29
1964,MANON,10,0,10
1964,MANUELA,12,0,12
1964,MARA,14,0,14
1964,MARCELLA,11,0,11
1964,MARCELLE,7,0,7
1964,MARCIA,45,0,45
1964,MARCY,7,0,7
1964,MARGARET,541,0,541
1964,MARGARET-ANN,7,0,7
1964,MARGHERITA,16,0,16
1964,MARGO,22,0,22
1964,MARGOT,26,0,26
1964,MARGRET,14,0,14
1964,MARGUERITE,20,0,20
1964,MARI,7,0,7
1964,MARIA,560,0,560
1964,MARIA DE FATIMA,6,0,6
1964,MADELINE,9,0,9
1964,PRISCILLA,7,0,7
1964,RACHEL,42,0,42
1964,RACHELLE,24,0,24
1964,SUZETTE,12,0,12
1964,SYLVIA,90,0,90
1964,SYLVIE,69,0,69
1964,TAMARA,87,0,87
1964,TAMI,21,0,21
1964,TAMMI,12,0,12
1964,TAMMIE,19,0,19
1964,SUZANNE,376,0,376
1964,TAMMY,436,0,436
1964,TANJA,7,0,7
1964,TANYA,55,0,55
1964,TARA,27,0,27
1964,TERESA,406,0,406
1964,TERI,16,0,16
1964,TERRI,100,0,100
1964,TERRI-LYNN,8,0,8
1964,TANIA,14,0,14
1964,SUZANNA,6,0,6
1964,SUZAN,15,0,15
1964,SUSIE,6,0,6
1964,SOFIA,6,0,6
1964,SONDRA,7,0,7
1964,SONIA,44,0,44
1964,SONJA,31,0,31
1964,SONYA,29,0,29
1964,SOPHIA,15,0,15
1964,SOPHIE,11,0,11
1964,STACEY,66,14,52
1964,STACIE,6,0,6
1964,STACY,12,0,12
1964,STELLA,24,0,24
1964,STEPHANIE,145,0,145
1964,SUE,21,0,21
1964,SUSAN,1649,0,1649
1964,SUSANA,6,0,6
1964,SUSANNA,21,0,21
1964,SUSANNE,92,0,92
1964,TERRIE,13,0,13
1964,SIOBHAN,9,0,9
1964,TERRY,484,400,84
1964,THEODORA,7,0,7
1964,VICKY,29,0,29
1964,VICTORIA,140,0,140
1964,VINCENZA,15,0,15
1964,VIOLA,8,0,8
1964,VIOLET,20,0,20
1964,VIRGINIA,110,0,110
1964,VITTORIA,11,0,11
1964,VICKIE,29,0,29
1964,VIVIAN,45,0,45
1964,WENDY,704,0,704
1964,WHITNEY,13,0,13
1964,WILHELMINA,6,0,6
1964,WILMA,22,0,22
1964,YOLANDA,19,0,19
1964,YVETTE,40,0,40
1964,YVONNE,156,0,156
1964,WANDA,156,0,156
1964,VICKI,59,0,59
1964,VERONICA,60,0,60
1964,VERNA,16,0,16
1964,THERESA,233,0,233
1964,THERESE,39,0,39
1964,TIFFANY,6,0,6
1964,TINA,172,0,172
1964,TOBY,6,0,6
1964,TONI,27,0,27
1964,TRACEY,541,0,541
1964,TRACIE,7,0,7
1964,TRACY,313,29,284
1964,TRINA,13,0,13
1964,TRISHA,14,0,14
1964,TRUDY,43,0,43
1964,URSULA,11,0,11
1964,VALARIE,12,0,12
1964,VALERIE,262,0,262
1964,VELMA,6,0,6
1964,VERA,26,0,26
1964,THELMA,11,0,11
1964,SIMONE,22,0,22
1964,SILVIE,6,0,6
1964,SILVIA,19,0,19
1964,ROSA,68,0,68
1964,ROSALIA,10,0,10
1964,ROSALIE,15,0,15
1964,ROSALIND,7,0,7
1964,ROSALINDE,10,0,10
1964,ROSALYN,6,0,6
1964,ROSANNA,39,0,39
1964,RONDA,19,0,19
1964,ROSANNE,63,0,63
1964,ROSE,110,0,110
1964,ROSE-MARIE,7,0,7
1964,ROSEANN,8,0,8
1964,ROSEANNE,7,0,7
1964,ROSEMARIE,59,0,59
1964,ROSEMARY,121,0,121
1964,ROSETTA,19,0,19
1964,ROSARIA,16,0,16
1964,RONA,6,0,6
1964,ROCHELLE,14,0,14
1964,ROBYN,54,0,54
1964,RAE,8,0,8
1964,RAMONA,16,0,16
1964,RANDI,9,0,9
1964,REBECCA,108,0,108
1964,REGINA,8,0,8
1964,RENA,14,0,14
1964,RENATA,7,0,7
1964,RENATE,7,0,7
1964,RENEE,58,0,58
1964,RETA,8,0,8
1964,RHODA,8,0,8
1964,RHONDA,202,0,202
1964,RINA,10,0,10
1964,RISA,12,0,12
1964,RITA,161,0,161
1964,ROBERTA,90,0,90
1964,ROBIN,387,124,263
1964,ROSINA,12,0,12
1964,ROSLYN,8,0,8
1964,ROSSANA,7,0,7
1964,ROXANE,12,0,12
1964,SHELAGH,13,0,13
1964,SHELLEY,515,0,515
1964,SHELLI,6,0,6
1964,SHELLY,157,0,157
1964,SHEREE,7,0,7
1964,SHERI,65,0,65
1964,SHERI-LEE,7,0,7
1964,SHERRI,124,0,124
1964,SHERRI-LYNN,7,0,7
1964,SHERRIE,21,0,21
1964,SHERRY,365,0,365
1964,SHERYL,62,0,62
1964,SHIELA,7,0,7
1964,SHIRLEY,157,0,157
1964,SHONA,9,0,9
1964,SIGRID,6,0,6
1964,SILVANA,46,0,46
1964,SHEILA,297,0,297
1964,LOREDANA,6,0,6
1964,SHEENA,9,0,9
1964,SHAWN,304,292,12
1964,ROXANNE,41,0,41
1964,RUBY,21,0,21
1964,RUTH,190,0,190
1964,SABINA,8,0,8
1964,SALLY,63,0,63
1964,SANDI,6,0,6
1964,SANDRA,1275,0,1275
1964,SANDY,18,10,8
1964,SANTINA,7,0,7
1964,SARA,37,0,37
1964,SARAH,119,0,119
1964,SHANNON,72,8,64
1964,SHARI,78,0,78
1964,SHARLENE,19,0,19
1964,SHARON,639,0,639
1964,SHARRON,9,0,9
1964,SHAUNA,12,0,12
1964,SHAWNA,24,0,24
1964,LORAINE,10,0,10
1964,LORA,14,0,14
1964,LOLA,9,0,9
1964,FLORENCE,32,0,32
1964,FRANCA,42,0,42
1964,FRANCE,10,0,10
1964,FRANCES,114,0,114
1964,FRANCESCA,24,0,24
1964,FRANCINE,66,0,66
1964,FRANCIS,106,100,6
1964,FIONA,35,0,35
1964,FRANCOISE,7,0,7
1964,GABRIELLA,16,0,16
1964,GABRIELLE,6,0,6
1964,GAIL,171,0,171
1964,GALE,10,0,10
1964,GAY,8,0,8
1964,GAYE,7,0,7
1964,GAYLE,47,0,47
1964,GABRIELA,11,0,11
1964,FILOMENA,31,0,31
1964,FERN,10,0,10
1964,FEMALE,12,0,12
1964,EMMA,8,0,8
1964,ENZA,10,0,10
1964,ERICA,18,0,18
1964,ERIKA,23,0,23
1964,ERIN,58,0,58
1964,ESTHER,34,0,34
1964,ETHEL,9,0,9
1964,EUNICE,9,0,9
1964,EVA,45,0,45
1964,EVE,6,0,6
1964,EVELINE,7,0,7
1964,EVELYN,79,0,79
1964,FAITH,16,0,16
1964,FATIMA,10,0,10
1964,FAY,20,0,20
1964,FAYE,17,0,17
1964,FELICIA,12,0,12
1964,GENEVIEVE,11,0,11
1964,EMILY,32,0,32
1964,GEORGIA,16,0,16
1964,GERALDINE,37,0,37
1964,HAYLEY,13,0,13
1964,HEATHER,710,0,710
1964,HEIDI,98,0,98
1964,HELEN,269,0,269
1964,HELENA,22,0,22
1964,HELENE,47,0,47
1964,HELGA,9,0,9
1964,GWENDOLYN,26,0,26
1964,HELLEN,6,0,6
1964,HILARY,16,0,16
1964,HILDA,15,0,15
1964,HOLLY,81,0,81
1964,HOPE,9,0,9
1964,IDA,28,0,28
1964,ILONA,7,0,7
1964,IMMACOLATA,6,0,6
1964,HENRIETTA,12,0,12
1964,GWEN,31,0,31
1964,GUYLAINE,6,0,6
1964,GRETA,6,0,6
1964,GERTRUDE,6,0,6
1964,GILLIAN,33,0,33
1964,GINA,70,0,70
1964,GINETTE,37,0,37
1964,GIOVANNA,40,0,40
1964,GISELE,35,0,35
1964,GISELLE,8,0,8
1964,GIULIANA,12,0,12
1964,GIUSEPPINA,57,0,57
1964,GLADYS,9,0,9
1964,GLENDA,47,0,47
1964,GLENNA,20,0,20
1964,GLORIA,74,0,74
1964,GLYNIS,12,0,12
1964,GRACE,54,0,54
1964,GRAZIA,14,0,14
1964,GRAZIELLA,15,0,15
1964,GEORGINA,36,0,36
1964,EMILIA,12,0,12
1964,ELVIRA,11,0,11
1964,ELSIE,12,0,12
1964,DARLENE,482,0,482
1964,DAWN,281,0,281
1964,DAWN-MARIE,7,0,7
1964,DAWNA,19,0,19
1964,DAYNA,6,0,6
1964,DEANA,6,0,6
1964,DEANNA,75,0,75
1964,DARLEEN,9,0,9
1964,DEANNE,13,0,13
1964,DEBBRA,11,0,11
1964,DEBBY,9,0,9
1964,DEBORA,61,0,61
1964,DEBORAH,1069,0,1069
1964,DEBORAH-ANN,9,0,9
1964,DEBRA,350,0,350
1964,DEIDRE,8,0,8
1964,DEBBIE,110,0,110
1964,DARLA,22,0,22
1964,DARCY,69,58,11
1964,DAPHNE,27,0,27
1964,CONSTANCE,101,0,101
1964,CORA,11,0,11
1964,COREEN,6,0,6
1964,CORINNA,6,0,6
1964,CORINNE,68,0,68
1964,CORNELIA,19,0,19
1964,CORRINA,7,0,7
1964,CORRINE,11,0,11
1964,CRISTINA,11,0,11
1964,CRISTINE,7,0,7
1964,CRYSTAL,40,0,40
1964,CYNTHIA,495,0,495
1964,DALE,235,209,26
1964,DANA,138,20,118
1964,DANIELA,20,0,20
1964,DANIELLE,45,0,45
1964,DANNA,6,0,6
1964,DEIRDRE,30,0,30
1964,DELIA,11,0,11
1964,DELLA,15,0,15
1964,DELORES,10,0,10
1964,DOROTHY,118,0,118
1964,EDITH,31,0,31
1964,EDNA,16,0,16
1964,EILEEN,69,0,69
1964,ELAINE,198,0,198
1964,ELEANOR,38,0,38
1964,ELENA,24,0,24
1964,ELENI,6,0,6
1964,ELINOR,6,0,6
1964,ELISA,18,0,18
1964,ELISABETH,34,0,34
1964,ELISABETTA,11,0,11
1964,ELISE,14,0,14
1964,ELIZABETH,813,0,813
1964,ELLA,6,0,6
1964,ELLEN,103,0,103
1964,ELSA,7,0,7
1964,DORIS,93,0,93
1964,INFANT,50,31,19
1964,DOREEN,41,0,41
1964,DONNA-MARIE,7,0,7
1964,DENA,7,0,7
1964,DENEEN,20,0,20
1964,DENICE,6,0,6
1964,DENISE,447,0,447
1964,DENYSE,6,0,6
1964,DIANA,242,0,242
1964,DIANE,521,0,521
1964,DIANNA,26,0,26
1964,DIANNE,191,0,191
1964,DINA,16,0,16
1964,DINAH,6,0,6
1964,DOLORES,23,0,23
1964,DOMENICA,26,0,26
1964,DOMINIQUE,15,6,9
1964,DONA,10,0,10
1964,DONNA,863,0,863
1964,DONNA-LEE,7,0,7
1964,DORA,12,0,12
1964,BONITA,26,0,26
1964,INGRID,50,0,50
1964,IRENA,10,0,10
1964,KRISTIN,9,0,9
1964,KRISTINA,28,0,28
1964,KRISTINE,76,0,76
1964,KRISTY,6,0,6
1964,KRYSTAL,6,0,6
1964,LANA,49,0,49
1964,LAURA,588,0,588
1964,KRISTEN,10,0,10
1964,LAURALEE,6,0,6
1964,LAUREL,52,0,52
1964,LAUREN,27,0,27
1964,LAURENE,7,0,7
1964,LAURETTA,7,0,7
1964,LAURI,15,0,15
1964,LAURIE,483,0,483
1964,LAURIE-ANN,9,0,9
1964,LAUREEN,10,0,10
1964,KRISTA,58,0,58
1964,KIRSTEN,15,0,15
1964,KIMBERLY-ANN,7,0,7
1964,KATHRYN,277,0,277
1964,KATHY,111,0,111
1964,KATRINA,13,0,13
1964,KELLEY,26,0,26
1964,KELLI,58,0,58
1964,KELLIE,37,0,37
1964,KELLY,783,92,691
1964,KELLY-ANN,8,0,8
1964,KENDRA,13,0,13
1964,KERI,7,0,7
1964,KERRI,24,0,24
1964,KERRIE,11,0,11
1964,KERRY,123,41,82
1964,KIM,239,11,228
1964,KIMBERLEE,17,0,17
1964,KIMBERLEY,473,0,473
1964,KIMBERLY,760,0,760
1964,LEA,15,0,15
1964,KATHRINE,9,0,9
1964,LEAH,54,0,54
1964,LEANNE,96,0,96
1964,LILA,10,0,10
1964,LILIAN,7,0,7
1964,LILIANA,17,0,17
1964,LILLIAN,36,0,36
1964,LILY,11,0,11
1964,LINA,32,0,32
1964,LINDA,1110,0,1110
1964,LIISA,6,0,6
1964,LINDSAY,26,17,9
1964,LISA,1175,0,1175
1964,LISA-ANNE,7,0,7
1964,LISE,119,0,119
1964,LISETTE,8,0,8
1964,LISSA,6,0,6
1964,LIZA,19,0,19
1964,LOIS,62,0,62
1964,LINE,17,0,17
1964,LIETTE,6,0,6
1964,LIDIA,20,0,20
1964,LIANNE,29,0,29
1964,LEE,128,51,77
1964,LEE-ANN,19,0,19
1964,LEE-ANNE,16,0,16
1964,LEEANN,9,0,9
1964,LEEANNE,7,0,7
1964,LEIGH,38,0,38
1964,LEILA,9,0,9
1964,LEISA,8,0,8
1964,LENA,19,0,19
1964,LENORA,8,0,8
1964,LEONA,34,0,34
1964,LESA,13,0,13
1964,LESIA,6,0,6
1964,LESLEY,77,0,77
1964,LESLIE,396,116,280
1964,LIANA,28,0,28
1964,LIANE,21,0,21
1964,LEANN,7,0,7
1964,KATHLEEN,420,0,420
1964,KATHERINE,417,0,417
1964,KATHARINE,54,0,54
1964,JANIS,35,0,35
1964,JANNETTE,7,0,7
1964,JAQUELINE,15,0,15
1964,JAYNE,19,0,19
1964,JEAN,209,139,70
1964,JEANETTE,47,0,47
1964,JEANINE,10,0,10
1964,JANINE,47,0,47
1964,JEANNE,46,0,46
1964,JEANNIE,9,0,9
1964,JEANNINE,14,0,14
1964,JENNIFER,632,0,632
1964,JENNY,24,0,24
1964,JESSICA,18,0,18
1964,JESSIE,13,0,13
1964,JILL,134,0,134
1964,JEANNETTE,23,0,23
1964,JANINA,6,0,6
1964,JANICE,395,0,395
1964,JANETTE,23,0,23
1964,IRENE,111,0,111
1964,IRIS,6,0,6
1964,IRMA,10,0,10
1964,ISABEL,13,0,13
1964,ISABELLA,8,0,8
1964,ISABELLE,7,0,7
1964,IVANA,8,0,8
1964,JACALYN,8,0,8
1964,JACINTHE,6,0,6
1964,JACKIE,18,5,13
1964,JACQUELINE,595,0,595
1964,JACQUELYN,9,0,9
1964,JAMIE,127,104,23
1964,JAN,39,28,11
1964,JANA,16,0,16
1964,JANE,304,0,304
1964,JANET,500,0,500
1964,JILLIAN,20,0,20
1964,JO,11,0,11
1964,JO ANN,6,0,6
1964,JO-ANN,56,0,56
1964,JUDY,168,0,168
1964,JULIA,138,0,138
1964,JULIANNA,7,0,7
1964,JULIANNE,15,0,15
1964,JULIE,408,0,408
1964,JULIE-ANN,7,0,7
1964,JULIET,9,0,9
1964,JULIETTE,14,0,14
1964,JUNE,50,0,50
1964,JUSTINE,7,0,7
1964,KARA,15,0,15
1964,KAREN,1559,0,1559
1964,KARI,27,5,22
1964,KARIN,44,0,44
1964,KARLA,16,0,16
1964,KARRIE,13,0,13
1964,KARYN,23,0,23
1964,JUDITH,298,0,298
1964,IOLANDA,6,0,6
1964,JUANITA,17,0,17
1964,JOY,43,0,43
1964,JO-ANNE,93,0,93
1964,JOAN,153,0,153
1964,JOANN,20,0,20
1964,JOANNA,26,0,26
1964,JOANNE,537,0,537
1964,JOCELYN,23,0,23
1964,JOCELYNE,14,0,14
1964,JODI,48,0,48
1964,JODIE,15,0,15
1964,JODY,65,25,40
1964,JOELLE,6,0,6
1964,JOHANNA,18,0,18
1964,JOHANNE,21,0,21
1964,JOLENE,6,0,6
1964,JONI,8,0,8
1964,JOSEE,12,0,12
1964,JOSEPHINE,72,0,72
1964,JOYCE,102,0,102
1964,BOBBI,7,0,7
1964,CARRIE,128,0,128
1964,BEVERLEY,73,0,73
1964,MARCEL,65,65,0
1964,MARC,239,239,0
1964,MANUEL,8,8,0
1964,MANFRED,7,7,0
1964,MALE,21,21,0
1964,MALCOLM,26,26,0
1964,LYNDON,25,25,0
1964,LYLE,36,36,0
1964,MARCELLO,12,12,0
1964,LUKE,19,19,0
1964,LUIGINO,5,5,0
1964,LUIGI,74,74,0
1964,LUCIO,6,6,0
1964,LUCIEN,8,8,0
1964,LUCIANO,38,38,0
1964,LUCAS,6,6,0
1964,LUC,65,65,0
1964,LOUIS,87,87,0
1964,LUIS,5,5,0
1964,MARCO,37,37,0
1964,MARCUS,17,17,0
1964,MARINO,7,7,0
1964,MELVILLE,5,5,0
1964,MAXWELL,9,9,0
1964,MAURO,25,25,0
1964,MAURIZIO,19,19,0
1964,MAURICE,77,77,0
1964,MATTHIAS,6,6,0
1964,MATTHEW,163,163,0
1964,MATHEW,20,20,0
1964,MASSIMO,15,15,0
1964,MARVIN,23,23,0
1964,MARTYN,5,5,0
1964,MARTY,17,17,0
1964,MARTIN,256,256,0
1964,MARTEN,5,5,0
1964,MARSHALL,8,8,0
1964,MARKUS,9,9,0
1964,MARKO,6,6,0
1964,MARK,1785,1785,0
1964,MARIO,121,121,0
1964,LOUIE,9,9,0
1964,LORNE,66,66,0
1964,LORIS,7,7,0
1964,LORENZO,22,22,0
1964,KURT,31,31,0
1964,KRIS,7,7,0
1964,KOSTANTINOS,5,5,0
1964,KONSTANTINOS,8,8,0
1964,KIRKLAND,5,5,0
1964,KIRK,70,70,0
1964,KIRBY,10,10,0
1964,KIETH,8,8,0
1964,KIERAN,5,5,0
1964,KEVIN,1331,1331,0
1964,KEVEN,8,8,0
1964,KENTON,7,7,0
1964,KENT,67,67,0
1964,KENNY,6,6,0
1964,KENNETH,959,959,0
1964,KENDALL,7,7,0
1964,KELVIN,27,27,0
1964,KEITH,259,259,0
1964,KARL,97,97,0
1964,KYLE,10,10,0
1964,MELVIN,36,36,0
1964,LANCE,58,58,0
1964,LAURENCE,16,16,0
1964,LONNIE,13,13,0
1964,LLOYD,68,68,0
1964,LLEWELLYN,5,5,0
1964,LIVIO,6,6,0
1964,LIONEL,16,16,0
1964,LINO,9,9,0
1964,LIAM,8,8,0
1964,LEWIS,13,13,0
1964,LESTER,6,6,0
1964,LEROY,11,11,0
1964,LEONARDO,23,23,0
1964,LEONARD,145,145,0
1964,LEON,23,23,0
1964,LEO,59,59,0
1964,LENARD,7,7,0
1964,LELAND,5,5,0
1964,LAWRENCE,242,242,0
1964,LAVERNE,6,6,0
1964,LAURENT,7,7,0
1964,LARRY,225,225,0
1964,MERVIN,7,7,0
1964,MICHAEL,3034,3034,0
1964,MICHEAL,168,168,0
1964,REGINALD,52,52,0
1964,REGAN,7,7,0
1964,RAYMOND,375,375,0
1964,RAY,13,13,0
1964,RANDY,213,213,0
1964,RANDOLPH,64,64,0
1964,RANDOLF,7,7,0
1964,RANDALL,163,163,0
1964,RANDAL,33,33,0
1964,RALPH,119,119,0
1964,RALF,7,7,0
1964,RAFFAELE,22,22,0
1964,QUINN,7,7,0
1964,QUENTIN,7,7,0
1964,PIETRO,65,65,0
1964,PIETER,7,7,0
1964,PIERRE,109,109,0
1964,PIERO,8,8,0
1964,PHILLIP,61,61,0
1964,REID,9,9,0
1964,PHILIPPE,14,14,0
1964,REINHARD,5,5,0
1964,REMI,10,10,0
1964,ROBERT-JOHN,5,5,0
1964,ROBERT,3243,3243,0
1964,ROBBY,8,8,0
1964,ROBBIE,37,37,0
1964,RITCHIE,7,7,0
1964,RICKY,101,101,0
1964,RICKIE,6,6,0
1964,RICKEY,7,7,0
1964,RICK,11,11,0
1964,RICHARD,1673,1673,0
1964,RICCARDO,22,22,0
1964,RICARDO,10,10,0
1964,RHEAL,6,6,0
1964,REYNOLD,5,5,0
1964,REX,5,5,0
1964,RENZO,5,5,0
1964,RENE,36,36,0
1964,RENATO,19,19,0
1964,REMO,12,12,0
1964,REJEAN,9,9,0
1964,JUSTIN,17,17,0
1964,PHILIP,253,253,0
1964,PERRY,79,79,0
1964,NEVIN,5,5,0
1964,NELSON,39,39,0
1964,NEIL,163,163,0
1964,NEAL,18,18,0
1964,NATHAN,19,19,0
1964,MYLES,12,12,0
1964,MURRAY,149,149,0
1964,MORRIS,9,9,0
1964,MORLEY,7,7,0
1964,MORGAN,14,14,0
1964,MONTY,5,5,0
1964,MONTGOMERY,7,7,0
1964,MITCHELL,32,32,0
1964,MILTON,10,10,0
1964,MILES,10,10,0
1964,MILAN,13,13,0
1964,MIKE,22,22,0
1964,MICKEY,7,7,0
1964,MICHELANGELO,5,5,0
1964,NICHOLAS,77,77,0
1964,PETER,1157,1157,0
1964,NICK,27,27,0
1964,NICOLO,5,5,0
1964,PERCY,7,7,0
1964,PAULO,7,7,0
1964,PAUL,1898,1898,0
1964,PATRICK,502,502,0
1964,PASQUALE,38,38,0
1964,PAOLO,59,59,0
1964,OWEN,22,22,0
1964,OTTO,9,9,0
1964,OSCAR,9,9,0
1964,ORVILLE,7,7,0
1964,ORVAL,8,8,0
1964,OLIVER,10,10,0
1964,NORMAND,29,29,0
1964,NORMAN,203,203,0
1964,NORBERT,5,5,0
1964,NOEL,15,15,0
1964,NINO,9,9,0
1964,NIKOLAOS,7,7,0
1964,NIGEL,7,7,0
1964,NICKOLAS,6,6,0
1964,ROBERTO,115,115,0
1964,JULIUS,6,6,0
1964,JULES,5,5,0
1964,FREDRICK,39,39,0
1964,FREDERICK,145,145,0
1964,FRED,19,19,0
1964,FRASER,23,23,0
1964,FRANKLIN,28,28,0
1964,FRANKIE,7,7,0
1964,FRANK,288,288,0
1964,FRANCOIS,28,28,0
1964,GABRIEL,11,11,0
1964,FRANCO,112,112,0
1964,FRANCISCO,5,5,0
1964,FRANCESCO,91,91,0
1964,FLOYD,14,14,0
1964,FLAVIO,7,7,0
1964,FILIPPO,20,20,0
1964,FERNANDO,20,20,0
1964,FERNAND,10,10,0
1964,FELIX,6,6,0
1964,FRANCISCUS,6,6,0
1964,GABRIELE,10,10,0
1964,GAETAN,13,13,0
1964,GAETANO,16,16,0
1964,GERHARD,8,8,0
1964,GERARDUS,5,5,0
1964,GERARDO,8,8,0
1964,GERARD,64,64,0
1964,GERALD,332,332,0
1964,GEORGES,5,5,0
1964,GEORGE,421,421,0
1964,GEOFFREY,113,113,0
1964,GENNARO,9,9,0
1964,GENE,10,10,0
1964,GAVIN,17,17,0
1964,GASTON,9,9,0
1964,GARY,579,579,0
1964,GARTH,25,25,0
1964,GARRY,69,69,0
1964,GARRETT,6,6,0
1964,GARNET,24,24,0
1964,GARFIELD,6,6,0
1964,GARETH,5,5,0
1964,FELICE,9,9,0
1964,FABIO,13,13,0
1964,FABIAN,8,8,0
1964,EVERT,5,5,0
1964,ELDON,9,9,0
1964,EDWIN,42,42,0
1964,EDWARD,551,551,0
1964,EDUARDO,8,8,0
1964,EDMUND,23,23,0
1964,BEVERLY,127,6,121
1964,EDGAR,15,15,0
1964,EDDY,18,18,0
1964,EARL,51,51,0
1964,DWIGHT,32,32,0
1964,DWAYNE,96,96,0
1964,DWAINE,6,6,0
1964,DWAIN,6,6,0
1964,DUNCAN,43,43,0
1964,DUANE,59,59,0
1964,DREW,19,19,0
1964,DOUGLAS,875,875,0
1964,DONATO,11,11,0
1964,DONALD,939,939,0
1964,ELIO,12,12,0
1964,GERRARD,5,5,0
1964,ELISEO,5,5,0
1964,ELMER,12,12,0
1964,EVERETT,7,7,0
1964,EVAN,21,21,0
1964,EUGENIO,19,19,0
1964,EUGENE,38,38,0
1964,ERWIN,6,6,0
1964,ERNIE,6,6,0
1964,ERNESTO,9,9,0
1964,ERNEST,63,63,0
1964,ERIK,10,10,0
1964,ERICH,10,10,0
1964,ERIC,265,265,0
1964,ERCOLE,5,5,0
1964,ENZO,20,20,0
1964,ENRICO,14,14,0
1964,ENIO,10,10,0
1964,EMILIO,17,17,0
1964,EMILE,7,7,0
1964,EMIL,8,8,0
1964,ELVIS,5,5,0
1964,ELLIOTT,7,7,0
1964,GERRY,12,12,0
1964,GIAN,5,5,0
1964,GIANCARLO,5,5,0
1964,JEROME,15,15,0
1964,JEREMY,20,20,0
1964,JEFFRY,6,6,0
1964,JEFFREY,1130,1130,0
1964,JEFFERY,142,142,0
1964,JEFF,5,5,0
1964,JEAN-PAUL,10,10,0
1964,JEAN-MARC,10,10,0
1964,JEAN-LOUIS,5,5,0
1964,JEAN-GUY,9,9,0
1964,JEAN-FRANCOIS,6,6,0
1964,JAY,54,54,0
1964,JASON,89,89,0
1964,JAMIESON,6,6,0
1964,JAMES,2292,2292,0
1964,JAIMIE,6,6,0
1964,JACQUES,51,51,0
1964,JACOB,28,28,0
1964,JACK,77,77,0
1964,JERRY,79,79,0
1964,J,10,10,0
1964,JHON,5,5,0
1964,JIMMY,34,34,0
1964,JOSPH,5,5,0
1964,JOSHUA,8,8,0
1964,JOSEPH,3398,3398,0
1964,JOSEF,9,9,0
1964,JOSE,38,38,0
1964,JOS,7,7,0
1964,JORDAN,12,12,0
1964,JONATHON,14,14,0
1964,JONATHAN,94,94,0
1964,JON,42,42,0
1964,JOHNY,5,5,0
1964,JOHNNY,49,49,0
1964,JOHN,3417,3417,0
1964,JOHANNES,16,16,0
1964,JOEY,16,16,0
1964,JOESPH,16,16,0
1964,JOEL,60,60,0
1964,JOE,25,25,0
1964,JOAO,14,14,0
1964,JIM,18,18,0
1964,JULIAN,5,5,0
1964,IVANO,6,6,0
1964,ITALO,5,5,0
1964,GREGG,28,28,0
1964,GREG,9,9,0
1964,GRANT,151,151,0
1964,GRAHAM,83,83,0
1964,GRAEME,12,12,0
1964,GORDON,422,422,0
1964,GORDEN,8,8,0
1964,GLENN,318,318,0
1964,GLEN,211,211,0
1964,GIUSEPPE,186,186,0
1964,GIULIO,5,5,0
1964,GIULIANO,7,7,0
1964,GIOVANNI,97,97,0
1964,GIORGIO,14,14,0
1964,GINO,29,29,0
1964,GILLES,49,49,0
1964,GILBERT,29,29,0
1964,GIANNI,9,9,0
1964,GIANFRANCO,5,5,0
1964,GREGOR,5,5,0
1964,IVAN,44,44,0
1964,GREGORY,838,838,0
1964,GUISEPPE,5,5,0
1964,ISAAC,12,12,0
1964,IRA,11,11,0
1964,IAN,300,300,0
1964,IAIN,13,13,0
1964,HUGH,56,56,0
1964,HUBERT,12,12,0
1964,HOWARD,84,84,0
1964,HERBERT,39,39,0
1964,HENRY,116,116,0
1964,HENRI,8,8,0
1964,HECTOR,9,9,0
1964,HARVEY,33,33,0
1964,HARRY,79,79,0
1964,HAROLD,121,121,0
1964,HARLEY,7,7,0
1964,HANS,13,13,0
1964,HAL,5,5,0
1964,GUY,123,123,0
1964,GUS,9,9,0
1964,GUIDO,9,9,0
1964,ROCCO,32,32,0
1964,EDMOND,11,11,0
1964,RODGER,17,17,0
1964,AUSTIN,7,7,0
1964,BARRY,288,288,0
1964,BART,14,14,0
1964,BARTHOLOMEW,6,6,0
1964,BARTON,11,11,0
1964,BENITO,6,6,0
1964,BENJAMIN,40,40,0
1964,BENNY,5,5,0
1964,AURELE,5,5,0
1964,BENOIT,9,9,0
1964,BERNHARD,11,11,0
1964,BERT,10,10,0
1964,BILL,26,26,0
1964,BILLY,12,12,0
1964,BLAINE,29,29,0
1964,BLAIR,79,79,0
1964,BLAKE,22,22,0
1964,BOBBY,15,15,0
1964,BERNARD,94,94,0
1964,AUGUSTO,6,6,0
1964,AUBREY,6,6,0
1964,ATHANASIOS,5,5,0
1964,ANDRE,119,119,0
1964,ANDRÉ,7,7,0
1964,ANDREAS,19,19,0
1964,ANDREW,780,780,0
1964,ANDY,17,17,0
1964,ANGELO,76,76,0
1964,ANGUS,17,17,0
1964,ANTHONY,391,391,0
1964,ANTON,14,14,0
1964,ANTONI,5,5,0
1964,ANTONINO,21,21,0
1964,ANTONIO,243,243,0
1964,ANTONIUS,5,5,0
1964,ANTONY,24,24,0
1964,ARCHIBALD,6,6,0
1964,ARCHIE,7,7,0
1964,ARMAND,10,10,0
1964,ARNOLD,44,44,0
1964,ARTHUR,109,109,0
1964,BOHDAN,10,10,0
1964,BORIS,7,7,0
1964,BOY,9,9,0
1964,BOYD,6,6,0
1964,CAMERON,98,98,0
1964,CARL,155,155,0
1964,CARLO,46,46,0
1964,CARLOS,24,24,0
1964,CARMAN,6,6,0
1964,CARMELO,10,10,0
1964,CARMINE,27,27,0
1964,CARSON,8,8,0
1964,CARY,16,16,0
1964,CASEY,14,14,0
1964,CECIL,26,26,0
1964,CESARE,5,5,0
1964,CHAD,10,10,0
1964,CHARLES,416,416,0
1964,CHRIS,36,36,0
1964,CHRIST,11,11,0
1964,CHRISTIAAN,6,6,0
1964,CHRISTIAN,31,31,0
1964,CHRISTOPHER,1135,1135,0
1964,CALVIN,48,48,0
1964,ALVIN,16,16,0
1964,CALOGERO,7,7,0
1964,BRYON,10,10,0
1964,BRAD,18,18,0
1964,BRADEN,5,5,0
1964,BRADFORD,11,11,0
1964,BRADLEY,456,456,0
1964,BRADLY,12,12,0
1964,BRANDON,5,5,0
1964,BRANKO,9,9,0
1964,BRANT,5,5,0
1964,BRENDAN,10,10,0
1964,BRENT,188,188,0
1964,BRENTON,6,6,0
1964,BRETT,73,73,0
1964,BRIAN,1315,1315,0
1964,BROCK,8,8,0
1964,BRUCE,446,446,0
1964,BRUNO,53,53,0
1964,BRYAN,110,110,0
1964,BRYANT,6,6,0
1964,BRYCE,11,11,0
1964,BYRON,26,26,0
1964,CLARENCE,41,41,0
1964,ALLEN,117,117,0
1964,ALFRED,48,48,0
1964,ANNUNZIATA,8,0,8
1964,ANNMARIE,8,0,8
1964,ANNIE,17,0,17
1964,ANNETTE,190,0,190
1964,ANNEMARIE,8,0,8
1964,ANNE-MARIE,33,0,33
1964,ANNE,339,0,339
1964,ANNAMARIA,13,0,13
1964,ANTOINETTE,15,0,15
1964,ANNA-MARIE,13,0,13
1964,ANNA,319,0,319
1964,ANN-MARIE,10,0,10
1964,ANN,279,0,279
1964,ANKA,6,0,6
1964,ANITA,174,0,174
1964,ANGELINE,7,0,7
1964,ANGELINA,22,0,22
1964,ANGELE,8,0,8
1964,ANNA-MARIA,7,0,7
1964,ANTONELLA,16,0,16
1964,ANTONIA,12,0,12
1964,ANTONIETTA,57,0,57
1964,RODERICK,32,32,0
1964,BETTY,102,0,102
1964,BETTINA,6,0,6
1964,BETH,44,0,44
1964,BESSIE,11,0,11
1964,BERTHA,6,0,6
1964,BERNICE,18,0,18
1964,BERNADETTE,32,0,32
1964,BELINDA,46,0,46
1964,BEATRICE,19,0,19
1964,BARBRA,12,0,12
1964,BARBARA-ANN,10,0,10
1964,BARBARA,764,0,764
1964,BABY,645,363,282
1964,AUDREY,53,0,53
1964,ASSUNTA,13,0,13
1964,ARLENE,81,0,81
1964,APRIL,79,0,79
1964,ANTONINA,9,0,9
1964,ANGELA,459,0,459
1964,ANGEL,7,0,7
1964,ANDREE,9,0,9
1964,ANDREA,257,5,252
1964,ADELE,21,0,21
1964,ADA,10,0,10
1964,ABBY,8,0,8
1964,AARON,46,46,0
1964,ABRAHAM,6,6,0
1964,ADAM,102,102,0
1964,ADRIAN,54,54,0
1964,ADRIANO,7,7,0
1964,AGOSTINO,6,6,0
1964,ALAIN,42,42,0
1964,ALAN,252,252,0
1964,ALBERT,124,124,0
1964,ALBERTO,18,18,0
1964,ALDO,15,15,0
1964,ALEC,7,7,0
1964,ALESSANDRO,13,13,0
1964,ALEX,21,21,0
1964,ALEXANDER,144,144,0
1964,ALEXANDRE,5,5,0
1964,ADRIANA,22,0,22
1964,ALLAN,369,369,0
1964,ADRIENNE,23,0,23
1964,AILEEN,20,0,20
1964,ANDRA,7,0,7
1964,ANASTASIA,13,0,13
1964,ANA,15,0,15
1964,AMY,57,0,57
1964,AMELIA,14,0,14
1964,AMBER,13,0,13
1964,AMANDA,48,0,48
1964,ALYSON,10,0,10
1964,ALMA,9,0,9
1964,ALLYSON,9,0,9
1964,ALLISON,69,0,69
1964,ALISON,153,0,153
1964,ALIDA,10,0,10
1964,ALICIA,10,0,10
1964,ALICE,68,0,68
1964,ALEXIS,6,0,6
1964,ALEXANDRA,52,0,52
1964,ALANNA,11,0,11
1964,ALANA,12,0,12
1964,AGNES,13,0,13
1964,CLARK,17,17,0
1964,BECKY,12,0,12
1964,CLAUDIO,33,33,0
1964,THEODORE,67,67,0
1964,THANE,6,6,0
1964,TERRENCE,83,83,0
1964,TERRANCE,89,89,0
1964,TERENCE,55,55,0
1964,TEDDY,8,8,0
1964,TED,25,25,0
1964,TARAS,11,11,0
1964,THOMAS,922,922,0
1964,TADEUSZ,5,5,0
1964,SYDNEY,6,6,0
1964,SVEN,6,6,0
1964,STUART,99,99,0
1964,STEWART,49,49,0
1964,STEVEN,1248,1248,0
1964,STEVE,55,55,0
1964,STEVAN,5,5,0
1964,STEPHEN,1183,1183,0
1964,SYLVAIN,12,12,0
1964,TIBOR,9,9,0
1964,TIM,6,6,0
1964,TIMMY,12,12,0
1964,VERN,6,6,0
1964,VAUGHN,7,7,0
1964,VASILIOS,9,9,0
1964,VANCE,8,8,0
1964,VAN,5,5,0
1964,TYRONE,5,5,0
1964,TYLER,15,15,0
1964,TROY,69,69,0
1964,TREVOR,63,63,0
1964,TRENT,13,13,0
1964,TRAVIS,17,17,0
1964,TONY,70,70,0
1964,TONINO,8,8,0
1964,TOMMY,35,35,0
1964,TOMMASO,7,7,0
1964,TOM,17,17,0
1964,TODD,371,371,0
1964,TOD,12,12,0
1964,TIMOTHY,1025,1025,0
1964,STEPHANE,6,6,0
1964,STEPHAN,40,40,0
1964,STEFANO,13,13,0
1964,STEFAN,21,21,0
1964,SALVATORE,74,74,0
1964,RYAN,12,12,0
1964,RUSSELL,169,169,0
1964,RUSSEL,12,12,0
1964,RUDY,8,8,0
1964,RUDOLF,8,8,0
1964,ROY,118,118,0
1964,ROSS,104,104,0
1964,ROSARIO,12,12,0
1964,RORY,6,6,0
1964,RONNY,6,6,0
1964,RODNEY,111,111,0
1964,RONALD,932,932,0
1964,ROMAN,10,10,0
1964,ROLLAND,6,6,0
1964,ROLF,7,7,0
1964,ROLAND,50,50,0
1964,ROGER,234,234,0
1964,CLAUDE,58,58,0
1964,SAM,14,14,0
1964,VERNON,32,32,0
1964,SAMUEL,56,56,0
1964,SANTO,9,9,0
1964,STANLEY,127,127,0
1964,SPIROS,7,7,0
1964,SPENCER,8,8,0
1964,SIMON,28,28,0
1964,SILVIO,8,8,0
1964,SILVANO,7,7,0
1964,SIDNEY,20,20,0
1964,SHERWOOD,5,5,0
1964,SHELDON,28,28,0
1964,SHAYNE,16,16,0
1964,SHAUN,41,41,0
1964,SHANE,61,61,0
1964,SERGIO,25,25,0
1964,SERGE,22,22,0
1964,SEBASTIANO,10,10,0
1964,SEAN,174,174,0
1964,SCOTT,835,835,0
1964,SCOT,6,6,0
1964,SAVERIO,9,9,0
1964,SANDRO,26,26,0
1964,VICTOR,111,111,0
1964,RONNIE,14,14,0
1964,VINCENT,134,134,0
1964,DANIELE,23,23,0
1964,DANNY,133,133,0
1964,D'ARCY,12,12,0
1964,DAREN,8,8,0
1964,DARIN,26,26,0
1964,DARIO,15,15,0
1964,DARREL,17,17,0
1964,DARRELL,61,61,0
1964,DARREN,116,116,0
1964,DARRIN,39,39,0
1964,DARRYL,259,259,0
1964,DARRYN,7,7,0
1964,DARWIN,10,10,0
1964,DARYL,63,63,0
1964,DAVE,6,6,0
1964,DAVID,3607,3607,0
1964,DAVIDE,11,11,0
1964,DEAN,205,205,0
1964,DELBERT,5,5,0
1964,DANIEL,1158,1158,0
1964,DEMETRIOS,5,5,0
1964,DANIAL,13,13,0
1964,CYRIL,9,9,0
1964,CLAY,8,8,0
1964,VINCE,6,6,0
1964,CLAYTON,42,42,0
1964,CLEMENT,7,7,0
1964,CLIFFORD,84,84,0
1964,CLINTON,25,25,0
1964,COLIN,100,100,0
1964,CONRAD,11,11,0
1964,CONSTANTINOS,9,9,0
1964,COREY,11,11,0
1964,CORNELIS,5,5,0
1964,CORNELIUS,13,13,0
1964,CORRADO,10,10,0
1964,CORY,14,14,0
1964,COSIMO,10,10,0
1964,COSTANTINO,10,10,0
1964,CRAIG,312,312,0
1964,CURT,6,6,0
1964,CURTIS,52,52,0
1964,DAN,14,14,0
1964,DENIS,127,127,0
1964,COLLIN,12,12,0
1964,DENNY,7,7,0
1964,WINSTON,10,10,0
1964,WILSON,13,13,0
1964,WILLIAM,1622,1622,0
1964,WILHELM,5,5,0
1964,WILFRID,8,8,0
1964,WILFRED,27,27,0
1964,WILBERT,5,5,0
1964,WESLEY,42,42,0
1964,YVAN,11,11,0
1964,WERNER,7,7,0
1964,WAYNE,477,477,0
1964,WARREN,127,127,0
1964,WARD,14,14,0
1964,WALTER,164,164,0
1964,WALLACE,17,17,0
1964,WADE,40,40,0
1964,VITTORIO,10,10,0
1964,DENNIS,299,299,0
1964,WENDELL,6,6,0
1964,YVES,21,21,0
1964,WILLARD,12,12,0
1964,ZOLTAN,8,8,0
1964,DIEGO,6,6,0
1964,DIETER,6,6,0
1964,DIMITRIOS,10,10,0
1964,YVON,18,18,0
1964,DINO,27,27,0
1964,DION,9,9,0
1964,DIRK,16,16,0
1964,DOMENIC,5,5,0
1964,DESMOND,10,10,0
1964,DERRICK,96,96,0
1964,VITO,39,39,0
1964,DEREK,126,126,0
1964,DOMENICO,79,79,0
1964,VINCENZO,77,77,0
1965,IVANA,10,0,10
1965,ISABELLA,10,0,10
1965,JACKIE,22,7,15
1965,JACQUELINE,548,0,548
1965,JACQUELYN,12,0,12
1965,JAMIE,104,79,25
1965,ISABELLE,7,0,7
1965,IRENE,106,0,106
1965,IRENA,6,0,6
1965,IDA,21,0,21
1965,ILONA,6,0,6
1965,INA,8,0,8
1965,JAN,33,22,11
1965,INGRID,69,0,69
1965,INES,7,0,7
1965,INFANT,49,28,21
1965,ISABEL,10,0,10
1965,JANA,13,0,13
1965,JEANNE,44,0,44
1965,JANET,480,0,480
1965,JENNY,20,0,20
1965,JENNINE,6,0,6
1965,JENNIFER,663,0,663
1965,JENNIE,8,0,8
1965,JENIFER,8,0,8
1965,JEANNINE,24,0,24
1965,JEANNIE,8,0,8
1965,JEANNETTE,24,0,24
1965,HOPE,13,0,13
1965,JEANINE,12,0,12
1965,JEANETTE,39,0,39
1965,JEAN,176,109,67
1965,JAYNE,21,0,21
1965,JAQUELINE,11,0,11
1965,JANIS,24,0,24
1965,JANINE,55,0,55
1965,JANIE,10,0,10
1965,JANICE,351,0,351
1965,JANETTE,24,0,24
1965,JANE,226,0,226
1965,HOLLY,81,0,81
1965,GRAZIELLA,14,0,14
1965,HILARY,11,0,11
1965,GISELE,31,0,31
1965,GIOVANNA,54,0,54
1965,GINETTE,33,0,33
1965,GINA,74,0,74
1965,GILLIAN,38,0,38
1965,GIANNA,6,0,6
1965,YVON,14,14,0
1965,YVES,21,21,0
1965,GIULIA,6,0,6
1965,JESSICA,24,0,24
1965,WESLEY,32,32,0
1965,WILBERT,9,9,0
1965,WILFRED,30,30,0
1965,WILLARD,6,6,0
1965,WILLIAM,1417,1417,0
1965,WILSON,5,5,0
1965,WINSTON,8,8,0
1965,WRAY,6,6,0
1965,YVAN,9,9,0
1965,GIULIANA,11,0,11
1965,GIUSEPPINA,64,0,64
1965,GLENDA,58,0,58
1965,HENRIETTE,6,0,6
1965,HENRIETTA,6,0,6
1965,HELLEN,7,0,7
1965,HELENE,34,0,34
1965,HELENA,21,0,21
1965,HELEN,223,0,223
1965,HEIDI,77,0,77
1965,HEATHER,660,0,660
1965,HAZEL,7,0,7
1965,HARRIET,8,0,8
1965,HANNAH,9,0,9
1965,GWENDOLYN,17,0,17
1965,GWEN,20,0,20
1965,GUYLAINE,9,0,9
1965,GRAZIA,11,0,11
1965,GRACE,43,0,43
1965,GLYNIS,10,0,10
1965,GLORIA,70,0,70
1965,GLENNA,15,0,15
1965,HILDA,11,0,11
1965,JESSIE,6,0,6
1965,KARYN,17,0,17
1965,JILLIAN,18,0,18
1965,KIMBERLY-ANN,7,0,7
1965,KIMBERLY,853,0,853
1965,KIMBERLEY-ANN,10,0,10
1965,KIMBERLEY,526,0,526
1965,KIMBERLEE,11,0,11
1965,KIM,213,9,204
1965,KERRY,95,37,58
1965,KERRIE,12,0,12
1965,KIMBERLY-ANNE,7,0,7
1965,KERRI,28,0,28
1965,KENDALL,12,6,6
1965,KELLY-ANN,9,0,9
1965,KELLY,775,87,688
1965,KELLIE,31,0,31
1965,KELLI,33,0,33
1965,KELLEY,25,0,25
1965,KAY,6,0,6
1965,KATRINA,15,0,15
1965,KENDRA,14,0,14
1965,KATHY,83,0,83
1965,KIRSTEN,19,0,19
1965,KRISTEN,22,0,22
1965,LAUREN,30,0,30
1965,LAURI,8,0,8
1965,LAURIE,414,5,409
1965,LAURIE-ANN,16,0,16
1965,LAURIE-ANNE,7,0,7
1965,LEA,13,0,13
1965,LEAH,48,0,48
1965,LEANNA,8,0,8
1965,KRISTA,71,0,71
1965,LAUREL,27,0,27
1965,LAURALEE,9,0,9
1965,LAURA-LEE,6,0,6
1965,LAURA,565,0,565
1965,LANA,49,0,49
1965,KRYSTYNA,6,0,6
1965,KRISTINE,79,0,79
1965,KRISTINA,27,0,27
1965,KRISTIN,17,0,17
1965,LAUREEN,13,0,13
1965,KATHRYN,176,0,176
1965,KATHRINE,12,0,12
1965,KATHLEEN,376,0,376
1965,JOSEE,8,0,8
1965,JONI,8,0,8
1965,JOHANNE,20,0,20
1965,JOHANNA,20,0,20
1965,JODY,79,26,53
1965,JODIE,15,0,15
1965,JODI,67,0,67
1965,JOCELYNE,16,0,16
1965,JOSEPHINE,46,0,46
1965,JOCELYN,17,0,17
1965,JOANNA,33,0,33
1965,JOANN,17,0,17
1965,JOAN,140,0,140
1965,JO-ANNE,86,0,86
1965,JO-ANN,45,0,45
1965,JO ANNE,7,0,7
1965,JO ANN,9,0,9
1965,JO,12,0,12
1965,JOANNE,487,0,487
1965,JOY,40,0,40
1965,JOYCE,82,0,82
1965,JUANITA,19,0,19
1965,KATHERINE,352,0,352
1965,KATHARINE,32,0,32
1965,KATARINA,7,0,7
1965,KARRIE,7,0,7
1965,KARLA,14,0,14
1965,KARINA,6,0,6
1965,KARIN,42,0,42
1965,KARI,29,7,22
1965,KAREN,1532,0,1532
1965,KARA,9,0,9
1965,JUSTINE,7,0,7
1965,JUNE,51,0,51
1965,JULIETTE,7,0,7
1965,JULIE,437,0,437
1965,JULIANNE,16,0,16
1965,JULIANA,8,0,8
1965,JULIA,125,0,125
1965,JUDY,138,0,138
1965,JUDITH,255,0,255
1965,JILL,148,0,148
1965,WENDELL,6,6,0
1965,RUDY,11,11,0
1965,WARREN,117,117,0
1965,RICKIE,5,5,0
1965,RICKEY,9,9,0
1965,RICK,12,12,0
1965,RICHARD,1494,1494,0
1965,RICCARDO,12,12,0
1965,RICARDO,12,12,0
1965,RHEAL,9,9,0
1965,RENZO,7,7,0
1965,RICKY,80,80,0
1965,RENATO,22,22,0
1965,REJEAN,5,5,0
1965,REID,5,5,0
1965,REGINALD,55,55,0
1965,REGAN,6,6,0
1965,REAL,5,5,0
1965,RAYMOND,355,355,0
1965,RAY,13,13,0
1965,RANDY,210,210,0
1965,REMO,16,16,0
1965,RANDOLPH,57,57,0
1965,RINO,8,8,0
1965,ROBBIE,40,40,0
1965,RONNY,10,10,0
1965,RONNIE,11,11,0
1965,RONALD,804,804,0
1965,ROMEO,8,8,0
1965,ROMAN,21,21,0
1965,ROLLAND,6,6,0
1965,ROLF,10,10,0
1965,ROLAND,47,47,0
1965,RITCHIE,12,12,0
1965,ROGER,235,235,0
1965,RODGER,26,26,0
1965,RODERICK,38,38,0
1965,ROCKY,9,9,0
1965,ROCK,10,10,0
1965,ROCH,13,13,0
1965,ROCCO,34,34,0
1965,ROBERTO,128,128,0
1965,ROBERT,2975,2975,0
1965,RODNEY,186,186,0
1965,RANDOLF,6,6,0
1965,RANDALL,165,165,0
1965,RANDAL,19,19,0
1965,ORVILLE,7,7,0
1965,ORAZIO,6,6,0
1965,OLIVER,11,11,0
1965,NUNZIO,5,5,0
1965,NORMAND,29,29,0
1965,NORMAN,166,166,0
1965,NOEL,20,20,0
1965,NINO,10,10,0
1965,OSCAR,9,9,0
1965,NIKOLAOS,6,6,0
1965,NIKOLA,5,5,0
1965,NICHOLAS,65,65,0
1965,NICK,48,48,0
1965,NICKOLAS,10,10,0
1965,NICOLAS,9,9,0
1965,NICOLINO,5,5,0
1965,NICOLO,6,6,0
1965,NIGEL,10,10,0
1965,LEANNE,101,0,101
1965,OWEN,26,26,0
1965,PANAGIOTIS,6,6,0
1965,PAOLO,74,74,0
1965,RALPH,113,113,0
1965,RALF,5,5,0
1965,RAFFAELE,19,19,0
1965,QUINN,5,5,0
1965,PRESTON,6,6,0
1965,PIETRO,52,52,0
1965,PIERRE,87,87,0
1965,PHILLIP,66,66,0
1965,PHILIPPE,12,12,0
1965,PHILIP,260,260,0
1965,PETER,1065,1065,0
1965,PETAR,7,7,0
1965,PERRY,56,56,0
1965,PERCY,6,6,0
1965,PAULO,8,8,0
1965,PAUL,1613,1613,0
1965,PATRICK,431,431,0
1965,PASQUALINO,6,6,0
1965,PASQUALE,43,43,0
1965,RORY,11,11,0
1965,WAYNE,402,402,0
1965,ROSARIO,12,12,0
1965,ROY,109,109,0
1965,TONINO,8,8,0
1965,TOMMY,26,26,0
1965,TOMMASO,16,16,0
1965,TOMAS,6,6,0
1965,TOM,12,12,0
1965,TODD,343,343,0
1965,TOD,5,5,0
1965,TIMOTHY,978,978,0
1965,TONY,70,70,0
1965,TIMMY,5,5,0
1965,TIM,10,10,0
1965,TIBOR,6,6,0
1965,THOMAS,866,866,0
1965,THEODORE,56,56,0
1965,TERRENCE,85,85,0
1965,TERRANCE,91,91,0
1965,TERENCE,55,55,0
1965,TEDDY,13,13,0
1965,TIMMOTHY,6,6,0
1965,TED,19,19,0
1965,TRAVIS,20,20,0
1965,TREVOR,96,96,0
1965,WARD,11,11,0
1965,WALTER,126,126,0
1965,WALLACE,12,12,0
1965,WADE,28,28,0
1965,VITTORIO,16,16,0
1965,VITO,33,33,0
1965,VINCENZO,82,82,0
1965,VINCENT,135,135,0
1965,TRENT,11,11,0
1965,VINCE,6,6,0
1965,VERNON,25,25,0
1965,VAUGHN,10,10,0
1965,VASILIOS,6,6,0
1965,VANCE,6,6,0
1965,UMBERTO,6,6,0
1965,TYLER,10,10,0
1965,TWIN,7,7,0
1965,TROY,66,66,0
1965,VICTOR,118,118,0
1965,TARAS,6,6,0
1965,SYLVAIN,28,28,0
1965,SYDNEY,5,5,0
1965,SERAFINO,5,5,0
1965,SEBASTIANO,5,5,0
1965,SEAN,247,247,0
1965,SCOTT,812,812,0
1965,SCOT,17,17,0
1965,SAVERIO,7,7,0
1965,SANTO,9,9,0
1965,SANTINO,5,5,0
1965,SERGE,26,26,0
1965,SANDRO,27,27,0
1965,SAM,10,10,0
1965,SALVATORE,98,98,0
1965,SABATINO,5,5,0
1965,RYAN,24,24,0
1965,RUSSELL,143,143,0
1965,RUSSEL,13,13,0
1965,RUDOLPH,11,11,0
1965,RUDOLF,5,5,0
1965,SAMUEL,63,63,0
1965,SERGIO,34,34,0
1965,SHANE,55,55,0
1965,SHAUN,35,35,0
1965,STUART,99,99,0
1965,STEWART,61,61,0
1965,STEVEN,1224,1224,0
1965,STEVE,49,49,0
1965,STEVAN,7,7,0
1965,STEPHEN,974,974,0
1965,STEPHANE,16,16,0
1965,STEPHAN,21,21,0
1965,STEFANO,19,19,0
1965,STEFAN,19,19,0
1965,STANLEY,109,109,0
1965,SPENCER,8,8,0
1965,SOTIRIOS,6,6,0
1965,SIMON,41,41,0
1965,SILVIO,7,7,0
1965,SIEGFRIED,5,5,0
1965,SIDNEY,20,20,0
1965,SHELDON,26,26,0
1965,SHAYNE,8,8,0
1965,ROSS,81,81,0
1965,LEE,124,53,71
1965,PATRIZIA,46,0,46
1965,LEE-ANNE,10,0,10
1965,SERAFINA,6,0,6
1965,SARI,6,0,6
1965,SARAH,143,0,143
1965,SARA,44,0,44
1965,SANDY,31,19,12
1965,SANDRA,1100,0,1100
1965,SAMANTHA,33,0,33
1965,SALLY,47,0,47
1965,SHANNA,6,0,6
1965,SABRINA,14,0,14
1965,RUTH-ANN,6,0,6
1965,RUTH,140,0,140
1965,RUBY,12,0,12
1965,ROXANNE,56,0,56
1965,ROXANE,6,0,6
1965,ROSINA,13,0,13
1965,ROSETTA,30,0,30
1965,ROSEMARY,81,0,81
1965,SABINA,8,0,8
1965,ROSEMARIE,42,0,42
1965,SHANNON,95,9,86
1965,SHARI-LYNN,6,0,6
1965,SHERRY,339,0,339
1965,SHERRIE,20,0,20
1965,SHERRI-LYNN,8,0,8
1965,SHERRI,121,0,121
1965,SHERI,72,0,72
1965,SHELLY,106,0,106
1965,SHELLI,7,0,7
1965,SHELLEY,435,0,435
1965,SHARI,62,0,62
1965,SHELAGH,12,0,12
1965,SHEILA,252,0,252
1965,SHEENA,7,0,7
1965,SHAWNA,24,0,24
1965,SHAWN,376,360,16
1965,SHAUNA,19,0,19
1965,SHARRON,20,0,20
1965,SHARON,570,0,570
1965,SHARLENE,22,0,22
1965,SHEILAGH,6,0,6
1965,ROSELLA,6,0,6
1965,ROSEANNE,12,0,12
1965,ROSEANN,8,0,8
1965,REGINA,12,0,12
1965,REBECCA,95,0,95
1965,RAMONA,20,0,20
1965,RACHELLE,25,0,25
1965,RACHEL,44,0,44
1965,RACHAEL,9,0,9
1965,PRISCILLA,6,0,6
1965,PINA,9,0,9
1965,RENA,9,0,9
1965,PIERRETTE,10,0,10
1965,PETRA,17,0,17
1965,PENNY,140,0,140
1965,PENELOPE,25,0,25
1965,PEGGY,80,0,80
1965,PEARL,11,0,11
1965,PAULINE,110,0,110
1965,PAULETTE,34,0,34
1965,PAULA,271,0,271
1965,PHYLLIS,35,0,35
1965,RENATA,21,0,21
1965,RENE,55,47,8
1965,RENEE,78,0,78
1965,ROSE,93,0,93
1965,ROSARIA,21,0,21
1965,ROSANNE,56,0,56
1965,ROSANNA,44,0,44
1965,ROSAMARIA,7,0,7
1965,ROSALIND,8,0,8
1965,ROSALIE,11,0,11
1965,ROSALBA,9,0,9
1965,ROSA,74,0,74
1965,RONDA,38,0,38
1965,ROCHELLE,13,0,13
1965,ROBYN,38,0,38
1965,ROBIN,319,106,213
1965,ROBERTA,81,0,81
1965,RITA,152,0,152
1965,RISA,11,0,11
1965,RINA,9,0,9
1965,RHONDA,231,0,231
1965,RHODA,6,0,6
1965,SHERRY-LEE,6,0,6
1965,PATTY,24,0,24
1965,SHERRY-LYNN,12,0,12
1965,SHIELA,8,0,8
1965,VERA,30,0,30
1965,VASILIKI,8,0,8
1965,VANESSA,21,0,21
1965,VANDA,7,0,7
1965,VALERIE,194,0,194
1965,URSULA,10,0,10
1965,TRUDY,42,0,42
1965,TRISHA,13,0,13
1965,VERNA,18,0,18
1965,TRINA,11,0,11
1965,TRACIE,19,0,19
1965,TRACI,20,0,20
1965,TRACEY,600,5,595
1965,TONI,18,0,18
1965,TIZIANA,10,0,10
1965,TINA,196,0,196
1965,TIFFANY,6,0,6
1965,THERESE,31,0,31
1965,TRACY,328,34,294
1965,THERESA,224,0,224
1965,VERONICA,37,0,37
1965,VICKIE,21,0,21
1965,ZENA,7,0,7
1965,YVONNE,137,0,137
1965,YVETTE,39,0,39
1965,YOLANDA,19,0,19
1965,WILMA,29,0,29
1965,WHITNEY,9,0,9
1965,WENDY,654,0,654
1965,NELSON,42,42,0
1965,VICKI,48,0,48
1965,WANDA,114,0,114
1965,VIVIAN,40,0,40
1965,VITTORIA,15,0,15
1965,VITA,10,0,10
1965,VIRGINIA,73,0,73
1965,VIOLET,11,0,11
1965,VINCENZA,15,0,15
1965,VICTORIA,210,0,210
1965,VICKY,29,0,29
1965,VIVIANA,6,0,6
1965,THEA,6,0,6
1965,TERRY,397,330,67
1965,TERRIE,6,0,6
1965,STEPHANIE,175,0,175
1965,STELLA,27,0,27
1965,STEFANIE,12,0,12
1965,STAVROULA,9,0,9
1965,STACY,17,0,17
1965,STACEY,79,13,66
1965,SOPHIE,12,0,12
1965,SOPHIA,33,0,33
1965,SUE,20,0,20
1965,SONYA,36,0,36
1965,SONIA,49,0,49
1965,SOFIA,9,0,9
1965,SIOBHAN,10,0,10
1965,SIMONE,22,0,22
1965,SILVIA,24,0,24
1965,SILVANA,33,0,33
1965,SHONA,14,0,14
1965,SHIRLEY,140,0,140
1965,SONJA,24,0,24
1965,SUSAN,1368,0,1368
1965,SUSANA,8,0,8
1965,SUSANNA,16,0,16
1965,TERRI-LYNN,8,0,8
1965,TERRI,77,0,77
1965,TERI,9,0,9
1965,TERESA,379,0,379
1965,TEENA,6,0,6
1965,TARA,33,0,33
1965,TANYA,40,0,40
1965,TANIA,18,0,18
1965,TAMMY,379,0,379
1965,TAMMIE,23,0,23
1965,TAMI,21,0,21
1965,TAMARA,86,0,86
1965,SYLVIE,69,0,69
1965,SYLVIA,91,0,91
1965,SUZETTE,18,0,18
1965,SUZANNE,325,0,325
1965,SUZAN,7,0,7
1965,SUSIE,14,0,14
1965,SUSANNE,73,0,73
1965,SHERYL,52,0,52
1965,LEE-ANN,18,0,18
1965,PATTI,34,0,34
1965,PATRICIA-ANN,6,0,6
1965,LYDIA,27,0,27
1965,LUISA,32,0,32
1965,LUCY,32,0,32
1965,LUCINDA,10,0,10
1965,LUCILLE,17,0,17
1965,LUCIE,30,0,30
1965,LUCIANA,15,0,15
1965,LUCIA,88,0,88
1965,LYN,6,0,6
1965,LUANNE,15,0,15
1965,LOUISA,8,0,8
1965,LORRIE,52,0,52
1965,LORRI,18,0,18
1965,LORRAINE,204,0,204
1965,LORNA,51,0,51
1965,LORINDA,9,0,9
1965,LORIE,43,0,43
1965,LORI-ANNE,23,0,23
1965,LOUISE,171,0,171
1965,LORI-ANN,23,0,23
1965,LYNDA,143,0,143
1965,LYNETTE,10,0,10
1965,MARGUERITE,15,0,15
1965,MARGRET,11,0,11
1965,MARGOT,17,0,17
1965,MARGO,17,0,17
1965,MARGHERITA,12,0,12
1965,MARGARET,447,0,447
1965,MARCY,6,0,6
1965,MARCIA,33,0,33
1965,LYNE,12,0,12
1965,MARCELLA,16,0,16
1965,MANUELA,18,0,18
1965,MANON,12,0,12
1965,MANDY,18,0,18
1965,MADELINE,9,0,9
1965,MADELEINE,21,0,21
1965,MADDALENA,12,0,12
1965,LYNNE,67,0,67
1965,LYNN,284,0,284
1965,MARA,16,0,16
1965,LORI,451,0,451
1965,LORETTA,54,0,54
1965,LORETA,7,0,7
1965,LIDIA,16,0,16
1965,LIANNE,26,0,26
1965,LIANE,11,0,11
1965,LIANA,44,0,44
1965,LESLIE,364,101,263
1965,LESLEY,99,0,99
1965,LESLEE,6,0,6
1965,LESA,17,0,17
1965,LIISA,7,0,7
1965,LEONA,30,0,30
1965,LENORA,7,0,7
1965,LENA,14,0,14
1965,LEISA,11,0,11
1965,LEILA,7,0,7
1965,LEIGH,28,0,28
1965,LEESA,10,0,10
1965,LEEANNE,9,0,9
1965,LEEANN,11,0,11
1965,LENORE,7,0,7
1965,LILA,8,0,8
1965,LILIANA,16,0,16
1965,LILLIAN,45,0,45
1965,LORENE,6,0,6
1965,LORENA,13,0,13
1965,LORELEI,33,0,33
1965,LOREEN,6,0,6
1965,LOREDANA,6,0,6
1965,LORAINE,8,0,8
1965,LORA,25,0,25
1965,LOIS,47,0,47
1965,LIZA,23,0,23
1965,LISSA,7,0,7
1965,LISETTE,8,0,8
1965,LISE,83,0,83
1965,LISA-MARIE,6,0,6
1965,LISA,1649,0,1649
1965,LINE,16,0,16
1965,LINDSAY,16,7,9
1965,LINDA,961,0,961
1965,LINA,19,0,19
1965,LILY,6,0,6
1965,MARI,6,0,6
1965,PATSY,16,0,16
1965,MARIA,592,0,592
1965,MARIANNA,17,0,17
1965,NAOMI,17,0,17
1965,NANCY,684,0,684
1965,NADINE,59,0,59
1965,NADIA,41,0,41
1965,MYRNA,14,0,14
1965,MYRA,11,0,11
1965,MURIEL,7,0,7
1965,MONIQUE,134,0,134
1965,NATALIA,6,0,6
1965,MONIKA,27,0,27
1965,MONA,30,0,30
1965,MOLLY,7,0,7
1965,MOIRA,15,0,15
1965,MIRIAM,29,0,29
1965,MIRELLA,22,0,22
1965,MIRANDA,6,0,6
1965,MILDRED,8,0,8
1965,MICHELLE,439,0,439
1965,MONICA,159,0,159
1965,MICHELINE,33,0,33
1965,NATALIE,101,0,101
1965,NATHALIE,11,0,11
1965,PATRICIA,944,0,944
1965,PATRICA,11,0,11
1965,PASQUALINA,11,0,11
1965,PAOLA,40,0,40
1965,PANAGIOTA,13,0,13
1965,PAMELA,391,0,391
1965,ORNELLA,6,0,6
1965,OLGA,17,0,17
1965,NATALINA,8,0,8
1965,ODETTE,8,0,8
1965,NORMA,49,0,49
1965,NORINE,10,0,10
1965,NOREEN,16,0,16
1965,NORA,26,0,26
1965,NINA,23,0,23
1965,NICOLETTA,8,0,8
1965,NICOLE,140,0,140
1965,NICOLA,73,51,22
1965,NOT,17,9,8
1965,MICHELINA,9,0,9
1965,MICHELE,491,72,419
1965,MIA,7,0,7
1965,MARTINA,12,0,12
1965,MARTHA,91,0,91
1965,MARTA,6,0,6
1965,MARSHA,21,0,21
1965,MARNIE,27,0,27
1965,MARNI,9,0,9
1965,MARLENE,128,0,128
1965,MARLA,18,0,18
1965,MARTINE,11,0,11
1965,MARJORIE,56,0,56
1965,MARION,55,0,55
1965,MARINA,38,0,38
1965,MARILYN,143,0,143
1965,MARILENA,7,0,7
1965,MARIE-LOUISE,6,0,6
1965,MARIE-ANNE,8,0,8
1965,MARIE,2169,0,2169
1965,MARIANNE,69,0,69
1965,MARISA,41,0,41
1965,MARY,1548,0,1548
1965,MARY-ANN,19,0,19
1965,MARY-ANNE,10,0,10
1965,MEREDITH,6,0,6
1965,MELODY,43,0,43
1965,MELODIE,6,0,6
1965,MELISSA,90,0,90
1965,MELINDA,58,0,58
1965,MELANIE,113,0,113
1965,MEGAN,21,0,21
1965,MAY,7,0,7
1965,MAXINE,15,0,15
1965,MAUREEN,209,0,209
1965,MAURA,8,0,8
1965,MARYLOU,8,0,8
1965,MARYANNE,27,0,27
1965,MARYANN,25,0,25
1965,MARY-LYNN,7,0,7
1965,MARY-LOU,6,0,6
1965,MARY-JO,6,0,6
1965,MARY-JANE,6,0,6
1965,MARY-ELLEN,12,0,12
1965,MARIAN,25,0,25
1965,NEIL,142,142,0
1965,LOUIE,8,8,0
1965,NATHAN,14,14,0
1965,CHAD,11,11,0
1965,CESARE,6,6,0
1965,CECIL,12,12,0
1965,CASEY,14,14,0
1965,CARY,16,16,0
1965,CARSON,6,6,0
1965,CARMINE,33,33,0
1965,CARMELO,20,20,0
1965,CARMAN,6,6,0
1965,CARLOS,19,19,0
1965,CARLO,48,48,0
1965,CARL,136,136,0
1965,CAMERON,81,81,0
1965,CHARLES,343,343,0
1965,CALVIN,31,31,0
1965,BYRON,14,14,0
1965,BURTON,7,7,0
1965,BURKE,5,5,0
1965,BRYON,12,12,0
1965,BRYAN,123,123,0
1965,BRUNO,58,58,0
1965,BRUCE,354,354,0
1965,BROCK,11,11,0
1965,BRIAN,1139,1139,0
1965,BRETT,70,70,0
1965,BRENT,187,187,0
1965,BRENDON,5,5,0
1965,BRENDAN,14,14,0
1965,CALOGERO,9,9,0
1965,CHARLIE,7,7,0
1965,CHRIS,41,41,0
1965,CHRIST,7,7,0
1965,CYRIL,8,8,0
1965,CURTIS,67,67,0
1965,CURT,6,6,0
1965,CRAIG,267,267,0
1965,COSIMO,13,13,0
1965,CORY,8,8,0
1965,CORRADO,14,14,0
1965,CORNELIUS,13,13,0
1965,CORNELIS,5,5,0
1965,COREY,13,13,0
1965,CONSTANTINOS,8,8,0
1965,CONSTANTINE,5,5,0
1965,CONRAD,13,13,0
1965,COLLIN,5,5,0
1965,COLIN,91,91,0
1965,CLYDE,5,5,0
1965,CLINTON,23,23,0
1965,CLIFTON,5,5,0
1965,CLIFFORD,90,90,0
1965,CLEMENT,7,7,0
1965,CLAYTON,32,32,0
1965,CLAUDIO,38,38,0
1965,CLAUDE,64,64,0
1965,CLARKE,6,6,0
1965,CLARK,19,19,0
1965,CLARENCE,29,29,0
1965,CHRISTOS,12,12,0
1965,CHRISTOPHER,1298,1298,0
1965,CHRISTIAN,31,31,0
1965,BRANT,13,13,0
1965,DAMIAN,5,5,0
1965,BRANDON,8,8,0
1965,BRADLEY,439,439,0
1965,ARMAND,13,13,0
1965,ARIE,5,5,0
1965,ARCHIE,5,5,0
1965,ARCHIBALD,7,7,0
1965,ANTONY,22,22,0
1965,ANTONIO,234,234,0
1965,ANTONINO,13,13,0
1965,ANTON,12,12,0
1965,ANTHONY,377,377,0
1965,ANGUS,15,15,0
1965,ANGELO,71,71,0
1965,ANDY,14,14,0
1965,ANDRZEJ,5,5,0
1965,ARMANDO,5,5,0
1965,ANDREW,796,796,0
1965,ANDRE,105,105,0
1965,ANASTASIOS,8,8,0
1965,ALVIN,11,11,0
1965,ALLEN,82,82,0
1965,ALLAN,342,342,0
1965,ALFREDO,12,12,0
1965,ALFRED,57,57,0
1965,ALFONSO,12,12,0
1965,ALEXANDER,127,127,0
1965,ALEX,18,18,0
1965,ALESSANDRO,10,10,0
1965,ALEC,7,7,0
1965,ALDO,19,19,0
1965,ANDREAS,29,29,0
1965,ARNOLD,28,28,0
1965,ARTHUR,98,98,0
1965,ATHANASIOS,11,11,0
1965,BRADFORD,12,12,0
1965,BRAD,13,13,0
1965,BOYD,9,9,0
1965,BOY,9,9,0
1965,BORIS,12,12,0
1965,BOBBY,12,12,0
1965,BLAKE,23,23,0
1965,BLAIR,69,69,0
1965,BLAINE,25,25,0
1965,BLAIN,7,7,0
1965,BILLY,9,9,0
1965,BILL,28,28,0
1965,BIAGIO,5,5,0
1965,BERT,11,11,0
1965,BERNIE,5,5,0
1965,BERNHARD,5,5,0
1965,BERND,5,5,0
1965,BERNARD,85,85,0
1965,BENOIT,14,14,0
1965,BENJAMIN,39,39,0
1965,BENITO,7,7,0
1965,BENEDETTO,7,7,0
1965,BEN,6,6,0
1965,BASIL,7,7,0
1965,BARTON,6,6,0
1965,BARRY,253,253,0
1965,BARRIE,8,8,0
1965,AUSTIN,7,7,0
1965,ATTILIO,5,5,0
1965,BRADLY,5,5,0
1965,DAN,7,7,0
1965,DANIAL,14,14,0
1965,DANIEL,1069,1069,0
1965,FRASER,15,15,0
1965,FRANZ,6,6,0
1965,FRANKLIN,31,31,0
1965,FRANK,283,283,0
1965,FRANCOIS,20,20,0
1965,FRANCO,95,95,0
1965,FRANCESCO,93,93,0
1965,FLOYD,15,15,0
1965,FILIPPO,21,21,0
1965,FERNANDO,14,14,0
1965,FERNAND,7,7,0
1965,FELIX,6,6,0
1965,FELICE,5,5,0
1965,FRED,20,20,0
1965,FABIO,9,9,0
1965,EVERETT,7,7,0
1965,EVANGELOS,5,5,0
1965,EVAN,16,16,0
1965,EUGENIO,13,13,0
1965,EUGENE,36,36,0
1965,ETTORE,6,6,0
1965,ERWIN,5,5,0
1965,ERNESTO,11,11,0
1965,ERNEST,72,72,0
1965,ERIK,31,31,0
1965,ERICH,7,7,0
1965,ERIC,268,268,0
1965,ENZO,25,25,0
1965,FABIAN,9,9,0
1965,FREDDY,5,5,0
1965,FREDERIC,5,5,0
1965,FREDERICK,148,148,0
1965,GINO,32,32,0
1965,GILLES,55,55,0
1965,GILBERT,29,29,0
1965,GIANNI,22,22,0
1965,GIACOMO,10,10,0
1965,GERRY,18,18,0
1965,GERRARD,5,5,0
1965,GERHARD,5,5,0
1965,GERARDO,10,10,0
1965,GERARD,53,53,0
1965,GERALD,263,263,0
1965,GEORGES,5,5,0
1965,GEORGE,420,420,0
1965,GEOFFREY,102,102,0
1965,GENNARO,5,5,0
1965,GENE,12,12,0
1965,GAVIN,14,14,0
1965,GASPARE,5,5,0
1965,GARY,511,511,0
1965,GARTH,16,16,0
1965,GARRY,56,56,0
1965,GARNET,19,19,0
1965,GARFIELD,5,5,0
1965,GARETH,5,5,0
1965,GAETANO,15,15,0
1965,GAETAN,8,8,0
1965,GABRIELE,9,9,0
1965,GABRIEL,15,15,0
1965,FREDRICK,38,38,0
1965,ENRICO,17,17,0
1965,EMMANUEL,7,7,0
1965,EMILIO,7,7,0
1965,EMILE,7,7,0
1965,DIEGO,5,5,0
1965,DESMOND,7,7,0
1965,DERRICK,90,90,0
1965,DEREK,149,149,0
1965,DENNIS,264,264,0
1965,DENIS,115,115,0
1965,DEMETRIOS,7,7,0
1965,DELBERT,9,9,0
1965,DEAN,225,225,0
1965,DAVIDE,13,13,0
1965,DAVID,3154,3154,0
1965,DAVE,9,9,0
1965,DARYN,5,5,0
1965,DARYL,48,48,0
1965,DARWIN,16,16,0
1965,DARRYN,7,7,0
1965,DARRYL,261,261,0
1965,DARRON,5,5,0
1965,DARRIN,184,184,0
1965,DARREN,354,354,0
1965,DARRELL,54,54,0
1965,DARREL,13,13,0
1965,DARIO,11,11,0
1965,DARIN,82,82,0
1965,DAREN,31,31,0
1965,D'ARCY,11,11,0
1965,DANTE,6,6,0
1965,DANNY,141,141,0
1965,DANIELE,21,21,0
1965,DIMITRIOS,16,16,0
1965,ALBERTO,15,15,0
1965,DINO,43,43,0
1965,DIRK,15,15,0
1965,EMERSON,6,6,0
1965,EMANUEL,11,11,0
1965,ELLIOTT,11,11,0
1965,ELIO,13,13,0
1965,ELI,6,6,0
1965,ELDON,6,6,0
1965,EDWIN,31,31,0
1965,EDWARD,484,484,0
1965,EDUARDO,6,6,0
1965,EDMUND,15,15,0
1965,EDMOND,15,15,0
1965,EDGAR,9,9,0
1965,EDDY,14,14,0
1965,EDDIE,9,9,0
1965,EARL,37,37,0
1965,DWIGHT,22,22,0
1965,DWAYNE,99,99,0
1965,DWAINE,5,5,0
1965,DWAIN,6,6,0
1965,DUNCAN,26,26,0
1965,DUANE,56,56,0
1965,DREW,22,22,0
1965,DOUGLAS,728,728,0
1965,DONATO,19,19,0
1965,DONALD,808,808,0
1965,DON,17,17,0
1965,DOMINIC,11,11,0
1965,DOMENICO,85,85,0
1965,DOMENIC,8,8,0
1965,DION,11,11,0
1965,GIORGIO,13,13,0
1965,ALBERT,103,103,0
1965,GERALDINE,36,0,36
1965,CAREN,6,0,6
1965,CARA,31,0,31
1965,CANDY,13,0,13
1965,CANDICE,6,0,6
1965,CANDACE,9,0,9
1965,BRUNA,9,0,9
1965,BRIGITTE,24,0,24
1965,BRIDGET,26,0,26
1965,BRENDA-LEE,9,0,9
1965,BRENDA,693,0,693
1965,BONNY,6,0,6
1965,BONNIE,287,0,287
1965,BONITA,17,0,17
1965,CAREY,27,21,6
1965,BOBBI,7,0,7
1965,BEVERLEY,79,0,79
1965,BETTY,93,0,93
1965,BETTINA,9,0,9
1965,BETH,35,0,35
1965,BESSIE,8,0,8
1965,BERNICE,25,0,25
1965,BERNADINE,10,0,10
1965,BERNADETTE,32,0,32
1965,BELINDA,36,0,36
1965,BECKY,8,0,8
1965,BEATRICE,16,0,16
1965,BARBRA,17,0,17
1965,BARBARA-ANN,8,0,8
1965,BEVERLY,113,6,107
1965,CARLA,88,0,88
1965,CARMEL,9,0,9
1965,CARMELA,37,0,37
1965,CHARLOTTE,63,0,63
1965,CHARLENE,201,0,201
1965,CHANTAL,49,0,49
1965,CELINE,7,0,7
1965,CELESTE,9,0,9
1965,CECILIA,12,0,12
1965,CECILE,13,0,13
1965,CATHY,98,0,98
1965,CATHRYN,13,0,13
1965,CATHLEEN,16,0,16
1965,CATHERINE,803,0,803
1965,CATHARINE,59,0,59
1965,CATERINA,31,0,31
1965,CASSANDRA,16,0,16
1965,CARYN,8,0,8
1965,CARROL,6,0,6
1965,CARRIE,125,0,125
1965,CARON,8,0,8
1965,CAROLYNN,8,0,8
1965,CAROLYN,331,0,331
1965,CAROLINE,183,0,183
1965,CAROLINA,11,0,11
1965,CAROLIN,58,0,58
1965,CAROLE,116,0,116
1965,CAROL-ANNE,6,0,6
1965,CAROL-ANN,15,0,15
1965,CAROL,501,0,501
1965,CARMEN,56,15,41
1965,CARMELINA,17,0,17
1965,BARBARA,617,0,617
1965,CHARMAINE,21,0,21
1965,BABY,628,365,263
1965,AUDREY,67,0,67
1965,AMANDA,53,0,53
1965,ALYSON,12,0,12
1965,ALMA,8,0,8
1965,ALLYSON,16,0,16
1965,ALLISON,122,5,117
1965,ALISON,181,0,181
1965,ALISA,11,0,11
1965,ALINE,11,0,11
1965,ALICIA,9,0,9
1965,ALICE,49,0,49
1965,ALEXANDRA,41,0,41
1965,ALANNA,13,0,13
1965,ALANA,12,0,12
1965,AMBER,7,0,7
1965,AILEEN,14,0,14
1965,ADRIENNE,25,0,25
1965,ADRIANA,23,0,23
1965,ADELINA,6,0,6
1965,ADELE,23,0,23
1965,ADA,9,0,9
1965,ALAN,190,190,0
1965,ALAIN,34,34,0
1965,AGOSTINO,9,9,0
1965,ADRIANO,7,7,0
1965,ADRIAN,45,45,0
1965,ADAM,84,84,0
1965,ABRAHAM,5,5,0
1965,AARON,42,42,0
1965,AGNES,20,0,20
1965,AMELIA,10,0,10
1965,AMY,59,0,59
1965,ANA,24,0,24
1965,ATHENA,6,0,6
1965,ASTRID,11,0,11
1965,ASSUNTA,20,0,20
1965,ARLENE,75,0,75
1965,APRIL,79,0,79
1965,ANTONINA,8,0,8
1965,ANTONIETTA,63,0,63
1965,ANTONIA,22,0,22
1965,ANTONELLA,32,0,32
1965,ANTOINETTE,9,0,9
1965,ANNIE,19,0,19
1965,ANNETTE,198,0,198
1965,ANNE-MARIE,50,0,50
1965,ANNE,302,0,302
1965,ANNAMARIA,7,0,7
1965,ANNA-MARIE,8,0,8
1965,ANNA-MARIA,10,0,10
1965,ANNA,336,0,336
1965,ANN-MARIE,21,0,21
1965,ANN,269,0,269
1965,ANITA,166,0,166
1965,ANGELINE,7,0,7
1965,ANGELINA,16,0,16
1965,ANGELIKA,8,0,8
1965,ANGELE,10,0,10
1965,ANGELA,562,0,562
1965,ANGEL,9,0,9
1965,ANDREA,323,19,304
1965,ANASTASIA,23,0,23
1965,AVA,12,0,12
1965,CHERI,14,0,14
1965,CHERIE,13,0,13
1965,CHERYL,588,0,588
1965,ERICA,17,0,17
1965,ENZA,12,0,12
1965,EMMA,13,0,13
1965,EMILY,34,0,34
1965,EMILIA,8,0,8
1965,EMANUELA,6,0,6
1965,ELVIRA,10,0,10
1965,ELSIE,18,0,18
1965,ELSA,6,0,6
1965,ELLEN,83,0,83
1965,ELIZABETH,653,0,653
1965,ELISE,12,0,12
1965,ELISABETTA,15,0,15
1965,ERIKA,26,0,26
1965,ELISABETH,41,0,41
1965,ELINOR,10,0,10
1965,ELEONORA,7,0,7
1965,ELENA,23,0,23
1965,ELEANOR,29,0,29
1965,ELAINE,168,0,168
1965,EILEEN,67,0,67
1965,EDNA,16,0,16
1965,EDITH,24,0,24
1965,DORTHY,6,0,6
1965,DOROTHY,95,0,95
1965,DORIS,60,0,60
1965,DOREEN,47,0,47
1965,DORA,12,0,12
1965,ELISA,19,0,19
1965,ERIN,47,0,47
1965,ESTHER,32,0,32
1965,ETHEL,8,0,8
1965,GEORGINA,47,0,47
1965,GEORGIA,21,0,21
1965,GENEVIEVE,12,0,12
1965,GAYLE,34,0,34
1965,GALE,11,0,11
1965,GAIL,145,0,145
1965,GABRIELLE,11,0,11
1965,GABRIELLA,21,0,21
1965,GABRIELA,7,0,7
1965,FREDA,7,0,7
1965,FRANCIS,97,88,9
1965,FRANCINE,49,0,49
1965,FRANCESCA,35,0,35
1965,FRANCES,78,0,78
1965,FRANCE,22,0,22
1965,FRANCA,38,0,38
1965,FLORENCE,26,0,26
1965,FLORA,7,0,7
1965,FIONA,35,0,35
1965,FILOMENA,27,0,27
1965,FERN,8,0,8
1965,FEMALE,16,0,16
1965,FELICIA,7,0,7
1965,FAYE,16,0,16
1965,FAY,13,0,13
1965,FATIMA,7,0,7
1965,FAITH,22,0,22
1965,EVELYN,63,0,63
1965,EVA,33,0,33
1965,DONNA,711,0,711
1965,DOMINIQUE,47,16,31
1965,DOMENICA,11,0,11
1965,DOLORES,21,0,21
1965,CYNTHIA,462,0,462
1965,CRYSTAL,48,0,48
1965,CRISTINA,16,0,16
1965,CORRINE,14,0,14
1965,CORRINA,8,0,8
1965,CORRADINA,7,0,7
1965,CORNELIA,14,0,14
1965,CORINNE,66,0,66
1965,CORINNA,14,0,14
1965,CORINA,12,0,12
1965,CONSTANCE,87,0,87
1965,CONNIE,146,0,146
1965,CONCETTINA,8,0,8
1965,CONCETTA,24,0,24
1965,COLLEEN,288,0,288
1965,COLETTE,31,0,31
1965,COLEEN,12,0,12
1965,CLAUDIA,36,0,36
1965,CLAUDETTE,24,0,24
1965,CLARE,8,0,8
1965,CLARA,21,0,21
1965,CLAIRE,38,0,38
1965,CINDY,363,0,363
1965,CHRISTY,6,0,6
1965,CHRISTINE,909,0,909
1965,CHRISTINA,166,0,166
1965,CHRISTIANE,6,0,6
1965,CHERYL-ANNE,8,0,8
1965,CHERYL-ANN,10,0,10
1965,DALE,226,195,31
1965,GERTRUDE,7,0,7
1965,DANA,117,17,100
1965,DANIELLE,39,0,39
1965,DINA,34,0,34
1965,DIMITRA,7,0,7
1965,DIANNE,176,0,176
1965,DIANNA,28,0,28
1965,DIANN,8,0,8
1965,DIANE,423,0,423
1965,DIANA,240,0,240
1965,DESIREE,12,0,12
1965,DENYSE,9,0,9
1965,DENISE,392,0,392
1965,NEAL,16,16,0
1965,DEIRDRE,17,0,17
1965,DEIDRE,9,0,9
1965,DEBRA,263,0,263
1965,DEBORAH-ANN,8,0,8
1965,DEBORAH,991,0,991
1965,DEBORA,45,0,45
1965,DEBBY,8,0,8
1965,DEBBIE,104,0,104
1965,DEANNE,17,0,17
1965,DEANNA,96,0,96
1965,DAWNE,6,0,6
1965,DAWNA,14,0,14
1965,DAWN,249,0,249
1965,DARLENE,384,0,384
1965,DARLEEN,9,0,9
1965,DARLA,17,0,17
1965,DARCY,61,52,9
1965,DAPHNE,25,0,25
1965,DANIELA,28,0,28
1965,GIOVANNI,112,112,0
1965,DELLA,11,0,11
1965,LYLE,21,21,0
1965,JULIAN,7,7,0
1965,JULES,8,8,0
1965,JOSIP,5,5,0
1965,JOSHUA,7,7,0
1965,JOSEPH,3095,3095,0
1965,JOSE,37,37,0
1965,JOS,8,8,0
1965,JORGE,5,5,0
1965,JORDAN,10,10,0
1965,JONATHON,12,12,0
1965,JONATHAN,117,117,0
1965,JON,32,32,0
1965,JOHNNY,42,42,0
1965,JOHNATHAN,7,7,0
1965,JOHN,2846,2846,0
1965,JULIUS,9,9,0
1965,JUSTIN,12,12,0
1965,KARL,77,77,0
1965,KEITH,258,258,0
1965,KOSTAS,5,5,0
1965,KOSTANTINOS,8,8,0
1965,KONSTANTINOS,12,12,0
1965,KIRK,57,57,0
1965,KIRBY,12,12,0
1965,KIP,8,8,0
1965,KIETH,5,5,0
1965,JOHANNES,13,13,0
1965,KEVIN,1211,1211,0
1965,KEVAN,9,9,0
1965,KENTON,10,10,0
1965,KENT,85,85,0
1965,KENNY,5,5,0
1965,KENNETH,837,837,0
1965,KEN,5,5,0
1965,KELVIN,24,24,0
1965,KEVEN,9,9,0
1965,JOEY,7,7,0
1965,JOESPH,13,13,0
1965,JOEL,79,79,0
1965,JACQUES,24,24,0
1965,JACOB,27,27,0
1965,JACK,52,52,0
1965,J,9,9,0
1965,IVANO,6,6,0
1965,IVAN,48,48,0
1965,ITALO,7,7,0
1965,JAMES,2020,2020,0
1965,ISAAC,9,9,0
1965,IAN,302,302,0
1965,IAIN,15,15,0
1965,HUGH,42,42,0
1965,HUBERT,6,6,0
1965,HOWARD,70,70,0
1965,HERMAN,10,10,0
1965,HERBERT,31,31,0
1965,IRVIN,5,5,0
1965,KRIS,8,8,0
1965,JASON,106,106,0
1965,JAYSON,7,7,0
1965,JOE,19,19,0
1965,JOAO,10,10,0
1965,JIMMY,43,43,0
1965,JIM,20,20,0
1965,JESSE,10,10,0
1965,JERRY,64,64,0
1965,JEROME,17,17,0
1965,JAY,59,59,0
1965,JEREMY,18,18,0
1965,JEFFREY,1060,1060,0
1965,JEFFERY,154,154,0
1965,JEFFERSON,5,5,0
1965,JEFF,8,8,0
1965,JEAN-PIERRE,8,8,0
1965,JEAN-MARC,9,9,0
1965,JEAN-GUY,7,7,0
1965,JEFFRY,10,10,0
1965,KRISTIAN,5,5,0
1965,KRISTOPHER,6,6,0
1965,KURT,23,23,0
1965,MAURO,16,16,0
1965,MAURIZIO,17,17,0
1965,MAURICE,55,55,0
1965,MATTHEW,187,187,0
1965,MATTEO,7,7,0
1965,MATHEW,22,22,0
1965,MASSIMO,13,13,0
1965,MAX,7,7,0
1965,MARVIN,18,18,0
1965,MARTIN,240,240,0
1965,MARSHALL,13,13,0
1965,MARKUS,8,8,0
1965,MARK,1439,1439,0
1965,MARIO,106,106,0
1965,MARINO,7,7,0
1965,MARCUS,14,14,0
1965,MARTY,16,16,0
1965,MARCO,53,53,0
1965,MAXWELL,6,6,0
1965,MERVIN,15,15,0
1965,MYLES,10,10,0
1965,MURRAY,114,114,0
1965,MORRIS,16,16,0
1965,MORGAN,8,8,0
1965,MITCHELL,23,23,0
1965,MITCHEL,8,8,0
1965,MILTON,9,9,0
1965,MELVIN,20,20,0
1965,MILES,7,7,0
1965,MIKE,22,22,0
1965,MIGUEL,6,6,0
1965,MICHEL,153,153,0
1965,MICHEAL,146,146,0
1965,MICHAEL-JOHN,5,5,0
1965,MICHAEL,2941,2941,0
1965,MERVYN,5,5,0
1965,MILAN,8,8,0
1965,HENRY,101,101,0
1965,MARCELLO,19,19,0
1965,MARC,195,195,0
1965,LINCOLN,7,7,0
1965,LEWIS,16,16,0
1965,LESTER,15,15,0
1965,LEROY,11,11,0
1965,LEONARDO,16,16,0
1965,LEONARD,119,119,0
1965,LEON,12,12,0
1965,LIONEL,17,17,0
1965,LEO,53,53,0
1965,LAWRENCE,194,194,0
1965,LAURIER,5,5,0
1965,LAURENT,8,8,0
1965,LAURENCE,14,14,0
1965,LARRY,212,212,0
1965,LANCE,38,38,0
1965,KYLE,18,18,0
1965,LENARD,17,17,0
1965,MARCEL,82,82,0
1965,LLOYD,67,67,0
1965,LORENZO,14,14,0
1965,MANUEL,17,17,0
1965,MANFRED,6,6,0
1965,MALE,18,18,0
1965,MALCOLM,27,27,0
1965,LYNDON,16,16,0
1965,LUKE,18,18,0
1965,LUIGINO,5,5,0
1965,LONNIE,7,7,0
1965,LUIGI,69,69,0
1965,LUCIANO,29,29,0
1965,LUCAS,5,5,0
1965,LUC,58,58,0
1965,LOWELL,8,8,0
1965,LOUIS,86,86,0
1965,LORNE,66,66,0
1965,LORIS,6,6,0
1965,LUCIEN,9,9,0
1965,HENRI,6,6,0
1965,JEAN-PAUL,12,12,0
1965,HELMUT,7,7,0
1965,HENDRIK,7,7,0
1965,GIULIANO,7,7,0
1965,GIULIO,8,8,0
1965,GIUSEPPE,164,164,0
1965,GLEN,208,208,0
1965,GLENN,328,328,0
1965,GORDEN,5,5,0
1965,GORDON,385,385,0
1965,GRAEME,14,14,0
1965,GRAHAM,75,75,0
1965,GRANT,134,134,0
1965,GRAZIANO,5,5,0
1965,GREG,8,8,0
1965,MYRON,5,5,0
1965,GREGORIO,7,7,0
1965,GREGG,17,17,0
1965,HARRY,82,82,0
1965,HAROLD,115,115,0
1965,HARVEY,26,26,0
1965,HANS,13,13,0
1965,HANK,5,5,0
1965,HARALD,7,7,0
1965,GUY,75,75,0
1965,GUS,8,8,0
1965,GUISEPPE,6,6,0
1965,GUIDO,5,5,0
1965,GREGORY,740,740,0
1965,HAL,5,5,0
1966,ELKE,8,0,8
1966,ELLEN,69,0,69
1966,ELSA,6,0,6
1966,ELSIE,10,0,10
1966,ELVIRA,11,0,11
1966,EMANUELA,6,0,6
1966,EMILIA,16,0,16
1966,EMILY,24,0,24
1966,EUNICE,7,0,7
1966,ERICA,14,0,14
1966,ERIKA,20,0,20
1966,ERIN,45,6,39
1966,ESTHER,30,0,30
1966,EVA,42,0,42
1966,EVAGELIA,6,0,6
1966,EVELYN,43,0,43
1966,ELIZABETH,619,0,619
1966,EMMA,11,0,11
1966,ELISE,11,0,11
1966,DOROTHY,85,0,85
1966,ELISABETH,38,0,38
1966,DOLORES,7,0,7
1966,DOMENICA,18,0,18
1966,DOMINIQUE,35,17,18
1966,DONNA,574,0,574
1966,DORA,11,0,11
1966,DOREEN,34,0,34
1966,DORIS,56,0,56
1966,CAROLE,71,0,71
1966,ELISABETTA,11,0,11
1966,EDITH,22,0,22
1966,EILEEN,47,0,47
1966,EKATERINI,6,0,6
1966,ELAINE,144,0,144
1966,ELEANOR,26,0,26
1966,ELENA,24,0,24
1966,ELENI,10,0,10
1966,ELEONORA,6,0,6
1966,ELISA,22,0,22
1966,EDNA,9,0,9
1966,CAROL-ANN,13,0,13
1966,KELVIN,17,17,0
1966,CARMEN,36,7,29
1966,BETH,34,0,34
1966,BERTHA,8,0,8
1966,BERNICE,24,0,24
1966,BERNADINE,8,0,8
1966,BERNADETTE,30,0,30
1966,BELINDA,34,0,34
1966,BECKY,11,0,11
1966,BEATRICE,19,0,19
1966,BARBRA,16,0,16
1966,BARBARA-ANN,8,0,8
1966,BARBARA,556,0,556
1966,BABY,550,319,231
1966,AUDREY,52,0,52
1966,AUDRA,22,0,22
1966,ASSUNTA,12,0,12
1966,ARLENE,62,0,62
1966,ARLEEN,6,0,6
1966,APRIL,83,0,83
1966,ANTONINA,11,0,11
1966,BETTINA,7,0,7
1966,CAROL,439,0,439
1966,BETTY,69,0,69
1966,BEVERLEY,59,0,59
1966,CARMELINA,16,0,16
1966,CARMELA,44,0,44
1966,CARLA,78,0,78
1966,CAREY,22,14,8
1966,CARA,21,0,21
1966,CANDY,9,0,9
1966,CANDICE,9,0,9
1966,CANDACE,16,0,16
1966,CAMILLE,7,0,7
1966,CALOGERA,6,0,6
1966,BRUNA,8,0,8
1966,DINA,35,0,35
1966,BRIGITTE,33,0,33
1966,BRIDGET,22,0,22
1966,BRENDA,547,0,547
1966,BONNY,10,0,10
1966,BONNIE,248,0,248
1966,BONITA,17,0,17
1966,BEVERLY,96,7,89
1966,BETTY-ANN,6,0,6
1966,DIMITRA,6,0,6
1966,DEBRA,228,0,228
1966,DIANNA,30,0,30
1966,CHERYL,555,0,555
1966,CHERYL-ANN,13,0,13
1966,CHIARA,7,0,7
1966,CHRISTA,10,0,10
1966,CHRISTIE,7,0,7
1966,CHRISTINA,176,0,176
1966,CHRISTINE,843,0,843
1966,CINDY,303,0,303
1966,CHERIE,15,0,15
1966,CINZIA,7,0,7
1966,CLARA,17,0,17
1966,CLARE,16,6,10
1966,CLAUDETTE,32,0,32
1966,CLAUDIA,38,0,38
1966,COLEEN,14,0,14
1966,COLETTE,40,0,40
1966,COLLEEN,256,0,256
1966,COLLETTE,8,0,8
1966,CLAIRE,37,0,37
1966,CHERI,20,0,20
1966,CHARMAINE,27,0,27
1966,CHARLOTTE,35,0,35
1966,ANTONIETTA,54,0,54
1966,CAROLINA,9,0,9
1966,CAROLINE,126,0,126
1966,CAROLYN,250,0,250
1966,CAROLYNN,13,0,13
1966,CARRIE,101,0,101
1966,CARYN,7,0,7
1966,CASSANDRA,22,0,22
1966,CATERINA,40,0,40
1966,CATHARINE,34,0,34
1966,CATHERINE,699,0,699
1966,CATHLEEN,18,0,18
1966,CATHRINE,9,0,9
1966,CATHY,103,0,103
1966,CECILE,8,0,8
1966,CECILIA,11,0,11
1966,CHANTAL,51,0,51
1966,CHANTALE,9,0,9
1966,CHARLENE,175,0,175
1966,CONCETTA,25,0,25
1966,DIANNE,137,0,137
1966,CONCETTINA,9,0,9
1966,CONSTANCE,67,0,67
1966,DAWNA,10,0,10
1966,DEANNA,79,0,79
1966,DEANNE,30,0,30
1966,DEBBIE,95,0,95
1966,DEBBRA,6,0,6
1966,DEBORA,39,0,39
1966,DEBORAH,820,0,820
1966,DEBRAH,7,0,7
1966,DAWN-MARIE,8,0,8
1966,DEENA,8,0,8
1966,DELLA,10,0,10
1966,DENA,6,0,6
1966,DENISE,347,0,347
1966,DESIREE,9,0,9
1966,DESPINA,8,0,8
1966,DIANA,257,0,257
1966,CAROLIN,32,0,32
1966,DIANE,383,0,383
1966,DEIRDRE,17,0,17
1966,DAWN,234,0,234
1966,DARLENE,339,0,339
1966,DARLEEN,7,0,7
1966,CORA,9,0,9
1966,COREEN,7,0,7
1966,CORINA,7,0,7
1966,CORINNA,16,0,16
1966,CORINNE,48,0,48
1966,CORNELIA,10,0,10
1966,CORRADINA,7,0,7
1966,CORRINE,15,0,15
1966,CRISTINA,26,0,26
1966,CRYSTAL,62,0,62
1966,CYNTHIA,446,0,446
1966,DALE,194,167,27
1966,DANA,110,19,91
1966,DANIELA,38,0,38
1966,DANIELLE,48,0,48
1966,DANUTA,6,0,6
1966,DAPHNE,15,0,15
1966,DARCY,61,49,12
1966,DARLA,11,0,11
1966,CONNIE,117,0,117
1966,ANTONIA,15,0,15
1966,KENNETH,720,720,0
1966,ANTOINETTE,8,0,8
1966,BRENT,183,183,0
1966,BRET,7,7,0
1966,BRETT,79,79,0
1966,BRIAN,1031,1031,0
1966,BROCK,7,7,0
1966,BRUCE,297,297,0
1966,BRUNO,50,50,0
1966,BRYAN,125,125,0
1966,BRENDAN,23,23,0
1966,BRYON,11,11,0
1966,CALVIN,57,57,0
1966,CAMERON,82,82,0
1966,CAMILLO,5,5,0
1966,CAMPBELL,5,5,0
1966,CARL,118,118,0
1966,CARLO,53,53,0
1966,CARLOS,24,24,0
1966,CARMELO,19,19,0
1966,BYRON,16,16,0
1966,CARMINE,25,25,0
1966,BRANT,8,8,0
1966,BRADLEY,374,374,0
1966,BART,8,8,0
1966,BASIL,7,7,0
1966,BEN,8,8,0
1966,BENEDETTO,11,11,0
1966,BENJAMIN,43,43,0
1966,BENOIT,10,10,0
1966,BERNARD,68,68,0
1966,BERT,8,8,0
1966,BRANDON,7,7,0
1966,BILL,11,11,0
1966,BLAINE,18,18,0
1966,BLAIR,63,63,0
1966,BLAKE,33,33,0
1966,BOBBY,9,9,0
1966,BOHDAN,5,5,0
1966,BORIS,5,5,0
1966,BOYD,10,10,0
1966,BRAD,8,8,0
1966,BILLY,11,11,0
1966,CARSON,6,6,0
1966,CARY,19,19,0
1966,CASEY,10,10,0
1966,CONSTANTINOS,13,13,0
1966,COREY,16,16,0
1966,CORNELIS,7,7,0
1966,CORNELIUS,10,10,0
1966,CORRADO,11,11,0
1966,CORY,7,7,0
1966,COSIMO,6,6,0
1966,CRAIG,263,263,0
1966,CONRAD,15,15,0
1966,CRISTOPHER,5,5,0
1966,DALTON,8,8,0
1966,DAN,5,5,0
1966,DANE,6,6,0
1966,DANIAL,13,13,0
1966,DANIEL,957,957,0
1966,DANIELE,18,18,0
1966,DANNY,113,113,0
1966,DANY,6,6,0
1966,CURTIS,32,32,0
1966,COLIN,96,96,0
1966,CLYDE,6,6,0
1966,CLIVE,5,5,0
1966,CECIL,17,17,0
1966,CESARE,7,7,0
1966,CHAD,33,33,0
1966,CHADWICK,6,6,0
1966,CHARLES,298,298,0
1966,CHARLIE,7,7,0
1966,CHESTER,6,6,0
1966,CHRIS,29,29,0
1966,CHRISTIAN,32,32,0
1966,CHRISTOPHER,1335,1335,0
1966,CHRISTOS,11,11,0
1966,CLARENCE,32,32,0
1966,CLARK,9,9,0
1966,CLARKE,5,5,0
1966,CLAUDE,62,62,0
1966,CLAUDIO,39,39,0
1966,CLAYTON,25,25,0
1966,CLIFFORD,73,73,0
1966,CLINTON,23,23,0
1966,BARRY,201,201,0
1966,BARRIE,5,5,0
1966,ATHANASIOS,9,9,0
1966,ARTHUR,99,99,0
1966,AMY,54,0,54
1966,AMELIA,10,0,10
1966,AMANDA,75,0,75
1966,ALYSON,7,0,7
1966,ALLYSON,16,0,16
1966,ALLISON,97,6,91
1966,ALISON,143,0,143
1966,ALISA,9,0,9
1966,ANA,23,0,23
1966,ALINE,10,0,10
1966,ALICIA,15,0,15
1966,ALICE,34,0,34
1966,ALEXIS,7,0,7
1966,ALEXANDRA,47,0,47
1966,ALANNA,18,0,18
1966,ALANA,16,0,16
1966,AIMEE,6,0,6
1966,AILEEN,9,0,9
1966,ALIDA,6,0,6
1966,ANASTASIA,19,0,19
1966,ANDREA,327,16,311
1966,ANDREE,13,0,13
1966,ANNUNZIATA,7,0,7
1966,ANNIE,15,0,15
1966,ANNETTE,158,0,158
1966,ANNEMARIE,6,0,6
1966,ANNE-MARIE,33,0,33
1966,ANNE,275,0,275
1966,ANNAMARIA,12,0,12
1966,ANNA-MARIE,11,0,11
1966,ANNA-MARIA,13,0,13
1966,ANNA,303,0,303
1966,ANN-MARIE,16,0,16
1966,ANN,223,0,223
1966,ANITA,154,0,154
1966,ANGIE,7,0,7
1966,ANGELINE,9,0,9
1966,ANGELINA,29,0,29
1966,ANGELE,8,0,8
1966,ANGELA,552,0,552
1966,ANGEL,7,0,7
1966,AGNES,13,0,13
1966,ANTONELLA,21,0,21
1966,ADRIENNE,20,0,20
1966,ADELE,14,0,14
1966,ANDRE,105,105,0
1966,ANDRÉ,5,5,0
1966,ANDREAS,15,15,0
1966,ANDREW,792,792,0
1966,ANDY,19,19,0
1966,ANGELO,88,88,0
1966,ANGUS,15,15,0
1966,ANTHONY,364,364,0
1966,ALVIN,14,14,0
1966,ANTON,11,11,0
1966,ANTONIO,223,223,0
1966,ANTONIOS,6,6,0
1966,ANTONY,26,26,0
1966,ARCHIE,8,8,0
1966,ARMAND,8,8,0
1966,ARMANDO,7,7,0
1966,ARNOLD,33,33,0
1966,ARON,6,6,0
1966,ANTONINO,23,23,0
1966,ALLEN,86,86,0
1966,ALLAN,295,295,0
1966,ALFREDO,10,10,0
1966,ADA,11,0,11
1966,FAITH,14,0,14
1966,AARON,48,48,0
1966,ABRAHAM,7,7,0
1966,ADAM,64,64,0
1966,ADRIAN,45,45,0
1966,ADRIANO,8,8,0
1966,AGOSTINO,12,12,0
1966,ALAIN,34,34,0
1966,ALAN,157,157,0
1966,ALBERT,97,97,0
1966,ALBERTO,24,24,0
1966,ALDO,28,28,0
1966,ALEC,6,6,0
1966,ALESSANDRO,8,8,0
1966,ALEX,18,18,0
1966,ALEXANDER,116,116,0
1966,ALFONSO,7,7,0
1966,ALFRED,47,47,0
1966,ADRIANA,22,0,22
1966,FATIMA,14,0,14
1966,FAY,6,0,6
1966,FAYE,13,0,13
1966,PENELOPE,14,0,14
1966,PEGGY,71,0,71
1966,PAULINE,105,0,105
1966,PAULETTE,18,0,18
1966,PAULA,229,0,229
1966,PATTY,9,0,9
1966,PATTI,33,0,33
1966,PATRIZIA,24,0,24
1966,PATRICIA,839,0,839
1966,PATRICA,11,0,11
1966,PASQUALINA,12,0,12
1966,PAOLA,36,0,36
1966,PANAGIOTA,9,0,9
1966,PAMELLA,6,0,6
1966,PENNY,134,0,134
1966,PAMELA,419,0,419
1966,ORNELLA,13,0,13
1966,OLGA,21,0,21
1966,NORMA,49,0,49
1966,NORINE,8,0,8
1966,NOREEN,11,0,11
1966,NORAH,7,0,7
1966,NORA,19,0,19
1966,NOELLE,8,0,8
1966,NOELLA,8,0,8
1966,NINA,48,0,48
1966,NICOLINA,10,0,10
1966,NICOLE,157,0,157
1966,NICOLA,67,53,14
1966,NATHALIE,22,0,22
1966,PAIGE,9,0,9
1966,NATALINA,6,0,6
1966,PETRA,19,0,19
1966,PIERRETTE,7,0,7
1966,ROSANNE,56,0,56
1966,ROSANNA,44,0,44
1966,ROSAMARIA,6,0,6
1966,ROSALIND,6,0,6
1966,ROSALIE,10,0,10
1966,ROSALIA,7,0,7
1966,ROSALBA,11,0,11
1966,ROSA,100,0,100
1966,RONDA,39,0,39
1966,ROCHELLE,14,0,14
1966,ROBYN,34,0,34
1966,ROBIN,226,85,141
1966,ROBERTA,68,0,68
1966,RITA,153,0,153
1966,PHYLLIS,29,0,29
1966,RINA,7,0,7
1966,RHODA,11,0,11
1966,RENEE,64,0,64
1966,RENE,41,35,6
1966,RENATE,7,0,7
1966,RENATA,13,0,13
1966,REGINA,16,0,16
1966,REBECCA,99,0,99
1966,RANDI,8,0,8
1966,RAMONA,14,0,14
1966,RAFFAELLA,6,0,6
1966,RACHELLE,23,0,23
1966,RACHEL,44,0,44
1966,PRISCILLA,10,0,10
1966,PINA,15,0,15
1966,RHONDA,223,0,223
1966,ROSARIA,16,0,16
1966,NATALIE,115,0,115
1966,NANCY,668,0,668
1966,MARY-LYNN,6,0,6
1966,MARY-LOU,6,0,6
1966,MARY-JO,6,0,6
1966,MARY-ELLEN,10,0,10
1966,MARY-ANNE,16,0,16
1966,MARY-ANN,22,0,22
1966,MARY,1210,0,1210
1966,MARTINE,12,0,12
1966,MARTINA,13,0,13
1966,MARTHA,81,0,81
1966,MARTA,10,0,10
1966,MARSHA,33,0,33
1966,MARRY,6,0,6
1966,MARNIE,30,0,30
1966,MARYANN,21,0,21
1966,MARNI,9,0,9
1966,MARLA,22,0,22
1966,MARJORIE,30,0,30
1966,MARISA,43,0,43
1966,MARION,50,0,50
1966,MARINA,37,0,37
1966,MARILYN,101,0,101
1966,MARILENA,8,0,8
1966,MARIE,1876,0,1876
1966,MARIANNE,60,0,60
1966,MARIANNA,11,0,11
1966,MARIAN,15,0,15
1966,MARIA DE FATIMA,6,0,6
1966,MARIA,580,0,580
1966,MARI,10,0,10
1966,MARLENE,93,0,93
1966,NAOMI,24,0,24
1966,MARYANNE,8,0,8
1966,MAUREEN,176,0,176
1966,NADINE,40,0,40
1966,NADIA,49,0,49
1966,NADA,7,0,7
1966,MYRNA,9,0,9
1966,MYRIAM,6,0,6
1966,MURIEL,12,0,12
1966,MONIQUE,120,0,120
1966,MONIKA,13,0,13
1966,MONICA,151,0,151
1966,MONA,26,0,26
1966,MOIRA,12,0,12
1966,MIRIAM,22,0,22
1966,MIRELLA,22,0,22
1966,MINA,7,0,7
1966,MAURA,6,0,6
1966,MILDRED,6,0,6
1966,MICHELINE,27,0,27
1966,MICHELINA,13,0,13
1966,MICHELE,609,68,541
1966,MICHAELA,7,0,7
1966,MIA,9,0,9
1966,MEREDITH,8,0,8
1966,MELODY,55,0,55
1966,MELODIE,14,0,14
1966,MELISSA,112,0,112
1966,MELINDA,55,0,55
1966,MELANIE,125,0,125
1966,MEGAN,27,0,27
1966,MAY,14,0,14
1966,MAXINE,16,0,16
1966,MICHELLE,638,0,638
1966,MARGUERITE,19,0,19
1966,ROSE,94,0,94
1966,ROSELLA,7,0,7
1966,TRACI,19,0,19
1966,TRACEY,790,23,767
1966,TONI,22,0,22
1966,TINA-MARIE,13,0,13
1966,TINA,264,0,264
1966,TIFFANY,8,0,8
1966,THERESE,25,0,25
1966,THERESA,185,0,185
1966,TERRY,355,286,69
1966,TERRIE,9,0,9
1966,TERRI-LYNN,17,0,17
1966,TERRI,79,0,79
1966,TERI,15,0,15
1966,TERESA,347,0,347
1966,TRACIE,14,0,14
1966,TENA,8,0,8
1966,TANYA,65,0,65
1966,TANJA,7,0,7
1966,TANIS,6,0,6
1966,TANIA,42,0,42
1966,TAMMY-LYNN,8,0,8
1966,TAMMY,477,0,477
1966,TAMMIE,21,0,21
1966,TAMMI,10,0,10
1966,TAMI,12,0,12
1966,TAMATHA,6,0,6
1966,TAMARA,103,0,103
1966,SYLVIE,71,0,71
1966,SYLVIA,73,0,73
1966,SUZETTE,17,0,17
1966,TARA,28,0,28
1966,SUZANNE,320,0,320
1966,TRACY,319,39,280
1966,TRINA,12,0,12
1966,ZOE,7,0,7
1966,YVONNE,100,0,100
1966,YVETTE,39,0,39
1966,YOLANDA,15,0,15
1966,WILMA,20,0,20
1966,WENDY,541,0,541
1966,WANDA,112,0,112
1966,VIVIANA,6,0,6
1966,VIVIAN,30,0,30
1966,VITTORIA,21,0,21
1966,VITA,8,0,8
1966,VIRGINIA,50,0,50
1966,VIOLET,13,0,13
1966,VINCENZA,18,0,18
1966,TRICIA,6,0,6
1966,VIKKI,8,0,8
1966,VICKY,25,0,25
1966,VICKIE,20,0,20
1966,VICKI,56,0,56
1966,VERONICA,45,0,45
1966,VERNA,11,0,11
1966,VERA,23,0,23
1966,VASILIKI,11,0,11
1966,VANESSA,19,0,19
1966,VANDA,8,0,8
1966,VALERIE,190,0,190
1966,VALARIE,8,0,8
1966,URSULA,15,0,15
1966,TRUDY,29,0,29
1966,TRISHA,15,0,15
1966,VICTORIA,146,0,146
1966,ROSEANNE,6,0,6
1966,SUZAN,8,0,8
1966,SUSIE,16,0,16
1966,SHEENA,6,0,6
1966,SHAWNA,26,0,26
1966,SHAWN,403,393,10
1966,SHAUNA,21,0,21
1966,SHARRON,15,0,15
1966,SHARRI,7,0,7
1966,SHARON,496,0,496
1966,SHARLENE,22,0,22
1966,SHARI,56,0,56
1966,SHANNON,115,22,93
1966,SHANA,8,0,8
1966,SAUNDRA,6,0,6
1966,SARAH,141,0,141
1966,SARA,47,0,47
1966,SHEILA,242,0,242
1966,SANTINA,7,0,7
1966,SANDRA,940,0,940
1966,SAMANTHA,35,0,35
1966,SALVATRICE,6,0,6
1966,SALLY,41,0,41
1966,SABRINA,12,0,12
1966,SABINA,8,0,8
1966,RUTH,99,0,99
1966,RUBY,16,0,16
1966,ROXANNE,48,0,48
1966,ROSSANA,7,0,7
1966,ROSINA,15,0,15
1966,ROSETTA,23,0,23
1966,ROSEMARY,81,0,81
1966,ROSEMARIE,22,0,22
1966,SANDY,31,12,19
1966,SUSY,7,0,7
1966,SHELAGH,9,0,9
1966,SHELLI,7,0,7
1966,SUSANNE,64,0,64
1966,SUSANNA,24,0,24
1966,SUSANA,10,0,10
1966,SUSAN,1228,0,1228
1966,SUE-ANN,7,0,7
1966,SUE,13,0,13
1966,STEPHANIE,194,0,194
1966,STELLA,23,0,23
1966,STEFANIE,11,0,11
1966,STAVROULA,10,0,10
1966,STACY,15,0,15
1966,STACEY,112,31,81
1966,SOPHIE,10,0,10
1966,SOPHIA,21,0,21
1966,SHELLEY,389,0,389
1966,SONYA,22,0,22
1966,SONIA,53,0,53
1966,SOFIA,12,0,12
1966,SIOBHAN,11,0,11
1966,SIMONE,24,0,24
1966,SILVIA,23,0,23
1966,SILVANA,41,0,41
1966,SHIRLEY,114,0,114
1966,SHERYL,65,0,65
1966,SHERRY,376,0,376
1966,SHERRIE,23,0,23
1966,SHERRI-LYNN,13,0,13
1966,SHERRI,133,0,133
1966,SHERI,83,0,83
1966,SHELLY,134,0,134
1966,SONJA,32,0,32
1966,MARGRET,8,0,8
1966,MARGOT,14,0,14
1966,MARGO,11,0,11
1966,JILL,143,0,143
1966,JESSIE,7,0,7
1966,JESSICA,19,0,19
1966,JENNY,19,0,19
1966,JENNIFER,678,0,678
1966,JENNIE,8,0,8
1966,JENIFER,9,0,9
1966,JEANNINE,28,0,28
1966,JEANNIE,9,0,9
1966,JEANNETTE,34,0,34
1966,JEANNE,35,0,35
1966,JEANINE,9,0,9
1966,JEANETTE,36,0,36
1966,JEAN,166,93,73
1966,JILLIAN,20,0,20
1966,JAYNE,13,0,13
1966,JANIS,21,0,21
1966,JANINE,44,0,44
1966,JANIE,12,0,12
1966,JANICE,289,0,289
1966,JANETTE,24,0,24
1966,JANET,408,0,408
1966,JANE,211,0,211
1966,JANA,10,0,10
1966,JAN,29,22,7
1966,JAMIE,101,77,24
1966,JACQUELYN,9,0,9
1966,JACQUELINE,410,0,410
1966,JACKIE,20,5,15
1966,IVANA,14,0,14
1966,JAQUELINE,12,0,12
1966,ISABELLE,11,0,11
1966,JO,13,0,13
1966,JO-ANNA,7,0,7
1966,KARI,16,0,16
1966,KAREN,1312,0,1312
1966,KARA,10,0,10
1966,JUNE,30,0,30
1966,JULIET,6,0,6
1966,JULIE-ANNE,8,0,8
1966,JULIE-ANN,8,0,8
1966,JULIE,438,0,438
1966,JULIANNE,10,0,10
1966,JULIA,106,0,106
1966,JUDY,90,0,90
1966,JUDITH,193,0,193
1966,JUANITA,20,0,20
1966,JOYCE,55,0,55
1966,JO-ANN,46,0,46
1966,JOY,40,0,40
1966,JOSEE,12,0,12
1966,JOHANNE,18,0,18
1966,JOHANNA,12,0,12
1966,JOELLE,12,0,12
1966,JODY,103,35,68
1966,JODIE,25,0,25
1966,JODI,67,0,67
1966,JOCELYNE,13,0,13
1966,JOCELYN,27,0,27
1966,JOANNE,426,0,426
1966,JOANNA,27,0,27
1966,JOANN,16,0,16
1966,JOAN,112,0,112
1966,JO-ANNE,65,0,65
1966,JOSEPHINE,50,0,50
1966,KARIN,39,0,39
1966,ISABELLA,10,0,10
1966,IRENE,91,0,91
1966,GIOVANNA,54,0,54
1966,GINGER,6,0,6
1966,GINETTE,17,0,17
1966,GINA,74,0,74
1966,GILLIAN,33,0,33
1966,GIANNA,7,0,7
1966,GERTRUDE,9,0,9
1966,GERALDINE,30,0,30
1966,GEORGINA,36,0,36
1966,GEORGIA,20,0,20
1966,GEORGETTE,7,0,7
1966,GENEVIEVE,10,0,10
1966,GAYLE,40,0,40
1966,GAIL,133,0,133
1966,GIRL,6,0,6
1966,GABRIELLA,8,0,8
1966,FRANCOISE,6,0,6
1966,FRANCIS,86,77,9
1966,FRANCINE,53,0,53
1966,FRANCESCA,38,0,38
1966,FRANCES,63,0,63
1966,FRANCE,10,0,10
1966,FRANCA,46,0,46
1966,FLORENCE,27,0,27
1966,FLORA,6,0,6
1966,FIONA,35,0,35
1966,FILOMENA,28,0,28
1966,FERN,8,0,8
1966,FEMALE,13,0,13
1966,FELICIA,14,0,14
1966,GABRIELA,9,0,9
1966,ISABEL,16,0,16
1966,GISELE,24,0,24
1966,GISELLE,9,0,9
1966,IRENA,9,0,9
1966,INGRID,59,0,59
1966,INFANT,31,18,13
1966,IDA,21,0,21
1966,HOPE,13,0,13
1966,HOLLY,67,0,67
1966,HILDA,14,0,14
1966,HILARY,14,0,14
1966,HELGA,6,0,6
1966,HELENE,23,0,23
1966,HELENA,32,0,32
1966,HELEN,209,0,209
1966,HEIDI,98,0,98
1966,HEATHER,622,0,622
1966,GISELLA,6,0,6
1966,HAYLEY,9,0,9
1966,HANNAH,8,0,8
1966,GWENDOLYN,20,0,20
1966,GWEN,8,0,8
1966,GRAZIELLA,13,0,13
1966,GRAZIA,8,0,8
1966,GRACE,42,0,42
1966,GLYNIS,6,0,6
1966,GLORIA,49,0,49
1966,GLENNA,10,0,10
1966,GLENDA,32,0,32
1966,GLADYS,10,0,10
1966,GIUSEPPINA,71,0,71
1966,GIULIANA,11,0,11
1966,GIULIA,11,0,11
1966,HARRIET,9,0,9
1966,KARLA,11,0,11
1966,KARON,7,0,7
1966,KARRIE,7,0,7
1966,LORI-LEE,6,0,6
1966,LORI-ANNE,19,0,19
1966,LORI-ANN,23,0,23
1966,LORI,472,0,472
1966,LORETTA,42,0,42
1966,LORENA,20,0,20
1966,LORELEI,20,0,20
1966,LOREE,7,0,7
1966,LOREDANA,15,0,15
1966,LORAINE,6,0,6
1966,LORA,24,0,24
1966,LOIS,45,0,45
1966,LIZA,17,0,17
1966,LISSA,12,0,12
1966,LORIE,45,0,45
1966,LISETTE,9,0,9
1966,LISA-ANN,10,0,10
1966,LISA,1778,0,1778
1966,LINE,14,0,14
1966,LINDA,801,0,801
1966,LINA,38,0,38
1966,LILY,10,0,10
1966,LILLIAN,58,0,58
1966,LILIANA,21,0,21
1966,LILIAN,9,0,9
1966,LILA,6,0,6
1966,LIISA,7,0,7
1966,LIDIA,15,0,15
1966,LIANNE,30,0,30
1966,LIANE,20,0,20
1966,LISE,74,0,74
1966,LIANA,38,0,38
1966,LORNA,42,0,42
1966,LORRI,20,0,20
1966,MARGHERITA,11,0,11
1966,MARGARET,350,0,350
1966,MARCY,11,0,11
1966,MARCIA,45,0,45
1966,MARCELLA,13,0,13
1966,MARA,18,0,18
1966,MANUELA,10,0,10
1966,MANON,13,0,13
1966,MANDY,11,0,11
1966,MADELEINE,10,0,10
1966,MADDALENA,9,0,9
1966,LYNNE,75,0,75
1966,LYNN,228,0,228
1966,LYNETTE,12,0,12
1966,LORRAINE,174,0,174
1966,LYNE,18,0,18
1966,LYN,7,0,7
1966,LYDIA,25,0,25
1966,LUISA,23,0,23
1966,LUCY,33,0,33
1966,LUCILLE,17,0,17
1966,LUCIE,19,0,19
1966,LUCIANA,8,0,8
1966,LUCIA,82,0,82
1966,LUANNE,13,0,13
1966,LOUISE,131,0,131
1966,LOUISA,6,0,6
1966,LOUANNE,7,0,7
1966,LORY,6,0,6
1966,LORRIE,27,0,27
1966,LYNDA,118,0,118
1966,LESLIE-ANNE,6,0,6
1966,LESLIE,344,99,245
1966,LESLI,6,0,6
1966,KRISTI,11,0,11
1966,KRISTEN,28,0,28
1966,KRISTA,76,0,76
1966,KIRSTEN,31,0,31
1966,KIMBERLY-ANNE,6,0,6
1966,KIMBERLY-ANN,16,0,16
1966,KIMBERLY,838,0,838
1966,KIMBERLEY,452,0,452
1966,KIMBERLEE,11,0,11
1966,KIM,218,11,207
1966,KERRY,86,28,58
1966,KERRIE,6,0,6
1966,KERRI,27,0,27
1966,KERI,7,0,7
1966,KRISTIN,29,0,29
1966,KENDRA,20,0,20
1966,KELLY-ANN,6,0,6
1966,KELLY,702,114,588
1966,KELLIE,23,0,23
1966,KELLI,22,0,22
1966,KELLEY,30,0,30
1966,KATRINA,10,0,10
1966,KATINA,6,0,6
1966,KATHY,75,0,75
1966,KATHRYN,182,0,182
1966,KATHRINE,13,0,13
1966,KATHLEEN,326,0,326
1966,KATHERINE,323,0,323
1966,KATHARINE,27,0,27
1966,KARYN,17,0,17
1966,KELLY-ANNE,6,0,6
1966,KRISTINA,43,0,43
1966,KRISTINE,88,0,88
1966,KRYSTYNA,6,0,6
1966,LESLEY,83,0,83
1966,LESIA,8,0,8
1966,LESA,16,0,16
1966,LEONA,21,0,21
1966,LENORE,6,0,6
1966,LENORA,12,0,12
1966,LENA,9,0,9
1966,LEISA,14,0,14
1966,LEILA,7,0,7
1966,LEIGH,44,10,34
1966,LEESA,6,0,6
1966,LEEANN,11,0,11
1966,LEE-ANNE,15,0,15
1966,LEE-ANN,19,0,19
1966,LEE,155,84,71
1966,LEANNE,124,0,124
1966,LEANNA,7,0,7
1966,LANA,54,0,54
1966,LARA,13,0,13
1966,LAURA,572,0,572
1966,LAURA-LEE,10,0,10
1966,LAUREEN,7,0,7
1966,LAUREL,24,0,24
1966,D'ARCY,7,7,0
1966,LAUREN,17,0,17
1966,LAURIE,316,0,316
1966,LAURIE-ANN,11,0,11
1966,LAURIE-ANNE,7,0,7
1966,LEA,11,0,11
1966,LEAH,57,0,57
1966,LEANN,6,0,6
1966,LAURI,6,0,6
1966,DAREN,27,27,0
1966,BROOKE,6,0,6
1966,DARIO,7,7,0
1966,RONNIE,16,16,0
1966,RORY,16,16,0
1966,ROSARIO,10,10,0
1966,ROSS,70,70,0
1966,ROY,81,81,0
1966,RUDOLF,7,7,0
1966,RUDY,8,8,0
1966,RUSSEL,8,8,0
1966,RUSSELL,98,98,0
1966,RYAN,46,46,0
1966,SALVATORE,97,97,0
1966,SAM,9,9,0
1966,SAMMY,8,8,0
1966,SAMUEL,47,47,0
1966,SANDRO,23,23,0
1966,SANFORD,6,6,0
1966,SANTINO,5,5,0
1966,SANTO,7,7,0
1966,SAVERIO,7,7,0
1966,SCOT,19,19,0
1966,SCOTT,732,732,0
1966,SEAN,372,372,0
1966,SEBASTIANO,7,7,0
1966,SERGE,18,18,0
1966,SERGIO,20,20,0
1966,SHANE,72,72,0
1966,SHAUN,35,35,0
1966,SHAYNE,10,10,0
1966,SHELDON,26,26,0
1966,RONALD,722,722,0
1966,SHERMAN,5,5,0
1966,ROMAN,13,13,0
1966,ROLF,5,5,0
1966,RANDALL,135,135,0
1966,RANDOLPH,47,47,0
1966,RANDY,188,188,0
1966,RAY,18,18,0
1966,RAYMOND,305,305,0
1966,REGINALD,39,39,0
1966,REID,8,8,0
1966,REJEAN,5,5,0
1966,REMI,5,5,0
1966,REMO,7,7,0
1966,RENATO,18,18,0
1966,RHEAL,11,11,0
1966,RICCARDO,6,6,0
1966,DARIN,61,61,0
1966,RICKEY,8,8,0
1966,RICKY,67,67,0
1966,RINO,14,14,0
1966,RITCHIE,8,8,0
1966,ROBBIE,32,32,0
1966,ROBBY,9,9,0
1966,ROBERT,2628,2628,0
1966,ROBERTO,127,127,0
1966,ROCCO,38,38,0
1966,ROCH,6,6,0
1966,RODERICK,37,37,0
1966,RODGER,14,14,0
1966,RODNEY,232,232,0
1966,ROGER,215,215,0
1966,ROLAND,36,36,0
1966,ROLLAND,6,6,0
1966,RANDAL,16,16,0
1966,SIDNEY,12,12,0
1966,SILVIO,7,7,0
1966,TONINO,11,11,0
1966,TONY,93,93,0
1966,TRAVIS,19,19,0
1966,TRENT,6,6,0
1966,TREVOR,187,187,0
1966,TROY,104,104,0
1966,TYLER,13,13,0
1966,TYRONE,8,8,0
1966,UGO,6,6,0
1966,VALERIO,5,5,0
1966,VASILIOS,5,5,0
1966,VAUGHN,9,9,0
1966,VERNON,20,20,0
1966,VICTOR,108,108,0
1966,VINCENT,111,111,0
1966,VINCENZO,79,79,0
1966,VITO,32,32,0
1966,VITTORIO,7,7,0
1966,WADE,39,39,0
1966,WALLACE,9,9,0
1966,WALTER,139,139,0
1966,WARD,12,12,0
1966,WARREN,88,88,0
1966,WAYNE,354,354,0
1966,WESLEY,38,38,0
1966,WILFRED,17,17,0
1966,WILLIAM,1295,1295,0
1966,WINSTON,7,7,0
1966,YVAN,6,6,0
1966,TOMMY,25,25,0
1966,SILVANO,8,8,0
1966,TOMMASO,10,10,0
1966,TODD,333,333,0
1966,SIMON,31,31,0
1966,SPENCER,13,13,0
1966,STANLEY,81,81,0
1966,STAVROS,8,8,0
1966,STEFAN,11,11,0
1966,STEFANO,15,15,0
1966,STEPHAN,19,19,0
1966,STEPHANE,7,7,0
1966,STEPHEN,928,928,0
1966,STEVE,44,44,0
1966,STEVEN,1110,1110,0
1966,STEWART,49,49,0
1966,STUART,96,96,0
1966,SYLVAIN,17,17,0
1966,SYLVIO,5,5,0
1966,TARAS,7,7,0
1966,TED,18,18,0
1966,TEDDY,15,15,0
1966,TERENCE,53,53,0
1966,TERRANCE,95,95,0
1966,TERRENCE,57,57,0
1966,THEODORE,40,40,0
1966,THEODOROS,7,7,0
1966,THOMAS,725,725,0
1966,TIM,7,7,0
1966,TIMMY,15,15,0
1966,TIMOTHY,953,953,0
1966,TOBY,5,5,0
1966,TOD,6,6,0
1966,TOM,20,20,0
1966,YVES,25,25,0
1966,RALPH,75,75,0
1966,PRESTON,5,5,0
1966,LORNE,62,62,0
1966,LOUIE,5,5,0
1966,LOUIS,79,79,0
1966,LUC,49,49,0
1966,LUCIANO,22,22,0
1966,LUCIEN,11,11,0
1966,LUCIO,7,7,0
1966,LUIGI,75,75,0
1966,LUIS,7,7,0
1966,LUKE,12,12,0
1966,LYLE,18,18,0
1966,LYNDON,7,7,0
1966,MALCOLM,23,23,0
1966,MALE,14,14,0
1966,MANFRED,9,9,0
1966,MANUEL,23,23,0
1966,MARC,263,263,0
1966,MARCEL,63,63,0
1966,MARCELLO,17,17,0
1966,MARCO,54,54,0
1966,MARCUS,9,9,0
1966,MARIO,117,117,0
1966,MARK,1282,1282,0
1966,MARKUS,6,6,0
1966,MARLON,5,5,0
1966,MARSHALL,10,10,0
1966,MARTIN,198,198,0
1966,MARTY,12,12,0
1966,MARTYN,6,6,0
1966,LORENZO,21,21,0
1966,MARVIN,28,28,0
1966,LONNIE,5,5,0
1966,LIONEL,20,20,0
1966,KENNY,6,6,0
1966,KENT,55,55,0
1966,KENTON,5,5,0
1966,KEVEN,10,10,0
1966,KEVIN,1136,1136,0
1966,KIERAN,5,5,0
1966,KIRBY,10,10,0
1966,KIRK,81,81,0
1966,KONSTANTINOS,10,10,0
1966,KRIS,8,8,0
1966,KRISTOPHER,9,9,0
1966,KURT,31,31,0
1966,KYLE,49,49,0
1966,LANCE,29,29,0
1966,LARRY,149,149,0
1966,LAURENCE,18,18,0
1966,LAURENT,10,10,0
1966,LAWRENCE,167,167,0
1966,LENARD,10,10,0
1966,LENNARD,5,5,0
1966,LEO,39,39,0
1966,LEON,15,15,0
1966,LEONARD,107,107,0
1966,LEONARDO,20,20,0
1966,LEROY,10,10,0
1966,LEWIS,10,10,0
1966,LIAM,9,9,0
1966,LINDSAY,9,9,0
1966,LINO,9,9,0
1966,LLOYD,64,64,0
1966,RAFFAELE,19,19,0
1966,MASSIMO,15,15,0
1966,MATTHEW,167,167,0
1966,NINO,8,8,0
1966,NOAH,7,7,0
1966,NOEL,17,17,0
1966,NORBERT,8,8,0
1966,NORMAN,173,173,0
1966,NORMAND,17,17,0
1966,NOT,10,10,0
1966,OLIVER,14,14,0
1966,ORAZIO,5,5,0
1966,OSCAR,10,10,0
1966,OWEN,20,20,0
1966,PANAGIOTIS,5,5,0
1966,PAOLO,69,69,0
1966,PARKER,5,5,0
1966,PASQUALE,46,46,0
1966,PASQUALINO,13,13,0
1966,PATRICK,410,410,0
1966,PAUL,1504,1504,0
1966,PAULO,19,19,0
1966,PERCY,6,6,0
1966,PERRY,48,48,0
1966,PETER,946,946,0
1966,PHILIP,255,255,0
1966,PHILIPPE,16,16,0
1966,PHILLIP,39,39,0
1966,PIERO,11,11,0
1966,PIERRE,81,81,0
1966,PIETRO,45,45,0
1966,PINO,7,7,0
1966,NIKOLAOS,9,9,0
1966,MATHEW,15,15,0
1966,NIKOLA,6,6,0
1966,NICOLO,6,6,0
1966,MAURICE,32,32,0
1966,MAURIZIO,30,30,0
1966,MAURO,20,20,0
1966,MAX,6,6,0
1966,MELVIN,17,17,0
1966,MERVIN,11,11,0
1966,MICHAEL,2741,2741,0
1966,MICHEAL,147,147,0
1966,MICHEL,152,152,0
1966,MIKE,26,26,0
1966,MILAN,8,8,0
1966,MILES,8,8,0
1966,MITCHELL,28,28,0
1966,MONTY,6,6,0
1966,MORGAN,7,7,0
1966,MORRIS,18,18,0
1966,MURRAY,127,127,0
1966,MYLES,6,6,0
1966,MYRON,11,11,0
1966,NATALE,7,7,0
1966,NATHAN,10,10,0
1966,NEAL,12,12,0
1966,NEIL,137,137,0
1966,NELSON,44,44,0
1966,NICHOLAS,76,76,0
1966,NICK,52,52,0
1966,NICKOLAS,8,8,0
1966,NICKY,5,5,0
1966,NICOLINO,6,6,0
1966,NIGEL,6,6,0
1966,YVON,25,25,0
1966,RICHARD,1317,1317,0
1966,DEMETRIOS,11,11,0
1966,GEORGIOS,5,5,0
1966,GERALD,243,243,0
1966,GERARD,42,42,0
1966,GERARDO,6,6,0
1966,GERRY,15,15,0
1966,GHISLAIN,5,5,0
1966,GIACOMO,16,16,0
1966,GIANCARLO,6,6,0
1966,GIANNI,17,17,0
1966,GILBERT,15,15,0
1966,GILES,5,5,0
1966,GILLES,54,54,0
1966,GINO,32,32,0
1966,GIORGIO,14,14,0
1966,GIOVANNI,112,112,0
1966,GIULIANO,7,7,0
1966,GIULIO,11,11,0
1966,GREGORY,655,655,0
1966,GREGORIO,7,7,0
1966,GREGOIRE,6,6,0
1966,GREGG,9,9,0
1966,GREG,10,10,0
1966,GRAYDON,5,5,0
1966,GEORGE,440,440,0
1966,GRANT,128,128,0
1966,GRAEME,14,14,0
1966,GORDON,338,338,0
1966,GORDEN,6,6,0
1966,GLENN,261,261,0
1966,GLEN,175,175,0
1966,GIUSEPPE,190,190,0
1966,GRAHAM,75,75,0
1966,GEOFFREY,111,111,0
1966,GENNARO,10,10,0
1966,GENE,5,5,0
1966,FRANK,236,236,0
1966,FRANCOIS,23,23,0
1966,FRANCO,117,117,0
1966,FRANCESCO,131,131,0
1966,FLOYD,12,12,0
1966,FILIPPO,25,25,0
1966,FRANKLIN,28,28,0
1966,FERNANDO,16,16,0
1966,FABRIZIO,11,11,0
1966,FABIO,11,11,0
1966,FABIAN,6,6,0
1966,EVERETT,8,8,0
1966,EVAN,22,22,0
1966,EUGENIO,20,20,0
1966,FELICE,10,10,0
1966,GUISEPPE,5,5,0
1966,FRASER,13,13,0
1966,FREDERIC,5,5,0
1966,GAVIN,14,14,0
1966,GASPARE,5,5,0
1966,GARY,393,393,0
1966,GARTH,14,14,0
1966,GARRY,65,65,0
1966,GARRETT,9,9,0
1966,FRED,13,13,0
1966,GARNET,11,11,0
1966,GAETANO,15,15,0
1966,GAETAN,13,13,0
1966,GABRIELE,9,9,0
1966,GABRIEL,12,12,0
1966,FREDRICK,23,23,0
1966,FREDERICK,114,114,0
1966,GARFIELD,5,5,0
1966,EUGENE,36,36,0
1966,GUS,11,11,0
1966,HAL,9,9,0
1966,JEROME,30,30,0
1966,JERRY,69,69,0
1966,JESSE,6,6,0
1966,JIM,22,22,0
1966,JIMMY,38,38,0
1966,JOAO,15,15,0
1966,JOE,20,20,0
1966,JOEL,57,57,0
1966,JOESPH,8,8,0
1966,JOEY,7,7,0
1966,JOHAN,5,5,0
1966,JOHANNES,8,8,0
1966,JOHN,2631,2631,0
1966,JOHNATHAN,8,8,0
1966,JOHNNY,43,43,0
1966,JOHNY,9,9,0
1966,JON,35,35,0
1966,DARREL,7,7,0
1966,KEITH,219,219,0
1966,KARSTEN,5,5,0
1966,KARL,81,81,0
1966,JUSTIN,11,11,0
1966,JULIEN,5,5,0
1966,JEREMY,8,8,0
1966,JULIAN,11,11,0
1966,JOSHUA,10,10,0
1966,JOSEPH,2517,2517,0
1966,JOSE,42,42,0
1966,JORDAN,19,19,0
1966,JONATHON,14,14,0
1966,JONATHAN,120,120,0
1966,JULES,8,8,0
1966,JEFFRY,12,12,0
1966,JEFFREY,1117,1117,0
1966,JEFFERY,160,160,0
1966,IAIN,15,15,0
1966,HUGH,40,40,0
1966,HUBERT,14,14,0
1966,HERMAN,12,12,0
1966,HERBERT,20,20,0
1966,HENRY,92,92,0
1966,IAN,300,300,0
1966,HENRI,7,7,0
1966,HARVEY,19,19,0
1966,HARRY,63,63,0
1966,HAROLD,92,92,0
1966,HARLEY,5,5,0
1966,HANS,11,11,0
1966,HANK,7,7,0
1966,HEATH,10,10,0
1966,GUY,86,86,0
1966,ISAAC,7,7,0
1966,J,6,6,0
1966,JEFFEREY,7,7,0
1966,JEFF,5,5,0
1966,JEAN-PIERRE,9,9,0
1966,JEAN-PAUL,14,14,0
1966,JEAN-MARC,9,9,0
1966,JEAN-GUY,5,5,0
1966,IVAN,26,26,0
1966,JEAN-FRANCOIS,5,5,0
1966,JAY,50,50,0
1966,JASON,172,172,0
1966,JAMES,1916,1916,0
1966,JACQUES,35,35,0
1966,JACOB,26,26,0
1966,JACK,66,66,0
1966,JAYSON,8,8,0
1966,ERNEST,60,60,0
1966,HOWARD,76,76,0
1966,ERICK,7,7,0
1966,DOMENICO,90,90,0
1966,DOMENIC,9,9,0
1966,DIRK,5,5,0
1966,DION,8,8,0
1966,DINO,47,47,0
1966,DIMITRIOS,10,10,0
1966,DIEGO,5,5,0
1966,DESMOND,12,12,0
1966,DERRICK,80,80,0
1966,DEREK,128,128,0
1966,DENNY,5,5,0
1966,DENIS,88,88,0
1966,DELBERT,6,6,0
1966,DEAN,223,223,0
1966,DAVIDE,15,15,0
1966,DAVID,3070,3070,0
1966,DAVE,7,7,0
1966,DARYL,48,48,0
1966,DARWIN,8,8,0
1966,DARRYN,6,6,0
1966,DARRYL,229,229,0
1966,DARRIN,143,143,0
1966,DARREN,305,305,0
1966,DARRELL,60,60,0
1966,ERIK,24,24,0
1966,DOMINGOS,5,5,0
1966,DOMINIC,20,20,0
1966,DENNIS,233,233,0
1966,DONALD,659,659,0
1966,ERIC,204,204,0
1966,DON,10,10,0
1966,ENZO,28,28,0
1966,ENRICO,15,15,0
1966,EMMANUEL,7,7,0
1966,EMILIO,11,11,0
1966,EMANUEL,8,8,0
1966,ELMER,6,6,0
1966,ELIO,8,8,0
1966,ELDON,9,9,0
1966,EDWIN,22,22,0
1966,EDWARD,458,458,0
1966,EDUARDO,10,10,0
1966,ELIAS,6,6,0
1966,DREW,23,23,0
1966,DONATO,18,18,0
1966,DOUGLAS,629,629,0
1966,EDMUND,16,16,0
1966,DUANE,66,66,0
1966,DUNCAN,23,23,0
1966,DWAYNE,105,105,0
1966,DWIGHT,25,25,0
1966,EDDIE,6,6,0
1966,EDDY,9,9,0
1966,EDGAR,19,19,0
1966,EDMOND,7,7,0
1966,EARL,31,31,0
1967,GAIL,110,0,110
1967,GENA,6,0,6
1967,CARI,6,0,6
1967,GAYLE,33,0,33
1967,GAETANA,6,0,6
1967,FRANCESCA,33,0,33
1967,GABRIELLA,13,0,13
1967,GABRIELA,8,0,8
1967,FRANCINE,50,0,50
1967,GENEVIEVE,8,0,8
1967,FRANCES,78,0,78
1967,GABRIELLE,12,0,12
1967,GEORGETTE,6,0,6
1967,GISELLE,13,0,13
1967,GEORGINA,42,0,42
1967,GERALDINE,40,0,40
1967,GERTRUDE,7,0,7
1967,GIANNA,6,0,6
1967,GILLIAN,34,0,34
1967,GINA,95,0,95
1967,GINETTE,17,0,17
1967,GINGER,9,0,9
1967,GIOVANNA,52,0,52
1967,GISELE,16,0,16
1967,GISELLA,6,0,6
1967,GIULIA,6,0,6
1967,FRANCE,11,0,11
1967,GEORGIA,26,0,26
1967,FRANCA,50,0,50
1967,ELISABETTA,17,0,17
1967,FLORA,6,0,6
1967,ELISA,29,0,29
1967,ELISABETH,38,0,38
1967,GIUSEPPINA,71,0,71
1967,ELISE,10,0,10
1967,ELIZABETH,596,0,596
1967,ELKE,13,0,13
1967,ELLEN,60,0,60
1967,ELSIE,13,0,13
1967,EMILIA,9,0,9
1967,EMILY,28,0,28
1967,EMMA,25,0,25
1967,ENZA,8,0,8
1967,ERICA,21,0,21
1967,FLORENCE,19,0,19
1967,ERIKA,22,0,22
1967,ESTELLE,6,0,6
1967,ESTHER,32,0,32
1967,ETHEL,6,0,6
1967,EVA,47,0,47
1967,EVE,6,0,6
1967,EVELINE,6,0,6
1967,EVELYN,42,0,42
1967,FAITH,13,0,13
1967,FATIMA,8,0,8
1967,FAYE,16,0,16
1967,FEMALE,7,0,7
1967,FILOMENA,40,0,40
1967,FIONA,47,0,47
1967,ERIN,57,0,57
1967,GLADYS,9,0,9
1967,ISABELLA,10,0,10
1967,GLORIA,40,0,40
1967,JAN,30,20,10
1967,JANA,9,0,9
1967,JANE,186,0,186
1967,JANET,356,0,356
1967,JANETTE,25,0,25
1967,JANICE,242,0,242
1967,JANINE,46,0,46
1967,JANIS,21,0,21
1967,JANNA,7,0,7
1967,JAQUELINE,7,0,7
1967,JAYNE,20,0,20
1967,JEAN,150,80,70
1967,JEANETTE,45,0,45
1967,JAMIE,101,81,20
1967,JEANINE,6,0,6
1967,JEANNETTE,23,0,23
1967,JEANNIE,12,0,12
1967,JEANNINE,17,0,17
1967,JENNIFER,722,0,722
1967,JENNY,23,0,23
1967,JERI,7,0,7
1967,JESSICA,21,0,21
1967,JESSIE,11,0,11
1967,JILL,102,0,102
1967,JILLIAN,25,0,25
1967,JO,8,0,8
1967,JO-ANN,42,0,42
1967,JO-ANNE,53,0,53
1967,JEANNE,37,0,37
1967,JACQUELYN,18,0,18
1967,JACQUELINE,374,0,374
1967,JACKIE,15,5,10
1967,GRACE,53,0,53
1967,GRAZIA,10,0,10
1967,GRAZIELLA,14,0,14
1967,GUYLAINE,11,0,11
1967,GWEN,23,0,23
1967,GWENDOLYN,14,0,14
1967,HAYLEY,9,0,9
1967,HAZEL,9,0,9
1967,HEATHER,584,0,584
1967,HEIDI,96,0,96
1967,HELEN,218,0,218
1967,HELENA,35,0,35
1967,HELENE,23,0,23
1967,HELLEN,6,0,6
1967,HENRIETTA,7,0,7
1967,HILARY,8,0,8
1967,HOLLY,57,0,57
1967,HOPE,6,0,6
1967,IDA,19,0,19
1967,ILONA,7,0,7
1967,INFANT,28,18,10
1967,INGRID,37,0,37
1967,IRENA,7,0,7
1967,IRENE,83,0,83
1967,ISABEL,21,0,21
1967,ELEONORA,6,0,6
1967,ISABELLE,8,0,8
1967,IVANA,14,0,14
1967,IVY,6,0,6
1967,GLENDA,46,0,46
1967,ELENA,24,0,24
1967,DELLA,9,0,9
1967,ELAINE,109,0,109
1967,CLAUDINE,17,0,17
1967,CLAUDIA,43,0,43
1967,CLAUDETTE,30,0,30
1967,CLARISSA,6,0,6
1967,CLARE,15,6,9
1967,CLARA,23,0,23
1967,CLAIRE,25,0,25
1967,CINZIA,7,0,7
1967,CINDY-LEE,7,0,7
1967,CINDY,300,0,300
1967,CHRISTINE,826,0,826
1967,CHRISTINA,210,0,210
1967,CHRISTIE,11,0,11
1967,COLEEN,15,0,15
1967,CHRISTIANE,7,0,7
1967,CHIARA,10,0,10
1967,CHERYL,481,0,481
1967,CHERIE,18,0,18
1967,CHERI,19,0,19
1967,CHARMAINE,18,0,18
1967,CHARLOTTE,35,0,35
1967,CHARLENE,135,0,135
1967,CHANTAL,70,0,70
1967,CHANDRA,6,0,6
1967,CELIA,6,0,6
1967,CECILIA,12,0,12
1967,CECILE,7,0,7
1967,CATHY,77,0,77
1967,CHRISTA,7,0,7
1967,CATHRYN,6,0,6
1967,COLETTE,38,0,38
1967,JOAN,84,0,84
1967,DAWN-MARIE,13,0,13
1967,DAWN,266,0,266
1967,DARQUISE,6,0,6
1967,DARLENE,269,0,269
1967,DARLA,15,0,15
1967,DARCY,52,46,6
1967,DAPHNE,12,0,12
1967,DANIELLE,46,0,46
1967,DANIELA,44,0,44
1967,DANA,105,16,89
1967,DALE,165,133,32
1967,DAINA,6,0,6
1967,CYNTHIA,373,0,373
1967,COLLEEN,241,0,241
1967,CRYSTAL,94,0,94
1967,CRISTINA,22,0,22
1967,CORRINE,7,0,7
1967,CORRINA,14,0,14
1967,CORNELIA,13,0,13
1967,CORINNE,43,0,43
1967,CORINNA,10,0,10
1967,CORINA,11,0,11
1967,CORA,9,0,9
1967,CONSTANCE,52,0,52
1967,CONNIE,100,0,100
1967,CONCETTINA,7,0,7
1967,CONCETTA,35,0,35
1967,COLLETTE,8,0,8
1967,CRISTINE,8,0,8
1967,CATHLEEN,16,0,16
1967,CATHERINE,586,0,586
1967,CATHARINE,28,0,28
1967,DEIRDRE,10,0,10
1967,DELIA,11,0,11
1967,DEMETRA,6,0,6
1967,DENA,9,0,9
1967,DENICE,6,0,6
1967,DENISE,333,0,333
1967,DESIREE,10,0,10
1967,DESPINA,8,0,8
1967,DIANA,221,0,221
1967,DIANE,338,0,338
1967,DIANNA,38,0,38
1967,DIANNE,102,0,102
1967,DIMITRA,8,0,8
1967,DEBRA,203,0,203
1967,DINA,40,0,40
1967,DOLORES,21,0,21
1967,DOMENICA,12,0,12
1967,DOMINIQUE,27,11,16
1967,DONNA,473,0,473
1967,DONNA-MARIE,8,0,8
1967,DORA,9,0,9
1967,DOREEN,32,0,32
1967,DORIS,47,0,47
1967,DOROTHY,66,0,66
1967,EDITH,18,0,18
1967,EDNA,11,0,11
1967,EFFIE,8,0,8
1967,EILEEN,45,0,45
1967,DINAH,6,0,6
1967,DEBORAH-ANN,6,0,6
1967,DEBORAH,735,0,735
1967,DEBORA,41,0,41
1967,CATERINA,46,0,46
1967,CASSANDRA,19,0,19
1967,CARRIE-ANNE,7,0,7
1967,CARRIE-ANN,9,0,9
1967,CARRIE,164,0,164
1967,CAROLYNN,17,0,17
1967,CAROLYNE,7,0,7
1967,CAROLYN,216,0,216
1967,CAROLINE,122,0,122
1967,CAROLINA,6,0,6
1967,CAROLIN,38,0,38
1967,CAROLE,82,0,82
1967,CAROL-ANNE,6,0,6
1967,CAROL-ANN,9,0,9
1967,CAROL,334,0,334
1967,CARMEN,37,5,32
1967,CARMELINA,19,0,19
1967,CARMELA,50,0,50
1967,CARMEL,7,0,7
1967,CARLA,79,0,79
1967,DAWNA,7,0,7
1967,DAWNE,7,0,7
1967,DAYNA,6,0,6
1967,DEANA,14,0,14
1967,DEANNA,81,0,81
1967,DEANNE,25,0,25
1967,DEBBIE,80,0,80
1967,DEBBRA,9,0,9
1967,DEBBY,7,0,7
1967,ELEANOR,24,0,24
1967,JOANN,16,0,16
1967,JOANNA,31,0,31
1967,JOANNE,370,0,370
1967,ROSEMARY,77,0,77
1967,ROSEMARIE,31,0,31
1967,ROSELLA,9,0,9
1967,ROSE,71,0,71
1967,ROSARIA,19,0,19
1967,ROSANNE,37,0,37
1967,ROSANNA,52,0,52
1967,ROSAMARIA,9,0,9
1967,ROSALIE,6,0,6
1967,ROSALIA,18,0,18
1967,ROSALBA,16,0,16
1967,ROSETTA,28,0,28
1967,ROSA,90,0,90
1967,RONA,6,0,6
1967,ROCHELLE,10,0,10
1967,ROBYN,31,0,31
1967,ROBIN,224,80,144
1967,ROBERTA,60,0,60
1967,RITA,120,0,120
1967,RISA,6,0,6
1967,RINA,8,0,8
1967,RHONDA,236,0,236
1967,RHEA,6,0,6
1967,RENEE,82,0,82
1967,RONDA,28,0,28
1967,RENATA,15,0,15
1967,ROSINA,15,0,15
1967,ROSSANA,8,0,8
1967,SHARON,410,0,410
1967,SHARLENE,20,0,20
1967,SHARI,45,0,45
1967,SHANNON,115,14,101
1967,SHANA,8,0,8
1967,SERENA,8,0,8
1967,SEBASTIANA,6,0,6
1967,SEANA,6,0,6
1967,SARI,7,0,7
1967,SARAH,165,0,165
1967,SARA,58,0,58
1967,ROSLYN,10,0,10
1967,SANTINA,11,0,11
1967,SANDRA,893,0,893
1967,SAMANTHA,56,0,56
1967,SALVATRICE,6,0,6
1967,SALLY,29,0,29
1967,SABRINA,32,0,32
1967,SABINE,9,0,9
1967,RUTHANNE,6,0,6
1967,RUTHANN,7,0,7
1967,RUTH,112,0,112
1967,RUBY,17,0,17
1967,ROXANNE,35,0,35
1967,SANDY,48,21,27
1967,RENA,7,0,7
1967,REGINA,9,0,9
1967,REBECCA,106,0,106
1967,ORNELLA,8,0,8
1967,OLGA,20,0,20
1967,NORMA,42,0,42
1967,NORINE,9,0,9
1967,NOREEN,11,0,11
1967,NORA,22,0,22
1967,NOELLE,15,0,15
1967,NOELLA,13,0,13
1967,NINA,19,0,19
1967,NICOLINA,9,0,9
1967,NICOLETTA,6,0,6
1967,PAIGE,9,0,9
1967,NICOLE,182,0,182
1967,NICHOLA,6,0,6
1967,NELIA,6,0,6
1967,NATHALIE,32,0,32
1967,NATASHA,8,0,8
1967,NATALINA,7,0,7
1967,NATALIE,117,0,117
1967,NATALIA,7,0,7
1967,NAOMI,16,0,16
1967,NANCY,584,0,584
1967,NADINE,45,0,45
1967,NADIA,34,0,34
1967,NICOLA,79,65,14
1967,PAMELA,379,0,379
1967,PANAGIOTA,11,0,11
1967,PAOLA,35,0,35
1967,RANDI,7,0,7
1967,RAMONA,21,0,21
1967,RAFFAELA,8,0,8
1967,RACHELLE,27,0,27
1967,RACHEL,71,0,71
1967,RACHAEL,10,0,10
1967,PINA,13,0,13
1967,PIERINA,10,0,10
1967,PHYLLIS,19,0,19
1967,PETRA,20,0,20
1967,PENNY,110,0,110
1967,PENELOPE,22,0,22
1967,PEGGY,55,0,55
1967,PEARL,6,0,6
1967,PAULINE,106,0,106
1967,PAULETTE,22,0,22
1967,PAULA,277,0,277
1967,PATTY,14,0,14
1967,PATTI,27,0,27
1967,PATSY,14,0,14
1967,PATRIZIA,49,0,49
1967,PATRICIA-ANN,6,0,6
1967,PATRICIA,678,0,678
1967,PATRICA,15,0,15
1967,PASQUALINA,12,0,12
1967,SHARRON,10,0,10
1967,SHAUNA,24,0,24
1967,SHAWN,517,496,21
1967,SHAWNA,37,0,37
1967,TRICIA,6,0,6
1967,TRACY,313,31,282
1967,TRACIE,17,0,17
1967,TRACI,15,0,15
1967,TRACEY,653,5,648
1967,TONYA,15,0,15
1967,TONI,20,0,20
1967,TIZIANA,12,0,12
1967,TINA-MARIE,9,0,9
1967,TINA,279,0,279
1967,TIFFANY,16,0,16
1967,TRINA,22,0,22
1967,THERESE,10,0,10
1967,THEODORA,7,0,7
1967,TERRY,344,289,55
1967,TERRIE,7,0,7
1967,TERRI-LYNN,6,0,6
1967,TERRI-ANN,7,0,7
1967,TERRI,89,0,89
1967,TERI,16,0,16
1967,TERESA,328,0,328
1967,TENA,6,0,6
1967,TARA,48,0,48
1967,TANYA,81,0,81
1967,THERESA,173,0,173
1967,TRISHA,11,0,11
1967,TRUDY,21,0,21
1967,UNA,6,0,6
1967,YVETTE,42,0,42
1967,YOLANDA,17,0,17
1967,WILMA,16,0,16
1967,WENDY,493,0,493
1967,WANDA,74,0,74
1967,VIVIAN,26,0,26
1967,VITTORIA,17,0,17
1967,VITA,6,0,6
1967,VIRGINIA,62,0,62
1967,VIOLET,7,0,7
1967,VINCENZA,20,0,20
1967,VIKKI,6,0,6
1967,VICTORIA,154,0,154
1967,VICKY,29,0,29
1967,VICKIE,19,0,19
1967,VICKI,61,0,61
1967,VERONICA,48,0,48
1967,VERNA,11,0,11
1967,VERA,15,0,15
1967,VASILIKI,15,0,15
1967,VANESSA,35,0,35
1967,VALERIE,165,0,165
1967,VALERIA,8,0,8
1967,VALENTINA,6,0,6
1967,URSULA,12,0,12
1967,TANJA,11,0,11
1967,NADA,6,0,6
1967,TANIA,40,0,40
1967,TAMMY,575,0,575
1967,SONDRA,7,0,7
1967,SOFIA,11,0,11
1967,SIMONE,21,0,21
1967,SILVIA,28,0,28
1967,SILVANA,31,0,31
1967,SHONA,7,0,7
1967,SHIRLEY,96,0,96
1967,SHIELA,6,0,6
1967,SHERYL,72,0,72
1967,SHERRY-LYNN,10,0,10
1967,SHERRY-ANN,6,0,6
1967,SONIA,59,0,59
1967,SHERRY,418,0,418
1967,SHERRI-LYNN,14,0,14
1967,SHERRI-LEE,7,0,7
1967,SHERRI,171,0,171
1967,SHERI-LYNN,10,0,10
1967,SHERI,90,0,90
1967,SHELLY,151,0,151
1967,SHELLIE,11,0,11
1967,SHELLEY,381,0,381
1967,SHELAGH,14,0,14
1967,SHEILA,207,0,207
1967,SHEENA,11,0,11
1967,SHERRIE,22,0,22
1967,SONJA,19,0,19
1967,SONYA,29,0,29
1967,SOPHIA,16,0,16
1967,TAMMIE,33,0,33
1967,TAMI,16,0,16
1967,TAMATHA,7,0,7
1967,TAMARA,165,0,165
1967,TABITHA,7,0,7
1967,SYLVIE,85,0,85
1967,SYLVIA,73,0,73
1967,SUZETTE,10,0,10
1967,SUZANNE,305,0,305
1967,SUZANNA,9,0,9
1967,SUZAN,13,0,13
1967,SUSIE,7,0,7
1967,SUSANNE,67,0,67
1967,SUSANNA,25,0,25
1967,SUSANA,7,0,7
1967,SUSAN,1143,0,1143
1967,STEPHENIE,9,0,9
1967,STEPHANIE,281,0,281
1967,STELLA,20,0,20
1967,STEFANIE,17,0,17
1967,STEFANIA,8,0,8
1967,STAVROULA,7,0,7
1967,STACY,27,6,21
1967,STACEY,127,28,99
1967,SOPHIE,15,0,15
1967,TAMMY-LYNN,11,0,11
1967,CAREY,37,22,15
1967,MURIEL,6,0,6
1967,MONIQUE,110,0,110
1967,LEASA,8,0,8
1967,LEANNE,154,0,154
1967,LEANNA,7,0,7
1967,LEAH,62,0,62
1967,LEA,10,0,10
1967,LAURIE-ANNE,8,0,8
1967,LAURIE-ANN,9,0,9
1967,LAURIE,305,7,298
1967,LAURI,13,0,13
1967,LAUREN,18,0,18
1967,LAUREL,21,0,21
1967,LEE-ANN,16,0,16
1967,LAUREEN,12,0,12
1967,LAURA,586,0,586
1967,LARISSA,11,0,11
1967,LARA,46,0,46
1967,LANA,56,0,56
1967,KRISTINE,96,0,96
1967,KRISTINA,38,0,38
1967,KRISTIN,28,0,28
1967,KRISTIE,7,0,7
1967,KRISTI,10,0,10
1967,KRISTEN,27,0,27
1967,KRISTA,116,0,116
1967,LAURA-LEE,9,0,9
1967,KIRSTEN,33,0,33
1967,LEE-ANNE,13,0,13
1967,LEEANNE,9,0,9
1967,LILLIAN,38,0,38
1967,LILIANA,14,0,14
1967,LILIAN,6,0,6
1967,LILA,8,0,8
1967,LIISA,12,0,12
1967,LIDIA,13,0,13
1967,LIANNE,38,0,38
1967,LIANNA,8,0,8
1967,LIANE,20,0,20
1967,LIANA,34,0,34
1967,LIA,7,0,7
1967,LEEANN,11,0,11
1967,LEZLIE,6,0,6
1967,LESLI,6,0,6
1967,LESLEY,77,0,77
1967,LESA,17,0,17
1967,LEONARDA,6,0,6
1967,LEONA,20,0,20
1967,LENORE,7,0,7
1967,LENORA,6,0,6
1967,LENA,12,0,12
1967,LEISA,10,0,10
1967,LEIGH,53,8,45
1967,LEESA,6,0,6
1967,LESLIE,315,79,236
1967,KIMBERLY-ANNE,8,0,8
1967,KIMBERLY-ANN,15,0,15
1967,KIMBERLY,841,0,841
1967,JUSTINE,11,0,11
1967,JUNE,32,0,32
1967,JULIET,9,0,9
1967,JULIE-ANNE,12,0,12
1967,JULIE-ANN,9,0,9
1967,JULIE,421,0,421
1967,JULIANNE,18,0,18
1967,JULIANA,8,0,8
1967,JULIA,106,0,106
1967,JUDY,105,0,105
1967,JUDITH,138,0,138
1967,KARA,17,0,17
1967,JUANITA,22,0,22
1967,JOY,45,0,45
1967,JOSEPHINE,50,0,50
1967,JOSEE,11,0,11
1967,JOHANNE,16,0,16
1967,JOHANNA,12,0,12
1967,JOELLE,19,0,19
1967,JODY,125,44,81
1967,JODIE,29,0,29
1967,JODI,67,0,67
1967,JOCELYNE,8,0,8
1967,JOCELYN,27,0,27
1967,JOYCE,60,0,60
1967,KAREN,1082,0,1082
1967,KARI,28,6,22
1967,KARIN,38,0,38
1967,KIMBERLEY-ANN,12,0,12
1967,KIMBERLEY,500,0,500
1967,KIMBERLEE,19,0,19
1967,KIM,143,0,143
1967,KERRY,112,35,77
1967,KERRIE,10,0,10
1967,KERRI,34,0,34
1967,KERI,13,0,13
1967,KENDRA,24,0,24
1967,KELLY-ANNE,7,0,7
1967,KELLY-ANN,8,0,8
1967,KELLY,796,124,672
1967,KELLIE,36,0,36
1967,KELLI,21,0,21
1967,KELLEY,28,0,28
1967,KATRINA,15,0,15
1967,KATHY,71,0,71
1967,KATHRYN,173,0,173
1967,KATHRINE,7,0,7
1967,KATHLEEN,274,0,274
1967,KATHERINE,279,0,279
1967,KATHARINE,31,0,31
1967,KARYN,11,0,11
1967,KARRIE,14,0,14
1967,KARLA,6,0,6
1967,LILLIANA,6,0,6
1967,LILY,9,0,9
1967,LINA,34,0,34
1967,LINDA,662,0,662
1967,MARY-ANNE,14,0,14
1967,MARY-ANN,17,0,17
1967,MARY,1026,0,1026
1967,MARTINE,12,0,12
1967,MARTINA,14,0,14
1967,MARTHA,78,0,78
1967,MARTA,9,0,9
1967,MARSHA,18,0,18
1967,MARNIE,36,0,36
1967,MARNI,8,0,8
1967,MARLENE,63,0,63
1967,MARY-ELLEN,7,0,7
1967,MARLA,31,0,31
1967,MARISA,49,0,49
1967,MARION,43,0,43
1967,MARINA,32,0,32
1967,MARILYN,86,0,86
1967,MARILENA,9,0,9
1967,MARIJA,6,0,6
1967,MARIETTE,6,0,6
1967,MARIE,1602,0,1602
1967,MARIANNE,82,0,82
1967,MARIANNA,8,0,8
1967,MARIAN,10,0,10
1967,MARJORIE,30,0,30
1967,MARY-LOU,7,0,7
1967,MARYANN,22,0,22
1967,MARYANNE,6,0,6
1967,MONIKA,20,0,20
1967,MONICA,125,0,125
1967,MONA,23,0,23
1967,MOLLY,11,0,11
1967,MOIRA,15,0,15
1967,MIRIAM,25,0,25
1967,MIRELLA,23,0,23
1967,MIRANDA,9,0,9
1967,MILENA,7,0,7
1967,MICHELLE,678,0,678
1967,MICHELINE,26,0,26
1967,MICHELINA,10,0,10
1967,MICHELE,586,69,517
1967,MEREDITH,15,0,15
1967,MERCEDES,7,0,7
1967,MELYNDA,6,0,6
1967,MELODY,46,0,46
1967,MELISSA,171,0,171
1967,MELINDA,70,0,70
1967,MELANIE,126,0,126
1967,MEGAN,29,0,29
1967,MAY,10,0,10
1967,MAXINE,8,0,8
1967,MAUREEN,129,0,129
1967,MAURA,8,0,8
1967,MARIA,606,0,606
1967,MORAG,8,0,8
1967,MARGUERITE,11,0,11
1967,MARGOT,11,0,11
1967,LOUISA,14,0,14
1967,LORRIE,38,0,38
1967,LORRI,8,0,8
1967,LORRAINE,114,0,114
1967,LORNA,42,0,42
1967,LORIE,44,0,44
1967,LORI-ANNE,14,0,14
1967,LORI-ANN,32,0,32
1967,LORI,463,0,463
1967,LORETTA,39,0,39
1967,LORENA,13,0,13
1967,LOUISE,121,0,121
1967,LORELEI,24,0,24
1967,LORAINE,10,0,10
1967,LORA,26,0,26
1967,LOIS,43,0,43
1967,LIZA,16,0,16
1967,LIVIA,9,0,9
1967,LISSA,11,0,11
1967,LISE,67,0,67
1967,LISA-ANN,8,0,8
1967,LISA,1694,0,1694
1967,LINE,16,0,16
1967,LINDSAY,15,8,7
1967,LOREDANA,21,0,21
1967,LUANA,8,0,8
1967,LUANNE,9,0,9
1967,LUCIA,87,0,87
1967,MARGO,14,0,14
1967,MARGHERITA,7,0,7
1967,MARGARET,338,0,338
1967,MARCIA,39,0,39
1967,MARCELLA,16,0,16
1967,MARA,19,0,19
1967,MANUELA,9,0,9
1967,MANON,14,0,14
1967,MANDY,10,0,10
1967,MADELINE,7,0,7
1967,MADELEINE,9,0,9
1967,MADDALENA,13,0,13
1967,LYNNE,75,0,75
1967,LYNN,247,0,247
1967,LYNETTE,11,0,11
1967,LYNE,20,0,20
1967,LYNDA,100,0,100
1967,LYN,7,0,7
1967,LYDIA,38,0,38
1967,LUISA,25,0,25
1967,LUCY,25,0,25
1967,LUCINDA,14,0,14
1967,LUCILLE,17,0,17
1967,LUCIE,22,0,22
1967,LUCIANA,7,0,7
1967,MARGRET,9,0,9
1967,CARA,23,0,23
1967,STANLEY,68,68,0
1967,CANDICE,21,0,21
1967,JEAN-PIERRE,8,8,0
1967,JEFFEREY,6,6,0
1967,JEFFERY,140,140,0
1967,JEFFORY,8,8,0
1967,JEFFREY,1108,1108,0
1967,JEFFRY,9,9,0
1967,JENS,6,6,0
1967,JEREMY,15,15,0
1967,JEAN-PAUL,12,12,0
1967,JEROME,17,17,0
1967,JIM,16,16,0
1967,JIMMY,38,38,0
1967,JOAO,16,16,0
1967,JOE,20,20,0
1967,JOEL,68,68,0
1967,JOESPH,7,7,0
1967,JOEY,10,10,0
1967,JOHAN,5,5,0
1967,JERRY,61,61,0
1967,JOHANNES,8,8,0
1967,JEAN-MARC,10,10,0
1967,JAY,48,48,0
1967,HUBERT,7,7,0
1967,HUGH,49,49,0
1967,IAIN,14,14,0
1967,IAN,290,290,0
1967,IGNAZIO,5,5,0
1967,IOANNIS,5,5,0
1967,IRA,5,5,0
1967,ISAAC,8,8,0
1967,JAYSON,6,6,0
1967,IVAN,38,38,0
1967,JACK,63,63,0
1967,JACOB,19,19,0
1967,JACQUES,27,27,0
1967,JAIME,6,6,0
1967,JAMES,1762,1762,0
1967,JAMEY,5,5,0
1967,JARROD,8,8,0
1967,JASON,236,236,0
1967,IVANO,8,8,0
1967,JOHN,2355,2355,0
1967,JOHNATHAN,11,11,0
1967,JOHNNY,55,55,0
1967,KIRK,68,68,0
1967,KONSTANTINOS,12,12,0
1967,KRISTOPHER,10,10,0
1967,KURT,27,27,0
1967,KYLE,37,37,0
1967,LANCE,52,52,0
1967,LARRY,141,141,0
1967,LAURENCE,13,13,0
1967,KIRBY,12,12,0
1967,LAURENT,9,9,0
1967,LENARD,7,7,0
1967,LEO,49,49,0
1967,LEON,17,17,0
1967,LEONARD,103,103,0
1967,LEONARDO,26,26,0
1967,LEONIDAS,5,5,0
1967,LEROY,10,10,0
1967,LESTER,6,6,0
1967,LAWRENCE,163,163,0
1967,KEVIN,1043,1043,0
1967,KEVEN,8,8,0
1967,KENTON,5,5,0
1967,JON,26,26,0
1967,JONAS,5,5,0
1967,JONATHAN,135,135,0
1967,JONATHON,18,18,0
1967,JORDAN,27,27,0
1967,JORGE,7,7,0
1967,JOSE,42,42,0
1967,JOSEPH,2322,2322,0
1967,JUAN,7,7,0
1967,JULIAN,11,11,0
1967,JULIUS,5,5,0
1967,JUNIOR,6,6,0
1967,JUSTIN,14,14,0
1967,KARL,69,69,0
1967,KEITH,223,223,0
1967,KELVIN,18,18,0
1967,KENNETH,653,653,0
1967,KENNY,5,5,0
1967,KENT,57,57,0
1967,HOWARD,56,56,0
1967,LEWIS,12,12,0
1967,HERMAN,12,12,0
1967,HENRY,92,92,0
1967,FRANCO,129,129,0
1967,FRANCOIS,22,22,0
1967,FRANK,229,229,0
1967,FRANKIE,5,5,0
1967,FRANKLIN,22,22,0
1967,FRASER,9,9,0
1967,FRED,9,9,0
1967,FREDERIC,6,6,0
1967,FRANCISCO,6,6,0
1967,FREDERICK,128,128,0
1967,GABRIEL,6,6,0
1967,GABRIELE,15,15,0
1967,GAETANO,23,23,0
1967,GARFIELD,5,5,0
1967,GARNET,10,10,0
1967,GARRETT,9,9,0
1967,GARRY,60,60,0
1967,GARTH,8,8,0
1967,FREDRICK,22,22,0
1967,GARY,427,427,0
1967,FRANCIS,82,82,0
1967,FLOYD,8,8,0
1967,ERIC,225,225,0
1967,ERICH,6,6,0
1967,ERICK,5,5,0
1967,ERIK,24,24,0
1967,ERNEST,61,61,0
1967,ERNESTO,10,10,0
1967,EUGENE,37,37,0
1967,EUGENIO,16,16,0
1967,FRANCESCO,121,121,0
1967,EVAN,22,22,0
1967,FABIAN,11,11,0
1967,FABIO,15,15,0
1967,FABRIZIO,8,8,0
1967,FELICE,10,10,0
1967,FERDINANDO,7,7,0
1967,FERNAND,8,8,0
1967,FERNANDO,25,25,0
1967,FILIPPO,15,15,0
1967,EVERETT,9,9,0
1967,GAVIN,21,21,0
1967,GENE,7,7,0
1967,GENNARO,7,7,0
1967,GORDON,282,282,0
1967,GRAEME,13,13,0
1967,GRAHAM,84,84,0
1967,GRANT,125,125,0
1967,GREG,6,6,0
1967,GREGG,13,13,0
1967,GREGORY,595,595,0
1967,GUIDO,8,8,0
1967,GLENN,204,204,0
1967,GUS,11,11,0
1967,HANK,5,5,0
1967,HANS,6,6,0
1967,HAROLD,83,83,0
1967,HARRY,59,59,0
1967,HARVEY,23,23,0
1967,HEATH,16,16,0
1967,HECTOR,5,5,0
1967,HENRI,6,6,0
1967,GUY,76,76,0
1967,GLEN,130,130,0
1967,GIUSEPPE,207,207,0
1967,GIULIANO,6,6,0
1967,GEOFFREY,119,119,0
1967,GEORGE,385,385,0
1967,GEORGES,5,5,0
1967,GEORGIOS,6,6,0
1967,GERALD,224,224,0
1967,GERARD,37,37,0
1967,GERARDO,5,5,0
1967,GERHARD,11,11,0
1967,GERRY,17,17,0
1967,GHISLAIN,5,5,0
1967,GIACOMO,10,10,0
1967,GIANCARLO,6,6,0
1967,GIANI,5,5,0
1967,GIANNI,29,29,0
1967,GILBERT,34,34,0
1967,GILLES,39,39,0
1967,GINO,44,44,0
1967,GIORGIO,12,12,0
1967,GIOVANNI,86,86,0
1967,HERBERT,34,34,0
1967,ENZO,22,22,0
1967,LIAM,7,7,0
1967,LLOYD,44,44,0
1967,RENE,39,39,0
1967,RENZO,5,5,0
1967,REUBEN,6,6,0
1967,RICARDO,9,9,0
1967,RICCARDO,15,15,0
1967,RICHARD,1217,1217,0
1967,RICK,7,7,0
1967,RICKEY,8,8,0
1967,RENATO,17,17,0
1967,RICKY,61,61,0
1967,ROBBIE,48,48,0
1967,ROBBY,7,7,0
1967,ROBERT,2481,2481,0
1967,ROBERTO,141,141,0
1967,ROCCO,45,45,0
1967,ROCH,11,11,0
1967,ROCKY,5,5,0
1967,RODERICK,33,33,0
1967,RITCHIE,9,9,0
1967,RODGER,10,10,0
1967,REMO,11,11,0
1967,REID,7,7,0
1967,PETAR,5,5,0
1967,PETER,970,970,0
1967,PHILIP,215,215,0
1967,PHILIPPE,6,6,0
1967,PHILLIP,43,43,0
1967,PIERRE,77,77,0
1967,PIETRO,52,52,0
1967,QUENTIN,5,5,0
1967,REJEAN,5,5,0
1967,RAFFAELE,25,25,0
1967,RANDAL,16,16,0
1967,RANDALL,95,95,0
1967,RANDOLPH,39,39,0
1967,RANDY,184,184,0
1967,RAY,10,10,0
1967,RAYMOND,251,251,0
1967,REGAN,9,9,0
1967,REGINALD,40,40,0
1967,RALPH,62,62,0
1967,RODNEY,168,168,0
1967,ROGER,183,183,0
1967,ROLAND,44,44,0
1967,SAVERIO,13,13,0
1967,SCOT,8,8,0
1967,SCOTT,782,782,0
1967,SEAN,423,423,0
1967,SEBASTIAN,5,5,0
1967,SEBASTIANO,16,16,0
1967,SERGE,26,26,0
1967,SERGIO,25,25,0
1967,SANTO,8,8,0
1967,SHANE,70,70,0
1967,SHAYNE,20,20,0
1967,SHELDON,28,28,0
1967,SIDNEY,15,15,0
1967,SILVIO,11,11,0
1967,SIMON,53,53,0
1967,SPENCER,9,9,0
1967,SPIROS,5,5,0
1967,SPYROS,5,5,0
1967,SHAUN,37,37,0
1967,SANTINO,5,5,0
1967,SANDRO,26,26,0
1967,SAMUEL,66,66,0
1967,ROLF,6,6,0
1967,ROMAN,13,13,0
1967,ROMEO,5,5,0
1967,RON,8,8,0
1967,RONALD,664,664,0
1967,RONNIE,19,19,0
1967,RONNY,6,6,0
1967,RORY,8,8,0
1967,ROSARIO,20,20,0
1967,ROSS,76,76,0
1967,ROY,87,87,0
1967,RUDOLPH,7,7,0
1967,RUI,8,8,0
1967,RUSSEL,7,7,0
1967,RUSSELL,114,114,0
1967,RYAN,41,41,0
1967,SALVATORE,89,89,0
1967,SAM,14,14,0
1967,SAMMY,7,7,0
1967,PERRY,43,43,0
1967,LIONEL,16,16,0
1967,PERCY,6,6,0
1967,PAUL,1517,1517,0
1967,MARINO,5,5,0
1967,MARIO,132,132,0
1967,MARK,1208,1208,0
1967,MARKO,13,13,0
1967,MARKUS,7,7,0
1967,MARSHALL,15,15,0
1967,MARTIN,188,188,0
1967,MARTY,11,11,0
1967,MARCUS,16,16,0
1967,MARVIN,20,20,0
1967,MATHEW,20,20,0
1967,MATTEO,5,5,0
1967,MATTHEW,215,215,0
1967,MAURICE,37,37,0
1967,MAURIZIO,26,26,0
1967,MAURO,25,25,0
1967,MAX,5,5,0
1967,MAXWELL,9,9,0
1967,MASSIMO,15,15,0
1967,MELVIN,19,19,0
1967,MARCO,64,64,0
1967,MARCEL,51,51,0
1967,LONNIE,10,10,0
1967,LORENZO,13,13,0
1967,LORIS,13,13,0
1967,LORNE,41,41,0
1967,LOUIE,7,7,0
1967,LOUIS,52,52,0
1967,LUC,55,55,0
1967,LUCIANO,26,26,0
1967,MARCELLO,18,18,0
1967,LUCIEN,5,5,0
1967,LUIGI,56,56,0
1967,LUIS,14,14,0
1967,LUKE,10,10,0
1967,LYLE,16,16,0
1967,MALCOLM,23,23,0
1967,MALE,13,13,0
1967,MANUEL,21,21,0
1967,MARC,244,244,0
1967,LUCIO,5,5,0
1967,MERVIN,5,5,0
1967,MERVYN,6,6,0
1967,MICHAEL,2685,2685,0
1967,NICOLINO,7,7,0
1967,NICOLO,8,8,0
1967,NIGEL,12,12,0
1967,NIKOLAOS,6,6,0
1967,NINO,9,9,0
1967,NOAH,7,7,0
1967,NOEL,20,20,0
1967,NORMAN,146,146,0
1967,NICOLAS,6,6,0
1967,NORMAND,21,21,0
1967,OSCAR,10,10,0
1967,OSVALDO,5,5,0
1967,OWEN,18,18,0
1967,PANAGIOTIS,7,7,0
1967,PAOLO,70,70,0
1967,PASQUALE,42,42,0
1967,PASQUALINO,8,8,0
1967,PATRICK,411,411,0
1967,OLIVER,21,21,0
1967,NICO,5,5,0
1967,NICKY,7,7,0
1967,NICK,37,37,0
1967,MICHEAL,121,121,0
1967,MICHEL,135,135,0
1967,MIGUEL,9,9,0
1967,MIKE,38,38,0
1967,MILAN,7,7,0
1967,MILES,16,16,0
1967,MILTON,6,6,0
1967,MIRKO,5,5,0
1967,MITCHELL,25,25,0
1967,MORGAN,13,13,0
1967,MORRIS,7,7,0
1967,MURRAY,79,79,0
1967,MYLES,10,10,0
1967,MYRON,7,7,0
1967,NATHAN,10,10,0
1967,NEAL,13,13,0
1967,NEIL,150,150,0
1967,NELSON,40,40,0
1967,NICHOLAS,70,70,0
1967,PAULO,20,20,0
1967,ENRICO,14,14,0
1967,EMMANUEL,6,6,0
1967,EMILIO,17,17,0
1967,UMBERTO,7,7,0
1967,TYRONE,5,5,0
1967,TYLER,17,17,0
1967,TROY,130,130,0
1967,TREVOR,190,190,0
1967,TRENT,12,12,0
1967,TRAVIS,21,21,0
1967,TONY,84,84,0
1967,VALENTINO,5,5,0
1967,TONINO,10,10,0
1967,TOMMASO,14,14,0
1967,TOM,16,16,0
1967,TODD,372,372,0
1967,TOD,9,9,0
1967,TIMOTHY,904,904,0
1967,TIMMY,18,18,0
1967,TIM,9,9,0
1967,TIBOR,6,6,0
1967,TOMMY,31,31,0
1967,THOMAS,696,696,0
1967,VASILIOS,10,10,0
1967,VICTOR,89,89,0
1967,WINSTON,10,10,0
1967,WILLIE,5,5,0
1967,WILLIAM,1222,1222,0
1967,WILLARD,8,8,0
1967,WILFRED,10,10,0
1967,WILBERT,9,9,0
1967,WESLEY,55,55,0
1967,WAYNE,355,355,0
1967,VERNON,24,24,0
1967,WARREN,82,82,0
1967,WALTER,114,114,0
1967,WALLACE,12,12,0
1967,WADE,41,41,0
1967,VITTORIO,9,9,0
1967,VITO,23,23,0
1967,VINCENZO,83,83,0
1967,VINCENT,97,97,0
1967,VINCE,6,6,0
1967,WARD,6,6,0
1967,THEODORE,38,38,0
1967,TERRENCE,43,43,0
1967,TERRANCE,71,71,0
1967,ALASTAIR,6,6,0
1967,ALBERT,82,82,0
1967,ALBERTO,8,8,0
1967,ALDO,19,19,0
1967,ALESSANDRO,7,7,0
1967,ALEX,20,20,0
1967,ALEXANDER,135,135,0
1967,ALFONSO,7,7,0
1967,ALAN,167,167,0
1967,ALFRED,41,41,0
1967,ALLAIN,7,7,0
1967,ALLAN,266,266,0
1967,ALLEN,76,76,0
1967,ALVIN,8,8,0
1967,AMOS,5,5,0
1967,ANASTASIOS,9,9,0
1967,ANDRE,104,104,0
1967,ANDRÉ,6,6,0
1967,ALFREDO,6,6,0
1967,ALAIN,42,42,0
1967,AGOSTINO,11,11,0
1967,ADRIANO,10,10,0
1967,TERENCE,31,31,0
1967,TEDDY,8,8,0
1967,TED,11,11,0
1967,TADEUSZ,6,6,0
1967,SYLVAIN,15,15,0
1967,SYDNEY,6,6,0
1967,STUART,106,106,0
1967,STEWART,36,36,0
1967,STEVEN,1180,1180,0
1967,STEVE,61,61,0
1967,STEPHEN,931,931,0
1967,STEPHANE,22,22,0
1967,STEPHAN,29,29,0
1967,YVONNE,109,0,109
1967,STEFANO,27,27,0
1967,AARON,52,52,0
1967,ABRAHAM,6,6,0
1967,ADAM,61,61,0
1967,ADRIAN,54,54,0
1967,YVAN,6,6,0
1967,ANDREAS,22,22,0
1967,YVES,20,20,0
1967,ZOLTAN,5,5,0
1967,BEATRICE,12,0,12
1967,BARBRA,16,0,16
1967,BARBARA-ANN,8,0,8
1967,BARBARA,441,0,441
1967,BABY,517,305,212
1967,AUDREY,47,0,47
1967,AUDRA,34,0,34
1967,ATHANASIA,6,0,6
1967,BECKY,9,0,9
1967,ASSUNTA,25,0,25
1967,APRIL,96,0,96
1967,ANTONINA,9,0,9
1967,ANTONIETTA,61,0,61
1967,ANTONIA,10,0,10
1967,ANTONELLA,39,0,39
1967,ANTOINETTE,7,0,7
1967,ANNUNZIATA,6,0,6
1967,ANNIE,22,0,22
1967,ARLENE,57,0,57
1967,ANNETTE,157,0,157
1967,BELINDA,25,0,25
1967,BERNICE,22,0,22
1967,CANDACE,22,0,22
1967,CAMILLE,7,0,7
1967,CAITLIN,7,0,7
1967,BROOKE,6,0,6
1967,BRIGITTE,35,0,35
1967,BRIDGET,23,0,23
1967,BRENDA,440,0,440
1967,BONNY,6,0,6
1967,BERNADETTE,39,0,39
1967,BONNIE,214,0,214
1967,BOBBI-JO,6,0,6
1967,BOBBI,6,0,6
1967,BIRGIT,7,0,7
1967,BEVERLY,79,0,79
1967,BEVERLEY,59,0,59
1967,BETTY,65,0,65
1967,BETTINA,9,0,9
1967,BETH,23,0,23
1967,BONITA,12,0,12
1967,ANNEMARIE,8,0,8
1967,ANNE-MARIE,26,0,26
1967,ANNE,231,0,231
1967,ALLYSON,30,0,30
1967,ALLISON,80,0,80
1967,ALISON,137,0,137
1967,ALISA,9,0,9
1967,ALICIA,13,0,13
1967,ALICE,36,0,36
1967,ALEXANDRA,52,0,52
1967,ALBA,8,0,8
1967,ALYSON,8,0,8
1967,ALANNA,17,0,17
1967,AILEEN,13,0,13
1967,AGNES,6,0,6
1967,ADRIENNE,40,0,40
1967,ADRIANA,17,0,17
1967,ADELINA,6,0,6
1967,ADELE,23,0,23
1967,ADA,7,0,7
1967,STEFAN,17,17,0
1967,ALANA,10,0,10
1967,AMALIA,7,0,7
1967,AMANDA,74,0,74
1967,AMBER,13,0,13
1967,ANNAMARIA,7,0,7
1967,ANNA-MARIE,12,0,12
1967,ANNA-MARIA,12,0,12
1967,ANNA,298,0,298
1967,ANN-MARIE,18,0,18
1967,ANN,167,0,167
1967,ANITA,187,0,187
1967,ANGIE,6,0,6
1967,ANGELINE,6,0,6
1967,ANGELINA,24,0,24
1967,ANGELE,16,0,16
1967,ANGELA,564,0,564
1967,ANDREA,379,13,366
1967,ANDRA,6,0,6
1967,ANASTASIA,25,0,25
1967,ANABELA,6,0,6
1967,ANA,33,0,33
1967,AMY,66,0,66
1967,AMELIA,8,0,8
1967,YVON,17,17,0
1967,ANDREW,748,748,0
1967,ANDY,15,15,0
1967,ANGELO,95,95,0
1967,DAREN,23,23,0
1967,DARIN,59,59,0
1967,DARIO,7,7,0
1967,DARREL,11,11,0
1967,DARRELL,34,34,0
1967,DARREN,267,267,0
1967,DARRIN,100,100,0
1967,DARRON,5,5,0
1967,D'ARCY,8,8,0
1967,DARRYL,206,206,0
1967,DARWIN,15,15,0
1967,DARYL,55,55,0
1967,DARYN,5,5,0
1967,DAVE,13,13,0
1967,DAVID,2990,2990,0
1967,DAVIDE,12,12,0
1967,DEAN,263,263,0
1967,DELBERT,5,5,0
1967,DARRYN,5,5,0
1967,DEMETRIOS,10,10,0
1967,DANY,12,12,0
1967,DANNY,119,119,0
1967,CONSTANTINE,5,5,0
1967,COREY,17,17,0
1967,CORNELIUS,5,5,0
1967,CORRADO,16,16,0
1967,CORY,9,9,0
1967,COSIMO,13,13,0
1967,CRAIG,288,288,0
1967,CRISTOPHER,8,8,0
1967,DANTE,5,5,0
1967,CURTIS,41,41,0
1967,DAMON,6,6,0
1967,DAN,7,7,0
1967,DANE,6,6,0
1967,DANIAL,9,9,0
1967,DANIEL,881,881,0
1967,DANIELE,25,25,0
1967,DANILO,6,6,0
1967,DANNIEL,5,5,0
1967,CYRIL,10,10,0
1967,DENIS,102,102,0
1967,DENNIS,227,227,0
1967,DENNY,5,5,0
1967,DYLAN,7,7,0
1967,EARL,34,34,0
1967,EDDIE,5,5,0
1967,EDDY,11,11,0
1967,EDGAR,15,15,0
1967,EDMOND,5,5,0
1967,EDMUND,8,8,0
1967,EDWARD,419,419,0
1967,DWIGHT,34,34,0
1967,EDWIN,23,23,0
1967,ELIAS,9,9,0
1967,ELIO,5,5,0
1967,ELLIOTT,5,5,0
1967,ELMER,9,9,0
1967,ELVIS,8,8,0
1967,EMANUEL,11,11,0
1967,EMANUELE,9,9,0
1967,EMILE,7,7,0
1967,ELDON,7,7,0
1967,DWAYNE,99,99,0
1967,DWANE,5,5,0
1967,DWAIN,8,8,0
1967,DEREK,147,147,0
1967,DERMOT,6,6,0
1967,DERRICK,76,76,0
1967,DESMOND,7,7,0
1967,DIEGO,8,8,0
1967,DIMITRIOS,23,23,0
1967,DINO,66,66,0
1967,DION,7,7,0
1967,DIRK,9,9,0
1967,DOMENIC,19,19,0
1967,DOMENICO,73,73,0
1967,DOMINIC,16,16,0
1967,DON,7,7,0
1967,DONALD,573,573,0
1967,DONATO,18,18,0
1967,DOUGLAS,567,567,0
1967,DREW,24,24,0
1967,DUANE,54,54,0
1967,DUNCAN,38,38,0
1967,CONRAD,12,12,0
1967,COLLIN,13,13,0
1967,COLIN,107,107,0
1967,CLYDE,6,6,0
1967,BENNY,6,6,0
1967,BENOIT,13,13,0
1967,BERNARD,66,66,0
1967,BERNHARD,7,7,0
1967,BERT,7,7,0
1967,BILL,24,24,0
1967,BILLY,8,8,0
1967,BLAINE,28,28,0
1967,BENJAMIN,32,32,0
1967,BLAIR,64,64,0
1967,BOBBY,15,15,0
1967,BOHDAN,9,9,0
1967,BORYS,5,5,0
1967,BOY,6,6,0
1967,BOYD,8,8,0
1967,BRAD,5,5,0
1967,BRADFORD,6,6,0
1967,BRADLEY,339,339,0
1967,BLAKE,32,32,0
1967,BENITO,6,6,0
1967,BARTON,6,6,0
1967,BART,6,6,0
1967,ANGUS,16,16,0
1967,ANTE,7,7,0
1967,ANTHONY,359,359,0
1967,ANTON,10,10,0
1967,ANTONINO,26,26,0
1967,ANTONIO,221,221,0
1967,ANTONIOS,5,5,0
1967,ANTONY,12,12,0
1967,ARCHIE,5,5,0
1967,ARMAND,13,13,0
1967,ARMANDO,5,5,0
1967,ARNOLD,26,26,0
1967,ARTHUR,85,85,0
1967,ASHLEY,6,6,0
1967,ATHANASIOS,13,13,0
1967,AUBREY,9,9,0
1967,AUSTIN,10,10,0
1967,BARRIE,5,5,0
1967,BARRY,160,160,0
1967,BRADLY,7,7,0
1967,CANDY,8,0,8
1967,BRANT,9,9,0
1967,BRENT,214,214,0
1967,CHARLIE,5,5,0
1967,CHISTOPHER,6,6,0
1967,CHRIS,35,35,0
1967,CHRIST,7,7,0
1967,CHRISTIAN,54,54,0
1967,CHRISTOPHER,1317,1317,0
1967,CHRISTOS,15,15,0
1967,CLARENCE,22,22,0
1967,CHARLES,278,278,0
1967,CLARK,15,15,0
1967,CLAUDE,52,52,0
1967,CLAUDIO,48,48,0
1967,CLAY,5,5,0
1967,CLAYTON,24,24,0
1967,CLEMENT,7,7,0
1967,CLIFFORD,60,60,0
1967,CLINT,7,7,0
1967,CLINTON,30,30,0
1967,CLARKE,5,5,0
1967,CHAD,34,34,0
1967,CESARE,5,5,0
1967,CECIL,12,12,0
1967,BRET,6,6,0
1967,BRETT,85,85,0
1967,BRIAN,1060,1060,0
1967,BRUCE,252,252,0
1967,BRUNO,45,45,0
1967,BRYAN,107,107,0
1967,BRYCE,9,9,0
1967,BRYON,6,6,0
1967,BYRON,16,16,0
1967,CALOGERO,6,6,0
1967,CALVIN,31,31,0
1967,CAMERON,66,66,0
1967,CARL,106,106,0
1967,CARLO,40,40,0
1967,CARLOS,24,24,0
1967,CARMELO,22,22,0
1967,CARMINE,30,30,0
1967,CARY,13,13,0
1967,CASEY,8,8,0
1967,BRENDAN,13,13,0
1967,ZENA,6,0,6
1967,LEE,166,101,65
1968,GILLIAN,52,0,52
1968,PAOLO,66,66,0
1968,PARRY,6,6,0
1968,PASQUALE,43,43,0
1968,PASQUALINO,11,11,0
1968,PATRICK,391,391,0
1968,PAUL,1436,1436,0
1968,PAULO,17,17,0
1968,PERCY,9,9,0
1968,PANAGIOTIS,17,17,0
1968,PERRY,35,35,0
1968,PETER,906,906,0
1968,PETROS,6,6,0
1968,PHILIP,221,221,0
1968,PHILIPPE,11,11,0
1968,PHILLIP,53,53,0
1968,PIERO,19,19,0
1968,PIERRE,100,100,0
1968,PIETRO,58,58,0
1968,PETAR,5,5,0
1968,OWEN,20,20,0
1968,OTTAVIO,5,5,0
1968,OSCAR,6,6,0
1968,NEVILLE,5,5,0
1968,NICHOLAS,94,94,0
1968,NICK,44,44,0
1968,NICKOLAOS,7,7,0
1968,NICKOLAS,9,9,0
1968,NICOLAOS,5,5,0
1968,NICOLAS,7,7,0
1968,NICOLINO,9,9,0
1968,NIGEL,11,11,0
1968,NIKOLA,5,5,0
1968,NIKOLAOS,11,11,0
1968,NIKOLAS,7,7,0
1968,NINO,7,7,0
1968,NOEL,32,32,0
1968,NORBERT,6,6,0
1968,NORMAN,117,117,0
1968,NORMAND,18,18,0
1968,NOT,5,5,0
1968,OLIVER,22,22,0
1968,PRESTON,5,5,0
1968,QUINN,6,6,0
1968,RAFFAELE,30,30,0
1968,RALPH,60,60,0
1968,ROCCO,37,37,0
1968,ROCH,12,12,0
1968,ROCK,6,6,0
1968,RODERICK,34,34,0
1968,RODGER,12,12,0
1968,RODNEY,174,174,0
1968,ROGER,167,167,0
1968,ROLAND,37,37,0
1968,ROLF,6,6,0
1968,ROLLAND,8,8,0
1968,ROMAN,14,14,0
1968,ROMEO,7,7,0
1968,RON,10,10,0
1968,RONALD,602,602,0
1968,RONNIE,14,14,0
1968,RONNY,8,8,0
1968,RORY,12,12,0
1968,ROSARIO,18,18,0
1968,ROSS,66,66,0
1968,ROBERTO,159,159,0
1968,NELSON,59,59,0
1968,ROBERT,2563,2563,0
1968,ROBBIE,33,33,0
1968,RANDAL,27,27,0
1968,RANDALL,62,62,0
1968,RANDOLPH,33,33,0
1968,RANDY,185,185,0
1968,RAY,11,11,0
1968,RAYMOND,250,250,0
1968,REAL,5,5,0
1968,REGINALD,40,40,0
1968,REJEAN,8,8,0
1968,REMO,14,14,0
1968,RENATO,7,7,0
1968,RICARDO,12,12,0
1968,RICCARDO,14,14,0
1968,RICHARD,1269,1269,0
1968,RICK,13,13,0
1968,RICKEY,8,8,0
1968,RICKY,53,53,0
1968,RINO,5,5,0
1968,RITCHIE,6,6,0
1968,ROBBY,5,5,0
1968,NEIL,111,111,0
1968,NEAL,21,21,0
1968,NATHAN,17,17,0
1968,LEWIS,8,8,0
1968,LIAM,9,9,0
1968,LINO,7,7,0
1968,LIONEL,12,12,0
1968,LLOYD,47,47,0
1968,LONNIE,14,14,0
1968,LONNY,8,8,0
1968,LOREN,5,5,0
1968,LORENZO,25,25,0
1968,LORIS,5,5,0
1968,LORNE,49,49,0
1968,LOUIE,7,7,0
1968,LOUIS,78,78,0
1968,LUC,41,41,0
1968,LUCA,5,5,0
1968,LUCIANO,23,23,0
1968,LUCIEN,9,9,0
1968,LUCIO,5,5,0
1968,LUIGI,87,87,0
1968,LEVI,6,6,0
1968,LUIS,16,16,0
1968,LEROY,5,5,0
1968,LEONARD,98,98,0
1968,GINA,59,0,59
1968,KIRBY,7,7,0
1968,KIRK,90,90,0
1968,KONSTANTINOS,22,22,0
1968,KOSTANTINOS,5,5,0
1968,KRIS,5,5,0
1968,KRISTOPHER,7,7,0
1968,KURT,27,27,0
1968,KURTIS,6,6,0
1968,KYLE,49,49,0
1968,LANCE,41,41,0
1968,LARRY,113,113,0
1968,LAURENCE,8,8,0
1968,LAURENT,8,8,0
1968,LAURIER,5,5,0
1968,LAWRENCE,123,123,0
1968,LENARD,6,6,0
1968,LEO,34,34,0
1968,LEON,20,20,0
1968,LEONARDO,22,22,0
1968,ROY,84,84,0
1968,LUKE,11,11,0
1968,LYNDON,6,6,0
1968,MAURO,31,31,0
1968,MELVIN,17,17,0
1968,MERVIN,5,5,0
1968,MICHAEL,2749,2749,0
1968,MICHEAL,106,106,0
1968,MICHEL,131,131,0
1968,MIGUEL,10,10,0
1968,MIKE,42,42,0
1968,MILES,8,8,0
1968,MIRKO,6,6,0
1968,MITCHELL,29,29,0
1968,MONTE,5,5,0
1968,MORGAN,11,11,0
1968,MORLEY,5,5,0
1968,MORRIS,11,11,0
1968,MOSES,5,5,0
1968,MURRAY,78,78,0
1968,MYLES,5,5,0
1968,NATALE,7,7,0
1968,MAURIZIO,27,27,0
1968,LYLE,12,12,0
1968,MAURICE,35,35,0
1968,MATTEO,9,9,0
1968,MALCOLM,26,26,0
1968,MALE,10,10,0
1968,MANUEL,20,20,0
1968,MARC,237,237,0
1968,MARCEL,48,48,0
1968,MARCELLO,22,22,0
1968,MARCO,82,82,0
1968,MARCUS,14,14,0
1968,MARIANO,5,5,0
1968,MARIO,110,110,0
1968,MARK,1364,1364,0
1968,MARKO,8,8,0
1968,MARKUS,6,6,0
1968,MARSHALL,13,13,0
1968,MARTIN,195,195,0
1968,MARTY,16,16,0
1968,MARVIN,9,9,0
1968,MASSIMO,14,14,0
1968,MATHEW,32,32,0
1968,MATTHEW,212,212,0
1968,RUDOLF,5,5,0
1968,RUDY,8,8,0
1968,RUI,8,8,0
1968,VERA,18,0,18
1968,VASILIKI,11,0,11
1968,VANESSA,46,0,46
1968,VALERIE,152,0,152
1968,VALERIA,6,0,6
1968,URSULA,8,0,8
1968,TRUDY,45,0,45
1968,TRUDI,6,0,6
1968,TRINA,25,0,25
1968,TRICIA,13,0,13
1968,TRACY,597,25,572
1968,TRACIE,21,0,21
1968,TRACI,17,0,17
1968,TRACEY,492,8,484
1968,TONYA,21,0,21
1968,TONIA,7,0,7
1968,TONI,19,0,19
1968,TOBI,6,0,6
1968,TIZIANA,8,0,8
1968,VERNA,12,0,12
1968,TINA-MARIE,7,0,7
1968,VERONICA,49,0,49
1968,VICKIE,14,0,14
1968,YVAN,5,5,0
1968,YVES,20,20,0
1968,YVON,17,17,0
1968,YVONNE,88,0,88
1968,YVETTE,16,0,16
1968,WILMA,11,0,11
1968,WILHELMINA,6,0,6
1968,WENDY,438,0,438
1968,WENDI,15,0,15
1968,WANDA,85,0,85
1968,VIVIAN,19,0,19
1968,VITTORIA,15,0,15
1968,VIRGINIA,61,0,61
1968,VIOLET,10,0,10
1968,VINCENZINA,6,0,6
1968,VINCENZA,18,0,18
1968,VIKKI,6,0,6
1968,VICTORIA,153,0,153
1968,VICKY,22,0,22
1968,VICKI,60,0,60
1968,WOLFGANG,5,5,0
1968,TINA,365,0,365
1968,THERESSA,15,0,15
1968,SYLVIE,84,0,84
1968,SYLVIA,66,0,66
1968,SUZY,9,0,9
1968,SUZETTE,14,0,14
1968,SUZANNE,257,0,257
1968,SUZAN,8,0,8
1968,SUSY,13,0,13
1968,KEVIN,1079,1079,0
1968,SUSANNA,19,0,19
1968,SUSANA,8,0,8
1968,SUSAN,952,0,952
1968,SUE,13,0,13
1968,STEPHANIE,334,0,334
1968,STELLA,25,0,25
1968,STEFANIE,12,0,12
1968,STEFANIA,8,0,8
1968,STAVROULA,10,0,10
1968,STACY,68,21,47
1968,STACIE,7,0,7
1968,TABATHA,12,0,12
1968,TIFFANY,21,0,21
1968,TAMARA,195,0,195
1968,TAMI,18,0,18
1968,THERESE,19,0,19
1968,THERESA,137,0,137
1968,THEODORA,7,0,7
1968,TERRY,253,211,42
1968,TERRIE,7,0,7
1968,TERRI-LYNN,8,0,8
1968,TERRI-ANN,6,0,6
1968,TERRI,105,0,105
1968,TERI,9,0,9
1968,TERESA,306,0,306
1968,TEENA,17,0,17
1968,TARA,94,0,94
1968,TANYA,135,0,135
1968,TANJA,10,0,10
1968,TANIA,58,0,58
1968,TAMMY-LYNN,9,0,9
1968,TAMMY,772,0,772
1968,TAMMIE,24,0,24
1968,TAMMI,25,0,25
1968,TAMATHA,8,0,8
1968,AARON,45,45,0
1968,WINSTON,8,8,0
1968,WILLIAM,1130,1130,0
1968,SIDNEY,15,15,0
1968,SILVANO,5,5,0
1968,SILVIO,15,15,0
1968,SIMON,46,46,0
1968,SONNY,6,6,0
1968,SPENCER,14,14,0
1968,STANLEY,70,70,0
1968,STEFAN,23,23,0
1968,STEFANO,26,26,0
1968,STEPHAN,29,29,0
1968,STEPHANE,55,55,0
1968,STEPHEN,852,852,0
1968,STEVAN,8,8,0
1968,STEVE,48,48,0
1968,STEVEN,1066,1066,0
1968,STEWART,42,42,0
1968,STUART,69,69,0
1968,SYDNEY,11,11,0
1968,SYLVAIN,23,23,0
1968,SHELDON,28,28,0
1968,TED,19,19,0
1968,SHAYNE,17,17,0
1968,SHANE,108,108,0
1968,RUSSEL,12,12,0
1968,RUSSELL,90,90,0
1968,RYAN,36,36,0
1968,SALVATORE,87,87,0
1968,SAM,8,8,0
1968,SAMMY,9,9,0
1968,SAMUEL,59,59,0
1968,SANDOR,5,5,0
1968,SANDRO,27,27,0
1968,SANFORD,6,6,0
1968,SANTINO,7,7,0
1968,SANTO,5,5,0
1968,SAVERIO,11,11,0
1968,SCOT,14,14,0
1968,SCOTT,782,782,0
1968,SEAN,566,566,0
1968,SEBASTIANO,13,13,0
1968,SERGE,20,20,0
1968,SERGIO,23,23,0
1968,SHAUN,60,60,0
1968,WILLIS,5,5,0
1968,TEDDY,6,6,0
1968,TERRANCE,51,51,0
1968,VASILIOS,7,7,0
1968,VAUGHAN,5,5,0
1968,VERNON,21,21,0
1968,VICTOR,117,117,0
1968,VINCENT,85,85,0
1968,VINCENZO,85,85,0
1968,VITO,46,46,0
1968,VITTORIO,14,14,0
1968,VLADIMIR,8,8,0
1968,WADE,40,40,0
1968,WALLACE,17,17,0
1968,WALTER,116,116,0
1968,WARREN,107,107,0
1968,WAYNE,319,319,0
1968,WENDELL,6,6,0
1968,WERNER,5,5,0
1968,WESLEY,53,53,0
1968,WILFRED,20,20,0
1968,WILLARD,6,6,0
1968,VANCE,7,7,0
1968,TERENCE,72,72,0
1968,VALENTINO,6,6,0
1968,TYLER,23,23,0
1968,TERRENCE,54,54,0
1968,THEODORE,49,49,0
1968,THEODOROS,5,5,0
1968,THOMAS,607,607,0
1968,TIM,6,6,0
1968,TIMMY,16,16,0
1968,TIMOTHY,736,736,0
1968,TOBY,8,8,0
1968,TOD,11,11,0
1968,TODD,434,434,0
1968,TOM,23,23,0
1968,TOMMASO,20,20,0
1968,TOMMY,26,26,0
1968,TONINO,6,6,0
1968,TONY,84,84,0
1968,TRAVIS,33,33,0
1968,TRENT,11,11,0
1968,TREVOR,227,227,0
1968,TROY,151,151,0
1968,TYRONE,8,8,0
1968,STACEY,179,30,149
1968,ABRAHAM,13,13,0
1968,ADAM,76,76,0
1968,GARY,385,385,0
1968,GARTH,15,15,0
1968,GARRY,54,54,0
1968,GARNET,16,16,0
1968,GARETT,5,5,0
1968,GAETANO,21,21,0
1968,GAETAN,10,10,0
1968,GABRIELE,7,7,0
1968,GASPARE,8,8,0
1968,GABRIEL,8,8,0
1968,FREDERICK,108,108,0
1968,FREDERIC,5,5,0
1968,FRED,10,10,0
1968,FRASER,24,24,0
1968,FRANZ,6,6,0
1968,FRANKLIN,25,25,0
1968,FRANKIE,7,7,0
1968,FRANK,196,196,0
1968,FREDRICK,16,16,0
1968,GAVIN,25,25,0
1968,GENE,10,10,0
1968,GENNARO,7,7,0
1968,GLEN,205,205,0
1968,GIUSEPPE,203,203,0
1968,GIULIO,10,10,0
1968,GIOVANNI,121,121,0
1968,GIORGIO,14,14,0
1968,GINO,27,27,0
1968,GILLES,45,45,0
1968,GILBERT,20,20,0
1968,GIANNI,37,37,0
1968,GIANCARLO,10,10,0
1968,GIACOMO,7,7,0
1968,GHISLAIN,5,5,0
1968,GERRY,13,13,0
1968,GERARDO,10,10,0
1968,GERARD,35,35,0
1968,GERALD,184,184,0
1968,GEORGIOS,6,6,0
1968,GEORGE,396,396,0
1968,GEOFFREY,129,129,0
1968,FRANCOIS,17,17,0
1968,FRANCO,90,90,0
1968,FRANCISCO,5,5,0
1968,FRANCESCO,104,104,0
1968,ENRICO,19,19,0
1968,EMILIO,13,13,0
1968,ELWOOD,6,6,0
1968,ELVIS,7,7,0
1968,ELLIOTT,6,6,0
1968,ELIO,7,7,0
1968,ELIAS,10,10,0
1968,ELDON,5,5,0
1968,EDWIN,26,26,0
1968,EDWARD,333,333,0
1968,EDUARDO,8,8,0
1968,EDMUND,10,10,0
1968,EDMOND,9,9,0
1968,EDGAR,8,8,0
1968,EDDY,9,9,0
1968,EARLE,5,5,0
1968,EARL,36,36,0
1968,DWIGHT,22,22,0
1968,DWAYNE,121,121,0
1968,ENZO,24,24,0
1968,GLENN,180,180,0
1968,ERIC,237,237,0
1968,ERICK,5,5,0
1968,FLOYD,15,15,0
1968,FILIPPO,21,21,0
1968,FERNANDO,18,18,0
1968,FERNAND,8,8,0
1968,FERDINANDO,7,7,0
1968,FELIX,5,5,0
1968,FELICE,10,10,0
1968,FAUSTO,5,5,0
1968,FABRIZIO,12,12,0
1968,FABIO,26,26,0
1968,EVERETT,5,5,0
1968,EVAN,23,23,0
1968,EUGENIO,13,13,0
1968,EUGENE,31,31,0
1968,ERWIN,6,6,0
1968,ERROL,9,9,0
1968,ERNESTO,7,7,0
1968,ERNEST,64,64,0
1968,ERIK,28,28,0
1968,ERICH,5,5,0
1968,GORDON,269,269,0
1968,GRAEME,15,15,0
1968,GRAHAM,61,61,0
1968,JOHN-PAUL,10,10,0
1968,JOHNNY,46,46,0
1968,JOHNATHAN,6,6,0
1968,JOHN,2185,2185,0
1968,JOHANNES,13,13,0
1968,JOHAN,6,6,0
1968,JOEY,15,15,0
1968,JOESPH,5,5,0
1968,JOE,22,22,0
1968,JOAO,17,17,0
1968,JIMMY,37,37,0
1968,JIM,14,14,0
1968,JESSE,11,11,0
1968,JERRY,67,67,0
1968,JEROME,15,15,0
1968,JEREMY,38,38,0
1968,JEFFRY,10,10,0
1968,JEFFREY,920,920,0
1968,JEFFORY,6,6,0
1968,JON,43,43,0
1968,JEFFERY,344,344,0
1968,JONATHAN,153,153,0
1968,JORDAN,17,17,0
1968,KEVEN,5,5,0
1968,KENTON,7,7,0
1968,KENT,41,41,0
1968,KENNY,7,7,0
1968,KENNETH,640,640,0
1968,KEN,12,12,0
1968,KELVIN,15,15,0
1968,KEITH,215,215,0
1968,KARL,48,48,0
1968,KAI,7,7,0
1968,JUSTIN,26,26,0
1968,JULIAN,10,10,0
1968,JULES,7,7,0
1968,JUAN,6,6,0
1968,JOSIP,5,5,0
1968,JOSHUA,11,11,0
1968,JOSEPHE,5,5,0
1968,JOSEPH,2094,2094,0
1968,JOSE,46,46,0
1968,JONATHON,16,16,0
1968,DUNCAN,31,31,0
1968,JEFFERSON,7,7,0
1968,JEAN-PIERRE,8,8,0
1968,HERBERT,20,20,0
1968,HENRY,67,67,0
1968,HENRI,9,9,0
1968,HENDRIK,6,6,0
1968,HEINRICH,5,5,0
1968,HEATH,7,7,0
1968,HARVEY,27,27,0
1968,HARRY,45,45,0
1968,HARRIS,5,5,0
1968,HAROLD,58,58,0
1968,HANS,9,9,0
1968,GUY,94,94,0
1968,GUS,11,11,0
1968,GUIDO,7,7,0
1968,GREGORY,571,571,0
1968,GREGG,7,7,0
1968,GREG,8,8,0
1968,GRAYDON,5,5,0
1968,GRANT,132,132,0
1968,HERMAN,5,5,0
1968,JEFFEREY,5,5,0
1968,HOWARD,68,68,0
1968,HUGH,36,36,0
1968,JEAN-PAUL,14,14,0
1968,JEAN-MARC,7,7,0
1968,JEAN-GUY,5,5,0
1968,JEAN-FRANCOIS,5,5,0
1968,JEAN-CLAUDE,7,7,0
1968,JAY,57,57,0
1968,JASON,318,318,0
1968,JARROD,11,11,0
1968,JAMES,1668,1668,0
1968,JACQUES,22,22,0
1968,JACOB,18,18,0
1968,JACK,45,45,0
1968,IVO,5,5,0
1968,IVANO,5,5,0
1968,IVAN,54,54,0
1968,ISAAC,12,12,0
1968,IGNAZIO,9,9,0
1968,IAN,273,273,0
1968,IAIN,16,16,0
1968,HUBERT,12,12,0
1968,DUANE,82,82,0
1968,DREW,16,16,0
1968,DOUGLAS,494,494,0
1968,BOYD,9,9,0
1968,BOY,6,6,0
1968,BORIS,9,9,0
1968,BOHDAN,7,7,0
1968,BOBBY,12,12,0
1968,BLAKE,20,20,0
1968,BLAIR,71,71,0
1968,BLAINE,16,16,0
1968,BLAIN,5,5,0
1968,BILLY,8,8,0
1968,BILL,16,16,0
1968,BERNARDO,7,7,0
1968,BERNARD,63,63,0
1968,BENNY,6,6,0
1968,BENJAMIN,65,65,0
1968,BASIL,10,10,0
1968,BARTON,5,5,0
1968,BARTOLOMEO,7,7,0
1968,BART,9,9,0
1968,BRAD,12,12,0
1968,BARRY,154,154,0
1968,BRADFORD,13,13,0
1968,BRADLY,6,6,0
1968,CAMERON,65,65,0
1968,CALVIN,38,38,0
1968,CALOGERO,11,11,0
1968,BYRON,13,13,0
1968,BRYON,5,5,0
1968,BRYCE,9,9,0
1968,BRYANT,6,6,0
1968,BRYAN,153,153,0
1968,BRUNO,56,56,0
1968,BRUCE,243,243,0
1968,BROCK,9,9,0
1968,BRIAN,952,952,0
1968,BRETT,70,70,0
1968,BRET,6,6,0
1968,BRENTON,8,8,0
1968,BRENT,177,177,0
1968,BRENDAN,35,35,0
1968,BRANT,7,7,0
1968,BRANDON,11,11,0
1968,BRADLEY,373,373,0
1968,CARL,104,104,0
1968,BARRIE,5,5,0
1968,ATHANASIOS,12,12,0
1968,ALLAN,204,204,0
1968,ALISTAIR,7,7,0
1968,ALFREDO,12,12,0
1968,ALFRED,31,31,0
1968,ALFONSO,10,10,0
1968,ALEXANDER,141,141,0
1968,ALEX,16,16,0
1968,ALESSANDRO,15,15,0
1968,ALEC,5,5,0
1968,ALDO,18,18,0
1968,ALBERTO,15,15,0
1968,ALBERT,81,81,0
1968,ALASTAIR,5,5,0
1968,ALAN,157,157,0
1968,ALAIN,42,42,0
1968,AGOSTINO,6,6,0
1968,ADRIEN,5,5,0
1968,ADRIANO,10,10,0
1968,ADRIAN,45,45,0
1968,ALLEN,64,64,0
1968,AURELIO,5,5,0
1968,ALVIN,11,11,0
1968,ANASTASIOS,14,14,0
1968,ASHLEY,7,7,0
1968,ARTHUR,69,69,0
1968,ARNOLD,19,19,0
1968,ARMANDO,9,9,0
1968,ARMAND,5,5,0
1968,ARI,5,5,0
1968,ARCHIE,6,6,0
1968,ANTONY,16,16,0
1968,ANTONIOS,5,5,0
1968,ANTONIO,273,273,0
1968,ANTONINO,24,24,0
1968,ANTON,9,9,0
1968,ANTHONY,385,385,0
1968,ANGUS,13,13,0
1968,ANGELO,81,81,0
1968,ANDY,18,18,0
1968,ANDREW,750,750,0
1968,ANDREAS,18,18,0
1968,ANDRE,96,96,0
1968,AMERICO,5,5,0
1968,ABRAM,7,7,0
1968,CARLO,51,51,0
1968,CARLTON,5,5,0
1968,DAVID,2724,2724,0
1968,DARYN,9,9,0
1968,DARYL,45,45,0
1968,DARWIN,8,8,0
1968,DARRYL,147,147,0
1968,DARRON,5,5,0
1968,DARRIN,87,87,0
1968,DARREN,423,423,0
1968,DARRELL,58,58,0
1968,DARREL,12,12,0
1968,DARRAN,6,6,0
1968,DARKO,5,5,0
1968,DARIO,6,6,0
1968,DARIN,28,28,0
1968,DAREN,23,23,0
1968,D'ARCY,9,9,0
1968,DANNY,133,133,0
1968,DANIELE,23,23,0
1968,DANIEL,804,804,0
1968,DAVIDE,15,15,0
1968,DANIAL,5,5,0
1968,DEAN,301,301,0
1968,DEMETRIOS,15,15,0
1968,DONOVAN,5,5,0
1968,DONATO,20,20,0
1968,DONALD,545,545,0
1968,DON,11,11,0
1968,DOMINIC,18,18,0
1968,DOMENICO,109,109,0
1968,DOMENIC,16,16,0
1968,DIRK,10,10,0
1968,DION,6,6,0
1968,DINO,65,65,0
1968,DIMITRIOS,16,16,0
1968,DEVIN,7,7,0
1968,DESMOND,7,7,0
1968,DERYCK,5,5,0
1968,DERRICK,41,41,0
1968,DEREK,183,183,0
1968,DENNY,8,8,0
1968,DENNIS,198,198,0
1968,DENIS,85,85,0
1968,DELBERT,7,7,0
1968,CARLOS,28,28,0
1968,DANE,5,5,0
1968,DAMIANO,5,5,0
1968,CLAUDE,60,60,0
1968,CLARK,7,7,0
1968,CLARENCE,17,17,0
1968,CHRISTOS,15,15,0
1968,CHRISTOPHER,1451,1451,0
1968,CHRISTIAN,73,73,0
1968,CHRIST,6,6,0
1968,CHRIS,51,51,0
1968,CHARLIE,6,6,0
1968,CHARLES,247,247,0
1968,CHADWICK,7,7,0
1968,CHAD,20,20,0
1968,CESARE,9,9,0
1968,CECIL,15,15,0
1968,CASEY,11,11,0
1968,CARY,30,30,0
1968,CARMINE,34,34,0
1968,CARMELO,19,19,0
1968,CARMAN,8,8,0
1968,CLAUDIO,32,32,0
1968,DAN,14,14,0
1968,CLAYTON,38,38,0
1968,CLINTON,32,32,0
1968,DAMIAN,6,6,0
1968,DALTON,8,8,0
1968,CYRUS,5,5,0
1968,CYRIL,5,5,0
1968,CURTIS,42,42,0
1968,CRISTOPHER,7,7,0
1968,CRAIG,314,314,0
1968,COSTANTINO,5,5,0
1968,COSIMO,7,7,0
1968,CORY,29,29,0
1968,CORRADO,22,22,0
1968,CORNELIUS,16,16,0
1968,COREY,26,26,0
1968,CONSTANTINOS,11,11,0
1968,CONSTANTINE,10,10,0
1968,CONRAD,17,17,0
1968,COLLIN,9,9,0
1968,COLIN,137,137,0
1968,CLYDE,6,6,0
1968,CLIFFORD,69,69,0
1968,SOPHIE,14,0,14
1968,SUSANNE,88,0,88
1968,SONYA,68,0,68
1968,ALICE,42,0,42
1968,ALICIA,14,0,14
1968,ALINE,10,0,10
1968,ALISA,12,0,12
1968,ALISON,123,0,123
1968,ALLISON,69,0,69
1968,ALLYSON,17,0,17
1968,ALYSON,12,0,12
1968,AMANDA,109,0,109
1968,AMBER,9,0,9
1968,AMELIA,6,0,6
1968,AMY,81,0,81
1968,ANA,27,0,27
1968,ANASTASIA,27,0,27
1968,ANDRA,8,0,8
1968,ANDREA,346,10,336
1968,ANDREE,7,0,7
1968,ANDRIA,7,0,7
1968,ANGEL,6,0,6
1968,ALEXANDRA,56,0,56
1968,ALESSANDRA,6,0,6
1968,ALANNA,12,0,12
1968,ALANA,24,0,24
1968,GLORIA,41,0,41
1968,GLENNA,10,0,10
1968,GLENDA,19,0,19
1968,GIUSEPPINA,77,0,77
1968,GIULIANA,9,0,9
1968,GIULIA,7,0,7
1968,GISELLE,19,0,19
1968,GISELLA,6,0,6
1968,GISELE,12,0,12
1968,ANGELA,621,0,621
1968,GIOVANNA,62,0,62
1968,GINETTE,22,0,22
1968,ADA,9,0,9
1968,ADELE,19,0,19
1968,ADELINA,6,0,6
1968,ADRIANA,28,0,28
1968,ADRIENNE,42,0,42
1968,AGNES,11,0,11
1968,AILEEN,9,0,9
1968,AIMEE,13,0,13
1968,GINGER,6,0,6
1968,ANGELE,14,0,14
1968,ANGELIKA,6,0,6
1968,ANGELINA,28,0,28
1968,ARLENE,36,0,36
1968,ASSUNTA,16,0,16
1968,ATHENA,9,0,9
1968,AUDRA,24,0,24
1968,AUDREY,49,0,49
1968,AVRIL,6,0,6
1968,BABY,507,272,235
1968,BARBARA,408,0,408
1968,BARBRA,8,0,8
1968,APRIL,82,0,82
1968,BEATRICE,20,0,20
1968,BELINDA,30,0,30
1968,BERNADETTE,27,0,27
1968,BERNADINE,7,0,7
1968,BERNICE,15,0,15
1968,BESSIE,6,0,6
1968,BETH,33,0,33
1968,BETHANY,7,0,7
1968,BETSY,7,0,7
1968,BETTY,72,0,72
1968,BECKY,13,0,13
1968,GORDANA,7,0,7
1968,ANTONINA,10,0,10
1968,ANTONIA,15,0,15
1968,ANGELINE,9,0,9
1968,ANGELIQUE,11,0,11
1968,ANGIE,8,0,8
1968,ANISSA,6,0,6
1968,ANITA,132,0,132
1968,ANN,201,0,201
1968,ANN-MARIE,19,0,19
1968,ANNA,284,0,284
1968,ANNA-MARIA,7,0,7
1968,ANTONIETTA,61,0,61
1968,ANNALISA,7,0,7
1968,ANNE,209,0,209
1968,ANNE-MARIE,25,0,25
1968,ANNEMARIE,9,0,9
1968,ANNETTE,129,0,129
1968,ANNIE,12,0,12
1968,ANNMARIE,6,0,6
1968,ANNUNZIATA,9,0,9
1968,ANTOINETTE,6,0,6
1968,ANTONELLA,35,0,35
1968,ANNAMARIA,13,0,13
1968,BEVERLEY,37,0,37
1968,GRACE,46,0,46
1968,GRAZIELLA,32,0,32
1968,JODI,80,0,80
1968,JOCELYNE,8,0,8
1968,JOCELYN,17,0,17
1968,JOANNE,388,0,388
1968,JOANNA,38,0,38
1968,JOANN,15,0,15
1968,JOAN,65,0,65
1968,JO-ANNE,65,0,65
1968,JO-ANN,22,0,22
1968,JO,8,0,8
1968,JILLIAN,26,0,26
1968,JILL,128,0,128
1968,JESSIE,15,0,15
1968,JESSICA,20,0,20
1968,JENNY,20,0,20
1968,JENNIFER,1091,0,1091
1968,JENIFER,10,0,10
1968,JEANNINE,13,0,13
1968,JEANNIE,14,0,14
1968,JODIE,32,0,32
1968,JODY,142,58,84
1968,JOEL,83,77,6
1968,JOELLE,24,0,24
1968,KARA,16,0,16
1968,JUSTINE,12,0,12
1968,JUNE,30,0,30
1968,JULIETTE,6,0,6
1968,JULIET,7,0,7
1968,JULIE-ANNE,9,0,9
1968,JULIE,471,0,471
1968,JULIANNE,15,0,15
1968,JULIANNA,8,0,8
1968,JEANNETTE,13,0,13
1968,JULIANA,8,0,8
1968,JUDY,87,0,87
1968,JUDITH,125,0,125
1968,JUANITA,18,0,18
1968,JOYCE,46,0,46
1968,JOY,39,0,39
1968,JOSEPHINE,46,0,46
1968,JOSEE,21,0,21
1968,JOHANNE,16,0,16
1968,JOHANNA,18,0,18
1968,JULIA,103,0,103
1968,JEANNE,18,0,18
1968,JEANINE,8,0,8
1968,JEANETTE,39,0,39
1968,IOANNA,6,0,6
1968,INGRID,37,0,37
1968,INFANT,18,7,11
1968,IDA,24,0,24
1968,HOPE,6,0,6
1968,HOLLY,68,0,68
1968,HILDA,6,0,6
1968,HILARY,9,0,9
1968,HENRIETTA,6,0,6
1968,IOLANDA,7,0,7
1968,HELLEN,12,0,12
1968,HELENA,25,0,25
1968,HELEN,147,0,147
1968,HEIDI,99,0,99
1968,HEATHER,582,0,582
1968,HARRIET,6,0,6
1968,HANNAH,11,0,11
1968,GWENDOLYN,12,0,12
1968,GWEN,17,0,17
1968,GRETA,6,0,6
1968,HELENE,32,0,32
1968,GRAZIA,17,0,17
1968,IRENE,69,0,69
1968,ISABEL,12,0,12
1968,JEAN,146,86,60
1968,JAYNE,13,0,13
1968,JAQUELINE,16,0,16
1968,JANIS,21,0,21
1968,JANINE,37,0,37
1968,JANICE,212,0,212
1968,JANEY,7,0,7
1968,JANETTE,24,0,24
1968,JANET,320,0,320
1968,IRIS,8,0,8
1968,JANELLE,6,0,6
1968,JANA,8,0,8
1968,JAN,26,18,8
1968,JAMIE,148,135,13
1968,JACQUELYN,13,0,13
1968,JACQUELINE,350,0,350
1968,JACKIE,11,0,11
1968,IVANA,12,0,12
1968,ISABELLE,13,0,13
1968,ISABELLA,11,0,11
1968,JANE,146,0,146
1968,BEVERLY,93,0,93
1968,BOBBI,6,0,6
1968,BONITA,16,0,16
1968,DOMENICA,19,0,19
1968,DOMINIQUE,17,0,17
1968,DONATELLA,6,0,6
1968,DONNA,408,0,408
1968,DONNA-MARIE,6,0,6
1968,DORA,11,0,11
1968,DOREEN,31,0,31
1968,DORIS,36,0,36
1968,DOROTHY,79,0,79
1968,EDITH,17,0,17
1968,EDNA,7,0,7
1968,EILEEN,27,0,27
1968,ELAINE,102,0,102
1968,ELANA,9,0,9
1968,ELEANOR,31,0,31
1968,ELENA,35,0,35
1968,ELENI,8,0,8
1968,ELISA,23,0,23
1968,ELISABETH,27,0,27
1968,DOLORES,10,0,10
1968,DIONNE,7,0,7
1968,DINA,39,0,39
1968,DIMITRA,11,0,11
1968,DAWNE,6,0,6
1968,DAYNA,7,0,7
1968,DEANA,12,0,12
1968,DEANNA,97,0,97
1968,DEANNE,24,0,24
1968,DEBBIE,111,0,111
1968,DEBORA,25,0,25
1968,DEBORAH,538,0,538
1968,DEBRA,231,0,231
1968,ELISABETTA,27,0,27
1968,DEIDRE,6,0,6
1968,DELLA,7,0,7
1968,DENA,7,0,7
1968,DENISE,316,0,316
1968,DESIREE,8,0,8
1968,DESPINA,7,0,7
1968,DIANA,189,0,189
1968,DIANE,315,0,315
1968,DIANNA,19,0,19
1968,DIANNE,100,0,100
1968,DEIRDRE,19,0,19
1968,ELISE,11,0,11
1968,ELISSA,6,0,6
1968,ELIZABETH,518,0,518
1968,FLORA,6,0,6
1968,FLORENCE,21,0,21
1968,FRANCA,47,0,47
1968,FRANCE,14,0,14
1968,FRANCES,63,0,63
1968,FRANCESCA,36,0,36
1968,FRANCINE,56,0,56
1968,FRANCIS,79,71,8
1968,FRANCOISE,6,0,6
1968,FIONA,40,0,40
1968,FREDA,6,0,6
1968,GABRIELLE,10,0,10
1968,GAIL,88,0,88
1968,GAYLE,26,0,26
1968,GENEVIEVE,18,0,18
1968,GEORGETTE,7,0,7
1968,GEORGIA,22,0,22
1968,GEORGINA,36,0,36
1968,GERALDINE,30,0,30
1968,GERTRUDE,9,0,9
1968,GABRIELLA,18,0,18
1968,DAWN,229,0,229
1968,FILOMENA,29,0,29
1968,FEMALE,8,0,8
1968,ELKE,8,0,8
1968,ELLA,8,0,8
1968,ELLEN,53,0,53
1968,ELSA,13,0,13
1968,ELSIE,12,0,12
1968,ELVIRA,8,0,8
1968,EMILIA,22,0,22
1968,EMILY,33,0,33
1968,EMMA,15,0,15
1968,FERNANDA,9,0,9
1968,ENZA,10,0,10
1968,ERIKA,21,0,21
1968,ERIN,79,0,79
1968,ESTHER,26,0,26
1968,EUGENIA,6,0,6
1968,EVA,54,0,54
1968,EVELYN,32,0,32
1968,FATIMA,11,0,11
1968,FAYE,12,0,12
1968,FELICIA,10,0,10
1968,ERICA,30,0,30
1968,DARLENE,190,0,190
1968,DARLA,10,0,10
1968,DARCY,58,48,10
1968,CAROLINE,143,0,143
1968,CAROLYN,263,0,263
1968,CAROLYNE,10,0,10
1968,CAROLYNN,13,0,13
1968,CARON,8,0,8
1968,CARRIE,180,0,180
1968,CARRIE-ANN,10,0,10
1968,CARRIE-ANNE,9,0,9
1968,CARYN,6,0,6
1968,CAROLIN,10,0,10
1968,CASSANDRA,30,0,30
1968,CATHARINE,77,0,77
1968,CATHERINE,560,0,560
1968,CATHLEEN,9,0,9
1968,CATHRYN,6,0,6
1968,CATHY,66,0,66
1968,CECILE,10,0,10
1968,CECILIA,10,0,10
1968,CELINE,15,0,15
1968,CHANTAL,84,0,84
1968,CATERINA,53,0,53
1968,CHANTALE,15,0,15
1968,CAROLE,89,0,89
1968,CAROL-ANNE,6,0,6
1968,BONNIE,198,0,198
1968,BRENDA,437,0,437
1968,BRENNA,6,0,6
1968,BRIDGET,25,0,25
1968,BRIGETTE,6,0,6
1968,BRIGITTE,25,0,25
1968,CAMILLE,8,0,8
1968,CANDACE,41,0,41
1968,CANDICE,16,0,16
1968,CAROLANN,8,0,8
1968,CANDY,16,0,16
1968,CAREY,21,9,12
1968,CARI,10,0,10
1968,CARLA,83,0,83
1968,CARMEL,6,0,6
1968,CARMELA,51,0,51
1968,CARMELINA,20,0,20
1968,CARMEN,34,0,34
1968,CAROL,292,0,292
1968,CAROL-ANN,12,0,12
1968,CARA,29,0,29
1968,KAREN,1006,0,1006
1968,CHANTELLE,10,0,10
1968,CHARLOTTE,35,0,35
1968,CONCETTINA,14,0,14
1968,CONNIE,131,0,131
1968,CONSTANCE,55,0,55
1968,CORINA,14,0,14
1968,CORINNA,14,0,14
1968,CORINNE,38,0,38
1968,CORRADINA,6,0,6
1968,CORRINA,8,0,8
1968,CORRINE,7,0,7
1968,CONCETTA,31,0,31
1968,CRISTINA,22,0,22
1968,CRYSTAL,74,0,74
1968,CYNTHIA,343,0,343
1968,DAIANA,6,0,6
1968,DALE,166,146,20
1968,DANA,101,9,92
1968,DANIELA,36,0,36
1968,DANIELLE,67,0,67
1968,DAPHNE,22,0,22
1968,DARA,6,0,6
1968,CRISTINE,7,0,7
1968,CHARLENE,135,0,135
1968,COLLEEN,220,0,220
1968,COLEEN,13,0,13
1968,CHARMAINE,31,0,31
1968,CHERI,20,0,20
1968,CHERIE,34,0,34
1968,CHERRY,6,0,6
1968,CHERYL,420,0,420
1968,CHERYL-ANN,6,0,6
1968,CHERYL-LYNN,6,0,6
1968,CHRISTA,18,0,18
1968,CHRISTENA,9,0,9
1968,COLETTE,31,0,31
1968,CHRISTIE,7,0,7
1968,CHRISTINE,826,0,826
1968,CHRISTY,8,0,8
1968,CINDY,292,0,292
1968,CINZIA,6,0,6
1968,CLAIRE,30,0,30
1968,CLARA,23,0,23
1968,CLAUDETTE,20,0,20
1968,CLAUDIA,50,0,50
1968,CLAUDINE,16,0,16
1968,CHRISTINA,224,0,224
1968,KAREY,6,0,6
1968,KARI,30,0,30
1968,KARIN,45,0,45
1968,PATRIZIA,57,0,57
1968,PATRICIA,612,0,612
1968,PATRICE,16,9,7
1968,PATRICA,8,0,8
1968,PASQUALINA,6,0,6
1968,PAOLA,38,0,38
1968,PANAGIOTA,11,0,11
1968,PAMELA,374,0,374
1968,PATSY,9,0,9
1968,PALMA,8,0,8
1968,ORNELLA,11,0,11
1968,OLGA,11,0,11
1968,NORMA,48,0,48
1968,NOREEN,10,0,10
1968,NORA,16,0,16
1968,NOELLE,10,0,10
1968,NOELLA,9,0,9
1968,NINA,20,0,20
1968,PAIGE,12,0,12
1968,NIKKI,7,0,7
1968,PATTI,15,0,15
1968,PAULA,336,0,336
1968,RAQUEL,13,0,13
1968,RAMONA,15,0,15
1968,RAFFAELA,6,0,6
1968,RACHELLE,25,0,25
1968,RACHEL,74,0,74
1968,RACHAEL,7,0,7
1968,PRISCILLA,8,0,8
1968,PINA,10,0,10
1968,PATTY,11,0,11
1968,PIERINA,8,0,8
1968,PETRINA,6,0,6
1968,PETRA,14,0,14
1968,PENNY,121,0,121
1968,PENELOPE,25,0,25
1968,PEGGY,55,0,55
1968,PEARL,6,0,6
1968,PAULINE,98,0,98
1968,PAULETTE,19,0,19
1968,PHYLLIS,21,0,21
1968,REBECCA,158,0,158
1968,NIKI,6,0,6
1968,NICOLA,83,66,17
1968,MICHELLE,953,0,953
1968,MICHELINE,23,0,23
1968,MICHELE,286,67,219
1968,MICHAELA,7,0,7
1968,MIA,6,0,6
1968,SOPHIA,22,0,22
1968,MELODY,30,0,30
1968,MELISSA,229,0,229
1968,MILENA,9,0,9
1968,MELINDA,56,0,56
1968,MELANIE,156,0,156
1968,MEGAN,26,0,26
1968,MAY,9,0,9
1968,MAXINE,10,0,10
1968,MAUREEN,117,0,117
1968,MARYANNE,7,0,7
1968,MARYANN,19,0,19
1968,MARY-JO,6,0,6
1968,MELINA,8,0,8
1968,NICOLE,166,0,166
1968,MIRANDA,14,0,14
1968,MIRIAM,23,0,23
1968,NELLIE,6,0,6
1968,NELLA,7,0,7
1968,NATHALIE,52,0,52
1968,NATASHA,12,0,12
1968,NATALIE,120,0,120
1968,NATALIA,8,0,8
1968,NAOMI,21,0,21
1968,NANETTE,6,0,6
1968,MIRELLA,24,0,24
1968,NANCY,634,0,634
1968,NADIA,67,0,67
1968,MYRNA,16,0,16
1968,MYRA,7,0,7
1968,MONIQUE,116,0,116
1968,MONIKA,17,0,17
1968,MONICA,122,0,122
1968,MONA,29,0,29
1968,MOIRA,7,0,7
1968,NADINE,60,0,60
1968,REGINA,9,0,9
1968,RENA,7,0,7
1968,RENATA,18,0,18
1968,SHELAGH,14,0,14
1968,SHEILA,183,0,183
1968,SHEENA,9,0,9
1968,SHAWNA,34,0,34
1968,SHAWN,474,455,19
1968,SHAUNA,23,0,23
1968,SHARRON,13,0,13
1968,SHARON,326,0,326
1968,SHELLEY,356,0,356
1968,SHARLENE,13,0,13
1968,SHANNON,178,23,155
1968,SERENA,13,0,13
1968,SELINA,8,0,8
1968,SELENA,8,0,8
1968,SARINA,7,0,7
1968,SARI,8,0,8
1968,SARAH,166,0,166
1968,SARA,55,0,55
1968,SHARI,71,0,71
1968,SANTINA,8,0,8
1968,SHELLIE,8,0,8
1968,SHERI,149,0,149
1968,SONJA,39,0,39
1968,SONIA,68,0,68
1968,SOFIA,11,0,11
1968,SIOBHAN,14,0,14
1968,SIMONE,25,0,25
1968,SILVIA,22,0,22
1968,SILVANA,43,0,43
1968,SHONA,13,0,13
1968,SHELLY,121,0,121
1968,SHIRLEY,78,0,78
1968,SHERYL,74,0,74
1968,SHERRY-LYNN,9,0,9
1968,SHERRY,257,0,257
1968,SHERRIE,18,0,18
1968,SHERRI-LYNN,19,0,19
1968,SHERRI-ANN,6,0,6
1968,SHERRI,142,0,142
1968,SHERI-LYNN,8,0,8
1968,SHIELA,7,0,7
1968,SANTA,7,0,7
1968,SANDY,38,19,19
1968,SANDRA,754,0,754
1968,ROSAMARIA,6,0,6
1968,ROSALIND,8,0,8
1968,ROSALIA,13,0,13
1968,ROSALBA,14,0,14
1968,ROSA,96,0,96
1968,RONDA,34,0,34
1968,ROCHELLE,12,0,12
1968,ROBYN,33,0,33
1968,ROSANNA,39,0,39
1968,ROBIN,268,87,181
1968,RITA,99,0,99
1968,RINA,10,0,10
1968,RHONDA,219,0,219
1968,RHONA,7,0,7
1968,RHODA,8,0,8
1968,RENEE,86,0,86
1968,RENE,33,27,6
1968,RENATE,9,0,9
1968,ROBERTA,64,0,64
1968,ROSANNE,26,0,26
1968,ROSARIA,29,0,29
1968,ROSE,62,0,62
1968,SANDI,11,0,11
1968,SAMANTHA,80,0,80
1968,SALLY,40,0,40
1968,SABRINA,22,0,22
1968,SABINA,8,0,8
1968,RUTH,98,0,98
1968,RUBY,17,0,17
1968,ROXANNE,47,0,47
1968,ROXANE,20,0,20
1968,ROSSANA,9,0,9
1968,ROSMARIE,6,0,6
1968,ROSLYN,6,0,6
1968,ROSINA,9,0,9
1968,ROSETTA,21,0,21
1968,ROSEMARY,55,0,55
1968,ROSEMARIE,30,0,30
1968,ROSELLA,8,0,8
1968,ROSEANNE,8,0,8
1968,ROSE-MARIE,7,0,7
1968,MARY-ANNE,10,0,10
1968,MARY-ANN,21,0,21
1968,MEREDITH,7,0,7
1968,MARTINE,11,0,11
1968,LEIGH,60,10,50
1968,LEESA,6,0,6
1968,LEEANNE,18,0,18
1968,LEEANN,9,0,9
1968,LEE-ANNE,11,0,11
1968,LEE-ANN,33,0,33
1968,LEE,148,83,65
1968,LEANNE,134,0,134
1968,LEIGH-ANN,6,0,6
1968,LEANN,8,0,8
1968,LEA,12,0,12
1968,LAURIE-ANN,8,0,8
1968,LAURIE,249,0,249
1968,LAURI,10,0,10
1968,LAUREN,9,0,9
1968,LAUREL,23,0,23
1968,LAUREEN,15,0,15
1968,LAURALEE,7,0,7
1968,LEAH,74,0,74
1968,LAURA-LEE,12,0,12
1968,LEISA,13,0,13
1968,LENORE,8,0,8
1968,LINDA,513,0,513
1968,LINA,32,0,32
1968,LILY,10,0,10
1968,LILLIAN,38,0,38
1968,LILIANA,14,0,14
1968,LILA,8,0,8
1968,LIDIA,13,0,13
1968,LICIA,6,0,6
1968,LENA,15,0,15
1968,LIANNE,33,0,33
1968,LIANA,26,0,26
1968,LIA,6,0,6
1968,LESLIE,239,73,166
1968,LESLI,6,0,6
1968,LESLEY,136,0,136
1968,LESIA,6,0,6
1968,LESA,19,0,19
1968,LEONA,33,0,33
1968,LIANE,16,0,16
1968,LAURA,611,0,611
1968,LARISSA,13,0,13
1968,LARA,41,0,41
1968,KENDRA,12,0,12
1968,KELLY-ANN,15,0,15
1968,KELLY,917,128,789
1968,KELLIE,32,0,32
1968,KELLI,27,0,27
1968,KELLEY,26,0,26
1968,KAY,8,0,8
1968,KATRINA,25,0,25
1968,KERI,13,0,13
1968,KATHY,74,0,74
1968,KATHLEEN,258,0,258
1968,KATHERINE,309,0,309
1968,KATHARINE,22,0,22
1968,KATHARINA,7,0,7
1968,KATE,6,0,6
1968,KARYN,18,0,18
1968,KARRIE,11,0,11
1968,KARLA,14,0,14
1968,KATHRYN,161,0,161
1968,KERRI,49,0,49
1968,KERRI-ANN,7,0,7
1968,KERRI-LYNN,6,0,6
1968,LANA,49,0,49
1968,KYLA,6,0,6
1968,KRISTY,9,0,9
1968,KRISTINE,98,0,98
1968,KRISTINA,40,0,40
1968,KRISTIN,33,0,33
1968,KRISTI,15,0,15
1968,KRISTEN,31,0,31
1968,KRISTA,102,0,102
1968,KONSTANTINA,7,0,7
1968,KIRSTEN,38,0,38
1968,KIMBERLY-ANNE,8,0,8
1968,KIMBERLY-ANN,15,0,15
1968,KIMBERLY,744,0,744
1968,KIMBERLEY,418,0,418
1968,KIMBERLEE,11,0,11
1968,KIM,138,7,131
1968,KERRY,126,30,96
1968,KERRIE,10,0,10
1968,LINDSAY,17,6,11
1968,MARY,910,0,910
1968,KIETH,6,6,0
1968,LUANNE,7,0,7
1968,LUCINDA,8,0,8
1968,LUCILLE,12,0,12
1968,LUCIE,22,0,22
1968,LUCIANA,9,0,9
1968,LUCIA,81,0,81
1968,MARGO,12,0,12
1968,LUANA,11,0,11
1968,LOUISE,120,0,120
1968,LUCY,53,0,53
1968,LOUISA,8,0,8
1968,LORRIE,30,0,30
1968,LORRI,12,0,12
1968,LORRAINE,109,0,109
1968,LORNA,43,0,43
1968,LORIE,33,0,33
1968,LORIANNE,6,0,6
1968,LORIANN,7,0,7
1968,LORI-LYNN,6,0,6
1968,LOUANNE,7,0,7
1968,LORI-ANNE,18,0,18
1968,LUISA,35,0,35
1968,LYNDA,101,0,101
1968,MARGARET,269,0,269
1968,MARCY,13,0,13
1968,MARCIE,9,0,9
1968,MARCIA,37,0,37
1968,MARCI,6,0,6
1968,MARCELLA,11,0,11
1968,MARA,18,0,18
1968,MANUELA,17,0,17
1968,LYDIA,27,0,27
1968,MANON,17,0,17
1968,MAE,6,0,6
1968,MADELINE,6,0,6
1968,MADDALENA,9,0,9
1968,LYSE,7,0,7
1968,LYNNE,65,0,65
1968,LYNN,182,0,182
1968,LYNETTE,16,0,16
1968,LYNE,13,0,13
1968,MANDY,15,0,15
1968,MARGARIDA,7,0,7
1968,LORI-ANN,32,0,32
1968,LORETTA,46,0,46
1968,MARIJA,6,0,6
1968,MARILENA,10,0,10
1968,MARILYN,78,0,78
1968,MARINA,28,0,28
1968,MARION,41,0,41
1968,MARISA,51,0,51
1968,LINE,14,0,14
1968,MARJORIE,40,0,40
1968,MARIE-ANNE,6,0,6
1968,MARLA,38,0,38
1968,MARLO,9,0,9
1968,MARNEY,6,0,6
1968,MARNI,16,0,16
1968,MARNIE,43,0,43
1968,MARSHA,17,0,17
1968,MARTA,12,0,12
1968,MARTHA,65,0,65
1968,MARTINA,11,0,11
1968,MARLENE,64,0,64
1968,LORI,494,0,494
1968,MARIE,1449,0,1449
1968,MARIANNA,13,0,13
1968,LORENA,17,0,17
1968,LORELLA,9,0,9
1968,LORELEI,17,0,17
1968,LOREEN,8,0,8
1968,LOREDANA,21,0,21
1968,LORAINE,9,0,9
1968,LORA,27,0,27
1968,LOIS,27,0,27
1968,MARIANNE,50,0,50
1968,LIZA,28,0,28
1968,LISETTE,6,0,6
1968,LISE,74,0,74
1968,LISA-ANN,6,0,6
1968,LISA,1773,0,1773
1968,MARGOT,14,0,14
1968,MARGUERITE,6,0,6
1968,MARIA,518,0,518
1968,MARIAN,20,0,20
1968,LISSA,7,0,7
1968,MARGHERITA,13,0,13
1969,BOBBY,5,5,0
1969,ANTONIO,217,217,0
1969,BLAKE,26,26,0
1969,BLAIR,61,61,0
1969,BLAINE,24,24,0
1969,BILLY,13,13,0
1969,BILL,26,26,0
1969,BERT,6,6,0
1969,BERNARD,54,54,0
1969,BENOIT,6,6,0
1969,BENNY,5,5,0
1969,BENJAMIN,55,55,0
1969,BEN,7,7,0
1969,BORIS,8,8,0
1969,BARTLEY,6,6,0
1969,BARRY,138,138,0
1969,AUSTIN,6,6,0
1969,AUBREY,6,6,0
1969,ATHANASIOS,21,21,0
1969,ASHLEY,7,7,0
1969,ARTHUR,72,72,0
1969,ARNOLD,20,20,0
1969,ARMANDO,8,8,0
1969,ANTUN,5,5,0
1969,ANTONY,18,18,0
1969,ANTONIOS,8,8,0
1969,BART,9,9,0
1969,BASIL,7,7,0
1969,GUIDO,11,11,0
1969,BRAD,11,11,0
1969,GIORGIO,5,5,0
1969,GINO,39,39,0
1969,GILLES,31,31,0
1969,GILBERT,15,15,0
1969,GIL,5,5,0
1969,GIANNI,33,33,0
1969,GIANFRANCO,6,6,0
1969,GIANCARLO,7,7,0
1969,GIACOMO,11,11,0
1969,GERRY,19,19,0
1969,GERARDO,9,9,0
1969,GERARD,35,35,0
1969,GERALD,186,186,0
1969,GEORGES,7,7,0
1969,GEORGE,386,386,0
1969,GIOVANNI,115,115,0
1969,GEOFFREY,143,143,0
1969,GIROLAMO,5,5,0
1969,GIULIO,6,6,0
1969,GUY,79,79,0
1969,GUS,11,11,0
1969,GUISEPPE,8,8,0
1969,ANTONINO,20,20,0
1969,GREGORY,624,624,0
1969,GREGORIO,5,5,0
1969,GREGG,9,9,0
1969,GREG,10,10,0
1969,GRANT,117,117,0
1969,GRAHAM,70,70,0
1969,GRAEME,17,17,0
1969,GORDON,236,236,0
1969,GLENN,194,194,0
1969,GLEN,233,233,0
1969,GIUSEPPE,212,212,0
1969,GIULIANO,5,5,0
1969,HANK,5,5,0
1969,GENNARO,5,5,0
1969,GAVIN,22,22,0
1969,FRANCOIS,23,23,0
1969,FRANCO,97,97,0
1969,FRANCISCO,14,14,0
1969,FRANCESCO,132,132,0
1969,FLOYD,7,7,0
1969,FILIPPO,15,15,0
1969,FERNANDO,16,16,0
1969,FERNAND,11,11,0
1969,FERDINANDO,7,7,0
1969,FELICE,13,13,0
1969,FEDERICO,5,5,0
1969,FAUSTO,5,5,0
1969,FABRIZIO,20,20,0
1969,FABIO,14,14,0
1969,FABIAN,8,8,0
1969,FRANK,214,214,0
1969,GENE,17,17,0
1969,FRANKIE,6,6,0
1969,FRANZ,8,8,0
1969,GARY,316,316,0
1969,GARTH,15,15,0
1969,GARRY,46,46,0
1969,GARRETT,7,7,0
1969,GARNET,21,21,0
1969,GARFIELD,7,7,0
1969,GAETANO,18,18,0
1969,GAETAN,9,9,0
1969,GABRIELE,17,17,0
1969,GABRIEL,15,15,0
1969,FREDRICK,15,15,0
1969,FREDERICK,103,103,0
1969,FREDERIC,7,7,0
1969,FRED,15,15,0
1969,FRASER,13,13,0
1969,FRANKLIN,20,20,0
1969,HANS,15,15,0
1969,HARLEY,10,10,0
1969,HAROLD,73,73,0
1969,JOHN,2095,2095,0
1969,JOHANNES,6,6,0
1969,JOHANN,6,6,0
1969,JOEY,33,33,0
1969,JOESPH,6,6,0
1969,JOEL,101,101,0
1969,JOE,23,23,0
1969,JOAO,20,20,0
1969,JIMMY,54,54,0
1969,JIM,30,30,0
1969,JESSE,18,18,0
1969,JERRY,64,64,0
1969,JERROLD,9,9,0
1969,JEROME,11,11,0
1969,JEREMY,68,68,0
1969,JOHNATHAN,11,11,0
1969,JEFFRY,7,7,0
1969,JOHNNY,48,48,0
1969,JON,32,32,0
1969,KELVIN,6,6,0
1969,KEITH,170,170,0
1969,KARL,64,64,0
1969,JUSTIN,42,42,0
1969,JULIAN,19,19,0
1969,JULES,5,5,0
1969,JUAN,5,5,0
1969,JOSHUA,24,24,0
1969,JOSEPH,1976,1976,0
1969,JOSE,38,38,0
1969,JORGE,10,10,0
1969,JORDAN,37,37,0
1969,JONATHON,15,15,0
1969,JONATHAN,200,200,0
1969,JONAS,6,6,0
1969,JOHN-PAUL,6,6,0
1969,JEFFREY,960,960,0
1969,JEFFERY,388,388,0
1969,JEFFERSON,12,12,0
1969,IRA,8,8,0
1969,IOANNIS,7,7,0
1969,IAN,325,325,0
1969,IAIN,20,20,0
1969,HUGH,35,35,0
1969,HUBERT,9,9,0
1969,HOWARD,45,45,0
1969,HERMAN,12,12,0
1969,HERBERT,32,32,0
1969,HENRY,73,73,0
1969,HENRI,6,6,0
1969,HENDRIK,8,8,0
1969,HEATH,8,8,0
1969,HARVEY,17,17,0
1969,HARRY,36,36,0
1969,ISAAC,8,8,0
1969,IVAN,48,48,0
1969,IVANO,5,5,0
1969,IVO,5,5,0
1969,JEFFEREY,12,12,0
1969,JEFF,9,9,0
1969,JEAN-PIERRE,9,9,0
1969,JEAN-PAUL,21,21,0
1969,JEAN-MARC,7,7,0
1969,JEAN-CLAUDE,6,6,0
1969,JAYSON,13,13,0
1969,EVERETT,9,9,0
1969,JAY,82,82,0
1969,JARROD,5,5,0
1969,JARED,9,9,0
1969,JAMES,1639,1639,0
1969,JACQUES,24,24,0
1969,JACOB,24,24,0
1969,JACK,45,45,0
1969,J,8,8,0
1969,JASON,757,757,0
1969,EVANGELOS,7,7,0
1969,EVAN,21,21,0
1969,EUGENIO,17,17,0
1969,CORRADO,10,10,0
1969,CORNELIUS,7,7,0
1969,COREY,132,132,0
1969,CONSTANTINOS,6,6,0
1969,CONSTANTINE,10,10,0
1969,CONRAD,20,20,0
1969,COLLIN,13,13,0
1969,COLIN,159,159,0
1969,CLYDE,5,5,0
1969,CLINTON,41,41,0
1969,CLINT,10,10,0
1969,CLIFFORD,53,53,0
1969,CLAYTON,30,30,0
1969,CLAUDIO,39,39,0
1969,CLAUDE,49,49,0
1969,CORY,139,139,0
1969,CLARKE,6,6,0
1969,COSIMO,8,8,0
1969,CRISTOPHER,9,9,0
1969,DARIO,11,11,0
1969,DARIN,39,39,0
1969,DAREN,11,11,0
1969,D'ARCY,9,9,0
1969,DANY,7,7,0
1969,DANTE,8,8,0
1969,DANNY,122,122,0
1969,DANIELE,21,21,0
1969,DANIEL,867,867,0
1969,DANIAL,9,9,0
1969,DAN,7,7,0
1969,DAMIAN,7,7,0
1969,CYRIL,7,7,0
1969,CURTIS,43,43,0
1969,CURT,6,6,0
1969,CRAIG,403,403,0
1969,CLARENCE,24,24,0
1969,CHRISTOS,14,14,0
1969,CHRISTOPHER,1563,1563,0
1969,BRYCE,6,6,0
1969,BRYAN,171,171,0
1969,BRUNO,37,37,0
1969,BRUCE,198,198,0
1969,BROCK,11,11,0
1969,BRIAN,876,876,0
1969,BRETT,80,80,0
1969,BRENTON,9,9,0
1969,BRENT,203,203,0
1969,BRENDON,6,6,0
1969,BRENDAN,27,27,0
1969,BRANDON,11,11,0
1969,BRADLY,7,7,0
1969,BRADLEY,426,426,0
1969,BRADFORD,5,5,0
1969,BYRON,17,17,0
1969,CALOGERO,12,12,0
1969,CALVIN,35,35,0
1969,CAMERON,96,96,0
1969,CHRISTIAN,77,77,0
1969,CHRISTIAAN,5,5,0
1969,CHRIST,6,6,0
1969,CHRIS,38,38,0
1969,CHARLES,281,281,0
1969,CHADWICK,15,15,0
1969,CHAD,48,48,0
1969,DARNELL,6,6,0
1969,CECIL,8,8,0
1969,CARSON,5,5,0
1969,CARMINE,24,24,0
1969,CARMELO,23,23,0
1969,CARLOS,26,26,0
1969,CARLO,52,52,0
1969,CARL,102,102,0
1969,CAMPBELL,6,6,0
1969,CARY,23,23,0
1969,BOYD,7,7,0
1969,DARREL,9,9,0
1969,DARREN,398,398,0
1969,EDWARD,390,390,0
1969,EDUARDO,15,15,0
1969,EDOARDO,5,5,0
1969,EDMUND,16,16,0
1969,EDMOND,10,10,0
1969,EDGAR,19,19,0
1969,EDDY,9,9,0
1969,EDDIE,7,7,0
1969,EARLE,5,5,0
1969,EARL,30,30,0
1969,DYLAN,8,8,0
1969,DWIGHT,30,30,0
1969,DWAYNE,176,176,0
1969,DWAIN,7,7,0
1969,DUSTIN,7,7,0
1969,EDWIN,28,28,0
1969,DUNCAN,24,24,0
1969,ELI,6,6,0
1969,ELIO,6,6,0
1969,EUGENE,38,38,0
1969,ERNESTO,6,6,0
1969,ERNEST,47,47,0
1969,ERIK,36,36,0
1969,ERICK,7,7,0
1969,ERIC,245,245,0
1969,ENZO,24,24,0
1969,ENRICO,15,15,0
1969,EMMANUEL,7,7,0
1969,EMILIO,16,16,0
1969,EMILE,5,5,0
1969,EMERSON,5,5,0
1969,EMANUEL,13,13,0
1969,ELVIS,7,7,0
1969,ELLIOTT,7,7,0
1969,ELIAS,13,13,0
1969,DUANE,100,100,0
1969,DREW,18,18,0
1969,DRAGAN,7,7,0
1969,DERECK,7,7,0
1969,DENNY,13,13,0
1969,DENNIS,230,230,0
1969,DENIS,77,77,0
1969,DEMETRIOS,7,7,0
1969,DELBERT,7,7,0
1969,DECLAN,5,5,0
1969,DEAN,270,270,0
1969,DAVIDE,26,26,0
1969,DAVID,2701,2701,0
1969,DAVE,18,18,0
1969,DARYL,66,66,0
1969,DARWIN,11,11,0
1969,DARRYL,140,140,0
1969,DARRIN,60,60,0
1969,DEREK,372,372,0
1969,DERICK,8,8,0
1969,DERRICK,43,43,0
1969,DERYK,6,6,0
1969,DOUGLAS,506,506,0
1969,DONOVAN,12,12,0
1969,DONATO,19,19,0
1969,DONALD,520,520,0
1969,DON,19,19,0
1969,DOMINIC,23,23,0
1969,DOMENICO,101,101,0
1969,DARRELL,62,62,0
1969,DOMENIC,18,18,0
1969,DION,9,9,0
1969,DINO,65,65,0
1969,DIMITRIOS,21,21,0
1969,DIETER,6,6,0
1969,DIEGO,5,5,0
1969,DEVIN,12,12,0
1969,DESMOND,16,16,0
1969,DIRK,9,9,0
1969,ANTON,13,13,0
1969,MARCEL,56,56,0
1969,ANGUS,10,10,0
1969,WYATT,6,6,0
1969,YVAN,16,16,0
1969,YVES,27,27,0
1969,YVON,19,19,0
1969,ZOLTAN,8,8,0
1969,RUDY,11,11,0
1969,ROY,82,82,0
1969,ROSS,58,58,0
1969,ROSARIO,18,18,0
1969,RORY,26,26,0
1969,RONNY,8,8,0
1969,RONNIE,20,20,0
1969,RONALD,607,607,0
1969,RON,10,10,0
1969,ROMEO,12,12,0
1969,ROMAN,12,12,0
1969,ROLLAND,6,6,0
1969,WINSTON,9,9,0
1969,ROLAND,45,45,0
1969,WILLIAM,1087,1087,0
1969,WILFRED,17,17,0
1969,VERNON,12,12,0
1969,VICTOR,85,85,0
1969,VINCENT,121,121,0
1969,VINCENZO,110,110,0
1969,VITO,45,45,0
1969,VITTORIO,9,9,0
1969,VLADIMIR,6,6,0
1969,WADE,48,48,0
1969,WALLACE,10,10,0
1969,WALLY,7,7,0
1969,WALTER,104,104,0
1969,WARD,5,5,0
1969,WARREN,100,100,0
1969,WAYNE,299,299,0
1969,WENDELL,7,7,0
1969,WERNER,5,5,0
1969,WESLEY,37,37,0
1969,WILFRID,6,6,0
1969,VAUGHN,5,5,0
1969,ROGER,162,162,0
1969,RODNEY,155,155,0
1969,RAYMOND,211,211,0
1969,RAY,8,8,0
1969,RAVI,7,7,0
1969,RANDY,180,180,0
1969,RANDOLPH,32,32,0
1969,RANDALL,40,40,0
1969,RANDAL,31,31,0
1969,RALPH,50,50,0
1969,RAFFAELE,23,23,0
1969,QUINN,8,8,0
1969,QUENTIN,7,7,0
1969,PRESTON,10,10,0
1969,PINO,11,11,0
1969,PIETRO,46,46,0
1969,PIERRE,86,86,0
1969,PIERO,10,10,0
1969,PHILLIP,53,53,0
1969,REAL,5,5,0
1969,RODOLFO,5,5,0
1969,REGINALD,33,33,0
1969,REJEAN,10,10,0
1969,RODGER,12,12,0
1969,RODERICK,31,31,0
1969,ROCCO,47,47,0
1969,ROBERTO,161,161,0
1969,ROBERT,2625,2625,0
1969,ROBBY,11,11,0
1969,ROBBIE,46,46,0
1969,ROBB,5,5,0
1969,RINO,12,12,0
1969,RICKY,46,46,0
1969,RICKEY,6,6,0
1969,RICK,18,18,0
1969,RICHARD,1194,1194,0
1969,RICCARDO,9,9,0
1969,RICARDO,12,12,0
1969,RENATO,15,15,0
1969,REMO,18,18,0
1969,REID,5,5,0
1969,VASILIOS,14,14,0
1969,VANCE,15,15,0
1969,VALENTINO,7,7,0
1969,SHELDON,31,31,0
1969,SHON,7,7,0
1969,SIDNEY,8,8,0
1969,SILVANO,5,5,0
1969,SILVIO,14,14,0
1969,SIMON,58,58,0
1969,SONNY,6,6,0
1969,SPENCER,10,10,0
1969,SPIRO,5,5,0
1969,SPIROS,8,8,0
1969,STANLEY,61,61,0
1969,STAVROS,8,8,0
1969,STEFAN,33,33,0
1969,STEFANO,23,23,0
1969,STEFANOS,7,7,0
1969,STEPHAN,39,39,0
1969,STEPHANE,85,85,0
1969,SHAYNE,20,20,0
1969,STÉPHANE,8,8,0
1969,SHAUN,42,42,0
1969,SETH,5,5,0
1969,RUI,7,7,0
1969,RUPERT,9,9,0
1969,RUSSEL,8,8,0
1969,RUSSELL,104,104,0
1969,RYAN,54,54,0
1969,SALVATORE,88,88,0
1969,SAM,9,9,0
1969,SAMUEL,69,69,0
1969,SANDRO,22,22,0
1969,SANTO,10,10,0
1969,SAVERIO,11,11,0
1969,SCOT,11,11,0
1969,SCOTT,956,956,0
1969,SEAN,570,570,0
1969,SEBASTIANO,10,10,0
1969,SERGE,25,25,0
1969,SERGIO,26,26,0
1969,SHANE,155,155,0
1969,STEPHEN,872,872,0
1969,STEVE,66,66,0
1969,STEVEN,1193,1193,0
1969,TOM,18,18,0
1969,TOMAS,5,5,0
1969,TOMISLAV,7,7,0
1969,TOMMASO,15,15,0
1969,TOMMY,37,37,0
1969,TONINO,8,8,0
1969,TONY,84,84,0
1969,TRAVIS,35,35,0
1969,TRENT,14,14,0
1969,TREVER,5,5,0
1969,TREVOR,235,235,0
1969,TROY,151,151,0
1969,TY,5,5,0
1969,TYLER,30,30,0
1969,TYRONE,6,6,0
1969,TYSON,7,7,0
1969,UMBERTO,7,7,0
1969,TODD,406,406,0
1969,TOD,11,11,0
1969,TOBIAS,5,5,0
1969,TIMOTHY,673,673,0
1969,STEWART,36,36,0
1969,STUART,77,77,0
1969,SUNIL,7,7,0
1969,SVEN,7,7,0
1969,SYDNEY,12,12,0
1969,SYLVAIN,22,22,0
1969,TARAS,5,5,0
1969,TED,18,18,0
1969,PHILIPPE,22,22,0
1969,TEDDY,5,5,0
1969,TERENCE,86,86,0
1969,TERRANCE,58,58,0
1969,TERRENCE,44,44,0
1969,THEODORE,41,41,0
1969,THEODOROS,6,6,0
1969,THOMAS,647,647,0
1969,TIM,5,5,0
1969,TIMMY,11,11,0
1969,TERANCE,5,5,0
1969,ANTHONY,349,349,0
1969,PHILIP,227,227,0
1969,PETAR,5,5,0
1969,LEVI,5,5,0
1969,LEROY,10,10,0
1969,LEONIDAS,5,5,0
1969,LEONARDO,20,20,0
1969,LEONARD,108,108,0
1969,LEON,22,22,0
1969,LEO,40,40,0
1969,LENARD,6,6,0
1969,LAWRENCE,113,113,0
1969,LAURENT,9,9,0
1969,LAURENCE,14,14,0
1969,LARS,9,9,0
1969,LARRY,144,144,0
1969,LANCE,43,43,0
1969,KYLE,44,44,0
1969,KURTIS,5,5,0
1969,KURT,39,39,0
1969,LEWIS,7,7,0
1969,KRISTOPHER,13,13,0
1969,LIAM,5,5,0
1969,LINO,8,8,0
1969,LYNDON,6,6,0
1969,LYLE,35,35,0
1969,LUKE,16,16,0
1969,LUIS,6,6,0
1969,LUIGI,67,67,0
1969,LUCIO,5,5,0
1969,LUCIEN,9,9,0
1969,LUCIANO,16,16,0
1969,LUC,54,54,0
1969,LOUIS,74,74,0
1969,LORNE,55,55,0
1969,LORIS,5,5,0
1969,LORENZO,16,16,0
1969,LONNY,9,9,0
1969,LONNIE,11,11,0
1969,LLOYD,54,54,0
1969,LIONEL,15,15,0
1969,LINCOLN,6,6,0
1969,MALCOLM,19,19,0
1969,KRISTIAN,6,6,0
1969,KORY,9,9,0
1969,ALEX,15,15,0
1969,ALEXANDER,126,126,0
1969,ALFONSO,13,13,0
1969,ALFRED,35,35,0
1969,ALFREDO,16,16,0
1969,ALLAN,154,154,0
1969,ALLEN,72,72,0
1969,ALPHONSE,5,5,0
1969,ALVIN,20,20,0
1969,AMERICO,6,6,0
1969,ANASTASIOS,9,9,0
1969,ANDRE,113,113,0
1969,ANDRÉ,8,8,0
1969,ANDREAS,15,15,0
1969,ANDREW,747,747,0
1969,ANDY,23,23,0
1969,ANGELO,79,79,0
1969,ALESSANDRO,12,12,0
1969,KRIS,7,7,0
1969,ALDO,19,19,0
1969,ALBERT,89,89,0
1969,KONSTANTINOS,15,15,0
1969,KLAUS,5,5,0
1969,KIRK,89,89,0
1969,KEVIN,1137,1137,0
1969,KEVEN,6,6,0
1969,KENTON,5,5,0
1969,KENT,36,36,0
1969,KENNY,7,7,0
1969,KENNETH,603,603,0
1969,AARON,78,78,0
1969,ABRAHAM,14,14,0
1969,ADAM,89,89,0
1969,ADRIAN,56,56,0
1969,ADRIANO,17,17,0
1969,AGOSTINO,7,7,0
1969,ALAIN,68,68,0
1969,ALAN,142,142,0
1969,ALBERTO,17,17,0
1969,MALE,6,6,0
1969,MANUEL,22,22,0
1969,MARC,284,284,0
1969,NOAH,5,5,0
1969,NINO,8,8,0
1969,NIKOLAOS,9,9,0
1969,NIKOLA,10,10,0
1969,NIGEL,8,8,0
1969,NICOLO,6,6,0
1969,NICOLAS,15,15,0
1969,NICKY,6,6,0
1969,NICKOLAS,9,9,0
1969,NICKOLAOS,10,10,0
1969,NICK,39,39,0
1969,NICHOLAS,81,81,0
1969,NEVILLE,5,5,0
1969,NELSON,55,55,0
1969,NEIL,164,164,0
1969,NEAL,43,43,0
1969,NATHANIEL,5,5,0
1969,NOEL,30,30,0
1969,NATHAN,20,20,0
1969,NORBERT,8,8,0
1969,NORMAND,25,25,0
1969,PERRY,32,32,0
1969,PAULO,25,25,0
1969,PAUL,1379,1379,0
1969,PATRIZIO,5,5,0
1969,PATRICK,439,439,0
1969,PASQUALINO,5,5,0
1969,PASQUALE,36,36,0
1969,PAOLO,85,85,0
1969,PANAGIOTIS,11,11,0
1969,OWEN,16,16,0
1969,OTTO,5,5,0
1969,OSCAR,11,11,0
1969,ORVILLE,5,5,0
1969,ORLANDO,5,5,0
1969,OMAR,8,8,0
1969,OLIVER,26,26,0
1969,NUNZIO,5,5,0
1969,NORMAN,135,135,0
1969,NATALE,6,6,0
1969,MYLES,6,6,0
1969,MURRAY,75,75,0
1969,MATHEW,19,19,0
1969,MASSIMO,8,8,0
1969,MARVIN,21,21,0
1969,MARTYN,5,5,0
1969,MARTY,19,19,0
1969,MARTIN,194,194,0
1969,MARSHALL,17,17,0
1969,MARKUS,7,7,0
1969,MARKO,12,12,0
1969,MARKKU,5,5,0
1969,MARK,1355,1355,0
1969,MARIO,100,100,0
1969,MAREK,5,5,0
1969,MARCUS,15,15,0
1969,MARCO,84,84,0
1969,MARCELLO,24,24,0
1969,KEN,9,9,0
1969,MATTEO,8,8,0
1969,MATTHEW,282,282,0
1969,MAURICE,39,39,0
1969,MAURIZIO,17,17,0
1969,MORRIS,6,6,0
1969,MORGAN,10,10,0
1969,MITCHELL,28,28,0
1969,MIRKO,5,5,0
1969,MILES,6,6,0
1969,MILAN,9,9,0
1969,MIKE,21,21,0
1969,MIGUEL,6,6,0
1969,PETER,817,817,0
1969,MICKEY,6,6,0
1969,MICHEL,126,126,0
1969,MICHEAL,110,110,0
1969,MICHALE,5,5,0
1969,MICHAEL,2740,2740,0
1969,MELVIN,6,6,0
1969,MAXWELL,7,7,0
1969,MAX,8,8,0
1969,MAURO,22,22,0
1969,MICHELANGELO,6,6,0
1969,KENDALL,12,12,0
1969,RUDOLPH,6,6,0
1969,SUZANNE,267,0,267
1969,YVONNE,110,0,110
1969,YVETTE,28,0,28
1969,YOLANDE,6,0,6
1969,YOLANDA,14,0,14
1969,WILMA,9,0,9
1969,WENDY,394,0,394
1969,WENDI,15,0,15
1969,WANDA,81,0,81
1969,VIVIAN,16,0,16
1969,VITTORIA,15,0,15
1969,VITA,7,0,7
1969,VIRGINIA,58,0,58
1969,VIOLET,14,0,14
1969,ZOE,11,0,11
1969,VIOLA,6,0,6
1969,VIKKI,12,0,12
1969,VICTORIA,157,0,157
1969,VICKY,31,0,31
1969,VICKIE,14,0,14
1969,VICKI,76,0,76
1969,VESNA,9,0,9
1969,VERONICA,59,0,59
1969,VERNA,14,0,14
1969,VERA,20,0,20
1969,VASILIKI,17,0,17
1969,VANIA,6,0,6
1969,VANESSA,69,0,69
1969,VANDA,6,0,6
1969,VINCENZA,21,0,21
1969,LORELEI,6,0,6
1969,LOREDANA,14,0,14
1969,LORA,16,0,16
1969,LEEANNE,11,0,11
1969,LEESA,8,0,8
1969,LEIGH,37,5,32
1969,LEILA,6,0,6
1969,LENA,19,0,19
1969,LENORE,10,0,10
1969,LEONA,22,0,22
1969,LESA,7,0,7
1969,LESIA,7,0,7
1969,LESLEY,175,0,175
1969,LESLIE,235,80,155
1969,LIA,8,0,8
1969,LIANA,11,0,11
1969,LIANE,10,0,10
1969,LIANNE,22,0,22
1969,LIDIA,9,0,9
1969,LIISA,12,0,12
1969,LILIANA,11,0,11
1969,LILLIAN,37,0,37
1969,LILY,14,0,14
1969,LINA,47,0,47
1969,LINDA,495,0,495
1969,LINDSAY,18,5,13
1969,LINE,9,0,9
1969,LISA,1782,0,1782
1969,LISE,47,0,47
1969,LISSA,7,0,7
1969,LIZA,36,0,36
1969,LOIS,18,0,18
1969,VALERIE,121,0,121
1969,LEEANN,18,0,18
1969,VALARIE,6,0,6
1969,TRUDY,26,0,26
1969,TANJA,16,0,16
1969,TANIA,84,0,84
1969,TAMRA,10,0,10
1969,TAMMY-LYNN,11,0,11
1969,TAMMY-LEE,8,0,8
1969,TAMMY,1061,0,1061
1969,TAMMIE,30,0,30
1969,TAMMI,16,0,16
1969,TAMI,15,0,15
1969,TAMARA,227,0,227
1969,TABITHA,11,0,11
1969,TABATHA,11,0,11
1969,SYLVIE,63,0,63
1969,TANYA,238,0,238
1969,SYLVIA,69,0,69
1969,SUZETTE,7,0,7
1969,LORENA,14,0,14
1969,SUZANA,10,0,10
1969,SUZAN,13,0,13
1969,SUSY,20,0,20
1969,SUSIE,11,0,11
1969,SUSANNE,108,0,108
1969,SUSANNAH,8,0,8
1969,SUSANNA,21,0,21
1969,SUSANA,8,0,8
1969,SUSAN,977,0,977
1969,SUE,11,0,11
1969,STEPHANIE,355,0,355
1969,SUZY,11,0,11
1969,TARA,174,0,174
1969,TARA-LEE,6,0,6
1969,TEENA,19,0,19
1969,TRISHA,28,0,28
1969,TRINA,37,0,37
1969,TRICIA,79,0,79
1969,TREENA,23,0,23
1969,TRACY-LYNN,9,0,9
1969,TRACY,754,8,746
1969,TRACIE,20,0,20
1969,TRACI,28,0,28
1969,TRACEY,430,10,420
1969,TONYA,32,0,32
1969,TONIA,13,0,13
1969,TONI,12,0,12
1969,TOBY,21,13,8
1969,TOBI,12,0,12
1969,TIZIANA,11,0,11
1969,TINA,358,0,358
1969,TIFFANY,20,0,20
1969,THERESSA,12,0,12
1969,THERESE,13,0,13
1969,THERESA,157,0,157
1969,THEODORA,9,0,9
1969,THEA,6,0,6
1969,TERRY,232,179,53
1969,TERRIE,8,0,8
1969,TERRI-LYNN,15,0,15
1969,TERRI,86,0,86
1969,TERI,19,0,19
1969,TERESA,264,0,264
1969,TENA,8,0,8
1969,URSULA,15,0,15
1969,STELLA,26,0,26
1969,LEE-ANNE,16,0,16
1969,LEE,143,89,54
1969,JODI-LYNN,8,0,8
1969,JODIE,30,0,30
1969,JODY,189,74,115
1969,JOELLE,19,0,19
1969,JOHANNA,22,0,22
1969,JOHANNE,13,0,13
1969,JOSEE,19,0,19
1969,JOSEPHINE,48,0,48
1969,JOSIE,9,0,9
1969,JOY,35,0,35
1969,JOYCE,41,0,41
1969,JUANITA,21,0,21
1969,JUDITH,100,0,100
1969,JODI,106,0,106
1969,JUDY,81,0,81
1969,JULIANA,13,0,13
1969,JULIANNE,23,0,23
1969,JULIE,571,0,571
1969,JULIE-ANN,9,0,9
1969,JULIET,6,0,6
1969,JUNE,27,0,27
1969,JUSTINE,12,0,12
1969,KARA,34,0,34
1969,KAREN,911,0,911
1969,KARI,23,0,23
1969,KARI-ANNE,6,0,6
1969,KARIN,35,0,35
1969,KARLA,21,0,21
1969,JULIA,158,0,158
1969,JOCELYN,25,5,20
1969,JOANNE,305,0,305
1969,JOANNA,62,0,62
1969,JANET,263,0,263
1969,JANETTE,25,0,25
1969,JANEY,6,0,6
1969,JANICE,197,0,197
1969,JANINE,50,0,50
1969,JANIS,25,0,25
1969,JAQUELINE,7,0,7
1969,JASMINE,7,0,7
1969,JAYNE,11,0,11
1969,JEAN,161,111,50
1969,JEANETTE,53,0,53
1969,JEANIE,7,0,7
1969,JEANINE,10,0,10
1969,JEANNE,24,0,24
1969,JEANNETTE,17,0,17
1969,JEANNIE,12,0,12
1969,JEANNINE,13,0,13
1969,JENIFER,10,0,10
1969,JENNIE,8,0,8
1969,JENNIFER,1334,0,1334
1969,JENNY,16,0,16
1969,JESSICA,33,0,33
1969,JILL,94,0,94
1969,JILLIAN,26,0,26
1969,JO,10,0,10
1969,JO-ANN,31,0,31
1969,JO-ANNE,48,0,48
1969,JOAN,67,0,67
1969,JOANN,10,0,10
1969,KAROLYN,6,0,6
1969,LEE-ANN,33,0,33
1969,KARRI,10,0,10
1969,KARYN,25,0,25
1969,KRISTA,127,0,127
1969,KRISTAL,7,0,7
1969,KRISTEN,37,0,37
1969,KRISTI,18,0,18
1969,KRISTIN,48,0,48
1969,KRISTINA,73,0,73
1969,KRISTINE,102,0,102
1969,KRISTY,13,0,13
1969,KYLA,7,0,7
1969,KYRA,7,0,7
1969,LANA,52,0,52
1969,LARA,71,0,71
1969,LARISSA,15,0,15
1969,KIRSTEN,51,0,51
1969,LAURA,680,0,680
1969,LAUREEN,13,0,13
1969,LAUREL,31,0,31
1969,LAUREN,18,5,13
1969,LAURETTA,8,0,8
1969,LAURI,13,0,13
1969,LAURIE,283,0,283
1969,LAURIE-ANN,16,0,16
1969,LAURIE-ANNE,8,0,8
1969,LEA,10,0,10
1969,LEAH,51,0,51
1969,LEANN,14,0,14
1969,LEANNA,7,0,7
1969,LEANNE,174,0,174
1969,LAURA-LEE,14,0,14
1969,KIRA,8,0,8
1969,KIMBERLY-ANNE,6,0,6
1969,KIMBERLY-ANN,10,0,10
1969,KATERINA,7,0,7
1969,KATHARINE,45,0,45
1969,KATHERINE,300,0,300
1969,KATHLEEN,254,0,254
1969,KATHRINE,11,0,11
1969,KATHRYN,173,0,173
1969,KATHY,66,0,66
1969,KATIE,8,0,8
1969,KATINA,6,0,6
1969,KATRINA,24,0,24
1969,KAY,7,0,7
1969,KELLEY,31,0,31
1969,KELLI,45,0,45
1969,KELLIE,36,0,36
1969,KELLY,778,77,701
1969,KELLY-ANN,12,0,12
1969,KELLY-ANNE,9,0,9
1969,KENDRA,22,0,22
1969,KERI,19,0,19
1969,KERRI,70,0,70
1969,KERRI-ANN,8,0,8
1969,KERRI-LYNN,10,0,10
1969,KERRIE,16,0,16
1969,KERRY,138,25,113
1969,KIM,121,9,112
1969,KIMBERLEE,11,0,11
1969,KIMBERLEY,439,0,439
1969,KIMBERLEY-ANN,9,0,9
1969,KIMBERLY,811,0,811
1969,KARRIE,12,0,12
1969,STEFANIE,16,0,16
1969,STEFANIA,11,0,11
1969,STAVROULA,8,0,8
1969,MICHELL,6,0,6
1969,MICHELINE,12,0,12
1969,MICHELINA,12,0,12
1969,MICHELE,207,79,128
1969,MICHAELA,6,0,6
1969,MIA,10,0,10
1969,MEREDITH,27,0,27
1969,MELODY,31,0,31
1969,MELODIE,12,0,12
1969,MELLISSA,6,0,6
1969,MELISSA,258,0,258
1969,MELINDA,45,0,45
1969,MELINA,8,0,8
1969,MICHELLE,1207,0,1207
1969,MELANIE,181,0,181
1969,MAY,9,0,9
1969,MAXINE,11,0,11
1969,MAUREEN,115,0,115
1969,MAURA,7,0,7
1969,MARYLOU,6,0,6
1969,MARYANNE,10,0,10
1969,MARYANN,21,0,21
1969,MARY-JANE,7,0,7
1969,MARY-ANNE,9,0,9
1969,MARY-ANN,11,0,11
1969,MARY,841,0,841
1969,MARTINE,14,0,14
1969,MARTINA,16,0,16
1969,MEGAN,30,0,30
1969,MILDRED,6,0,6
1969,MILENA,7,0,7
1969,MINDY,7,0,7
1969,NICOLINA,6,0,6
1969,NICOLETTE,9,0,9
1969,NICOLE,326,0,326
1969,NICOLA,81,62,19
1969,NICHOLE,7,0,7
1969,NELLA,8,0,8
1969,NATHALIE,76,0,76
1969,NATASHA,20,0,20
1969,NATALINA,6,0,6
1969,NATALIE,155,0,155
1969,NATALIA,11,0,11
1969,NAOMI,18,0,18
1969,NANETTE,7,0,7
1969,NANCY,535,0,535
1969,NADINE,57,0,57
1969,NADIA,85,0,85
1969,MYRNA,10,0,10
1969,MYRA,8,0,8
1969,MURIEL,6,0,6
1969,MONIQUE,103,0,103
1969,MONIKA,22,0,22
1969,MONICA,122,0,122
1969,MONA,20,0,20
1969,MOLLY,7,0,7
1969,MOIRA,21,0,21
1969,MIRIAM,22,0,22
1969,MIRELLA,18,0,18
1969,MIRANDA,18,0,18
1969,MIRA,6,0,6
1969,MARTHA,57,0,57
1969,NIKI,9,0,9
1969,MARTA,8,0,8
1969,MARNIE,66,0,66
1969,MADELEINE,9,0,9
1969,MADDALENA,7,0,7
1969,MABEL,7,0,7
1969,LYNNE,73,0,73
1969,LYNN,171,0,171
1969,LYNETTE,8,0,8
1969,LYNE,18,0,18
1969,LYNDA,91,0,91
1969,LYN,9,0,9
1969,LYDIA,24,0,24
1969,LUISA,39,0,39
1969,LUCY,32,0,32
1969,LUCILLE,14,0,14
1969,MADELINE,8,0,8
1969,LUCIE,15,0,15
1969,LUANNE,8,0,8
1969,LUANA,6,0,6
1969,LOUISE,101,0,101
1969,LOUISA,10,0,10
1969,LORRIE,17,0,17
1969,LORRI,14,0,14
1969,LORRAINE,112,0,112
1969,LORNA,42,0,42
1969,LORIE,33,0,33
1969,LORIANNE,7,0,7
1969,LORIANN,12,0,12
1969,LORI-ANNE,23,0,23
1969,LORI-ANN,66,0,66
1969,LUCIA,83,0,83
1969,MALINDA,7,0,7
1969,MANDY,12,0,12
1969,MANON,25,0,25
1969,MARNI,18,0,18
1969,MARLO,7,0,7
1969,MARLENE,67,0,67
1969,MARLA,34,0,34
1969,MARJORIE,23,0,23
1969,MARISA,47,0,47
1969,MARION,36,0,36
1969,MARINA,31,0,31
1969,MARILYN,71,0,71
1969,MARILENA,11,0,11
1969,MARIKA,7,0,7
1969,MARIELLA,7,0,7
1969,MARIE-JOSEE,7,0,7
1969,MARIE,1362,0,1362
1969,MARIANNE,53,0,53
1969,MARIANNA,14,0,14
1969,MARIAN,16,0,16
1969,MARIA,536,0,536
1969,MARI,6,0,6
1969,MARGUERITE,11,0,11
1969,MARGO,6,0,6
1969,MARGHERITA,9,0,9
1969,MARGARET,230,0,230
1969,MARCY,10,0,10
1969,MARCIE,9,0,9
1969,MARCIA,44,0,44
1969,MARCELLA,11,0,11
1969,MARA,10,0,10
1969,MANUELA,9,0,9
1969,MARSHA,15,0,15
1969,NIKKI,6,0,6
1969,NINA,20,0,20
1969,NITA,7,0,7
1969,SHARRON,14,0,14
1969,SHARON,333,0,333
1969,SHARLENE,21,0,21
1969,SHARI,64,0,64
1969,SHANNON,301,36,265
1969,SHANI,8,0,8
1969,SHANA,7,0,7
1969,SERENA,21,0,21
1969,SELINA,6,0,6
1969,SELENA,6,0,6
1969,SARAH,207,0,207
1969,SARA,84,0,84
1969,SANDY,36,13,23
1969,SHAUNA,23,0,23
1969,SANDRA,704,0,704
1969,SAMANTHA,108,0,108
1969,SALLY,29,0,29
1969,SABRINA,37,0,37
1969,SABINA,9,0,9
1969,RUTH,81,0,81
1969,RUBY,16,0,16
1969,ROXANNE,46,0,46
1969,ROXANE,30,0,30
1969,ROSSANA,9,0,9
1969,ROSMARIE,8,0,8
1969,ROSINA,8,0,8
1969,ROSETTA,16,0,16
1969,ROSEMARY,48,0,48
1969,SANDI,21,0,21
1969,SHAWN,493,480,13
1969,SHAWNA,44,0,44
1969,SHEENA,15,0,15
1969,STACY,75,16,59
1969,STACIE,10,0,10
1969,STACEY,194,22,172
1969,SOPHIE,23,0,23
1969,SOPHIA,34,0,34
1969,SONYA,76,0,76
1969,SONJA,26,0,26
1969,SONIA,72,0,72
1969,SOFIA,11,0,11
1969,SIOBHAN,10,0,10
1969,SIMONE,26,0,26
1969,SILVIA,26,0,26
1969,SILVANA,30,0,30
1969,SHONA,8,0,8
1969,SHIRLEY,83,0,83
1969,SHERYL,81,0,81
1969,SHERRY-ANN,6,0,6
1969,SHERRY,201,0,201
1969,SHERRIE,9,0,9
1969,SHERRI-LYNN,9,0,9
1969,SHERRI,127,0,127
1969,SHERIE,6,0,6
1969,SHERI-LYNN,10,0,10
1969,SHERI,219,0,219
1969,SHELLY,105,0,105
1969,SHELLIE,6,0,6
1969,SHELLEY,336,0,336
1969,SHELAGH,15,0,15
1969,SHEILA,173,0,173
1969,ROSEMARIE,22,0,22
1969,ROSEANN,7,0,7
1969,ROSE,52,0,52
1969,ROSARIA,23,0,23
1969,PENNY,102,0,102
1969,PENELOPE,25,0,25
1969,PEGGY,47,0,47
1969,PEARL,7,0,7
1969,PAULINE,88,0,88
1969,PAULETTE,18,0,18
1969,PAULA,249,0,249
1969,PATTY,8,0,8
1969,PATTI,30,0,30
1969,PATSY,8,0,8
1969,PATRIZIA,48,0,48
1969,PATRICIA,599,0,599
1969,PATRICE,15,9,6
1969,PATRICA,10,0,10
1969,PASQUALINA,9,0,9
1969,PAOLA,43,0,43
1969,PANAGIOTA,12,0,12
1969,PAMELA,403,0,403
1969,PAMALA,7,0,7
1969,PALMA,6,0,6
1969,PAIGE,10,0,10
1969,ORNELLA,11,0,11
1969,OLGA,21,0,21
1969,NUNZIA,6,0,6
1969,NOT,11,5,6
1969,NORMA,38,0,38
1969,NOREEN,10,0,10
1969,NORA,20,0,20
1969,NOELLE,15,0,15
1969,PETRA,15,0,15
1969,JANE,118,0,118
1969,PETRINA,6,0,6
1969,PINA,22,0,22
1969,ROSANNE,36,0,36
1969,ROSANNA,40,0,40
1969,ROSAMARIA,7,0,7
1969,ROSALIND,7,0,7
1969,ROSALIE,9,0,9
1969,ROSALIA,10,0,10
1969,ROSA,71,0,71
1969,RONDA,31,0,31
1969,ROCHELLE,27,0,27
1969,ROBYN,60,0,60
1969,ROBIN,231,72,159
1969,ROBERTA,50,0,50
1969,RITA,97,0,97
1969,RINA,15,0,15
1969,RHONDA,213,0,213
1969,RENÉE,7,0,7
1969,RENEE,84,0,84
1969,RENE,51,39,12
1969,RENATA,12,0,12
1969,RENA,9,0,9
1969,REBECCA,155,0,155
1969,RAQUEL,10,0,10
1969,RAMONA,9,0,9
1969,RAFFAELA,7,0,7
1969,RACHELLE,43,0,43
1969,RACHEL,143,0,143
1969,RACHAEL,16,0,16
1969,PRISCILLA,11,0,11
1969,PORTIA,6,0,6
1969,PHYLLIS,27,0,27
1969,LORI,524,0,524
1969,JANA,14,0,14
1969,JAMIE,149,137,12
1969,CHRISTINA,264,0,264
1969,CHRISTIN,7,0,7
1969,CHRISTIE,11,0,11
1969,CHRISTIANE,9,0,9
1969,CHRISTA,16,0,16
1969,CHERYL-ANN,9,0,9
1969,CHERYL,430,0,430
1969,CHERIE,50,0,50
1969,CHERI,19,0,19
1969,CHARMAINE,41,0,41
1969,CHARLOTTE,41,0,41
1969,CHARLENE,145,0,145
1969,CHARLENA,6,0,6
1969,CHRISTINE,871,0,871
1969,CHANTELLE,16,0,16
1969,CHANTAL,116,0,116
1969,CHANDRA,10,0,10
1969,CELINE,16,0,16
1969,CELINA,7,0,7
1969,CECILIA,14,0,14
1969,CECILE,8,0,8
1969,CATHY,71,0,71
1969,CATHRYN,6,0,6
1969,CATHRINE,10,0,10
1969,CATHLEEN,7,0,7
1969,CATHERINE,498,0,498
1969,CATHARINE,99,0,99
1969,CATERINA,45,0,45
1969,CHANTALE,13,0,13
1969,CASSANDRA,26,0,26
1969,CHRISTY,15,0,15
1969,CINZIA,14,0,14
1969,DALE,188,179,9
1969,DAISY,6,0,6
1969,CYNTHIA,316,0,316
1969,CRYSTAL,78,0,78
1969,CRISTINE,8,0,8
1969,CRISTINA,32,0,32
1969,CORRY,17,0,17
1969,CORRINE,11,0,11
1969,CORRINA,14,0,14
1969,CORRIE,13,0,13
1969,CORNELIA,13,0,13
1969,CORINNE,47,0,47
1969,CORINNA,24,0,24
1969,CINDY,251,0,251
1969,CORINA,15,0,15
1969,CORA,8,0,8
1969,CONSTANCE,57,0,57
1969,CONNIE,123,0,123
1969,CONCETTA,31,0,31
1969,COLLEEN,211,0,211
1969,COLETTE,25,0,25
1969,COLEEN,8,0,8
1969,CLAUDINE,10,0,10
1969,CLAUDIA,53,0,53
1969,CLAUDETTE,21,0,21
1969,CLARE,10,0,10
1969,CLARA,13,0,13
1969,CLAIRE,24,0,24
1969,CORI,6,0,6
1969,CASEY,15,8,7
1969,CARRIE-ANNE,7,0,7
1969,CARRIE-ANN,12,0,12
1969,BEVERLY,95,0,95
1969,BEVERLEY,34,0,34
1969,BETTY,47,0,47
1969,BETTINA,9,0,9
1969,BETHANY,12,0,12
1969,BETH,27,0,27
1969,BESSIE,9,0,9
1969,BERNICE,17,0,17
1969,BERNADETTE,31,0,31
1969,BELINDA,36,0,36
1969,BECKY,25,0,25
1969,BEATRICE,12,0,12
1969,BARBRA,11,0,11
1969,BOBBI,17,0,17
1969,BARBARA-ANN,6,0,6
1969,BABY,498,285,213
1969,AURORA,6,0,6
1969,AUDREY,41,0,41
1969,AUDRA,13,0,13
1969,ATHANASIA,7,0,7
1969,ASSUNTA,21,0,21
1969,ARLENE,47,0,47
1969,APRIL,103,0,103
1969,ANTONINA,8,0,8
1969,ANTONIETTA,53,0,53
1969,ANTONIA,11,0,11
1969,ANTONELLA,44,0,44
1969,ANTOINETTE,7,0,7
1969,BARBARA,396,0,396
1969,BOBBI-JO,11,0,11
1969,BOBBIE,6,0,6
1969,BONITA,9,0,9
1969,CARRIE,184,0,184
1969,CAROLYNN,8,0,8
1969,CAROLYN,267,0,267
1969,CAROLINE,132,0,132
1969,CAROLINA,9,0,9
1969,CAROLE,82,0,82
1969,CAROL-ANN,16,0,16
1969,CAROL,251,0,251
1969,CARMEN,56,9,47
1969,CARMELINA,12,0,12
1969,CARMELA,46,0,46
1969,CARLA,105,0,105
1969,CARIN,6,0,6
1969,CARI,6,0,6
1969,CAREY,27,13,14
1969,CAREN,6,0,6
1969,CARA,18,0,18
1969,CANDY,18,0,18
1969,CANDICE,16,0,16
1969,CANDACE,37,0,37
1969,CAMILLE,16,0,16
1969,CAMILLA,7,0,7
1969,BRUNA,8,0,8
1969,BRITTA,7,0,7
1969,BRIGITTE,28,0,28
1969,BRIGETTE,6,0,6
1969,BRIDGET,10,0,10
1969,BRENDA,407,0,407
1969,BONNIE,167,0,167
1969,DANA,118,18,100
1969,JAN,42,27,15
1969,DANIELA,56,0,56
1969,DANIELLE,105,0,105
1969,GAIL,73,0,73
1969,GABRIELLE,7,0,7
1969,GABRIELLA,11,0,11
1969,GABRIELA,9,0,9
1969,FRANCIS,85,79,6
1969,FRANCINE,42,0,42
1969,FRANCESCA,42,0,42
1969,FRANCES,45,0,45
1969,FRANCE,16,0,16
1969,FRANCA,57,0,57
1969,FLORENCE,12,0,12
1969,FIONA,45,0,45
1969,FILOMENA,27,0,27
1969,GALE,6,0,6
1969,FERNANDA,6,0,6
1969,FEMALE,9,0,9
1969,FELICIA,12,0,12
1969,FAYE,12,0,12
1969,FATIMA,9,0,9
1969,FAITH,12,0,12
1969,EVELYN,45,0,45
1969,EVE,8,0,8
1969,EVA,44,0,44
1969,EUGENIA,12,0,12
1969,ESTHER,35,0,35
1969,ESTELLE,6,0,6
1969,ERIN,124,7,117
1969,ERIKA,30,0,30
1969,FERN,11,0,11
1969,ERICA,41,0,41
1969,GAYE,6,0,6
1969,GENEVIEVE,20,0,20
1969,HELEN,180,0,180
1969,HEIDI,110,0,110
1969,HEATHER,653,0,653
1969,HAZEL,9,0,9
1969,HARRIET,7,0,7
1969,HANNAH,7,0,7
1969,GWENDOLYN,18,0,18
1969,GWEN,11,0,11
1969,GUYLAINE,11,0,11
1969,GRAZIELLA,24,0,24
1969,GRAZIA,8,0,8
1969,GRACE,46,0,46
1969,GLORIA,45,0,45
1969,GAYLE,24,0,24
1969,GLENNA,7,0,7
1969,GIUSEPPINA,90,0,90
1969,GIULIA,8,0,8
1969,GISELLE,11,0,11
1969,GISELE,13,0,13
1969,GIRL,7,0,7
1969,GIOVANNA,43,0,43
1969,GINGER,8,0,8
1969,GINETTE,23,0,23
1969,GINA,73,0,73
1969,GILLIAN,47,0,47
1969,GERALDINE,29,0,29
1969,GEORGINA,34,0,34
1969,GEORGIA,29,0,29
1969,GLENDA,33,0,33
1969,ENZA,15,0,15
1969,EMMA,25,0,25
1969,EMILY,40,0,40
1969,DIANE,288,0,288
1969,DIANA,170,0,170
1969,DESPINA,9,0,9
1969,DESIREE,8,0,8
1969,DENISE,291,0,291
1969,DENA,12,0,12
1969,DELIA,11,0,11
1969,DEIRDRE,10,0,10
1969,DEIDRE,11,0,11
1969,DEENA,11,0,11
1969,DEBRA,199,0,199
1969,DEBORAH,507,0,507
1969,DEBORA,16,0,16
1969,DIANNA,16,0,16
1969,DEBBY,8,0,8
1969,DEANNE,24,0,24
1969,DEANNA,117,0,117
1969,DEANA,14,0,14
1969,DAYNA,13,0,13
1969,DAWNE,9,0,9
1969,DAWNA,11,0,11
1969,DAWN,238,0,238
1969,DARLENE,201,0,201
1969,DARLA,8,0,8
1969,DARCY,63,55,8
1969,DARCIE,6,0,6
1969,DARA,6,0,6
1969,DAPHNE,12,0,12
1969,DEBBIE,126,0,126
1969,DIANNE,88,0,88
1969,DIMITRA,11,0,11
1969,DINA,41,0,41
1969,EMILIA,20,0,20
1969,ELVIRA,15,0,15
1969,ELSA,6,0,6
1969,ELLEN,62,0,62
1969,ELKE,8,0,8
1969,ELIZABETH,553,0,553
1969,ELISSA,6,0,6
1969,ELISE,10,0,10
1969,ELISABETTA,15,0,15
1969,ELISABETH,32,0,32
1969,ELISA,31,0,31
1969,ELEONORA,6,0,6
1969,ELENI,8,0,8
1969,ELENA,36,0,36
1969,ELEANOR,22,0,22
1969,ELANA,8,0,8
1969,ELAINE,116,0,116
1969,EILEEN,35,0,35
1969,EDNA,12,0,12
1969,EDITH,27,0,27
1969,DOROTHY,67,0,67
1969,DORIS,41,0,41
1969,DOREEN,27,0,27
1969,DORA,12,0,12
1969,DONNA,393,0,393
1969,DOMINIQUE,20,6,14
1969,DOMENICA,18,0,18
1969,DOLORES,11,0,11
1969,DIONNE,9,0,9
1969,DANIELLA,7,0,7
1969,ANNMARIE,6,0,6
1969,ANNUNZIATA,6,0,6
1969,ANNETTE,102,0,102
1969,HENRIETTA,6,0,6
1969,HELLEN,8,0,8
1969,ANNIE,27,0,27
1969,HELENE,18,0,18
1969,HELENA,18,0,18
1969,ADA,9,0,9
1969,HILARY,15,0,15
1969,ADELE,14,0,14
1969,ADRIANA,30,0,30
1969,ADRIENNE,53,0,53
1969,AGNES,13,0,13
1969,AILEEN,8,0,8
1969,AIMEE,9,0,9
1969,ALANA,20,0,20
1969,ADELINA,7,0,7
1969,HILDA,6,0,6
1969,HOLLY,58,0,58
1969,HOPE,10,0,10
1969,JACQUELYN,12,0,12
1969,JACQUELINE,354,0,354
1969,JACKIE,22,6,16
1969,IVANA,13,0,13
1969,ISABELLE,11,0,11
1969,ISABELLA,14,0,14
1969,ISABEL,10,0,10
1969,IRMA,6,0,6
1969,IRIS,6,0,6
1969,IRENE,71,0,71
1969,INGRID,34,0,34
1969,INFANT,29,17,12
1969,INA,6,0,6
1969,ILONA,7,0,7
1969,IDA,27,0,27
1969,ALANNA,8,0,8
1969,ALEXANDRA,71,0,71
1969,LORETTA,47,0,47
1969,ALEXIS,8,0,8
1969,ANN,184,0,184
1969,ANITA,147,0,147
1969,ANGELIQUE,13,0,13
1969,ANGELINE,8,0,8
1969,ANGELINA,27,0,27
1969,AMELIA,7,0,7
1969,ANN-MARIE,22,0,22
1969,ANGELA,632,0,632
1969,ANDREA,351,13,338
1969,ANASTASIA,26,0,26
1969,ANA,29,0,29
1969,AMY,100,0,100
1969,ALEXANDRIA,6,0,6
1969,AMBER,21,0,21
1969,ANGEL,17,0,17
1969,ANNA,261,0,261
1969,ANGELE,11,0,11
1969,ANNA-MARIA,10,0,10
1969,ALICE,39,0,39
1969,ALICIA,7,0,7
1969,AMANDA,111,0,111
1969,ALINE,10,0,10
1969,ALISA,12,0,12
1969,ALLISON,77,0,77
1969,ALLYSON,17,0,17
1969,ALISON,105,0,105
1969,ALYSON,12,0,12
1969,ANNEMARIE,8,0,8
1969,ANNE-MARIE,27,0,27
1969,ANNE,189,0,189
1969,ANNAMARIA,15,0,15
1969,ANNABELLA,6,0,6
1969,ANNA-MARIE,10,0,10
1969,ALMA,9,0,9
1970,DANY,5,5,0
1970,DANIAL,10,10,0
1970,DANIEL,928,928,0
1970,DANIELE,16,16,0
1970,DANNIEL,6,6,0
1970,DANNY,138,138,0
1970,DAREN,10,10,0
1970,DARWIN,7,7,0
1970,DARIO,9,9,0
1970,DARRELL,76,76,0
1970,DARREN,349,349,0
1970,DARRIN,63,63,0
1970,DARRYL,161,161,0
1970,DARYL,39,39,0
1970,DARYN,5,5,0
1970,DARIN,27,27,0
1970,DAN,10,10,0
1970,CLYDE,6,6,0
1970,DAMIAN,7,7,0
1970,CLIFFORD,60,60,0
1970,CLINT,12,12,0
1970,CLINTON,38,38,0
1970,DAVE,17,17,0
1970,COLIN,220,220,0
1970,COLLIN,8,8,0
1970,CONRAD,17,17,0
1970,CONSTANTINOS,8,8,0
1970,DAMON,9,9,0
1970,CORNELIUS,6,6,0
1970,COSIMO,10,10,0
1970,CRAIG,454,454,0
1970,CRISTOPHER,15,15,0
1970,CURT,10,10,0
1970,CURTIS,55,55,0
1970,CYRIL,6,6,0
1970,DALLAS,5,5,0
1970,DALTON,8,8,0
1970,CORRADO,13,13,0
1970,DAVID,2665,2665,0
1970,DION,11,11,0
1970,DEAN,214,214,0
1970,DOUGLAS,447,447,0
1970,DREW,28,28,0
1970,DUANE,99,99,0
1970,DUNCAN,20,20,0
1970,DUSTIN,12,12,0
1970,DWAIN,7,7,0
1970,DWAYNE,190,190,0
1970,DWIGHT,20,20,0
1970,DONOVAN,12,12,0
1970,DYLAN,12,12,0
1970,EDDIE,10,10,0
1970,EDDY,10,10,0
1970,EDGAR,13,13,0
1970,EDMOND,7,7,0
1970,EDMUND,13,13,0
1970,EDUARDO,16,16,0
1970,EDWARD,401,401,0
1970,EDWIN,36,36,0
1970,EARL,34,34,0
1970,DAVIDE,20,20,0
1970,DONATO,18,18,0
1970,DON,10,10,0
1970,DELBERT,5,5,0
1970,DEMETRIOS,13,13,0
1970,DENIS,94,94,0
1970,DENNIS,232,232,0
1970,DENNY,10,10,0
1970,DEREK,622,622,0
1970,DERICK,7,7,0
1970,DERRICK,75,75,0
1970,DONALD,465,465,0
1970,DESMOND,9,9,0
1970,DIEGO,5,5,0
1970,DIMITRIOS,35,35,0
1970,DINO,63,63,0
1970,CLAYTON,25,25,0
1970,DIRK,13,13,0
1970,DOMENIC,13,13,0
1970,DOMENICO,83,83,0
1970,DOMINIC,21,21,0
1970,DEVIN,11,11,0
1970,CLAUDIO,43,43,0
1970,CHRISTIAN,98,98,0
1970,CLARKE,10,10,0
1970,ANTE,5,5,0
1970,ANTHONY,334,334,0
1970,ANTON,11,11,0
1970,ANTONINO,22,22,0
1970,ANTONIO,228,228,0
1970,ANTONIOS,8,8,0
1970,ANTONY,17,17,0
1970,ARI,6,6,0
1970,ARMAND,6,6,0
1970,ARMANDO,9,9,0
1970,ANIL,9,9,0
1970,ARNOLD,11,11,0
1970,ARTHUR,87,87,0
1970,ATHANASIOS,12,12,0
1970,AUBREY,7,7,0
1970,AUSTIN,12,12,0
1970,BARCLAY,5,5,0
1970,BARRY,124,124,0
1970,BART,7,7,0
1970,BEN,5,5,0
1970,BENJAMIN,71,71,0
1970,BENOIT,10,10,0
1970,ARON,6,6,0
1970,ANGUS,11,11,0
1970,ANGELO,81,81,0
1970,ANDY,25,25,0
1970,ALDO,21,21,0
1970,ALEC,6,6,0
1970,ALESSANDRO,15,15,0
1970,ALEX,23,23,0
1970,ALEXANDER,165,165,0
1970,ALEXANDRE,7,7,0
1970,ALFONSO,12,12,0
1970,ALFREDO,8,8,0
1970,ALISTAIR,5,5,0
1970,ALLAIN,6,6,0
1970,ALLAN,175,175,0
1970,ALLEN,60,60,0
1970,ALVIN,15,15,0
1970,AMOS,6,6,0
1970,ANASTASIOS,14,14,0
1970,ALDEN,5,5,0
1970,ALBERTO,19,19,0
1970,ALBERT,81,81,0
1970,ALASTAIR,5,5,0
1970,ANDRE,106,106,0
1970,ANDRÉ,14,14,0
1970,ANDREAS,30,30,0
1970,ANDREW,857,857,0
1970,BERNARD,53,53,0
1970,BILL,28,28,0
1970,BILLY,15,15,0
1970,BLAIN,8,8,0
1970,CALOGERO,14,14,0
1970,CAMERON,93,93,0
1970,CAMILLO,5,5,0
1970,CARL,116,116,0
1970,CARLO,53,53,0
1970,CARLOS,24,24,0
1970,CARMELO,16,16,0
1970,CARMINE,27,27,0
1970,CARSON,5,5,0
1970,CARY,20,20,0
1970,CASEY,12,12,0
1970,CECIL,16,16,0
1970,CESARE,5,5,0
1970,CESIDIO,5,5,0
1970,CHAD,54,54,0
1970,CHADWICK,13,13,0
1970,CHARLES,269,269,0
1970,CHRIS,42,42,0
1970,CHRIST,8,8,0
1970,CHRISTOPHER,1810,1810,0
1970,CHRISTOS,14,14,0
1970,CLARENCE,22,22,0
1970,CLARK,8,8,0
1970,BYRON,13,13,0
1970,CLAUDE,43,43,0
1970,BRYON,6,6,0
1970,BRYAN,167,167,0
1970,BLAINE,21,21,0
1970,BLAIR,72,72,0
1970,BLAKE,32,32,0
1970,BOB,6,6,0
1970,BOBBY,16,16,0
1970,BOHDAN,5,5,0
1970,BOY,6,6,0
1970,BOYD,8,8,0
1970,BRAD,16,16,0
1970,BRADLEY,407,407,0
1970,BRADLY,9,9,0
1970,BRADY,6,6,0
1970,BRANDON,20,20,0
1970,BRANT,8,8,0
1970,BRENDAN,26,26,0
1970,BRENDON,9,9,0
1970,BRENT,241,241,0
1970,BRET,8,8,0
1970,BRETT,69,69,0
1970,BRIAN,853,853,0
1970,BROCK,8,8,0
1970,BRUCE,176,176,0
1970,BRUNO,36,36,0
1970,BRYCE,7,7,0
1970,CALVIN,39,39,0
1970,LEA,12,0,12
1970,ELDON,7,7,0
1970,RAFFAELE,29,29,0
1970,QUINN,7,7,0
1970,QUENTIN,7,7,0
1970,PIETRO,49,49,0
1970,PIERRE,89,89,0
1970,PIERO,14,14,0
1970,PHILLIP,58,58,0
1970,PHILIPPE,13,13,0
1970,PHILIP,231,231,0
1970,PETROS,5,5,0
1970,PETER,800,800,0
1970,PETAR,5,5,0
1970,RAJESH,6,6,0
1970,PERRY,40,40,0
1970,PAULO,37,37,0
1970,PAUL,1341,1341,0
1970,PATRICK,414,414,0
1970,PASQUALINO,9,9,0
1970,PASQUALE,45,45,0
1970,PASCAL,7,7,0
1970,PAOLO,81,81,0
1970,PANAGIOTIS,22,22,0
1970,OWEN,21,21,0
1970,OSCAR,8,8,0
1970,OMAR,14,14,0
1970,OLIVER,29,29,0
1970,PERCY,6,6,0
1970,RALPH,45,45,0
1970,RANDAL,30,30,0
1970,RANDALL,29,29,0
1970,RODERICK,31,31,0
1970,ROCH,13,13,0
1970,ROCCO,31,31,0
1970,ROBERTO,147,147,0
1970,ROBERT,2580,2580,0
1970,ROBBY,7,7,0
1970,ROBBIE,37,37,0
1970,ROBB,6,6,0
1970,RITCHIE,5,5,0
1970,RINO,7,7,0
1970,RICKY,38,38,0
1970,RICKEY,5,5,0
1970,RICK,8,8,0
1970,RICHARD,1139,1139,0
1970,RICCARDO,19,19,0
1970,RICARDO,9,9,0
1970,RENZO,5,5,0
1970,RENATO,9,9,0
1970,REMO,11,11,0
1970,REJEAN,12,12,0
1970,REGINALD,33,33,0
1970,REGAN,5,5,0
1970,RAYMOND,232,232,0
1970,RAY,16,16,0
1970,RAVI,8,8,0
1970,RANDY,162,162,0
1970,RANDOLPH,26,26,0
1970,NORMAND,19,19,0
1970,NORMAN,118,118,0
1970,NOEL,26,26,0
1970,NOAH,11,11,0
1970,MICHAEL,2805,2805,0
1970,MERVIN,8,8,0
1970,MELVIN,15,15,0
1970,MAXWELL,7,7,0
1970,MAX,5,5,0
1970,MAURO,28,28,0
1970,MAURIZIO,35,35,0
1970,MAURICE,47,47,0
1970,MATTHEW,380,380,0
1970,MATTEO,7,7,0
1970,MATT,6,6,0
1970,MATHEW,40,40,0
1970,MASSIMO,28,28,0
1970,MASSIMILIANO,5,5,0
1970,MARVIN,19,19,0
1970,MARTY,19,19,0
1970,MARTIN,206,206,0
1970,MARSHALL,10,10,0
1970,MARKUS,14,14,0
1970,MARKO,16,16,0
1970,MARK,1333,1333,0
1970,MARIO,111,111,0
1970,MARCUS,48,48,0
1970,MARCO,82,82,0
1970,MARCELLO,24,24,0
1970,MARCEL,70,70,0
1970,MARC,297,297,0
1970,MICHEAL,117,117,0
1970,RODGER,9,9,0
1970,MICHEL,138,138,0
1970,MIGUEL,11,11,0
1970,NO,7,7,0
1970,NINO,8,8,0
1970,NIKOLAOS,14,14,0
1970,NIKOLA,5,5,0
1970,NIGEL,23,23,0
1970,NICOLINO,10,10,0
1970,NICOLAS,15,15,0
1970,NICOLAOS,5,5,0
1970,NICKOLAS,10,10,0
1970,NICK,52,52,0
1970,NICHOLAS,95,95,0
1970,NELSON,68,68,0
1970,NEIL,168,168,0
1970,NEAL,24,24,0
1970,NATHANIEL,9,9,0
1970,NATHAN,21,21,0
1970,MYRON,9,9,0
1970,MYLES,6,6,0
1970,MURRAY,60,60,0
1970,MORRIS,17,17,0
1970,MORGAN,20,20,0
1970,MONTGOMERY,6,6,0
1970,MITCHELL,23,23,0
1970,MILTON,9,9,0
1970,MILES,8,8,0
1970,MILAN,12,12,0
1970,MIKE,26,26,0
1970,MICHELANGELO,7,7,0
1970,MANUEL,22,22,0
1970,RODNEY,163,163,0
1970,ROGER,178,178,0
1970,TYLER,28,28,0
1970,TROY,174,174,0
1970,TRISTAN,7,7,0
1970,TREVOR,311,311,0
1970,TREVER,5,5,0
1970,TRENT,19,19,0
1970,TRAVIS,48,48,0
1970,TONY,100,100,0
1970,TONINO,5,5,0
1970,TOMMY,25,25,0
1970,TOMMASO,8,8,0
1970,TOMISLAV,7,7,0
1970,TYRONE,11,11,0
1970,TOM,22,22,0
1970,TOD,9,9,0
1970,TOBIAS,6,6,0
1970,TIMOTHY,661,661,0
1970,TIMMY,12,12,0
1970,THOMAS,589,589,0
1970,THEODOROS,8,8,0
1970,THEODORE,35,35,0
1970,TERRENCE,51,51,0
1970,TERRANCE,40,40,0
1970,TERENCE,58,58,0
1970,TEDDY,16,16,0
1970,TED,14,14,0
1970,TODD,441,441,0
1970,UMBERTO,5,5,0
1970,VANCE,10,10,0
1970,VASILIOS,13,13,0
1970,ZOLTAN,5,5,0
1970,ZACHARY,5,5,0
1970,YVON,12,12,0
1970,YVES,16,16,0
1970,YVAN,11,11,0
1970,WINSTON,15,15,0
1970,WILSON,5,5,0
1970,WILLY,6,6,0
1970,WILLIE,5,5,0
1970,WILLIAM,1114,1114,0
1970,WILFRED,21,21,0
1970,WILBERT,5,5,0
1970,WESLEY,44,44,0
1970,WENDELL,9,9,0
1970,WAYNE,279,279,0
1970,WARREN,74,74,0
1970,WALTER,85,85,0
1970,WALLACE,11,11,0
1970,WADE,69,69,0
1970,VLADIMIR,8,8,0
1970,VITTORIO,13,13,0
1970,VITO,43,43,0
1970,VINCENZO,90,90,0
1970,VINCENT,104,104,0
1970,VINCE,14,14,0
1970,VICTOR,92,92,0
1970,VERNON,16,16,0
1970,SYLVAIN,33,33,0
1970,SYDNEY,8,8,0
1970,STUART,81,81,0
1970,STEWART,32,32,0
1970,SANTO,8,8,0
1970,SANJAY,5,5,0
1970,SANFORD,5,5,0
1970,SANDRO,21,21,0
1970,SANDOR,6,6,0
1970,SAMUEL,62,62,0
1970,SAMMY,6,6,0
1970,SAM,14,14,0
1970,SALVATORE,94,94,0
1970,RYAN,53,53,0
1970,RUSSELL,84,84,0
1970,RUSSEL,6,6,0
1970,RUI,6,6,0
1970,RUDY,7,7,0
1970,RUBEN,5,5,0
1970,ROY,73,73,0
1970,ROSS,52,52,0
1970,ROSARIO,12,12,0
1970,RORY,17,17,0
1970,RONNY,5,5,0
1970,RONNIE,18,18,0
1970,RONALD,517,517,0
1970,RON,10,10,0
1970,ROMEO,7,7,0
1970,ROMAN,11,11,0
1970,ROLF,6,6,0
1970,ROLAND,37,37,0
1970,SAVERIO,14,14,0
1970,RODOLFO,6,6,0
1970,SCOT,13,13,0
1970,SEAN,622,622,0
1970,STEVEN,1305,1305,0
1970,STEVE,73,73,0
1970,STEPHEN,847,847,0
1970,STÉPHANE,5,5,0
1970,STEPHANE,97,97,0
1970,STEPHAN,52,52,0
1970,STEFANOS,5,5,0
1970,STEFANO,24,24,0
1970,STEFAN,34,34,0
1970,STANLEY,54,54,0
1970,SPYROS,7,7,0
1970,SPIRO,6,6,0
1970,SPENCER,15,15,0
1970,SOTIRIOS,5,5,0
1970,SONNY,5,5,0
1970,SIMON,60,60,0
1970,SILVIO,12,12,0
1970,SIDNEY,5,5,0
1970,SHELDON,39,39,0
1970,SHAYNE,23,23,0
1970,SHAUN,58,58,0
1970,SHANE,174,174,0
1970,SETH,5,5,0
1970,SERGIO,21,21,0
1970,SERGE,27,27,0
1970,SEBASTIANO,7,7,0
1970,SEBASTIAN,7,7,0
1970,SCOTT,930,930,0
1970,ALAN,162,162,0
1970,MALE,8,8,0
1970,LYNDON,5,5,0
1970,GLENN,170,170,0
1970,GLENDON,5,5,0
1970,GLEN,225,225,0
1970,GIUSEPPE,192,192,0
1970,GIROLAMO,5,5,0
1970,GIOVANNI,121,121,0
1970,GIORGIO,10,10,0
1970,GINO,24,24,0
1970,GILLES,36,36,0
1970,GILBERT,25,25,0
1970,GIANNI,25,25,0
1970,GIANFRANCO,5,5,0
1970,GORAN,5,5,0
1970,GIACOMO,11,11,0
1970,GERHARD,5,5,0
1970,GERARDO,12,12,0
1970,GERARD,35,35,0
1970,GERALD,169,169,0
1970,GEORGIOS,6,6,0
1970,GEORGES,6,6,0
1970,GEORGE,352,352,0
1970,GEOFFREY,155,155,0
1970,GEOFFERY,10,10,0
1970,GENNARO,7,7,0
1970,GENE,8,8,0
1970,GAVIN,15,15,0
1970,GERRY,22,22,0
1970,GORDEN,6,6,0
1970,GORDON,236,236,0
1970,GRAEME,20,20,0
1970,ISAAC,8,8,0
1970,IRA,5,5,0
1970,IAN,316,316,0
1970,IAIN,19,19,0
1970,HUGH,43,43,0
1970,HUBERT,9,9,0
1970,HOWARD,39,39,0
1970,HERMAN,9,9,0
1970,HERBERT,27,27,0
1970,HENRY,68,68,0
1970,HENRI,5,5,0
1970,HENDRIK,8,8,0
1970,HECTOR,8,8,0
1970,HEATH,10,10,0
1970,HARVEY,18,18,0
1970,HARRY,43,43,0
1970,HAROLD,54,54,0
1970,HANS,6,6,0
1970,GUY,62,62,0
1970,GUS,18,18,0
1970,GUISEPPE,5,5,0
1970,GUIDO,6,6,0
1970,GREGORY,666,666,0
1970,GREGG,11,11,0
1970,GREG,13,13,0
1970,GRANT,91,91,0
1970,GRAHAM,87,87,0
1970,GASTON,6,6,0
1970,GARY,308,308,0
1970,GARTH,20,20,0
1970,GARRY,28,28,0
1970,EVERETT,9,9,0
1970,EVANGELOS,7,7,0
1970,EVAN,16,16,0
1970,EVAGELOS,5,5,0
1970,EUGENIO,8,8,0
1970,EUGENE,31,31,0
1970,ETHAN,5,5,0
1970,ERWIN,8,8,0
1970,ERROL,7,7,0
1970,ERNIE,6,6,0
1970,ERNESTO,9,9,0
1970,ERNEST,52,52,0
1970,ERIK,34,34,0
1970,ERICK,5,5,0
1970,ERIC,321,321,0
1970,ENZO,19,19,0
1970,ENRICO,13,13,0
1970,EMMANUEL,7,7,0
1970,EMILIO,12,12,0
1970,EMANUELE,5,5,0
1970,EMANUEL,12,12,0
1970,ELVIS,7,7,0
1970,ELMER,7,7,0
1970,ELLIOTT,10,10,0
1970,ELIO,6,6,0
1970,ELIAS,7,7,0
1970,ELI,5,5,0
1970,FABIAN,9,9,0
1970,IVAN,51,51,0
1970,FABIO,15,15,0
1970,FARON,5,5,0
1970,GARRETT,7,7,0
1970,GARNET,10,10,0
1970,GARETT,7,7,0
1970,GARETH,8,8,0
1970,GAETANO,15,15,0
1970,GAETAN,5,5,0
1970,GABRIELE,8,8,0
1970,GABRIEL,13,13,0
1970,GABOR,5,5,0
1970,FREDRICK,17,17,0
1970,FREDERICK,100,100,0
1970,FREDERIC,6,6,0
1970,FRED,7,7,0
1970,FRASER,15,15,0
1970,FRANKLIN,26,26,0
1970,FRANKIE,6,6,0
1970,FRANK,185,185,0
1970,FRANCOIS,29,29,0
1970,FRANCO,77,77,0
1970,FRANCISCO,12,12,0
1970,FRANCESCO,110,110,0
1970,FLOYD,8,8,0
1970,FILIPPO,13,13,0
1970,FERNANDO,20,20,0
1970,FERNAND,9,9,0
1970,FERDINANDO,5,5,0
1970,FELICE,7,7,0
1970,FABRIZIO,5,5,0
1970,MALCOLM,18,18,0
1970,IVANO,8,8,0
1970,JACK,43,43,0
1970,LAURENT,9,9,0
1970,LAURENCE,18,18,0
1970,LARS,10,10,0
1970,LARRY,111,111,0
1970,LANCE,63,63,0
1970,KYLE,76,76,0
1970,KURTIS,8,8,0
1970,KURT,57,57,0
1970,KRISTOPHER,9,9,0
1970,KRISTIAN,7,7,0
1970,KRIS,7,7,0
1970,KORY,8,8,0
1970,LAWRENCE,123,123,0
1970,KONSTANTINOS,17,17,0
1970,KIRK,100,100,0
1970,KIRBY,7,7,0
1970,KIETH,6,6,0
1970,KEVIN,1208,1208,0
1970,KEVEN,6,6,0
1970,KENT,51,51,0
1970,KENNY,6,6,0
1970,KENNETH,590,590,0
1970,KENDALL,7,7,0
1970,KEN,15,15,0
1970,KELVIN,10,10,0
1970,KEITH,226,226,0
1970,KLAUS,5,5,0
1970,LENARD,5,5,0
1970,LEO,44,44,0
1970,LEON,15,15,0
1970,LYLE,17,17,0
1970,LUKE,20,20,0
1970,LUIS,16,16,0
1970,LUIGI,53,53,0
1970,LUCIO,5,5,0
1970,LUCIEN,5,5,0
1970,LUCIANO,24,24,0
1970,LUCAS,6,6,0
1970,LUCA,5,5,0
1970,LUC,52,52,0
1970,LOWELL,5,5,0
1970,LOUIS,67,67,0
1970,LOUIE,6,6,0
1970,LORNE,48,48,0
1970,LORENZO,12,12,0
1970,LONNY,16,16,0
1970,LONNIE,15,15,0
1970,LLOYD,48,48,0
1970,LIONEL,17,17,0
1970,LINO,8,8,0
1970,LIAM,5,5,0
1970,LEWIS,10,10,0
1970,LESTER,7,7,0
1970,LEROY,9,9,0
1970,LEONEL,5,5,0
1970,LEONARDO,20,20,0
1970,LEONARD,107,107,0
1970,KARL,50,50,0
1970,JUSTIN,97,97,0
1970,JUNIOR,5,5,0
1970,JULIUS,5,5,0
1970,JERRY,72,72,0
1970,JEROME,18,18,0
1970,JEREMY,128,128,0
1970,JEFFRY,12,12,0
1970,JEFFREY,1015,1015,0
1970,JEFFERY,389,389,0
1970,JEFFERSON,14,14,0
1970,JEFFEREY,5,5,0
1970,JEFF,8,8,0
1970,JEAN-PIERRE,9,9,0
1970,JEAN-PAUL,20,20,0
1970,JEAN-MARC,9,9,0
1970,JEAN-GUY,6,6,0
1970,JEAN-FRANCOIS,6,6,0
1970,JEAN-CLAUDE,5,5,0
1970,JAYSON,31,31,0
1970,JAY,81,81,0
1970,JASON,1491,1491,0
1970,JASEN,7,7,0
1970,JARROD,5,5,0
1970,JARED,5,5,0
1970,JAMIESON,5,5,0
1970,JAMES,1764,1764,0
1970,JAKE,5,5,0
1970,JAIME,11,11,0
1970,JACQUES,30,30,0
1970,JACOB,26,26,0
1970,JESSE,26,26,0
1970,J,5,5,0
1970,JIM,26,26,0
1970,JOAO,13,13,0
1970,JULIO,5,5,0
1970,JULIEN,5,5,0
1970,JULIAN,17,17,0
1970,JUDE,5,5,0
1970,JUAN,9,9,0
1970,JOSIP,5,5,0
1970,JOSHUA,27,27,0
1970,JOSEPH,1818,1818,0
1970,JOSEF,8,8,0
1970,JOSE,39,39,0
1970,JORGE,8,8,0
1970,JORDAN,29,29,0
1970,JONATHON,27,27,0
1970,JONATHAN,257,257,0
1970,JONAS,5,5,0
1970,JON,45,45,0
1970,JOLYON,5,5,0
1970,JOHN-PAUL,10,10,0
1970,JOHNNY,47,47,0
1970,JOHNATHAN,15,15,0
1970,JOHN,2101,2101,0
1970,JOHANNES,11,11,0
1970,JOHAN,5,5,0
1970,JOEY,28,28,0
1970,JOESPH,12,12,0
1970,JOEL,105,105,0
1970,JOE,22,22,0
1970,JIMMY,31,31,0
1970,ALAIN,64,64,0
1970,ALFRED,24,24,0
1970,ADRIEN,7,7,0
1970,JOSIE,8,0,8
1970,JOSÉE,9,0,9
1970,JOY,40,0,40
1970,JOYCE,43,0,43
1970,JUANITA,24,0,24
1970,JUDITH,87,0,87
1970,JUDY,72,0,72
1970,JULIA,165,0,165
1970,JULIANA,20,0,20
1970,JULIANNA,10,0,10
1970,JULIANNE,22,0,22
1970,JULIE,700,0,700
1970,JULIE-ANN,10,0,10
1970,JULIE-ANNE,10,0,10
1970,JULIET,11,0,11
1970,JUNE,19,0,19
1970,JUSTINE,15,0,15
1970,KARA,29,0,29
1970,KAREN,974,0,974
1970,KAREY,6,0,6
1970,KARI,40,0,40
1970,KARI-LYNN,7,0,7
1970,KARIN,41,0,41
1970,JOSEPHINE,43,0,43
1970,JOSEE,34,0,34
1970,JOHANNE,17,0,17
1970,JOHANNA,22,0,22
1970,JENNIFER,1781,0,1781
1970,JENNY,40,0,40
1970,JESSICA,55,0,55
1970,JESSIE,11,0,11
1970,JEWEL,6,0,6
1970,JILL,105,0,105
1970,JILLIAN,23,0,23
1970,JO ANN,7,0,7
1970,JO ANNE,10,0,10
1970,JO-ANN,19,0,19
1970,JO-ANNA,6,0,6
1970,KARINA,7,0,7
1970,JO-ANNE,55,0,55
1970,JOANN,15,0,15
1970,JOANNA,95,0,95
1970,JOANNE,350,0,350
1970,JOCELYN,35,6,29
1970,JOCELYNE,12,0,12
1970,JODI,153,5,148
1970,JODI-LYNN,9,0,9
1970,JODIE,53,0,53
1970,JODY,202,66,136
1970,JODY-LYNN,7,0,7
1970,JOELLE,21,0,21
1970,JOAN,39,0,39
1970,JENIFER,12,0,12
1970,KARLA,22,0,22
1970,KARRIE,23,0,23
1970,KIMBERLEE,14,0,14
1970,KIMBERLEY,406,0,406
1970,KIMBERLEY-ANN,7,0,7
1970,KIMBERLEY-ANNE,12,0,12
1970,KIMBERLIE,7,0,7
1970,KIMBERLY,760,0,760
1970,KIMBERLY-ANN,33,0,33
1970,KIRA,11,0,11
1970,KIRSTEN,55,0,55
1970,KRISTA,165,0,165
1970,KRISTEN,75,0,75
1970,KRISTI,28,0,28
1970,KRISTIE,14,0,14
1970,KRISTIN,66,0,66
1970,KRISTINA,73,0,73
1970,KRISTINE,98,0,98
1970,KRISTY,13,0,13
1970,KYLA,14,0,14
1970,LANA,50,0,50
1970,LARA,45,0,45
1970,LARISSA,12,0,12
1970,LAURA,650,0,650
1970,LAUREEN,16,0,16
1970,KIMBERELY,8,0,8
1970,KIM,121,8,113
1970,KERRY,124,21,103
1970,KERRIE,26,0,26
1970,KARYN,22,0,22
1970,KATARINA,6,0,6
1970,KATE,6,0,6
1970,KATERINA,7,0,7
1970,KATHARINA,8,0,8
1970,KATHARINE,36,0,36
1970,KATHERINE,324,0,324
1970,KATHLEEN,226,0,226
1970,KATHRINE,8,0,8
1970,KATHRYN,158,0,158
1970,KATHY,76,0,76
1970,KARRI,8,0,8
1970,KATIE,8,0,8
1970,KAY,7,0,7
1970,KELLEY,20,0,20
1970,KELLI,33,0,33
1970,KELLIE,35,0,35
1970,KELLY,745,73,672
1970,KELLY-ANN,18,0,18
1970,KELLY-ANNE,7,0,7
1970,KENDRA,27,0,27
1970,KERI,28,0,28
1970,KERRI,78,0,78
1970,KERRI-LYNN,10,0,10
1970,KATRINA,38,0,38
1970,LAUREL,41,0,41
1970,JEANNINE,17,0,17
1970,JEANNETTE,18,0,18
1970,FRANCA,28,0,28
1970,FRANCE,14,0,14
1970,FRANCES,51,0,51
1970,FRANCESCA,27,0,27
1970,FRANCINE,37,0,37
1970,FRANCIS,61,55,6
1970,GABRIELA,9,0,9
1970,GABRIELLA,13,0,13
1970,GABRIELLE,14,0,14
1970,GAIL,71,0,71
1970,GAYLE,35,0,35
1970,GENEVIEVE,33,0,33
1970,GEORGETTE,7,0,7
1970,GEORGIA,28,0,28
1970,GEORGINA,38,0,38
1970,GERALDINE,32,0,32
1970,GIANNA,7,0,7
1970,GILLIAN,41,0,41
1970,GINA,59,0,59
1970,GINETTE,25,0,25
1970,GIOVANNA,52,0,52
1970,GISELE,13,0,13
1970,GISELLA,7,0,7
1970,FOTINI,6,0,6
1970,FLORENCE,11,0,11
1970,FLORA,6,0,6
1970,FIONA,53,0,53
1970,ELVIRA,11,0,11
1970,EMILIA,13,0,13
1970,EMILIE,6,0,6
1970,EMILY,43,0,43
1970,EMMA,25,0,25
1970,ENZA,8,0,8
1970,ERICA,53,0,53
1970,ERIKA,36,0,36
1970,ERIN,157,7,150
1970,ERINN,6,0,6
1970,ERMINIA,9,0,9
1970,GISELLE,22,0,22
1970,ESTHER,32,0,32
1970,EUNICE,6,0,6
1970,EVA,49,0,49
1970,EVAGELIA,6,0,6
1970,EVELYN,26,0,26
1970,FAITH,10,0,10
1970,FATIMA,14,0,14
1970,FAYE,15,0,15
1970,FELICIA,16,0,16
1970,FEMALE,9,0,9
1970,FERNANDA,6,0,6
1970,FILOMENA,24,0,24
1970,EUGENIA,9,0,9
1970,JEANNIE,23,0,23
1970,GIULIA,6,0,6
1970,GLENDA,21,0,21
1970,JACKIE,15,0,15
1970,JACQUELINE,377,0,377
1970,JACQUELYN,11,0,11
1970,JAMIE,238,225,13
1970,JAN,31,24,7
1970,JANA,34,0,34
1970,JANE,108,0,108
1970,JANELLE,6,0,6
1970,JANET,259,0,259
1970,JANETTE,15,0,15
1970,JANEY,13,0,13
1970,JANICE,200,0,200
1970,JANIE,11,0,11
1970,JANINE,69,0,69
1970,JANIS,29,0,29
1970,JANNA,6,0,6
1970,JAQUELINE,7,0,7
1970,JASMINE,9,0,9
1970,JAYNE,16,0,16
1970,JEAN,150,86,64
1970,JEANETTE,63,0,63
1970,JEANINE,12,0,12
1970,JEANNE,18,0,18
1970,IVANA,12,0,12
1970,ISABELLE,15,0,15
1970,ISABELLA,8,0,8
1970,ISABEL,11,0,11
1970,GLORIA,56,0,56
1970,GRACE,35,0,35
1970,GRAZIA,12,0,12
1970,GRAZIELLA,15,0,15
1970,GWEN,10,0,10
1970,GWENDOLEN,6,0,6
1970,GWENDOLYN,15,0,15
1970,HANNAH,10,0,10
1970,HAYLEY,6,0,6
1970,HEATHER,667,0,667
1970,HEIDI,103,0,103
1970,GIUSEPPINA,73,0,73
1970,HELEN,155,0,155
1970,HELENE,9,0,9
1970,HILARY,26,0,26
1970,HILDA,8,0,8
1970,HILLARY,11,0,11
1970,HOLLY,103,0,103
1970,HOPE,13,0,13
1970,IDA,16,0,16
1970,INFANT,26,15,11
1970,INGRID,36,0,36
1970,IOLANDA,7,0,7
1970,IRENE,70,0,70
1970,HELENA,20,0,20
1970,ELSIE,9,0,9
1970,LAUREN,26,0,26
1970,LAURIE,270,8,262
1970,MAGDA,6,0,6
1970,MADELINE,8,0,8
1970,MADELEINE,10,0,10
1970,LYNNE,48,0,48
1970,LYNN,166,0,166
1970,LYNETTE,11,0,11
1970,LYNE,17,0,17
1970,LYNDA,70,0,70
1970,LYDIA,27,0,27
1970,LUISA,41,0,41
1970,LUCY,32,0,32
1970,LUCINDA,8,0,8
1970,LUCILLE,15,0,15
1970,LUCIE,21,0,21
1970,LUCIANA,6,0,6
1970,LUCIA,68,0,68
1970,LUANNE,10,0,10
1970,LOUISE,71,0,71
1970,LOUISA,10,0,10
1970,LORRIE,30,0,30
1970,LORRI,9,0,9
1970,LORRAINE,106,0,106
1970,LORNA,31,0,31
1970,MANDY,13,0,13
1970,MANON,34,0,34
1970,MANUELA,7,0,7
1970,MARA,10,0,10
1970,MARLO,9,0,9
1970,MARLENE,70,0,70
1970,MARLA,27,0,27
1970,MARJORIE,22,0,22
1970,MARISA,49,0,49
1970,MARION,24,0,24
1970,MARINA,32,0,32
1970,MARILYN,73,0,73
1970,MARILENA,10,0,10
1970,MARIE-JOSEE,9,0,9
1970,MARIE,1197,0,1197
1970,LORIE,29,0,29
1970,MARIANNE,47,0,47
1970,MARIAN,16,0,16
1970,MARIA,499,0,499
1970,MARI,6,0,6
1970,MARGOT,9,0,9
1970,MARGO,10,0,10
1970,MARGHERITA,6,0,6
1970,MARGARET,207,0,207
1970,MARCY,26,0,26
1970,MARCIE,9,0,9
1970,MARCIA,52,0,52
1970,MARCELLA,10,0,10
1970,MARIANNA,16,0,16
1970,MARNI,28,0,28
1970,LORIANNE,7,0,7
1970,LORI-LYNN,6,0,6
1970,LIANA,10,0,10
1970,LESLIE,223,68,155
1970,LESLEY,150,0,150
1970,LESIA,9,0,9
1970,LESA,12,0,12
1970,LEONA,29,0,29
1970,LENORE,7,0,7
1970,LENA,15,0,15
1970,LEISA,9,0,9
1970,LEILA,8,0,8
1970,LEIGH-ANNE,8,0,8
1970,LEIGH,50,6,44
1970,LEEANNE,10,0,10
1970,LEEANN,7,0,7
1970,LEE-ANNE,23,0,23
1970,LEE-ANN,29,0,29
1970,LEE ANN,6,0,6
1970,LEE,144,88,56
1970,LEANNE,149,0,149
1970,LEANNA,8,0,8
1970,LEANN,12,0,12
1970,LEAH,59,0,59
1970,LAURIE-ANN,13,0,13
1970,LIANE,12,0,12
1970,LIANNE,31,0,31
1970,LIDIA,13,0,13
1970,LIETTE,7,0,7
1970,LORI-ANNE,22,0,22
1970,LORI-ANN,45,0,45
1970,LORI,557,0,557
1970,LORETTA,62,0,62
1970,LORENA,15,0,15
1970,LORELEI,10,0,10
1970,LOREDANA,20,0,20
1970,LORA,28,0,28
1970,LOIS,23,0,23
1970,LIZA,24,0,24
1970,LISSA,6,0,6
1970,LORIANN,6,0,6
1970,LISETTE,6,0,6
1970,LISA,1558,0,1558
1970,LINE,13,0,13
1970,LINDSEY,6,0,6
1970,LINDSAY,9,0,9
1970,LINDA,403,0,403
1970,LINA,34,0,34
1970,LILY,8,0,8
1970,LILLIAN,34,0,34
1970,LILIANA,13,0,13
1970,LILA,11,0,11
1970,LIISA,11,0,11
1970,LISE,43,0,43
1970,LAURI,11,0,11
1970,MARNIE,60,0,60
1970,MARTA,10,0,10
1970,PATRICIA,534,0,534
1970,PATRICA,11,0,11
1970,PASQUALINA,12,0,12
1970,PARASKEVI,8,0,8
1970,PAOLA,24,0,24
1970,PANAGIOTA,22,0,22
1970,PAMELA,362,0,362
1970,PAMALA,6,0,6
1970,PAIGE,12,0,12
1970,ORNELLA,7,0,7
1970,OLIVIA,6,0,6
1970,OLGA,14,0,14
1970,NOT,18,12,6
1970,NORMA,19,0,19
1970,NOREEN,12,0,12
1970,NORA,15,0,15
1970,NOELLE,10,0,10
1970,NINA,13,0,13
1970,NIKKI,6,0,6
1970,NIKI,10,0,10
1970,NICOLINA,11,0,11
1970,NICOLE,537,0,537
1970,NICOLA,84,61,23
1970,PATRIZIA,48,0,48
1970,PATTI,26,0,26
1970,PATTY,9,0,9
1970,PAULA,290,0,290
1970,RHONDA,193,0,193
1970,RENEE,100,0,100
1970,RENE,42,35,7
1970,RENATA,19,0,19
1970,REGINA,10,0,10
1970,REBECCA,179,0,179
1970,RAQUEL,21,0,21
1970,RANDI,7,0,7
1970,RAMONA,15,0,15
1970,RACHELLE,45,0,45
1970,RACHEL,152,0,152
1970,NICOL,6,0,6
1970,RACHAEL,8,0,8
1970,PINA,11,0,11
1970,PHYLLIS,8,0,8
1970,PETRINA,6,0,6
1970,PETRA,16,0,16
1970,PENNY,87,0,87
1970,PENELOPE,30,0,30
1970,PEGGY,47,0,47
1970,PEARL,9,0,9
1970,PAULINE,88,0,88
1970,AGOSTINO,7,7,0
1970,PAULETTE,25,0,25
1970,PRISCILLA,14,0,14
1970,MARSHA,26,0,26
1970,NICHOLE,13,0,13
1970,NATHALIE,85,0,85
1970,MELYNDA,6,0,6
1970,MELODY,24,0,24
1970,MELODIE,11,0,11
1970,MELISSA,282,0,282
1970,MELINDA,52,0,52
1970,MELANIE,217,0,217
1970,MEGHAN,8,0,8
1970,MEGAN,28,0,28
1970,MAY,7,0,7
1970,MAXINE,12,0,12
1970,MAUREEN,94,0,94
1970,MAURA,7,0,7
1970,MARYLOU,6,0,6
1970,MARYANNE,10,0,10
1970,MARYANN,15,0,15
1970,MARY-LYNN,7,0,7
1970,MARY-LOU,6,0,6
1970,MARY-ANNE,10,0,10
1970,MARY-ANN,17,0,17
1970,MARY,734,0,734
1970,MARTINE,12,0,12
1970,MARTINA,16,0,16
1970,MARTHA,47,0,47
1970,MEREDITH,36,0,36
1970,MICHAELA,9,0,9
1970,MICHELE,172,62,110
1970,MICHELINA,10,0,10
1970,NATASHA,50,0,50
1970,NATALINA,7,0,7
1970,NATALIE,218,0,218
1970,NATALIA,15,0,15
1970,NAOMI,32,0,32
1970,NANETTE,8,0,8
1970,NANCY,563,0,563
1970,NADINE,71,0,71
1970,NADIA,79,0,79
1970,NADA,10,0,10
1970,MYRNA,9,0,9
1970,NELIA,15,0,15
1970,MONIQUE,124,0,124
1970,MONICA,106,0,106
1970,MONA,17,0,17
1970,MOIRA,13,0,13
1970,MIRIAM,29,0,29
1970,MIRELLA,16,0,16
1970,MIREILLE,6,0,6
1970,MIRANDA,17,0,17
1970,MILENA,9,0,9
1970,MICHELLE,1255,0,1255
1970,MICHELL,8,0,8
1970,MICHELINE,16,0,16
1970,MONIKA,22,0,22
1970,ELLEN,45,0,45
1970,LAURIE-ANNE,6,0,6
1970,ELIZABETH,509,0,509
1970,TIFFANY,45,0,45
1970,TINA,383,0,383
1970,TIZIANA,6,0,6
1970,TOBY,21,12,9
1970,TONI,14,0,14
1970,TONIA,14,0,14
1970,TONYA,33,0,33
1970,TRACEY,459,0,459
1970,TRACI,12,0,12
1970,TRACIE,28,0,28
1970,TRACY,981,6,975
1970,TRACY-LYNN,12,0,12
1970,TREENA,27,0,27
1970,TRICIA,96,0,96
1970,TRINA,44,0,44
1970,TRISHA,28,0,28
1970,TRUDI,7,0,7
1970,TRUDY,29,0,29
1970,URSULA,10,0,10
1970,VALENTINA,6,0,6
1970,VALERIE,128,0,128
1970,VANDA,6,0,6
1970,VANESSA,79,0,79
1970,TIA,7,0,7
1970,THERESSA,17,0,17
1970,THERESE,16,0,16
1970,THERESA,139,0,139
1970,SUZY,13,0,13
1970,SYLVIA,79,0,79
1970,SYLVIE,80,0,80
1970,TABATHA,16,0,16
1970,TABITHA,15,0,15
1970,TAMARA,214,0,214
1970,TAMATHA,6,0,6
1970,TAMI,16,0,16
1970,TAMMI,18,0,18
1970,TAMMIE,28,0,28
1970,TAMMY,1114,0,1114
1970,VASILIKI,14,0,14
1970,TAMMY-LYNN,14,0,14
1970,TANIS,9,0,9
1970,TANJA,18,0,18
1970,TANYA,352,0,352
1970,TARA,223,0,223
1970,TASHA,11,0,11
1970,TEENA,22,0,22
1970,TERESA,261,0,261
1970,TERI,20,0,20
1970,TERRI,94,0,94
1970,TERRI-LYNN,19,0,19
1970,TERRY,246,197,49
1970,TANIA,102,0,102
1970,SUZIE,7,0,7
1970,VASSILIKI,6,0,6
1970,VERNA,15,0,15
1970,ADRIANO,19,19,0
1970,ADELE,22,0,22
1970,ADELINA,8,0,8
1970,ADRIANA,27,0,27
1970,ADRIENNE,52,0,52
1970,AGNES,9,0,9
1970,AILEEN,14,0,14
1970,AIMEE,22,0,22
1970,ALANA,43,0,43
1970,ALANNA,13,0,13
1970,ALBA,6,0,6
1970,ALEKSANDRA,6,0,6
1970,ALEXANDRA,68,0,68
1970,ALEXANDRIA,6,0,6
1970,ALEXIS,8,0,8
1970,ALICE,38,0,38
1970,ALICIA,20,0,20
1970,ALIDA,7,0,7
1970,ALINE,12,0,12
1970,ALISA,17,0,17
1970,ALISON,171,0,171
1970,ALISSA,7,0,7
1970,ALLISON,118,0,118
1970,ADRIAN,57,57,0
1970,ADAM,163,163,0
1970,ABRAHAM,7,7,0
1970,AARON,119,119,0
1970,VERONICA,46,0,46
1970,VESNA,10,0,10
1970,VICKI,77,0,77
1970,VICKIE,16,0,16
1970,VICKY,28,0,28
1970,VICTORIA,159,0,159
1970,VIKKI,10,0,10
1970,VINCENZA,17,0,17
1970,VIOLA,6,0,6
1970,VIOLET,7,0,7
1970,VIRGINIA,53,0,53
1970,VERA,14,0,14
1970,VITA,6,0,6
1970,VIVIAN,29,0,29
1970,WANDA,70,0,70
1970,WENDI,22,0,22
1970,WENDY,408,0,408
1970,WILMA,7,0,7
1970,YAEL,6,0,6
1970,YOLANDA,12,0,12
1970,YOLANDE,8,0,8
1970,YVETTE,37,0,37
1970,YVONNE,91,0,91
1970,ZOE,13,0,13
1970,VITTORIA,9,0,9
1970,ALLYSON,20,0,20
1970,SUZETTE,12,0,12
1970,SUZANA,10,0,10
1970,ROXANNE,60,0,60
1970,RUBY,16,0,16
1970,RUTH,69,0,69
1970,SABINA,9,0,9
1970,SABINE,7,0,7
1970,SABRINA,72,0,72
1970,SALLY,25,0,25
1970,SAMANTHA,103,0,103
1970,SANDI,14,0,14
1970,SANDRA,717,0,717
1970,SANDY,52,15,37
1970,SANTINA,8,0,8
1970,SARA,97,0,97
1970,SARAH,258,0,258
1970,SARI,7,0,7
1970,SEANA,8,0,8
1970,SELENA,17,0,17
1970,SERENA,33,0,33
1970,SERINA,6,0,6
1970,SHANA,11,0,11
1970,SHANI,6,0,6
1970,SHANNON,365,32,333
1970,SHARI,100,0,100
1970,ROXANE,27,0,27
1970,ROSMARIE,10,0,10
1970,ROSLYN,7,0,7
1970,ROSINA,12,0,12
1970,ELIZEBETH,6,0,6
1970,RICHELLE,7,0,7
1970,RINA,8,0,8
1970,RITA,80,0,80
1970,ROBERTA,65,0,65
1970,ROBIN,270,89,181
1970,ROBYN,46,0,46
1970,ROCHELLE,31,0,31
1970,RONDA,27,0,27
1970,ROSA,84,0,84
1970,ROSALBA,12,0,12
1970,SHARLEEN,6,0,6
1970,ROSALIA,7,0,7
1970,ROSALIND,8,0,8
1970,ROSAMARIA,9,0,9
1970,ROSANNA,49,0,49
1970,ROSANNE,18,0,18
1970,ROSARIA,12,0,12
1970,ROSE,46,0,46
1970,ROSE-MARIE,7,0,7
1970,ROSELLA,10,0,10
1970,ROSEMARIE,22,0,22
1970,ROSEMARY,48,0,48
1970,ROSETTA,18,0,18
1970,ROSALIE,6,0,6
1970,SUZANNE,232,0,232
1970,SHARLENE,26,0,26
1970,SHARRON,8,0,8
1970,SONIA,83,0,83
1970,SONJA,26,0,26
1970,SONYA,72,0,72
1970,SOPHIA,27,0,27
1970,SOPHIE,21,0,21
1970,STACEY,247,26,221
1970,STACIE,13,0,13
1970,STACY,80,13,67
1970,STARR,7,0,7
1970,STAVROULA,8,0,8
1970,STEFANIA,15,0,15
1970,STEFANIE,14,0,14
1970,STELLA,24,0,24
1970,STEPHANIE,447,0,447
1970,SUE,6,0,6
1970,SUSAN,884,0,884
1970,SUSANA,12,0,12
1970,SUSANNA,30,0,30
1970,SUSANNAH,10,0,10
1970,SUSANNE,109,0,109
1970,SUSIE,8,0,8
1970,SUSY,26,0,26
1970,SUZAN,10,0,10
1970,SOFIA,11,0,11
1970,SIOBHAN,8,0,8
1970,SIMONE,27,0,27
1970,SILVIA,24,0,24
1970,SHARYN,6,0,6
1970,SHAUNA,29,0,29
1970,SHAWN,565,556,9
1970,SHAWNA,55,0,55
1970,SHEENA,16,0,16
1970,SHEILA,137,0,137
1970,ABIGAIL,7,0,7
1970,SHELAGH,12,0,12
1970,SHELLEY,319,0,319
1970,SHELLY,112,0,112
1970,SHERI,192,0,192
1970,SHARON,307,0,307
1970,SHERI-LYNN,7,0,7
1970,SHERRI-LYNN,24,0,24
1970,SHERRIE,20,0,20
1970,SHERRILL,6,0,6
1970,SHERRY,245,0,245
1970,SHERRY-LYNN,9,0,9
1970,SHERYL,73,0,73
1970,SHIRLEY,68,0,68
1970,SHONA,21,0,21
1970,SHOSHANA,7,0,7
1970,SIAN,7,0,7
1970,SILVANA,31,0,31
1970,SHERRI,123,0,123
1970,ALMA,7,0,7
1970,ADA,8,0,8
1970,ALYSSA,10,0,10
1970,CONNIE,132,0,132
1970,CONSTANCE,32,0,32
1970,COREY,132,126,6
1970,CORI,9,0,9
1970,CORINA,15,0,15
1970,CORINNA,20,0,20
1970,CORINNE,43,0,43
1970,CORRIE,19,6,13
1970,CORRINA,8,0,8
1970,CORRINE,11,0,11
1970,CORRY,12,0,12
1970,CORY,157,151,6
1970,CRISTINA,26,0,26
1970,CRISTINE,6,0,6
1970,CRYSTAL,85,0,85
1970,CYNTHIA,323,0,323
1970,DALE,178,164,14
1970,DANA,142,20,122
1970,DANIELA,45,0,45
1970,DANIELLA,6,0,6
1970,DANIELLE,99,0,99
1970,DANNA,6,0,6
1970,DAPHNE,15,0,15
1970,CONCETTINA,8,0,8
1970,CONCETTA,22,0,22
1970,COLLETTE,7,0,7
1970,COLLEEN,216,0,216
1970,CHANTEL,9,0,9
1970,CHANTELLE,17,0,17
1970,CHARLENE,148,0,148
1970,CHARLOTTE,52,0,52
1970,CHARMAINE,33,0,33
1970,CHERI,22,0,22
1970,CHERIE,46,0,46
1970,CHERYL,333,0,333
1970,CHRISTA,29,0,29
1970,CHRISTENE,6,0,6
1970,CHRISTIE,13,0,13
1970,DARA,6,0,6
1970,CHRISTINA,285,0,285
1970,CHRISTY,26,0,26
1970,CINDY,293,0,293
1970,CINZIA,11,0,11
1970,CLAIRE,39,0,39
1970,CLARA,13,0,13
1970,CLARE,12,6,6
1970,CLAUDETTE,25,0,25
1970,CLAUDIA,59,0,59
1970,CLAUDINE,14,0,14
1970,COLEEN,7,0,7
1970,COLETTE,24,0,24
1970,CHRISTINE,882,0,882
1970,CHANTALE,16,0,16
1970,DARCY,83,75,8
1970,DARLENE,185,0,185
1970,DIONNE,16,0,16
1970,DOLORES,14,0,14
1970,DOMENICA,11,0,11
1970,DOMINIQUE,18,8,10
1970,DONNA,351,0,351
1970,DORA,11,0,11
1970,DOREEN,20,0,20
1970,DORIS,28,0,28
1970,DOROTHY,53,0,53
1970,EDITH,19,0,19
1970,EDNA,10,0,10
1970,EILEEN,28,0,28
1970,EKATERINI,7,0,7
1970,ELAINE,116,0,116
1970,ELANA,9,0,9
1970,ELEANOR,17,0,17
1970,ELENA,32,0,32
1970,ELENI,9,0,9
1970,ELISA,27,0,27
1970,ELISABETH,23,0,23
1970,ELISABETTA,15,0,15
1970,ELISE,11,0,11
1970,ALYSON,12,0,12
1970,DIONE,10,0,10
1970,DINA,33,0,33
1970,DIMITRA,16,0,16
1970,DIANNE,77,0,77
1970,DAWN,295,0,295
1970,ELISSA,9,0,9
1970,DAWNA,12,0,12
1970,DAWNE,11,0,11
1970,DAYNA,18,0,18
1970,DEANA,19,0,19
1970,DEANNA,138,0,138
1970,DEANNE,20,0,20
1970,DEBBIE,111,0,111
1970,DEBORA,25,0,25
1970,DEBORAH,424,0,424
1970,DARLA,15,0,15
1970,DEBRA,219,0,219
1970,DEIDRE,10,0,10
1970,DEIRDRE,13,0,13
1970,DELIA,7,0,7
1970,DELORES,12,0,12
1970,DENA,8,0,8
1970,DENISE,346,0,346
1970,DESIREE,8,0,8
1970,DESPINA,13,0,13
1970,DIANA,178,0,178
1970,DIANE,232,0,232
1970,DIANNA,24,0,24
1970,DEENA,8,0,8
1970,CHANTAL,127,0,127
1970,DAWN-MARIE,6,0,6
1970,CELINE,15,0,15
1970,ANNMARIE,9,0,9
1970,ANTOINETTE,12,0,12
1970,ANTONELLA,39,0,39
1970,ANTONIA,17,0,17
1970,ANTONIETTA,52,0,52
1970,ANTONINA,14,0,14
1970,APRIL,104,0,104
1970,ARLENE,41,0,41
1970,ASHLEY,17,11,6
1970,ASSUNTA,16,0,16
1970,ASTRID,6,0,6
1970,AUDRA,14,0,14
1970,AUDREY,42,0,42
1970,BABY,427,240,187
1970,BARBARA,386,0,386
1970,BARBARA-ANN,9,0,9
1970,BARBRA,16,0,16
1970,BEATRICE,13,0,13
1970,BECKY,20,0,20
1970,BELINDA,33,0,33
1970,BERNADETTE,24,0,24
1970,BERNADINE,6,0,6
1970,BERNICE,24,0,24
1970,ANNIE,22,0,22
1970,ANNETTE,113,0,113
1970,ANNE-MARIE,39,0,39
1970,ANNAMARIA,9,0,9
1970,AMANDA,129,0,129
1970,CHANDRA,7,0,7
1970,AMBER,35,0,35
1970,AMELIA,15,0,15
1970,AMY,145,0,145
1970,ANA,28,0,28
1970,ANASTASIA,33,0,33
1970,ANDREA,447,15,432
1970,ANDRIA,6,0,6
1970,ANGEL,22,0,22
1970,ANGELA,654,0,654
1970,BESSIE,6,0,6
1970,ANGELE,13,0,13
1970,ANGELINA,34,0,34
1970,ANGELINE,6,0,6
1970,ANGELIQUE,23,0,23
1970,ANGIE,8,0,8
1970,ANIK,7,0,7
1970,ANISSA,6,0,6
1970,ANITA,131,0,131
1970,ANN,151,0,151
1970,ANN-MARIE,26,0,26
1970,ANNA,268,0,268
1970,ANNA-MARIA,6,0,6
1970,ANGELICA,7,0,7
1970,BETH,34,0,34
1970,ANNE,189,0,189
1970,BETTINA,9,0,9
1970,CARMEN,51,6,45
1970,CAROL,214,0,214
1970,CAROL-ANN,6,0,6
1970,CAROLANN,6,0,6
1970,CAROLE,78,0,78
1970,CAROLINA,12,0,12
1970,CAROLINE,104,0,104
1970,CAROLYN,244,0,244
1970,CAROLYNN,9,0,9
1970,CARRIE,201,0,201
1970,CARRIE-ANNE,15,0,15
1970,CARRIE-LYNN,6,0,6
1970,CASSANDRA,44,0,44
1970,CATERINA,46,0,46
1970,CATHARINE,81,0,81
1970,CATHERINE,474,0,474
1970,CATHRYN,6,0,6
1970,CATHY,83,0,83
1970,CATRINA,6,0,6
1970,CECILIA,13,0,13
1970,BETHANY,11,0,11
1970,CELESTE,6,0,6
1970,CELIA,10,0,10
1970,CARMELINA,19,0,19
1970,CARMELA,41,0,41
1970,CARRIE-ANN,9,0,9
1970,CARIN,6,0,6
1970,BEVERLEY,30,0,30
1970,BEVERLY,84,0,84
1970,CARLA,86,0,86
1970,BOBBI,22,0,22
1970,BOBBI-JO,9,0,9
1970,BOBBIE,6,0,6
1970,BOBBIE-JO,8,0,8
1970,BONITA,8,0,8
1970,BRANDI,6,0,6
1970,BRENDA,389,0,389
1970,BRIDGET,17,0,17
1970,BRIGETTE,12,0,12
1970,BONNIE,178,0,178
1970,BRIGITTE,34,0,34
1970,CARI,7,0,7
1970,CARA,21,0,21
1970,CANDY,11,0,11
1970,CANDICE,29,0,29
1970,CANDACE,51,0,51
1970,CAREY,24,10,14
1970,BETTY,54,0,54
1970,CAMILLA,8,0,8
1970,BRUNA,6,0,6
1970,BROOKE,6,0,6
1970,CAMILLE,18,0,18
1971,PERRY,22,22,0
1971,PETAR,7,7,0
1971,PETER,749,749,0
1971,PHILIP,176,176,0
1971,PHILIPPE,28,28,0
1971,PERCY,6,6,0
1971,PHILLIP,55,55,0
1971,PIERRE,85,85,0
1971,QUINN,9,9,0
1971,PIETRO,43,43,0
1971,QUENTIN,7,7,0
1971,RAFFAELE,16,16,0
1971,PIERO,7,7,0
1971,PANAGIOTIS,19,19,0
1971,PAULO,45,45,0
1971,PAUL,1241,1241,0
1971,PATRICK,407,407,0
1971,PASQUALINO,9,9,0
1971,PASQUALE,33,33,0
1971,PASCAL,9,9,0
1971,PARRY,5,5,0
1971,PAOLO,60,60,0
1971,PABLO,5,5,0
1971,OWEN,32,32,0
1971,RAJEEV,5,5,0
1971,OSCAR,6,6,0
1971,PEDRO,10,10,0
1971,RALPH,35,35,0
1971,ROBERT,2226,2226,0
1971,RANDALL,26,26,0
1971,OMAR,12,12,0
1971,ROCK,5,5,0
1971,ROCH,15,15,0
1971,ROCCO,47,47,0
1971,ROBERTO,160,160,0
1971,ROBBY,5,5,0
1971,ROBBIE,47,47,0
1971,RIEL,5,5,0
1971,RICKY,47,47,0
1971,RICK,9,9,0
1971,RICHARD,1014,1014,0
1971,RICCARDO,15,15,0
1971,RICARDO,15,15,0
1971,RHEAL,7,7,0
1971,REUBEN,10,10,0
1971,RENATO,10,10,0
1971,REMO,13,13,0
1971,REJEAN,9,9,0
1971,REID,5,5,0
1971,REGINALD,19,19,0
1971,RAYMOND,210,210,0
1971,RAYMON,5,5,0
1971,RAY,11,11,0
1971,RAVI,5,5,0
1971,RAPHAEL,7,7,0
1971,RANDY,135,135,0
1971,RANDOLPH,27,27,0
1971,RANDAL,23,23,0
1971,OLIVER,37,37,0
1971,MARSHALL,8,8,0
1971,NORMAN,110,110,0
1971,MICHEL,152,152,0
1971,MICHEAL,124,124,0
1971,MICHAEL,2499,2499,0
1971,MERVIN,7,7,0
1971,MERLE,5,5,0
1971,MELVIN,21,21,0
1971,MAXWELL,7,7,0
1971,MAX,8,8,0
1971,MAURO,23,23,0
1971,MAURIZIO,34,34,0
1971,MAURICE,45,45,0
1971,MATTHEW,431,431,0
1971,MIGUEL,12,12,0
1971,MATTEO,9,9,0
1971,MATHEW,47,47,0
1971,MASSIMO,29,29,0
1971,MARVIN,20,20,0
1971,MARTY,16,16,0
1971,MARTIN,201,201,0
1971,MARLON,6,6,0
1971,MARKUS,9,9,0
1971,MARKO,14,14,0
1971,MARK,1125,1125,0
1971,MARIO,103,103,0
1971,MARINO,5,5,0
1971,MARCUS,43,43,0
1971,MATHIEU,5,5,0
1971,MIKE,45,45,0
1971,MILAN,16,16,0
1971,MILES,8,8,0
1971,NONE,5,5,0
1971,NOEL,30,30,0
1971,NOAH,18,18,0
1971,NINO,6,6,0
1971,NIKOLAOS,9,9,0
1971,NIKOLA,7,7,0
1971,NIGEL,12,12,0
1971,NICOLINO,6,6,0
1971,NICOLAS,10,10,0
1971,NICKOLAS,5,5,0
1971,NICKOLAOS,6,6,0
1971,NICK,46,46,0
1971,NICHOLAS,100,100,0
1971,NEWBORN,5,5,0
1971,NELSON,63,63,0
1971,NEKTARIOS,7,7,0
1971,NEIL,140,140,0
1971,NEAL,21,21,0
1971,NATHANIEL,13,13,0
1971,NATHAN,43,43,0
1971,MYRON,7,7,0
1971,MYLES,7,7,0
1971,MURRAY,69,69,0
1971,MORGAN,9,9,0
1971,MOHAMED,5,5,0
1971,MITCHELL,33,33,0
1971,MIRKO,6,6,0
1971,NORMAND,19,19,0
1971,RODERICK,28,28,0
1971,WALLACE,11,11,0
1971,RODNEY,136,136,0
1971,TRISTAN,6,6,0
1971,TREVOR,382,382,0
1971,TREVER,13,13,0
1971,TRENT,17,17,0
1971,TRAVIS,55,55,0
1971,TONY,105,105,0
1971,TOMMY,21,21,0
1971,TOMMASO,8,8,0
1971,TOMISLAV,11,11,0
1971,TOM,25,25,0
1971,TODD,420,420,0
1971,TOD,5,5,0
1971,TOBY,11,11,0
1971,TIMOTHY,614,614,0
1971,TIMMY,10,10,0
1971,THOMAS,542,542,0
1971,THIERRY,5,5,0
1971,THEODOROS,14,14,0
1971,THEODORE,37,37,0
1971,TERRENCE,28,28,0
1971,TERRANCE,42,42,0
1971,TERENCE,68,68,0
1971,TERANCE,6,6,0
1971,TEDDY,9,9,0
1971,TED,24,24,0
1971,SYLVAIN,23,23,0
1971,SYDNEY,9,9,0
1971,TROY,167,167,0
1971,SUNIL,5,5,0
1971,TYLER,38,38,0
1971,TYSON,11,11,0
1971,MARCO,81,81,0
1971,ZACHARY,7,7,0
1971,YVON,17,17,0
1971,YVES,27,27,0
1971,YVAN,9,9,0
1971,WINSTON,8,8,0
1971,WILSON,7,7,0
1971,WILLIAM,971,971,0
1971,WILLEM,7,7,0
1971,WILFRED,9,9,0
1971,WESLEY,55,55,0
1971,WAYNE,265,265,0
1971,WARREN,73,73,0
1971,WALTER,75,75,0
1971,WADE,48,48,0
1971,VLADIMIR,6,6,0
1971,VITTORIO,10,10,0
1971,VITO,30,30,0
1971,VINCENZO,87,87,0
1971,VINCENT,99,99,0
1971,VINCE,6,6,0
1971,VICTOR,90,90,0
1971,VERNON,18,18,0
1971,VAUGHN,8,8,0
1971,VASILIOS,16,16,0
1971,VANCE,13,13,0
1971,VALENTINO,6,6,0
1971,TYRONE,10,10,0
1971,RODGER,12,12,0
1971,STUART,71,71,0
1971,STEVEN,1183,1183,0
1971,SAVERIO,9,9,0
1971,SANTINO,6,6,0
1971,SANDRO,21,21,0
1971,SANDEEP,5,5,0
1971,SAMUEL,58,58,0
1971,SAMMY,8,8,0
1971,SAMIR,5,5,0
1971,SAM,9,9,0
1971,SALVATORE,78,78,0
1971,RYAN,172,172,0
1971,RUSSELL,81,81,0
1971,RUSSEL,5,5,0
1971,RUI,15,15,0
1971,RUDY,15,15,0
1971,RUBEN,6,6,0
1971,ROY,75,75,0
1971,ROSS,47,47,0
1971,ROSARIO,9,9,0
1971,RORY,6,6,0
1971,RONNIE,17,17,0
1971,RONALD,440,440,0
1971,RON,7,7,0
1971,ROMEO,5,5,0
1971,ROMAN,14,14,0
1971,ROLAND,23,23,0
1971,ROGERIO,7,7,0
1971,ROGER,150,150,0
1971,SCOT,19,19,0
1971,STEWART,38,38,0
1971,SCOTT,1077,1077,0
1971,SEAMUS,5,5,0
1971,STEVE,94,94,0
1971,STEVAN,6,6,0
1971,STEPHEN,824,824,0
1971,STÉPHANE,7,7,0
1971,STEPHANE,111,111,0
1971,STEPHAN,48,48,0
1971,STEFANO,24,24,0
1971,STEFAN,27,27,0
1971,STAVROS,6,6,0
1971,STANLEY,62,62,0
1971,SPIROS,8,8,0
1971,SPENCER,12,12,0
1971,SOTIRIOS,6,6,0
1971,SONNY,7,7,0
1971,SOLOMON,6,6,0
1971,SIMON,65,65,0
1971,SILVIO,6,6,0
1971,SIDNEY,13,13,0
1971,SHELDON,42,42,0
1971,SHAYNE,39,39,0
1971,SHAUN,75,75,0
1971,SHANE,226,226,0
1971,SERGIO,24,24,0
1971,SERGE,34,34,0
1971,SEBASTIANO,8,8,0
1971,SEBASTIAN,11,11,0
1971,SEAN,701,701,0
1971,SCOTTY,6,6,0
1971,MARCELLO,11,11,0
1971,IOANNIS,7,7,0
1971,MARC,336,336,0
1971,DALLAS,14,14,0
1971,DALTON,5,5,0
1971,DAMIAN,11,11,0
1971,DAMON,11,11,0
1971,DAN,12,12,0
1971,DANE,5,5,0
1971,DANIAL,9,9,0
1971,DANIEL,907,907,0
1971,DANIELE,26,26,0
1971,DANNY,115,115,0
1971,DANY,10,10,0
1971,DARBY,5,5,0
1971,DAREN,14,14,0
1971,DARIN,20,20,0
1971,DARIO,5,5,0
1971,DARREL,7,7,0
1971,DARRELL,82,82,0
1971,DARREN,300,300,0
1971,DARRIN,39,39,0
1971,DARRYL,163,163,0
1971,DARWIN,7,7,0
1971,DARYL,61,61,0
1971,DARYN,5,5,0
1971,CURTIS,48,48,0
1971,DAVE,25,25,0
1971,CURT,6,6,0
1971,CRAIG,462,462,0
1971,CHRISTIEN,5,5,0
1971,CHRISTOPHER,2059,2059,0
1971,CHRISTOS,15,15,0
1971,CLARENCE,15,15,0
1971,CLARK,7,7,0
1971,CLAUDE,36,36,0
1971,CLAUDIO,34,34,0
1971,CLAYTON,41,41,0
1971,CLIFFORD,56,56,0
1971,CLINT,17,17,0
1971,CLINTON,57,57,0
1971,COLIN,200,200,0
1971,COLLIN,20,20,0
1971,CONRAD,10,10,0
1971,CONSTANTIN,5,5,0
1971,CONSTANTINE,8,8,0
1971,CONSTANTINOS,6,6,0
1971,COREY,123,123,0
1971,CORRADO,13,13,0
1971,CORWIN,8,8,0
1971,CORY,179,179,0
1971,COSIMO,6,6,0
1971,COURTNEY,10,10,0
1971,CRISTOPHER,14,14,0
1971,DAVID,2387,2387,0
1971,DAVIDE,16,16,0
1971,DEAN,206,206,0
1971,DUANE,111,111,0
1971,DUNCAN,26,26,0
1971,DUSTIN,25,25,0
1971,DWAYNE,135,135,0
1971,DWIGHT,21,21,0
1971,DYLAN,12,12,0
1971,EARL,37,37,0
1971,EARLE,7,7,0
1971,EDDIE,11,11,0
1971,EDDY,7,7,0
1971,EDGAR,13,13,0
1971,EDMOND,5,5,0
1971,EDUARDO,9,9,0
1971,EDWARD,370,370,0
1971,EDWIN,19,19,0
1971,ELDON,10,10,0
1971,ELI,14,14,0
1971,ELIAS,12,12,0
1971,ELIO,8,8,0
1971,ELLIOT,7,7,0
1971,ELLIOTT,13,13,0
1971,ELMER,7,7,0
1971,ELVIS,11,11,0
1971,DREW,16,16,0
1971,DOUGLAS,366,366,0
1971,DORIAN,7,7,0
1971,DONOVAN,9,9,0
1971,DEMETRIOS,17,17,0
1971,DENIS,85,85,0
1971,DENNIS,223,223,0
1971,DENNY,19,19,0
1971,DERECK,9,9,0
1971,DEREK,580,580,0
1971,DERICK,12,12,0
1971,DERIK,7,7,0
1971,DERRICK,60,60,0
1971,DERYK,7,7,0
1971,DESMOND,10,10,0
1971,CHRISTIAN,95,95,0
1971,DEVIN,15,15,0
1971,DIEGO,8,8,0
1971,DIMITRIOS,28,28,0
1971,DINO,52,52,0
1971,DION,13,13,0
1971,DIRK,6,6,0
1971,DOMENIC,16,16,0
1971,DOMENICO,82,82,0
1971,DOMINIC,13,13,0
1971,DON,14,14,0
1971,DONALD,408,408,0
1971,DONATO,10,10,0
1971,DEVON,7,7,0
1971,CHRIST,9,9,0
1971,CHRIS,44,44,0
1971,CHISTOPHER,7,7,0
1971,ANDRE,112,112,0
1971,ANDRÉ,5,5,0
1971,ANDREAS,26,26,0
1971,ANDREW,764,764,0
1971,ANDY,35,35,0
1971,ANGELO,107,107,0
1971,ANGELOS,7,7,0
1971,ANGUS,11,11,0
1971,ANTE,7,7,0
1971,ANTHONY,349,349,0
1971,ANTON,9,9,0
1971,ANTONINO,14,14,0
1971,ANTONIO,177,177,0
1971,ANTONIOS,16,16,0
1971,ANTONY,19,19,0
1971,ARCHIE,8,8,0
1971,ARI,12,12,0
1971,ARMAND,9,9,0
1971,ARMANDO,9,9,0
1971,ARNOLD,11,11,0
1971,ARON,10,10,0
1971,ARTHUR,70,70,0
1971,ATHANASIOS,16,16,0
1971,ANASTASIOS,7,7,0
1971,AMEDEO,6,6,0
1971,ALVIN,15,15,0
1971,ALLEN,54,54,0
1971,AARON,177,177,0
1971,ABRAHAM,12,12,0
1971,ADAM,276,276,0
1971,ADAMO,5,5,0
1971,ADRIAN,57,57,0
1971,ADRIANO,12,12,0
1971,AGOSTINO,5,5,0
1971,AJAY,5,5,0
1971,ALAIN,68,68,0
1971,ALAN,149,149,0
1971,ALASDAIR,5,5,0
1971,AUSTIN,6,6,0
1971,ALBERT,80,80,0
1971,ALDO,10,10,0
1971,ALEC,7,7,0
1971,ALESSANDRO,15,15,0
1971,ALEX,15,15,0
1971,ALEXANDER,146,146,0
1971,ALEXANDRE,6,6,0
1971,ALEXANDROS,6,6,0
1971,ALFONSO,11,11,0
1971,ALFRED,38,38,0
1971,ALFREDO,9,9,0
1971,ALLAN,156,156,0
1971,ALBERTO,10,10,0
1971,EMANUEL,9,9,0
1971,BARRIE,6,6,0
1971,BARTLEY,5,5,0
1971,BRIAN,802,802,0
1971,BROCK,5,5,0
1971,BRUCE,147,147,0
1971,BRUNO,38,38,0
1971,BRYAN,169,169,0
1971,BRYCE,12,12,0
1971,BURTON,6,6,0
1971,BYRON,21,21,0
1971,CALLUM,5,5,0
1971,CALVIN,37,37,0
1971,CAMERON,86,86,0
1971,CARL,101,101,0
1971,CARLO,54,54,0
1971,CARLOS,30,30,0
1971,CARMINE,31,31,0
1971,CARSON,6,6,0
1971,CARY,18,18,0
1971,CECIL,15,15,0
1971,CEDRIC,5,5,0
1971,CESARE,6,6,0
1971,CHAD,147,147,0
1971,CHADWICK,13,13,0
1971,CHARLES,250,250,0
1971,BRETT,57,57,0
1971,BRET,5,5,0
1971,BRENT,242,242,0
1971,BRENNAN,8,8,0
1971,BEN,5,5,0
1971,BENJAMIN,98,98,0
1971,BENNY,7,7,0
1971,BENOIT,15,15,0
1971,BERNARD,56,56,0
1971,BERNHARD,7,7,0
1971,BILL,21,21,0
1971,BILLY,17,17,0
1971,BLAINE,17,17,0
1971,BLAIR,57,57,0
1971,BLAKE,22,22,0
1971,BARRY,120,120,0
1971,BOB,5,5,0
1971,BOGDAN,6,6,0
1971,BORIS,9,9,0
1971,BOY,8,8,0
1971,BRAD,26,26,0
1971,BRADFORD,5,5,0
1971,BRADLEY,443,443,0
1971,BRADLY,8,8,0
1971,BRANDON,25,25,0
1971,BRANT,6,6,0
1971,BRENDAN,25,25,0
1971,BRENDON,8,8,0
1971,BOBBY,22,22,0
1971,EMANUELE,5,5,0
1971,EMIL,5,5,0
1971,EMILE,7,7,0
1971,JOHNATHAN,20,20,0
1971,JOHNATHON,6,6,0
1971,JOHNNY,39,39,0
1971,JOHN-PAUL,12,12,0
1971,JOHNY,5,5,0
1971,JON,45,45,0
1971,JONAH,5,5,0
1971,JONAS,11,11,0
1971,JONATHAN,281,281,0
1971,JONATHON,33,33,0
1971,JORDAN,29,29,0
1971,JORGE,8,8,0
1971,JOSEF,9,9,0
1971,JOSEPH,1541,1541,0
1971,JOSHUA,51,51,0
1971,JOSIP,8,8,0
1971,JUAN,10,10,0
1971,JUDE,8,8,0
1971,JULIAN,26,26,0
1971,JUSTIN,118,118,0
1971,KARIM,6,6,0
1971,KARL,58,58,0
1971,KEITH,225,225,0
1971,JOHN,1827,1827,0
1971,JOHAN,6,6,0
1971,JOEY,17,17,0
1971,JOESPH,8,8,0
1971,JASEN,5,5,0
1971,JASON,2082,2082,0
1971,JAY,64,64,0
1971,JAYSON,31,31,0
1971,JEAN-FRANCOIS,7,7,0
1971,JEAN-GUY,6,6,0
1971,JEAN-MARC,7,7,0
1971,JEAN-PAUL,26,26,0
1971,JEAN-PIERRE,12,12,0
1971,JEFF,6,6,0
1971,JEFFEREY,9,9,0
1971,KEN,14,14,0
1971,JEFFERY,355,355,0
1971,JEFFRY,9,9,0
1971,JEREMIE,5,5,0
1971,JEREMY,218,218,0
1971,JEROME,20,20,0
1971,JERRY,61,61,0
1971,JESSE,35,35,0
1971,JIM,21,21,0
1971,JIMMY,31,31,0
1971,JOAO,11,11,0
1971,JOE,24,24,0
1971,JOEL,116,116,0
1971,JEFFREY,899,899,0
1971,JARROD,15,15,0
1971,KENNETH,494,494,0
1971,KEVAN,6,6,0
1971,LEVI,7,7,0
1971,LEWIS,7,7,0
1971,LIAM,12,12,0
1971,LINCOLN,10,10,0
1971,LINO,8,8,0
1971,LIONEL,10,10,0
1971,LLOYD,41,41,0
1971,LONNIE,10,10,0
1971,LONNY,7,7,0
1971,LORENZO,9,9,0
1971,LORNE,34,34,0
1971,LOUIE,5,5,0
1971,LOUIS,63,63,0
1971,LUC,60,60,0
1971,LUCIANO,19,19,0
1971,LUCIEN,5,5,0
1971,LUIGI,43,43,0
1971,LUIS,14,14,0
1971,LUKE,31,31,0
1971,LYLE,20,20,0
1971,MALCOLM,25,25,0
1971,MALE,21,21,0
1971,MANUEL,19,19,0
1971,LESTER,10,10,0
1971,LEROY,8,8,0
1971,LEONARDO,23,23,0
1971,LEONARD,91,91,0
1971,KEVEN,7,7,0
1971,KEVIN,1101,1101,0
1971,KIERAN,6,6,0
1971,KIRBY,6,6,0
1971,KIRK,99,99,0
1971,KONSTANTINOS,18,18,0
1971,KORY,7,7,0
1971,KOSTANTINOS,6,6,0
1971,KRIS,12,12,0
1971,KRISTIAN,6,6,0
1971,KRISTOPHER,26,26,0
1971,KENT,34,34,0
1971,KURT,28,28,0
1971,KYLE,121,121,0
1971,LANCE,52,52,0
1971,LARRY,113,113,0
1971,LASZLO,5,5,0
1971,LAURENCE,12,12,0
1971,LAURENT,8,8,0
1971,LAWRENCE,115,115,0
1971,LEN,5,5,0
1971,LENARD,9,9,0
1971,LEO,43,43,0
1971,LEON,24,24,0
1971,KURTIS,10,10,0
1971,MARCEL,61,61,0
1971,JARRETT,7,7,0
1971,JAMES,1560,1560,0
1971,FRANCO,76,76,0
1971,FRANCOIS,26,26,0
1971,FRANK,202,202,0
1971,FRANKLIN,13,13,0
1971,FRASER,18,18,0
1971,FRED,7,7,0
1971,FREDERIC,6,6,0
1971,FREDERICK,99,99,0
1971,FREDRICK,23,23,0
1971,GABRIEL,16,16,0
1971,GAETAN,11,11,0
1971,GAETANO,18,18,0
1971,GARETH,9,9,0
1971,GARFIELD,6,6,0
1971,GARNET,18,18,0
1971,GARRY,51,51,0
1971,GARTH,11,11,0
1971,GARY,262,262,0
1971,GAVIN,32,32,0
1971,GENE,18,18,0
1971,GENNARO,6,6,0
1971,GEOFFREY,137,137,0
1971,GEORGE,307,307,0
1971,FRANCISCO,7,7,0
1971,FRANCIS,46,46,0
1971,FRANCESCO,118,118,0
1971,FLAVIO,7,7,0
1971,EMILIO,15,15,0
1971,EMMANUEL,7,7,0
1971,ENRICO,15,15,0
1971,ENZO,17,17,0
1971,ERIC,327,327,0
1971,ERICH,11,11,0
1971,ERICK,6,6,0
1971,ERIK,43,43,0
1971,ERNEST,48,48,0
1971,ERNESTO,8,8,0
1971,ERROL,5,5,0
1971,GEORGES,6,6,0
1971,ETHAN,6,6,0
1971,EUGENIO,10,10,0
1971,EVAN,21,21,0
1971,EVANGELOS,7,7,0
1971,EVERETT,6,6,0
1971,FABIAN,11,11,0
1971,FABIO,19,19,0
1971,FABRIZIO,11,11,0
1971,FEDERICO,6,6,0
1971,FELICE,6,6,0
1971,FERNANDO,17,17,0
1971,FILIPPO,10,10,0
1971,EUGENE,29,29,0
1971,JARED,17,17,0
1971,GEORGIOS,8,8,0
1971,GERARD,24,24,0
1971,HAROLD,52,52,0
1971,HARRY,38,38,0
1971,HARVEY,14,14,0
1971,HEATH,9,9,0
1971,HECTOR,9,9,0
1971,HENDRIK,5,5,0
1971,HENRY,55,55,0
1971,HERBERT,25,25,0
1971,HOWARD,39,39,0
1971,HUBERT,10,10,0
1971,HUGH,30,30,0
1971,IAIN,21,21,0
1971,IAN,330,330,0
1971,ISAAC,9,9,0
1971,IVAN,53,53,0
1971,IVANO,6,6,0
1971,J,9,9,0
1971,JACK,46,46,0
1971,JACKSON,5,5,0
1971,JACOB,23,23,0
1971,JACQUES,32,32,0
1971,JAIME,7,7,0
1971,JAKE,7,7,0
1971,HARALAMBOS,5,5,0
1971,HANS,9,9,0
1971,GUY,70,70,0
1971,GUS,11,11,0
1971,GERARDO,6,6,0
1971,GERHARD,7,7,0
1971,GERRY,21,21,0
1971,GIACOMO,9,9,0
1971,GIANCARLO,6,6,0
1971,GIANNI,27,27,0
1971,GILBERT,21,21,0
1971,GILLES,38,38,0
1971,GINO,17,17,0
1971,GIORGIO,7,7,0
1971,GIOVANNI,86,86,0
1971,GERALD,175,175,0
1971,GIUSEPPE,165,165,0
1971,GLENN,163,163,0
1971,GORDAN,6,6,0
1971,GORDON,229,229,0
1971,GRAEME,15,15,0
1971,GRAHAM,85,85,0
1971,GRANT,93,93,0
1971,GREG,14,14,0
1971,GREGG,18,18,0
1971,GREGGORY,5,5,0
1971,GREGORY,712,712,0
1971,GUIDO,7,7,0
1971,GLEN,164,164,0
1971,CARMELO,13,13,0
1971,NATALIE,222,0,222
1971,SOPHIE,21,0,21
1971,MARTINE,14,0,14
1971,MARY,620,0,620
1971,MARY-ANN,15,0,15
1971,MARY-ELLEN,7,0,7
1971,MARY-JANE,8,0,8
1971,MARYANN,15,0,15
1971,MARYANNE,10,0,10
1971,MARYELLEN,6,0,6
1971,MAUREEN,66,0,66
1971,MAXINE,9,0,9
1971,MAY,11,0,11
1971,MAYA,7,0,7
1971,MEAGAN,6,0,6
1971,MEERA,7,0,7
1971,MEGAN,50,0,50
1971,MEGHAN,8,0,8
1971,MELANIE,319,0,319
1971,MELINDA,55,0,55
1971,MELISA,12,0,12
1971,MELISSA,329,0,329
1971,MELLISSA,10,0,10
1971,MELODIE,12,0,12
1971,MELODY,19,0,19
1971,MARTINA,10,0,10
1971,MARTHA,35,0,35
1971,MARTA,7,0,7
1971,MARSHA,22,0,22
1971,MARGHERITA,8,0,8
1971,MARGO,7,0,7
1971,MARGOT,10,0,10
1971,MARGUERITE,6,0,6
1971,MARIA,458,0,458
1971,MARIAN,21,0,21
1971,MARIANA,7,0,7
1971,MARIANNA,21,0,21
1971,MARIANNE,49,0,49
1971,MARIE,1083,0,1083
1971,MARIE-JOSEE,7,0,7
1971,MELONIE,8,0,8
1971,MARIE-LOUISE,7,0,7
1971,MARINA,15,0,15
1971,MARION,20,0,20
1971,MARISA,43,0,43
1971,MARISSA,6,0,6
1971,MARJORIE,18,0,18
1971,MARLA,24,0,24
1971,MARLENE,72,0,72
1971,MARLO,9,0,9
1971,MARNEY,6,0,6
1971,MARNI,16,0,16
1971,MARNIE,70,0,70
1971,MARILYN,57,0,57
1971,MEREDITH,49,0,49
1971,MICHELE,144,49,95
1971,MICHELINA,8,0,8
1971,NELLIE,6,0,6
1971,NICHOLE,15,0,15
1971,NICOLA,90,68,22
1971,NICOLE,537,0,537
1971,NICOLINA,7,0,7
1971,NICOLLE,6,0,6
1971,NIKKI,8,0,8
1971,NINA,33,0,33
1971,NOELLE,15,0,15
1971,NORA,10,0,10
1971,NOREEN,13,0,13
1971,NELLA,9,0,9
1971,NORMA,21,0,21
1971,NUNZIA,6,0,6
1971,OLGA,14,0,14
1971,ORNELLA,6,0,6
1971,PAIGE,8,0,8
1971,PAMELA,344,0,344
1971,PANAGIOTA,15,0,15
1971,PAOLA,27,0,27
1971,PASQUALINA,12,0,12
1971,PATRICA,14,0,14
1971,PATRICE,12,5,7
1971,PATRICIA,465,0,465
1971,NOT,17,10,7
1971,MARGARET,205,0,205
1971,NELIA,18,0,18
1971,NATASHA,67,0,67
1971,MICHELINE,27,0,27
1971,MILENA,7,0,7
1971,MINA,7,0,7
1971,MINDY,7,0,7
1971,MIRA,9,0,9
1971,MIRANDA,18,0,18
1971,MIREILLE,13,0,13
1971,MIRELLA,9,0,9
1971,MIRIAM,24,0,24
1971,MIRJANA,9,0,9
1971,MISTY,6,0,6
1971,NATHALIE,81,0,81
1971,MOIRA,12,0,12
1971,MONA,27,0,27
1971,MONICA,128,0,128
1971,MONIKA,6,0,6
1971,MONIQUE,107,0,107
1971,NADA,16,0,16
1971,NADIA,83,0,83
1971,NADINE,80,0,80
1971,NANCY,485,0,485
1971,NANETTE,8,0,8
1971,NAOMI,24,0,24
1971,NATALIA,10,0,10
1971,MOLLY,8,0,8
1971,MARCY,34,0,34
1971,MARCIE,21,0,21
1971,MARCIA,56,0,56
1971,LEA,11,0,11
1971,LEAH,87,0,87
1971,LEANN,9,0,9
1971,LEANNA,7,0,7
1971,LEANNE,173,0,173
1971,LEE,150,77,73
1971,LEE-ANN,25,0,25
1971,LEE-ANNE,33,0,33
1971,LEEANN,11,0,11
1971,LEEANNE,13,0,13
1971,LEIGH,43,0,43
1971,LAURIE-ANNE,6,0,6
1971,LEIGH-ANN,7,0,7
1971,LENA,18,0,18
1971,LEONA,23,0,23
1971,LESA,11,0,11
1971,LESIA,6,0,6
1971,LESLEY,153,0,153
1971,LESLIE,198,60,138
1971,LIA,11,0,11
1971,LIANA,14,0,14
1971,LIANE,21,0,21
1971,LIANNE,32,0,32
1971,LIDIA,11,0,11
1971,LEIGH-ANNE,7,0,7
1971,LIISA,11,0,11
1971,LAURIE-ANN,10,0,10
1971,LAURI,13,0,13
1971,KIMBERLY-ANNE,8,0,8
1971,KIRA,7,0,7
1971,KIRSTEN,69,0,69
1971,KONSTANTINA,6,0,6
1971,KOREEN,7,0,7
1971,KRISTA,181,0,181
1971,KRISTEN,103,5,98
1971,KRISTI,30,0,30
1971,KRISTIE,9,0,9
1971,KRISTIN,60,0,60
1971,KRISTINA,89,0,89
1971,LAURIE,266,6,260
1971,KRISTINE,94,0,94
1971,KYLA,26,0,26
1971,KYRA,8,0,8
1971,LAILA,8,0,8
1971,LANA,37,0,37
1971,LARA,63,0,63
1971,LARISSA,21,0,21
1971,LAURA,583,0,583
1971,LAURA-LEE,13,0,13
1971,LAUREEN,12,0,12
1971,LAUREL,16,0,16
1971,LAUREN,12,0,12
1971,KRISTY,17,0,17
1971,PATRIZIA,46,0,46
1971,LILIANA,12,0,12
1971,LILY,15,0,15
1971,LUANA,7,0,7
1971,LUANNE,6,0,6
1971,LUCIA,58,0,58
1971,LUCIE,17,0,17
1971,LUCILLE,8,0,8
1971,LUCINDA,9,0,9
1971,LUCY,24,0,24
1971,LUISA,22,0,22
1971,LYDIA,30,0,30
1971,LYN,14,0,14
1971,LYNDA,65,0,65
1971,LOUISE,73,0,73
1971,LYNE,20,0,20
1971,LYNN,144,0,144
1971,LYNNE,55,0,55
1971,LYNNETTE,6,0,6
1971,MADELINE,8,0,8
1971,MAGGIE,6,0,6
1971,MANDY,14,0,14
1971,MANON,24,0,24
1971,MANUELA,7,0,7
1971,MARA,15,0,15
1971,MARCELLA,10,0,10
1971,MARCI,18,0,18
1971,LYNETTE,8,0,8
1971,LILLIAN,24,0,24
1971,LORRIE,28,0,28
1971,LORRAINE,92,0,92
1971,LINA,20,0,20
1971,LINDA,350,0,350
1971,LINDSAY,11,0,11
1971,LINDSEY,6,0,6
1971,LINE,14,0,14
1971,LISA,1421,0,1421
1971,LISA-ANN,7,0,7
1971,LISA-MARIE,8,0,8
1971,LISE,48,0,48
1971,LIZA,23,0,23
1971,LIZETTE,6,0,6
1971,LORRI,10,0,10
1971,LOIS,18,0,18
1971,LOREDANA,15,0,15
1971,LORENA,15,0,15
1971,LORETTA,45,0,45
1971,LORI,456,0,456
1971,LORI-ANN,40,0,40
1971,LORI-ANNE,17,0,17
1971,LORI-LYNN,6,0,6
1971,LORIANN,9,0,9
1971,LORIANNE,10,0,10
1971,LORIE,33,0,33
1971,LORNA,29,0,29
1971,LORA,26,0,26
1971,PATTI,26,0,26
1971,PATTY,8,0,8
1971,PAULA,272,0,272
1971,SYLVIE,68,0,68
1971,TABATHA,12,0,12
1971,TABITHA,9,0,9
1971,TAMARA,211,0,211
1971,TAMI,17,0,17
1971,TAMMI,19,0,19
1971,TAMMIE,30,0,30
1971,TAMMY,1013,0,1013
1971,TAMMY-LEE,7,0,7
1971,TAMMY-LYNN,16,0,16
1971,TANIA,137,0,137
1971,SYLVIA,58,0,58
1971,TANIS,12,0,12
1971,TANYA,376,0,376
1971,TARA,269,0,269
1971,TARI,6,0,6
1971,TASHA,6,0,6
1971,TAWNYA,9,0,9
1971,TEENA,25,0,25
1971,TENA,8,0,8
1971,TERESA,239,0,239
1971,TERI,15,0,15
1971,TERRA,11,0,11
1971,TERRI,88,0,88
1971,TANJA,16,0,16
1971,TERRI-LYNN,22,0,22
1971,SUZY,16,0,16
1971,SUZETTE,13,0,13
1971,SONIA,109,0,109
1971,SONJA,27,0,27
1971,SONYA,77,0,77
1971,SOPHIA,44,0,44
1971,STACEY,278,20,258
1971,STACI,7,0,7
1971,STACIE,24,0,24
1971,STACY,135,13,122
1971,STAVROULA,10,0,10
1971,STEFANIA,11,0,11
1971,STEFANIE,19,0,19
1971,SUZIE,7,0,7
1971,STELLA,22,0,22
1971,SUE,14,0,14
1971,SUSAN,718,0,718
1971,SUSANA,18,0,18
1971,SUSANNA,21,0,21
1971,SUSANNAH,6,0,6
1971,SUSANNE,86,0,86
1971,SUSIE,19,0,19
1971,SUSY,26,0,26
1971,SUZANA,11,0,11
1971,SUZANNA,6,0,6
1971,SUZANNE,223,0,223
1971,STEPHANIE,393,0,393
1971,SOFIA,18,0,18
1971,TERRI-LYNNE,6,0,6
1971,TERRY,207,163,44
1971,VALERIE,137,0,137
1971,VANDA,6,0,6
1971,VANESSA,127,0,127
1971,VASILIKI,19,0,19
1971,VASSILIKI,7,0,7
1971,VERA,13,0,13
1971,VERONICA,49,0,49
1971,VESNA,8,0,8
1971,VICKI,72,0,72
1971,VICKIE,7,0,7
1971,VICKY,19,0,19
1971,VALENTINA,7,0,7
1971,VICTORIA,136,0,136
1971,VIRGINIA,49,0,49
1971,VITTORIA,15,0,15
1971,VIVIAN,23,0,23
1971,WANDA,64,0,64
1971,WENDI,13,0,13
1971,WENDY,343,0,343
1971,WILMA,9,0,9
1971,YOLANDA,14,0,14
1971,YVETTE,39,0,39
1971,YVONNE,90,0,90
1971,ZOE,10,0,10
1971,VINCENZA,20,0,20
1971,TERRIE,12,0,12
1971,URSULA,13,0,13
1971,TRUDY,29,0,29
1971,TERRY-LYNN,6,0,6
1971,THEODORA,7,0,7
1971,THERESA,119,0,119
1971,THERESE,16,0,16
1971,THERESSA,12,0,12
1971,TIFFANY,50,0,50
1971,TINA,408,0,408
1971,TISHA,8,0,8
1971,TIZIANA,13,0,13
1971,TOBI,11,0,11
1971,TONI,22,6,16
1971,TWYLA,6,0,6
1971,TONIA,13,0,13
1971,TRACEY,346,0,346
1971,TRACEY-LYNN,7,0,7
1971,TRACI,23,0,23
1971,TRACIE,23,0,23
1971,TRACY,908,8,900
1971,TRACY-LEE,6,0,6
1971,TRACY-LYNN,9,0,9
1971,TREENA,21,0,21
1971,TRICIA,134,0,134
1971,TRINA,57,0,57
1971,TRISHA,42,0,42
1971,TONYA,36,0,36
1971,KIMBERLY-ANN,12,0,12
1971,SIOBHAN,16,0,16
1971,SILVIA,21,0,21
1971,RHONDA,178,0,178
1971,RICHELLE,11,0,11
1971,RITA,75,0,75
1971,ROBERTA,62,0,62
1971,ROBIN,246,100,146
1971,ROBYN,69,0,69
1971,ROCHELLE,32,0,32
1971,ROMINA,6,0,6
1971,RONDA,14,0,14
1971,ROSA,73,0,73
1971,ROSALBA,6,0,6
1971,RHODA,6,0,6
1971,ROSALEEN,7,0,7
1971,ROSALIND,7,0,7
1971,ROSAMARIA,6,0,6
1971,ROSANNA,39,0,39
1971,ROSANNE,29,0,29
1971,ROSARIA,17,0,17
1971,ROSE,49,0,49
1971,ROSE-MARIE,8,0,8
1971,ROSEANN,6,0,6
1971,ROSELLA,9,0,9
1971,ROSEMARIE,24,0,24
1971,ROSEMARY,52,0,52
1971,ROSALIA,12,0,12
1971,ROSETTA,16,0,16
1971,RENÉE,8,0,8
1971,RENE,42,35,7
1971,PAULETTE,27,0,27
1971,PAULINE,79,0,79
1971,PEARL,6,0,6
1971,PEGGY,39,0,39
1971,PENELOPE,16,0,16
1971,PENNY,84,0,84
1971,PETRA,9,0,9
1971,PHILIPPA,7,0,7
1971,PHYLLIS,13,0,13
1971,PIERRETTE,6,0,6
1971,PINA,9,0,9
1971,RENEE,117,0,117
1971,PRISCILLA,13,0,13
1971,RACHEL,149,0,149
1971,RACHELE,6,0,6
1971,RACHELLE,59,0,59
1971,RAE,6,0,6
1971,RAQUEL,24,0,24
1971,REBECCA,209,0,209
1971,REBEKAH,8,0,8
1971,REENA,6,0,6
1971,REGINA,8,0,8
1971,RENA,6,0,6
1971,RENATA,11,0,11
1971,RACHAEL,15,0,15
1971,SIMONE,25,0,25
1971,ROSINA,10,0,10
1971,ROSSANA,7,0,7
1971,SHEENA,12,0,12
1971,SHEILA,136,0,136
1971,SHELAGH,9,0,9
1971,SHELLEY,293,0,293
1971,SHELLI,7,0,7
1971,SHELLIE,7,0,7
1971,SHELLY,136,0,136
1971,SHEREE,7,0,7
1971,SHERI,194,0,194
1971,SHERI-ANN,8,0,8
1971,SHERI-LEE,6,0,6
1971,SHAWNA,56,0,56
1971,SHERI-LYNN,13,0,13
1971,SHERRI,121,0,121
1971,SHERRI-ANN,7,0,7
1971,SHERRI-LYNN,12,0,12
1971,SHERRIE,13,0,13
1971,SHERRY,223,0,223
1971,SHERRY-ANN,6,0,6
1971,SHERRY-LYNN,9,0,9
1971,SHERYL,82,0,82
1971,SHIRLEY,71,0,71
1971,SHONA,15,0,15
1971,SILVANA,28,0,28
1971,SHERI-LYNNE,6,0,6
1971,ROSMARIE,8,0,8
1971,SHAWN,659,650,9
1971,SHARRON,8,0,8
1971,ROXANE,19,0,19
1971,ROXANNE,46,0,46
1971,RUBY,11,0,11
1971,RUTH,58,0,58
1971,SABINA,12,0,12
1971,SABRINA,60,0,60
1971,SALLY,30,0,30
1971,SAMANTHA,120,0,120
1971,SANDI,12,0,12
1971,SANDRA,649,0,649
1971,SANDY,55,14,41
1971,SHAUNA,39,0,39
1971,SARA,125,0,125
1971,SARI,7,0,7
1971,SELENA,21,0,21
1971,SELINA,8,0,8
1971,SERENA,31,0,31
1971,SHANA,11,0,11
1971,SHANNA,9,0,9
1971,SHANNON,423,52,371
1971,SHARA,6,0,6
1971,SHARI,83,0,83
1971,SHARLENE,21,0,21
1971,SHARON,239,0,239
1971,SARAH,299,0,299
1971,KIMBERLY,697,0,697
1971,MICHELLE,1202,0,1202
1971,KIMBERLEY,394,0,394
1971,CELINE,13,0,13
1971,CHANDRA,8,0,8
1971,CHANTAL,150,0,150
1971,CHANTALE,25,0,25
1971,CHANTALLE,13,0,13
1971,CHANTEL,7,0,7
1971,CHANTELLE,34,0,34
1971,CHARLENE,129,0,129
1971,CHARLOTTE,48,0,48
1971,CHARMAINE,24,0,24
1971,CHERI,18,0,18
1971,CELESTE,10,0,10
1971,CHERIE,44,0,44
1971,CHERYL-ANN,8,0,8
1971,CHIARA,6,0,6
1971,CHRISTA,38,0,38
1971,CHRISTI,6,0,6
1971,CHRISTIANNE,8,0,8
1971,CHRISTIE,11,0,11
1971,CHRISTINA,257,0,257
1971,CHRISTINE,877,0,877
1971,CHRISTY,23,0,23
1971,CINDY,298,0,298
1971,CINZIA,9,0,9
1971,CHERYL,343,0,343
1971,CLAIRE,35,0,35
1971,CECILIA,17,0,17
1971,CATHRYN,9,0,9
1971,CARMEL,7,0,7
1971,CARMELA,38,0,38
1971,CARMELINA,14,0,14
1971,CARMEN,47,6,41
1971,CAROL,188,0,188
1971,CAROL-ANN,7,0,7
1971,CAROLE,77,0,77
1971,CAROLEE,7,0,7
1971,CAROLINA,6,0,6
1971,CAROLINE,120,0,120
1971,CAROLYN,204,0,204
1971,CATHY,80,0,80
1971,CAROLYNE,6,0,6
1971,CARRIE,211,0,211
1971,CARRIE-ANN,14,0,14
1971,CARRIE-ANNE,7,0,7
1971,CARRIE-LYNN,9,0,9
1971,CASEY,25,18,7
1971,CASSANDRA,37,0,37
1971,CATERINA,35,0,35
1971,CATHARINE,97,0,97
1971,CATHERINE,452,0,452
1971,CATHLEEN,9,0,9
1971,CATHRINE,9,0,9
1971,CARON,8,0,8
1971,CARLENE,6,0,6
1971,CLARA,18,0,18
1971,CLAUDETTE,28,0,28
1971,DAPHNE,18,0,18
1971,DARA,6,0,6
1971,DARCY,83,71,12
1971,DARLA,15,0,15
1971,DARLENE,150,0,150
1971,DAWN,288,0,288
1971,DAWNA,12,0,12
1971,DAYNA,18,0,18
1971,DEANA,14,0,14
1971,DEANNA,117,0,117
1971,DEANNE,26,0,26
1971,DANIELLE,138,0,138
1971,DEBBIE,113,0,113
1971,DEBORA,15,0,15
1971,DEBORAH,372,0,372
1971,DEBRA,191,0,191
1971,DEIDRE,15,0,15
1971,DEIRDRE,7,0,7
1971,DELIA,15,0,15
1971,DEMETRA,10,0,10
1971,DENISE,311,0,311
1971,DESIREE,8,0,8
1971,DESPINA,12,0,12
1971,DIAN,6,0,6
1971,DEBBY,7,0,7
1971,CLARE,6,0,6
1971,DANIELA,41,0,41
1971,DANA,181,37,144
1971,CLAUDIA,50,0,50
1971,CLAUDINE,23,0,23
1971,COLEEN,6,0,6
1971,COLETTE,20,0,20
1971,COLLEEN,214,0,214
1971,CONCETTA,37,0,37
1971,CONCETTINA,12,0,12
1971,CONNIE,116,0,116
1971,CONSTANCE,34,0,34
1971,CORA,8,0,8
1971,COREEN,6,0,6
1971,DANICA,6,0,6
1971,CORINA,9,0,9
1971,CORINNE,51,0,51
1971,CORRIE,14,0,14
1971,CORRINA,14,0,14
1971,CORRINE,11,0,11
1971,CORRY,11,0,11
1971,CRISTINA,29,0,29
1971,CRISTINE,7,0,7
1971,CRYSTAL,96,0,96
1971,CYNTHIA,325,0,325
1971,DAISY,6,0,6
1971,DALE,153,139,14
1971,CORINNA,18,0,18
1971,DIANA,161,0,161
1971,CARLA,91,0,91
1971,CARI,11,0,11
1971,AMELIA,13,0,13
1971,AMIE,7,0,7
1971,AMY,161,0,161
1971,ANA,30,0,30
1971,ANABELA,6,0,6
1971,ANASTASIA,38,0,38
1971,ANDREA,475,16,459
1971,ANDREE,9,0,9
1971,ANDRIA,6,0,6
1971,ANGEL,35,0,35
1971,ANGELA,671,0,671
1971,AMBER,20,0,20
1971,ANGELE,21,0,21
1971,ANGELIKI,7,0,7
1971,ANGELINA,28,0,28
1971,ANGELINE,6,0,6
1971,ANGELIQUE,15,0,15
1971,ANGIE,9,0,9
1971,ANIK,6,0,6
1971,ANISSA,14,0,14
1971,ANITA,143,0,143
1971,ANJANETTE,6,0,6
1971,ANN,139,0,139
1971,ANN-MARIE,15,0,15
1971,ANGELICA,8,0,8
1971,ANNA,216,0,216
1971,AMANDA,134,0,134
1971,ALYSSA,6,0,6
1971,ADA,7,0,7
1971,ADELE,22,0,22
1971,ADINA,6,0,6
1971,ADRIANA,20,0,20
1971,ADRIENNE,47,0,47
1971,AGATA,7,0,7
1971,AGNES,7,0,7
1971,AIKATERINI,6,0,6
1971,AILEEN,11,0,11
1971,AIMEE,15,0,15
1971,ALANA,45,0,45
1971,AMALIA,7,0,7
1971,ALANNA,6,0,6
1971,ALEXANDRIA,6,0,6
1971,ALEXIS,8,0,8
1971,ALICE,29,0,29
1971,ALICIA,23,0,23
1971,ALINE,8,0,8
1971,ALISA,16,0,16
1971,ALISON,164,0,164
1971,ALLANA,6,0,6
1971,ALLISON,129,0,129
1971,ALLYSON,10,0,10
1971,ALYSON,14,0,14
1971,ALEXANDRA,47,0,47
1971,CARIE,7,0,7
1971,KIMBERLEY-ANN,11,0,11
1971,ANNE-MARIE,38,0,38
1971,BETH,37,0,37
1971,BETHANY,10,0,10
1971,BETTY,34,0,34
1971,BEVERLEY,24,0,24
1971,BEVERLY,84,0,84
1971,BILLIE,9,0,9
1971,BILLIE-JO,9,0,9
1971,BOBBI,23,0,23
1971,BOBBI-JO,13,0,13
1971,BOBBIE,10,0,10
1971,BONNIE,132,0,132
1971,BERNICE,12,0,12
1971,BRENDA,304,0,304
1971,BRIGETTE,6,0,6
1971,BRIGITTE,30,0,30
1971,BRONWYN,6,0,6
1971,BROOKE,9,0,9
1971,CAMILLE,19,0,19
1971,CANDACE,64,0,64
1971,CANDICE,46,0,46
1971,CANDIDA,6,0,6
1971,CANDY,19,0,19
1971,CARA,32,0,32
1971,CAREY,32,13,19
1971,BRIDGET,27,0,27
1971,ANNE,163,0,163
1971,BERNADETTE,31,0,31
1971,BECKY,12,0,12
1971,ANNETTE,92,0,92
1971,ANNIE,20,0,20
1971,ANNMARIE,11,0,11
1971,ANNUNZIATA,7,0,7
1971,ANTOINETTE,13,0,13
1971,ANTONELLA,29,0,29
1971,ANTONIA,19,0,19
1971,ANTONIETTA,34,0,34
1971,ANTONINA,8,0,8
1971,APRIL,131,0,131
1971,ARLENE,41,0,41
1971,BELINDA,34,0,34
1971,ASHLEY,19,10,9
1971,ASTRID,6,0,6
1971,ATHANASIA,6,0,6
1971,ATHENA,8,0,8
1971,ATHINA,6,0,6
1971,AUDRA,12,0,12
1971,AUDREY,27,0,27
1971,BABY,329,190,139
1971,BARBARA,281,0,281
1971,BARBARA-ANN,6,0,6
1971,BARBRA,8,0,8
1971,BEATRICE,11,0,11
1971,ASSUNTA,15,0,15
1971,DIANE,185,0,185
1971,ANNAMARIA,12,0,12
1971,DIANNE,76,0,76
1971,JENNIE,15,0,15
1971,JENNIFER,2066,0,2066
1971,JENNY,43,0,43
1971,JESSICA,76,0,76
1971,JESSIE,13,0,13
1971,JILL,110,0,110
1971,JILLIAN,27,0,27
1971,JO ANN,7,0,7
1971,JO-ANN,22,0,22
1971,JO-ANNE,44,0,44
1971,JOAN,42,0,42
1971,JENNEFER,6,0,6
1971,JOANN,11,0,11
1971,JOANNE,312,0,312
1971,JOCELYN,22,0,22
1971,JOCELYNE,8,0,8
1971,JODI,195,0,195
1971,JODIE,48,0,48
1971,JODY,217,98,119
1971,JOELLE,19,0,19
1971,JOHANNA,18,0,18
1971,JOHANNE,10,0,10
1971,JOSE,70,64,6
1971,JOSEE,47,0,47
1971,JOANNA,62,0,62
1971,JOSEPHINE,45,0,45
1971,JENIFER,28,0,28
1971,JEANNIE,18,0,18
1971,ISABELLE,24,0,24
1971,IVANA,10,0,10
1971,JACKIE,16,6,10
1971,JACQUELINE,304,0,304
1971,JACQUELYN,13,0,13
1971,JAMIE,243,231,12
1971,JAN,38,26,12
1971,JANA,26,0,26
1971,JANE,115,0,115
1971,JANEEN,7,0,7
1971,JANET,227,0,227
1971,JEANNINE,16,0,16
1971,JANETTE,23,0,23
1971,JANIE,8,0,8
1971,JANINE,27,0,27
1971,JANIS,26,0,26
1971,JANNA,11,0,11
1971,JAQUELINE,11,0,11
1971,JAYNE,8,0,8
1971,JEAN,141,93,48
1971,JEANETTE,65,0,65
1971,JEANINE,15,0,15
1971,JEANNE,19,0,19
1971,JEANNETTE,23,0,23
1971,JANICE,169,0,169
1971,ISABELLA,8,0,8
1971,JOSIE,6,0,6
1971,JOY,19,0,19
1971,KATHERINE,314,0,314
1971,KATHLEEN,203,0,203
1971,KATHRINE,7,0,7
1971,KATHRYN,147,0,147
1971,KATHY,85,0,85
1971,KATIE,7,0,7
1971,KATRINA,49,0,49
1971,KELLEY,18,0,18
1971,KELLI,38,0,38
1971,KELLIE,24,0,24
1971,KELLY,704,62,642
1971,KATHARINE,45,0,45
1971,KELLY-ANN,16,0,16
1971,KENDRA,33,0,33
1971,KERI,33,0,33
1971,KERRI,69,0,69
1971,KERRI-ANN,8,0,8
1971,KERRI-LYNN,8,0,8
1971,KERRIE,17,0,17
1971,KERRY,136,27,109
1971,KERRY-LYNN,6,0,6
1971,KIM,129,14,115
1971,KIMBERLEE,14,0,14
1971,DIANNA,23,0,23
1971,KELLY-ANNE,7,0,7
1971,JOSÉE,12,0,12
1971,KATERINA,14,0,14
1971,KATARINA,6,0,6
1971,JOYCE,35,0,35
1971,JUANITA,15,0,15
1971,JUDITH,74,0,74
1971,JUDY,62,0,62
1971,JULI,6,0,6
1971,JULIA,146,0,146
1971,JULIANA,11,0,11
1971,JULIANNE,22,0,22
1971,JULIE,742,0,742
1971,JULIE-ANN,18,0,18
1971,JULIE-ANNE,7,0,7
1971,KATE,7,0,7
1971,JULIET,12,0,12
1971,JUNE,16,0,16
1971,JUSTINE,16,0,16
1971,KARA,30,0,30
1971,KAREN,821,0,821
1971,KARI,39,7,32
1971,KARIN,53,0,53
1971,KARINA,8,0,8
1971,KARLA,29,0,29
1971,KARLENE,6,0,6
1971,KARRI,7,0,7
1971,KARRIE,15,0,15
1971,JULIETTE,9,0,9
1971,ISABEL,15,0,15
1971,KARYN,34,0,34
1971,IOANNA,11,0,11
1971,ELSIE,8,0,8
1971,ELVIRA,11,0,11
1971,EMILIA,16,0,16
1971,EMILY,48,0,48
1971,EMMA,29,0,29
1971,ENZA,8,0,8
1971,ERICA,66,0,66
1971,ERIKA,47,0,47
1971,ERIN,186,10,176
1971,ESTHER,26,0,26
1971,EUGENIA,10,0,10
1971,ELLEN,43,0,43
1971,EUNICE,6,0,6
1971,EVANTHIA,7,0,7
1971,EVE,9,0,9
1971,EVELYN,47,0,47
1971,FAITH,7,0,7
1971,FATIMA,10,0,10
1971,FAYE,8,0,8
1971,FELICIA,13,0,13
1971,FEMALE,18,0,18
1971,FILOMENA,23,0,23
1971,FIONA,49,0,49
1971,FLORENCE,16,0,16
1971,EVA,42,0,42
1971,FOTINI,6,0,6
1971,ELIZABETH,421,0,421
1971,ELISE,12,0,12
1971,DIMITRA,13,0,13
1971,IRENE,59,0,59
1971,DINA,34,0,34
1971,DIONE,6,0,6
1971,DIONNE,15,0,15
1971,DOLORES,8,0,8
1971,DOMENICA,15,0,15
1971,DOMINIQUE,21,13,8
1971,DONNA,271,0,271
1971,DORA,7,0,7
1971,DOREEN,17,0,17
1971,ELISSA,6,0,6
1971,DORI,6,0,6
1971,DOROTHY,53,0,53
1971,EDITH,15,0,15
1971,EDNA,7,0,7
1971,ELAINE,92,0,92
1971,ELANA,9,0,9
1971,ELEANOR,19,0,19
1971,ELENA,26,0,26
1971,ELEONORA,7,0,7
1971,ELISA,20,0,20
1971,ELISABETH,38,0,38
1971,ELISABETTA,13,0,13
1971,DORIS,18,0,18
1971,FRANCA,38,0,38
1971,EILEEN,19,0,19
1971,FRANCES,28,0,28
1971,GLORIA,39,0,39
1971,GORDANA,6,0,6
1971,GRACE,37,0,37
1971,GRAZIA,9,0,9
1971,GRAZIELLA,25,0,25
1971,GUYLAINE,8,0,8
1971,GWEN,10,0,10
1971,GWENDOLEN,7,0,7
1971,GWENDOLYN,16,0,16
1971,GWYNETH,6,0,6
1971,HALEY,7,0,7
1971,HANNAH,14,0,14
1971,HAYLEY,8,0,8
1971,HAZEL,6,0,6
1971,HEATHER,646,0,646
1971,HELEN,125,0,125
1971,HELENA,22,0,22
1971,HELENE,9,0,9
1971,HILARY,15,0,15
1971,HOLLY,107,0,107
1971,HOPE,18,0,18
1971,IDA,16,0,16
1971,FRANCE,10,0,10
1971,INGRID,28,0,28
1971,INFANT,19,12,7
1971,GLENDA,25,0,25
1971,GIUSEPPINA,61,0,61
1971,HEIDI,110,0,110
1971,GIULIANA,7,0,7
1971,FRANCINE,25,0,25
1971,FRANCESCA,42,0,42
1971,GABRIELLA,13,0,13
1971,GABRIELLE,15,0,15
1971,GAIL,61,0,61
1971,GAYLE,19,0,19
1971,GENEVIEVE,33,0,33
1971,GENNY,7,0,7
1971,GEORGETTE,6,0,6
1971,GEORGIA,17,0,17
1971,GEORGINA,40,0,40
1971,GERALDINE,26,0,26
1971,GALE,9,0,9
1971,GIOVANNA,57,0,57
1971,GILDA,7,0,7
1971,GILLIAN,44,0,44
1971,GIULIA,8,0,8
1971,GINA,48,0,48
1971,GINETTE,24,0,24
1971,GINGER,7,0,7
1971,GISELLE,12,0,12
1971,GISELE,14,0,14
1971,GISELLA,7,0,7
1971,GIDGET,8,0,8
1972,LAUREL,17,0,17
1972,LAUREEN,8,0,8
1972,LEANNA,15,0,15
1972,LARISSA,15,0,15
1972,LARA,52,0,52
1972,LANA,32,0,32
1972,LAURA,490,0,490
1972,LAUREN,15,0,15
1972,LAURIE-ANNE,6,0,6
1972,LAURIE,243,0,243
1972,LAURIE-ANN,12,0,12
1972,LAYLA,8,0,8
1972,LEA,10,0,10
1972,LEAH,74,0,74
1972,KYRA,6,0,6
1972,LEANN,6,0,6
1972,LAURI,7,0,7
1972,KYLA,41,0,41
1972,KRISTEN,115,8,107
1972,KRYSTA,6,0,6
1972,KIMBERLEE,14,0,14
1972,LEANNE,160,0,160
1972,KIMBERLEY,310,0,310
1972,KIMBERLY,620,0,620
1972,KIMBERLY-ANN,12,0,12
1972,KIRSTEN,46,0,46
1972,KIRSTY,7,0,7
1972,KRISTA,218,0,218
1972,KRYSTAL,6,0,6
1972,KRISTAN,6,0,6
1972,KRISTENE,6,0,6
1972,KRISTI,26,0,26
1972,KRISTIE,16,0,16
1972,KRISTIN,79,0,79
1972,KRISTINA,100,0,100
1972,KRISTINE,107,0,107
1972,KERRY-ANN,9,0,9
1972,KRISTY,23,0,23
1972,KIM,110,10,100
1972,LEE,146,93,53
1972,LINA,30,0,30
1972,LEE-ANN,38,0,38
1972,LILLIAN,29,0,29
1972,LINDA,292,0,292
1972,LINDSAY,23,6,17
1972,LINDSEY,8,0,8
1972,LINE,6,0,6
1972,LISA,1300,0,1300
1972,LISA-ANN,6,0,6
1972,LISA-MARIE,9,0,9
1972,LILIANA,10,0,10
1972,LISE,37,0,37
1972,LIZA,19,0,19
1972,LOIS,12,0,12
1972,LOLA,8,0,8
1972,LORA,23,0,23
1972,LORELEI,9,0,9
1972,KERRY,124,19,105
1972,LORAINE,6,0,6
1972,LOREDANA,14,0,14
1972,LISETTE,8,0,8
1972,LEE ANN,6,0,6
1972,LILIAN,6,0,6
1972,LIDIA,9,0,9
1972,LEE-ANNE,22,0,22
1972,LEEANN,11,0,11
1972,LEEANNE,13,0,13
1972,LEIGH,42,8,34
1972,LEIGH-ANN,16,0,16
1972,LEIGH-ANNE,10,0,10
1972,LENA,22,0,22
1972,LENORE,7,0,7
1972,LILA,10,0,10
1972,LEONA,24,0,24
1972,LESA,8,0,8
1972,LESLEE,6,0,6
1972,LESLEY,136,0,136
1972,LESLIE,174,58,116
1972,LIA,7,0,7
1972,LIANA,7,0,7
1972,LIANE,15,0,15
1972,LIANNE,36,0,36
1972,LEONORA,6,0,6
1972,KERRIE,20,0,20
1972,JODIE,61,6,55
1972,KERRI-ANN,7,0,7
1972,JO-ANNE,33,0,33
1972,JOAN,29,0,29
1972,JOANN,14,0,14
1972,JOANNA,72,0,72
1972,JOANNE,280,0,280
1972,JOCELYN,41,7,34
1972,JOCELYNE,6,0,6
1972,JODI,140,8,132
1972,JODI-LYNN,7,0,7
1972,JODY,245,106,139
1972,JOELLE,16,0,16
1972,JOHANNA,21,0,21
1972,JOHANNE,8,0,8
1972,JOSE,70,63,7
1972,JOSEE,47,0,47
1972,JOSEPHINE,30,0,30
1972,JOSÉE,14,0,14
1972,JO-ANN,17,0,17
1972,JILLIAN,40,0,40
1972,JILL,82,0,82
1972,JESSIE,9,0,9
1972,JAYNE,7,0,7
1972,JASMINE,10,0,10
1972,LORELLA,7,0,7
1972,JEAN,119,71,48
1972,JEANETTE,53,0,53
1972,JEANINE,11,0,11
1972,JEANNE,8,0,8
1972,JEANNETTE,11,0,11
1972,JOY,19,0,19
1972,JEANNIE,11,0,11
1972,JELENA,6,0,6
1972,JENIFER,20,0,20
1972,JENNA,8,0,8
1972,JENNIE,16,0,16
1972,JENNIFER,2383,0,2383
1972,JENNIFER-LYNN,8,0,8
1972,JENNY,57,0,57
1972,JESSICA,101,0,101
1972,JEANNINE,19,0,19
1972,KERRI-LYNN,6,0,6
1972,JOYCE,29,0,29
1972,JUDITH,76,0,76
1972,KATHARINE,41,0,41
1972,KATHERINE,325,0,325
1972,KATHLEEN,209,0,209
1972,KATHRINE,9,0,9
1972,KATHRYN,125,0,125
1972,KATHY,70,0,70
1972,KATIE,11,0,11
1972,KATRINA,40,0,40
1972,KELLEY,19,0,19
1972,KELLI,33,0,33
1972,KELLIE,21,0,21
1972,KELLY,598,66,532
1972,KELLY-ANN,9,0,9
1972,KENDRA,39,0,39
1972,KERI,30,0,30
1972,KERI-LYN,6,0,6
1972,KERRI,88,0,88
1972,KATHARINA,10,0,10
1972,KASEY,6,0,6
1972,KARYN,23,0,23
1972,KARRIE,20,0,20
1972,JUDY,60,0,60
1972,JULIA,116,0,116
1972,JULIANA,14,0,14
1972,JULIANE,6,0,6
1972,JULIANNE,13,0,13
1972,JULIE,774,0,774
1972,JULIE-ANN,13,0,13
1972,JULIE-ANNE,9,0,9
1972,JUANITA,20,0,20
1972,JUNE,24,0,24
1972,KARA,26,0,26
1972,KAREN,787,0,787
1972,KARI,53,0,53
1972,KARIN,33,0,33
1972,KARINA,11,0,11
1972,KARLA,12,0,12
1972,KAROLYN,7,0,7
1972,KARRI,9,0,9
1972,JUSTINE,14,0,14
1972,LORENA,7,0,7
1972,ANDREAS,25,25,0
1972,LORI,423,0,423
1972,ANDREW,759,759,0
1972,ANDY,23,23,0
1972,ANGELO,71,71,0
1972,ANGUS,13,13,0
1972,ANTE,5,5,0
1972,ANTHONY,319,319,0
1972,ANTON,10,10,0
1972,ANTONINO,20,20,0
1972,ANTONIO,174,174,0
1972,ANTONIOS,11,11,0
1972,ANTONY,15,15,0
1972,ARCHIE,6,6,0
1972,ARMAND,10,10,0
1972,ARNOLD,9,9,0
1972,ARRON,7,7,0
1972,ARTHUR,64,64,0
1972,ARUN,7,7,0
1972,ANDRÉ,11,11,0
1972,ANDRE,100,100,0
1972,ANASTASIOS,16,16,0
1972,ANAND,5,5,0
1972,ALBERTO,15,15,0
1972,ALDO,5,5,0
1972,ALEKSANDAR,7,7,0
1972,ALESSANDRO,20,20,0
1972,ALEX,12,12,0
1972,ALEXANDER,159,159,0
1972,ALEXANDRE,7,7,0
1972,ALFONSO,9,9,0
1972,ATHANASIOS,16,16,0
1972,ALFRED,25,25,0
1972,ALI,5,5,0
1972,ALISTAIR,9,9,0
1972,ALLAN,144,144,0
1972,ALLEN,46,46,0
1972,ALVARO,5,5,0
1972,ALVIN,15,15,0
1972,AMIR,5,5,0
1972,AMIT,7,7,0
1972,ALFREDO,6,6,0
1972,ALBERT,66,66,0
1972,ATTILA,7,7,0
1972,AUSTIN,6,6,0
1972,BRANT,6,6,0
1972,BRENDAN,41,41,0
1972,BRENNAN,7,7,0
1972,BRENT,236,236,0
1972,BRENTON,8,8,0
1972,BRET,6,6,0
1972,BRETT,141,141,0
1972,BRIAN,708,708,0
1972,BROCK,8,8,0
1972,BRUCE,125,125,0
1972,BRUNO,41,41,0
1972,BRYAN,202,202,0
1972,BRYCE,22,22,0
1972,BRYON,8,8,0
1972,BYRON,14,14,0
1972,CALEB,6,6,0
1972,JAQUELINE,6,0,6
1972,BRANDON,72,72,0
1972,BRADLY,8,8,0
1972,BRADLEY,428,428,0
1972,BRADFORD,8,8,0
1972,AVERY,6,6,0
1972,BARRY,100,100,0
1972,BART,6,6,0
1972,BARTHOLOMEW,6,6,0
1972,BASIL,6,6,0
1972,BEN,7,7,0
1972,BENJAMIN,108,108,0
1972,BENOIT,10,10,0
1972,ATTILIO,5,5,0
1972,BERNARD,46,46,0
1972,BILLY,14,14,0
1972,BLAINE,16,16,0
1972,BLAIR,63,63,0
1972,BLAKE,17,17,0
1972,BOBBY,20,20,0
1972,BORIS,7,7,0
1972,BOY,5,5,0
1972,BRAD,26,26,0
1972,BILL,21,21,0
1972,LORETTA,41,0,41
1972,ALAN,99,99,0
1972,AGOSTINO,9,9,0
1972,LYNN,144,0,144
1972,LYNNE,52,0,52
1972,LYNNETTE,10,0,10
1972,MADELEINE,7,0,7
1972,MADONNA,6,0,6
1972,MANDY,22,0,22
1972,MANON,21,0,21
1972,MANUELA,8,0,8
1972,MARA,12,0,12
1972,MARCELLA,9,0,9
1972,MARCI,7,0,7
1972,MARCIA,44,0,44
1972,MARCIE,14,0,14
1972,MARCY,23,0,23
1972,MARGARET,183,0,183
1972,MARGHERITA,9,0,9
1972,MARGO,10,0,10
1972,LYNETTE,14,0,14
1972,LYNE,16,0,16
1972,LYNDA,48,0,48
1972,LYN,6,0,6
1972,LORI-ANN,27,0,27
1972,LORI-ANNE,17,0,17
1972,LORIANNE,6,0,6
1972,LORIE,23,0,23
1972,LORNA,22,0,22
1972,LORRAINE,80,0,80
1972,LORRIE,25,0,25
1972,LOUISA,9,0,9
1972,MARGUERITE,6,0,6
1972,LOUISE,65,0,65
1972,LUCIA,52,0,52
1972,LUCIANA,7,0,7
1972,LUCIE,21,0,21
1972,LUCILLE,6,0,6
1972,LUCY,23,0,23
1972,LUIGINA,6,0,6
1972,LUISA,23,0,23
1972,LYDIA,34,0,34
1972,LUANA,8,0,8
1972,ALAIN,63,63,0
1972,MARI,8,0,8
1972,MARIA DE FATIMA,6,0,6
1972,MARTINA,6,0,6
1972,MARTINE,15,0,15
1972,MARY,505,0,505
1972,MARY-ANN,11,0,11
1972,MARY-ANNE,9,0,9
1972,MARY-LYNN,6,0,6
1972,MARYANN,15,0,15
1972,MARYANNE,6,0,6
1972,MAUREEN,50,0,50
1972,MAXINE,12,0,12
1972,MAY,6,0,6
1972,AARON,227,227,0
1972,ABRAHAM,7,7,0
1972,ADAM,320,320,0
1972,ADRIAN,112,112,0
1972,ADRIANO,14,14,0
1972,ADRIEN,10,10,0
1972,MARTHA,54,0,54
1972,MARTA,12,0,12
1972,MARSHA,37,0,37
1972,MARNIE,57,0,57
1972,MARIAN,18,0,18
1972,MARIANNA,10,0,10
1972,MARIANNE,31,0,31
1972,MARIE,899,0,899
1972,MARIE-CLAUDE,7,0,7
1972,MARIE-FRANCE,6,0,6
1972,MARIE-JOSEE,11,0,11
1972,MARIE-JOSÉE,9,0,9
1972,MARIA,396,0,396
1972,MARILYN,45,0,45
1972,MARION,22,0,22
1972,MARISA,34,0,34
1972,MARISSA,7,0,7
1972,MARJORIE,14,0,14
1972,MARLA,18,0,18
1972,MARLENE,46,0,46
1972,MARLO,6,0,6
1972,MARNI,13,0,13
1972,MARINA,16,0,16
1972,JANNA,16,0,16
1972,TABATHA,10,0,10
1972,JANINE,35,0,35
1972,CARMEN,54,6,48
1972,CAROL,133,0,133
1972,CAROL-ANN,6,0,6
1972,CAROL-ANNE,6,0,6
1972,CAROLE,68,0,68
1972,CAROLINA,8,0,8
1972,CAROLINE,83,0,83
1972,CAROLYN,210,0,210
1972,CARRIE,214,0,214
1972,CARRIE-ANN,15,0,15
1972,CARRIE-ANNE,9,0,9
1972,CASEY,37,26,11
1972,CASSANDRA,35,0,35
1972,CATERINA,32,0,32
1972,CATHARINE,64,0,64
1972,CATHERINE,417,0,417
1972,CATHLEEN,8,0,8
1972,CARMELINA,10,0,10
1972,CARMELA,32,0,32
1972,CARLA,70,0,70
1972,CARI,7,0,7
1972,BONNIE,112,0,112
1972,BRANDI,17,0,17
1972,BRANDY,21,0,21
1972,BRENDA,253,0,253
1972,BRENNA,6,0,6
1972,BRIDGET,30,0,30
1972,BRIGETTE,13,0,13
1972,BRIGITTE,31,0,31
1972,CATHY,65,0,65
1972,BROOKE,16,0,16
1972,CAITLIN,8,0,8
1972,CAMILLA,9,0,9
1972,CAMILLE,17,0,17
1972,CANDACE,57,0,57
1972,CANDICE,36,0,36
1972,CANDY,13,0,13
1972,CARA,33,0,33
1972,CAREY,37,9,28
1972,BRUNA,8,0,8
1972,BONITA,7,0,7
1972,CATIA,7,0,7
1972,CECILIA,14,0,14
1972,CHRISTINE,723,0,723
1972,CHRISTY,25,0,25
1972,CIARA,6,0,6
1972,CINDY,265,0,265
1972,CINZIA,11,0,11
1972,CLAIRE,43,0,43
1972,CLARA,10,0,10
1972,CLARE,10,0,10
1972,CLAUDETTE,15,0,15
1972,CLAUDIA,41,0,41
1972,CLAUDINE,10,0,10
1972,COLEEN,6,0,6
1972,COLETTE,22,0,22
1972,COLLEEN,216,0,216
1972,CONCETTA,20,0,20
1972,CONCETTINA,11,0,11
1972,CONNIE,98,0,98
1972,CHRISTINA,271,0,271
1972,CHRISTIE,14,0,14
1972,CHRISTIANE,8,0,8
1972,CHRISTA,63,0,63
1972,CELESTE,10,0,10
1972,CELIA,9,0,9
1972,CELINE,13,0,13
1972,CHANDRA,8,0,8
1972,CHANTAL,177,0,177
1972,CHANTALE,21,0,21
1972,CHANTALLE,9,0,9
1972,CHANTEL,13,0,13
1972,CATRIONA,8,0,8
1972,CHANTELLE,21,0,21
1972,CHARLENE,143,0,143
1972,CHARLOTTE,44,0,44
1972,CHARMAINE,40,0,40
1972,CHERI,30,0,30
1972,CHERIE,43,0,43
1972,CHERYL,323,0,323
1972,CHERYL-ANN,6,0,6
1972,CHIARA,6,0,6
1972,CHARITY,6,0,6
1972,CONSTANCE,24,0,24
1972,BOBBIE,7,0,7
1972,BOBBI,23,0,23
1972,ALLISON,125,0,125
1972,ALLYSON,19,0,19
1972,ALYSON,10,0,10
1972,AMANDA,181,0,181
1972,AMBER,35,0,35
1972,AMELIA,7,0,7
1972,AMIE,8,0,8
1972,AMY,236,0,236
1972,ANA,44,0,44
1972,ANASTASIA,24,0,24
1972,ANDREA,483,13,470
1972,ANDREE,7,0,7
1972,ANGEL,27,0,27
1972,ANGELA,655,0,655
1972,ANGELE,29,0,29
1972,ANGELICA,7,0,7
1972,ANGELINA,28,0,28
1972,ALISSA,9,0,9
1972,ALISON,175,0,175
1972,ALISHA,6,0,6
1972,ALISA,23,0,23
1972,CALOGERO,8,8,0
1972,ABIGAIL,7,0,7
1972,ADELE,17,0,17
1972,ADELINA,7,0,7
1972,ADRIANA,28,0,28
1972,ADRIANNA,8,0,8
1972,ADRIANNE,6,0,6
1972,ADRIENNE,63,0,63
1972,ANGELIQUE,6,0,6
1972,AGNES,12,0,12
1972,AIMEE,32,0,32
1972,ALANA,32,0,32
1972,ALANNA,9,0,9
1972,ALEXANDRA,64,0,64
1972,ALEXIS,8,0,8
1972,ALICE,44,0,44
1972,ALICIA,43,0,43
1972,ALINE,9,0,9
1972,AILEEN,10,0,10
1972,BOBBI-JO,20,0,20
1972,ANGIE,10,0,10
1972,ANISSA,7,0,7
1972,AUDREY,28,0,28
1972,BABY,389,228,161
1972,BARBARA,233,0,233
1972,BARBRA,7,0,7
1972,BEATRICE,10,0,10
1972,BECKY,22,0,22
1972,BELINDA,29,0,29
1972,BENITA,7,0,7
1972,BERNADETTE,22,0,22
1972,BERNICE,11,0,11
1972,BETH,26,0,26
1972,BETHANY,14,0,14
1972,BETTY,37,0,37
1972,BEVERLEY,19,0,19
1972,BEVERLY,68,0,68
1972,BILLIE,9,0,9
1972,BILLIE-JO,7,0,7
1972,AUDRA,15,0,15
1972,ATHENA,8,0,8
1972,ATHANASIA,7,0,7
1972,ASTRID,6,0,6
1972,ANITA,134,0,134
1972,ANN,122,0,122
1972,ANN-MARIE,19,0,19
1972,ANNA,225,0,225
1972,ANNA-MARIA,10,0,10
1972,ANNE,143,0,143
1972,ANNE-MARIE,26,0,26
1972,ANNEMARIE,6,0,6
1972,ANIK,11,0,11
1972,ANNETTE,81,0,81
1972,ANTONELLA,32,0,32
1972,ANTONIA,20,0,20
1972,ANTONIETTA,27,0,27
1972,ANTONINA,7,0,7
1972,APRIL,122,0,122
1972,ARLENE,37,0,37
1972,ASHLEY,24,16,8
1972,ASSUNTA,14,0,14
1972,ANNIE,30,0,30
1972,JANIS,22,0,22
1972,CONSTANTINA,6,0,6
1972,CORINA,13,0,13
1972,GAIL,47,0,47
1972,GAYLE,9,0,9
1972,GENEVIEVE,30,0,30
1972,GEORGETTE,7,0,7
1972,GEORGIA,28,0,28
1972,GEORGINA,33,0,33
1972,GERALDINE,19,0,19
1972,GILLIAN,58,0,58
1972,GINA,57,0,57
1972,GINETTE,36,0,36
1972,GINGER,6,0,6
1972,GIOVANNA,41,0,41
1972,GISELE,8,0,8
1972,GISELLA,6,0,6
1972,GISELLE,17,0,17
1972,GIULIA,10,0,10
1972,GIULIANA,8,0,8
1972,GABRIELLE,13,0,13
1972,GABRIELLA,14,0,14
1972,GABRIELA,6,0,6
1972,FRANCINE,22,0,22
1972,EUGENIA,13,0,13
1972,EVA,41,0,41
1972,EVAGELIA,6,0,6
1972,EVE,13,0,13
1972,EVELYN,29,0,29
1972,FAITH,9,0,9
1972,FATIMA,11,0,11
1972,FAYE,9,0,9
1972,GIUSEPPINA,52,0,52
1972,FELICIA,15,0,15
1972,FILOMENA,19,0,19
1972,FIONA,51,0,51
1972,FIORELLA,6,0,6
1972,FLORENCE,13,0,13
1972,FRANCA,35,0,35
1972,FRANCE,17,0,17
1972,FRANCES,52,0,52
1972,FRANCESCA,32,0,32
1972,FEMALE,12,0,12
1972,ETHEL,7,0,7
1972,GLENDA,23,0,23
1972,GLORIA,40,0,40
1972,IOANNA,8,0,8
1972,IRENE,49,0,49
1972,ISABEL,18,0,18
1972,ISABELLA,10,0,10
1972,ISABELLE,38,0,38
1972,IVANA,9,0,9
1972,JACKIE,21,0,21
1972,JACQUELINE,255,0,255
1972,JAMIE,266,257,9
1972,JAN,30,21,9
1972,JANA,22,0,22
1972,JANE,98,0,98
1972,JANET,183,0,183
1972,JANETTE,19,0,19
1972,JANEY,9,0,9
1972,JANICE,128,0,128
1972,JANIE,6,0,6
1972,INGRID,29,0,29
1972,IDA,12,0,12
1972,HOPE,21,0,21
1972,HOLLY,79,0,79
1972,GRACE,36,0,36
1972,GRAZIA,12,0,12
1972,GRAZIELLA,16,0,16
1972,GWEN,9,0,9
1972,GWENDOLYN,16,0,16
1972,HALI,7,0,7
1972,HANNA,6,0,6
1972,HANNAH,9,0,9
1972,GLENNA,9,0,9
1972,HAYLEY,7,0,7
1972,HEATHER,595,0,595
1972,HEIDI,121,0,121
1972,HELEN,129,0,129
1972,HELENA,22,0,22
1972,HELENE,14,0,14
1972,HILARY,19,0,19
1972,HILLARY,8,0,8
1972,HOLLIE,6,0,6
1972,HAZEL,6,0,6
1972,CORA,9,0,9
1972,ESTHER,34,0,34
1972,ERIN,163,0,163
1972,DARLA,8,0,8
1972,DARLENE,101,0,101
1972,DAWN,284,0,284
1972,DAWN-MARIE,7,0,7
1972,DAWNA,12,0,12
1972,DAWNE,7,0,7
1972,DAYNA,19,0,19
1972,DEANA,11,0,11
1972,DEANN,7,0,7
1972,DEANNA,105,0,105
1972,DEANNE,22,0,22
1972,DEBBIE,91,0,91
1972,DEBORA,17,0,17
1972,DEBORAH,335,0,335
1972,DEBRA,148,0,148
1972,DEENA,11,0,11
1972,DEIDRE,7,0,7
1972,DARIA,6,0,6
1972,DARCY,74,65,9
1972,DARCIE,6,0,6
1972,DAPHNE,16,0,16
1972,CORINNA,19,0,19
1972,CORINNE,31,0,31
1972,CORNELIA,6,0,6
1972,CORRIE,18,9,9
1972,CORRINA,10,0,10
1972,CORRINE,12,0,12
1972,CORRY,16,0,16
1972,CORY,149,143,6
1972,DEIRDRE,13,0,13
1972,CRISTINA,30,0,30
1972,CYNTHIA,282,0,282
1972,DAINA,6,0,6
1972,DAISY,11,0,11
1972,DALE,179,162,17
1972,DANA,161,20,141
1972,DANIELA,54,0,54
1972,DANIELLA,8,0,8
1972,DANIELLE,197,0,197
1972,CRYSTAL,103,0,103
1972,ESTERINA,6,0,6
1972,DELIA,17,0,17
1972,DENISE,265,0,265
1972,ELENA,21,0,21
1972,ELISA,26,0,26
1972,ELISABETH,30,0,30
1972,ELISABETTA,12,0,12
1972,ELISE,14,0,14
1972,ELISSA,8,0,8
1972,ELIZABETH,435,0,435
1972,ELKE,8,0,8
1972,ELLEN,30,0,30
1972,ELSA,9,0,9
1972,ELVIRA,11,0,11
1972,EMILIA,11,0,11
1972,EMILY,44,0,44
1972,EMMA,22,0,22
1972,ENZA,9,0,9
1972,ERICA,66,0,66
1972,ERIKA,30,0,30
1972,ELEFTHERIA,7,0,7
1972,ELEANOR,13,0,13
1972,ELANA,10,0,10
1972,ELAINE,78,0,78
1972,DIANA,170,0,170
1972,DIANE,189,0,189
1972,DIANNA,30,0,30
1972,DIANNE,54,0,54
1972,DIMITRA,12,0,12
1972,DINA,31,0,31
1972,DIONE,8,0,8
1972,DIONNE,13,0,13
1972,DENA,7,0,7
1972,DOMENICA,11,0,11
1972,DONNA,219,0,219
1972,DORA,6,0,6
1972,DOREEN,25,0,25
1972,DORIS,21,0,21
1972,DOROTHY,42,0,42
1972,EDITH,11,0,11
1972,EDNA,9,0,9
1972,EILEEN,18,0,18
1972,DOMINIQUE,21,6,15
1972,SYLVIE,74,0,74
1972,CALVIN,35,35,0
1972,CAMPBELL,6,6,0
1972,VINCENT,82,82,0
1972,VINCENZO,61,61,0
1972,VIRGIL,5,5,0
1972,VITO,37,37,0
1972,VITTORIO,9,9,0
1972,WADE,63,63,0
1972,WALLACE,8,8,0
1972,WALTER,74,74,0
1972,WARREN,89,89,0
1972,WAYNE,223,223,0
1972,WENDELL,7,7,0
1972,WESLEY,35,35,0
1972,WILFRED,12,12,0
1972,WILLARD,5,5,0
1972,WILLIAM,849,849,0
1972,WILSON,5,5,0
1972,WINSTON,12,12,0
1972,YVAN,10,10,0
1972,YVES,24,24,0
1972,YVON,8,8,0
1972,ZACHARY,11,11,0
1972,ZORAN,8,8,0
1972,CAMERON,70,70,0
1972,VINCE,11,11,0
1972,MAYA,9,0,9
1972,VICTOR,76,76,0
1972,VAUGHAN,5,5,0
1972,TIM,9,9,0
1972,TIMMY,17,17,0
1972,TIMOTHY,528,528,0
1972,TOBY,5,5,0
1972,TOD,5,5,0
1972,TODD,358,358,0
1972,TOM,19,19,0
1972,TOMISLAV,9,9,0
1972,TOMMASO,13,13,0
1972,TOMMY,36,36,0
1972,TONINO,6,6,0
1972,TONY,69,69,0
1972,TRAVIS,59,59,0
1972,TRENT,22,22,0
1972,TREVOR,350,350,0
1972,TRISTAN,5,5,0
1972,TROY,166,166,0
1972,TYLER,72,72,0
1972,TYSON,29,29,0
1972,UMBERTO,7,7,0
1972,VALENTINO,5,5,0
1972,VANCE,10,10,0
1972,VASILIOS,17,17,0
1972,VERNON,12,12,0
1972,THOMAS,448,448,0
1972,MEGAN,50,0,50
1972,MELANIE,403,0,403
1972,MONIQUE,116,0,116
1972,MYLENE,10,0,10
1972,MYRNA,8,0,8
1972,NADA,13,0,13
1972,NADIA,65,0,65
1972,NADINE,77,0,77
1972,NANCY,359,0,359
1972,NAOMI,36,0,36
1972,NATACHA,8,0,8
1972,NATALIE,253,0,253
1972,NATASHA,82,0,82
1972,NATHALIE,84,0,84
1972,NELIA,13,0,13
1972,NICHOLE,22,0,22
1972,NICOLA,88,55,33
1972,NICOLE,669,0,669
1972,NICOLINA,7,0,7
1972,NIKI,19,0,19
1972,NIKKI,11,0,11
1972,NINA,29,0,29
1972,NOELLE,16,0,16
1972,NORA,16,0,16
1972,NOREEN,7,0,7
1972,MONIKA,8,0,8
1972,MEGHAN,16,0,16
1972,MONICA,144,0,144
1972,MOLLY,7,0,7
1972,MELINDA,44,0,44
1972,MELISA,11,0,11
1972,MELISSA,368,0,368
1972,MELLISSA,10,0,10
1972,MELODIE,12,0,12
1972,MELODY,18,0,18
1972,MELONY,6,0,6
1972,MERCEDES,6,0,6
1972,MEREDITH,49,0,49
1972,MICHAELA,8,0,8
1972,MICHELE,162,76,86
1972,MICHELINA,14,0,14
1972,MICHELINE,26,0,26
1972,MICHELLE,1182,0,1182
1972,MILENA,11,0,11
1972,MINDY,6,0,6
1972,MIRANDA,23,0,23
1972,MIREILLE,10,0,10
1972,MIRELLA,14,0,14
1972,MIRIAM,28,0,28
1972,MIRJANA,8,0,8
1972,MISTY,8,0,8
1972,MOIRA,9,0,9
1972,MONA,17,0,17
1972,NORMA,24,0,24
1972,THIERRY,5,5,0
1972,THEODORE,36,36,0
1972,ROBERT,2032,2032,0
1972,ROBERTO,109,109,0
1972,ROCCO,28,28,0
1972,ROCH,11,11,0
1972,ROCK,5,5,0
1972,ROCKY,6,6,0
1972,RODERICK,20,20,0
1972,RODGER,9,9,0
1972,RODNEY,105,105,0
1972,ROGER,130,130,0
1972,ROLAND,25,25,0
1972,ROMAN,11,11,0
1972,ROMEO,7,7,0
1972,RONALD,343,343,0
1972,RONNIE,15,15,0
1972,RORY,13,13,0
1972,ROSARIO,11,11,0
1972,ROSS,46,46,0
1972,ROY,69,69,0
1972,RUDY,8,8,0
1972,RUI,12,12,0
1972,RUSSEL,7,7,0
1972,RUSSELL,102,102,0
1972,ROBBY,8,8,0
1972,RYAN,315,315,0
1972,ROBBIE,46,46,0
1972,RICKY,33,33,0
1972,RANDAL,24,24,0
1972,RANDALL,27,27,0
1972,RANDOLPH,18,18,0
1972,RANDY,134,134,0
1972,RAPHAEL,6,6,0
1972,RAY,5,5,0
1972,RAYMON,5,5,0
1972,RAYMOND,199,199,0
1972,REAL,5,5,0
1972,REGAN,5,5,0
1972,REGINALD,25,25,0
1972,REJEAN,9,9,0
1972,REMI,6,6,0
1972,REMO,5,5,0
1972,RENATO,10,10,0
1972,RENE,40,40,0
1972,REUBEN,8,8,0
1972,RHEAL,5,5,0
1972,RICARDO,20,20,0
1972,RICCARDO,18,18,0
1972,RICHARD,896,896,0
1972,RICK,7,7,0
1972,RICKEY,5,5,0
1972,RITCHIE,9,9,0
1972,THEODOROS,8,8,0
1972,SALVATORE,90,90,0
1972,SAMI,7,7,0
1972,SPENCER,21,21,0
1972,SPIROS,10,10,0
1972,STANLEY,66,66,0
1972,STAVROS,6,6,0
1972,STEFAN,43,43,0
1972,STEFANO,20,20,0
1972,STEPHAN,39,39,0
1972,STEPHANE,113,113,0
1972,STÉPHANE,7,7,0
1972,STEPHEN,706,706,0
1972,STEVE,89,89,0
1972,STEVEN,1052,1052,0
1972,STEWART,32,32,0
1972,STUART,61,61,0
1972,SYDNEY,6,6,0
1972,SYED,5,5,0
1972,SYLVAIN,42,42,0
1972,TATE,6,6,0
1972,TED,13,13,0
1972,TEDDY,12,12,0
1972,TERENCE,40,40,0
1972,TERRANCE,33,33,0
1972,TERRENCE,40,40,0
1972,SONNY,6,6,0
1972,SAM,13,13,0
1972,SIMON,69,69,0
1972,SIDNEY,12,12,0
1972,SAMMY,9,9,0
1972,SAMUEL,65,65,0
1972,SANDOR,6,6,0
1972,SANDRO,18,18,0
1972,SANJAY,6,6,0
1972,SANTO,8,8,0
1972,SAVERIO,7,7,0
1972,SCOT,18,18,0
1972,SCOTT,926,926,0
1972,SEAN,631,631,0
1972,SEBASTIAN,8,8,0
1972,SEBASTIANO,7,7,0
1972,SEBASTIEN,10,10,0
1972,SERGE,29,29,0
1972,SERGIO,19,19,0
1972,SETH,5,5,0
1972,SHANE,284,284,0
1972,SHAUN,84,84,0
1972,SHAUNE,6,6,0
1972,SHAYNE,42,42,0
1972,SHELDON,34,34,0
1972,SHERMAN,5,5,0
1972,SHON,6,6,0
1972,SILVIO,10,10,0
1972,NOT,15,6,9
1972,OLGA,12,0,12
1972,OLIVIA,9,0,9
1972,YVONNE,64,0,64
1972,YVETTE,28,0,28
1972,YOLANDA,10,0,10
1972,YASMIN,8,0,8
1972,WINNIE,7,0,7
1972,WENDY,322,0,322
1972,WENDI,12,0,12
1972,WANDA,53,0,53
1972,VOULA,6,0,6
1972,VIVIAN,13,0,13
1972,VITTORIA,9,0,9
1972,VIRGINIA,37,0,37
1972,VIOLET,9,0,9
1972,VINCENZA,10,0,10
1972,VIKKI,6,0,6
1972,VICTORIA,116,0,116
1972,VICKY,30,0,30
1972,VICKIE,9,0,9
1972,VICKI,67,0,67
1972,VESNA,12,0,12
1972,VERONICA,45,0,45
1972,VERA,13,0,13
1972,VASILIKI,18,0,18
1972,ZOE,7,0,7
1972,VANESSA,95,0,95
1972,SUZY,19,0,19
1972,SUZANNE,208,0,208
1972,SONIA,103,0,103
1972,SONJA,34,0,34
1972,SONYA,57,0,57
1972,SOPHIA,25,0,25
1972,SOPHIE,27,0,27
1972,STACEY,245,24,221
1972,STACI,6,0,6
1972,STACIE,18,0,18
1972,STACY,116,12,104
1972,STARR,7,0,7
1972,STAVROULA,13,0,13
1972,STEFANIA,15,0,15
1972,STEFANIE,28,0,28
1972,STELLA,19,0,19
1972,STEPHANIE,477,0,477
1972,SUE,17,0,17
1972,SUSAN,597,0,597
1972,SUSANNA,23,0,23
1972,SUSANNE,78,0,78
1972,SUSIE,12,0,12
1972,SUSY,32,0,32
1972,SUZAN,8,0,8
1972,SUZANA,16,0,16
1972,SUZETTE,12,0,12
1972,SONDRA,6,0,6
1972,VALERIE,131,0,131
1972,URSULA,9,0,9
1972,TERRI-LYNN,12,0,12
1972,TERRI,69,0,69
1972,TERRA,12,0,12
1972,TERI,9,0,9
1972,TERESA,231,0,231
1972,TERA,6,0,6
1972,TEENA,23,0,23
1972,TAWNYA,8,0,8
1972,TASHA,7,0,7
1972,TARRA,6,0,6
1972,TARA,344,0,344
1972,TANYA,410,0,410
1972,TANJA,11,0,11
1972,TANIS,8,0,8
1972,TANIA,121,0,121
1972,TAMMY-LYNN,16,0,16
1972,TAMMY,965,0,965
1972,TAMMIE,31,0,31
1972,TAMMI,13,0,13
1972,TAMMEY,6,0,6
1972,TAMI,23,0,23
1972,TAMARA,158,0,158
1972,TABITHA,12,0,12
1972,TERRIE,6,0,6
1972,VALERIA,6,0,6
1972,TERRY,172,144,28
1972,THERESA,96,0,96
1972,TRUDY,34,0,34
1972,TRUDI,6,0,6
1972,TRISHA,34,0,34
1972,TRINA,68,0,68
1972,TRICIA,135,0,135
1972,TREENA,11,0,11
1972,TRACY-LYNN,9,0,9
1972,TRACY-ANN,7,0,7
1972,TRACY,791,14,777
1972,TRACIE,23,0,23
1972,TRACI,18,0,18
1972,TRACEY,294,0,294
1972,TONYA,42,0,42
1972,TONIA,16,0,16
1972,TONI,19,6,13
1972,TOBI,6,0,6
1972,TIZIANA,11,0,11
1972,TISHA,11,0,11
1972,TINA-MARIE,7,0,7
1972,SYLVIA,52,0,52
1972,TIFFANY,84,0,84
1972,THERESSA,8,0,8
1972,THERESE,13,0,13
1972,THEODORA,12,0,12
1972,SOFIA,13,0,13
1972,SIOBHAN,18,0,18
1972,SIMONE,27,0,27
1972,RAMONA,15,0,15
1972,RAQUEL,13,0,13
1972,REBECCA,294,0,294
1972,REBEKAH,8,0,8
1972,RENATA,24,0,24
1972,RENEE,115,0,115
1972,RENÉE,6,0,6
1972,RHEA,9,0,9
1972,RHONDA,138,0,138
1972,RITA,69,0,69
1972,ROBERTA,61,0,61
1972,ROBIN,232,85,147
1972,ROBYN,41,0,41
1972,ROCHELLE,20,0,20
1972,ROMINA,6,0,6
1972,RONDA,16,0,16
1972,ROSA,54,0,54
1972,ROSALBA,9,0,9
1972,ROSALIE,7,0,7
1972,ROSALIND,10,0,10
1972,ROSANNA,37,0,37
1972,ROSANNE,28,0,28
1972,ROSARIA,12,0,12
1972,RAFFAELA,7,0,7
1972,ROSE,33,0,33
1972,RACHELLE,41,0,41
1972,RACHEL,191,0,191
1972,PAIGE,11,0,11
1972,PAMELA,301,0,301
1972,PANAGIOTA,20,0,20
1972,PAOLA,28,0,28
1972,PARASKEVI,7,0,7
1972,PASQUALINA,8,0,8
1972,PATRICA,8,0,8
1972,PATRICE,11,5,6
1972,PATRICIA,409,0,409
1972,PATRIZIA,46,0,46
1972,PATTI,16,0,16
1972,PATTY,8,0,8
1972,PAULA,239,0,239
1972,PAULETTE,16,0,16
1972,PAULINE,76,0,76
1972,PEGGY,35,0,35
1972,PENELOPE,10,0,10
1972,PENNY,76,0,76
1972,PETRA,13,0,13
1972,PHYLLIS,7,0,7
1972,PIERA,6,0,6
1972,PRISCILLA,12,0,12
1972,RACHAEL,25,0,25
1972,RACHELE,7,0,7
1972,ROSEMARIE,22,0,22
1972,ROSEMARY,24,0,24
1972,ROSETTA,11,0,11
1972,SHAUNA,34,0,34
1972,SHAWN,625,612,13
1972,SHAWNA,63,0,63
1972,SHEENA,20,0,20
1972,SHEILA,103,0,103
1972,SHELAGH,10,0,10
1972,SHELBY,13,0,13
1972,SHELLEY,300,0,300
1972,SHELLIE,9,0,9
1972,SHELLY,127,0,127
1972,SHERI,192,0,192
1972,SHERI-LEE,7,0,7
1972,SHERI-LYNN,13,0,13
1972,SHERRI,126,0,126
1972,SHERRI-LYNN,16,0,16
1972,SHERRIE,22,0,22
1972,SHERRY,198,0,198
1972,SHERRY-LYNN,12,0,12
1972,SHERYL,67,0,67
1972,SHIRLEY,62,0,62
1972,SHONA,14,0,14
1972,SILVANA,21,0,21
1972,SILVIA,17,0,17
1972,SHARRON,6,0,6
1972,SHARON,234,0,234
1972,SHARLENE,18,0,18
1972,SHARI,65,0,65
1972,ROSINA,8,0,8
1972,ROSMARIE,8,0,8
1972,ROXANE,18,0,18
1972,ROXANNE,44,0,44
1972,RUBY,16,0,16
1972,RUTH,60,0,60
1972,SABINA,9,0,9
1972,SABINE,7,0,7
1972,SABRINA,70,0,70
1972,SALLY,26,0,26
1972,SAMANTHA,123,0,123
1972,RALPH,23,23,0
1972,SANDI,15,0,15
1972,SANDY,60,13,47
1972,SANTINA,7,0,7
1972,SARA,106,0,106
1972,SARAH,403,0,403
1972,SARI,7,0,7
1972,SELENA,16,0,16
1972,SERENA,25,0,25
1972,SHANA,12,0,12
1972,SHANNA,10,0,10
1972,SHANNON,479,57,422
1972,SHANON,8,0,8
1972,SANDRA,562,0,562
1972,RAKESH,5,5,0
1972,TINA,423,0,423
1972,QUINN,5,5,0
1972,FELIX,9,9,0
1972,FELICE,11,11,0
1972,FAUSTO,5,5,0
1972,FABRIZIO,15,15,0
1972,FABIO,25,25,0
1972,FABIAN,10,10,0
1972,EVERETT,12,12,0
1972,EVANGELOS,5,5,0
1972,EVAN,23,23,0
1972,EVAGELOS,6,6,0
1972,EUGENIO,9,9,0
1972,EUGENE,39,39,0
1972,ETIENNE,6,6,0
1972,ETHAN,6,6,0
1972,ERROL,5,5,0
1972,ERNESTO,5,5,0
1972,ERNEST,41,41,0
1972,ERIK,43,43,0
1972,ERICK,11,11,0
1972,ERIC,290,290,0
1972,ENZO,12,12,0
1972,ENRICO,13,13,0
1972,EMMANUEL,10,10,0
1972,FERNAND,8,8,0
1972,EMILIO,7,7,0
1972,FERNANDO,19,19,0
1972,FLOYD,8,8,0
1972,GARRETT,7,7,0
1972,GARNET,7,7,0
1972,GARETT,6,6,0
1972,GARETH,8,8,0
1972,GAETANO,15,15,0
1972,GAETAN,9,9,0
1972,GABRIELE,9,9,0
1972,GABRIEL,24,24,0
1972,FREDRICK,16,16,0
1972,FREDERICK,89,89,0
1972,FRED,9,9,0
1972,FRASER,12,12,0
1972,FRANZ,5,5,0
1972,FRANKLIN,16,16,0
1972,FRANKIE,5,5,0
1972,FRANK,151,151,0
1972,FRANCOIS,18,18,0
1972,FRANCO,61,61,0
1972,FRANCISCO,9,9,0
1972,FRANCIS,50,50,0
1972,FRANCESCO,93,93,0
1972,FOTIOS,5,5,0
1972,FORREST,5,5,0
1972,FILIPPO,13,13,0
1972,GARRY,35,35,0
1972,EMILE,8,8,0
1972,EMANUEL,10,10,0
1972,DOMENICO,75,75,0
1972,DOMENIC,9,9,0
1972,DIRK,5,5,0
1972,DION,8,8,0
1972,DINO,54,54,0
1972,DIMITRIOS,38,38,0
1972,DEXTER,5,5,0
1972,DEVIN,11,11,0
1972,DESMOND,16,16,0
1972,DERRICK,54,54,0
1972,DERICK,11,11,0
1972,DEREK,563,563,0
1972,DERECK,5,5,0
1972,DENNY,18,18,0
1972,DENNIS,211,211,0
1972,DENIS,66,66,0
1972,DEMETRIOS,18,18,0
1972,DEAN,173,173,0
1972,DAVIS,5,5,0
1972,DAVIDE,19,19,0
1972,DAVID,2203,2203,0
1972,DAVE,23,23,0
1972,DARYL,63,63,0
1972,DOMINIC,22,22,0
1972,EMIL,6,6,0
1972,DON,7,7,0
1972,DONATO,15,15,0
1972,ELVIS,14,14,0
1972,ELLIOTT,6,6,0
1972,ELIO,8,8,0
1972,ELIAS,9,9,0
1972,ELI,10,10,0
1972,ELDON,5,5,0
1972,EDWIN,24,24,0
1972,EDWARD,280,280,0
1972,EDMUND,8,8,0
1972,EDGAR,10,10,0
1972,EDDY,6,6,0
1972,EDDIE,7,7,0
1972,EARL,25,25,0
1972,DYLAN,23,23,0
1972,DWIGHT,23,23,0
1972,DWAYNE,148,148,0
1972,DUSTIN,32,32,0
1972,DUNCAN,22,22,0
1972,DUANE,118,118,0
1972,DREW,18,18,0
1972,DOUGLAS,323,323,0
1972,DONOVAN,11,11,0
1972,DONNY,9,9,0
1972,DONALD,376,376,0
1972,GARTH,19,19,0
1972,GARY,222,222,0
1972,GENE,11,11,0
1972,JEAN-MARC,7,7,0
1972,JEAN-GUY,8,8,0
1972,JEAN-FRANCOIS,10,10,0
1972,JAYSON,26,26,0
1972,JAY,64,64,0
1972,JASON,2601,2601,0
1972,JASEN,5,5,0
1972,JARROD,15,15,0
1972,JARRETT,5,5,0
1972,JARRET,12,12,0
1972,JARET,9,9,0
1972,JARED,14,14,0
1972,JAMIESON,6,6,0
1972,JAMEY,5,5,0
1972,JAMESON,5,5,0
1972,JAMES,1353,1353,0
1972,JAKE,10,10,0
1972,JAIME,5,5,0
1972,JACQUES,24,24,0
1972,JACOB,40,40,0
1972,JACK,31,31,0
1972,J,6,6,0
1972,IVANO,5,5,0
1972,JEAN-PAUL,20,20,0
1972,IVAN,38,38,0
1972,JEAN-PIERRE,11,11,0
1972,JEFFEREY,6,6,0
1972,RAFFAELE,24,24,0
1972,JOHN-PAUL,8,8,0
1972,JOHNNY,40,40,0
1972,JOHNATHON,7,7,0
1972,JOHNATHAN,14,14,0
1972,JOHN,1633,1633,0
1972,JOHANNES,8,8,0
1972,JOEY,22,22,0
1972,JOESPH,6,6,0
1972,JOEL,124,124,0
1972,JOE,28,28,0
1972,JOAO,18,18,0
1972,JIMMY,28,28,0
1972,JIM,22,22,0
1972,JESSE,48,48,0
1972,JERRY,54,54,0
1972,JEROME,13,13,0
1972,JEREMY,285,285,0
1972,JEREMIAH,6,6,0
1972,JEFFREY,834,834,0
1972,JEFFORY,6,6,0
1972,JEFFERY,378,378,0
1972,JEFFERSON,13,13,0
1972,JEFF,5,5,0
1972,ISAAC,12,12,0
1972,IOANNIS,12,12,0
1972,INFANT,5,5,0
1972,GORDON,163,163,0
1972,GLENN,100,100,0
1972,GLENDON,6,6,0
1972,GLEN,122,122,0
1972,GIUSEPPE,168,168,0
1972,GIULIANO,6,6,0
1972,GIOVANNI,103,103,0
1972,GIORGIO,6,6,0
1972,GINO,20,20,0
1972,GILLES,23,23,0
1972,GILBERT,24,24,0
1972,GIL,6,6,0
1972,GIANNI,16,16,0
1972,GIANFRANCO,7,7,0
1972,GIANCARLO,5,5,0
1972,GERRY,16,16,0
1972,GERARDO,6,6,0
1972,GERARD,26,26,0
1972,GERALD,129,129,0
1972,GEORGES,6,6,0
1972,GEORGE,309,309,0
1972,GEOFFREY,166,166,0
1972,GENNARO,8,8,0
1972,GRAEME,20,20,0
1972,GRAHAM,66,66,0
1972,GRANT,75,75,0
1972,GREG,12,12,0
1972,ILIAS,7,7,0
1972,IAN,336,336,0
1972,IAIN,8,8,0
1972,HUGO,8,8,0
1972,HUGH,25,25,0
1972,HUBERT,5,5,0
1972,HOWARD,49,49,0
1972,HERMAN,6,6,0
1972,HERBERT,7,7,0
1972,HENRY,55,55,0
1972,HENRI,11,11,0
1972,DARRYL,147,147,0
1972,HEATH,7,7,0
1972,HARRY,33,33,0
1972,HAROLD,52,52,0
1972,HARLEY,5,5,0
1972,HARALAMBOS,5,5,0
1972,HANS,13,13,0
1972,GUY,57,57,0
1972,GUS,10,10,0
1972,GREGORY,641,641,0
1972,JON,46,46,0
1972,GREGOIRE,5,5,0
1972,GREGG,7,7,0
1972,HARVEY,17,17,0
1972,DARRIN,38,38,0
1972,GAVIN,31,31,0
1972,DARRELL,71,71,0
1972,MARKO,6,6,0
1972,MARKUS,5,5,0
1972,MARLON,9,9,0
1972,MARSHALL,6,6,0
1972,MARTIN,199,199,0
1972,MARTY,17,17,0
1972,MARVIN,19,19,0
1972,MASSIMILIANO,6,6,0
1972,MASSIMO,26,26,0
1972,MATHEW,58,58,0
1972,MATHIEU,6,6,0
1972,MATTEO,5,5,0
1972,MATTHEW,559,559,0
1972,MAURICE,37,37,0
1972,MAURIZIO,23,23,0
1972,MAURO,28,28,0
1972,MAX,10,10,0
1972,MAXIME,5,5,0
1972,MAXWELL,12,12,0
1972,MELVIN,17,17,0
1972,MICHAEL,2471,2471,0
1972,MICHEAL,128,128,0
1972,MICHEL,126,126,0
1972,MARK,1083,1083,0
1972,MIKE,24,24,0
1972,MARIO,107,107,0
1972,MARCUS,47,47,0
1972,LINO,5,5,0
1972,LLOYD,37,37,0
1972,LONNIE,10,10,0
1972,LONNY,6,6,0
1972,LORENZO,17,17,0
1972,LORNE,24,24,0
1972,LOUIS,49,49,0
1972,LUC,40,40,0
1972,LUCAS,15,15,0
1972,LUCIANO,10,10,0
1972,LUIGI,61,61,0
1972,LUIS,14,14,0
1972,LUKE,29,29,0
1972,LYLE,15,15,0
1972,MALCOLM,27,27,0
1972,MALE,11,11,0
1972,MANUEL,16,16,0
1972,MARC,287,287,0
1972,MARC-ANDRE,6,6,0
1972,MARCEL,58,58,0
1972,MARCELLO,13,13,0
1972,MARCO,85,85,0
1972,MARCOS,5,5,0
1972,MARINO,5,5,0
1972,LEWIS,8,8,0
1972,MILAN,8,8,0
1972,MONTY,6,6,0
1972,OSCAR,9,9,0
1972,OWEN,35,35,0
1972,PANAGIOTIS,17,17,0
1972,PAOLO,67,67,0
1972,PASCAL,6,6,0
1972,PASQUALE,31,31,0
1972,PASQUALINO,9,9,0
1972,PATRICK,374,374,0
1972,PAUL,1119,1119,0
1972,PAULO,33,33,0
1972,PEDRO,7,7,0
1972,PERCY,5,5,0
1972,PERRY,12,12,0
1972,PETER,647,647,0
1972,PHILIP,178,178,0
1972,PHILIPPE,22,22,0
1972,PHILLIP,51,51,0
1972,PIERO,7,7,0
1972,PIERRE,73,73,0
1972,PIETRO,39,39,0
1972,PRESTON,10,10,0
1972,DARREN,317,317,0
1972,QUENTIN,5,5,0
1972,ORAZIO,6,6,0
1972,MITCHELL,32,32,0
1972,OMER,5,5,0
1972,OLIVER,42,42,0
1972,MORGAN,18,18,0
1972,MORRIS,5,5,0
1972,MURRAY,58,58,0
1972,MYLES,8,8,0
1972,NATHAN,53,53,0
1972,NATHANIEL,10,10,0
1972,NEAL,38,38,0
1972,NEIL,138,138,0
1972,NELSON,76,76,0
1972,NEVILLE,5,5,0
1972,NICHOLAS,84,84,0
1972,NICK,40,40,0
1972,NICOLAS,12,12,0
1972,NICOLINO,5,5,0
1972,NIGEL,21,21,0
1972,NIKOLA,5,5,0
1972,NIKOLAOS,14,14,0
1972,NINO,9,9,0
1972,NOAH,16,16,0
1972,NOEL,28,28,0
1972,NORMAN,106,106,0
1972,NORMAND,8,8,0
1972,NUNZIO,6,6,0
1972,OMAR,10,10,0
1972,LEVI,5,5,0
1972,MIGUEL,8,8,0
1972,CODY,6,6,0
1972,COLIN,181,181,0
1972,CLINTON,54,54,0
1972,CLINT,23,23,0
1972,CLIFFORD,47,47,0
1972,CLEMENT,5,5,0
1972,CLAYTON,50,50,0
1972,CLAUDIO,38,38,0
1972,CLAUDE,38,38,0
1972,CLARK,7,7,0
1972,CLARENCE,15,15,0
1972,CHRISTOS,26,26,0
1972,CHRISTOPHER,2172,2172,0
1972,CHRISTOPHE,5,5,0
1972,CHRISTIAN,164,164,0
1972,CHARLIE,9,9,0
1972,CHARLES,245,245,0
1972,CHADWICK,40,40,0
1972,CHAD,179,179,0
1972,CECIL,9,9,0
1972,CARY,10,10,0
1972,CARSON,5,5,0
1972,CARMINE,22,22,0
1972,CARMELO,12,12,0
1972,COLLIN,14,14,0
1972,CONRAD,16,16,0
1972,CONSTANTINE,7,7,0
1972,CONSTANTINOS,6,6,0
1972,DARREL,8,8,0
1972,DARIO,10,10,0
1972,LESTER,7,7,0
1972,DARIN,23,23,0
1972,DAREN,5,5,0
1972,DANY,7,7,0
1972,DANNY,116,116,0
1972,DANIELE,32,32,0
1972,DANIEL,861,861,0
1972,DANIAL,5,5,0
1972,DANE,8,8,0
1972,CARLOS,33,33,0
1972,DAN,10,10,0
1972,DAMIR,5,5,0
1972,DAMIEN,6,6,0
1972,DAMIAN,7,7,0
1972,DALLAS,9,9,0
1972,CYRIL,7,7,0
1972,CURTIS,68,68,0
1972,CURT,6,6,0
1972,CRISTOPHER,7,7,0
1972,CRAIG,401,401,0
1972,CORRADO,11,11,0
1972,COREY,103,103,0
1972,DAMON,14,14,0
1972,CARLO,34,34,0
1972,CHRIS,39,39,0
1972,CARL,110,110,0
1972,KIERAN,7,7,0
1972,KIETH,6,6,0
1972,KIRBY,7,7,0
1972,KIRK,73,73,0
1972,KLAUS,5,5,0
1972,KONSTANTINOS,25,25,0
1972,KRIS,15,15,0
1972,KRISTIAN,23,23,0
1972,KRISTOPHER,25,25,0
1972,KURTIS,7,7,0
1972,KYLE,111,111,0
1972,KEVIN,1095,1095,0
1972,KYRIAKOS,6,6,0
1972,LARRY,99,99,0
1972,LARS,7,7,0
1972,LAURENCE,9,9,0
1972,LAWRENCE,88,88,0
1972,LEIF,6,6,0
1972,LENARD,5,5,0
1972,LEO,33,33,0
1972,LEON,24,24,0
1972,LEONARD,57,57,0
1972,LEONARDO,12,12,0
1972,LEROY,11,11,0
1972,LANCE,41,41,0
1972,KENT,44,44,0
1972,KURT,30,30,0
1972,KENNETH,483,483,0
1972,JONAH,5,5,0
1972,JONAS,5,5,0
1972,KENNY,5,5,0
1972,JONATHON,40,40,0
1972,JORDAN,34,34,0
1972,JORGE,12,12,0
1972,JOSEPH,1382,1382,0
1972,JOSHUA,81,81,0
1972,JOSIP,8,8,0
1972,JUAN,7,7,0
1972,JULES,8,8,0
1972,JULIAN,33,33,0
1972,JONATHAN,302,302,0
1972,JULIO,6,6,0
1972,JULIEN,7,7,0
1972,KEN,14,14,0
1972,KEITH,235,235,0
1972,KARL,46,46,0
1972,KAREEM,5,5,0
1972,KELVIN,6,6,0
1972,JUSTIN,141,141,0
1972,JULIUS,5,5,0
1972,KAI,6,6,0
1973,PIERO,6,6,0
1973,RANDY,127,127,0
1973,REMI,7,7,0
1973,RENATO,8,8,0
1973,REJEAN,11,11,0
1973,REID,7,7,0
1973,REGINALD,23,23,0
1973,RAYMOND,186,186,0
1973,RENE,35,35,0
1973,RAY,11,11,0
1973,RANDOLPH,17,17,0
1973,RAHIM,8,8,0
1973,RANDAL,20,20,0
1973,RALPH,16,16,0
1973,RAJESH,9,9,0
1973,RAFFAELE,14,14,0
1973,RAFAEL,5,5,0
1973,QUINN,6,6,0
1973,PINO,9,9,0
1973,PIETRO,28,28,0
1973,PIERRE,74,74,0
1973,RHEAL,5,5,0
1973,PHILLIP,66,66,0
1973,RANDALL,19,19,0
1973,RICARDO,19,19,0
1973,MERLIN,5,5,0
1973,RICHARD,868,868,0
1973,RORY,8,8,0
1973,PHILIPPE,32,32,0
1973,RONNY,6,6,0
1973,RONNIE,12,12,0
1973,RONALD,277,277,0
1973,RON,9,9,0
1973,ROMAN,13,13,0
1973,ROLAND,31,31,0
1973,ROHAN,7,7,0
1973,ROGER,103,103,0
1973,RODNEY,108,108,0
1973,RICCARDO,12,12,0
1973,RODGER,8,8,0
1973,ROCKY,5,5,0
1973,ROCH,8,8,0
1973,ROCCO,31,31,0
1973,ROBERTO,101,101,0
1973,ROBERT,1742,1742,0
1973,ROBBY,6,6,0
1973,ROBBIE,40,40,0
1973,RICKY,35,35,0
1973,RICKEY,7,7,0
1973,RICK,10,10,0
1973,RICHARDO,5,5,0
1973,RODERICK,29,29,0
1973,PHILIP,220,220,0
1973,MICHEAL,130,130,0
1973,PETAR,9,9,0
1973,NICKOLAS,5,5,0
1973,NICK,48,48,0
1973,NICHOLAS,97,97,0
1973,NELSON,101,101,0
1973,NEKTARIOS,7,7,0
1973,NEIL,156,156,0
1973,NEAL,30,30,0
1973,NATHANIEL,13,13,0
1973,NATHAN,73,73,0
1973,NATALE,6,6,0
1973,MYLES,18,18,0
1973,MURRAY,47,47,0
1973,MONTY,10,10,0
1973,MONTE,7,7,0
1973,MOHAMMAD,5,5,0
1973,MITCHELL,28,28,0
1973,MILES,7,7,0
1973,MILAN,10,10,0
1973,MIKE,45,45,0
1973,MIGUEL,14,14,0
1973,MICHEL,134,134,0
1973,MICHAEL,2571,2571,0
1973,ROSARIO,9,9,0
1973,NICOLAS,15,15,0
1973,NIGEL,24,24,0
1973,NIKOLA,8,8,0
1973,NIKOLAOS,12,12,0
1973,PERRY,21,21,0
1973,PERCY,8,8,0
1973,PEDRO,8,8,0
1973,PAULO,50,50,0
1973,PAUL,947,947,0
1973,PATRICK,351,351,0
1973,PASQUALINO,6,6,0
1973,PASQUALE,29,29,0
1973,PASCAL,12,12,0
1973,PAOLO,42,42,0
1973,PANAGIOTIS,21,21,0
1973,PETER,621,621,0
1973,PABLO,5,5,0
1973,OTIS,6,6,0
1973,OSCAR,12,12,0
1973,ORLANDO,7,7,0
1973,OMAR,17,17,0
1973,OLIVER,33,33,0
1973,NORMAND,6,6,0
1973,NORMAN,81,81,0
1973,NOLAN,5,5,0
1973,NOEL,22,22,0
1973,NOAH,12,12,0
1973,NILTON,9,9,0
1973,OWEN,29,29,0
1973,ROSS,41,41,0
1973,YVES,14,14,0
1973,RUBEN,6,6,0
1973,TYLER,84,84,0
1973,TROY,146,146,0
1973,TREVOR,394,394,0
1973,TRENT,13,13,0
1973,TRAVIS,62,62,0
1973,TONY,82,82,0
1973,TOMMY,29,29,0
1973,TOMMASO,10,10,0
1973,TOMISLAV,9,9,0
1973,TOM,15,15,0
1973,TODD,323,323,0
1973,TYRONE,12,12,0
1973,TOD,6,6,0
1973,TOBIAS,6,6,0
1973,TIMOTHY,495,495,0
1973,TIMMY,6,6,0
1973,TIM,6,6,0
1973,THOMAS,445,445,0
1973,THIERRY,6,6,0
1973,THEODOROS,10,10,0
1973,THEODORE,42,42,0
1973,TERRENCE,36,36,0
1973,TERRANCE,30,30,0
1973,TERENCE,61,61,0
1973,TOBY,22,22,0
1973,TEDDY,8,8,0
1973,TYSON,18,18,0
1973,VASILIOS,9,9,0
1973,MERLE,6,6,0
1973,ZORAN,9,9,0
1973,ZACHARY,21,21,0
1973,YVON,7,7,0
1973,YVAN,7,7,0
1973,WYATT,5,5,0
1973,WINSTON,16,16,0
1973,WILSON,6,6,0
1973,WILLIAM,806,806,0
1973,WILFRED,17,17,0
1973,WESLEY,45,45,0
1973,VANCE,6,6,0
1973,WAYNE,201,201,0
1973,WALTER,84,84,0
1973,WALLACE,6,6,0
1973,WADE,60,60,0
1973,VITTORIO,9,9,0
1973,VITO,27,27,0
1973,VINCENZO,70,70,0
1973,VINCENT,77,77,0
1973,VINCE,9,9,0
1973,VICTOR,73,73,0
1973,VERNON,21,21,0
1973,VAUGHN,5,5,0
1973,WARREN,71,71,0
1973,ROY,45,45,0
1973,TED,12,12,0
1973,TARAS,6,6,0
1973,SHANE,298,298,0
1973,SHAMUS,6,6,0
1973,SERGIO,22,22,0
1973,SERGE,30,30,0
1973,SEBASTIEN,7,7,0
1973,SEBASTIANO,9,9,0
1973,SEBASTIAN,5,5,0
1973,SEAN,643,643,0
1973,SCOTTY,5,5,0
1973,SCOTT,861,861,0
1973,SCOT,12,12,0
1973,SHAUN,56,56,0
1973,SAVERIO,13,13,0
1973,SANJAY,13,13,0
1973,SANDRO,18,18,0
1973,SAMUEL,68,68,0
1973,SAMMY,7,7,0
1973,SAM,9,9,0
1973,SALVATORE,72,72,0
1973,RYAN,428,428,0
1973,RUSSELL,81,81,0
1973,RUSSEL,5,5,0
1973,RUI,13,13,0
1973,RUDY,5,5,0
1973,SANTO,5,5,0
1973,TARIQ,6,6,0
1973,SHAYNE,34,34,0
1973,SHELDON,44,44,0
1973,SYLVAIN,49,49,0
1973,SYED,9,9,0
1973,SYDNEY,5,5,0
1973,STUART,80,80,0
1973,STEWART,47,47,0
1973,STEVEN,961,961,0
1973,STEVE,87,87,0
1973,STEVAN,6,6,0
1973,STEPHEN,638,638,0
1973,STÉPHANE,8,8,0
1973,STEPHANE,112,112,0
1973,SHEA,7,7,0
1973,STEPHAN,49,49,0
1973,STEFAN,39,39,0
1973,STAVROS,8,8,0
1973,STANLEY,48,48,0
1973,SPIROS,6,6,0
1973,SPENCER,11,11,0
1973,SOTIRIOS,6,6,0
1973,SONNY,10,10,0
1973,SOLOMON,6,6,0
1973,SIMON,80,80,0
1973,SIDNEY,15,15,0
1973,SHERMAN,5,5,0
1973,STEFANO,21,21,0
1973,MELVIN,16,16,0
1973,KENT,46,46,0
1973,MAX,8,8,0
1973,DAMON,11,11,0
1973,DANIEL,926,926,0
1973,DANIELE,36,36,0
1973,DANNY,134,134,0
1973,DANY,8,8,0
1973,DARIN,18,18,0
1973,DARRELL,61,61,0
1973,DARREN,262,262,0
1973,DARRIN,30,30,0
1973,DARRYL,132,132,0
1973,DARRYN,6,6,0
1973,DARWIN,5,5,0
1973,DAMIEN,9,9,0
1973,DARYL,61,61,0
1973,DAVE,24,24,0
1973,DAVID,1985,1985,0
1973,DAVIDE,20,20,0
1973,DEAN,156,156,0
1973,DELBERT,9,9,0
1973,DEMETRIOS,19,19,0
1973,DENI,5,5,0
1973,DENIS,56,56,0
1973,DENNIS,203,203,0
1973,DENNY,30,30,0
1973,DEREK,486,486,0
1973,DERICK,6,6,0
1973,DARYLL,5,5,0
1973,DAMIAN,19,19,0
1973,DALLAS,16,16,0
1973,CYRIL,6,6,0
1973,CLARENCE,20,20,0
1973,CLARK,7,7,0
1973,CLARKE,7,7,0
1973,CLAUDE,35,35,0
1973,CLAUDIO,22,22,0
1973,CLAY,5,5,0
1973,CLAYTON,76,76,0
1973,CLEMENT,11,11,0
1973,CLIFFORD,39,39,0
1973,CLIFTON,6,6,0
1973,CLINT,25,25,0
1973,CLINTON,64,64,0
1973,CODY,7,7,0
1973,COLE,8,8,0
1973,COLIN,161,161,0
1973,COLLIN,16,16,0
1973,CONRAD,13,13,0
1973,CONSTANTINE,9,9,0
1973,CONSTANTINOS,9,9,0
1973,CORNELIS,6,6,0
1973,CORNELIUS,10,10,0
1973,CORRADO,11,11,0
1973,COSIMO,10,10,0
1973,COURTNEY,7,7,0
1973,CRAIG,420,420,0
1973,CRISTOPHER,8,8,0
1973,CURTIS,46,46,0
1973,DERRICK,46,46,0
1973,DESMOND,15,15,0
1973,DEVIN,16,16,0
1973,DEVON,8,8,0
1973,ELIAS,10,10,0
1973,ELIO,6,6,0
1973,ELLIOT,5,5,0
1973,ELLIOTT,7,7,0
1973,ELMER,6,6,0
1973,ELTON,5,5,0
1973,ELVIS,6,6,0
1973,EMANUEL,11,11,0
1973,EMILE,6,6,0
1973,EMILIO,12,12,0
1973,EMMANUEL,14,14,0
1973,ENRICO,9,9,0
1973,ENZO,15,15,0
1973,ERIC,329,329,0
1973,ERICH,7,7,0
1973,ERICK,17,17,0
1973,ERIK,48,48,0
1973,ERNEST,23,23,0
1973,ERROL,7,7,0
1973,ERWIN,11,11,0
1973,ETHAN,6,6,0
1973,ETIENNE,7,7,0
1973,EUGENE,36,36,0
1973,EUGENIO,10,10,0
1973,EVAGELOS,6,6,0
1973,EVAN,21,21,0
1973,EVANGELOS,12,12,0
1973,ELI,15,15,0
1973,CHRISTOS,18,18,0
1973,ELDON,5,5,0
1973,EDWARD,264,264,0
1973,DEXTER,5,5,0
1973,DIMITRIOS,30,30,0
1973,DINO,42,42,0
1973,DION,12,12,0
1973,DIRK,6,6,0
1973,DOMENIC,15,15,0
1973,DOMENICO,74,74,0
1973,DOMINIC,26,26,0
1973,DOMINIQUE,9,9,0
1973,DON,10,10,0
1973,DONALD,306,306,0
1973,DONATO,18,18,0
1973,DONOVAN,13,13,0
1973,DOUGLAS,286,286,0
1973,DRAGO,5,5,0
1973,DREW,22,22,0
1973,DUANE,76,76,0
1973,DUNCAN,19,19,0
1973,DUSTIN,36,36,0
1973,DWAYNE,135,135,0
1973,DWIGHT,28,28,0
1973,DYLAN,27,27,0
1973,EARL,22,22,0
1973,EDGAR,20,20,0
1973,EDMOND,8,8,0
1973,EDMUND,10,10,0
1973,EDUARDO,12,12,0
1973,EDWIN,27,27,0
1973,CHRISTOPHER,2101,2101,0
1973,CHRISTIAN,163,163,0
1973,CHRIS,46,46,0
1973,AMEDEO,9,9,0
1973,ANASTASIOS,16,16,0
1973,ANDRE,104,104,0
1973,ANDRÉ,7,7,0
1973,ANDREAS,13,13,0
1973,ANDRES,6,6,0
1973,ANDREW,751,751,0
1973,ANDY,25,25,0
1973,ANGELO,60,60,0
1973,ANGUS,13,13,0
1973,ANIL,5,5,0
1973,ANTE,5,5,0
1973,ANTHONY,354,354,0
1973,ANTOINE,9,9,0
1973,ANTON,8,8,0
1973,ANTONINO,14,14,0
1973,ANTONIO,178,178,0
1973,ANTONIOS,5,5,0
1973,ANTONY,13,13,0
1973,APOSTOLOS,6,6,0
1973,ARI,12,12,0
1973,ARISTIDIS,5,5,0
1973,ARMAND,12,12,0
1973,ARMANDO,7,7,0
1973,ARNOLD,11,11,0
1973,ARON,13,13,0
1973,ARRON,11,11,0
1973,ALVIN,7,7,0
1973,ARTHUR,60,60,0
1973,ALLISTER,5,5,0
1973,ALLAN,109,109,0
1973,AARON,262,262,0
1973,ABE,5,5,0
1973,ABRAHAM,14,14,0
1973,ADAM,413,413,0
1973,ADAMO,9,9,0
1973,ADRIAN,89,89,0
1973,ADRIANO,14,14,0
1973,ADRIEN,5,5,0
1973,AGOSTINO,10,10,0
1973,AIDEN,5,5,0
1973,AJAY,6,6,0
1973,ALAIN,65,65,0
1973,ALAN,111,111,0
1973,ALBERT,44,44,0
1973,ALBERTO,10,10,0
1973,ALDO,9,9,0
1973,ALEKSANDAR,7,7,0
1973,ALESSANDRO,20,20,0
1973,ALEX,20,20,0
1973,ALEXANDER,155,155,0
1973,ALEXANDRE,12,12,0
1973,ALEXANDROS,5,5,0
1973,ALFONSO,5,5,0
1973,ALFRED,28,28,0
1973,ALFREDO,16,16,0
1973,ALI,5,5,0
1973,ALISTAIR,8,8,0
1973,ALLEN,44,44,0
1973,EVERETT,7,7,0
1973,ATHANASIOS,16,16,0
1973,AUSTIN,6,6,0
1973,BRETT,109,109,0
1973,BRIAN,686,686,0
1973,BROCK,8,8,0
1973,BRUCE,95,95,0
1973,BRUNO,37,37,0
1973,BRYAN,197,197,0
1973,BRYCE,22,22,0
1973,BRYON,6,6,0
1973,BYRON,18,18,0
1973,CALE,5,5,0
1973,CALLUM,5,5,0
1973,CALOGERO,7,7,0
1973,CALVIN,24,24,0
1973,CAMERON,78,78,0
1973,CAMILLO,5,5,0
1973,CARL,74,74,0
1973,CARLO,39,39,0
1973,CARLOS,23,23,0
1973,CARMELO,12,12,0
1973,CARMINE,19,19,0
1973,CARSON,6,6,0
1973,CARY,13,13,0
1973,CECIL,9,9,0
1973,CHAD,239,239,0
1973,CHADWICK,37,37,0
1973,CHARLES,213,213,0
1973,CHARLIE,7,7,0
1973,BRENTON,7,7,0
1973,ATTILA,6,6,0
1973,BRENT,218,218,0
1973,BRENDAN,34,34,0
1973,BARRIE,5,5,0
1973,BARRY,101,101,0
1973,BARTHOLOMEW,6,6,0
1973,BEN,10,10,0
1973,BENEDETTO,5,5,0
1973,BENEDICT,5,5,0
1973,BENITO,7,7,0
1973,BENJAMIN,102,102,0
1973,BENOIT,11,11,0
1973,BENSON,6,6,0
1973,BERNARD,38,38,0
1973,BERNHARD,5,5,0
1973,BIAGIO,5,5,0
1973,BILL,29,29,0
1973,BILLY,16,16,0
1973,BLAINE,9,9,0
1973,BLAIR,47,47,0
1973,BLAKE,21,21,0
1973,BOB,6,6,0
1973,BOBBY,13,13,0
1973,BORIS,7,7,0
1973,BOY,6,6,0
1973,BRAD,27,27,0
1973,BRADLEY,399,399,0
1973,BRADLY,6,6,0
1973,BRANDON,92,92,0
1973,BRANT,5,5,0
1973,BRENDON,5,5,0
1973,MAXWELL,5,5,0
1973,EWAN,6,6,0
1973,FABIAN,6,6,0
1973,JUNIOR,6,6,0
1973,JUSTIN,169,169,0
1973,KARIM,8,8,0
1973,KARL,47,47,0
1973,KEITH,186,186,0
1973,KELVIN,10,10,0
1973,KEN,10,10,0
1973,KENDALL,10,10,0
1973,KENNETH,385,385,0
1973,KENNY,10,10,0
1973,KEVIN,1161,1161,0
1973,KIERAN,6,6,0
1973,JULIEN,10,10,0
1973,KIP,6,6,0
1973,KIRK,77,77,0
1973,KONSTANTINOS,31,31,0
1973,KOSTANTINOS,5,5,0
1973,KOSTAS,9,9,0
1973,KRIS,8,8,0
1973,KRISTIAN,17,17,0
1973,KRISTOFER,6,6,0
1973,KRISTOPHER,51,51,0
1973,KURT,28,28,0
1973,KURTIS,10,10,0
1973,KYLE,97,97,0
1973,LANCE,27,27,0
1973,KIRBY,8,8,0
1973,JULIAN,28,28,0
1973,JUDE,6,6,0
1973,JUAN,7,7,0
1973,JERRY,65,65,0
1973,JESSE,60,60,0
1973,JIM,16,16,0
1973,JIMMY,35,35,0
1973,JOAO,13,13,0
1973,JOE,25,25,0
1973,JOEL,146,146,0
1973,JOESPH,9,9,0
1973,JOEY,24,24,0
1973,JOHAN,7,7,0
1973,JOHANNES,5,5,0
1973,JOHN,1363,1363,0
1973,JOHNATHAN,18,18,0
1973,JOHNATHON,6,6,0
1973,JOHNNY,50,50,0
1973,JOHN-PAUL,15,15,0
1973,JON,30,30,0
1973,JONAH,6,6,0
1973,JONAS,7,7,0
1973,JONATHAN,343,343,0
1973,JONATHON,47,47,0
1973,JORDAN,29,29,0
1973,JORGE,10,10,0
1973,JOSEF,8,8,0
1973,JOSEPH,1280,1280,0
1973,JOSHUA,128,128,0
1973,JOSIP,6,6,0
1973,LARRY,86,86,0
1973,LAURENCE,12,12,0
1973,LAWRENCE,84,84,0
1973,LENNOX,5,5,0
1973,MALCOLM,30,30,0
1973,MALE,8,8,0
1973,MANUEL,18,18,0
1973,MARC,273,273,0
1973,MARCEL,52,52,0
1973,MARCELLO,19,19,0
1973,MARCO,91,91,0
1973,MARCUS,47,47,0
1973,MARIANO,5,5,0
1973,MARIO,72,72,0
1973,MARK,1162,1162,0
1973,MARKO,16,16,0
1973,MARKUS,15,15,0
1973,MARLON,13,13,0
1973,MARSHALL,14,14,0
1973,MARTIN,194,194,0
1973,MARTY,26,26,0
1973,MARTYN,7,7,0
1973,MARVIN,23,23,0
1973,MASSIMO,22,22,0
1973,MATHEW,68,68,0
1973,MATHIEU,10,10,0
1973,MATTEO,10,10,0
1973,MATTHEW,673,673,0
1973,MAURICE,38,38,0
1973,MAURIZIO,21,21,0
1973,MAURO,13,13,0
1973,LYNDON,10,10,0
1973,JEROME,16,16,0
1973,LYLE,13,13,0
1973,LUIS,25,25,0
1973,LEO,27,27,0
1973,LEON,22,22,0
1973,LEONARD,65,65,0
1973,LEONARDO,21,21,0
1973,LEONIDAS,5,5,0
1973,LEROY,9,9,0
1973,LESTER,5,5,0
1973,LEVI,5,5,0
1973,LEWIS,6,6,0
1973,LIAM,15,15,0
1973,LINCOLN,15,15,0
1973,LINO,7,7,0
1973,LIONEL,8,8,0
1973,LLOYD,37,37,0
1973,LONNIE,12,12,0
1973,LONNY,7,7,0
1973,LORENZO,16,16,0
1973,LORETO,6,6,0
1973,LORNE,27,27,0
1973,LOUIE,5,5,0
1973,LOUIS,50,50,0
1973,LUC,55,55,0
1973,LUCA,7,7,0
1973,LUCAS,16,16,0
1973,LUCIANO,10,10,0
1973,LUCIO,6,6,0
1973,LUIGI,47,47,0
1973,LUKE,27,27,0
1973,JERMAINE,5,5,0
1973,JEREMY,332,332,0
1973,JEREMIAH,16,16,0
1973,GENE,9,9,0
1973,GENNARO,6,6,0
1973,GEOFFREY,142,142,0
1973,GEORDIE,7,7,0
1973,GEORGE,273,273,0
1973,GEORGIOS,5,5,0
1973,GERALD,128,128,0
1973,GERARD,22,22,0
1973,GERARDO,7,7,0
1973,GERRY,15,15,0
1973,GHISLAIN,5,5,0
1973,GIACOMO,11,11,0
1973,GIAN,8,8,0
1973,GIANCARLO,6,6,0
1973,GIANFRANCO,6,6,0
1973,GIANNI,26,26,0
1973,GILBERT,15,15,0
1973,GILES,5,5,0
1973,GILLES,24,24,0
1973,GINO,26,26,0
1973,GIOVANNI,84,84,0
1973,GIULIO,6,6,0
1973,GIUSEPPE,157,157,0
1973,GLEN,111,111,0
1973,GLENN,108,108,0
1973,GORDON,173,173,0
1973,GRAEME,18,18,0
1973,GAVIN,34,34,0
1973,GRAHAM,79,79,0
1973,GASPARE,6,6,0
1973,GARTH,7,7,0
1973,FABIO,20,20,0
1973,FABRIZIO,17,17,0
1973,FERNANDO,15,15,0
1973,FILIPPO,7,7,0
1973,FLOYD,7,7,0
1973,FORTUNATO,8,8,0
1973,FRANCESCO,82,82,0
1973,FRANCISCO,14,14,0
1973,FRANCO,54,54,0
1973,FRANCOIS,31,31,0
1973,FRANK,152,152,0
1973,FRANKLIN,23,23,0
1973,FRANZ,5,5,0
1973,FRASER,18,18,0
1973,FRED,8,8,0
1973,FREDERIC,8,8,0
1973,FREDERICK,65,65,0
1973,FREDRICK,10,10,0
1973,FREEMAN,5,5,0
1973,GABRIEL,32,32,0
1973,GABRIELE,7,7,0
1973,GAETAN,9,9,0
1973,GAETANO,14,14,0
1973,GARETH,8,8,0
1973,GARNET,11,11,0
1973,GARRETT,8,8,0
1973,GARRY,35,35,0
1973,GARY,216,216,0
1973,EZRA,5,5,0
1973,GRANT,89,89,0
1973,GREGG,8,8,0
1973,JACQUES,13,13,0
1973,JAIME,9,9,0
1973,JAKE,8,8,0
1973,JAMES,1378,1378,0
1973,JAMEY,6,6,0
1973,JAMIESON,8,8,0
1973,JAN,21,21,0
1973,JARED,20,20,0
1973,JARET,9,9,0
1973,JARRET,6,6,0
1973,JARRETT,13,13,0
1973,JARROD,20,20,0
1973,JASEN,9,9,0
1973,JASON,2730,2730,0
1973,JAY,62,62,0
1973,JAYSON,28,28,0
1973,JEAN-FRANCOIS,17,17,0
1973,JEAN-GUY,7,7,0
1973,JEAN-MARC,8,8,0
1973,JEAN-PAUL,21,21,0
1973,JEAN-PIERRE,9,9,0
1973,JEFF,11,11,0
1973,JEFFEREY,8,8,0
1973,JEFFERSON,12,12,0
1973,JEFFERY,397,397,0
1973,JEFFREY,927,927,0
1973,JEFFRY,5,5,0
1973,JACOB,50,50,0
1973,GREG,17,17,0
1973,JACK,38,38,0
1973,IVANO,6,6,0
1973,GREGOIRE,5,5,0
1973,GREGOR,6,6,0
1973,GREGORY,599,599,0
1973,GUS,11,11,0
1973,GUY,46,46,0
1973,HANK,6,6,0
1973,HANS,13,13,0
1973,HARALABOS,6,6,0
1973,HARLEY,6,6,0
1973,HAROLD,35,35,0
1973,HARRY,32,32,0
1973,HARVEY,16,16,0
1973,HEATH,13,13,0
1973,HECTOR,5,5,0
1973,HENDRIK,10,10,0
1973,HENRY,43,43,0
1973,HERBERT,15,15,0
1973,HERMAN,10,10,0
1973,HOWARD,35,35,0
1973,HUBERT,5,5,0
1973,HUGH,23,23,0
1973,IAIN,16,16,0
1973,IAN,331,331,0
1973,INFANT,6,6,0
1973,IOANNIS,15,15,0
1973,ISAAC,23,23,0
1973,IVAN,47,47,0
1973,J,6,6,0
1973,DONNY,7,7,0
1973,HEATHER,668,0,668
1973,ABIGAIL,11,0,11
1973,AMELIE,6,0,6
1973,AMIE,10,0,10
1973,AMY,299,0,299
1973,ANA,43,0,43
1973,ANABELA,7,0,7
1973,ANASTASIA,38,0,38
1973,ANDREA,505,14,491
1973,ANDREE,7,0,7
1973,ANDRIA,6,0,6
1973,ANGEL,38,0,38
1973,ANGELA,597,0,597
1973,ANGELE,13,0,13
1973,ANGELICA,8,0,8
1973,ANGELINA,28,0,28
1973,ANGELINE,8,0,8
1973,ANGELIQUE,8,0,8
1973,ANGIE,13,0,13
1973,ANIK,12,0,12
1973,ANISSA,7,0,7
1973,ANITA,145,0,145
1973,ANN,114,0,114
1973,ANN-MARIE,19,0,19
1973,ANNA,204,0,204
1973,AMELIA,17,0,17
1973,ANNA-MARIA,9,0,9
1973,AMBER,57,0,57
1973,ALYSSA,13,0,13
1973,ZOE,17,0,17
1973,ADRIA,6,0,6
1973,ADRIANA,20,0,20
1973,ADRIENNE,53,0,53
1973,AGANETHA,6,0,6
1973,AGNES,7,0,7
1973,AIMEE,43,0,43
1973,ALANA,42,0,42
1973,ALANNA,10,0,10
1973,ALEXA,6,0,6
1973,ALEXANDRA,75,0,75
1973,ALEXANDRIA,6,0,6
1973,ALEXIA,10,0,10
1973,ALEXIS,19,0,19
1973,ALICE,43,0,43
1973,ALICIA,35,0,35
1973,ALISA,11,0,11
1973,ALISHA,8,0,8
1973,ALISON,185,0,185
1973,ALISSA,7,0,7
1973,ALLISON,154,0,154
1973,ALLYSON,15,0,15
1973,ALYSON,24,0,24
1973,AMANDA,230,0,230
1973,ANNAMARIA,16,0,16
1973,ANNE,147,0,147
1973,ANNE-MARIE,25,0,25
1973,BETHANY,10,0,10
1973,BETSY,6,0,6
1973,BETTY,31,0,31
1973,BEVERLEY,29,0,29
1973,BEVERLY,52,0,52
1973,BIANCA,7,0,7
1973,BILLIE,8,0,8
1973,BILLIE-JO,9,0,9
1973,BOBBI,19,0,19
1973,BOBBI-JO,18,0,18
1973,BOBBIE-JO,8,0,8
1973,BONNIE,113,0,113
1973,BRANDI,24,0,24
1973,BRANDIE,11,0,11
1973,BRANDY,48,0,48
1973,BRENDA,216,0,216
1973,BRENNA,6,0,6
1973,BRIDGET,53,0,53
1973,BRIDGETTE,6,0,6
1973,BRIGETTE,15,0,15
1973,BRIGITTE,40,0,40
1973,BROOKE,11,0,11
1973,BUFFY,7,0,7
1973,BETH,29,0,29
1973,BESSIE,7,0,7
1973,BERNICE,9,0,9
1973,BERNADETTE,29,0,29
1973,ANNETTE,67,0,67
1973,ANNICK,7,0,7
1973,ANNIE,33,0,33
1973,ANNMARIE,7,0,7
1973,ANTOINETTE,17,0,17
1973,ANTONELLA,27,0,27
1973,ANTONIA,18,0,18
1973,ANTONIETTA,32,0,32
1973,ANTONINA,7,0,7
1973,APRIL,137,0,137
1973,ARLENE,31,0,31
1973,YVONNE,58,0,58
1973,ASHLEY,43,27,16
1973,ATHANASIA,7,0,7
1973,AUDRA,13,0,13
1973,AUDREY,34,0,34
1973,AYESHA,6,0,6
1973,BABY,286,155,131
1973,BARBARA,222,0,222
1973,BARBRA,8,0,8
1973,BEATRICE,10,0,10
1973,BECKY,17,0,17
1973,BELINDA,33,0,33
1973,BENITA,6,0,6
1973,ASSUNTA,17,0,17
1973,YVETTE,28,0,28
1973,YOLANDA,18,0,18
1973,WENDY,298,0,298
1973,SUZANA,15,0,15
1973,SUZANNE,207,0,207
1973,SUZETTE,23,0,23
1973,SUZIE,8,0,8
1973,SUZY,9,0,9
1973,SYLVIA,71,0,71
1973,SYLVIE,77,0,77
1973,TABATHA,13,0,13
1973,TABETHA,7,0,7
1973,TABITHA,13,0,13
1973,TAMARA,167,0,167
1973,TAMI,11,0,11
1973,TAMMI,10,0,10
1973,TAMMIE,24,0,24
1973,TAMMY,812,0,812
1973,TAMMY-LYNN,12,0,12
1973,TANIA,127,0,127
1973,TANIS,8,0,8
1973,TANJA,20,0,20
1973,TANYA,495,0,495
1973,TARA,385,0,385
1973,TARA-LYNN,10,0,10
1973,TASHA,16,0,16
1973,SUSY,47,0,47
1973,SUSIE,9,0,9
1973,SUSANNE,76,0,76
1973,SUSANNAH,9,0,9
1973,SHIRLEY,41,0,41
1973,SHONA,10,0,10
1973,SILVANA,17,0,17
1973,SILVIA,23,0,23
1973,SIMONE,24,0,24
1973,SIOBHAN,13,0,13
1973,SOFIA,12,0,12
1973,SONIA,97,0,97
1973,SONJA,23,0,23
1973,SONYA,90,0,90
1973,SOPHIA,28,0,28
1973,TAWNYA,12,0,12
1973,SOPHIE,30,0,30
1973,STACI,10,0,10
1973,STACIE,23,0,23
1973,STACY,115,12,103
1973,STEFANIA,18,0,18
1973,STEFANIE,20,0,20
1973,STELLA,18,0,18
1973,STEPHANIE,525,0,525
1973,SUE,6,0,6
1973,SUSAN,520,0,520
1973,SUSANA,18,0,18
1973,SUSANNA,12,0,12
1973,STACEY,284,12,272
1973,CAMILLE,19,0,19
1973,TEENA,18,0,18
1973,TERI,15,0,15
1973,URSULA,8,0,8
1973,VALARIE,6,0,6
1973,VALENTINA,9,0,9
1973,VALERIA,6,0,6
1973,VALERIE,106,0,106
1973,VANESSA,102,0,102
1973,VASILIKI,17,0,17
1973,VERA,9,0,9
1973,VERNA,9,0,9
1973,VERONICA,44,0,44
1973,VERONIQUE,8,0,8
1973,VESNA,11,0,11
1973,VICKI,68,0,68
1973,VICKIE,9,0,9
1973,VICKY,26,0,26
1973,VICTORIA,116,0,116
1973,VINCENZA,13,0,13
1973,VIOLET,6,0,6
1973,VIRGINIA,42,0,42
1973,VITTORIA,8,0,8
1973,VIVIAN,15,0,15
1973,WANDA,38,0,38
1973,WENDI,11,0,11
1973,TRUDY,25,0,25
1973,TRISTA,8,0,8
1973,TRISHA,38,0,38
1973,TRINA,42,0,42
1973,TERRA,24,0,24
1973,TERRI,103,0,103
1973,TERRI-LYNN,12,0,12
1973,TERRIE,9,0,9
1973,TERRY,194,168,26
1973,TESSA,9,0,9
1973,THEODORA,7,0,7
1973,THERESA,99,0,99
1973,THERESSA,12,0,12
1973,TIFFANY,74,0,74
1973,TINA,398,0,398
1973,TERESA,209,0,209
1973,TISHA,7,0,7
1973,TOBI,9,0,9
1973,TONI,12,5,7
1973,TONIA,21,0,21
1973,TONYA,47,0,47
1973,TRACEY,208,0,208
1973,TRACI,11,0,11
1973,TRACIE,23,0,23
1973,TRACY,668,5,663
1973,TRACY-ANN,7,0,7
1973,TREENA,14,0,14
1973,TRICIA,104,0,104
1973,TIZIANA,6,0,6
1973,SHERYL,52,0,52
1973,CANDACE,59,0,59
1973,CANDY,20,0,20
1973,ERIN,210,11,199
1973,ERIKA,44,0,44
1973,ERICA,64,0,64
1973,ENZA,7,0,7
1973,EMMA,34,0,34
1973,EMILY,80,0,80
1973,EMILIA,10,0,10
1973,ELVIRA,10,0,10
1973,ELSIE,8,0,8
1973,ELLEN,38,0,38
1973,ELIZABETH,446,0,446
1973,ELIZA,8,0,8
1973,ELISSA,10,0,10
1973,ELISE,9,0,9
1973,ELISABETTA,14,0,14
1973,ELISABETH,29,0,29
1973,ELISA,35,0,35
1973,ELENI,10,0,10
1973,ELENA,25,0,25
1973,ELEANOR,16,0,16
1973,ELANA,11,0,11
1973,ELAINE,71,0,71
1973,ELAINA,6,0,6
1973,ESTHER,39,0,39
1973,EILEEN,16,0,16
1973,EUGENIA,8,0,8
1973,EVE,7,0,7
1973,GAYLE,16,0,16
1973,GAIL,50,0,50
1973,GABRIELLE,16,0,16
1973,GABRIELLA,8,0,8
1973,GABRIELA,8,0,8
1973,FRANCIS,65,59,6
1973,FRANCINE,28,0,28
1973,FRANCESCA,33,0,33
1973,FRANCES,37,0,37
1973,FRANCE,18,0,18
1973,FRANCA,26,0,26
1973,FOTINI,7,0,7
1973,FLORENCE,11,0,11
1973,FLORA,6,0,6
1973,FIORELLA,6,0,6
1973,FIONA,43,0,43
1973,FILOMENA,17,0,17
1973,FEMALE,6,0,6
1973,FELICIA,10,0,10
1973,FAYE,8,0,8
1973,FATIMA,8,0,8
1973,FAITH,18,0,18
1973,EVELYN,22,0,22
1973,EVA,28,0,28
1973,EFFIE,9,0,9
1973,EDNA,8,0,8
1973,EDITH,12,0,12
1973,DEANA,7,0,7
1973,DAYNA,19,0,19
1973,DAWNA,16,0,16
1973,DAWN-MARIE,7,0,7
1973,DAWN,279,0,279
1973,DARLENE,100,0,100
1973,DARLA,7,0,7
1973,DARCY,77,69,8
1973,DARCIE,6,0,6
1973,DAPHNE,18,0,18
1973,DANNA,7,0,7
1973,DANIELLE,206,0,206
1973,DANIELLA,6,0,6
1973,DANIELA,45,0,45
1973,DANICA,8,0,8
1973,DANA,190,39,151
1973,DALE,147,138,9
1973,DAISY,8,0,8
1973,DAINA,6,0,6
1973,CYNTHIA,281,0,281
1973,CRYSTAL,142,0,142
1973,ADELE,18,0,18
1973,HAYLEY,8,0,8
1973,DEANNA,119,0,119
1973,DEANNE,17,0,17
1973,DEBBIE,82,0,82
1973,DEBORA,11,0,11
1973,DOROTHY,41,0,41
1973,DORIS,29,0,29
1973,DOREEN,12,0,12
1973,DORA,11,0,11
1973,DONNA,197,0,197
1973,DOMENICA,11,0,11
1973,DOLORES,11,0,11
1973,DIONNE,13,0,13
1973,DIONE,10,0,10
1973,DINA,28,0,28
1973,DIMITRA,14,0,14
1973,GENEVIEVE,39,0,39
1973,DIANNE,52,0,52
1973,DIANE,184,0,184
1973,DIANA,180,0,180
1973,DESIREE,9,0,9
1973,DENISE,278,0,278
1973,DENA,7,0,7
1973,DELIA,9,0,9
1973,DEIRDRE,11,0,11
1973,DEIDRE,10,0,10
1973,DEENA,6,0,6
1973,DEBRA,124,0,124
1973,DEBORAH,224,0,224
1973,DIANNA,24,0,24
1973,GENNY,6,0,6
1973,GEORGETTE,10,0,10
1973,GEORGIA,23,0,23
1973,CECILIA,17,0,17
1973,CELESTE,7,0,7
1973,CELIA,8,0,8
1973,CELINA,6,0,6
1973,CELINE,21,0,21
1973,CHANDRA,12,0,12
1973,CHANTAL,168,0,168
1973,CHANTALE,13,0,13
1973,CHANTEL,14,0,14
1973,CHANTELLE,31,0,31
1973,CHARITY,14,0,14
1973,CHARLENE,124,0,124
1973,CHARLOTTE,44,0,44
1973,CHARMAINE,31,0,31
1973,CHER,14,0,14
1973,CHERI,31,0,31
1973,CHERIE,53,0,53
1973,CHERYL,271,0,271
1973,CHIARA,6,0,6
1973,CHRISTA,71,0,71
1973,CHRISTAL,7,0,7
1973,CHRISTIANE,8,0,8
1973,CHRISTIE,25,0,25
1973,CECILE,6,0,6
1973,CATHY,51,0,51
1973,CATHRINE,9,0,9
1973,CATHLEEN,9,0,9
1973,CARA,42,0,42
1973,CAREY,37,14,23
1973,CARI,10,0,10
1973,CARLA,110,0,110
1973,CARLY,8,0,8
1973,CARMELA,37,0,37
1973,CARMELINA,14,0,14
1973,CARMEN,38,8,30
1973,CAROL,113,0,113
1973,CAROL-ANN,10,0,10
1973,CAROLE,44,0,44
1973,CHRISTINA,315,0,315
1973,CAROLINA,6,0,6
1973,CAROLYN,149,0,149
1973,CAROLYNN,7,0,7
1973,CARRIE,268,0,268
1973,CARRIE-ANN,14,0,14
1973,CARRIE-ANNE,14,0,14
1973,CARRIE-LYNN,7,0,7
1973,CASEY,40,34,6
1973,CASSANDRA,46,0,46
1973,CATERINA,33,0,33
1973,CATHARINE,66,0,66
1973,CATHERINE,340,0,340
1973,CAROLINE,101,0,101
1973,CANDICE,36,0,36
1973,CHRISTINE,717,0,717
1973,CHRYSTAL,9,0,9
1973,HANNAH,19,0,19
1973,GWENDOLYN,11,0,11
1973,GWEN,9,0,9
1973,GUYLAINE,7,0,7
1973,GRETCHEN,6,0,6
1973,GRAZIELLA,13,0,13
1973,GRAZIA,12,0,12
1973,GRACE,38,0,38
1973,GLORIA,25,0,25
1973,GLENDA,18,0,18
1973,GIUSEPPINA,57,0,57
1973,GIULIANA,6,0,6
1973,GISELLE,14,0,14
1973,GISELLA,7,0,7
1973,GISELE,6,0,6
1973,GIOVANNA,36,0,36
1973,GINGER,19,0,19
1973,GINETTE,27,0,27
1973,GINA,48,0,48
1973,GILLIAN,54,0,54
1973,GIANNA,6,0,6
1973,GERALDINE,7,0,7
1973,GEORGINA,29,0,29
1973,CRISTINE,6,0,6
1973,CRISTINA,30,0,30
1973,CORY,173,166,7
1973,CORRY,14,5,9
1973,CINDY,281,0,281
1973,CINZIA,9,0,9
1973,CLAIRE,41,0,41
1973,CLARA,14,0,14
1973,CLARE,7,0,7
1973,CLARISSA,9,0,9
1973,CLAUDETTE,11,0,11
1973,CLAUDIA,47,0,47
1973,CLAUDINE,12,0,12
1973,COLEEN,12,0,12
1973,COLETTE,29,0,29
1973,CHRISTY,34,0,34
1973,COLLEEN,177,0,177
1973,CONNIE,82,0,82
1973,CONSTANCE,32,0,32
1973,CORA,10,0,10
1973,COREY,98,92,6
1973,CORI,9,0,9
1973,CORINA,14,0,14
1973,CORINNA,13,0,13
1973,CORINNE,38,0,38
1973,CORRIE,13,0,13
1973,CORRINA,10,0,10
1973,CORRINE,10,0,10
1973,CONCETTA,21,0,21
1973,SHERRY-LYNN,7,0,7
1973,GIULIA,6,0,6
1973,SHERRIE,21,0,21
1973,KRISTINE,92,0,92
1973,KRISTY,29,0,29
1973,KRISTYN,6,0,6
1973,KRYSTAL,11,0,11
1973,KYLA,30,0,30
1973,KYRA,9,0,9
1973,LAILA,6,0,6
1973,LANA,37,0,37
1973,LARA,43,0,43
1973,LARISSA,17,0,17
1973,LAURA,474,0,474
1973,LAURA-LEE,9,0,9
1973,LAUREEN,8,0,8
1973,LAUREL,24,0,24
1973,LAUREN,16,0,16
1973,LAURIE,212,0,212
1973,LAURIE-ANN,9,0,9
1973,LAURIE-ANNE,6,0,6
1973,LEA,8,0,8
1973,LEAH,81,0,81
1973,LEANNA,6,0,6
1973,LEANNE,134,0,134
1973,LEE,121,73,48
1973,KRISTINA,76,0,76
1973,LEE-ANN,29,0,29
1973,KRISTIN,73,0,73
1973,KRISTI,43,0,43
1973,KELLIE,27,0,27
1973,KELLY,606,69,537
1973,KELLY-ANN,10,0,10
1973,KELLY-ANNE,6,0,6
1973,KENDRA,47,0,47
1973,KERI,34,0,34
1973,KERRI,81,0,81
1973,KERRI-ANN,7,0,7
1973,KERRI-LYNN,9,0,9
1973,KERRIE,22,0,22
1973,KERRY,117,18,99
1973,KIERSTEN,6,0,6
1973,KIM,72,6,66
1973,KIMBERLEE,7,0,7
1973,KIMBERLEY,308,0,308
1973,KIMBERLY,630,0,630
1973,KIMBERLY-ANN,6,0,6
1973,KIRSTEN,59,0,59
1973,KIRSTI,6,0,6
1973,KIRSTIN,9,0,9
1973,KONSTANTINA,8,0,8
1973,KRISTA,225,0,225
1973,KRISTEN,124,0,124
1973,KRISTIE,14,0,14
1973,LEE-ANNE,11,0,11
1973,LEEANN,15,0,15
1973,LEEANNE,15,0,15
1973,LORENA,8,0,8
1973,LORETTA,37,0,37
1973,LORI,379,0,379
1973,LORI-ANN,27,0,27
1973,LORI-ANNE,10,0,10
1973,LORIANN,8,0,8
1973,LORIE,26,0,26
1973,LORNA,22,0,22
1973,LORRAINE,83,0,83
1973,LORRI,7,0,7
1973,LORRIE,17,0,17
1973,LOUISA,12,0,12
1973,LOUISE,66,0,66
1973,LUCIA,50,0,50
1973,LUCIANA,8,0,8
1973,LUCIE,17,0,17
1973,LUCILLE,6,0,6
1973,LUCINDA,8,0,8
1973,LUCY,34,0,34
1973,LUISA,22,0,22
1973,LYDIA,22,0,22
1973,LYNDA,41,0,41
1973,LYNE,8,0,8
1973,LOREDANA,16,0,16
1973,LORAINE,7,0,7
1973,LORA,17,0,17
1973,LOIS,8,0,8
1973,LEIGH,56,11,45
1973,LEIGH-ANN,14,0,14
1973,LEILA,14,0,14
1973,LENA,16,0,16
1973,LENORE,8,0,8
1973,LEONA,22,0,22
1973,LESLEY,131,0,131
1973,LESLIE,143,42,101
1973,LESLIE-ANN,6,0,6
1973,LIANA,12,0,12
1973,LIANE,15,0,15
1973,KELLI,22,0,22
1973,LIANNE,27,0,27
1973,LIISA,8,0,8
1973,LILIANA,14,0,14
1973,LILLIAN,14,0,14
1973,LILY,7,0,7
1973,LINA,22,0,22
1973,LINDA,272,0,272
1973,LINDSAY,19,5,14
1973,LISA,1240,0,1240
1973,LISE,36,0,36
1973,LISSA,6,0,6
1973,LIZA,21,0,21
1973,LIDIA,12,0,12
1973,KELLEY,25,0,25
1973,KATRINA,46,0,46
1973,KATINA,8,0,8
1973,JANINE,44,0,44
1973,JANIS,23,0,23
1973,JANNA,14,0,14
1973,JASMINE,11,0,11
1973,JAYNE,8,0,8
1973,JEAN,105,72,33
1973,JEANETTE,52,0,52
1973,JEANINE,10,0,10
1973,JEANNE,8,0,8
1973,JEANNETTE,23,0,23
1973,JEANNIE,16,0,16
1973,JEANNINE,13,0,13
1973,JENIFER,20,0,20
1973,JENNA,19,0,19
1973,JENNIE,18,0,18
1973,JENNIFER,2550,0,2550
1973,JENNIFFER,6,0,6
1973,JENNY,49,0,49
1973,JESSICA,140,0,140
1973,JESSIE,10,0,10
1973,JILL,82,0,82
1973,JILLIAN,42,0,42
1973,JO-ANN,13,0,13
1973,JANICE,121,0,121
1973,JANEY,11,0,11
1973,JANETTE,15,0,15
1973,JANET,196,0,196
1973,HELEN,117,0,117
1973,HEIDI,112,0,112
1973,SHERRY,185,0,185
1973,HELENA,18,0,18
1973,HELENE,17,0,17
1973,HELLEN,7,0,7
1973,HILARY,23,0,23
1973,HILLARY,6,0,6
1973,HOLLIE,6,0,6
1973,HOLLY,105,0,105
1973,HOPE,10,0,10
1973,JO-ANNE,41,0,41
1973,IDA,16,0,16
1973,IRENE,47,0,47
1973,ISABEL,12,0,12
1973,ISABELLE,25,0,25
1973,IVANA,13,0,13
1973,JACINDA,6,0,6
1973,JACKIE,17,0,17
1973,JACQUELINE,243,0,243
1973,JACQUELYN,8,0,8
1973,JAMIE,313,305,8
1973,JANA,24,0,24
1973,JANE,91,0,91
1973,INGRID,19,0,19
1973,LYNETTE,14,0,14
1973,JOAN,24,0,24
1973,JOANNA,85,0,85
1973,JUSTINE,18,0,18
1973,KARA,45,0,45
1973,KAREEN,6,0,6
1973,KAREN,674,0,674
1973,KAREY,8,0,8
1973,KARI,66,5,61
1973,KARIE,6,0,6
1973,KARIN,46,0,46
1973,KARINA,18,0,18
1973,KARLA,20,0,20
1973,KARRIE,14,0,14
1973,KARYN,24,0,24
1973,KATARINA,7,0,7
1973,KATE,6,0,6
1973,KATERINA,10,0,10
1973,KATHARINE,27,0,27
1973,KATHERINE,284,0,284
1973,KATHLEEN,199,0,199
1973,KATHRINE,7,0,7
1973,KATHRYN,134,0,134
1973,KATHY,55,0,55
1973,KATIA,7,0,7
1973,KATIE,15,0,15
1973,JUNE,18,0,18
1973,JULIET,6,0,6
1973,JULIE-ANNE,8,0,8
1973,JULIE-ANN,6,0,6
1973,JOANNE,250,0,250
1973,JOCELYN,24,0,24
1973,JOCELYNE,9,0,9
1973,JODI,146,9,137
1973,JODI-LYNN,6,0,6
1973,JODIE,51,5,46
1973,JODY,221,96,125
1973,JOHANNA,21,0,21
1973,JOHANNE,9,0,9
1973,JOSE,64,55,9
1973,JOSEE,39,0,39
1973,JOANN,9,0,9
1973,JOSEPHINE,29,0,29
1973,JOSÉE,9,0,9
1973,JOY,27,0,27
1973,JOYCE,32,0,32
1973,JUANITA,21,0,21
1973,JUDITH,76,0,76
1973,JUDY,67,0,67
1973,JULI,6,0,6
1973,JULIA,128,0,128
1973,JULIANA,17,0,17
1973,JULIANNE,15,0,15
1973,JULIE,755,0,755
1973,JOSIE,11,0,11
1973,LYNN,140,0,140
1973,JOELLE,10,0,10
1973,LYNNETTE,6,0,6
1973,RENÉE,11,0,11
1973,RHONDA,148,0,148
1973,RICHELLE,9,0,9
1973,RINA,7,0,7
1973,RITA,58,0,58
1973,ROBERTA,40,0,40
1973,ROBIN,221,76,145
1973,ROBYN,58,0,58
1973,ROBYNN,6,0,6
1973,ROCHELLE,21,0,21
1973,RONDA,17,0,17
1973,ROSA,45,0,45
1973,ROSALBA,6,0,6
1973,ROSALIA,8,0,8
1973,ROSALIE,10,0,10
1973,ROSALIND,6,0,6
1973,ROSAMARIA,6,0,6
1973,ROSANNA,34,0,34
1973,ROSANNE,24,0,24
1973,ROSARIA,18,0,18
1973,ROSE,33,0,33
1973,ROSEANN,6,0,6
1973,ROSEMARIE,19,0,19
1973,RENEE,104,0,104
1973,RENATA,22,0,22
1973,RENA,9,0,9
1973,REGINA,9,0,9
1973,PATRICE,16,6,10
1973,PATRICIA,420,0,420
1973,PATRIZIA,43,0,43
1973,PATTI,14,0,14
1973,PATTY,7,0,7
1973,PAULA,229,0,229
1973,PAULETTE,12,0,12
1973,PAULINE,51,0,51
1973,PEGGY,41,0,41
1973,PENELOPE,11,0,11
1973,PENNY,67,0,67
1973,ROSEMARY,37,0,37
1973,PETRA,8,0,8
1973,PHYLLIS,11,0,11
1973,PINA,11,0,11
1973,PRISCILLA,16,0,16
1973,RACHAEL,21,0,21
1973,RACHEL,174,0,174
1973,RACHELLE,52,0,52
1973,RAE,6,0,6
1973,RAMONA,6,0,6
1973,RAQUEL,13,0,13
1973,REBECCA,387,0,387
1973,REBEKAH,11,0,11
1973,PETRINA,8,0,8
1973,PAOLA,19,0,19
1973,ROSETTA,10,0,10
1973,ROSMARIE,7,0,7
1973,SHARI,61,0,61
1973,SHARLENE,11,0,11
1973,SHARMILA,6,0,6
1973,SHARON,198,0,198
1973,SHARRON,7,0,7
1973,SHAUNA,44,0,44
1973,SHAWN,701,694,7
1973,SHAWNA,74,0,74
1973,SHEENA,10,0,10
1973,SHEILA,90,0,90
1973,SHELAGH,6,0,6
1973,SHELBY,15,0,15
1973,SHELLEY,280,0,280
1973,SHELLEY-ANN,6,0,6
1973,SHELLIE,8,0,8
1973,SHELLY,101,0,101
1973,SHEREE,6,0,6
1973,SHERI,199,0,199
1973,SHERI-LEE,6,0,6
1973,LYNNE,31,0,31
1973,SHERRI-ANN,6,0,6
1973,SHERI-LYNN,14,0,14
1973,SHERRI,106,0,106
1973,SHANON,9,0,9
1973,SHANNON,518,50,468
1973,SHANNA,9,0,9
1973,SHANDA,8,0,8
1973,ROWENA,6,0,6
1973,ROXANE,25,0,25
1973,ROXANNE,35,0,35
1973,RUBY,11,0,11
1973,RUTH,43,0,43
1973,SABA,6,0,6
1973,SABINA,10,0,10
1973,SABRINA,63,0,63
1973,SACHA,11,0,11
1973,SAIRA,6,0,6
1973,SALLY,22,0,22
1973,ROSINA,8,0,8
1973,SAMANTHA,119,0,119
1973,SANDRA,483,0,483
1973,SANDY,80,15,65
1973,SANTINA,12,0,12
1973,SARA,130,0,130
1973,SARAH,463,0,463
1973,SEANA,6,0,6
1973,SEEMA,7,0,7
1973,SELENA,27,0,27
1973,SELINA,8,0,8
1973,SERENA,18,0,18
1973,SHANA,20,0,20
1973,SANDI,16,0,16
1973,PANAGIOTA,13,0,13
1973,SASHA,10,0,10
1973,OLIVIA,6,0,6
1973,MARJORIE,19,0,19
1973,MARLA,28,0,28
1973,MARLENE,53,0,53
1973,MARLO,8,0,8
1973,MARNEY,7,0,7
1973,MARNI,8,0,8
1973,MARNIE,66,0,66
1973,MARSHA,43,0,43
1973,MARTA,9,0,9
1973,MARTHA,43,0,43
1973,MARTINA,11,0,11
1973,MARISA,35,0,35
1973,MARTINE,7,0,7
1973,MARY-ANN,7,0,7
1973,MARYANN,17,0,17
1973,MARYANNE,13,0,13
1973,MAUREEN,49,0,49
1973,MAXINE,15,0,15
1973,MAY,6,0,6
1973,MAYA,6,0,6
1973,MEAGAN,10,0,10
1973,MEAGHAN,8,0,8
1973,MEGAN,63,0,63
1973,MEGHAN,21,0,21
1973,MARY,467,0,467
1973,MELANIE,435,0,435
1973,MARION,20,0,20
1973,MARILYN,40,0,40
1973,MAGGIE,6,0,6
1973,MADELINE,7,0,7
1973,MADDALENA,7,0,7
1973,MANDY,13,0,13
1973,PAMELA,249,0,249
1973,MANON,36,0,36
1973,MARA,14,0,14
1973,MARCELLA,12,0,12
1973,MARCELLE,7,0,7
1973,MARCIA,75,0,75
1973,MARCIE,19,0,19
1973,MARINA,17,0,17
1973,MARCY,31,0,31
1973,MARGARITA,7,0,7
1973,MARGHERITA,11,0,11
1973,MARGO,8,0,8
1973,MARIA,375,0,375
1973,MARIAN,20,0,20
1973,MARIANNA,17,0,17
1973,MARIE,808,0,808
1973,MARIE-FRANCE,7,0,7
1973,MARIE-JOSEE,7,0,7
1973,MARIJA,6,0,6
1973,MARILENA,6,0,6
1973,MARGARET,166,0,166
1973,MELINDA,52,0,52
1973,MARIANNE,43,0,43
1973,MELISSA,448,0,448
1973,NADIA,58,0,58
1973,NADINE,101,0,101
1973,NANCY,329,0,329
1973,NAOMI,48,0,48
1973,NATACHA,7,0,7
1973,NATALIA,6,0,6
1973,NATALIE,244,0,244
1973,NATALINA,6,0,6
1973,NATASHA,115,0,115
1973,NATHALIE,83,0,83
1973,NELIA,9,0,9
1973,NICOLA,58,42,16
1973,NICOLE,735,0,735
1973,NICOLETTA,6,0,6
1973,NICOLLE,7,0,7
1973,NIKI,11,0,11
1973,NIKKI,8,0,8
1973,OLGA,19,0,19
1973,MELISA,7,0,7
1973,NOT,13,7,6
1973,NORMA,14,0,14
1973,NORA,6,0,6
1973,NINA,34,0,34
1973,MYRNA,7,0,7
1973,MYRA,8,0,8
1973,NICHOLE,19,0,19
1973,MORGAN,30,24,6
1973,MIA,10,0,10
1973,MELONIE,7,0,7
1973,MELODY,27,0,27
1973,MELODIE,21,0,21
1973,MYLENE,8,0,8
1973,MELLISSA,14,0,14
1973,MICHELE,151,53,98
1973,MICHELINA,13,0,13
1973,MICHELINE,16,0,16
1973,MEREDITH,50,0,50
1973,MILENA,8,0,8
1973,MINDY,8,0,8
1973,MICHELLE,1237,0,1237
1973,MIREILLE,8,0,8
1973,MONIQUE,81,0,81
1973,MIRELLA,9,0,9
1973,MIRIAM,21,0,21
1973,MISTY,10,0,10
1973,MONIKA,16,0,16
1973,MOLLY,11,0,11
1973,MONICA,126,0,126
1973,MIRANDA,19,0,19
1973,MONA,17,0,17
1974,RAMON,6,6,0
1974,PHILLIP,55,55,0
1974,RALPH,27,27,0
1974,RAKESH,6,6,0
1974,PIERO,6,6,0
1974,RAHUL,6,6,0
1974,RAHIM,12,12,0
1974,RAFFAELE,14,14,0
1974,QUENTIN,5,5,0
1974,PIERRE,57,57,0
1974,PINO,5,5,0
1974,PIETRO,35,35,0
1974,RAJESH,8,8,0
1974,RAMSEY,7,7,0
1974,RAYMOND,154,154,0
1974,RANDALL,20,20,0
1974,RICHARD,769,769,0
1974,RICHARDO,5,5,0
1974,RICCARDO,13,13,0
1974,PHILIPPE,25,25,0
1974,RICARDO,19,19,0
1974,RICK,10,10,0
1974,REUBEN,10,10,0
1974,RENATO,7,7,0
1974,REMI,10,10,0
1974,REJEAN,10,10,0
1974,REID,6,6,0
1974,REGINALD,16,16,0
1974,RAYMON,5,5,0
1974,RAY,15,15,0
1974,RAPHAEL,6,6,0
1974,RANDY,109,109,0
1974,RANDOLPH,27,27,0
1974,RANDAL,17,17,0
1974,PHILIP,204,204,0
1974,NORMAND,14,14,0
1974,PETROS,7,7,0
1974,NOAH,23,23,0
1974,NILTON,5,5,0
1974,NIKOLAOS,16,16,0
1974,NIKOLA,9,9,0
1974,NIGEL,26,26,0
1974,NICOLAS,21,21,0
1974,NICKY,12,12,0
1974,NOEL,20,20,0
1974,NICKOLAS,6,6,0
1974,NICHOLAS,127,127,0
1974,NELSON,120,120,0
1974,NATHANIEL,26,26,0
1974,RICKY,33,33,0
1974,NEAL,37,37,0
1974,NEKTARIOS,6,6,0
1974,NEIL,138,138,0
1974,NICK,36,36,0
1974,NORMAN,75,75,0
1974,OLIVER,31,31,0
1974,OMAR,24,24,0
1974,PETER,627,627,0
1974,PETAR,7,7,0
1974,PERRY,17,17,0
1974,PERCY,5,5,0
1974,PEDRO,10,10,0
1974,PAULO,43,43,0
1974,PAUL,983,983,0
1974,PATRICK,374,374,0
1974,PAT,5,5,0
1974,PASQUALINO,7,7,0
1974,PASQUALE,28,28,0
1974,PASCAL,25,25,0
1974,PARRY,6,6,0
1974,PAOLO,44,44,0
1974,PANAGIOTIS,12,12,0
1974,OWEN,34,34,0
1974,OSCAR,16,16,0
1974,PHIL,5,5,0
1974,ROBBIE,27,27,0
1974,SERGIO,18,18,0
1974,ROBERT,1663,1663,0
1974,SHON,5,5,0
1974,SHELDON,44,44,0
1974,SHEA,5,5,0
1974,SHAYNE,33,33,0
1974,SHAY,5,5,0
1974,SHAUNE,5,5,0
1974,SHAUN,44,44,0
1974,SIDNEY,9,9,0
1974,SHANE,308,308,0
1974,SERGE,27,27,0
1974,SEBASTIEN,17,17,0
1974,SEBASTIANO,12,12,0
1974,SEBASTIAN,12,12,0
1974,SEAN,547,547,0
1974,SEAMUS,6,6,0
1974,SCOTTY,6,6,0
1974,SETH,11,11,0
1974,SCOTT,789,789,0
1974,SIMON,77,77,0
1974,SONNY,6,6,0
1974,STEVEN,868,868,0
1974,STEWART,37,37,0
1974,STEVE,88,88,0
1974,NATHANAEL,6,6,0
1974,STERLING,5,5,0
1974,STEPHEN,603,603,0
1974,STÉPHANE,5,5,0
1974,SOLOMON,8,8,0
1974,STEPHANE,83,83,0
1974,STEFANO,26,26,0
1974,STEFAN,44,44,0
1974,STAVROS,7,7,0
1974,STANLEY,43,43,0
1974,SPIROS,8,8,0
1974,SPENCER,22,22,0
1974,SOTIRIOS,9,9,0
1974,STEPHAN,32,32,0
1974,ROBBY,6,6,0
1974,SCOT,14,14,0
1974,SANTO,8,8,0
1974,RONNIE,13,13,0
1974,RONALD,266,266,0
1974,RON,6,6,0
1974,ROMEO,11,11,0
1974,ROMAN,15,15,0
1974,ROLAND,28,28,0
1974,ROHIT,6,6,0
1974,RONNY,5,5,0
1974,ROGER,111,111,0
1974,RODNEY,79,79,0
1974,RODGER,8,8,0
1974,RODERICK,23,23,0
1974,ROCKY,6,6,0
1974,ROCH,12,12,0
1974,ROCCO,38,38,0
1974,ROBERTO,103,103,0
1974,RODRIGO,5,5,0
1974,SAVERIO,11,11,0
1974,RORY,12,12,0
1974,ROSS,38,38,0
1974,SANJAY,11,11,0
1974,SANDRO,16,16,0
1974,SAMUEL,80,80,0
1974,SAMMY,8,8,0
1974,SAMIR,6,6,0
1974,SAMEER,5,5,0
1974,SAM,13,13,0
1974,ROSARIO,15,15,0
1974,SALVATORE,76,76,0
1974,RUSSELL,77,77,0
1974,RUSSEL,5,5,0
1974,RUI,13,13,0
1974,RUDY,13,13,0
1974,RUDOLPH,5,5,0
1974,RUBEN,8,8,0
1974,ROY,52,52,0
1974,RYAN,645,645,0
1974,NATHAN,133,133,0
1974,JULIAN,27,27,0
1974,MURRAY,27,27,0
1974,JUSTIN,172,172,0
1974,JULIUS,6,6,0
1974,JULIEN,10,10,0
1974,JULES,6,6,0
1974,JUDE,5,5,0
1974,JUAN,12,12,0
1974,JOSHUA,191,191,0
1974,KAI,6,6,0
1974,JOSEPH,1490,1490,0
1974,JORDAN,46,46,0
1974,JON-PAUL,6,6,0
1974,JONATHON,32,32,0
1974,JONATHAN,380,380,0
1974,JONAS,12,12,0
1974,JON,34,34,0
1974,JOHN-PAUL,9,9,0
1974,JORGE,15,15,0
1974,JOHNNY,40,40,0
1974,KANE,5,5,0
1974,KARIM,6,6,0
1974,KRISTIAN,17,17,0
1974,KRIS,13,13,0
1974,KOSTANTINOS,8,8,0
1974,KONSTANTINOS,28,28,0
1974,KIRK,92,92,0
1974,KIRBY,6,6,0
1974,KEVIN,1091,1091,0
1974,KAREEM,11,11,0
1974,KEVAN,5,5,0
1974,KENT,26,26,0
1974,KENNY,7,7,0
1974,KENNETH,371,371,0
1974,KEN,13,13,0
1974,KELVIN,13,13,0
1974,KEITH,190,190,0
1974,KARL,48,48,0
1974,KENTON,5,5,0
1974,KRISTOPHER,72,72,0
1974,JOHNATHON,7,7,0
1974,JOHN,1292,1292,0
1974,JEFFRY,8,8,0
1974,JEFFREY,925,925,0
1974,JEFFERY,353,353,0
1974,JEFFEREY,13,13,0
1974,JEFF,7,7,0
1974,JEAN-PIERRE,11,11,0
1974,JEAN-PAUL,19,19,0
1974,JERAMIE,7,7,0
1974,JEAN-MARC,13,13,0
1974,JAYSON,35,35,0
1974,JAY,76,76,0
1974,JASON,2751,2751,0
1974,JASEN,10,10,0
1974,STUART,62,62,0
1974,JARROD,11,11,0
1974,JARRETT,11,11,0
1974,JEAN-FRANCOIS,11,11,0
1974,JOHNATHAN,21,21,0
1974,JEREMIAH,10,10,0
1974,JEREMY,415,415,0
1974,JOHANNES,6,6,0
1974,JOHAN,7,7,0
1974,JOEY,28,28,0
1974,JOESPH,10,10,0
1974,JOEL,160,160,0
1974,JOE,27,27,0
1974,JOAO,15,15,0
1974,JEREMIE,9,9,0
1974,JIMMY,35,35,0
1974,JEVON,5,5,0
1974,JESSE,74,74,0
1974,JESS,11,11,0
1974,JERRY,57,57,0
1974,JEROMY,5,5,0
1974,JEROME,20,20,0
1974,JERMAINE,6,6,0
1974,JIM,20,20,0
1974,MYLES,7,7,0
1974,KURT,36,36,0
1974,KYLE,135,135,0
1974,MAURIZIO,22,22,0
1974,MAURICE,29,29,0
1974,MATTHEW,860,860,0
1974,MATHIEU,6,6,0
1974,MATHEW,60,60,0
1974,MASSIMO,22,22,0
1974,MASON,5,5,0
1974,MAURO,19,19,0
1974,MARVIN,22,22,0
1974,MARTIN,188,188,0
1974,MARSHALL,10,10,0
1974,MARLON,20,20,0
1974,MARKUS,11,11,0
1974,MARKO,15,15,0
1974,MARK,1211,1211,0
1974,MARIO,79,79,0
1974,MARTY,23,23,0
1974,MAREK,6,6,0
1974,MAX,6,6,0
1974,MAXWELL,5,5,0
1974,MOSES,5,5,0
1974,MORGAN,25,25,0
1974,MOHAMMED,6,6,0
1974,MOHAMMAD,6,6,0
1974,MOHAMED,8,8,0
1974,MITCHELL,25,25,0
1974,MILTON,5,5,0
1974,MAXIMILIAN,6,6,0
1974,MILES,6,6,0
1974,MIKE,46,46,0
1974,MIGUEL,12,12,0
1974,MICHEL,101,101,0
1974,MICHEAL,117,117,0
1974,MICHAEL,2651,2651,0
1974,MICAH,9,9,0
1974,MELVIN,17,17,0
1974,MILAN,13,13,0
1974,KURTIS,6,6,0
1974,MARCUS,40,40,0
1974,MARCELLO,13,13,0
1974,LINCOLN,9,9,0
1974,LIAM,15,15,0
1974,LEWIS,14,14,0
1974,LESTER,7,7,0
1974,LEROY,7,7,0
1974,LEONARDO,15,15,0
1974,LEONARD,46,46,0
1974,LIONEL,5,5,0
1974,LEON,15,15,0
1974,LENNY,9,9,0
1974,LEIF,5,5,0
1974,LAWRENCE,74,74,0
1974,LAURIER,5,5,0
1974,LAURENT,5,5,0
1974,LARRY,67,67,0
1974,LANCE,34,34,0
1974,LEO,23,23,0
1974,MARCO,122,122,0
1974,LLOYD,26,26,0
1974,LORNE,32,32,0
1974,MARCEL,53,53,0
1974,MARC,288,288,0
1974,MANUEL,20,20,0
1974,MALE,10,10,0
1974,MALCOLM,24,24,0
1974,LYLE,15,15,0
1974,LUKE,34,34,0
1974,LORENZO,22,22,0
1974,LUIS,14,14,0
1974,LUCIO,6,6,0
1974,LUCIANO,16,16,0
1974,LUCAS,30,30,0
1974,LUCA,6,6,0
1974,LUC,49,49,0
1974,LOUIS,58,58,0
1974,LOUIE,5,5,0
1974,LUIGI,34,34,0
1974,SUNIL,7,7,0
1974,CARLO,47,47,0
1974,SYED,8,8,0
1974,CAMERON,84,84,0
1974,CARL,79,79,0
1974,CARLOS,49,49,0
1974,CARMELO,10,10,0
1974,CARMINE,12,12,0
1974,CARSON,6,6,0
1974,CARY,14,14,0
1974,CECIL,5,5,0
1974,CEDRIC,5,5,0
1974,CESAR,7,7,0
1974,CHAD,278,278,0
1974,CHADWICK,42,42,0
1974,CHARLES,247,247,0
1974,CHARLIE,6,6,0
1974,CHET,6,6,0
1974,CALVIN,23,23,0
1974,CALLUM,6,6,0
1974,CALEB,8,8,0
1974,BYRON,25,25,0
1974,BRANDON,112,112,0
1974,BRANT,10,10,0
1974,BRENDAN,32,32,0
1974,BRENDON,6,6,0
1974,BRENNAN,9,9,0
1974,BRENT,206,206,0
1974,BRETT,115,115,0
1974,CHRIS,46,46,0
1974,BRIAN,637,637,0
1974,BRODIE,5,5,0
1974,BRUCE,95,95,0
1974,BRUNO,20,20,0
1974,BRYAN,181,181,0
1974,BRYANT,5,5,0
1974,BRYCE,13,13,0
1974,BRYON,11,11,0
1974,BROCK,8,8,0
1974,CHRIST,5,5,0
1974,CHRISTIAN,150,150,0
1974,CHRISTOPHER,2109,2109,0
1974,CRAIG,430,430,0
1974,CRISTOPHER,5,5,0
1974,CURT,8,8,0
1974,CURTIS,78,78,0
1974,CYRIL,8,8,0
1974,CYRUS,5,5,0
1974,DALLAS,12,12,0
1974,COSIMO,9,9,0
1974,DAMIAN,25,25,0
1974,DAMIEN,19,19,0
1974,DAMON,21,21,0
1974,DANIAL,6,6,0
1974,DANIEL,943,943,0
1974,DANIELE,33,33,0
1974,DANNY,132,132,0
1974,DANY,8,8,0
1974,DAMIANO,5,5,0
1974,BRADY,5,5,0
1974,CORY,150,150,0
1974,CORNELIUS,15,15,0
1974,CHRISTOS,26,26,0
1974,CLARENCE,10,10,0
1974,CLARK,9,9,0
1974,CLAUDE,31,31,0
1974,CLAUDIO,26,26,0
1974,CLAYTON,59,59,0
1974,CLEMENT,8,8,0
1974,CORRADO,14,14,0
1974,CLIFFORD,42,42,0
1974,CLINT,30,30,0
1974,CLINTON,77,77,0
1974,CODY,6,6,0
1974,COLIN,174,174,0
1974,COLLIN,13,13,0
1974,CONRAD,20,20,0
1974,CONSTANTINE,12,12,0
1974,CLIFTON,10,10,0
1974,BRADLY,10,10,0
1974,BRADLEY,404,404,0
1974,BRADFORD,7,7,0
1974,ALEXANDER,183,183,0
1974,ALEXANDRE,20,20,0
1974,ALEXANDROS,8,8,0
1974,ALFONSO,7,7,0
1974,ALFRED,22,22,0
1974,ALFREDO,15,15,0
1974,ALI,9,9,0
1974,ALEX,24,24,0
1974,ALLAIN,6,6,0
1974,ALLEN,44,44,0
1974,ALVIN,17,17,0
1974,AMERICO,5,5,0
1974,AMIT,10,10,0
1974,AMOS,9,9,0
1974,ANASTASIOS,13,13,0
1974,ANDRE,97,97,0
1974,ALLAN,129,129,0
1974,ANDRÉ,7,7,0
1974,ALESSANDRO,18,18,0
1974,ALEJANDRO,5,5,0
1974,FRANCISCO,5,5,0
1974,JARET,5,5,0
1974,AARON,350,350,0
1974,ABRAHAM,14,14,0
1974,ADAM,495,495,0
1974,ADAMO,6,6,0
1974,ADRIAN,117,117,0
1974,ALEKSANDAR,10,10,0
1974,ADRIANO,15,15,0
1974,AIDAN,5,5,0
1974,ALAIN,50,50,0
1974,ALAN,109,109,0
1974,ALASTAIR,6,6,0
1974,ALBERT,49,49,0
1974,ALBERTO,14,14,0
1974,ALDO,10,10,0
1974,AGOSTINO,9,9,0
1974,DARIN,24,24,0
1974,ANDREAS,8,8,0
1974,ANDREW,850,850,0
1974,BARRY,87,87,0
1974,BASIL,6,6,0
1974,BEN,9,9,0
1974,BENJAMIN,160,160,0
1974,BENOIT,9,9,0
1974,BERNARD,41,41,0
1974,BERNARDO,7,7,0
1974,AUSTIN,6,6,0
1974,BILL,22,22,0
1974,BLAINE,7,7,0
1974,BLAIR,37,37,0
1974,BLAKE,20,20,0
1974,BOBBY,22,22,0
1974,BORIS,9,9,0
1974,BRAD,43,43,0
1974,BRADEN,7,7,0
1974,BILLY,22,22,0
1974,ANDRES,5,5,0
1974,ATTILA,5,5,0
1974,ARTHUR,35,35,0
1974,ANDY,32,32,0
1974,ANGELO,59,59,0
1974,ANGUS,8,8,0
1974,ANIL,9,9,0
1974,ANTHONY,359,359,0
1974,ANTON,7,7,0
1974,ANTONINO,11,11,0
1974,ATHANASIOS,16,16,0
1974,ANTONIO,161,161,0
1974,ANTONY,9,9,0
1974,APOSTOLOS,5,5,0
1974,ARI,9,9,0
1974,ARMAND,5,5,0
1974,ARMANDO,6,6,0
1974,ARNOLD,5,5,0
1974,ARON,11,11,0
1974,ANTONIOS,12,12,0
1974,DARREL,6,6,0
1974,DARRELL,51,51,0
1974,DARREN,269,269,0
1974,YVAN,14,14,0
1974,WINSTON,10,10,0
1974,WILSON,6,6,0
1974,WILLIAM,838,838,0
1974,WILFRED,15,15,0
1974,WESLEY,35,35,0
1974,WENDELL,5,5,0
1974,YVES,20,20,0
1974,WAYNE,160,160,0
1974,WALTER,66,66,0
1974,WALLACE,7,7,0
1974,WADE,45,45,0
1974,VLADIMIR,7,7,0
1974,VITO,24,24,0
1974,VINCENZO,65,65,0
1974,VINCENT,74,74,0
1974,WARREN,70,70,0
1974,VINCE,10,10,0
1974,YVON,14,14,0
1974,FRANCESCO,85,85,0
1974,EUGENIO,11,11,0
1974,EVAN,34,34,0
1974,EVERETT,5,5,0
1974,EZIO,5,5,0
1974,EZRA,5,5,0
1974,FABIAN,9,9,0
1974,FABIO,17,17,0
1974,ZACHARY,9,9,0
1974,FABRIZIO,10,10,0
1974,FELICE,5,5,0
1974,FELIX,5,5,0
1974,FERGUS,5,5,0
1974,FERNAND,8,8,0
1974,FERNANDO,23,23,0
1974,FILIPPO,15,15,0
1974,FLOYD,6,6,0
1974,FAISAL,8,8,0
1974,EUGENE,28,28,0
1974,VINAY,6,6,0
1974,VICTOR,73,73,0
1974,TOBIN,6,6,0
1974,TOBIAS,16,16,0
1974,TIMOTHY,520,520,0
1974,TIMMY,7,7,0
1974,TIM,9,9,0
1974,THOMAS,420,420,0
1974,THEODOROS,12,12,0
1974,TOBY,18,18,0
1974,THEODORE,32,32,0
1974,TERRANCE,31,31,0
1974,TERENCE,42,42,0
1974,TED,13,13,0
1974,TAYLOR,7,7,0
1974,TARIQ,8,8,0
1974,TAREK,5,5,0
1974,SYLVAIN,15,15,0
1974,TERRENCE,28,28,0
1974,VIJAY,8,8,0
1974,TODD,306,306,0
1974,TOMISLAV,6,6,0
1974,VERNON,15,15,0
1974,VASILIOS,12,12,0
1974,VANCE,5,5,0
1974,UMBERTO,5,5,0
1974,TYSON,38,38,0
1974,TYRONE,23,23,0
1974,TYLER,105,105,0
1974,TOM,15,15,0
1974,TROY,156,156,0
1974,TREVOR,341,341,0
1974,TREVER,5,5,0
1974,TRENT,11,11,0
1974,TRAVIS,68,68,0
1974,TONY,80,80,0
1974,TOMMY,28,28,0
1974,TOMMASO,7,7,0
1974,TRISTAN,6,6,0
1974,SYDNEY,6,6,0
1974,ETIENNE,8,8,0
1974,ERROL,8,8,0
1974,DEXTER,8,8,0
1974,DIEGO,5,5,0
1974,DIMITRIOS,38,38,0
1974,DINO,44,44,0
1974,DION,19,19,0
1974,DIRK,5,5,0
1974,DOMENIC,16,16,0
1974,DEVON,25,25,0
1974,DOMENICO,68,68,0
1974,DON,18,18,0
1974,DONALD,341,341,0
1974,DONATO,10,10,0
1974,DONNY,7,7,0
1974,DONOVAN,7,7,0
1974,DORIAN,5,5,0
1974,DOUGLAS,245,245,0
1974,DOMINIC,33,33,0
1974,DREW,20,20,0
1974,DEVIN,44,44,0
1974,DERRICK,45,45,0
1974,DARRICK,5,5,0
1974,DARRIN,32,32,0
1974,DARRYL,152,152,0
1974,DARYL,49,49,0
1974,DAVE,24,24,0
1974,DAVID,2008,2008,0
1974,DAVIDE,17,17,0
1974,DESMOND,9,9,0
1974,DAVIN,6,6,0
1974,DEMETRIOS,14,14,0
1974,DENIS,57,57,0
1974,DENNIS,181,181,0
1974,DENNY,16,16,0
1974,DERECK,6,6,0
1974,DEREK,405,405,0
1974,DERICK,8,8,0
1974,DEAN,135,135,0
1974,ETHAN,5,5,0
1974,DUANE,54,54,0
1974,DUSTIN,37,37,0
1974,ELLIOTT,9,9,0
1974,ELTON,5,5,0
1974,ELVIS,9,9,0
1974,EMANUEL,15,15,0
1974,EMIL,5,5,0
1974,EMILE,5,5,0
1974,EMILIO,12,12,0
1974,ELLIOT,8,8,0
1974,EMMANUEL,8,8,0
1974,ENZO,13,13,0
1974,ERIC,349,349,0
1974,ERICH,5,5,0
1974,ERICK,7,7,0
1974,ERIK,50,50,0
1974,ERNEST,40,40,0
1974,ERNESTO,6,6,0
1974,ENRICO,15,15,0
1974,DUNCAN,35,35,0
1974,ELIO,6,6,0
1974,ELIAS,10,10,0
1974,DWAINE,5,5,0
1974,DWAYNE,103,103,0
1974,DWIGHT,20,20,0
1974,DYLAN,33,33,0
1974,EARL,24,24,0
1974,EDDIE,7,7,0
1974,EDDY,5,5,0
1974,ELIJAH,6,6,0
1974,EDGAR,14,14,0
1974,EDMUND,10,10,0
1974,EDUARDO,11,11,0
1974,EDWARD,256,256,0
1974,EDWIN,34,34,0
1974,EFSTATHIOS,5,5,0
1974,ELDON,6,6,0
1974,ELI,15,15,0
1974,EDMOND,5,5,0
1974,JARED,23,23,0
1974,FRANCIS,44,44,0
1974,JAMES,1316,1316,0
1974,JOCELYNE,9,0,9
1974,JODI,153,0,153
1974,JODIE,70,0,70
1974,JODY,228,92,136
1974,JOELLE,21,0,21
1974,JOHANNA,34,0,34
1974,JOCELYN,33,0,33
1974,JOHANNE,13,0,13
1974,JOSE,44,38,6
1974,JOSEE,28,0,28
1974,JOSEPHINE,32,0,32
1974,JOSIE,9,0,9
1974,JOSÉE,7,0,7
1974,JOY,41,0,41
1974,JOLENE,37,0,37
1974,JOYCE,33,0,33
1974,JOANNE,238,0,238
1974,JOAN,23,0,23
1974,JEANNINE,13,0,13
1974,JENIFER,25,0,25
1974,JENIFFER,7,0,7
1974,JENNA,29,0,29
1974,JENNIE,16,0,16
1974,JENNIFER,2754,0,2754
1974,JOANNA,98,0,98
1974,JENNIFER-LYNN,7,0,7
1974,JESSICA,188,0,188
1974,JESSIE,7,0,7
1974,JILL,91,0,91
1974,JILLIAN,41,0,41
1974,JO-ANN,24,0,24
1974,JO-ANNE,35,0,35
1974,JENNY,59,0,59
1974,JEANNIE,14,0,14
1974,JUANITA,12,0,12
1974,JUDY,50,0,50
1974,KARLA,24,0,24
1974,KARRIE,26,0,26
1974,KARYN,17,0,17
1974,KATARINA,8,0,8
1974,KATE,10,0,10
1974,KATERINA,7,0,7
1974,KARINA,19,0,19
1974,KATHARINE,34,0,34
1974,KATHLEEN,187,0,187
1974,KATHRYN,130,0,130
1974,KATHY,61,0,61
1974,KATIE,12,0,12
1974,KATINA,6,0,6
1974,KATRINA,38,0,38
1974,KATHERINE,275,0,275
1974,JUDITH,50,0,50
1974,KARIN,26,0,26
1974,KARI,44,0,44
1974,JULIA,89,0,89
1974,JULIANA,11,0,11
1974,JULIANNE,17,0,17
1974,JULIE,759,0,759
1974,JULIE-ANN,6,0,6
1974,JULIE-ANNE,6,0,6
1974,KARIE,6,0,6
1974,JULIET,9,0,9
1974,JUNE,14,0,14
1974,JUSTINA,6,0,6
1974,JUSTINE,8,0,8
1974,KARA,60,0,60
1974,KAREEN,6,0,6
1974,KAREN,613,0,613
1974,JULIETTE,6,0,6
1974,JEANNETTE,17,0,17
1974,JEANNE,16,0,16
1974,JEANINE,7,0,7
1974,GIULIA,16,0,16
1974,GIULIANA,11,0,11
1974,GIUSEPPINA,41,0,41
1974,GLENDA,15,0,15
1974,GLORIA,32,0,32
1974,GRACE,25,0,25
1974,GISELLE,15,0,15
1974,GRAZIA,9,0,9
1974,GWEN,7,0,7
1974,GWENDOLYN,14,0,14
1974,HANNAH,9,0,9
1974,HAYLEY,7,0,7
1974,HAZEL,9,0,9
1974,HEATHER,727,0,727
1974,GRAZIELLA,15,0,15
1974,HEIDI,126,0,126
1974,GISELE,7,0,7
1974,GINGER,10,0,10
1974,FRANCINE,30,0,30
1974,FRANCOISE,6,0,6
1974,GABRIELLA,11,0,11
1974,GABRIELLE,17,0,17
1974,GAIL,31,0,31
1974,GAYLE,16,0,16
1974,GIOVANNA,33,0,33
1974,GENEVIEVE,34,0,34
1974,GEORGIA,36,0,36
1974,GEORGINA,23,0,23
1974,GERALDINE,11,0,11
1974,GILLIAN,50,0,50
1974,GINA,32,0,32
1974,GINETTE,30,0,30
1974,GENNY,7,0,7
1974,HELEN,112,0,112
1974,HELENA,38,0,38
1974,HELENE,10,0,10
1974,JANA,30,0,30
1974,JANE,69,0,69
1974,JANELLE,7,0,7
1974,JANET,190,0,190
1974,JANETTE,10,0,10
1974,JANEY,9,0,9
1974,JAN,24,14,10
1974,JANICE,150,0,150
1974,JANINE,50,0,50
1974,JANIS,18,0,18
1974,JANNA,15,0,15
1974,JASMINE,24,0,24
1974,JEAN,103,72,31
1974,JEANETTE,60,0,60
1974,JANIE,6,0,6
1974,JAMIE,277,265,12
1974,JACQUELINE,229,0,229
1974,JACKIE,10,0,10
1974,HELLEN,7,0,7
1974,HILARY,30,0,30
1974,HILLARY,7,0,7
1974,HOLLIE,6,0,6
1974,HOLLY,93,0,93
1974,HOPE,9,0,9
1974,IDA,15,0,15
1974,INGRID,22,0,22
1974,IRENE,55,0,55
1974,IRIS,6,0,6
1974,ISABEL,15,0,15
1974,ISABELLA,6,0,6
1974,ISABELLE,22,0,22
1974,IVY,6,0,6
1974,JACINDA,9,0,9
1974,KATY,7,0,7
1974,FRANCESCA,32,0,32
1974,KELLEY,29,0,29
1974,KELLIE,21,0,21
1974,LUANA,7,0,7
1974,LUCIA,53,0,53
1974,LUCILLE,7,0,7
1974,LUCINDA,8,0,8
1974,LUCY,30,0,30
1974,LUISA,14,0,14
1974,LOUISE,50,0,50
1974,LYDIA,18,0,18
1974,LYNE,9,0,9
1974,LYNETTE,15,0,15
1974,LYNN,105,0,105
1974,LYNNE,28,0,28
1974,MADDALENA,9,0,9
1974,MADELEINE,9,0,9
1974,LYNDA,36,0,36
1974,MAGGIE,8,0,8
1974,LOUISA,10,0,10
1974,LORRI,6,0,6
1974,LISE,26,0,26
1974,LIZA,22,0,22
1974,LOIS,8,0,8
1974,LORA,20,0,20
1974,LOREDANA,15,0,15
1974,LORENA,13,0,13
1974,LORRIE,15,0,15
1974,LORETTA,32,0,32
1974,LORI-ANN,27,0,27
1974,LORI-ANNE,9,0,9
1974,LORIANNE,12,0,12
1974,LORIE,33,0,33
1974,LORNA,23,0,23
1974,LORRAINE,58,0,58
1974,LORI,316,0,316
1974,LISA,1056,0,1056
1974,MANDY,20,0,20
1974,MARA,16,0,16
1974,JAMIESON,10,10,0
1974,MARILYN,49,0,49
1974,MARINA,29,0,29
1974,MARION,15,0,15
1974,MARISA,39,0,39
1974,MARISSA,6,0,6
1974,MARIJANA,6,0,6
1974,MARJORIE,12,0,12
1974,MARLENE,36,0,36
1974,MARLO,8,0,8
1974,MARNI,10,0,10
1974,MARNIE,51,0,51
1974,MARSHA,83,0,83
1974,MARTA,8,0,8
1974,MARLA,21,0,21
1974,MANON,24,0,24
1974,MARIJA,10,0,10
1974,MARIE-CLAUDE,7,0,7
1974,MARCELLA,12,0,12
1974,MARCI,7,0,7
1974,MARCIA,59,0,59
1974,MARCIE,16,0,16
1974,MARCY,18,0,18
1974,MARGARET,154,0,154
1974,MARIE-JOSEE,9,0,9
1974,MARGO,13,0,13
1974,MARIA,367,0,367
1974,MARIAM,6,0,6
1974,MARIAN,10,0,10
1974,MARIANNA,14,0,14
1974,MARIANNE,34,0,34
1974,MARIE,919,0,919
1974,MARGRET,9,0,9
1974,LINE,6,0,6
1974,LINDSEY,14,0,14
1974,LINDSAY,31,6,25
1974,KIRSTIN,6,0,6
1974,KIRSTY,7,0,7
1974,KRISTA,232,0,232
1974,KRISTAL,9,0,9
1974,KRISTEN,156,0,156
1974,KRISTI,41,0,41
1974,KIRSTEN,71,0,71
1974,KRISTIE,30,0,30
1974,KRISTINA,76,0,76
1974,KRISTINE,66,0,66
1974,KRISTY,44,0,44
1974,KRYSTA,8,0,8
1974,KRYSTAL,11,0,11
1974,KYLA,25,0,25
1974,KRISTIN,102,5,97
1974,KYLIE,12,0,12
1974,KIRAN,8,0,8
1974,KIMBERLY-ANN,15,0,15
1974,KELLY,620,54,566
1974,KELLY-ANN,11,0,11
1974,KELLY-ANNE,7,0,7
1974,KENDRA,31,0,31
1974,KERI,40,0,40
1974,KERRI,67,0,67
1974,KIRA,10,0,10
1974,KERRI-ANN,10,0,10
1974,KERRIE,21,0,21
1974,KERRY,106,11,95
1974,KIM,75,6,69
1974,KIMBERLEE,12,0,12
1974,KIMBERLEY,252,0,252
1974,KIMBERLY,543,0,543
1974,KERRI-LYNN,12,0,12
1974,KYRA,8,0,8
1974,LANA,39,0,39
1974,LARA,37,0,37
1974,LEONA,16,0,16
1974,LESIA,8,0,8
1974,LESLEY,115,0,115
1974,LESLIE,151,48,103
1974,LIANE,10,0,10
1974,LIANNE,27,0,27
1974,LENA,18,0,18
1974,LIDIA,17,0,17
1974,LILA,6,0,6
1974,LILIANA,11,0,11
1974,LILLIAN,26,0,26
1974,LILY,11,0,11
1974,LINA,27,0,27
1974,LINDA,223,0,223
1974,LIISA,6,0,6
1974,LEILA,14,0,14
1974,LEIGH-ANN,9,0,9
1974,LEIGH,52,8,44
1974,LARISSA,10,0,10
1974,LAURA,461,0,461
1974,LAUREEN,9,0,9
1974,LAUREL,20,0,20
1974,LAUREN,24,0,24
1974,LAURIE,181,0,181
1974,LEA,10,0,10
1974,LEAH,90,0,90
1974,LEANNA,9,0,9
1974,LEANNE,171,0,171
1974,LEE,159,103,56
1974,LEE-ANN,24,0,24
1974,LEE-ANNE,26,0,26
1974,LEEANN,20,0,20
1974,LEEANNE,8,0,8
1974,KELLI,21,0,21
1974,MARTHA,51,0,51
1974,FRANCES,45,0,45
1974,FRANCA,20,0,20
1974,BIANCA,6,0,6
1974,BILLIE,16,0,16
1974,BILLIE-JO,10,0,10
1974,BOBBI,22,0,22
1974,BOBBI-JO,19,0,19
1974,BONITA,6,0,6
1974,BEVERLY,63,0,63
1974,BONNIE,88,0,88
1974,BRANDIE,13,0,13
1974,BRANDY,43,0,43
1974,BREE,6,0,6
1974,BRENDA,180,0,180
1974,BRENNA,7,0,7
1974,BRIDGET,34,0,34
1974,BRANDI,39,0,39
1974,BRIDGETTE,6,0,6
1974,BEVERLEY,7,0,7
1974,BETTY,27,0,27
1974,AVIVA,6,0,6
1974,BABY,277,143,134
1974,BARBARA,189,0,189
1974,BARBRA,13,0,13
1974,BEATRICE,10,0,10
1974,BECKY,33,0,33
1974,BETTY-JO,8,0,8
1974,BELINDA,40,0,40
1974,BERNICE,14,0,14
1974,BESSIE,7,0,7
1974,BETH,19,0,19
1974,BETHANY,18,0,18
1974,BETSY,10,0,10
1974,BETTINA,6,0,6
1974,BERNADETTE,25,0,25
1974,AUDREY,23,0,23
1974,BRIGITTE,22,0,22
1974,CAITLIN,6,0,6
1974,CAROLYNN,6,0,6
1974,CARRIE,248,0,248
1974,CARRIE-ANN,15,0,15
1974,CARRIE-ANNE,13,0,13
1974,CASEY,52,34,18
1974,CASSANDRA,46,0,46
1974,CAROLYN,148,0,148
1974,CATERINA,24,0,24
1974,CATHERINE,304,0,304
1974,CATHLEEN,8,0,8
1974,CATHY,53,0,53
1974,CECILIA,16,0,16
1974,CELESTE,11,0,11
1974,CELIA,7,0,7
1974,CATHARINE,51,0,51
1974,BROOKE,14,0,14
1974,CAROLINE,90,0,90
1974,CAROLE,44,0,44
1974,CAMILLE,24,0,24
1974,CANDACE,59,0,59
1974,CANDICE,46,0,46
1974,CANDY,17,0,17
1974,CARA,59,0,59
1974,CAREY,38,7,31
1974,CAROLINA,9,0,9
1974,CARI,15,0,15
1974,CARLA,87,0,87
1974,CARLY,20,0,20
1974,CARMELA,31,0,31
1974,CARMELINA,11,0,11
1974,CARMEN,41,0,41
1974,CAROL,100,0,100
1974,CARISSA,10,0,10
1974,AUDRA,12,0,12
1974,ATHINA,6,0,6
1974,ATHENA,12,0,12
1974,ALISHA,12,0,12
1974,ALISON,217,0,217
1974,ALISSA,23,0,23
1974,ALLISON,183,0,183
1974,ALLYSON,18,0,18
1974,ALYSON,16,0,16
1974,ALISA,12,0,12
1974,ALYSSA,8,0,8
1974,AMBER,82,0,82
1974,AMELIA,16,0,16
1974,AMIE,11,0,11
1974,AMY,381,0,381
1974,ANA,33,0,33
1974,ANABELA,7,0,7
1974,AMANDA,333,0,333
1974,ANASTASIA,36,0,36
1974,ALIDA,6,0,6
1974,ALICE,29,0,29
1974,ABIGAIL,15,0,15
1974,ADA,7,0,7
1974,ADELE,15,0,15
1974,ADRIANA,18,0,18
1974,ADRIENNE,61,0,61
1974,AGATA,7,0,7
1974,ALICIA,47,0,47
1974,AGNES,7,0,7
1974,AIMEE,58,0,58
1974,ALANA,46,0,46
1974,ALANNA,11,0,11
1974,ALEXANDRA,98,0,98
1974,ALEXANDRIA,7,0,7
1974,ALEXIS,28,6,22
1974,AILEEN,10,0,10
1974,ANDREA,498,15,483
1974,ANDREE,10,0,10
1974,ANGEL,25,0,25
1974,ANNEMARIE,6,0,6
1974,ANNETTE,58,0,58
1974,ANNICK,7,0,7
1974,ANNIE,34,0,34
1974,ANNIK,10,0,10
1974,ANTOINETTE,12,0,12
1974,ANNE-MARIE,22,0,22
1974,ANTONELLA,36,0,36
1974,ANTONIETTA,45,0,45
1974,ANTONINA,10,0,10
1974,APRIL,153,0,153
1974,ARLENE,33,0,33
1974,ASHLEY,28,16,12
1974,ASSUNTA,15,0,15
1974,ANTONIA,15,0,15
1974,ANNE,140,0,140
1974,ANNAMARIA,8,0,8
1974,ANNA-MARIE,7,0,7
1974,ANGELA,746,0,746
1974,ANGELE,13,0,13
1974,ANGELICA,8,0,8
1974,ANGELINA,22,0,22
1974,ANGELINE,11,0,11
1974,ANGELIQUE,18,0,18
1974,ANGELLA,6,0,6
1974,ANGIE,34,0,34
1974,ANIK,10,0,10
1974,ANITA,127,0,127
1974,ANJALI,6,0,6
1974,ANN,101,0,101
1974,ANN-MARIE,16,0,16
1974,ANNA,198,0,198
1974,ANNA-MARIA,10,0,10
1974,CELINA,6,0,6
1974,FRANCE,14,0,14
1974,CELINE,15,0,15
1974,CHANTAL,126,0,126
1974,DOMINIQUE,29,14,15
1974,DONNA,161,0,161
1974,DORA,13,0,13
1974,DOREEN,13,0,13
1974,DORIS,16,0,16
1974,DOROTHY,32,0,32
1974,DOMENICA,7,0,7
1974,EDEN,6,0,6
1974,EILEEN,12,0,12
1974,ELAINE,59,0,59
1974,ELANA,8,0,8
1974,ELEANOR,13,0,13
1974,ELENA,20,0,20
1974,ELENI,8,0,8
1974,EDNA,10,0,10
1974,ELISA,21,0,21
1974,DOLORES,13,0,13
1974,DINAH,6,0,6
1974,DEBORA,19,0,19
1974,DEBORAH,208,0,208
1974,DEBRA,103,0,103
1974,DEIDRE,6,0,6
1974,DEIRDRE,14,0,14
1974,DELIA,13,0,13
1974,DIONNE,14,0,14
1974,DENA,7,0,7
1974,DIANA,164,0,164
1974,DIANE,172,0,172
1974,DIANNA,18,0,18
1974,DIANNE,46,0,46
1974,DIMITRA,21,0,21
1974,DINA,24,0,24
1974,DENISE,239,0,239
1974,DEBBIE,82,0,82
1974,ELISABETH,25,0,25
1974,ELISE,7,0,7
1974,EVANGELINE,8,0,8
1974,EVE,7,0,7
1974,EVELYN,22,0,22
1974,FAITH,13,0,13
1974,FARAH,8,0,8
1974,FATIMA,16,0,16
1974,EVA,30,0,30
1974,FAYE,13,0,13
1974,FEMALE,12,0,12
1974,FILOMENA,19,0,19
1974,FIONA,29,0,29
1974,FIORELLA,10,0,10
1974,FLORENCE,14,0,14
1974,FOTINI,6,0,6
1974,FELICIA,6,0,6
1974,ELISABETTA,10,0,10
1974,EUGENIA,8,0,8
1974,ERYN,8,0,8
1974,ELISSA,9,0,9
1974,ELIZABETH,427,0,427
1974,ELLA,6,0,6
1974,ELLEN,23,0,23
1974,ELSA,11,0,11
1974,ELSIE,6,0,6
1974,ESTHER,38,0,38
1974,EMILIA,11,0,11
1974,EMMA,35,0,35
1974,ENZA,12,0,12
1974,ERICA,90,0,90
1974,ERIKA,53,0,53
1974,ERIN,350,13,337
1974,ERINN,7,0,7
1974,EMILY,102,0,102
1974,DEANNE,14,0,14
1974,DEANNA,119,0,119
1974,DEANA,15,0,15
1974,CHRISTINA,315,0,315
1974,CHRISTINE,692,0,692
1974,CHRISTY,37,0,37
1974,CHRYSTAL,13,0,13
1974,CIDALIA,6,0,6
1974,CINDY,257,0,257
1974,CHRISTIE,50,0,50
1974,CINTHIA,7,0,7
1974,CLAIRE,56,0,56
1974,CLARA,9,0,9
1974,CLARE,7,0,7
1974,CLARISSA,6,0,6
1974,CLAUDETTE,19,0,19
1974,CLAUDIA,48,0,48
1974,CINZIA,9,0,9
1974,CLAUDINE,21,0,21
1974,CHRISTIANE,6,0,6
1974,CHRISTA,69,0,69
1974,CHANTALE,12,0,12
1974,CHANTALLE,9,0,9
1974,CHANTEL,16,0,16
1974,CHANTELLE,32,0,32
1974,CHARITY,24,0,24
1974,CHARLENE,108,0,108
1974,CHRISTAL,9,0,9
1974,CHARLOTTE,46,0,46
1974,CHASTITY,7,0,7
1974,CHERI,32,0,32
1974,CHERIE,43,0,43
1974,CHERRY,6,0,6
1974,CHERYL,271,0,271
1974,CHERYL-ANN,7,0,7
1974,CHARMAINE,26,0,26
1974,COLEEN,6,0,6
1974,COLETTE,18,0,18
1974,COLLEEN,171,0,171
1974,DAISY,10,0,10
1974,DALE,115,109,6
1974,DANA,173,28,145
1974,DANIELA,65,0,65
1974,DANIELLA,11,0,11
1974,DANIELLE,301,0,301
1974,CYNTHIA,263,0,263
1974,DAPHNE,14,0,14
1974,DARCIE,9,0,9
1974,DARCY,70,61,9
1974,DARLENE,84,0,84
1974,DAWN,271,0,271
1974,DAWNA,9,0,9
1974,DAYNA,24,0,24
1974,DARA,8,0,8
1974,CRYSTAL,167,0,167
1974,CRISTINE,6,0,6
1974,CRISTINA,40,0,40
1974,CONCETTA,24,0,24
1974,CONNIE,74,0,74
1974,CONSTANCE,16,0,16
1974,CORA,6,0,6
1974,COREY,98,92,6
1974,CORI,6,0,6
1974,CORINA,19,0,19
1974,CORINNA,15,0,15
1974,CORINNE,27,0,27
1974,CORNELIA,8,0,8
1974,CORRIE,14,0,14
1974,CORRINA,8,0,8
1974,CORRINE,16,0,16
1974,CORRY,10,0,10
1974,COURTNEY,40,0,40
1974,CHANDRA,16,0,16
1974,MARTINA,11,0,11
1974,MARIKA,9,0,9
1974,RENATA,8,0,8
1974,RONDA,16,0,16
1974,ROSA,60,0,60
1974,ROSALIA,6,0,6
1974,ROSALIE,8,0,8
1974,ROSANNA,23,0,23
1974,ROSANNE,26,0,26
1974,ROSARIA,6,0,6
1974,ROSE,36,0,36
1974,ROSEANNE,6,0,6
1974,ROSEMARIE,15,0,15
1974,ROSEMARY,38,0,38
1974,ROSETTA,11,0,11
1974,ROSIE,6,0,6
1974,ROSINA,6,0,6
1974,ROSMARIE,8,0,8
1974,ROXANE,20,0,20
1974,ROXANNE,37,0,37
1974,RUBY,8,0,8
1974,RUTH,58,0,58
1974,ROMINA,10,0,10
1974,ROCHELLE,22,0,22
1974,ROBYN,66,0,66
1974,ROBIN,230,69,161
1974,RACHEL,195,0,195
1974,RACHELLE,40,0,40
1974,RAMONA,8,0,8
1974,RANDI,8,0,8
1974,RAQUEL,18,0,18
1974,REBECCA,466,0,466
1974,REBEKAH,15,0,15
1974,REENA,6,0,6
1974,REGAN,22,6,16
1974,SABINA,12,0,12
1974,RENA,10,0,10
1974,RENEE,142,0,142
1974,RENÉE,8,0,8
1974,RHEA,6,0,6
1974,RHODA,6,0,6
1974,RHONDA,156,0,156
1974,RICHELLE,6,0,6
1974,RINA,10,0,10
1974,RITA,69,0,69
1974,ROBERTA,31,0,31
1974,RENE,49,40,9
1974,SABRINA,78,0,78
1974,SACHA,15,7,8
1974,SAIMA,6,0,6
1974,SHAWNA,80,0,80
1974,SHEENA,11,0,11
1974,SHEILA,89,0,89
1974,SHELAGH,6,0,6
1974,SHELBY,28,0,28
1974,SHELLEY,247,0,247
1974,SHELLIE,10,0,10
1974,SHELLY,115,0,115
1974,SHERI,127,0,127
1974,SHAWN,720,713,7
1974,SHERI-LYNN,7,0,7
1974,SHERRI-LYNN,9,0,9
1974,SHERRIE,15,0,15
1974,SHERRY,155,0,155
1974,SHERRY-LEE,7,0,7
1974,SHERRY-LYNN,6,0,6
1974,SHERYL,40,0,40
1974,SHIRLEY,59,0,59
1974,SHONA,12,0,12
1974,SILVIA,15,0,15
1974,SHERRI,109,0,109
1974,RACHAEL,22,0,22
1974,SHAUNA,35,0,35
1974,SHARON,189,0,189
1974,SALLY,23,0,23
1974,SAMANTHA,151,0,151
1974,SANDI,16,0,16
1974,SANDRA,486,0,486
1974,SANDY,91,11,80
1974,SARA,174,0,174
1974,SARAH,658,0,658
1974,SARI,13,0,13
1974,SASHA,25,9,16
1974,SHARRON,7,0,7
1974,SEEMA,7,0,7
1974,SELINA,6,0,6
1974,SERENA,20,0,20
1974,SHANA,12,0,12
1974,SHANNA,15,0,15
1974,SHANNON,495,39,456
1974,SHANTEL,6,0,6
1974,SHARI,49,0,49
1974,SHARLA,7,0,7
1974,SHARLENE,26,0,26
1974,SELENA,21,0,21
1974,SIMONE,22,0,22
1974,PRIYA,8,0,8
1974,PINA,7,0,7
1974,MICHAELA,8,0,8
1974,MICHELE,134,46,88
1974,MICHELINA,8,0,8
1974,MICHELINE,19,0,19
1974,MICHELLE,1171,0,1171
1974,MILENA,10,0,10
1974,MINA,9,0,9
1974,MINDY,17,0,17
1974,MIRANDA,33,0,33
1974,MIRELLA,12,0,12
1974,MIRIAM,30,0,30
1974,MIRJANA,7,0,7
1974,MISTY,14,0,14
1974,MOLLY,10,0,10
1974,MONA,14,0,14
1974,MONIA,6,0,6
1974,MONICA,126,0,126
1974,MONIKA,16,0,16
1974,MONIQUE,83,0,83
1974,MIA,10,0,10
1974,MEREDITH,65,0,65
1974,MELONIE,10,0,10
1974,MELODY,23,0,23
1974,SILVANA,16,0,16
1974,MARTINE,6,0,6
1974,MARY,440,0,440
1974,MARY-ANN,15,0,15
1974,MARY-ANNE,9,0,9
1974,MARYANN,14,0,14
1974,MAURA,6,0,6
1974,MAUREEN,46,0,46
1974,MAXINE,15,0,15
1974,MYRA,6,0,6
1974,MAYA,7,0,7
1974,MEAGHAN,11,0,11
1974,MEGAN,94,0,94
1974,MEGHAN,27,0,27
1974,MELANIE,475,0,475
1974,MELINDA,42,0,42
1974,MELISA,12,0,12
1974,MELISSA,477,0,477
1974,MELLISSA,15,0,15
1974,MELODIE,21,0,21
1974,MEAGAN,11,0,11
1974,NADA,14,0,14
1974,NADIA,64,0,64
1974,NADINE,77,0,77
1974,PAIGE,10,0,10
1974,PAMELA,260,0,260
1974,PANAGIOTA,14,0,14
1974,PAOLA,26,0,26
1974,PARASKEVI,8,0,8
1974,PASCALE,9,0,9
1974,PASQUALINA,6,0,6
1974,PATRICIA,421,0,421
1974,PATRIZIA,40,0,40
1974,OLIVIA,8,0,8
1974,PATTI,15,0,15
1974,PAULETTE,17,0,17
1974,PAULINA,6,0,6
1974,PAULINE,54,0,54
1974,PEGGY,24,0,24
1974,PENELOPE,13,0,13
1974,PENNY,74,0,74
1974,PETRA,9,0,9
1974,PETRINA,11,0,11
1974,PHYLLIS,11,0,11
1974,PAULA,236,0,236
1974,PRISCILLA,21,0,21
1974,OLGA,21,0,21
1974,NOREEN,11,0,11
1974,NANCY,335,0,335
1974,NAOMI,43,0,43
1974,NATACHA,8,0,8
1974,NATALIA,10,0,10
1974,NATALIE,253,0,253
1974,NATASCHA,6,0,6
1974,NATASHA,183,0,183
1974,NATASHIA,7,0,7
1974,NATHALIE,63,0,63
1974,NORMA,14,0,14
1974,NELIA,18,0,18
1974,NICOLA,71,55,16
1974,NICOLE,681,0,681
1974,NICOLINA,7,0,7
1974,NICOLLE,8,0,8
1974,NIKKI,10,0,10
1974,NINA,28,0,28
1974,NISHA,7,0,7
1974,NOELLE,8,0,8
1974,NORA,14,0,14
1974,NICHOLE,23,0,23
1974,SKYE,6,0,6
1974,REGINA,6,0,6
1974,SONDRA,7,0,7
1974,GARNET,11,11,0
1974,GARRY,29,29,0
1974,GARTH,10,10,0
1974,GARY,153,153,0
1974,GASPARE,5,5,0
1974,GASTON,7,7,0
1974,GAVIN,42,42,0
1974,GENE,8,8,0
1974,GENNARO,9,9,0
1974,GEOFFREY,163,163,0
1974,GEORDIE,5,5,0
1974,GEORGE,291,291,0
1974,GEORGES,9,9,0
1974,GEORGIOS,9,9,0
1974,GERALD,115,115,0
1974,GERARD,30,30,0
1974,GERARDO,6,6,0
1974,GERRY,14,14,0
1974,GIACOMO,9,9,0
1974,GIANCARLO,8,8,0
1974,GIANLUCA,7,7,0
1974,GARFIELD,5,5,0
1974,GIANNI,22,22,0
1974,GARETH,7,7,0
1974,GAETANO,13,13,0
1974,WENDI,9,0,9
1974,WENDY,244,0,244
1974,WHITNEY,6,0,6
1974,WILMA,6,0,6
1974,YASMIN,8,0,8
1974,YOLANDA,23,0,23
1974,YVETTE,20,0,20
1974,YVONNE,52,0,52
1974,ZOE,19,0,19
1974,FRANCO,36,36,0
1974,FRANCOIS,24,24,0
1974,FRANK,141,141,0
1974,FRANKLIN,9,9,0
1974,FRANZ,6,6,0
1974,FRASER,19,19,0
1974,FREDERIC,11,11,0
1974,FREDERICK,63,63,0
1974,FREDRICK,14,14,0
1974,GABRIEL,22,22,0
1974,GABRIELE,11,11,0
1974,GAETAN,8,8,0
1974,GALEN,6,6,0
1974,WANDA,45,0,45
1974,GILBERT,21,21,0
1974,GINO,14,14,0
1974,HENRY,62,62,0
1974,HERBERT,12,12,0
1974,HERMAN,9,9,0
1974,HOWARD,36,36,0
1974,HUGH,23,23,0
1974,HUGO,7,7,0
1974,IAIN,26,26,0
1974,IAN,324,324,0
1974,INFANT,7,7,0
1974,IOANNIS,12,12,0
1974,ISAAC,12,12,0
1974,SOFIA,17,0,17
1974,IVANO,6,6,0
1974,IVO,6,6,0
1974,JACK,25,25,0
1974,JACKSON,5,5,0
1974,JACOB,64,64,0
1974,JACQUES,22,22,0
1974,JADE,6,6,0
1974,JAIME,6,6,0
1974,JAKE,13,13,0
1974,HENDRIK,6,6,0
1974,GILLES,34,34,0
1974,HENDRICK,5,5,0
1974,HEATH,10,10,0
1974,GIOVANNI,87,87,0
1974,GIULIO,5,5,0
1974,GIUSEPPE,125,125,0
1974,GLEN,87,87,0
1974,GLENN,79,79,0
1974,GORDON,172,172,0
1974,GRAEME,18,18,0
1974,GRAHAM,71,71,0
1974,GRANT,59,59,0
1974,GREG,25,25,0
1974,GREGG,10,10,0
1974,GREGORIO,6,6,0
1974,GREGORY,582,582,0
1974,GUS,7,7,0
1974,GUY,40,40,0
1974,HANK,5,5,0
1974,HANS,9,9,0
1974,HARLEY,11,11,0
1974,HAROLD,35,35,0
1974,HARRY,26,26,0
1974,HARVEY,17,17,0
1974,HELDER,5,5,0
1974,VIVIAN,10,0,10
1974,IVAN,46,46,0
1974,VINCENZA,17,0,17
1974,SUZANNE,147,0,147
1974,SUZETTE,6,0,6
1974,SUZIE,8,0,8
1974,SUZY,18,0,18
1974,SYLVIA,46,0,46
1974,SYLVIE,51,0,51
1974,TABATHA,10,0,10
1974,TABITHA,14,0,14
1974,SUZANA,12,0,12
1974,TAMARA,164,0,164
1974,TAMMIE,17,0,17
1974,TAMMY,696,0,696
1974,TAMMY-LYNN,11,0,11
1974,TANIA,180,0,180
1974,TANJA,17,0,17
1974,TANYA,618,0,618
1974,TARA,408,0,408
1974,TASHA,18,0,18
1974,TAMI,14,0,14
1974,SUZAN,6,0,6
1974,SUSY,32,0,32
1974,SUSIE,16,0,16
1974,VIRGINIA,49,0,49
1974,SONJA,30,0,30
1974,SONYA,73,0,73
1974,SOPHIA,40,0,40
1974,SOPHIE,34,0,34
1974,STACEY,293,11,282
1974,STACI,6,0,6
1974,STACIE,29,0,29
1974,STACY,100,12,88
1974,STAVROULA,9,0,9
1974,STEFANIA,17,0,17
1974,STEFANIE,22,0,22
1974,STELLA,17,0,17
1974,STEPHANIE,516,0,516
1974,SUSAN,440,0,440
1974,SUSANA,10,0,10
1974,SUSANNA,20,0,20
1974,SUSANNAH,9,0,9
1974,SUSANNE,56,0,56
1974,TAWNYA,13,0,13
1974,TEENA,23,0,23
1974,SUZANNA,6,0,6
1974,TERI,16,0,16
1974,TREENA,7,0,7
1974,TRICIA,132,0,132
1974,TRINA,26,0,26
1974,TRISHA,44,0,44
1974,TRISTA,6,0,6
1974,TRUDY,30,0,30
1974,URSULA,7,0,7
1974,VANESSA,128,0,128
1974,VASILIKI,20,0,20
1974,VERA,6,0,6
1974,VERONICA,36,0,36
1974,VESNA,9,0,9
1974,SONIA,135,0,135
1974,VICKI,68,0,68
1974,VICKIE,11,0,11
1974,VICKY,33,0,33
1974,VICTORIA,134,0,134
1974,TERESA,181,0,181
1974,VIKKI,8,0,8
1974,TRACY-LYNN,8,0,8
1974,TRACY,522,5,517
1974,VALERIE,105,0,105
1974,TERRI-LYNN,12,0,12
1974,TERRA,26,0,26
1974,TERRI,61,0,61
1974,TRACIE,12,0,12
1974,TERRY,155,132,23
1974,TESSA,9,0,9
1974,THEODORA,9,0,9
1974,THERESE,7,0,7
1974,THERESSA,7,0,7
1974,TIFFANY,80,0,80
1974,THERESA,110,0,110
1974,TINA,341,0,341
1974,TRACI,16,0,16
1974,TRACEY,208,0,208
1974,TIINA,6,0,6
1974,TONIA,22,0,22
1974,TONI,16,5,11
1974,TONYA,42,0,42
1974,TIZIANA,6,0,6
1974,TISHA,8,0,8
1975,SHANA,21,0,21
1975,SHARLA,6,0,6
1975,SHARON,162,0,162
1975,SHARI,38,0,38
1975,SHANNON,494,40,454
1975,SHANNAN,6,0,6
1975,SHANNA,6,0,6
1975,SHARLENE,23,0,23
1975,SERINA,6,0,6
1975,SANDRA,482,0,482
1975,SELENA,16,0,16
1975,SEEMA,15,0,15
1975,SASHA,20,9,11
1975,SARINA,8,0,8
1975,SARAH,750,0,750
1975,SARA,228,0,228
1975,SANDY,107,13,94
1975,SHAUNA,51,0,51
1975,SERENA,27,0,27
1975,SHAWNA,77,0,77
1975,SILVANA,20,0,20
1975,SHEENA,10,0,10
1975,SAMANTHA,149,0,149
1975,SILVIA,16,0,16
1975,SHOSHANA,6,0,6
1975,SHONA,13,0,13
1975,SHIRLEY,37,0,37
1975,SHILPA,6,0,6
1975,SHERYL,29,0,29
1975,SHERRY-LYNN,9,0,9
1975,SHERRY,178,0,178
1975,SHAZIA,6,0,6
1975,SHERRIE,18,0,18
1975,SHERRI,90,0,90
1975,SHERIE,7,0,7
1975,SHERI,111,0,111
1975,SHEREE,8,0,8
1975,SHELLY,116,0,116
1975,SHELLI,9,0,9
1975,SHELLEY,194,0,194
1975,SHELBY,22,0,22
1975,SHEILA,85,0,85
1975,SHERRI-LYNN,9,0,9
1975,SALLY,35,0,35
1975,RANDI,7,0,7
1975,SACHA,22,8,14
1975,RICHELLE,12,0,12
1975,RHONDA,118,0,118
1975,RHODA,6,0,6
1975,RHEA,8,0,8
1975,RENÉE,11,0,11
1975,RENEE,144,0,144
1975,RENE,39,32,7
1975,RENATA,22,0,22
1975,RENA,9,0,9
1975,RITA,56,0,56
1975,REGINA,10,0,10
1975,REENA,10,0,10
1975,REBEKAH,16,0,16
1975,REBECCA,432,0,432
1975,RAQUEL,12,0,12
1975,SIMONE,22,0,22
1975,RAMONA,7,0,7
1975,RACHELLE,37,0,37
1975,RACHEL,236,0,236
1975,RACHAEL,31,0,31
1975,REGAN,24,5,19
1975,ROBERTA,44,0,44
1975,ROBIN,226,84,142
1975,ROBYN,92,5,87
1975,SABRINA,70,0,70
1975,SABINA,15,0,15
1975,RUTH,48,0,48
1975,RUPINDER,7,0,7
1975,RUBY,11,0,11
1975,ROXANNE,52,0,52
1975,ROXANE,13,0,13
1975,ROSETTA,8,0,8
1975,ROSEMARY,33,0,33
1975,ROSEMARIE,19,0,19
1975,ROSEANNE,11,0,11
1975,ROSE,25,0,25
1975,ROSARIA,13,0,13
1975,ROSANNE,17,0,17
1975,ROSANNA,27,0,27
1975,ROSALIND,13,0,13
1975,ROSALBA,6,0,6
1975,ROSA,60,0,60
1975,RONDA,12,0,12
1975,ROMINA,10,0,10
1975,ROCHELLE,19,0,19
1975,SADAF,6,0,6
1975,SIOBHAN,15,0,15
1975,TANIS,6,0,6
1975,SONDRA,6,0,6
1975,TONI,11,0,11
1975,TOBI,7,0,7
1975,TIZIANA,6,0,6
1975,TISHA,13,0,13
1975,TINA,362,0,362
1975,TIFFANY,68,0,68
1975,TIA,9,0,9
1975,THERESSA,9,0,9
1975,THERESE,9,0,9
1975,TONIA,18,0,18
1975,THERESA,108,0,108
1975,TESSA,10,0,10
1975,TERRY,145,123,22
1975,TERRI-LYNN,16,0,16
1975,TERRI,69,0,69
1975,TERRA,32,0,32
1975,TERI,18,0,18
1975,TERESA,155,0,155
1975,TERA,9,0,9
1975,TENA,7,0,7
1975,THELMA,6,0,6
1975,TEENA,14,0,14
1975,TONYA,44,0,44
1975,TRACEY,188,0,188
1975,PRIYA,8,0,8
1975,URSULA,13,0,13
1975,VALENTINA,8,0,8
1975,VALERIE,116,0,116
1975,VANESSA,160,0,160
1975,VASILIKI,18,0,18
1975,VERA,9,0,9
1975,VERNA,7,0,7
1975,VERONICA,42,0,42
1975,VESNA,10,0,10
1975,VERONIQUE,8,0,8
1975,TRISTA,6,0,6
1975,TRISHA,82,0,82
1975,TRINA,47,0,47
1975,TRICIA,105,0,105
1975,TREENA,8,0,8
1975,TRACY-LYNN,9,0,9
1975,TRACY,474,5,469
1975,TRACIE,10,0,10
1975,TRACI,18,0,18
1975,TRUDY,16,0,16
1975,TAWNYA,15,0,15
1975,TASHA,15,0,15
1975,TARYN,29,0,29
1975,SUSANNA,18,0,18
1975,SUSANA,6,0,6
1975,SUSAN,353,0,353
1975,SUMMER,6,0,6
1975,SUE,6,0,6
1975,STÉPHANIE,6,0,6
1975,STEPHANIE,609,0,609
1975,STELLA,22,0,22
1975,STEFANIE,21,0,21
1975,SUSANNAH,11,0,11
1975,STEFANIA,11,0,11
1975,STACY,95,13,82
1975,STACIE,14,0,14
1975,STACI,7,0,7
1975,STACEY,300,13,287
1975,SOPHIE,28,0,28
1975,SOPHIA,34,0,34
1975,SONYA,64,0,64
1975,SONJA,24,0,24
1975,SONIA,122,0,122
1975,STAVROULA,9,0,9
1975,SUSANNE,25,0,25
1975,SUSIE,14,0,14
1975,SUSY,27,0,27
1975,TARA-LEE,8,0,8
1975,TARA,465,0,465
1975,TANYA,550,0,550
1975,TANJA,17,0,17
1975,TANIA,164,0,164
1975,TAMMY-LYNN,7,0,7
1975,TAMMY,611,0,611
1975,TAMMIE,13,0,13
1975,TAMMI,14,0,14
1975,TAMI,13,0,13
1975,TAMARA,134,0,134
1975,TABITHA,16,0,16
1975,TABATHA,13,0,13
1975,SYLVIE,60,0,60
1975,SYLVIA,43,0,43
1975,SYBIL,6,0,6
1975,SUZY,17,0,17
1975,SUZETTE,11,0,11
1975,SUZANNE,173,0,173
1975,SUZANA,10,0,10
1975,SUZAN,7,0,7
1975,SOFIA,16,0,16
1975,PRISCILLA,7,0,7
1975,MARY,439,0,439
1975,PHYLLIS,7,0,7
1975,KATHRINE,6,0,6
1975,KATHRYN,138,0,138
1975,KATHY,50,0,50
1975,KATIA,6,0,6
1975,KATIE,26,0,26
1975,KATRINA,46,0,46
1975,KEELY,6,0,6
1975,KELLEY,17,0,17
1975,KELLI,21,0,21
1975,KELLIE,22,0,22
1975,KELLY,619,53,566
1975,KELLY-ANN,11,0,11
1975,KELLY-ANNE,7,0,7
1975,KENDRA,43,0,43
1975,KERI,45,0,45
1975,KERRI,92,0,92
1975,KERRI-ANN,11,0,11
1975,KERRI-ANNE,7,0,7
1975,KERRI-LYNN,13,0,13
1975,KATHLEEN,163,0,163
1975,KATHERINE,261,0,261
1975,KATHARINE,38,0,38
1975,KATERINA,6,0,6
1975,JULIE-ANN,13,0,13
1975,JULIE-ANNE,10,0,10
1975,JULIET,12,0,12
1975,JULIETTE,7,0,7
1975,JUNE,13,0,13
1975,JUSTINE,14,0,14
1975,KALIOPI,6,0,6
1975,KARA,67,0,67
1975,KAREN,686,0,686
1975,KERRIE,14,0,14
1975,KAREY,6,0,6
1975,KARI-ANN,7,0,7
1975,KARIE,8,0,8
1975,KARIN,24,0,24
1975,KARINA,17,0,17
1975,KARINE,7,0,7
1975,KARLA,18,0,18
1975,KARRIE,15,0,15
1975,KARYN,24,0,24
1975,KATE,12,0,12
1975,KARI,47,0,47
1975,JULIE,730,0,730
1975,KERRY,120,20,100
1975,KIMBERLEE,9,0,9
1975,LAURA,559,0,559
1975,LAURA-LEE,7,0,7
1975,LAUREEN,6,0,6
1975,LAUREL,10,0,10
1975,LAUREN,30,0,30
1975,LAURIE,196,0,196
1975,LEA,12,0,12
1975,LEAH,81,0,81
1975,LEANN,7,0,7
1975,LEANNA,10,0,10
1975,LEANNE,126,0,126
1975,LEE,160,109,51
1975,LEE-ANN,27,0,27
1975,LEE-ANNE,23,0,23
1975,LEEANN,9,0,9
1975,LEEANNE,7,0,7
1975,LEENA,6,0,6
1975,LEESA,6,0,6
1975,LEIGH,48,11,37
1975,LARISSA,14,0,14
1975,LARA,27,0,27
1975,LANA,26,0,26
1975,KYLIE,8,0,8
1975,KIMBERLEY,233,0,233
1975,KIMBERLY,493,0,493
1975,KIRA,16,0,16
1975,KIRAN,7,0,7
1975,KIRSTEN,54,0,54
1975,KIRSTIN,7,0,7
1975,KIRSTY,7,0,7
1975,KONSTANTINA,6,0,6
1975,KORI,6,0,6
1975,KIM,66,0,66
1975,KRISTA,240,0,240
1975,KRISTEN,142,5,137
1975,KRISTI,33,0,33
1975,KRISTIE,27,0,27
1975,KRISTIN,90,11,79
1975,KRISTINA,105,0,105
1975,KRISTINE,79,0,79
1975,KRISTY,33,0,33
1975,KRYSTAL,16,0,16
1975,KYLA,29,0,29
1975,KRISTAL,9,0,9
1975,JULIANNE,17,0,17
1975,JULIANNA,10,0,10
1975,JULIANA,10,0,10
1975,ISABEL,22,0,22
1975,ISABELLE,35,0,35
1975,IVANA,11,0,11
1975,IVANKA,6,0,6
1975,JACKIE,19,0,19
1975,JACQUELINE,238,0,238
1975,JACQUELYN,14,0,14
1975,JAIME,30,19,11
1975,JAMIE,321,305,16
1975,JAN,17,10,7
1975,JANA,20,0,20
1975,JANE,77,0,77
1975,JANELLE,11,0,11
1975,JANET,147,0,147
1975,JANETTE,23,0,23
1975,JANICE,134,0,134
1975,JANINE,33,0,33
1975,JANIS,27,0,27
1975,JANNA,16,0,16
1975,IRENE,45,0,45
1975,IOANNA,6,0,6
1975,INGRID,32,0,32
1975,IDA,15,0,15
1975,GLENNA,6,0,6
1975,GLORIA,26,0,26
1975,GORDANA,6,0,6
1975,GRACE,32,0,32
1975,GRAZIA,7,0,7
1975,GRAZIELLA,14,0,14
1975,GUYLAINE,6,0,6
1975,GWEN,6,0,6
1975,GWENDOLYN,12,0,12
1975,JAQUELINE,7,0,7
1975,HANNAH,20,0,20
1975,HEATHER,653,0,653
1975,HEIDI,127,0,127
1975,HELEN,89,0,89
1975,HELENA,24,0,24
1975,HELENE,9,0,9
1975,HILARY,23,0,23
1975,HOLLIE,11,0,11
1975,HOLLY,106,0,106
1975,HOPE,8,0,8
1975,HAZEL,6,0,6
1975,JASMIN,8,0,8
1975,JASMINE,16,0,16
1975,JEAN,97,62,35
1975,JOCELYNE,6,0,6
1975,JODI,186,0,186
1975,JODI-LYNN,6,0,6
1975,JODIE,80,0,80
1975,JODY,197,74,123
1975,JOELLE,21,0,21
1975,JOEY,42,36,6
1975,JOHANNA,34,0,34
1975,JOHANNE,9,0,9
1975,JOCELYN,34,5,29
1975,JOLENE,40,0,40
1975,JOSEPHINE,36,0,36
1975,JOSIE,11,0,11
1975,JOSÉE,10,0,10
1975,JOY,39,0,39
1975,JOYCE,32,0,32
1975,JUANITA,13,0,13
1975,JUDITH,58,0,58
1975,JUDY,49,0,49
1975,JULIA,131,0,131
1975,JOSEE,44,0,44
1975,LEIGH-ANNE,10,0,10
1975,JOANNE,228,0,228
1975,JOANN,9,0,9
1975,JEANETTE,47,0,47
1975,JEANINE,9,0,9
1975,JEANNE,13,0,13
1975,JEANNETTE,19,0,19
1975,JEANNIE,13,0,13
1975,JEANNINE,14,0,14
1975,JENIFER,26,0,26
1975,JENNA,20,0,20
1975,JENNEFER,6,0,6
1975,JOANNA,100,0,100
1975,JENNIE,26,0,26
1975,JENNIFER-LYNN,9,0,9
1975,JENNY,80,0,80
1975,JESSICA,289,0,289
1975,JESSIE,11,0,11
1975,JILL,108,0,108
1975,JILLIAN,38,0,38
1975,JO-ANN,11,0,11
1975,JO-ANNE,28,0,28
1975,JOAN,20,0,20
1975,JENNIFER,2872,0,2872
1975,PIERRETTE,8,0,8
1975,LEILA,9,0,9
1975,LENA,20,0,20
1975,MICHELLE,1140,0,1140
1975,MILENA,6,0,6
1975,MINDY,11,0,11
1975,MIRA,6,0,6
1975,MIRANDA,41,0,41
1975,MIREILLE,8,0,8
1975,MIRELLA,12,0,12
1975,MIRIAM,27,0,27
1975,MIRJANA,11,0,11
1975,MISTY,32,0,32
1975,MOIRA,9,0,9
1975,MOLLY,7,0,7
1975,MONA,19,0,19
1975,MONICA,144,0,144
1975,MONIKA,17,0,17
1975,MONIQUE,74,0,74
1975,MYLENE,6,0,6
1975,MYRIAM,6,0,6
1975,MÉLANIE,9,0,9
1975,MICHELL,6,0,6
1975,MICHELINE,19,0,19
1975,MICHELE,149,45,104
1975,MICHAELA,11,0,11
1975,MAUREEN,43,0,43
1975,MAXINE,18,0,18
1975,MAY,9,0,9
1975,MAYA,11,0,11
1975,MEAGAN,23,0,23
1975,MEAGHAN,18,0,18
1975,MEERA,7,0,7
1975,MEGAN,118,0,118
1975,MEGHAN,47,0,47
1975,NADA,6,0,6
1975,MELANIE,480,0,480
1975,MELISA,21,0,21
1975,MELISSA,660,0,660
1975,MELLISSA,21,0,21
1975,MELODIE,13,0,13
1975,MELODY,28,0,28
1975,MELONIE,6,0,6
1975,MELONY,6,0,6
1975,MEREDITH,48,0,48
1975,MIA,13,0,13
1975,MELINDA,60,0,60
1975,MARYANNE,11,0,11
1975,NADIA,72,0,72
1975,NANCY,315,0,315
1975,PAIGE,12,0,12
1975,PAMELA,195,0,195
1975,PANAGIOTA,15,0,15
1975,PAOLA,17,0,17
1975,PARASKEVI,8,0,8
1975,PASCALE,13,0,13
1975,PATRICIA,358,0,358
1975,PATRIZIA,42,0,42
1975,PATTI,11,0,11
1975,PATTY,6,0,6
1975,PAULA,153,0,153
1975,PAULETTE,10,0,10
1975,PAULINA,6,0,6
1975,PAULINE,56,0,56
1975,PEARL,6,0,6
1975,PEGGY,31,0,31
1975,PENELOPE,14,0,14
1975,PENNY,50,0,50
1975,PETRA,7,0,7
1975,OLIVIA,35,0,35
1975,OLGA,18,0,18
1975,NOT,7,0,7
1975,NORMA,16,0,16
1975,NAOMI,51,0,51
1975,NATACHA,8,0,8
1975,NATALIA,14,0,14
1975,NATALIE,286,0,286
1975,NATASHA,172,0,172
1975,NATASHIA,7,0,7
1975,NATHALIE,60,0,60
1975,NELIA,21,0,21
1975,NICHOLE,27,0,27
1975,NADINE,105,0,105
1975,NICOLA,52,41,11
1975,NICOLETTA,6,0,6
1975,NICOLLE,6,0,6
1975,NIKI,15,0,15
1975,NIKKI,17,0,17
1975,NINA,21,0,21
1975,NISHA,7,0,7
1975,NITA,6,0,6
1975,NORA,8,0,8
1975,NOREEN,8,0,8
1975,NICOLE,619,0,619
1975,MARY-ANNE,9,0,9
1975,MARY-ANN,8,0,8
1975,VICKI,40,0,40
1975,LORETTA,34,0,34
1975,LORI,279,0,279
1975,LORI-ANN,16,0,16
1975,LORIANNE,6,0,6
1975,LORIE,18,0,18
1975,LORNA,13,0,13
1975,LORRAINE,49,0,49
1975,LORRIE,11,0,11
1975,LOUISA,8,0,8
1975,LOUISE,59,0,59
1975,LUANA,7,0,7
1975,LUANNE,6,0,6
1975,LUCIA,49,0,49
1975,LUCIANA,9,0,9
1975,LUCIE,11,0,11
1975,LUCY,26,0,26
1975,LUISA,28,0,28
1975,LYDIA,15,0,15
1975,LYNDA,26,0,26
1975,LORENA,9,0,9
1975,LOREDANA,13,0,13
1975,LORA,23,0,23
1975,LOLA,9,0,9
1975,LEONA,7,0,7
1975,LESA,6,0,6
1975,LESLEY,111,6,105
1975,LESLIE,178,45,133
1975,LIA,14,0,14
1975,LIANA,9,0,9
1975,LIANE,9,0,9
1975,LIANNE,23,0,23
1975,LIDIA,8,0,8
1975,LYNETTE,9,0,9
1975,LILIANA,8,0,8
1975,LILY,9,0,9
1975,LINA,26,0,26
1975,LINDA,150,0,150
1975,LINDSAY,43,5,38
1975,LINDSEY,18,0,18
1975,LISA,1134,0,1134
1975,LISE,26,0,26
1975,LIZA,23,0,23
1975,LOIS,10,0,10
1975,LILLIAN,19,0,19
1975,LYNN,107,0,107
1975,LYNNE,30,0,30
1975,MADELEINE,8,0,8
1975,MARIE-CLAUDE,7,0,7
1975,MARIE-FRANCE,6,0,6
1975,MARIE-JOSEE,8,0,8
1975,MARIJA,10,0,10
1975,MARIKA,8,0,8
1975,MARILYN,34,0,34
1975,MARINA,16,0,16
1975,MARION,11,0,11
1975,MARISA,40,0,40
1975,MARIE,975,0,975
1975,MARISSA,10,0,10
1975,MARLA,16,0,16
1975,MARLENE,46,0,46
1975,MARNI,16,0,16
1975,MARNIE,40,0,40
1975,MARSHA,75,0,75
1975,MARTA,6,0,6
1975,MARTHA,51,0,51
1975,MARTINA,10,0,10
1975,MARTINE,7,0,7
1975,MARJORIE,10,0,10
1975,LEISA,6,0,6
1975,MARIANNE,43,0,43
1975,MARIANA,6,0,6
1975,MADELINE,7,0,7
1975,MAGGIE,14,0,14
1975,MALINDA,8,0,8
1975,MANDI,15,0,15
1975,MANDY,97,0,97
1975,MANISHA,6,0,6
1975,MANON,27,0,27
1975,MANUELA,8,0,8
1975,MARA,17,0,17
1975,MARIANNA,9,0,9
1975,MARCELLA,9,0,9
1975,MARCIA,65,0,65
1975,MARCIE,18,0,18
1975,MARCY,19,0,19
1975,MARGARET,161,0,161
1975,MARGARITA,7,0,7
1975,MARGO,8,0,8
1975,MARGUERITE,8,0,8
1975,MARIA,349,0,349
1975,MARIAN,12,0,12
1975,MARCI,7,0,7
1975,VICKY,36,0,36
1975,DOMENIC,10,10,0
1975,VINCENZA,6,0,6
1975,LINCOLN,10,10,0
1975,LIAM,13,13,0
1975,LEWIS,8,8,0
1975,LEVI,5,5,0
1975,LESTER,9,9,0
1975,LEROY,7,7,0
1975,LEONIDAS,8,8,0
1975,LEONARDO,19,19,0
1975,LEONARD,65,65,0
1975,LEON,15,15,0
1975,LEO,25,25,0
1975,LENNY,8,8,0
1975,LENARD,7,7,0
1975,LAWRENCE,71,71,0
1975,LAURENCE,8,8,0
1975,LARRY,63,63,0
1975,LANCE,34,34,0
1975,KYLE,141,141,0
1975,KURTIS,11,11,0
1975,LIONEL,11,11,0
1975,LLOYD,20,20,0
1975,LONNIE,9,9,0
1975,LONNY,5,5,0
1975,MARCELO,5,5,0
1975,MARCELLO,12,12,0
1975,MARCEL,47,47,0
1975,MARC-ANDRE,7,7,0
1975,MARC,268,268,0
1975,MANUEL,21,21,0
1975,MANISH,5,5,0
1975,MALCOLM,16,16,0
1975,LYLE,10,10,0
1975,KURT,36,36,0
1975,LUKE,38,38,0
1975,LUIGI,49,49,0
1975,LUCIANO,10,10,0
1975,LUCAS,41,41,0
1975,LUCA,12,12,0
1975,LUC,62,62,0
1975,LOUIS,57,57,0
1975,LOUIE,7,7,0
1975,LORNE,18,18,0
1975,LORENZO,9,9,0
1975,LUIS,19,19,0
1975,KRISTOPHER,56,56,0
1975,KRISTOFFER,9,9,0
1975,KRISTOFER,11,11,0
1975,JULIO,7,7,0
1975,JULIEN,8,8,0
1975,JULIAN,27,27,0
1975,JULES,5,5,0
1975,JUDE,7,7,0
1975,JUAN,13,13,0
1975,JOSHUA,257,257,0
1975,JOSH,8,8,0
1975,JOSEPH,1488,1488,0
1975,JUSTIN,203,203,0
1975,JOSE,45,45,0
1975,JORDAN,43,43,0
1975,JON-PAUL,5,5,0
1975,JONATHON,56,56,0
1975,JONATHAN,374,374,0
1975,JONAS,10,10,0
1975,JONAH,6,6,0
1975,JON,27,27,0
1975,JOHN-PAUL,8,8,0
1975,JOHNNY,39,39,0
1975,JORGE,11,11,0
1975,MARCO,101,101,0
1975,KAI,7,7,0
1975,KARIM,7,7,0
1975,KRISTIAN,22,22,0
1975,KRIS,13,13,0
1975,KRAIG,5,5,0
1975,KOSTANTINOS,6,6,0
1975,KORY,13,13,0
1975,KONSTANTINOS,19,19,0
1975,KIRK,70,70,0
1975,KIRBY,5,5,0
1975,KIERAN,8,8,0
1975,KAREEM,6,6,0
1975,KHALID,5,5,0
1975,KEVEN,5,5,0
1975,KENT,26,26,0
1975,KENNY,6,6,0
1975,KENNETH,320,320,0
1975,KENDALL,5,5,0
1975,KEN,15,15,0
1975,KEITH,196,196,0
1975,KASHIF,5,5,0
1975,KARL,58,58,0
1975,KEVIN,1029,1029,0
1975,JOHNATHON,12,12,0
1975,MARCUS,50,50,0
1975,MARK,1216,1216,0
1975,OMAR,18,18,0
1975,OLIVER,30,30,0
1975,NUNO,6,6,0
1975,NORMAND,8,8,0
1975,NORMAN,63,63,0
1975,NOLAN,5,5,0
1975,NOEL,17,17,0
1975,NOAH,10,10,0
1975,NILTON,7,7,0
1975,NIKOLAOS,13,13,0
1975,NIKOLA,10,10,0
1975,NIGEL,30,30,0
1975,NICOLAS,31,31,0
1975,NICOLAOS,5,5,0
1975,NICKY,7,7,0
1975,NICK,39,39,0
1975,NICHOLAS,95,95,0
1975,NIALL,6,6,0
1975,NEVILLE,5,5,0
1975,OREN,7,7,0
1975,ORLANDO,10,10,0
1975,OSCAR,5,5,0
1975,OWEN,32,32,0
1975,PRESTON,8,8,0
1975,PIETRO,24,24,0
1975,PIETER,5,5,0
1975,PIERRE,77,77,0
1975,PIERO,8,8,0
1975,PHILLIP,90,90,0
1975,PHILIPPE,32,32,0
1975,PHILIP,204,204,0
1975,PETER,595,595,0
1975,NELSON,110,110,0
1975,PERRY,21,21,0
1975,PEDRO,10,10,0
1975,PAULO,54,54,0
1975,PAUL,878,878,0
1975,PATRICK,388,388,0
1975,PASQUALE,31,31,0
1975,PASCAL,36,36,0
1975,PAOLO,53,53,0
1975,PANAGIOTIS,25,25,0
1975,PABLO,9,9,0
1975,PERCY,7,7,0
1975,NEKTARIOS,6,6,0
1975,NEIL,168,168,0
1975,NEAL,24,24,0
1975,MICAH,7,7,0
1975,MERVIN,6,6,0
1975,MELVIN,7,7,0
1975,MAXWELL,12,12,0
1975,MAURO,13,13,0
1975,MAURIZIO,19,19,0
1975,MAURICE,33,33,0
1975,MATTHEW,881,881,0
1975,MATTEO,6,6,0
1975,MICHAEL,2800,2800,0
1975,MATHIEU,16,16,0
1975,MASSIMO,24,24,0
1975,MASON,6,6,0
1975,MARVIN,12,12,0
1975,MARTY,18,18,0
1975,MARTIN,184,184,0
1975,MARSHALL,11,11,0
1975,MARLON,14,14,0
1975,MARKUS,11,11,0
1975,MARKO,18,18,0
1975,MATHEW,73,73,0
1975,MARIO,65,65,0
1975,MICHEAL,172,172,0
1975,MIGUEL,16,16,0
1975,NAVIN,5,5,0
1975,NAVDEEP,6,6,0
1975,NATHANIEL,24,24,0
1975,NATHAN,145,145,0
1975,MYLES,12,12,0
1975,MURRAY,35,35,0
1975,MUHAMMAD,9,9,0
1975,MOSHE,6,6,0
1975,MOSES,7,7,0
1975,MICHEL,128,128,0
1975,MORRIS,11,11,0
1975,MOHAMMED,10,10,0
1975,MOHAMMAD,9,9,0
1975,MOHAMED,14,14,0
1975,MITCHELL,21,21,0
1975,MILTON,5,5,0
1975,MILES,7,7,0
1975,MILAN,9,9,0
1975,MIKE,53,53,0
1975,MIKAEL,5,5,0
1975,MORGAN,15,15,0
1975,JOHNATHAN,15,15,0
1975,JOHN,1269,1269,0
1975,JOHANN,7,7,0
1975,FRANCOIS,29,29,0
1975,FRANCO,43,43,0
1975,FRANCISCO,10,10,0
1975,FRANCESCO,68,68,0
1975,FILIPPO,12,12,0
1975,FILIPE,5,5,0
1975,FERNANDO,16,16,0
1975,FELIX,6,6,0
1975,FELICE,5,5,0
1975,FAISAL,8,8,0
1975,FABRIZIO,9,9,0
1975,FABIO,25,25,0
1975,FABIAN,9,9,0
1975,EWAN,6,6,0
1975,EVERETT,8,8,0
1975,EVAN,40,40,0
1975,EUGENIO,9,9,0
1975,EUGENE,21,21,0
1975,ETIENNE,9,9,0
1975,FRANK,158,158,0
1975,FRANKIE,7,7,0
1975,FRANKLIN,18,18,0
1975,FRANZ,6,6,0
1975,GENE,9,9,0
1975,GAVIN,43,43,0
1975,GASTON,9,9,0
1975,GARY,201,201,0
1975,GARTH,15,15,0
1975,GARRY,23,23,0
1975,GARRETT,5,5,0
1975,GARNET,9,9,0
1975,GARFIELD,5,5,0
1975,ETHAN,6,6,0
1975,GARETH,6,6,0
1975,GAETANO,15,15,0
1975,GAETAN,8,8,0
1975,GABRIELE,7,7,0
1975,GABRIEL,25,25,0
1975,FREDRICK,15,15,0
1975,FREDERICK,61,61,0
1975,FREDERIC,10,10,0
1975,FRED,6,6,0
1975,FRASER,17,17,0
1975,GALEN,7,7,0
1975,ERROL,9,9,0
1975,ERNIE,7,7,0
1975,ERNEST,21,21,0
1975,EDDY,8,8,0
1975,EDDIE,8,8,0
1975,EARL,24,24,0
1975,DYLAN,41,41,0
1975,DWIGHT,18,18,0
1975,DWAYNE,104,104,0
1975,DWAIN,5,5,0
1975,DUSTIN,32,32,0
1975,DUNCAN,14,14,0
1975,EDGAR,13,13,0
1975,DUANE,61,61,0
1975,DOUGLAS,264,264,0
1975,DONOVAN,8,8,0
1975,DONNY,6,6,0
1975,DONAVAN,5,5,0
1975,DONATO,9,9,0
1975,DONALD,249,249,0
1975,DON,12,12,0
1975,DOMINIC,32,32,0
1975,DOMENICO,53,53,0
1975,DREW,23,23,0
1975,GEOFFREY,168,168,0
1975,EDMOND,8,8,0
1975,EDUARDO,11,11,0
1975,ERIK,40,40,0
1975,ERICK,9,9,0
1975,ERIC,365,365,0
1975,ENZO,8,8,0
1975,ENRICO,8,8,0
1975,EMMANUEL,19,19,0
1975,EMILIO,8,8,0
1975,EMILE,5,5,0
1975,EMANUELE,5,5,0
1975,EDMUND,12,12,0
1975,EMANUEL,16,16,0
1975,ELTON,16,16,0
1975,ELLIOTT,6,6,0
1975,ELLIOT,12,12,0
1975,ELIO,5,5,0
1975,ELIJAH,5,5,0
1975,ELIAS,14,14,0
1975,ELI,16,16,0
1975,EDWIN,18,18,0
1975,EDWARD,245,245,0
1975,ELVIS,10,10,0
1975,GEORGE,250,250,0
1975,GEORGIOS,9,9,0
1975,GERALD,87,87,0
1975,JEAN-MARC,12,12,0
1975,JEAN-GUY,8,8,0
1975,JEAN-FRANCOIS,14,14,0
1975,JEAN-CLAUDE,5,5,0
1975,JAYSON,26,26,0
1975,JAYME,6,6,0
1975,JAY,68,68,0
1975,JASON,2459,2459,0
1975,JASEN,5,5,0
1975,JEAN-PAUL,15,15,0
1975,JARROD,9,9,0
1975,JARED,33,33,0
1975,JAMEY,5,5,0
1975,JAMES,1269,1269,0
1975,JAKE,10,10,0
1975,JADE,5,5,0
1975,JACQUES,19,19,0
1975,JACOB,81,81,0
1975,JACKSON,5,5,0
1975,JACK,34,34,0
1975,JARRETT,10,10,0
1975,J,8,8,0
1975,JEAN-PIERRE,13,13,0
1975,JEFFEREY,6,6,0
1975,JOHAN,5,5,0
1975,JOESPH,12,12,0
1975,JOESEPH,5,5,0
1975,JOEL,157,157,0
1975,JOE,27,27,0
1975,JOAO,14,14,0
1975,JIMMY,44,44,0
1975,JIM,17,17,0
1975,JESSE,93,93,0
1975,JEFF,7,7,0
1975,JESS,7,7,0
1975,JEROME,26,26,0
1975,JEREMY,455,455,0
1975,JEREMIE,8,8,0
1975,JEREMIAH,24,24,0
1975,JEREMEY,5,5,0
1975,JERAMIE,6,6,0
1975,JEFFREY,1012,1012,0
1975,JEFFERY,272,272,0
1975,JEFFERSON,6,6,0
1975,JERRY,55,55,0
1975,QUENTIN,8,8,0
1975,IVAN,43,43,0
1975,IOANNIS,16,16,0
1975,GRAEME,23,23,0
1975,GORDON,153,153,0
1975,GLENN,69,69,0
1975,GLENDON,6,6,0
1975,GLEN,90,90,0
1975,GIUSEPPE,126,126,0
1975,GIULIO,6,6,0
1975,GIOVANNI,50,50,0
1975,GINO,12,12,0
1975,GRAHAM,77,77,0
1975,GILLES,28,28,0
1975,GIANNI,22,22,0
1975,GIANLUCA,5,5,0
1975,GIACOMO,7,7,0
1975,GERRY,13,13,0
1975,GERRIT,9,9,0
1975,GERMAIN,5,5,0
1975,GERHARD,6,6,0
1975,GERARDO,7,7,0
1975,GERARD,25,25,0
1975,GILBERT,12,12,0
1975,ISAAC,25,25,0
1975,GRANT,74,74,0
1975,GREGG,12,12,0
1975,IMRAN,5,5,0
1975,IAN,313,313,0
1975,IAIN,17,17,0
1975,HUGH,25,25,0
1975,HUBERT,6,6,0
1975,HOWARD,34,34,0
1975,HERMAN,5,5,0
1975,HERBERT,6,6,0
1975,HENRY,53,53,0
1975,GREG,13,13,0
1975,HELDER,5,5,0
1975,HARVEY,8,8,0
1975,HARRY,30,30,0
1975,HARPREET,5,5,0
1975,HAROLD,36,36,0
1975,HARLEY,5,5,0
1975,GUY,30,30,0
1975,GUS,12,12,0
1975,GREGORY,533,533,0
1975,GREGORIO,6,6,0
1975,HEATH,13,13,0
1975,RAFAEL,5,5,0
1975,RAFFAELE,10,10,0
1975,RAHIM,5,5,0
1975,CARL,83,83,0
1975,CARLO,45,45,0
1975,CARLOS,36,36,0
1975,CARLTON,6,6,0
1975,CARMELO,18,18,0
1975,CARMINE,17,17,0
1975,CARSON,9,9,0
1975,CARY,10,10,0
1975,CECIL,7,7,0
1975,CEDRIC,5,5,0
1975,CESAR,6,6,0
1975,CESARE,5,5,0
1975,CHAD,347,347,0
1975,CHADWICK,39,39,0
1975,CHARLES,230,230,0
1975,CHARLIE,5,5,0
1975,CHISTOPHER,6,6,0
1975,CHRIS,45,45,0
1975,CHRIST,6,6,0
1975,CAMERON,104,104,0
1975,CALVIN,31,31,0
1975,CALOGERO,9,9,0
1975,CALEB,10,10,0
1975,BRADY,6,6,0
1975,BRANDON,121,121,0
1975,BRANKO,8,8,0
1975,BRANT,5,5,0
1975,BRENDAN,48,48,0
1975,BRENDON,5,5,0
1975,BRENNAN,12,12,0
1975,BRENT,198,198,0
1975,BRENTON,5,5,0
1975,CHRISTIAN,161,161,0
1975,BRETT,94,94,0
1975,BRIEN,5,5,0
1975,BROCK,16,16,0
1975,BRODIE,5,5,0
1975,BRUCE,84,84,0
1975,BRUNO,25,25,0
1975,BRYAN,174,174,0
1975,BRYCE,24,24,0
1975,BRYON,11,11,0
1975,BYRON,23,23,0
1975,BRIAN,645,645,0
1975,CHRISTIEN,5,5,0
1975,CHRISTOPHER,2246,2246,0
1975,CHRISTOS,28,28,0
1975,CURTIS,67,67,0
1975,CYRIL,5,5,0
1975,DALLAS,11,11,0
1975,DAMIAN,33,33,0
1975,DAMIEN,17,17,0
1975,DAMON,23,23,0
1975,DAN,6,6,0
1975,DANE,9,9,0
1975,DANIAL,7,7,0
1975,CURT,11,11,0
1975,DANIEL,998,998,0
1975,DANNY,140,140,0
1975,DANY,12,12,0
1975,DAREN,14,14,0
1975,DARIN,28,28,0
1975,DARREL,7,7,0
1975,DARRELL,49,49,0
1975,DARREN,272,272,0
1975,DARRICK,7,7,0
1975,DARRIN,45,45,0
1975,DANIELE,34,34,0
1975,BRADLY,13,13,0
1975,CRISTOPHER,7,7,0
1975,COSIMO,5,5,0
1975,CLARENCE,13,13,0
1975,CLARK,5,5,0
1975,CLAUDE,35,35,0
1975,CLAUDIO,32,32,0
1975,CLAYTON,50,50,0
1975,CLIFFORD,30,30,0
1975,CLIFTON,11,11,0
1975,CLINT,21,21,0
1975,CLINTON,47,47,0
1975,CRAIG,380,380,0
1975,CLIVE,5,5,0
1975,CODY,5,5,0
1975,COLIN,213,213,0
1975,COLLIN,22,22,0
1975,CONRAD,17,17,0
1975,CONSTANTINE,9,9,0
1975,CONSTANTINOS,9,9,0
1975,COREY,134,134,0
1975,CORNELIUS,9,9,0
1975,CORRADO,10,10,0
1975,CLYDE,7,7,0
1975,BRADLEY,419,419,0
1975,BRADFORD,12,12,0
1975,BRADEN,6,6,0
1975,ALBERTO,9,9,0
1975,ALDO,8,8,0
1975,ALEKSANDAR,7,7,0
1975,ALESSANDRO,14,14,0
1975,ALEX,42,42,0
1975,ALEXANDAR,5,5,0
1975,ALEXANDER,184,184,0
1975,ALEXANDRE,15,15,0
1975,ALEXANDROS,6,6,0
1975,ALBERT,51,51,0
1975,ALFRED,21,21,0
1975,ALI,6,6,0
1975,ALISTAIR,7,7,0
1975,ALLAIN,6,6,0
1975,ALLAN,110,110,0
1975,ALLEN,41,41,0
1975,ALVIN,22,22,0
1975,AMIT,15,15,0
1975,AMOS,5,5,0
1975,ANASTASIOS,17,17,0
1975,ALFREDO,7,7,0
1975,ANDRE,106,106,0
1975,ALAN,109,109,0
1975,AHMED,6,6,0
1975,VIOLET,6,0,6
1975,VIRGINIA,41,0,41
1975,VITTORIA,6,0,6
1975,VIVIAN,19,0,19
1975,WANDA,30,0,30
1975,WENDY,257,0,257
1975,YOLANDA,14,0,14
1975,YVETTE,14,0,14
1975,YVONNE,49,0,49
1975,AJAY,6,6,0
1975,ZOE,18,0,18
1975,AARON,367,367,0
1975,ABDUL,6,6,0
1975,ABRAHAM,15,15,0
1975,ADAM,491,491,0
1975,ADAMO,5,5,0
1975,ADRIAN,128,128,0
1975,ADRIANO,12,12,0
1975,ADRIEN,7,7,0
1975,AGOSTINO,6,6,0
1975,DION,15,15,0
1975,DARRYL,122,122,0
1975,ANDRÉ,5,5,0
1975,ANDREI,5,5,0
1975,ASIM,5,5,0
1975,ATHANASIOS,20,20,0
1975,AUBREY,8,8,0
1975,AUSTIN,7,7,0
1975,BARRY,76,76,0
1975,BART,5,5,0
1975,BEN,9,9,0
1975,BENJAMIN,252,252,0
1975,BENOIT,14,14,0
1975,ASHISH,5,5,0
1975,BERNARD,37,37,0
1975,BILL,22,22,0
1975,BILLY,18,18,0
1975,BLAINE,23,23,0
1975,BLAIR,70,70,0
1975,BLAKE,21,21,0
1975,BOB,5,5,0
1975,BOBBY,21,21,0
1975,BORIS,5,5,0
1975,BRAD,39,39,0
1975,BERNHARD,7,7,0
1975,ANDREAS,22,22,0
1975,ARTHUR,46,46,0
1975,ARON,13,13,0
1975,ANDRES,7,7,0
1975,ANDREW,953,953,0
1975,ANDY,21,21,0
1975,ANGELO,59,59,0
1975,ANGUS,12,12,0
1975,ANIL,9,9,0
1975,ANSON,9,9,0
1975,ANTE,5,5,0
1975,ANTHONY,334,334,0
1975,ARRON,14,14,0
1975,ANTOINE,9,9,0
1975,ANTONIO,137,137,0
1975,ANTONIOS,10,10,0
1975,ANTONY,13,13,0
1975,APOSTOLOS,11,11,0
1975,ARI,9,9,0
1975,ARIF,6,6,0
1975,ARISTIDIS,6,6,0
1975,ARMANDO,11,11,0
1975,ARNOLD,13,13,0
1975,ANTONINO,10,10,0
1975,VICTORIA,119,0,119
1975,DARYL,58,58,0
1975,DAVE,19,19,0
1975,SCOTT,797,797,0
1975,SCOT,8,8,0
1975,SAVERIO,7,7,0
1975,SANTO,8,8,0
1975,SANJEEV,10,10,0
1975,SANJAY,14,14,0
1975,SANDRO,13,13,0
1975,SAMUEL,81,81,0
1975,SAMMY,9,9,0
1975,SAMIR,13,13,0
1975,SAMI,5,5,0
1975,SAMER,5,5,0
1975,SAM,7,7,0
1975,SALVATORE,76,76,0
1975,RYAN,793,793,0
1975,RUSSELL,70,70,0
1975,RUSSEL,5,5,0
1975,RUI,17,17,0
1975,RUDY,6,6,0
1975,SEAN,524,524,0
1975,SEBASTIAN,13,13,0
1975,SEBASTIANO,8,8,0
1975,SEBASTIEN,15,15,0
1975,STELIOS,5,5,0
1975,STEFANO,19,19,0
1975,STEFAN,34,34,0
1975,STAVROS,5,5,0
1975,STANLEY,44,44,0
1975,SPYROS,6,6,0
1975,SPIROS,6,6,0
1975,SPENCER,22,22,0
1975,SONNY,15,15,0
1975,ROY,46,46,0
1975,SIMON,93,93,0
1975,SHERMAN,6,6,0
1975,SHELDON,63,63,0
1975,SHAYNE,37,37,0
1975,SHAWN,624,624,0
1975,SHAUN,45,45,0
1975,SHANE,315,315,0
1975,SETH,15,15,0
1975,SERGIO,30,30,0
1975,SERGE,29,29,0
1975,SILVIO,5,5,0
1975,ROSS,37,37,0
1975,ROSARIO,8,8,0
1975,RORY,20,20,0
1975,RENATO,8,8,0
1975,REMO,5,5,0
1975,REMI,8,8,0
1975,REJEAN,5,5,0
1975,REID,8,8,0
1975,REGINALD,26,26,0
1975,RAYMOND,157,157,0
1975,RAY,9,9,0
1975,RAVI,6,6,0
1975,REUBEN,13,13,0
1975,RAUL,7,7,0
1975,RANDY,133,133,0
1975,RANDOLPH,18,18,0
1975,RANDALL,29,29,0
1975,RANDAL,9,9,0
1975,RAMON,6,6,0
1975,RALPH,16,16,0
1975,RAJESH,9,9,0
1975,RAJEEV,9,9,0
1975,RAJAN,5,5,0
1975,RAPHAEL,6,6,0
1975,STEPHAN,22,22,0
1975,RHEAL,6,6,0
1975,RICCARDO,10,10,0
1975,RONNY,5,5,0
1975,RONNIE,9,9,0
1975,RONALD,218,218,0
1975,RON,11,11,0
1975,ROMAN,8,8,0
1975,ROLAND,23,23,0
1975,ROHAN,5,5,0
1975,ROGER,96,96,0
1975,RODNEY,68,68,0
1975,RICARDO,25,25,0
1975,RODERICK,22,22,0
1975,ROCH,6,6,0
1975,ROCCO,34,34,0
1975,ROBERTO,93,93,0
1975,ROBERT,1671,1671,0
1975,ROBBY,6,6,0
1975,ROBBIE,32,32,0
1975,RISHI,12,12,0
1975,RICKY,28,28,0
1975,RICHARD,793,793,0
1975,ROCK,6,6,0
1975,STEPHANE,91,91,0
1975,STÉPHANE,5,5,0
1975,STEPHEN,606,606,0
1975,YVES,21,21,0
1975,YVAN,10,10,0
1975,YANN,7,7,0
1975,WINSTON,14,14,0
1975,WILSON,8,8,0
1975,WILLIAM,802,802,0
1975,WESLEY,27,27,0
1975,WAYNE,198,198,0
1975,WARREN,63,63,0
1975,YVON,9,9,0
1975,WALTER,63,63,0
1975,WAI,5,5,0
1975,WADE,44,44,0
1975,VITTORIO,8,8,0
1975,VITO,24,24,0
1975,VISHAL,5,5,0
1975,VIRGIL,6,6,0
1975,VINCENZO,49,49,0
1975,VINCENT,89,89,0
1975,VINCE,10,10,0
1975,WALLACE,11,11,0
1975,VIKTOR,6,6,0
1975,ZACHARIAH,5,5,0
1975,ZORAN,5,5,0
1975,DAVID,1988,1988,0
1975,DAVIDE,19,19,0
1975,DAVIS,6,6,0
1975,DEAN,109,109,0
1975,DEL,5,5,0
1975,DELBERT,5,5,0
1975,DEMETRIOS,18,18,0
1975,DENIS,73,73,0
1975,DENNIS,195,195,0
1975,ZACHARY,18,18,0
1975,DENNY,9,9,0
1975,DEREK,395,395,0
1975,DERICK,10,10,0
1975,DERRICK,52,52,0
1975,DESMOND,20,20,0
1975,DEVIN,27,27,0
1975,DEXTER,7,7,0
1975,DIEGO,5,5,0
1975,DIMITRIOS,33,33,0
1975,DINO,30,30,0
1975,DERECK,7,7,0
1975,DARYN,6,6,0
1975,VIKAS,9,9,0
1975,VICTOR,64,64,0
1975,THEODOROS,5,5,0
1975,THEODORE,35,35,0
1975,TERRENCE,38,38,0
1975,TERRANCE,28,28,0
1975,TERENCE,34,34,0
1975,TEDDY,13,13,0
1975,TED,13,13,0
1975,TAYLOR,8,8,0
1975,TAVIS,7,7,0
1975,THOMAS,432,432,0
1975,TARIQ,5,5,0
1975,SYED,6,6,0
1975,SUNIL,5,5,0
1975,SUNDEEP,5,5,0
1975,STUART,66,66,0
1975,STJEPAN,5,5,0
1975,STEWART,34,34,0
1975,STEVEN,944,944,0
1975,STEVE,95,95,0
1975,STERLING,6,6,0
1975,SYLVAIN,20,20,0
1975,VIJAY,5,5,0
1975,TIMMY,12,12,0
1975,TOBIAS,10,10,0
1975,VERNON,9,9,0
1975,VASILIOS,15,15,0
1975,VANCE,8,8,0
1975,TYSON,26,26,0
1975,TYRONE,7,7,0
1975,TYLER,104,104,0
1975,TROY,144,144,0
1975,TRISTAN,6,6,0
1975,TREVOR,323,323,0
1975,TIMOTHY,505,505,0
1975,TREVER,8,8,0
1975,TRAVIS,51,51,0
1975,TONY,77,77,0
1975,TOMMY,24,24,0
1975,TOMMASO,7,7,0
1975,TOMISLAV,15,15,0
1975,TOMAS,8,8,0
1975,TOM,21,21,0
1975,TODD,291,291,0
1975,TOBY,16,16,0
1975,TRENT,12,12,0
1975,ALAIN,68,68,0
1975,MARYANN,19,0,19
1975,ALICE,33,0,33
1975,DEANNE,27,0,27
1975,DEANNA,92,0,92
1975,DEANA,7,0,7
1975,DAYNA,15,0,15
1975,DAYLE,7,0,7
1975,DAWNA,8,0,8
1975,DAWN-MARIE,6,0,6
1975,DAWN,240,0,240
1975,DARLENE,69,0,69
1975,DARLA,6,0,6
1975,DARCY,73,67,6
1975,DAPHNE,7,0,7
1975,DANIELLE,274,0,274
1975,DANIELLA,11,0,11
1975,DANIELA,68,0,68
1975,DEBBIE,68,0,68
1975,DANA,148,21,127
1975,DEBORA,14,0,14
1975,DEBRA,81,0,81
1975,DIMITRA,18,0,18
1975,DIANNE,37,0,37
1975,DIANNA,23,0,23
1975,DIANE,157,0,157
1975,DIANA,148,0,148
1975,DEVON,26,20,6
1975,DESPINA,9,0,9
1975,DESIREE,12,0,12
1975,DENISE,192,0,192
1975,DENICE,6,0,6
1975,DENA,10,0,10
1975,DEMETRA,6,0,6
1975,DELIA,12,0,12
1975,DEIRDRE,11,0,11
1975,DEIDRE,11,0,11
1975,DEBORAH,184,0,184
1975,DALIA,6,0,6
1975,DALE,110,102,8
1975,DAISY,6,0,6
1975,CLAUDIA,43,0,43
1975,CLAUDETTE,11,0,11
1975,CLARISSA,6,0,6
1975,CLARE,10,0,10
1975,CLARA,12,0,12
1975,CLAIRE,46,0,46
1975,CINZIA,8,0,8
1975,CINDY,264,0,264
1975,CHRYSTAL,16,0,16
1975,CHRISTY,43,0,43
1975,CHRISTINE,658,0,658
1975,CHRISTINA,488,0,488
1975,CHRISTIE,78,0,78
1975,CHRISTIANE,6,0,6
1975,CHRISTI,6,0,6
1975,CLAUDINE,12,0,12
1975,COLETTE,15,0,15
1975,COLLEEN,137,0,137
1975,CONCETTA,18,0,18
1975,DAINA,7,0,7
1975,CYNTHIA,208,0,208
1975,CRYSTAL,170,0,170
1975,CRISTINE,7,0,7
1975,CRISTINA,52,0,52
1975,COURTNEY,59,13,46
1975,CORY,145,137,8
1975,DINA,29,0,29
1975,CORRINE,14,0,14
1975,CORRIE,33,0,33
1975,CORINNE,27,0,27
1975,CORINNA,12,0,12
1975,CORI,9,0,9
1975,CORA,8,0,8
1975,CONSTANCE,16,0,16
1975,CONNIE,63,0,63
1975,CORRINA,12,0,12
1975,DINAH,6,0,6
1975,DIONNE,10,0,10
1975,DOMENICA,8,0,8
1975,FRANCESCA,33,0,33
1975,FRANCES,48,0,48
1975,FRANCE,16,0,16
1975,FRANCA,16,0,16
1975,FLORENCE,20,0,20
1975,FIONA,37,0,37
1975,FILOMENA,14,0,14
1975,FELICIA,9,0,9
1975,FAYE,11,0,11
1975,FAY,7,0,7
1975,FATIMA,9,0,9
1975,FARRAH,6,0,6
1975,FARAH,8,0,8
1975,FAITH,13,0,13
1975,EVELYN,25,0,25
1975,FRANCINE,31,0,31
1975,FRANCIS,57,49,8
1975,GABRIELLA,14,0,14
1975,GABRIELLE,12,0,12
1975,GIUSEPPINA,53,0,53
1975,GIULIA,10,0,10
1975,GISELLA,7,0,7
1975,GISELE,12,0,12
1975,GIOVANNA,30,0,30
1975,GINGER,10,0,10
1975,GINETTE,26,0,26
1975,EVE,6,0,6
1975,GINA,42,0,42
1975,GERALDINE,10,0,10
1975,GEORGINA,36,0,36
1975,GEORGIA,26,0,26
1975,GENEVIEVE,47,0,47
1975,GENA,6,0,6
1975,GAYLE,8,0,8
1975,GAIL,39,0,39
1975,GILLIAN,52,0,52
1975,CHRISTA,54,0,54
1975,EVANGELIA,12,0,12
1975,EVA,40,0,40
1975,ELENI,12,0,12
1975,ELENA,23,0,23
1975,ELEANOR,16,0,16
1975,ELANA,19,0,19
1975,ELAINE,65,0,65
1975,EKATERINI,6,0,6
1975,EILEEN,13,0,13
1975,EDNA,9,0,9
1975,EDITH,11,0,11
1975,DOROTHY,22,0,22
1975,DORIS,21,0,21
1975,DOREEN,13,0,13
1975,DORA,7,0,7
1975,DONNA,133,0,133
1975,DOMINIQUE,28,13,15
1975,ELISA,16,0,16
1975,ELISABETH,27,0,27
1975,ELISABETTA,9,0,9
1975,ELISE,16,0,16
1975,EUGENIA,12,0,12
1975,ESTHER,28,0,28
1975,ERYN,7,0,7
1975,ERINN,7,0,7
1975,ERIN,417,8,409
1975,ERIKA,60,0,60
1975,ERICA,76,0,76
1975,EVAGELIA,6,0,6
1975,ENZA,6,0,6
1975,EMILY,120,0,120
1975,EMILIE,10,0,10
1975,EMILIA,6,0,6
1975,ELVIRA,6,0,6
1975,ELLEN,35,0,35
1975,ELIZABETH,391,0,391
1975,ELISSA,8,0,8
1975,EMMA,33,0,33
1975,GLENDA,17,0,17
1975,CHIARA,8,0,8
1975,CHERIE,37,0,37
1975,ANNIE,34,0,34
1975,ANNETTE,39,0,39
1975,ANNE-MARIE,28,0,28
1975,ANNE,157,0,157
1975,ANNAMARIA,9,0,9
1975,ANNA-MARIE,9,0,9
1975,ANNA-MARIA,6,0,6
1975,ANNA,193,0,193
1975,ANN-MARIE,14,0,14
1975,ANN,85,0,85
1975,ANITA,132,0,132
1975,ANIKA,6,0,6
1975,ANIK,14,0,14
1975,ANGIE,72,0,72
1975,ANGELIQUE,12,0,12
1975,ANNIK,8,0,8
1975,ANGELINE,15,0,15
1975,ANNMARIE,7,0,7
1975,ANTOINETTE,6,0,6
1975,BARBRA,6,0,6
1975,BARBARA,152,0,152
1975,BABY,279,166,113
1975,AUTUMN,6,0,6
1975,AUDREY,39,0,39
1975,ATHENA,11,0,11
1975,ATHANASIA,10,0,10
1975,ASSUNTA,14,0,14
1975,ASHLEY,45,28,17
1975,ASHA,6,0,6
1975,ARLENE,27,0,27
1975,APRIL,147,0,147
1975,ANTONIETTA,26,0,26
1975,ANTONIA,12,0,12
1975,ANTONELLA,36,0,36
1975,ANNUNZIATA,6,0,6
1975,ANGELINA,27,0,27
1975,ANGELICA,7,0,7
1975,ANGELE,19,0,19
1975,ALEXANDRA,68,0,68
1975,ALEXIS,40,8,32
1975,ANA,38,0,38
1975,ALICIA,50,0,50
1975,ALIDA,6,0,6
1975,ALISA,12,0,12
1975,ALISON,190,0,190
1975,ALLISON,175,0,175
1975,ALLYSON,16,0,16
1975,ALYSON,18,0,18
1975,ALYSSA,17,0,17
1975,AMANDA,589,0,589
1975,AMBER,87,0,87
1975,AMELIA,17,0,17
1975,AMIE,27,0,27
1975,ALEXA,6,0,6
1975,ALESSANDRA,6,0,6
1975,ALANNA,12,0,12
1975,ALANA,48,0,48
1975,ANGELA,812,0,812
1975,ANGEL,29,0,29
1975,ANDRIA,11,0,11
1975,ANDREE,9,0,9
1975,ANDREA,511,6,505
1975,ANASTASIA,36,0,36
1975,ABIGAIL,7,0,7
1975,BEATRICE,7,0,7
1975,ADELE,25,0,25
1975,ADRIANNE,8,0,8
1975,ADRIENNE,54,0,54
1975,AGATHA,8,0,8
1975,AGELIKI,6,0,6
1975,AILEEN,6,0,6
1975,AIMEE,47,0,47
1975,AISHA,9,0,9
1975,ADRIANA,21,0,21
1975,BECKY,24,0,24
1975,BELINDA,29,0,29
1975,BERNADETTE,19,0,19
1975,CATERINA,30,0,30
1975,CASSANDRA,29,0,29
1975,CASEY,43,35,8
1975,CARYN,7,0,7
1975,CARRIE-ANNE,12,0,12
1975,CARRIE-ANN,13,0,13
1975,CARRIE,277,0,277
1975,CAROLYN,168,0,168
1975,CAROLINE,103,0,103
1975,CAROLINA,10,0,10
1975,CAROLE,37,0,37
1975,CAROL-ANN,6,0,6
1975,CAROL,87,0,87
1975,CARMEN,50,7,43
1975,CARMELINA,13,0,13
1975,CATHARINE,32,0,32
1975,CATHERINE,325,0,325
1975,CATHLEEN,6,0,6
1975,CATHY,51,0,51
1975,CHERI,27,0,27
1975,CHASITY,6,0,6
1975,CHARMAINE,32,0,32
1975,CHARLOTTE,35,0,35
1975,CHARLENE,111,0,111
1975,CHARITY,21,0,21
1975,CHANTELLE,50,0,50
1975,CARMELA,33,0,33
1975,CHANTEL,12,0,12
1975,CHANTAL,151,0,151
1975,CHANDRA,13,0,13
1975,CELINE,13,0,13
1975,CELINA,7,0,7
1975,CELIA,10,0,10
1975,CELESTE,17,0,17
1975,CECILIA,21,0,21
1975,CHANTALE,20,0,20
1975,CHERYL,224,0,224
1975,CARLY,15,0,15
1975,CARISSA,8,0,8
1975,BONNIE,101,0,101
1975,BOBBIE-JO,6,0,6
1975,BOBBI-JO,14,0,14
1975,BOBBI,19,0,19
1975,BILLIE-JO,13,0,13
1975,BILLIE,11,0,11
1975,BILJANA,7,0,7
1975,BIBI,8,0,8
1975,BIANCA,9,0,9
1975,BEVERLY,51,0,51
1975,BEVERLEY,21,0,21
1975,BETTY,18,0,18
1975,BETHANY,18,0,18
1975,BETH,22,0,22
1975,BERNICE,11,0,11
1975,BRANDI,50,0,50
1975,BRANDIE,19,0,19
1975,BRANDY,79,0,79
1975,BRENDA,175,0,175
1975,CARINA,7,0,7
1975,CARIE,6,0,6
1975,CARI,9,0,9
1975,CAREY,43,9,34
1975,CARA,51,0,51
1975,CANDY,11,0,11
1975,CANDIDA,6,0,6
1975,CARLA,108,0,108
1975,CANDICE,57,0,57
1975,CAMILLE,13,0,13
1975,CAMILLA,9,0,9
1975,BROOKE,15,0,15
1975,BRONWEN,6,0,6
1975,BRIGITTE,34,0,34
1975,BRIDGETTE,10,0,10
1975,BRIDGET,22,0,22
1975,CANDACE,49,0,49
1975,AMIRA,6,0,6
1975,AMY,564,0,564
1976,EMMANUEL,12,12,0
1976,PATRICK,357,357,0
1976,PAUL,885,885,0
1976,PAULO,36,36,0
1976,PEDRO,19,19,0
1976,PERRY,17,17,0
1976,PETAR,7,7,0
1976,PETER,535,535,0
1976,PETROS,5,5,0
1976,PHILIP,197,197,0
1976,PHILIPPE,33,33,0
1976,PHILLIP,72,72,0
1976,PIERO,6,6,0
1976,PIERRE,58,58,0
1976,PASQUALE,22,22,0
1976,PIETRO,29,29,0
1976,QUENTIN,16,16,0
1976,QUINCY,7,7,0
1976,QUINN,5,5,0
1976,RAFFAELE,18,18,0
1976,RAHIM,13,13,0
1976,RAJAN,5,5,0
1976,RAJESH,5,5,0
1976,RALPH,16,16,0
1976,RAMSEY,5,5,0
1976,RANDAL,10,10,0
1976,RANDALL,24,24,0
1976,RANDHIR,5,5,0
1976,RANDOLPH,18,18,0
1976,PRESTON,10,10,0
1976,RANDY,109,109,0
1976,PASCAL,18,18,0
1976,AARON,387,387,0
1976,ANASTASIOS,12,12,0
1976,AMOS,6,6,0
1976,AMIT,20,20,0
1976,ALVIN,22,22,0
1976,ALLEN,50,50,0
1976,ALLAN,86,86,0
1976,ALI,6,6,0
1976,ALFRED,23,23,0
1976,ALFONSO,5,5,0
1976,ALEXANDRE,14,14,0
1976,ALEXANDER,206,206,0
1976,ALEX,26,26,0
1976,ALESSANDRO,14,14,0
1976,PAOLO,38,38,0
1976,ALEC,6,6,0
1976,ALASTAIR,6,6,0
1976,ALAN,108,108,0
1976,ALAIN,51,51,0
1976,AJAY,7,7,0
1976,AIDAN,6,6,0
1976,AHMED,8,8,0
1976,AHMAD,5,5,0
1976,AGOSTINO,5,5,0
1976,ADRIEN,11,11,0
1976,ADRIANO,9,9,0
1976,ADRIAN,118,118,0
1976,ADAM,480,480,0
1976,ABRAHAM,16,16,0
1976,ALBERT,47,47,0
1976,ANDRE,98,98,0
1976,RAPHAEL,9,9,0
1976,RAVI,11,11,0
1976,FLAVIO,5,5,0
1976,FLOYD,8,8,0
1976,FRANCESCO,92,92,0
1976,FRANCIS,52,52,0
1976,FRANCISCO,11,11,0
1976,FRANCO,36,36,0
1976,FRANCOIS,25,25,0
1976,FRANK,98,98,0
1976,FRANKLIN,13,13,0
1976,FRANZ,7,7,0
1976,FRASER,15,15,0
1976,FRED,7,7,0
1976,FREDERIC,9,9,0
1976,FILIPPO,9,9,0
1976,FREDERICK,54,54,0
1976,GABRIEL,41,41,0
1976,GABRIELE,13,13,0
1976,GAETAN,11,11,0
1976,GAETANO,12,12,0
1976,GALEN,5,5,0
1976,GARETH,10,10,0
1976,GARETT,5,5,0
1976,GARNET,7,7,0
1976,GARRETT,12,12,0
1976,GARRY,20,20,0
1976,GARTH,19,19,0
1976,GARY,185,185,0
1976,GASPARE,5,5,0
1976,FREDRICK,14,14,0
1976,RAUL,6,6,0
1976,FERNANDO,12,12,0
1976,FAISAL,7,7,0
1976,RAY,9,9,0
1976,RAYMOND,161,161,0
1976,REGINALD,17,17,0
1976,REJEAN,9,9,0
1976,REMI,12,12,0
1976,REMO,6,6,0
1976,RENATO,7,7,0
1976,REUBEN,9,9,0
1976,RICARDO,24,24,0
1976,RICCARDO,10,10,0
1976,RICHARD,739,739,0
1976,ERIC,381,381,0
1976,ERICH,8,8,0
1976,FELIX,7,7,0
1976,ERICK,11,11,0
1976,ERNEST,26,26,0
1976,ERNESTO,7,7,0
1976,ERROL,7,7,0
1976,ERWIN,5,5,0
1976,ETIENNE,6,6,0
1976,EUGENE,25,25,0
1976,EUGENIO,8,8,0
1976,EVAN,43,43,0
1976,EVANGELOS,6,6,0
1976,EVERETT,6,6,0
1976,FABIAN,7,7,0
1976,FABIO,23,23,0
1976,FABRIZIO,9,9,0
1976,ERIK,50,50,0
1976,ANDRÉ,6,6,0
1976,ANDREAS,16,16,0
1976,ANDRES,5,5,0
1976,ANITA,101,0,101
1976,ANISSA,6,0,6
1976,ANIK,8,0,8
1976,ANGIE,68,0,68
1976,ANGELIQUE,10,0,10
1976,ANGELINE,10,0,10
1976,ANGELINA,13,0,13
1976,ANGELE,13,0,13
1976,ANGELA,822,0,822
1976,ANGEL,26,0,26
1976,ANDRIA,10,0,10
1976,ANDREA,573,21,552
1976,ANASTASIA,35,0,35
1976,ANJALI,8,0,8
1976,ANA,38,0,38
1976,AMINA,6,0,6
1976,AMIE,15,0,15
1976,AMELIE,6,0,6
1976,AMELIA,17,0,17
1976,AMBER,82,0,82
1976,AMANDA,593,0,593
1976,ALYSSA,22,0,22
1976,ALYSON,20,0,20
1976,ALLYSON,20,0,20
1976,ALLISON,159,0,159
1976,ALISSA,8,0,8
1976,ALISON,195,0,195
1976,ALISHA,14,0,14
1976,AMY,604,0,604
1976,ALISA,11,0,11
1976,ANN,81,0,81
1976,ANNA,189,0,189
1976,BERNICE,6,0,6
1976,BERNADETTE,18,0,18
1976,BENITA,6,0,6
1976,BELINDA,24,0,24
1976,BECKY,39,0,39
1976,BARBRA,8,0,8
1976,BARBARA,136,0,136
1976,BABY,223,129,94
1976,AUTUMN,8,0,8
1976,AUDREY,25,0,25
1976,AUDRA,7,0,7
1976,ATHENA,11,0,11
1976,ATHANASIA,8,0,8
1976,ANN-MARIE,21,0,21
1976,ASSUNTA,7,0,7
1976,ASHLEIGH,6,0,6
1976,ARLENE,28,0,28
1976,APRIL,139,0,139
1976,ANTONIETTA,25,0,25
1976,ANTONIA,20,0,20
1976,ANTONELLA,32,0,32
1976,ANNMARIE,8,0,8
1976,ANNIE,32,0,32
1976,ANNETTE,37,0,37
1976,ANNE-MARIE,28,0,28
1976,ANNE,138,0,138
1976,ANNAMARIA,10,0,10
1976,ANNA-MARIA,9,0,9
1976,ASHLEY,46,21,25
1976,ALINE,8,0,8
1976,ALICIA,68,0,68
1976,ALICE,25,0,25
1976,BEN,12,12,0
1976,BASIL,6,6,0
1976,BARRY,66,66,0
1976,BARRETT,6,6,0
1976,AUSTIN,7,7,0
1976,AUBREY,5,5,0
1976,ATIF,5,5,0
1976,ATHANASIOS,16,16,0
1976,ASIF,7,7,0
1976,ASHISH,6,6,0
1976,ASHER,5,5,0
1976,ARTHUR,48,48,0
1976,ARON,8,8,0
1976,BENJAMIN,287,287,0
1976,ARNOLD,13,13,0
1976,ARI,6,6,0
1976,ANTONY,7,7,0
1976,ANTONIOS,12,12,0
1976,ANTONIO,118,118,0
1976,ANTONINO,16,16,0
1976,ANTON,12,12,0
1976,ANTHONY,343,343,0
1976,ANSON,7,7,0
1976,ANIL,7,7,0
1976,ANGUS,7,7,0
1976,ANGELO,45,45,0
1976,ANDY,33,33,0
1976,ANDREW,928,928,0
1976,ARIF,5,5,0
1976,BENNY,6,6,0
1976,BENOIT,24,24,0
1976,BERNARD,30,30,0
1976,ALEXIS,33,8,25
1976,ALEXANDRA,83,0,83
1976,ALESSANDRA,6,0,6
1976,ALANNA,22,0,22
1976,ALANA,55,0,55
1976,AISHA,19,0,19
1976,AIMEE,74,0,74
1976,AILEEN,7,0,7
1976,ADRIENNE,59,0,59
1976,ADRIANA,25,0,25
1976,ADELE,26,0,26
1976,ADA,6,0,6
1976,ABIGAIL,14,0,14
1976,BRENDAN,61,61,0
1976,BRANDON,131,131,0
1976,BRADY,7,7,0
1976,BRADLY,11,11,0
1976,BRADLEY,416,416,0
1976,BRADFORD,5,5,0
1976,BRAD,33,33,0
1976,BOYD,6,6,0
1976,BORIS,5,5,0
1976,BOBBY,25,25,0
1976,BOB,6,6,0
1976,BLAKE,23,23,0
1976,BLAIR,59,59,0
1976,BLAINE,9,9,0
1976,BILLY,21,21,0
1976,BILL,21,21,0
1976,GAVIN,43,43,0
1976,GENE,6,6,0
1976,GEOFFERY,6,6,0
1976,GEOFFREY,146,146,0
1976,LONNIE,10,10,0
1976,LONNY,6,6,0
1976,LORENZO,15,15,0
1976,LORNE,28,28,0
1976,LOUIE,6,6,0
1976,LOUIS,43,43,0
1976,LUC,49,49,0
1976,LUCA,6,6,0
1976,LUCAS,29,29,0
1976,LUCIANO,15,15,0
1976,LUCIEN,6,6,0
1976,LUIGI,34,34,0
1976,LUIS,19,19,0
1976,LLOYD,25,25,0
1976,LUKE,46,46,0
1976,LYNDON,11,11,0
1976,MALCOLM,26,26,0
1976,MALE,6,6,0
1976,MANUEL,6,6,0
1976,MARC,282,282,0
1976,MARC-ANDRE,5,5,0
1976,MARCEL,40,40,0
1976,MARCELLO,12,12,0
1976,MARCO,114,114,0
1976,MARCUS,40,40,0
1976,MARIO,65,65,0
1976,MARIOS,5,5,0
1976,MARK,1070,1070,0
1976,LYLE,10,10,0
1976,MARKO,18,18,0
1976,LINCOLN,8,8,0
1976,LEWIS,7,7,0
1976,KEVIN,1003,1003,0
1976,KIERAN,9,9,0
1976,KIRBY,6,6,0
1976,KIRK,81,81,0
1976,KONSTANTINOS,22,22,0
1976,KOREY,6,6,0
1976,KORY,13,13,0
1976,KRIS,10,10,0
1976,KRISTIAN,21,21,0
1976,KRISTOFER,14,14,0
1976,KRISTOFFER,7,7,0
1976,KRISTOPHER,85,85,0
1976,KURT,26,26,0
1976,LIAM,12,12,0
1976,KURTIS,6,6,0
1976,LANCE,39,39,0
1976,LARRY,58,58,0
1976,LARS,5,5,0
1976,LAWRENCE,62,62,0
1976,LAZAROS,5,5,0
1976,LENNY,5,5,0
1976,LEO,19,19,0
1976,LEON,16,16,0
1976,LEONARD,47,47,0
1976,LEONARDO,17,17,0
1976,LEROY,9,9,0
1976,LESTER,11,11,0
1976,LEVI,7,7,0
1976,KYLE,162,162,0
1976,MARLON,16,16,0
1976,MARSHALL,15,15,0
1976,MARTIN,197,197,0
1976,NATHANIEL,31,31,0
1976,NAVDEEP,6,6,0
1976,NEAL,34,34,0
1976,NEIL,178,178,0
1976,NEILL,5,5,0
1976,NELSON,95,95,0
1976,NIALL,6,6,0
1976,NICHOLAS,126,126,0
1976,NICK,48,48,0
1976,NICKOLAS,8,8,0
1976,NICOLAS,15,15,0
1976,NIGEL,32,32,0
1976,NIKOLA,13,13,0
1976,NATHANAEL,5,5,0
1976,NIKOLAOS,10,10,0
1976,NILTON,8,8,0
1976,NOAH,19,19,0
1976,NOEL,30,30,0
1976,NOLAN,6,6,0
1976,NORMAN,49,49,0
1976,NORMAND,10,10,0
1976,NOT,7,7,0
1976,NUNZIO,5,5,0
1976,OLIVER,29,29,0
1976,OMAR,24,24,0
1976,ORLANDO,5,5,0
1976,ORVILLE,5,5,0
1976,OSCAR,9,9,0
1976,NIKOLAS,7,7,0
1976,NATHAN,190,190,0
1976,NADER,8,8,0
1976,MYLES,11,11,0
1976,MARTY,16,16,0
1976,MARVIN,19,19,0
1976,MASSIMO,14,14,0
1976,MATHEW,74,74,0
1976,MATHIEU,16,16,0
1976,MATTHEW,965,965,0
1976,MAURICE,14,14,0
1976,MAURIZIO,19,19,0
1976,MAURO,21,21,0
1976,MAX,5,5,0
1976,MELVIN,10,10,0
1976,MERVIN,6,6,0
1976,MICAH,12,12,0
1976,MICHAEL,2828,2828,0
1976,MICHEAL,152,152,0
1976,MICHEL,110,110,0
1976,MIGUEL,17,17,0
1976,MIKE,66,66,0
1976,MILAN,8,8,0
1976,MILTON,6,6,0
1976,MITCHELL,24,24,0
1976,MOHAMED,14,14,0
1976,MOHAMMAD,8,8,0
1976,MOHAMMED,16,16,0
1976,MORLEY,6,6,0
1976,MORRIS,5,5,0
1976,MOSES,8,8,0
1976,MUHAMMAD,5,5,0
1976,MURRAY,36,36,0
1976,KENT,27,27,0
1976,BESSIE,6,0,6
1976,KENNY,7,7,0
1976,KEN,12,12,0
1976,HAROLD,34,34,0
1976,HARRY,27,27,0
1976,HARVEY,7,7,0
1976,HASSAN,7,7,0
1976,HEATH,6,6,0
1976,HECTOR,5,5,0
1976,HELDER,10,10,0
1976,HENRY,36,36,0
1976,HERBERT,7,7,0
1976,HERMAN,9,9,0
1976,HOWARD,30,30,0
1976,HUBERT,7,7,0
1976,HUGH,28,28,0
1976,HARLEY,8,8,0
1976,HUGO,5,5,0
1976,IAN,342,342,0
1976,ILIAS,5,5,0
1976,IMRAN,5,5,0
1976,INFANT,5,5,0
1976,IOANNIS,17,17,0
1976,ISAAC,29,29,0
1976,IVAN,49,49,0
1976,IVANO,6,6,0
1976,J,6,6,0
1976,JACK,27,27,0
1976,JACOB,98,98,0
1976,JACQUES,11,11,0
1976,JAKE,9,9,0
1976,IAIN,20,20,0
1976,JAMES,1356,1356,0
1976,HANS,9,9,0
1976,GUY,36,36,0
1976,GEORGE,241,241,0
1976,GEORGIOS,5,5,0
1976,GERALD,81,81,0
1976,GERARD,23,23,0
1976,GERRIT,5,5,0
1976,GERRY,12,12,0
1976,GHISLAIN,6,6,0
1976,GIAN,5,5,0
1976,GIANCARLO,7,7,0
1976,GIANNI,22,22,0
1976,GILBERT,21,21,0
1976,GILLES,19,19,0
1976,GINO,10,10,0
1976,HAMISH,5,5,0
1976,GIOVANNI,67,67,0
1976,GIUSEPPE,100,100,0
1976,GLEN,78,78,0
1976,GLENN,48,48,0
1976,GORDON,120,120,0
1976,GRAEME,26,26,0
1976,GRAHAM,79,79,0
1976,GRANT,63,63,0
1976,GREG,26,26,0
1976,GREGG,10,10,0
1976,GREGOR,6,6,0
1976,GREGORY,527,527,0
1976,GUISEPPE,6,6,0
1976,GUS,7,7,0
1976,GIULIO,8,8,0
1976,JAMEY,8,8,0
1976,JARED,41,41,0
1976,JARET,6,6,0
1976,JOHANNES,10,10,0
1976,JOHN,1100,1100,0
1976,JOHNATHAN,21,21,0
1976,JOHNATHON,12,12,0
1976,JOHNNY,28,28,0
1976,JOHN-PAUL,11,11,0
1976,JON,23,23,0
1976,JONAH,6,6,0
1976,JONAS,11,11,0
1976,JONATHAN,427,427,0
1976,JONATHON,48,48,0
1976,JORDAN,48,48,0
1976,JORGE,17,17,0
1976,JOHAN,7,7,0
1976,JOSE,40,40,0
1976,JOSEPH,1324,1324,0
1976,JOSH,9,9,0
1976,JOSHUA,225,225,0
1976,JOSIP,8,8,0
1976,JUAN,14,14,0
1976,JULIAN,32,32,0
1976,JULIEN,7,7,0
1976,JUSTIN,213,213,0
1976,KAREEM,5,5,0
1976,KARIM,8,8,0
1976,KARL,35,35,0
1976,KEITH,177,177,0
1976,KELVIN,12,12,0
1976,JOSEF,7,7,0
1976,JOEY,45,45,0
1976,JOESPH,10,10,0
1976,JOEL,159,159,0
1976,JARRET,6,6,0
1976,JARRETT,16,16,0
1976,JARROD,10,10,0
1976,JASEN,8,8,0
1976,JASON,2341,2341,0
1976,JAY,76,76,0
1976,JAYSON,29,29,0
1976,JEAN-CLAUDE,5,5,0
1976,JEAN-FRANCOIS,12,12,0
1976,JEAN-MARC,7,7,0
1976,JEAN-PAUL,16,16,0
1976,JEAN-PIERRE,10,10,0
1976,JEFF,15,15,0
1976,JEFFEREY,7,7,0
1976,JEFFERSON,7,7,0
1976,JEFFERY,318,318,0
1976,JEFFREY,898,898,0
1976,JEFFRY,11,11,0
1976,JEREMIAH,32,32,0
1976,JEREMIE,11,11,0
1976,JEREMY,601,601,0
1976,JEROME,14,14,0
1976,JEROMY,7,7,0
1976,JERRY,72,72,0
1976,JESS,8,8,0
1976,JIM,19,19,0
1976,JIMMY,51,51,0
1976,JOAO,14,14,0
1976,JOE,25,25,0
1976,KENNETH,323,323,0
1976,ENRICO,11,11,0
1976,BETH,27,0,27
1976,BETTY,22,0,22
1976,KATIA,7,0,7
1976,KATHY,39,0,39
1976,KATHRYN,133,0,133
1976,KATHLEEN,163,0,163
1976,KATHERINE,285,0,285
1976,KATHARINE,37,0,37
1976,KATHARINA,6,0,6
1976,KATERINA,8,0,8
1976,KATE,9,0,9
1976,KARYN,15,0,15
1976,KARRIE,21,0,21
1976,KARRI,6,0,6
1976,KARLA,26,0,26
1976,KATIE,28,0,28
1976,KARINE,14,0,14
1976,KARIN,20,0,20
1976,KARIE,7,0,7
1976,KARI,49,0,49
1976,KAREY,9,0,9
1976,KAREN,564,0,564
1976,KARA,74,0,74
1976,JUNE,9,0,9
1976,JULIET,8,0,8
1976,JULIE-ANNE,6,0,6
1976,JULIE-ANN,12,0,12
1976,JULIE,794,0,794
1976,JULIANNE,16,0,16
1976,JULIANA,13,0,13
1976,KARINA,16,0,16
1976,JULIA,121,0,121
1976,KATRINA,41,0,41
1976,KEELY,8,0,8
1976,CAMERON,99,99,0
1976,CALVIN,27,27,0
1976,CALOGERO,5,5,0
1976,CALEB,9,9,0
1976,BYRON,15,15,0
1976,BRYON,5,5,0
1976,BRYCE,24,24,0
1976,BRYANT,6,6,0
1976,BRYAN,211,211,0
1976,BRUNO,19,19,0
1976,BRUCE,80,80,0
1976,BRODIE,6,6,0
1976,BROCK,18,18,0
1976,KATY,7,0,7
1976,BRIAN,615,615,0
1976,BRENT,193,193,0
1976,BRENNAN,11,11,0
1976,BRENDON,10,10,0
1976,BRENDEN,6,6,0
1976,KERRI,105,0,105
1976,KERI,36,0,36
1976,KENDRA,35,0,35
1976,KELLY-ANNE,6,0,6
1976,KELLY-ANN,12,0,12
1976,KELLY,547,43,504
1976,KELLIE,18,0,18
1976,KELLI,16,0,16
1976,KELLEY,13,0,13
1976,BRETT,102,102,0
1976,CARL,69,69,0
1976,JUDY,36,0,36
1976,JUANITA,9,0,9
1976,JENNI,6,0,6
1976,JENNETTE,7,0,7
1976,JENNA,13,0,13
1976,JENIFFER,9,0,9
1976,JENIFER,22,0,22
1976,JELENA,6,0,6
1976,JEANNINE,11,0,11
1976,JEANNIE,6,0,6
1976,JEANNETTE,13,0,13
1976,JEANNE,7,0,7
1976,JEANINE,8,0,8
1976,JEANETTE,55,0,55
1976,JEAN,89,59,30
1976,JENNIE,28,0,28
1976,JAYNE,9,0,9
1976,JASMINE,23,0,23
1976,JANUARY,8,0,8
1976,JANNA,17,0,17
1976,JANIS,24,5,19
1976,JANINE,38,0,38
1976,JANICE,108,0,108
1976,JANEY,6,0,6
1976,JANETTE,15,0,15
1976,JANET,132,0,132
1976,JANELLE,11,0,11
1976,JANE,61,0,61
1976,JANA,31,0,31
1976,JAN,23,16,7
1976,JAYME,6,0,6
1976,JUDITH,44,0,44
1976,JENNIFER,2680,0,2680
1976,JENNIFFER,6,0,6
1976,JOYCE,20,0,20
1976,JOY,38,0,38
1976,JOSÉE,7,0,7
1976,JOSIE,11,0,11
1976,JOSEPHINE,24,0,24
1976,JOSEE,37,0,37
1976,JONI,13,0,13
1976,JOLENE,31,0,31
1976,JOLEEN,6,0,6
1976,JOHANNE,7,0,7
1976,JOHANNA,28,0,28
1976,JOELLE,18,0,18
1976,JODY,193,54,139
1976,JENNIFER-LYNN,8,0,8
1976,JODIE,70,0,70
1976,JOCELYN,32,0,32
1976,JOANNE,204,0,204
1976,JOANNA,107,0,107
1976,JOANN,11,0,11
1976,JOAN,21,0,21
1976,JO-ANNE,28,0,28
1976,JO-ANN,10,0,10
1976,JILLIAN,56,0,56
1976,JILL,94,0,94
1976,JESSIE,21,8,13
1976,JESSICA,410,0,410
1976,JESSE,111,105,6
1976,JENNY,79,0,79
1976,JODI,138,0,138
1976,CARLO,24,24,0
1976,CARLOS,38,38,0
1976,CARLTON,6,6,0
1976,DONATO,8,8,0
1976,DONALD,230,230,0
1976,DON,12,12,0
1976,DOMINIC,24,24,0
1976,DOMENICO,58,58,0
1976,DOMENIC,12,12,0
1976,DION,11,11,0
1976,DINO,28,28,0
1976,DIMITRIOS,49,49,0
1976,DIMCE,5,5,0
1976,DIEGO,8,8,0
1976,DHARMESH,7,7,0
1976,DEVON,13,13,0
1976,DONNY,25,25,0
1976,DEVIN,29,29,0
1976,DERRICK,44,44,0
1976,DERICK,11,11,0
1976,DEREK,397,397,0
1976,DERECK,9,9,0
1976,DENNY,21,21,0
1976,DENNIS,165,165,0
1976,DENIS,57,57,0
1976,DEMETRIOS,15,15,0
1976,DELBERT,6,6,0
1976,DEEPAK,7,7,0
1976,DEAN,109,109,0
1976,DAX,6,6,0
1976,DAVIDE,17,17,0
1976,DESMOND,18,18,0
1976,DAVID,1820,1820,0
1976,DONOVAN,12,12,0
1976,DOUGLAS,205,205,0
1976,EMILIO,8,8,0
1976,EMILE,7,7,0
1976,EMIL,6,6,0
1976,EMANUEL,15,15,0
1976,ELVIS,9,9,0
1976,ELTON,6,6,0
1976,ELLIOTT,5,5,0
1976,ELLIOT,6,6,0
1976,ELIAS,14,14,0
1976,ELI,21,21,0
1976,EDWIN,25,25,0
1976,EDWARD,236,236,0
1976,EDUARDO,14,14,0
1976,DORIAN,7,7,0
1976,EDMUND,5,5,0
1976,EDGAR,12,12,0
1976,EDDY,5,5,0
1976,EARL,20,20,0
1976,EAMON,6,6,0
1976,DYLAN,25,25,0
1976,DWIGHT,16,16,0
1976,DWAYNE,116,116,0
1976,DUSTIN,47,47,0
1976,DUSAN,6,6,0
1976,DUNCAN,21,21,0
1976,DUANE,66,66,0
1976,DREW,19,19,0
1976,DRAGAN,9,9,0
1976,EDMOND,10,10,0
1976,DAVE,30,30,0
1976,DARYL,58,58,0
1976,DARWIN,6,6,0
1976,CODY,6,6,0
1976,CLYDE,6,6,0
1976,CLINTON,46,46,0
1976,CLINT,19,19,0
1976,CLIFTON,10,10,0
1976,CLIFFORD,44,44,0
1976,CLAYTON,80,80,0
1976,CLAY,9,9,0
1976,CLAUDIO,32,32,0
1976,CLAUDE,35,35,0
1976,CLARENCE,14,14,0
1976,CHRISTOS,22,22,0
1976,CHRISTOPHER,2051,2051,0
1976,COLIN,208,208,0
1976,CHRISTIAN,101,101,0
1976,CHRIS,30,30,0
1976,CHESTER,6,6,0
1976,CHARLIE,10,10,0
1976,CHARLES,238,238,0
1976,CHAIM,7,7,0
1976,CHADWICK,40,40,0
1976,CHAD,309,309,0
1976,CESAR,8,8,0
1976,CECIL,9,9,0
1976,CARY,6,6,0
1976,CARSON,5,5,0
1976,CARMINE,11,11,0
1976,CARMELO,14,14,0
1976,CHRIST,6,6,0
1976,COLLIN,16,16,0
1976,CONRAD,15,15,0
1976,CONSTANTINE,7,7,0
1976,DARRYL,213,213,0
1976,DARRIN,21,21,0
1976,DARREN,261,261,0
1976,DARRELL,47,47,0
1976,DARREL,10,10,0
1976,DARNELL,6,6,0
1976,DARKO,5,5,0
1976,DARIO,5,5,0
1976,DARIN,27,27,0
1976,DANY,8,8,0
1976,DANNY,145,145,0
1976,DANIEL,1001,1001,0
1976,DANIAL,6,6,0
1976,DAN,6,6,0
1976,DAMON,22,22,0
1976,DAMIEN,14,14,0
1976,DAMIAN,25,25,0
1976,DALLAS,11,11,0
1976,CURTIS,65,65,0
1976,CRISTOPHER,9,9,0
1976,CRISTIAN,5,5,0
1976,CRAIG,294,294,0
1976,COURTENAY,5,5,0
1976,COSIMO,6,6,0
1976,CORY,152,152,0
1976,CORRADO,8,8,0
1976,CORNELIUS,7,7,0
1976,COREY,145,145,0
1976,CONSTANTINOS,12,12,0
1976,JAMIE,496,380,116
1976,JAIMIE,31,0,31
1976,JAIMEE,6,0,6
1976,JAIME,233,15,218
1976,CORA,7,0,7
1976,CONSTANCE,16,0,16
1976,CONNIE,82,0,82
1976,CONCETTA,13,0,13
1976,COLLEEN,128,0,128
1976,COLETTE,10,0,10
1976,CLAUDINE,14,0,14
1976,CLAUDIA,41,0,41
1976,CLARISSA,8,0,8
1976,CLARE,11,5,6
1976,CLARA,10,0,10
1976,CLAIRE,49,0,49
1976,CINZIA,9,0,9
1976,CORALEE,6,0,6
1976,CINDY,238,0,238
1976,CHRISTY,44,0,44
1976,CHRISTINE,665,0,665
1976,CHRISTINA,468,0,468
1976,CHRISTIE,85,0,85
1976,CHRISTEN,7,0,7
1976,CHRISTA,66,0,66
1976,CHEYENNE,6,0,6
1976,CHERYL,196,0,196
1976,PANAGIOTIS,16,16,0
1976,CHERI,24,0,24
1976,CHELSEA,10,0,10
1976,CHASTITY,6,0,6
1976,CHARMAINE,35,0,35
1976,CHRYSTAL,13,0,13
1976,CHARLOTTE,47,0,47
1976,CORI,8,0,8
1976,CORINNE,37,0,37
1976,DEBORA,15,0,15
1976,DEBBIE,65,0,65
1976,DEANNE,12,0,12
1976,DEANNA,75,0,75
1976,DAYNA,16,0,16
1976,DAWN,207,0,207
1976,DARLENE,60,0,60
1976,DARCY,68,61,7
1976,DAPHNE,10,0,10
1976,DANNIELLE,6,0,6
1976,DANIELLE,273,0,273
1976,DANIELLA,17,0,17
1976,DANIELE,48,41,7
1976,CORINNA,9,0,9
1976,DANIELA,80,0,80
1976,DALE,83,75,8
1976,DAISY,20,0,20
1976,DAINA,8,0,8
1976,CYNTHIA,168,0,168
1976,CRYSTAL,233,0,233
1976,CRISTINE,6,0,6
1976,CRISTINA,58,0,58
1976,CRISTIN,9,0,9
1976,CRISTA,6,0,6
1976,COURTNEY,90,17,73
1976,CORRINE,12,0,12
1976,CORRINA,12,0,12
1976,CORRIE,14,0,14
1976,DANA,139,18,121
1976,CHARLENE,135,0,135
1976,CHARITY,24,0,24
1976,CHANTELLE,44,0,44
1976,CARA,41,0,41
1976,CANDY,14,0,14
1976,CANDIDA,6,0,6
1976,CANDICE,47,0,47
1976,CANDACE,58,0,58
1976,CAMILLE,24,0,24
1976,CAITLIN,7,0,7
1976,BROOKE,25,0,25
1976,BRIGITTE,31,0,31
1976,BRIGETTE,11,0,11
1976,BRIDGET,25,0,25
1976,BRENDA,139,0,139
1976,BRANDY,92,0,92
1976,CAREY,27,9,18
1976,BRANDIE,12,0,12
1976,BONNIE,70,0,70
1976,BONITA,6,0,6
1976,BOBBIE-JO,9,0,9
1976,BOBBIE,7,0,7
1976,BOBBI-JO,12,0,12
1976,BOBBI,21,0,21
1976,BILLIE-JO,13,0,13
1976,BILLIE,6,0,6
1976,BILJANA,7,0,7
1976,BIBI,6,0,6
1976,BIANCA,14,0,14
1976,BEVERLY,47,0,47
1976,BEVERLEY,15,0,15
1976,BRANDI,44,0,44
1976,CARI,10,0,10
1976,CARINA,6,0,6
1976,CARISSA,11,0,11
1976,CHANTEL,21,0,21
1976,CHANTALE,17,0,17
1976,CHANTAL,129,0,129
1976,CHANDRA,9,0,9
1976,CELINE,15,0,15
1976,CELINA,7,0,7
1976,CELESTE,11,0,11
1976,CATHY,45,0,45
1976,CATHRINE,6,0,6
1976,CATHLEEN,6,0,6
1976,CATHERINE,295,0,295
1976,CATHARINE,41,0,41
1976,CATERINA,38,0,38
1976,CASSANDRA,27,0,27
1976,CASEY,37,27,10
1976,CARRIE-ANNE,11,0,11
1976,CARRIE-ANN,11,0,11
1976,CARRIE,299,0,299
1976,CAROLYNE,6,0,6
1976,CAROLYN,153,0,153
1976,CAROLINE,100,0,100
1976,CAROLINA,15,0,15
1976,CAROLE,39,0,39
1976,CAROL,77,0,77
1976,CARMEN,42,12,30
1976,CARMELINA,10,0,10
1976,CARMELA,33,0,33
1976,CARLY,16,0,16
1976,CARLA,101,0,101
1976,DEBORAH,168,0,168
1976,BETHANY,17,0,17
1976,DEBRA,54,0,54
1976,DEEPA,6,0,6
1976,GRACE,33,0,33
1976,GORDANA,6,0,6
1976,GLORIA,21,0,21
1976,GLENDA,9,0,9
1976,GIUSEPPINA,34,0,34
1976,GISELLE,11,0,11
1976,GIOVANNA,25,0,25
1976,GINGER,13,0,13
1976,GINETTE,18,0,18
1976,GINA,34,0,34
1976,GILLIAN,54,0,54
1976,GERALDINE,9,0,9
1976,GEORGINA,23,0,23
1976,GURPREET,7,0,7
1976,GEORGIA,25,0,25
1976,GENEVIÈVE,8,0,8
1976,GENEVIEVE,41,0,41
1976,GEMMA,6,0,6
1976,GAIL,13,0,13
1976,GABRIELLE,17,0,17
1976,GABRIELLA,11,0,11
1976,GABRIELA,7,0,7
1976,FRANCINE,26,0,26
1976,FRANCESCA,30,0,30
1976,FRANCES,21,0,21
1976,FRANCE,15,0,15
1976,FRANCA,21,0,21
1976,FOTINI,10,0,10
1976,GENNY,6,0,6
1976,FLORENCE,14,0,14
1976,HALEY,7,0,7
1976,HAYLEY,11,0,11
1976,JADE,12,0,12
1976,JACQUELYN,7,0,7
1976,JACQUELINE,183,0,183
1976,JACLYN,10,0,10
1976,JACKIE,13,0,13
1976,IVY,6,0,6
1976,IVANA,10,0,10
1976,ISABELLE,23,0,23
1976,ISABEL,15,0,15
1976,IRIS,6,0,6
1976,IRENE,49,0,49
1976,IOANNA,13,0,13
1976,INGRID,23,0,23
1976,HANNAH,13,0,13
1976,INES,6,0,6
1976,IDA,14,0,14
1976,HOPE,12,0,12
1976,HOLLY,132,0,132
1976,HOLLIE,14,0,14
1976,HILLARY,7,0,7
1976,HILDA,6,0,6
1976,HILARY,21,0,21
1976,HELLEN,9,0,9
1976,HELENE,9,0,9
1976,HELENA,26,0,26
1976,HELEN,118,0,118
1976,HEIDI,98,0,98
1976,HEATHER,667,0,667
1976,ILANA,7,0,7
1976,FLORA,8,0,8
1976,FIONA,41,0,41
1976,FILOMENA,16,0,16
1976,ELENI,15,0,15
1976,ELENA,34,0,34
1976,ELEANOR,11,0,11
1976,ELANA,11,0,11
1976,ENZO,7,7,0
1976,EKATERINI,9,0,9
1976,EILEEN,25,0,25
1976,EDITH,9,0,9
1976,EDEN,8,0,8
1976,DOROTHY,25,0,25
1976,DORIS,9,0,9
1976,DOREEN,16,0,16
1976,DONNA,128,0,128
1976,ELISA,20,0,20
1976,DOMINIQUE,21,5,16
1976,DIONNE,11,0,11
1976,DINAH,6,0,6
1976,DINA,26,0,26
1976,DIMITRA,14,0,14
1976,DIANNE,31,0,31
1976,DIANNA,17,0,17
1976,DIANE,157,0,157
1976,DIANA,135,0,135
1976,DESIREE,9,0,9
1976,DENISE,206,0,206
1976,DENA,7,0,7
1976,DELIA,12,0,12
1976,DEIRDRE,9,0,9
1976,DOMENICA,9,0,9
1976,ELISABETH,34,0,34
1976,ELISABETTA,10,0,10
1976,ELISE,6,0,6
1976,FELICIA,17,0,17
1976,FAYE,16,0,16
1976,FATIMA,13,0,13
1976,FARRAH,17,0,17
1976,FARAH,18,0,18
1976,FAITH,20,0,20
1976,EVELYN,25,0,25
1976,EVE,10,0,10
1976,EVA,29,0,29
1976,EUGENIA,8,0,8
1976,ESTHER,36,0,36
1976,ESTELLE,8,0,8
1976,ERINN,12,0,12
1976,ERIN,468,7,461
1976,ERIKA,38,0,38
1976,ERICKA,6,0,6
1976,ERICA,121,0,121
1976,EMMA,50,0,50
1976,EMILY,143,0,143
1976,EMILIE,8,0,8
1976,EMILIA,6,0,6
1976,ELVIRA,9,0,9
1976,ELSIE,7,0,7
1976,ELSA,8,0,8
1976,ELLEN,28,0,28
1976,ELLA,6,0,6
1976,ELIZABETH,437,0,437
1976,ELISSA,15,0,15
1976,ELISHA,8,0,8
1976,DEENA,11,0,11
1976,ELAINE,64,0,64
1976,CHERIE,33,0,33
1976,RICK,17,17,0
1976,MIREILLE,8,0,8
1976,MIRELLA,6,0,6
1976,MIRIAM,25,0,25
1976,MISTY,28,0,28
1976,MOLLY,15,0,15
1976,MONA,6,0,6
1976,MONICA,112,0,112
1976,MONIKA,25,0,25
1976,MONIQUE,64,0,64
1976,MIRANDA,53,0,53
1976,MORGAN,29,22,7
1976,MÉLANIE,15,0,15
1976,NADIA,150,0,150
1976,NADINE,110,0,110
1976,NANCY,305,0,305
1976,NANETTE,6,0,6
1976,NAOMI,47,0,47
1976,NATACHA,13,0,13
1976,NATALIA,17,0,17
1976,NATALIE,316,0,316
1976,MYLENE,6,0,6
1976,NATASA,7,0,7
1976,MIRA,9,0,9
1976,MICHELLE,1049,0,1049
1976,MAY,11,0,11
1976,MEAGAN,24,0,24
1976,MEAGHAN,16,0,16
1976,MEGAN,109,0,109
1976,MEGHAN,42,0,42
1976,MELANIE,480,0,480
1976,MELINA,6,0,6
1976,MELINDA,47,0,47
1976,MELISA,7,0,7
1976,MINDY,13,0,13
1976,MELISSA,746,0,746
1976,MELLISSA,14,0,14
1976,MELODIE,9,0,9
1976,MELODY,22,0,22
1976,MEREDITH,41,0,41
1976,MIA,7,0,7
1976,MICHAELA,7,0,7
1976,MICHELE,107,41,66
1976,MICHELINE,14,0,14
1976,MICHELL,8,0,8
1976,MELLISA,6,0,6
1976,MAXINE,9,0,9
1976,NATASHA,203,0,203
1976,NELIA,10,0,10
1976,PAULETTE,9,0,9
1976,PAULINE,45,0,45
1976,PEARL,8,0,8
1976,PEGGY,27,0,27
1976,PENELOPE,8,0,8
1976,PENNY,26,0,26
1976,PHYLLIS,6,0,6
1976,PINA,6,0,6
1976,PRISCILLA,9,0,9
1976,PAULA,171,0,171
1976,PRIYA,8,0,8
1976,RACHEL,225,0,225
1976,RACHELLE,49,0,49
1976,RAEGAN,7,0,7
1976,RANDI,8,0,8
1976,RAQUEL,18,0,18
1976,REBECCA,453,0,453
1976,REBEKAH,16,0,16
1976,REENA,9,0,9
1976,REGAN,18,8,10
1976,RACHAEL,31,0,31
1976,NATHALIE,57,0,57
1976,PATTY,7,0,7
1976,PATRIZIA,23,0,23
1976,NICHOLE,15,0,15
1976,NICOLA,67,36,31
1976,NICOLE,619,0,619
1976,NIKI,10,0,10
1976,NIKKI,10,0,10
1976,NINA,19,0,19
1976,NISHA,7,0,7
1976,NOELLE,13,0,13
1976,NORA,14,0,14
1976,PATSY,6,0,6
1976,NOREEN,11,0,11
1976,OLGA,8,0,8
1976,OLIVIA,28,0,28
1976,PAMELA,160,0,160
1976,PANAGIOTA,15,0,15
1976,PAOLA,17,0,17
1976,PASCALE,9,0,9
1976,PASQUALINA,9,0,9
1976,PATRICA,6,0,6
1976,PATRICIA,304,0,304
1976,NORMA,8,0,8
1976,RENA,6,0,6
1976,MAUREEN,51,0,51
1976,MARYANN,11,0,11
1976,LORA,25,0,25
1976,LORETTA,20,0,20
1976,LORI,228,0,228
1976,LORI-ANN,15,0,15
1976,LORI-ANNE,6,0,6
1976,LORIANNE,7,0,7
1976,LORIE,15,0,15
1976,LORNA,19,0,19
1976,LORRAINE,54,0,54
1976,LOIS,7,0,7
1976,LOUISA,12,0,12
1976,LUCIA,36,0,36
1976,LUCIE,12,0,12
1976,LUCILLE,7,0,7
1976,LUCY,23,0,23
1976,LUISA,19,0,19
1976,LYDIA,18,0,18
1976,LYNDA,19,0,19
1976,LYNDSAY,16,0,16
1976,LYNDSEY,8,0,8
1976,LOUISE,49,0,49
1976,LYNE,7,0,7
1976,LIZA,23,0,23
1976,LISETTE,6,0,6
1976,LENA,20,0,20
1976,LEONA,10,0,10
1976,LESLEY,137,0,137
1976,LESLIE,162,29,133
1976,LIANA,16,0,16
1976,LIANE,14,0,14
1976,LIANNE,19,0,19
1976,LIDIA,7,0,7
1976,LIISA,6,0,6
1976,LISSA,6,0,6
1976,LILLIAN,20,0,20
1976,LINA,33,0,33
1976,LINDA,173,0,173
1976,LINDSAY,188,6,182
1976,LINDSEY,25,0,25
1976,LINDY,7,0,7
1976,LINETTE,6,0,6
1976,LISA,1189,0,1189
1976,LISA-MARIE,6,0,6
1976,LISE,27,0,27
1976,LILY,9,0,9
1976,MARYANNE,6,0,6
1976,LYNETTE,8,0,8
1976,LYNNE,33,0,33
1976,MARIELLE,6,0,6
1976,MARIJA,6,0,6
1976,MARILYN,41,0,41
1976,MARINA,20,0,20
1976,MARION,17,0,17
1976,MARISA,32,0,32
1976,MARISSA,19,0,19
1976,MARJORIE,12,0,12
1976,MARLA,16,0,16
1976,MARIE-FRANCE,7,0,7
1976,MARLENE,39,0,39
1976,MARNIE,44,0,44
1976,MARSHA,69,0,69
1976,MARTA,7,0,7
1976,MARTHA,50,0,50
1976,MARTINA,11,0,11
1976,MARTINE,17,0,17
1976,MARY,361,0,361
1976,MARY-ANN,12,0,12
1976,MARY-ANNE,6,0,6
1976,MARLO,7,0,7
1976,LYNN,92,0,92
1976,MARIE-CLAUDE,7,0,7
1976,MARIANNE,33,0,33
1976,LYNNETTE,6,0,6
1976,MADELEINE,6,0,6
1976,MAGGIE,7,0,7
1976,MANDEEP,17,8,9
1976,MANDI,16,0,16
1976,MANDY,91,0,91
1976,MANON,15,0,15
1976,MANUELA,8,0,8
1976,MARA,9,0,9
1976,MARIE,806,0,806
1976,MARCELLA,10,0,10
1976,MARCIA,48,0,48
1976,MARCIE,20,0,20
1976,MARCY,16,0,16
1976,MARGARET,145,0,145
1976,MARGRET,6,0,6
1976,MARIA,344,0,344
1976,MARIAN,10,0,10
1976,MARIANA,7,0,7
1976,MARIANNA,12,0,12
1976,MARCI,11,0,11
1976,LEISHA,6,0,6
1976,RENATA,11,0,11
1976,RENEE,133,0,133
1976,TANIA,173,0,173
1976,TANIS,8,0,8
1976,TANJA,18,0,18
1976,TANYA,572,0,572
1976,TARA,395,0,395
1976,TARA-LYNN,8,0,8
1976,TARYN,8,0,8
1976,TASHA,29,0,29
1976,TATIANA,7,0,7
1976,TAMMY,458,0,458
1976,TAWNYA,8,0,8
1976,TENNILLE,18,0,18
1976,TERA,6,0,6
1976,TERESA,130,0,130
1976,TERI,14,0,14
1976,TERRA,23,0,23
1976,TERRI,66,0,66
1976,TERRI-LYNN,15,0,15
1976,TERRIE,8,0,8
1976,TERRY,134,120,14
1976,TEENA,12,0,12
1976,TESSA,10,0,10
1976,TAMMIE,16,0,16
1976,TAMI,14,0,14
1976,SUMMER,9,0,9
1976,SUNNY,7,0,7
1976,SUSAN,300,0,300
1976,SUSANA,12,0,12
1976,SUSANNA,15,0,15
1976,SUSANNE,27,0,27
1976,SUSIE,15,0,15
1976,SUSY,31,0,31
1976,SUZAN,7,0,7
1976,TAMMI,8,0,8
1976,SUZANA,9,0,9
1976,SUZANNE,144,0,144
1976,SUZETTE,10,0,10
1976,SUZIE,9,0,9
1976,SUZY,17,0,17
1976,SYLVIA,49,0,49
1976,SYLVIE,41,0,41
1976,TABATHA,14,0,14
1976,TABITHA,14,0,14
1976,TAMARA,126,0,126
1976,SUZANNA,9,0,9
1976,STEPHANIE,555,0,555
1976,THEA,7,0,7
1976,THERESE,12,0,12
1976,VASILIKI,22,0,22
1976,VENESSA,6,0,6
1976,VERA,11,0,11
1976,VERONICA,47,0,47
1976,VERONIQUE,6,0,6
1976,VESNA,8,0,8
1976,VICKI,59,0,59
1976,VICKIE,7,0,7
1976,VICKY,32,0,32
1976,VANESSA,122,0,122
1976,VICTORIA,109,0,109
1976,VITTORIA,13,0,13
1976,VIVIAN,22,0,22
1976,WANDA,23,0,23
1976,WENDY,243,0,243
1976,YOLANDA,15,0,15
1976,YVETTE,18,0,18
1976,YVONNE,46,0,46
1976,ZAHRA,13,0,13
1976,ZOE,13,0,13
1976,VIRGINIA,44,0,44
1976,THERESA,98,0,98
1976,VALERIE,125,0,125
1976,TRUDY,28,0,28
1976,THERESSA,10,0,10
1976,TIANA,7,0,7
1976,TIFFANY,78,0,78
1976,TINA,269,0,269
1976,TIZIANA,11,0,11
1976,TOBI,6,0,6
1976,TONI,16,0,16
1976,TONIA,17,0,17
1976,TONYA,50,0,50
1976,URSULA,6,0,6
1976,TRACEY,123,0,123
1976,TRACIE,15,0,15
1976,TRACY,351,0,351
1976,TRACY-LYNN,6,0,6
1976,TREENA,8,0,8
1976,TRICIA,98,0,98
1976,TRINA,41,0,41
1976,TRISH,7,0,7
1976,TRISHA,67,0,67
1976,TRISTA,7,0,7
1976,TRACI,11,0,11
1976,RENE,46,40,6
1976,STELLA,16,0,16
1976,STEFANIA,16,0,16
1976,ROSINA,10,0,10
1976,ROXANE,18,0,18
1976,ROXANNE,32,0,32
1976,RUBY,11,0,11
1976,RUTH,39,0,39
1976,SABINA,6,0,6
1976,SABRINA,85,0,85
1976,SACHA,15,9,6
1976,SAIRA,6,0,6
1976,ROSETTA,10,0,10
1976,SALLY,40,0,40
1976,SAMANTHA,207,0,207
1976,SANDI,17,0,17
1976,SANDRA,378,0,378
1976,SANDY,109,12,97
1976,SANTINA,7,0,7
1976,SARA,309,0,309
1976,SARAH,882,0,882
1976,SASHA,13,7,6
1976,SEEMA,7,0,7
1976,SALMA,8,0,8
1976,SELENA,18,0,18
1976,ROSEMARY,38,0,38
1976,ROSEANNA,6,0,6
1976,RENÉE,10,0,10
1976,RHIANNON,8,0,8
1976,RHODA,7,0,7
1976,RHONDA,109,0,109
1976,RICHELLE,7,0,7
1976,RINA,6,0,6
1976,RITA,53,0,53
1976,ROBERTA,42,0,42
1976,ROBIN,215,74,141
1976,ROSEMARIE,15,0,15
1976,ROBYN,86,0,86
1976,ROMINA,12,0,12
1976,RONDA,12,0,12
1976,ROSA,40,0,40
1976,ROSALIA,8,0,8
1976,ROSALIND,7,0,7
1976,ROSANNA,30,0,30
1976,ROSANNE,13,0,13
1976,ROSARIA,7,0,7
1976,ROSE,30,0,30
1976,ROCHELLE,15,0,15
1976,STEFANIE,18,0,18
1976,SELINA,8,0,8
1976,SHALINI,7,0,7
1976,SHERRY,151,0,151
1976,SHERRY-LYNN,8,0,8
1976,SHERYL,37,0,37
1976,SHIRLEY,36,0,36
1976,OWEN,28,28,0
1976,SILVANA,9,0,9
1976,SILVIA,20,0,20
1976,SIMONE,29,0,29
1976,SIOBHAN,8,0,8
1976,SHERRIE,14,0,14
1976,SOFIA,20,0,20
1976,SONJA,28,0,28
1976,SONYA,75,0,75
1976,SOPHIA,34,0,34
1976,SOPHIE,38,0,38
1976,STACEY,273,9,264
1976,STACI,8,0,8
1976,STACIE,19,0,19
1976,STACY,117,14,103
1976,STAVROULA,18,0,18
1976,SONIA,135,0,135
1976,SERENA,21,0,21
1976,SHERRI,73,0,73
1976,SHERI-LEE,6,0,6
1976,SHANA,26,0,26
1976,SHANDA,6,0,6
1976,SHANNA,8,0,8
1976,SHANNAN,7,0,7
1976,SHANNON,694,40,654
1976,SHARI,39,0,39
1976,SHARLA,16,0,16
1976,SHARLENE,15,0,15
1976,SHARON,152,0,152
1976,SHERI-LYNN,7,0,7
1976,SHARRON,6,0,6
1976,SHAWN,645,639,6
1976,SHAWNA,63,0,63
1976,SHAWNDA,6,0,6
1976,SHEENA,12,0,12
1976,SHEILA,91,0,91
1976,SHELBY,13,0,13
1976,SHELLEY,180,0,180
1976,SHELLY,91,0,91
1976,SHERI,103,0,103
1976,SHAUNA,44,0,44
1976,LEILA,12,0,12
1976,SHONA,16,0,16
1976,LEIGH,47,10,37
1976,TRAVIS,68,68,0
1976,TONY,69,69,0
1976,TOMMY,18,18,0
1976,TOMMASO,6,6,0
1976,TOMISLAV,12,12,0
1976,TOM,21,21,0
1976,TODD,218,218,0
1976,TOBY,7,7,0
1976,TOBIAS,8,8,0
1976,TIMOTHY,536,536,0
1976,TIMMY,15,15,0
1976,TIM,5,5,0
1976,THOMAS,413,413,0
1976,THEODOROS,11,11,0
1976,THEODORE,23,23,0
1976,TERRENCE,27,27,0
1976,TERRANCE,26,26,0
1976,TERENCE,38,38,0
1976,TEDDY,10,10,0
1976,TED,11,11,0
1976,TAYLOR,11,11,0
1976,TARAS,6,6,0
1976,SYLVAIN,25,25,0
1976,SYED,19,19,0
1976,STUART,66,66,0
1976,STEWART,24,24,0
1976,STEVEN,861,861,0
1976,STEVE,127,127,0
1976,STEPHEN,603,603,0
1976,TRENT,14,14,0
1976,STÉPHANE,5,5,0
1976,TREVER,6,6,0
1976,TRISTAN,8,8,0
1976,YVES,17,17,0
1976,YVAN,12,12,0
1976,YUSUF,5,5,0
1976,YANN,5,5,0
1976,YAN,6,6,0
1976,WINSTON,16,16,0
1976,WILSON,7,7,0
1976,WILLIAM,701,701,0
1976,WILFRED,10,10,0
1976,WESLEY,60,60,0
1976,WAYNE,145,145,0
1976,WARREN,59,59,0
1976,WALTER,52,52,0
1976,WALLACE,5,5,0
1976,WADE,38,38,0
1976,VIVEK,6,6,0
1976,VITTORIO,10,10,0
1976,VITO,31,31,0
1976,VINCENZO,60,60,0
1976,VINCENT,84,84,0
1976,VIKAS,9,9,0
1976,VICTOR,71,71,0
1976,VERNON,12,12,0
1976,VAUGHN,6,6,0
1976,VASILIOS,13,13,0
1976,TYSON,27,27,0
1976,TYRONE,13,13,0
1976,TYLER,116,116,0
1976,TROY,129,129,0
1976,TREVOR,332,332,0
1976,STEPHANE,59,59,0
1976,STEPHAN,37,37,0
1976,STEFANO,23,23,0
1976,RUSSELL,66,66,0
1976,RUSSEL,8,8,0
1976,RUI,9,9,0
1976,RUDY,6,6,0
1976,ROY,43,43,0
1976,ROSS,35,35,0
1976,ROSARIO,10,10,0
1976,RORY,10,10,0
1976,RONNIE,9,9,0
1976,RONALD,211,211,0
1976,RON,7,7,0
1976,ROMEO,5,5,0
1976,ROMAN,6,6,0
1976,ROLLAND,5,5,0
1976,ROLAND,21,21,0
1976,ROHAN,7,7,0
1976,ROGER,102,102,0
1976,RODNEY,53,53,0
1976,RODERICK,11,11,0
1976,RODDY,5,5,0
1976,ROCK,5,5,0
1976,ROCCO,27,27,0
1976,ROBERTO,92,92,0
1976,ROBERT,1543,1543,0
1976,ROBBY,8,8,0
1976,ROBBIE,24,24,0
1976,RISHI,11,11,0
1976,RICKY,38,38,0
1976,LEIGH-ANN,11,0,11
1976,RYAN,942,942,0
1976,SACHIN,6,6,0
1976,SALVATORE,61,61,0
1976,SAM,10,10,0
1976,STEFAN,31,31,0
1976,STAVROS,13,13,0
1976,STANLEY,35,35,0
1976,SPIROS,6,6,0
1976,SPENCER,31,31,0
1976,SIMON,90,90,0
1976,SIMEON,5,5,0
1976,SIDNEY,10,10,0
1976,SHELDON,54,54,0
1976,SHAYNE,20,20,0
1976,SHAUN,47,47,0
1976,SHANE,264,264,0
1976,SETH,14,14,0
1976,SERGIO,24,24,0
1976,ZACHARY,29,29,0
1976,SERGE,26,26,0
1976,SEBASTIANO,10,10,0
1976,SEBASTIAN,5,5,0
1976,SEAN,521,521,0
1976,SCOTT,783,783,0
1976,SCOT,5,5,0
1976,SAVERIO,6,6,0
1976,SANTINO,6,6,0
1976,SANJEEV,6,6,0
1976,SANJAY,13,13,0
1976,SANDRO,14,14,0
1976,SANDEEP,6,6,0
1976,SAMUEL,79,79,0
1976,SAMMY,6,6,0
1976,SAMIR,10,10,0
1976,SEBASTIEN,26,26,0
1976,ZORAN,10,10,0
1976,PABLO,5,5,0
1976,KERRY,115,18,97
1976,KYLA,32,0,32
1976,LANA,32,0,32
1976,LARA,41,0,41
1976,LARISSA,19,0,19
1976,LAURA,578,0,578
1976,LAURA-LEE,6,0,6
1976,LAUREL,13,0,13
1976,LAUREN,30,0,30
1976,KRYSTAL,8,0,8
1976,LAURI,6,0,6
1976,LEA,7,0,7
1976,LEAH,96,0,96
1976,LEANNA,11,0,11
1976,LEANNE,114,0,114
1976,LEE,133,93,40
1976,LEE-ANN,20,0,20
1976,LEE-ANNE,10,0,10
1976,LEEANN,11,0,11
1976,LAURIE,157,0,157
1976,KRYSTA,8,0,8
1976,KRISTY,59,0,59
1976,KRISTINE,53,0,53
1976,KIMBERLEY,227,0,227
1976,KERRIE,20,0,20
1976,KERRI-LYNN,7,0,7
1976,KERRI-ANN,8,0,8
1976,KIMBERLY,504,0,504
1976,KIMBERLY-ANN,10,0,10
1976,KIRA,10,0,10
1976,KIRAN,9,0,9
1976,KIRSTEN,52,0,52
1976,KIRSTIN,8,0,8
1976,KIRSTY,7,0,7
1976,KONSTANTINA,7,0,7
1976,KRISTA,242,0,242
1976,KRISTAL,8,0,8
1976,KRISTEN,130,6,124
1976,KRISTI,34,0,34
1976,KRISTIE,26,0,26
1976,KRISTIN,90,7,83
1976,KRISTINA,101,0,101
1976,KIM,52,0,52
1976,LEEANNE,13,0,13
1976,KIMBERLEE,9,0,9
1977,KONSTANTINOS,24,24,0
1977,NIALL,5,5,0
1977,NICHOLAS,154,154,0
1977,NICK,29,29,0
1977,NICKOLAS,9,9,0
1977,NICOLAS,22,22,0
1977,NIGEL,26,26,0
1977,NIKOLA,13,13,0
1977,NEVILLE,7,7,0
1977,NIKOLAOS,18,18,0
1977,NITIN,7,7,0
1977,NOAH,18,18,0
1977,NOEL,18,18,0
1977,NOLAN,15,15,0
1977,NORMAN,66,66,0
1977,NORMAND,6,6,0
1977,NUNO,8,8,0
1977,NINO,5,5,0
1977,NELSON,79,79,0
1977,NEKTARIOS,7,7,0
1977,NEIL,175,175,0
1977,MIKE,43,43,0
1977,MILAN,8,8,0
1977,MILES,8,8,0
1977,MILTON,5,5,0
1977,MITCHELL,22,22,0
1977,MOHAMED,9,9,0
1977,MOHAMMAD,9,9,0
1977,MOHAMMED,15,15,0
1977,MORRIS,7,7,0
1977,MOSES,8,8,0
1977,MURRAY,42,42,0
1977,MYLES,12,12,0
1977,NATHAN,216,216,0
1977,NATHANIEL,25,25,0
1977,NAVIN,8,8,0
1977,LYNETTE,7,0,7
1977,NEAL,27,27,0
1977,OLIVER,23,23,0
1977,KHARY,5,5,0
1977,KEVIN,1050,1050,0
1977,KEVEN,8,8,0
1977,JOSE,36,36,0
1977,JORGE,9,9,0
1977,JORDAN,79,79,0
1977,JONATHON,42,42,0
1977,JONATHAN,431,431,0
1977,JONAH,8,8,0
1977,JON,27,27,0
1977,JOHN-PAUL,9,9,0
1977,JOHNNY,30,30,0
1977,JOHNATHON,8,8,0
1977,JOHNATHAN,28,28,0
1977,JOHN,1134,1134,0
1977,JOHANNES,6,6,0
1977,JOEY,69,69,0
1977,JOESPH,6,6,0
1977,JOEL,149,149,0
1977,JOE,22,22,0
1977,JOSEPH,1219,1219,0
1977,MIGUEL,15,15,0
1977,JOSH,6,6,0
1977,JOSIP,5,5,0
1977,KENT,23,23,0
1977,KENNY,8,8,0
1977,KENNETH,305,305,0
1977,KEN,10,10,0
1977,KELVIN,11,11,0
1977,KELSEY,7,7,0
1977,KEITH,182,182,0
1977,KARL,47,47,0
1977,KARIM,12,12,0
1977,KAREEM,7,7,0
1977,JUSTIN,252,252,0
1977,JULIUS,5,5,0
1977,JULIEN,10,10,0
1977,JULIAN,23,23,0
1977,JULES,7,7,0
1977,JUDE,6,6,0
1977,JUAN,9,9,0
1977,JOSHUA,297,297,0
1977,MICHELANGELO,5,5,0
1977,MICHEL,106,106,0
1977,MICHEAL,127,127,0
1977,LEONARD,45,45,0
1977,LEONARDO,20,20,0
1977,LEROY,7,7,0
1977,LESTER,14,14,0
1977,LEVI,7,7,0
1977,LEWIS,11,11,0
1977,LIAM,20,20,0
1977,LINCOLN,13,13,0
1977,LIONEL,7,7,0
1977,LLOYD,14,14,0
1977,LONNIE,8,8,0
1977,LONNY,12,12,0
1977,LORENZO,8,8,0
1977,LORNE,19,19,0
1977,LOUIS,47,47,0
1977,LUC,43,43,0
1977,LUCA,16,16,0
1977,LEON,14,14,0
1977,LUCAS,38,38,0
1977,LEO,26,26,0
1977,LAWRENCE,64,64,0
1977,KORY,14,14,0
1977,KOSTANTINOS,6,6,0
1977,KOSTAS,5,5,0
1977,KRIS,16,16,0
1977,KRISTAN,6,6,0
1977,KRISTIAN,25,25,0
1977,KRISTOFER,8,8,0
1977,KRISTOFFER,15,15,0
1977,KRISTOPHER,114,114,0
1977,KURT,31,31,0
1977,KURTIS,13,13,0
1977,KYLE,158,158,0
1977,LANCE,52,52,0
1977,LANDON,7,7,0
1977,LANNY,10,10,0
1977,LARRY,46,46,0
1977,LAURENCE,9,9,0
1977,LENNY,6,6,0
1977,KIRK,75,75,0
1977,LUCIANO,9,9,0
1977,KIRBY,5,5,0
1977,MARVIN,14,14,0
1977,MASON,7,7,0
1977,MASSIMO,14,14,0
1977,MATHEW,59,59,0
1977,MATHIEU,31,31,0
1977,MATTHEW,1016,1016,0
1977,MATTHIEU,5,5,0
1977,MAURICE,23,23,0
1977,MAURIZIO,17,17,0
1977,MAURO,13,13,0
1977,MAX,8,8,0
1977,MAXWELL,9,9,0
1977,MELVIN,7,7,0
1977,MERVIN,6,6,0
1977,MICAH,7,7,0
1977,MICHAEL,2693,2693,0
1977,MICHAEL-JOHN,5,5,0
1977,MARTY,16,16,0
1977,LUIGI,44,44,0
1977,MARTIN,168,168,0
1977,KIERAN,7,7,0
1977,LUIS,24,24,0
1977,LUKE,56,56,0
1977,LYLE,18,18,0
1977,MALCOLM,14,14,0
1977,MANUEL,14,14,0
1977,MARC,246,246,0
1977,MARC-ANDRE,12,12,0
1977,MARCEL,36,36,0
1977,MARCELLO,8,8,0
1977,MARCO,119,119,0
1977,MARCOS,5,5,0
1977,MARCUS,42,42,0
1977,MARIO,68,68,0
1977,MARIOS,5,5,0
1977,MARK,1063,1063,0
1977,MARKO,8,8,0
1977,MARKUS,13,13,0
1977,MARSHALL,6,6,0
1977,MARLON,17,17,0
1977,CARSON,7,7,0
1977,OLIVIER,7,7,0
1977,STEVEN,899,899,0
1977,STEWART,26,26,0
1977,STUART,54,54,0
1977,SUNDEEP,9,9,0
1977,SUNIL,9,9,0
1977,SYDNEY,5,5,0
1977,SYED,17,17,0
1977,SYLVAIN,33,33,0
1977,TARAS,7,7,0
1977,TAYLOR,14,14,0
1977,TED,8,8,0
1977,TERENCE,27,27,0
1977,TERRANCE,24,24,0
1977,TERRENCE,15,15,0
1977,THEODORE,22,22,0
1977,THEODOROS,8,8,0
1977,THOMAS,386,386,0
1977,TIM,5,5,0
1977,TIMMY,12,12,0
1977,TIMOTHY,550,550,0
1977,TOBIAS,8,8,0
1977,STEVE,109,109,0
1977,STEVAN,5,5,0
1977,STEPHEN,549,549,0
1977,STÉPHANE,5,5,0
1977,SEBASTIEN,25,25,0
1977,SERGE,26,26,0
1977,SERGIO,21,21,0
1977,SETH,11,11,0
1977,SHANE,254,254,0
1977,SHANT,5,5,0
1977,SHAUN,146,146,0
1977,SHAWN,645,645,0
1977,SHAYNE,23,23,0
1977,SHELDON,39,39,0
1977,TOBIN,5,5,0
1977,SIDNEY,8,8,0
1977,SOLOMON,6,6,0
1977,SONNY,8,8,0
1977,SOTIRIOS,5,5,0
1977,SPENCER,19,19,0
1977,STANLEY,39,39,0
1977,STAVROS,6,6,0
1977,STEFAN,31,31,0
1977,STEFANO,18,18,0
1977,STEPHAN,33,33,0
1977,STEPHANE,60,60,0
1977,SIMON,81,81,0
1977,TOBY,11,11,0
1977,TODD,240,240,0
1977,TOM,15,15,0
1977,VLADIMIR,5,5,0
1977,WADE,26,26,0
1977,WALTER,45,45,0
1977,WARREN,59,59,0
1977,WAYLON,7,7,0
1977,WAYNE,134,134,0
1977,WENDELL,5,5,0
1977,WESLEY,169,169,0
1977,WILFRED,7,7,0
1977,WILHELM,6,6,0
1977,VITTORIO,8,8,0
1977,WILLIAM,652,652,0
1977,WINSTON,13,13,0
1977,WYATT,5,5,0
1977,XAVIER,8,8,0
1977,YANNICK,8,8,0
1977,YUSUF,5,5,0
1977,YVAN,6,6,0
1977,YVES,15,15,0
1977,YVON,9,9,0
1977,ZACHARIAH,5,5,0
1977,ZACHARY,33,33,0
1977,WILSON,8,8,0
1977,SEBASTIANO,8,8,0
1977,VITO,21,21,0
1977,VIRGIL,5,5,0
1977,TOMISLAV,9,9,0
1977,TOMMY,22,22,0
1977,TONY,62,62,0
1977,TRAVIS,91,91,0
1977,TRENT,6,6,0
1977,TREVER,6,6,0
1977,TREVOR,339,339,0
1977,TRISTAN,5,5,0
1977,TROY,94,94,0
1977,TYLER,126,126,0
1977,VISHAL,7,7,0
1977,TYRONE,12,12,0
1977,VALERIO,5,5,0
1977,VANCE,5,5,0
1977,VASILIOS,17,17,0
1977,VAUGHN,6,6,0
1977,VERNON,7,7,0
1977,VICTOR,70,70,0
1977,VIJAY,6,6,0
1977,VINCE,8,8,0
1977,VINCENT,79,79,0
1977,VINCENZO,52,52,0
1977,TYSON,31,31,0
1977,SEBASTIAN,7,7,0
1977,SEAN,540,540,0
1977,SCOTTY,6,6,0
1977,QUINCY,8,8,0
1977,QUINTON,8,8,0
1977,RAFFAELE,8,8,0
1977,RAHIM,5,5,0
1977,RAHUL,9,9,0
1977,RAJEEV,5,5,0
1977,RALPH,12,12,0
1977,RANDAL,12,12,0
1977,RANDALL,18,18,0
1977,RANDOLPH,17,17,0
1977,QUENTIN,19,19,0
1977,RANDY,120,120,0
1977,RAVI,5,5,0
1977,RAY,5,5,0
1977,RAYMOND,137,137,0
1977,REGINALD,23,23,0
1977,REID,8,8,0
1977,REJEAN,6,6,0
1977,REMI,6,6,0
1977,RENATO,5,5,0
1977,REUBEN,11,11,0
1977,REX,5,5,0
1977,RAUL,6,6,0
1977,RHEAL,5,5,0
1977,PIETRO,29,29,0
1977,PIERRE,67,67,0
1977,OMAR,23,23,0
1977,OMER,6,6,0
1977,OSWALD,6,6,0
1977,OTIS,6,6,0
1977,OWEN,28,28,0
1977,PABLO,10,10,0
1977,PANAGIOTIS,11,11,0
1977,PANAYIOTIS,5,5,0
1977,PAOLO,54,54,0
1977,PASCAL,19,19,0
1977,PIETER,5,5,0
1977,PASQUALE,19,19,0
1977,PAUL,771,771,0
1977,PAULO,38,38,0
1977,PEDRO,7,7,0
1977,PERRY,9,9,0
1977,PETAR,7,7,0
1977,PETER,498,498,0
1977,PETROS,6,6,0
1977,PHILIP,223,223,0
1977,PHILIPPE,35,35,0
1977,PHILLIP,63,63,0
1977,PATRICK,361,361,0
1977,JOAO,22,22,0
1977,RICARDO,23,23,0
1977,RICHARD,759,759,0
1977,ROSS,34,34,0
1977,ROY,31,31,0
1977,RUBEN,5,5,0
1977,RUDY,9,9,0
1977,RUI,10,10,0
1977,RUSSEL,7,7,0
1977,RUSSELL,58,58,0
1977,RYAN,1191,1191,0
1977,SALVATORE,55,55,0
1977,SAM,13,13,0
1977,ROSARIO,11,11,0
1977,SAMI,6,6,0
1977,SAMMY,9,9,0
1977,SAMSON,8,8,0
1977,SAMUEL,82,82,0
1977,SANDEEP,6,6,0
1977,SANDRO,7,7,0
1977,SANJAY,13,13,0
1977,SANJEEV,11,11,0
1977,SAVERIO,10,10,0
1977,SCOT,6,6,0
1977,SCOTT,703,703,0
1977,SAMIR,11,11,0
1977,RICCARDO,13,13,0
1977,RORY,29,29,0
1977,RONALD,202,202,0
1977,RICHARDO,6,6,0
1977,RICK,19,19,0
1977,RICKY,32,32,0
1977,RILEY,5,5,0
1977,RISHI,9,9,0
1977,RITCHIE,5,5,0
1977,ROBBIE,22,22,0
1977,ROBBY,7,7,0
1977,ROBERT,1530,1530,0
1977,ROBERTO,82,82,0
1977,RONNIE,11,11,0
1977,ROCCO,17,17,0
1977,ROCKY,5,5,0
1977,RODERICK,13,13,0
1977,RODGER,5,5,0
1977,RODNEY,58,58,0
1977,ROGER,80,80,0
1977,ROHAN,5,5,0
1977,ROHIT,6,6,0
1977,ROLAND,13,13,0
1977,ROMAN,8,8,0
1977,RON,9,9,0
1977,ROCH,6,6,0
1977,JIMMY,51,51,0
1977,JEAN-FRANCOIS,15,15,0
1977,JESS,9,9,0
1977,ABRAHAM,11,11,0
1977,CECIL,5,5,0
1977,CEDRIC,5,5,0
1977,CESAR,5,5,0
1977,CHAD,302,302,0
1977,CHADWICK,37,37,0
1977,CHARLES,267,267,0
1977,CHARLIE,11,11,0
1977,CHRIS,33,33,0
1977,CHRISTIAN,122,122,0
1977,CHRISTOPHE,5,5,0
1977,CHRISTOPHER,2062,2062,0
1977,CHRISTOS,21,21,0
1977,CLARENCE,11,11,0
1977,CLARK,6,6,0
1977,CLAUDE,27,27,0
1977,CLAUDIO,18,18,0
1977,CLAYTON,47,47,0
1977,CLEMENT,8,8,0
1977,ABRAM,5,5,0
1977,CLIFFORD,43,43,0
1977,ADAM,606,606,0
1977,ADNAN,5,5,0
1977,ALEXANDER,174,174,0
1977,ALEXANDAR,8,8,0
1977,ALEX,23,23,0
1977,ALESSANDRO,14,14,0
1977,ALEKSANDAR,16,16,0
1977,ALEJANDRO,5,5,0
1977,ALEC,7,7,0
1977,ALDO,5,5,0
1977,ALBERTO,9,9,0
1977,ALBERT,56,56,0
1977,ALASDAIR,5,5,0
1977,ALAN,88,88,0
1977,ALAIN,55,55,0
1977,AJAY,5,5,0
1977,AIDAN,9,9,0
1977,AHMED,7,7,0
1977,ADRIEN,8,8,0
1977,ADRIANO,16,16,0
1977,ADRIAN,136,136,0
1977,ADIL,5,5,0
1977,CLINT,13,13,0
1977,CLINTON,50,50,0
1977,CLIVE,5,5,0
1977,DAREN,5,5,0
1977,DARIN,20,20,0
1977,DARIO,9,9,0
1977,DARREL,8,8,0
1977,DARRELL,68,68,0
1977,DARREN,224,224,0
1977,DARRICK,5,5,0
1977,DARRIN,21,21,0
1977,DARRYL,332,332,0
1977,DARWIN,9,9,0
1977,DARYL,104,104,0
1977,DAVE,16,16,0
1977,DAVID,1907,1907,0
1977,DAVIDE,21,21,0
1977,DAVIN,12,12,0
1977,DAVIS,6,6,0
1977,DAX,6,6,0
1977,DEAN,61,61,0
1977,DEMETRIOS,11,11,0
1977,DARCY,71,71,0
1977,DANNY,112,112,0
1977,DANIELE,22,22,0
1977,DANIEL,963,963,0
1977,COLIN,178,178,0
1977,COLLIN,26,26,0
1977,CONRAD,18,18,0
1977,CONSTANTINE,10,10,0
1977,CONSTANTINOS,7,7,0
1977,COREY,201,201,0
1977,CORNELIS,5,5,0
1977,CORRADO,7,7,0
1977,COSIMO,5,5,0
1977,ALEXANDRE,17,17,0
1977,CRAIG,315,315,0
1977,CURTIS,94,94,0
1977,CYRIL,5,5,0
1977,CYRUS,6,6,0
1977,DAMIAN,31,31,0
1977,DAMIEN,26,26,0
1977,DAMION,5,5,0
1977,DAMON,18,18,0
1977,DAN,7,7,0
1977,DANIAL,11,11,0
1977,CURT,6,6,0
1977,ALEXANDROS,6,6,0
1977,ALFONSO,5,5,0
1977,ALFRED,16,16,0
1977,BRENDON,7,7,0
1977,BRENDAN,53,53,0
1977,BRANT,5,5,0
1977,BRANDON,126,126,0
1977,BRADY,6,6,0
1977,BRADLY,7,7,0
1977,BRADLEY,422,422,0
1977,BRADFORD,6,6,0
1977,BRAD,38,38,0
1977,BOYD,6,6,0
1977,BOBBY,21,21,0
1977,BOB,7,7,0
1977,BLAYNE,6,6,0
1977,BLAKE,31,31,0
1977,BLAIR,72,72,0
1977,BLAINE,13,13,0
1977,BILLY,21,21,0
1977,BILL,20,20,0
1977,BERNARD,26,26,0
1977,BRENNAN,13,13,0
1977,BRENNEN,5,5,0
1977,BRENT,179,179,0
1977,BRENTON,7,7,0
1977,CARMINE,21,21,0
1977,CARMELO,11,11,0
1977,CARLTON,7,7,0
1977,CARLOS,34,34,0
1977,CARLO,39,39,0
1977,CARL,61,61,0
1977,CAMERON,103,103,0
1977,CALVIN,24,24,0
1977,CALEB,12,12,0
1977,BENOIT,19,19,0
1977,BYRON,20,20,0
1977,BRYON,14,14,0
1977,BRYCE,26,26,0
1977,BRYANT,7,7,0
1977,BRYAN,209,209,0
1977,BRUNO,24,24,0
1977,BRUCE,80,80,0
1977,BROCK,18,18,0
1977,BRIAN,697,697,0
1977,BRETT,76,76,0
1977,BURTON,5,5,0
1977,DENIS,63,63,0
1977,BENNY,5,5,0
1977,BENJAMIN,324,324,0
1977,ANGUS,5,5,0
1977,ANGELO,48,48,0
1977,ANDY,28,28,0
1977,ANDREW,1117,1117,0
1977,ANDRES,6,6,0
1977,ANDREAS,25,25,0
1977,ANDRÉ,9,9,0
1977,ANDRE,94,94,0
1977,ANASTASIOS,8,8,0
1977,ANAND,6,6,0
1977,AMOS,9,9,0
1977,AMIT,16,16,0
1977,ALY,6,6,0
1977,ALVIN,28,28,0
1977,ALLISTER,6,6,0
1977,ALLEN,41,41,0
1977,ALLAN,111,111,0
1977,ALISTAIR,6,6,0
1977,ALI,22,22,0
1977,ANIL,5,5,0
1977,ANSON,7,7,0
1977,ANTHONY,342,342,0
1977,ANTOINE,6,6,0
1977,BEN,22,22,0
1977,BEAU,6,6,0
1977,BASIL,9,9,0
1977,BARRY,71,71,0
1977,AUSTIN,7,7,0
1977,ATIF,7,7,0
1977,ATHANASIOS,7,7,0
1977,ASIF,6,6,0
1977,ARTHUR,51,51,0
1977,BENJIE,5,5,0
1977,ARRON,8,8,0
1977,ARMANDO,6,6,0
1977,ARMAND,5,5,0
1977,ARIF,5,5,0
1977,ARIEL,6,6,0
1977,ANTONY,9,9,0
1977,ANTONIOS,12,12,0
1977,ANTONIO,128,128,0
1977,ANTONINO,13,13,0
1977,ANTON,14,14,0
1977,ARON,12,12,0
1977,JIM,10,10,0
1977,DENNIS,152,152,0
1977,DERECK,8,8,0
1977,GREG,21,21,0
1977,GREGG,15,15,0
1977,GREGGORY,7,7,0
1977,GREGORY,510,510,0
1977,GUS,12,12,0
1977,GUY,38,38,0
1977,HANS,6,6,0
1977,HARLEY,8,8,0
1977,HAROLD,26,26,0
1977,HARPREET,5,5,0
1977,HARRY,28,28,0
1977,HARVEY,12,12,0
1977,HASSAN,5,5,0
1977,HEATH,6,6,0
1977,HELDER,8,8,0
1977,HENRY,48,48,0
1977,HERBERT,11,11,0
1977,HOWARD,24,24,0
1977,HUGH,27,27,0
1977,GRANT,63,63,0
1977,IAIN,20,20,0
1977,GRAIG,5,5,0
1977,GRAEME,28,28,0
1977,GASTON,5,5,0
1977,GAVIN,35,35,0
1977,GENE,6,6,0
1977,GEORGE,243,243,0
1977,GEORGIOS,5,5,0
1977,GERALD,70,70,0
1977,GERARD,21,21,0
1977,GERRY,21,21,0
1977,GIANCARLO,8,8,0
1977,GIANNI,15,15,0
1977,GILBERT,15,15,0
1977,GILLES,26,26,0
1977,GINO,14,14,0
1977,GIOVANNI,52,52,0
1977,GIUSEPPE,81,81,0
1977,GLEN,77,77,0
1977,GLENDON,5,5,0
1977,GLENN,51,51,0
1977,GORDON,120,120,0
1977,GRAHAM,68,68,0
1977,IAN,352,352,0
1977,IBRAHIM,5,5,0
1977,IMRAN,7,7,0
1977,JEAN-PAUL,25,25,0
1977,JEAN-PIERRE,9,9,0
1977,JEAN-SEBASTIEN,5,5,0
1977,JED,8,8,0
1977,JEFF,18,18,0
1977,JEFFEREY,7,7,0
1977,JEFFERSON,6,6,0
1977,JEFFERY,342,342,0
1977,JEFFREY,937,937,0
1977,JEFFRY,6,6,0
1977,JERAMIE,6,6,0
1977,JEREMEY,10,10,0
1977,JEREMIAH,48,48,0
1977,JEREMIE,8,8,0
1977,JEREMY,618,618,0
1977,JERMAINE,8,8,0
1977,JEROME,17,17,0
1977,JEROMY,6,6,0
1977,JERRY,46,46,0
1977,JEAN-MARC,9,9,0
1977,CARY,6,6,0
1977,JAYSON,22,22,0
1977,JAY,112,112,0
1977,IOANNIS,10,10,0
1977,IRA,6,6,0
1977,ISAAC,19,19,0
1977,IVAN,39,39,0
1977,JACK,35,35,0
1977,JACOB,87,87,0
1977,JACQUES,24,24,0
1977,JADE,5,5,0
1977,JAKE,9,9,0
1977,GARY,134,134,0
1977,JAMES,1298,1298,0
1977,JAMIL,5,5,0
1977,JARED,48,48,0
1977,JARET,5,5,0
1977,JARRED,5,5,0
1977,JARRET,6,6,0
1977,JARRETT,9,9,0
1977,JARROD,14,14,0
1977,JASEN,6,6,0
1977,JASON,2121,2121,0
1977,JAMEY,6,6,0
1977,GARTH,12,12,0
1977,GARRY,20,20,0
1977,GARRETT,8,8,0
1977,DWAYNE,122,122,0
1977,DWIGHT,15,15,0
1977,DYLAN,38,38,0
1977,EARL,12,12,0
1977,EDDIE,9,9,0
1977,EDDY,11,11,0
1977,EDGAR,12,12,0
1977,EDMOND,8,8,0
1977,EDMUND,12,12,0
1977,EDWARD,209,209,0
1977,EDWIN,23,23,0
1977,ELI,17,17,0
1977,ELIAS,18,18,0
1977,ELIJAH,7,7,0
1977,ELLIOTT,7,7,0
1977,ELVIS,12,12,0
1977,EMANUEL,14,14,0
1977,EMANUELE,6,6,0
1977,EMILE,8,8,0
1977,DWANE,5,5,0
1977,DUSTIN,40,40,0
1977,DUSAN,5,5,0
1977,DUNCAN,20,20,0
1977,DEREK,379,379,0
1977,DERICK,11,11,0
1977,DERRICK,44,44,0
1977,DESMOND,11,11,0
1977,DEVIN,41,41,0
1977,DIEGO,12,12,0
1977,DIMITRIOS,24,24,0
1977,DINO,20,20,0
1977,DION,14,14,0
1977,EMILIO,8,8,0
1977,DIRK,6,6,0
1977,DOMENICO,54,54,0
1977,DOMINIC,32,32,0
1977,DON,13,13,0
1977,DONALD,248,248,0
1977,DONATO,6,6,0
1977,DONNY,23,23,0
1977,DOUGLAS,230,230,0
1977,DREW,22,22,0
1977,DUANE,63,63,0
1977,DOMENIC,9,9,0
1977,DENNY,22,22,0
1977,EMMANUEL,13,13,0
1977,ENZO,12,12,0
1977,FRANCESCO,81,81,0
1977,FRANCIS,50,50,0
1977,FRANCISCO,9,9,0
1977,FRANCO,32,32,0
1977,FRANCOIS,28,28,0
1977,FRANK,103,103,0
1977,FRANKIE,7,7,0
1977,FRANKLIN,17,17,0
1977,FRASER,17,17,0
1977,FREDERIC,9,9,0
1977,FREDERICK,43,43,0
1977,FREDRICK,7,7,0
1977,GABRIEL,43,43,0
1977,GABRIELE,5,5,0
1977,GAETAN,6,6,0
1977,GALEN,6,6,0
1977,GARETH,9,9,0
1977,GARETT,7,7,0
1977,GARNET,6,6,0
1977,FLOYD,5,5,0
1977,FILIPPO,6,6,0
1977,FILIPE,9,9,0
1977,FERNANDO,12,12,0
1977,ERIC,460,460,0
1977,ERICH,7,7,0
1977,ERICK,18,18,0
1977,ERIK,61,61,0
1977,ERNEST,27,27,0
1977,ERNESTO,7,7,0
1977,ERROL,6,6,0
1977,ERWIN,5,5,0
1977,ETHAN,7,7,0
1977,ENRICO,9,9,0
1977,ETIENNE,5,5,0
1977,EUGENIO,5,5,0
1977,EVAN,48,48,0
1977,EVANGELOS,6,6,0
1977,EVERETT,7,7,0
1977,FABIAN,11,11,0
1977,FABIO,24,24,0
1977,FAISAL,6,6,0
1977,FEDERICO,7,7,0
1977,FELIX,10,10,0
1977,EUGENE,20,20,0
1977,GEOFFREY,160,160,0
1977,LYNE,8,0,8
1977,CORRINE,20,0,20
1977,DESIREE,8,0,8
1977,DESPINA,13,0,13
1977,DEVON,51,33,18
1977,DIANA,136,0,136
1977,DIANE,139,0,139
1977,DIANNA,8,0,8
1977,DIANNE,36,0,36
1977,DIMITRA,20,0,20
1977,DIMPLE,6,0,6
1977,DINA,18,0,18
1977,DIONNE,8,0,8
1977,DENISE,176,0,176
1977,DOMENICA,10,0,10
1977,DONNA,117,0,117
1977,DOREEN,8,0,8
1977,DORIS,12,0,12
1977,DOROTHY,30,0,30
1977,EDITH,6,0,6
1977,EFFIE,6,0,6
1977,EILEEN,26,0,26
1977,ELAINE,60,0,60
1977,ELEANOR,14,0,14
1977,ELENA,28,0,28
1977,ELENI,14,0,14
1977,DOMINIQUE,24,8,16
1977,DENA,10,0,10
1977,DELLA,6,0,6
1977,DELIA,6,0,6
1977,DANICA,9,0,9
1977,DANIELA,55,0,55
1977,DANIELLA,16,0,16
1977,DANIELLE,268,0,268
1977,DAPHNE,9,0,9
1977,DARA,11,0,11
1977,DARCIE,10,0,10
1977,DARLA,8,0,8
1977,DARLENE,41,0,41
1977,DAWN,170,0,170
1977,DAWNA,7,0,7
1977,DAWNE,6,0,6
1977,DAYLE,6,0,6
1977,DAYNA,21,0,21
1977,DEANA,6,0,6
1977,DEANNA,75,0,75
1977,DEANNE,8,0,8
1977,DEBBIE,56,0,56
1977,DEBBY,7,0,7
1977,DEBORA,8,0,8
1977,DEBORAH,152,0,152
1977,DEBRA,47,0,47
1977,DEENA,6,0,6
1977,DEIDRE,9,0,9
1977,DEIRDRE,14,0,14
1977,ELISA,23,0,23
1977,ELISABETH,23,0,23
1977,ELISABETTA,8,0,8
1977,ELISE,16,0,16
1977,FILOMENA,8,0,8
1977,FIONA,39,0,39
1977,FLORENCE,7,0,7
1977,FOTINI,7,0,7
1977,FRANCA,17,0,17
1977,FRANCE,14,0,14
1977,FRANCES,33,0,33
1977,FRANCESCA,30,0,30
1977,FRANCINE,31,0,31
1977,GABRIELLA,13,0,13
1977,GABRIELLE,10,0,10
1977,GAIL,24,0,24
1977,GAYLE,6,0,6
1977,GENEVIEVE,55,0,55
1977,GENNY,8,0,8
1977,GEORGIA,32,0,32
1977,GEORGINA,21,0,21
1977,GERALDINE,9,0,9
1977,GILLIAN,60,0,60
1977,GINA,40,0,40
1977,GINETTE,16,0,16
1977,GINGER,13,0,13
1977,GIOVANNA,26,0,26
1977,GISELE,8,0,8
1977,GISELLE,11,0,11
1977,FELICIA,14,0,14
1977,DANA,121,14,107
1977,FAYE,17,0,17
1977,FARRAH,39,0,39
1977,ELISHA,10,0,10
1977,ELISSA,19,0,19
1977,ELIZA,6,0,6
1977,ELIZABETH,474,0,474
1977,ELIZEBETH,6,0,6
1977,ELLEN,34,0,34
1977,ELSA,7,0,7
1977,ELVIRA,7,0,7
1977,ELYSE,7,0,7
1977,EMILIA,10,0,10
1977,EMILIE,7,0,7
1977,EMILY,166,0,166
1977,EMMA,31,0,31
1977,ENZA,7,0,7
1977,ERICA,120,0,120
1977,ERIKA,64,0,64
1977,ERIN,578,6,572
1977,ERINN,6,0,6
1977,ESTHER,32,0,32
1977,EUGENIA,7,0,7
1977,EUNICE,6,0,6
1977,EVA,36,0,36
1977,EVELYN,23,0,23
1977,FAITH,15,0,15
1977,FARAH,13,0,13
1977,FATIMA,13,0,13
1977,DALLAS,20,13,7
1977,DALE,100,94,6
1977,DAISY,13,0,13
1977,CANDY,7,0,7
1977,CARA,64,0,64
1977,CAREY,16,6,10
1977,CARI,8,0,8
1977,CARISSA,10,0,10
1977,CARLA,97,0,97
1977,CARLENE,6,0,6
1977,CARLY,12,0,12
1977,CARMELA,32,0,32
1977,CARMELINA,9,0,9
1977,CARMEN,32,9,23
1977,CAROLE,31,0,31
1977,CAROLINA,10,0,10
1977,CAROLINE,119,0,119
1977,CAROLYN,169,0,169
1977,CAROLYNE,8,0,8
1977,CAROLYNN,6,0,6
1977,CARRIE,321,0,321
1977,CARRIE-ANN,11,0,11
1977,CARRIE-ANNE,13,0,13
1977,CARRIE-LYNN,8,0,8
1977,CARYN,9,0,9
1977,CASEY,57,48,9
1977,CASSANDRA,37,0,37
1977,CATERINA,35,0,35
1977,CANDICE,43,0,43
1977,CATHARINE,30,0,30
1977,CANDACE,40,0,40
1977,CAMILLA,6,0,6
1977,BERNICE,9,0,9
1977,BETH,37,0,37
1977,BETHANY,24,0,24
1977,BETTINA,9,0,9
1977,BETTY,27,0,27
1977,BEVERLEY,9,0,9
1977,BEVERLY,40,0,40
1977,BIANCA,12,0,12
1977,BILLIE-JO,8,0,8
1977,BOBBI,15,0,15
1977,BOBBI-JO,13,0,13
1977,BOBBIE,7,0,7
1977,BONNIE,86,0,86
1977,BRANDI,58,0,58
1977,BRANDIE,15,0,15
1977,BRANDY,74,0,74
1977,BRENDA,109,0,109
1977,BRENNA,6,0,6
1977,BRIANNA,7,0,7
1977,BRIDGET,21,0,21
1977,BRIGITTE,26,0,26
1977,BRONWYN,8,0,8
1977,BROOKE,25,0,25
1977,BUFFY,9,0,9
1977,CAITLIN,13,0,13
1977,CAMILLE,14,0,14
1977,GIUSEPPINA,27,0,27
1977,CATHERINE,300,0,300
1977,CECILIA,16,0,16
1977,CLAIRE,38,0,38
1977,CLARA,8,0,8
1977,CLARE,14,0,14
1977,CLARISSA,10,0,10
1977,CLAUDETTE,9,0,9
1977,CLAUDIA,39,0,39
1977,CLAUDINE,15,0,15
1977,COLETTE,9,0,9
1977,COLLEEN,132,0,132
1977,CONCETTA,15,0,15
1977,CONNIE,60,0,60
1977,CONSTANCE,14,0,14
1977,CORA,13,0,13
1977,CORI,6,0,6
1977,CORINA,10,0,10
1977,CORINNA,8,0,8
1977,CORINNE,40,0,40
1977,CORRIE,42,7,35
1977,CORRY,12,6,6
1977,CORTNEY,8,0,8
1977,CORY,256,248,8
1977,COURTNEY,98,12,86
1977,CRISTINA,60,0,60
1977,CRYSTAL,258,0,258
1977,CYNTHIA,185,0,185
1977,CINZIA,11,0,11
1977,CATHY,39,0,39
1977,CINDY,190,0,190
1977,CHRISTY,44,0,44
1977,CELESTE,11,0,11
1977,CELIA,15,0,15
1977,CELINA,10,0,10
1977,CELINE,13,0,13
1977,CHANA,6,0,6
1977,CHANDRA,14,0,14
1977,CHANTAL,97,0,97
1977,CHANTALE,28,0,28
1977,CHANTEL,18,0,18
1977,CHANTELLE,34,0,34
1977,CHARISSA,6,0,6
1977,CHARITY,21,0,21
1977,CHARLENE,103,0,103
1977,CHARLOTTE,38,0,38
1977,CHARMAINE,33,0,33
1977,CHELSEA,6,0,6
1977,CHERI,22,0,22
1977,CHERIE,25,0,25
1977,CHERYL,184,0,184
1977,CHLOE,8,0,8
1977,CHRISTA,69,0,69
1977,CHRISTIANE,12,0,12
1977,CHRISTIE,55,0,55
1977,CHRISTINA,402,0,402
1977,CHRISTINE,606,0,606
1977,CHRYSTAL,14,0,14
1977,BERNADETTE,14,0,14
1977,GLENDA,8,0,8
1977,GRACE,41,0,41
1977,KIMBERLY-ANN,6,0,6
1977,KIRAN,8,0,8
1977,KIRSTEN,39,0,39
1977,KIRSTIN,7,0,7
1977,KIRSTY,10,0,10
1977,KONSTANTINA,6,0,6
1977,KRISTA,238,0,238
1977,KRISTAL,10,0,10
1977,KRISTEN,109,5,104
1977,KRISTI,37,0,37
1977,KRISTIE,27,0,27
1977,KIMBERLY,433,0,433
1977,KRISTIN,80,6,74
1977,KRISTINE,76,0,76
1977,KRISTY,138,0,138
1977,KRYSTAL,13,0,13
1977,KYLA,19,0,19
1977,LANA,38,0,38
1977,LARA,33,0,33
1977,LARISA,6,0,6
1977,LARISSA,24,0,24
1977,LAURA,574,0,574
1977,LAUREL,20,0,20
1977,LAUREN,60,0,60
1977,KRISTINA,125,0,125
1977,KIMBERLEY,204,0,204
1977,KIMBERLEE,8,0,8
1977,KIM,52,5,47
1977,KATARINA,9,0,9
1977,KATE,18,0,18
1977,KATERINA,10,0,10
1977,KATHARINA,8,0,8
1977,KATHARINE,28,0,28
1977,KATHERINE,300,0,300
1977,KATHLEEN,172,0,172
1977,KATHRYN,176,0,176
1977,KATHY,34,0,34
1977,KATIE,42,0,42
1977,KATRINA,51,0,51
1977,KAVITA,7,0,7
1977,KEELY,6,0,6
1977,KELLEY,21,0,21
1977,KELLI,20,0,20
1977,KELLIE,32,0,32
1977,KELLY,825,32,793
1977,KELLY-ANN,18,0,18
1977,KELLY-ANNE,13,0,13
1977,KENDRA,51,0,51
1977,KERI,37,0,37
1977,KERRI,75,0,75
1977,KERRI-LYNN,6,0,6
1977,KERRIE,18,0,18
1977,KERRY,85,15,70
1977,LAURIE,145,0,145
1977,LEA,9,0,9
1977,LEAH,99,0,99
1977,LEANN,6,0,6
1977,LISA,1068,0,1068
1977,LISE,22,0,22
1977,LIZA,20,0,20
1977,LORA,24,0,24
1977,LOREDANA,8,0,8
1977,LORETTA,24,0,24
1977,LORI,195,0,195
1977,LORI-ANN,17,0,17
1977,LORI-ANNE,10,0,10
1977,LORIE,16,0,16
1977,LORNA,12,0,12
1977,LORRAINE,38,0,38
1977,LORRIE,14,0,14
1977,LOUISA,12,0,12
1977,LOUISE,46,0,46
1977,LUCIA,34,0,34
1977,LUCIANA,7,0,7
1977,LUCIE,6,0,6
1977,LUCINDA,7,0,7
1977,LUCY,23,0,23
1977,LUISA,16,0,16
1977,LYDIA,21,0,21
1977,LYNDA,20,0,20
1977,LYNDSAY,13,0,13
1977,LYNDSEY,7,0,7
1977,LINDSEY,45,0,45
1977,KARYN,20,0,20
1977,LINDSAY,257,5,252
1977,LINA,21,0,21
1977,LEANNA,13,0,13
1977,LEANNE,110,0,110
1977,LEE,146,114,32
1977,LEE-ANN,20,0,20
1977,LEE-ANNE,15,0,15
1977,LEEANN,8,0,8
1977,LEEANNE,6,0,6
1977,LEENA,6,0,6
1977,LEIGH,62,14,48
1977,LEIGH-ANN,9,0,9
1977,LEIGH-ANNE,8,0,8
1977,LEILA,19,0,19
1977,LENA,25,0,25
1977,LEONA,15,0,15
1977,LESLEY,109,0,109
1977,LESLEY-ANN,7,0,7
1977,LESLIE,174,37,137
1977,LIA,9,0,9
1977,LIANA,11,0,11
1977,LIANE,12,0,12
1977,LIANNE,22,0,22
1977,LIDIA,6,0,6
1977,LIISA,10,0,10
1977,LILLIAN,11,0,11
1977,LILY,8,0,8
1977,LINDA,147,0,147
1977,KARRIE,18,0,18
1977,KARLA,22,0,22
1977,KARINE,19,0,19
1977,JACQUELYN,15,0,15
1977,JACQUELYNN,6,0,6
1977,JAIME,187,8,179
1977,JAIMIE,22,0,22
1977,JAMIE,503,347,156
1977,JAMILA,7,0,7
1977,JAMMIE,6,0,6
1977,JAN,24,15,9
1977,JANA,28,0,28
1977,JANE,55,0,55
1977,JANELLE,24,0,24
1977,JANET,124,0,124
1977,JANETTE,20,0,20
1977,JANEY,8,0,8
1977,JANICE,100,0,100
1977,JANIE,8,0,8
1977,JANINE,38,0,38
1977,JANIS,19,0,19
1977,JANNA,18,0,18
1977,JASMINE,33,0,33
1977,JAYME,16,6,10
1977,JAYNE,7,0,7
1977,JEAN,78,57,21
1977,JEANETTE,46,0,46
1977,JEANINE,11,0,11
1977,JACQUELINE,194,0,194
1977,JEANNE,11,0,11
1977,JACLYN,60,0,60
1977,IVY,7,0,7
1977,GRAZIA,9,0,9
1977,GRAZIELLA,8,0,8
1977,GWEN,6,0,6
1977,HALEY,12,0,12
1977,HANNAH,17,0,17
1977,HAYLEY,22,0,22
1977,HAZEL,6,0,6
1977,HEATHER,664,0,664
1977,HEIDI,90,0,90
1977,HELEN,94,0,94
1977,HELENA,21,0,21
1977,HILARY,35,0,35
1977,HILLARY,11,0,11
1977,HOLLIE,9,0,9
1977,HOLLY,121,0,121
1977,HOPE,14,0,14
1977,IDA,15,0,15
1977,ILANA,6,0,6
1977,INFANT,7,0,7
1977,INGRID,20,0,20
1977,IOANNA,6,0,6
1977,IRENE,55,0,55
1977,ISABEL,14,0,14
1977,ISABELLA,7,0,7
1977,ISABELLE,30,0,30
1977,JACKIE,21,0,21
1977,GLORIA,19,0,19
1977,JEANNETTE,16,0,16
1977,JEANNINE,7,0,7
1977,JOLENE,33,0,33
1977,JONI,8,0,8
1977,JOSEE,38,0,38
1977,JOSEPHINE,26,0,26
1977,JOSIE,14,0,14
1977,JOSÉE,6,0,6
1977,JOY,26,0,26
1977,JOYCE,18,0,18
1977,JUANITA,12,0,12
1977,JUDITH,28,0,28
1977,JUDY,35,0,35
1977,JULIA,99,0,99
1977,JULIANA,16,0,16
1977,JULIANNE,15,0,15
1977,JULIE,716,0,716
1977,JULIE-ANN,11,0,11
1977,JULIE-ANNE,8,0,8
1977,JULIETTE,9,0,9
1977,JUNE,6,0,6
1977,JUSTINE,10,0,10
1977,KARA,50,0,50
1977,KAREN,569,0,569
1977,KARI,40,0,40
1977,KARIN,10,0,10
1977,KARINA,11,0,11
1977,JOLEEN,12,0,12
1977,JEANNIE,13,0,13
1977,JOHANNE,13,0,13
1977,JOELLE,14,0,14
1977,JENIFER,14,0,14
1977,JENIFFER,7,0,7
1977,JENNA,17,0,17
1977,JENNIE,30,0,30
1977,JENNIFER,2626,0,2626
1977,JENNIFER-LEE,7,0,7
1977,JENNIFER-LYNN,11,0,11
1977,JENNIFFER,6,0,6
1977,JENNY,104,0,104
1977,JESSE,131,125,6
1977,JESSICA,464,0,464
1977,JESSIE,27,5,22
1977,JILL,127,0,127
1977,JILLIAN,90,0,90
1977,JO ANNE,6,0,6
1977,JO-ANN,6,0,6
1977,JO-ANNE,13,0,13
1977,JOAN,17,0,17
1977,JOANNA,96,0,96
1977,JOANNE,186,0,186
1977,JOCELYN,64,0,64
1977,JOCELYNE,9,0,9
1977,JODI,106,0,106
1977,JODIE,60,0,60
1977,JODY,180,59,121
1977,JOHANNA,22,0,22
1977,BELINDA,40,0,40
1977,CAROL,66,0,66
1977,BARBRA,12,0,12
1977,SHARLENE,9,0,9
1977,SHARI,37,0,37
1977,SHANON,6,0,6
1977,SHANNON,700,44,656
1977,SHANNAN,14,0,14
1977,SHANNA,27,0,27
1977,SHANA,22,0,22
1977,SHALON,9,0,9
1977,SHALINI,6,0,6
1977,SERENA,20,0,20
1977,SHARON,148,0,148
1977,SELINA,7,0,7
1977,BECKY,28,0,28
1977,SASHA,19,6,13
1977,SARI,7,0,7
1977,SARAH,1073,0,1073
1977,SARA,290,0,290
1977,SANJA,6,0,6
1977,SANDY,87,9,78
1977,SANDRA,372,0,372
1977,SANDI,9,0,9
1977,SAMARA,8,0,8
1977,SELENA,21,0,21
1977,SAMANTHA,160,0,160
1977,SHARRON,6,0,6
1977,SHAWNA,92,0,92
1977,SOFIA,13,0,13
1977,SIOBHAN,13,0,13
1977,SINEAD,6,0,6
1977,SIMONE,31,0,31
1977,SILVIA,18,0,18
1977,SILVANA,14,0,14
1977,SHONNA,7,0,7
1977,SHONA,12,0,12
1977,SHIRLEY,30,0,30
1977,SHERYL,25,0,25
1977,SHAUNA,59,0,59
1977,SHERRY,135,0,135
1977,SHERRI-LYNN,7,0,7
1977,SHERRI,70,0,70
1977,SHERI-LYNN,7,0,7
1977,SHERI,108,0,108
1977,SHELLY,67,0,67
1977,SHELLEY,119,0,119
1977,SHELBY,15,0,15
1977,SHEILA,63,0,63
1977,SHEENA,13,0,13
1977,SHAYNA,7,0,7
1977,SHERRIE,15,0,15
1977,SALLY,37,0,37
1977,SAIMA,9,0,9
1977,SADIE,7,0,7
1977,RHIANNON,9,0,9
1977,RHEA,6,0,6
1977,RENÉE,6,0,6
1977,RENEE,143,0,143
1977,RENE,43,36,7
1977,RENATA,15,0,15
1977,RENA,8,0,8
1977,REGINA,6,0,6
1977,REGAN,14,5,9
1977,REENA,7,0,7
1977,RHONDA,82,0,82
1977,REBEKAH,20,0,20
1977,REAGAN,8,0,8
1977,RAYNA,7,0,7
1977,RAQUEL,6,0,6
1977,RANDI,6,0,6
1977,RAMONA,22,0,22
1977,RAINA,6,0,6
1977,RACHELLE,43,0,43
1977,RACHEL,254,0,254
1977,RACHAEL,30,0,30
1977,PRIYA,8,0,8
1977,REBECCA,448,0,448
1977,RICHELLE,8,0,8
1977,RINA,8,0,8
1977,RITA,31,0,31
1977,SACHA,23,10,13
1977,SABRINA,289,0,289
1977,SABINA,7,0,7
1977,RUTH,40,0,40
1977,RUPINDER,6,0,6
1977,RUBY,12,0,12
1977,ROXANNE,59,0,59
1977,ROXANE,16,0,16
1977,ROSEMARY,43,0,43
1977,ROSEMARIE,13,0,13
1977,ROSE,28,0,28
1977,ROSARIA,10,0,10
1977,ROSANNE,9,0,9
1977,ROSANNA,27,0,27
1977,ROSAMARIA,6,0,6
1977,ROSALYN,7,0,7
1977,ROSALIE,11,0,11
1977,ROSA,36,0,36
1977,RONDA,8,0,8
1977,ROCHELLE,29,0,29
1977,ROBYN,84,0,84
1977,ROBIN,200,69,131
1977,ROBERTA,22,0,22
1977,SOMER,7,0,7
1977,PRISCILLA,13,0,13
1977,SOMMER,11,0,11
1977,SONIA,128,0,128
1977,TRUDY,16,0,16
1977,TRISHA,69,0,69
1977,TRISH,11,0,11
1977,TRINA,32,0,32
1977,TRICIA,78,0,78
1977,TRACY,321,0,321
1977,TRACI,7,0,7
1977,TRACEY,88,0,88
1977,TORI,6,0,6
1977,TONYA,45,0,45
1977,URSULA,6,0,6
1977,TONIA,26,0,26
1977,TIZIANA,10,0,10
1977,TISHA,9,0,9
1977,TINA,234,0,234
1977,TIFFANY,80,0,80
1977,THERESSA,6,0,6
1977,THERESA,75,0,75
1977,THEODORA,7,0,7
1977,TESSA,6,0,6
1977,TERRY,135,121,14
1977,TERRI-LYNN,11,0,11
1977,TONI,18,0,18
1977,TERRI,56,0,56
1977,VALENTINA,8,0,8
1977,VANESSA,164,0,164
1977,ZOE,18,0,18
1977,ZAHRA,8,0,8
1977,YVONNE,50,0,50
1977,YVETTE,16,0,16
1977,YOLANDA,7,0,7
1977,YASMIN,7,0,7
1977,WENDY,210,0,210
1977,WANDA,26,0,26
1977,VOULA,7,0,7
1977,VIVIAN,22,0,22
1977,VALERIE,116,0,116
1977,VITTORIA,8,0,8
1977,VIOLET,9,0,9
1977,VICTORIA,110,0,110
1977,VICKY,22,0,22
1977,VICKIE,8,0,8
1977,VICKI,33,0,33
1977,VERONIQUE,17,0,17
1977,VERONICA,45,0,45
1977,VERA,12,0,12
1977,VENESSA,11,0,11
1977,VASILIKI,12,0,12
1977,VIRGINIA,42,0,42
1977,TERRA,17,0,17
1977,TERI,18,0,18
1977,TERESA,118,0,118
1977,SUZANNE,128,0,128
1977,SUZANNA,6,0,6
1977,SUZANA,8,0,8
1977,SUSY,15,0,15
1977,SUSIE,13,0,13
1977,SUSANNE,28,0,28
1977,SUSANNA,15,0,15
1977,SUSANA,10,0,10
1977,SUSAN,292,0,292
1977,SUMMER,20,0,20
1977,SUZETTE,7,0,7
1977,SUE,9,0,9
1977,STELLA,18,0,18
1977,STEFANIE,32,0,32
1977,STEFANIA,23,0,23
1977,STACY,85,10,75
1977,STACIE,19,0,19
1977,STACEY,260,6,254
1977,SOPHIE,34,0,34
1977,SOPHIA,34,0,34
1977,SONYA,64,0,64
1977,SONJA,22,0,22
1977,STEPHANIE,545,0,545
1977,SUZY,12,0,12
1977,SYLVIA,52,0,52
1977,SYLVIE,47,0,47
1977,TERA,10,0,10
1977,TENNILLE,7,0,7
1977,TENILLE,8,0,8
1977,TEENA,7,0,7
1977,TAWNYA,9,0,9
1977,TATUM,7,0,7
1977,TASHA,31,0,31
1977,TARYN,23,0,23
1977,TARRAH,7,0,7
1977,TARAH,9,0,9
1977,TARA,443,0,443
1977,TANYA,498,0,498
1977,TANJA,17,0,17
1977,TANIS,11,0,11
1977,TANIA,133,0,133
1977,TAMMY-LYNN,9,0,9
1977,TAMMY,405,0,405
1977,TAMI,9,0,9
1977,TAMARA,151,0,151
1977,TAMAR,7,0,7
1977,TALIA,10,0,10
1977,TABITHA,18,0,18
1977,TABATHA,13,0,13
1977,SONAL,7,0,7
1977,POOJA,7,0,7
1977,SEEMA,14,0,14
1977,PETRA,6,0,6
1977,ADELE,12,0,12
1977,ADRIANA,24,0,24
1977,ADRIANNA,8,0,8
1977,ADRIANNE,10,0,10
1977,ADRIENNE,65,0,65
1977,AIMEE,84,0,84
1977,AISHA,14,0,14
1977,ALANA,38,0,38
1977,ALANNA,13,0,13
1977,ALEXANDRA,60,0,60
1977,ADA,8,0,8
1977,ALEXIS,19,0,19
1977,ALICE,33,0,33
1977,ALICIA,88,0,88
1977,ALINA,6,0,6
1977,ALINE,11,0,11
1977,ALISA,11,0,11
1977,ALISHA,20,0,20
1977,ALISON,171,0,171
1977,ALISSA,6,0,6
1977,ALIZA,7,0,7
1977,ALLANA,6,0,6
1977,ALIA,9,0,9
1977,ALLISON,188,0,188
1977,ABIGAIL,11,0,11
1977,LYNN,61,0,61
1977,MARIANNE,37,0,37
1977,MARIANNA,7,0,7
1977,MARIAN,13,0,13
1977,MARIAM,7,0,7
1977,MARIA,281,0,281
1977,MARGO,6,0,6
1977,MARGHERITA,6,0,6
1977,MARGARET,129,0,129
1977,MARCY,9,0,9
1977,MARCIE,12,0,12
1977,AARON,382,375,7
1977,MARCIA,53,0,53
1977,MARA,9,0,9
1977,MANUELA,7,0,7
1977,MANON,14,0,14
1977,MANDY,77,0,77
1977,MANDI,8,0,8
1977,MANDEEP,7,0,7
1977,MALISSA,7,0,7
1977,MAGGIE,14,0,14
1977,MACKENZIE,9,0,9
1977,LYNNE,16,0,16
1977,MARCELLA,11,0,11
1977,MARIE,694,0,694
1977,ALLYSON,13,0,13
1977,ALYSSA,17,0,17
1977,ANNA,151,0,151
1977,ANNA-MARIE,7,0,7
1977,ANNE,120,0,120
1977,ANNE-MARIE,20,0,20
1977,ANNETTE,39,0,39
1977,ANNIE,42,0,42
1977,ANTHEA,6,0,6
1977,ANTOINETTE,8,0,8
1977,ANTONELLA,36,0,36
1977,ANTONIA,15,0,15
1977,ANN-MARIE,14,0,14
1977,ANTONIETTA,20,0,20
1977,ARLENE,25,0,25
1977,ASHA,7,0,7
1977,ASHLEIGH,8,0,8
1977,ASHLEY,56,22,34
1977,ASSUNTA,7,0,7
1977,ATHENA,6,0,6
1977,AUDREY,27,0,27
1977,AYESHA,10,0,10
1977,BABY,186,105,81
1977,BARBARA,124,0,124
1977,APRIL,157,0,157
1977,ALYSON,25,0,25
1977,ANN,72,0,72
1977,ANITA,106,0,106
1977,AMANDA,674,0,674
1977,AMBER,119,0,119
1977,AMELIA,28,0,28
1977,AMI,10,0,10
1977,AMIE,37,0,37
1977,AMY,732,0,732
1977,AMY-LYNN,6,0,6
1977,ANA,16,0,16
1977,ANASTASIA,22,0,22
1977,PINA,6,0,6
1977,ANJALI,10,0,10
1977,ANDREA,592,18,574
1977,ANDRIA,8,0,8
1977,ANGEL,44,0,44
1977,ANGELA,784,0,784
1977,ANGELE,27,0,27
1977,ANGELICA,6,0,6
1977,ANGELINA,23,0,23
1977,ANGELINE,6,0,6
1977,ANGELIQUE,7,0,7
1977,ANGIE,62,0,62
1977,ANIK,11,0,11
1977,ANDREE,6,0,6
1977,MARIE-CLAUDE,6,0,6
1977,ANDRA,10,0,10
1977,MARIE-FRANCE,7,0,7
1977,NATHALIE,56,0,56
1977,NATASHA,188,0,188
1977,NATASA,7,0,7
1977,NATALINA,6,0,6
1977,NATALIE,381,0,381
1977,NATALIA,15,0,15
1977,NATACHA,6,0,6
1977,NAOMI,48,0,48
1977,NANCY,253,0,253
1977,NADIRA,6,0,6
1977,NELIA,10,0,10
1977,NADINE,112,0,112
1977,NADA,9,0,9
1977,MÉLANIE,12,0,12
1977,MYRIAM,6,0,6
1977,MYRA,16,0,16
1977,MYLENE,7,0,7
1977,MORGAN,31,25,6
1977,MONIQUE,58,0,58
1977,MONIKA,23,0,23
1977,MONICA,118,0,118
1977,MONA,12,0,12
1977,NADIA,169,0,169
1977,MOLLY,17,0,17
1977,NICHOLE,21,0,21
1977,NICOLE,577,0,577
1977,MARIE-EVE,6,0,6
1977,PENNY,40,0,40
1977,PENELOPE,15,0,15
1977,PEGGY,14,0,14
1977,PAULINE,39,0,39
1977,PAULA,110,0,110
1977,PATRIZIA,26,0,26
1977,PATRICIA,298,0,298
1977,PATRICE,8,0,8
1977,PARASKEVI,9,0,9
1977,NICOLA,47,31,16
1977,PAOLA,9,0,9
1977,PAMELA,144,0,144
1977,OLIVIA,45,0,45
1977,OLGA,6,0,6
1977,NORMA,14,0,14
1977,NOREEN,6,0,6
1977,NORA,16,0,16
1977,NOELLE,7,0,7
1977,NINA,21,0,21
1977,NIKKI,9,0,9
1977,NICOLLE,6,0,6
1977,PANAGIOTA,16,0,16
1977,MOIRA,8,0,8
1977,NIKI,10,0,10
1977,MIRJANA,8,0,8
1977,MARYANNE,9,0,9
1977,MARYANN,17,0,17
1977,MARY-ANN,10,0,10
1977,MARY,351,0,351
1977,MARTINE,16,0,16
1977,MARTINA,7,0,7
1977,MARTHA,42,0,42
1977,MARSHA,62,0,62
1977,MARNIE,28,0,28
1977,MARNI,14,0,14
1977,MAUREEN,40,0,40
1977,MARLO,8,0,8
1977,MARLA,15,0,15
1977,MARJORIE,17,0,17
1977,MARISSA,29,0,29
1977,MARISA,44,0,44
1977,MARION,15,0,15
1977,MARINA,18,0,18
1977,MARILYN,34,0,34
1977,MARIJA,10,0,10
1977,MISTY,37,0,37
1977,MARIE-JOSEE,13,0,13
1977,MARLENA,10,0,10
1977,MAXINE,20,0,20
1977,MARLENE,34,0,34
1977,MEAGAN,39,0,39
1977,MIREILLE,9,0,9
1977,MAYA,11,0,11
1977,MIRANDA,69,0,69
1977,MINDY,17,0,17
1977,MILENA,6,0,6
1977,MICHELLE,978,0,978
1977,MICHELINE,10,0,10
1977,MICHAELA,9,0,9
1977,MIA,12,0,12
1977,MEREDITH,51,0,51
1977,MELONIE,6,0,6
1977,MICHELE,110,37,73
1977,MELODIE,12,0,12
1977,MEAGHAN,20,0,20
1977,MEGAN,106,0,106
1977,MELODY,28,0,28
1977,MEGHAN,59,0,59
1977,MELANIE,530,0,530
1977,MELINDA,51,0,51
1977,MIRIAM,30,0,30
1977,MELISSA,876,0,876
1977,MELLISSA,13,0,13
1977,MELISA,20,0,20
1978,CONRAD,12,12,0
1978,CONOR,13,13,0
1978,CONNOR,5,5,0
1978,COLLIN,16,16,0
1978,COLIN,178,178,0
1978,COLE,7,7,0
1978,CODY,7,7,0
1978,CLINTON,43,43,0
1978,CLINT,17,17,0
1978,CLAYTON,53,53,0
1978,CLIFFORD,32,32,0
1978,CLAUDE,21,21,0
1978,CLAUDIO,24,24,0
1978,CLIFTON,9,9,0
1978,CURT,6,6,0
1978,CONSTANTINOS,7,7,0
1978,CORNELIUS,6,6,0
1978,CORRADO,6,6,0
1978,CORY,207,207,0
1978,COSIMO,5,5,0
1978,COURTENAY,6,6,0
1978,CRAIG,347,347,0
1978,CRISTOPHER,11,11,0
1978,CURTIS,120,120,0
1978,CYRIL,5,5,0
1978,CYRUS,5,5,0
1978,DAMIAN,25,25,0
1978,CLARK,8,8,0
1978,DALE,85,85,0
1978,CONSTANTINE,5,5,0
1978,CLARENCE,7,7,0
1978,BRYAN,212,212,0
1978,CHRISTOS,22,22,0
1978,BRETT,61,61,0
1978,DAMIANO,5,5,0
1978,BRENTON,5,5,0
1978,BRIAN,648,648,0
1978,BROCK,15,15,0
1978,BRODIE,10,10,0
1978,BRUCE,66,66,0
1978,BRUNO,21,21,0
1978,BRYCE,22,22,0
1978,BYRON,22,22,0
1978,CALEB,5,5,0
1978,CALOGERO,8,8,0
1978,CALVIN,31,31,0
1978,CAMERON,104,104,0
1978,CARL,56,56,0
1978,CARLO,34,34,0
1978,CARLOS,36,36,0
1978,CARMELO,10,10,0
1978,CARMINE,8,8,0
1978,CARSON,10,10,0
1978,CEDRIC,6,6,0
1978,CESAR,6,6,0
1978,CHAD,294,294,0
1978,CHADWICK,30,30,0
1978,CHAIM,6,6,0
1978,CHARALAMBOS,5,5,0
1978,CHARLES,255,255,0
1978,CHRISTIAN,137,137,0
1978,CHRISTOPHER,2056,2056,0
1978,CHUCK,6,6,0
1978,DAMIEN,36,36,0
1978,DERIK,5,5,0
1978,DAN,6,6,0
1978,DONALD,230,230,0
1978,DON,11,11,0
1978,DOMINIC,26,26,0
1978,DOMENICO,44,44,0
1978,DOMENIC,10,10,0
1978,DION,7,7,0
1978,DINO,22,22,0
1978,DIMITRIOS,38,38,0
1978,DIEGO,7,7,0
1978,DEXTER,6,6,0
1978,DEVIN,29,29,0
1978,DESMOND,16,16,0
1978,DERYK,5,5,0
1978,DERRICK,51,51,0
1978,DERICK,13,13,0
1978,DEREK,413,413,0
1978,DERECK,11,11,0
1978,DENNY,18,18,0
1978,DENNIS,150,150,0
1978,DENIS,54,54,0
1978,DEMETRIOS,11,11,0
1978,DEJAN,6,6,0
1978,DEAN,78,78,0
1978,DAX,6,6,0
1978,DAVIS,5,5,0
1978,DAVIN,5,5,0
1978,DAVIDE,18,18,0
1978,BRENT,185,185,0
1978,DAVID,1826,1826,0
1978,DONATO,5,5,0
1978,DONNY,16,16,0
1978,DONOVAN,9,9,0
1978,DOUGLAS,205,205,0
1978,DANIEL,973,973,0
1978,DANIELE,29,29,0
1978,DANILO,5,5,0
1978,DANNY,114,114,0
1978,DANY,7,7,0
1978,DAREN,5,5,0
1978,DARIN,8,8,0
1978,DARREL,7,7,0
1978,DARRELL,55,55,0
1978,DARREN,193,193,0
1978,DARRICK,8,8,0
1978,DARRIN,13,13,0
1978,DARRYL,287,287,0
1978,DARRYN,8,8,0
1978,DAMON,17,17,0
1978,DARWIN,8,8,0
1978,DAVE,17,17,0
1978,EDWIN,28,28,0
1978,EDWARD,184,184,0
1978,EDMUND,15,15,0
1978,EDMOND,8,8,0
1978,EDGAR,10,10,0
1978,EARL,13,13,0
1978,DYLAN,35,35,0
1978,DWIGHT,16,16,0
1978,DWAYNE,129,129,0
1978,DUSTIN,64,64,0
1978,DUNCAN,22,22,0
1978,DUANE,36,36,0
1978,DREW,25,25,0
1978,DARYL,67,67,0
1978,BRENNAN,11,11,0
1978,TERRY,111,93,18
1978,BRENDAN,69,69,0
1978,VIRGINIA,52,0,52
1978,VIVIAN,18,0,18
1978,WANDA,20,0,20
1978,WENDY,161,0,161
1978,WHITNEY,9,0,9
1978,WINNIE,7,0,7
1978,YASMIN,6,0,6
1978,YOLANDA,12,0,12
1978,YVETTE,16,0,16
1978,YVONNE,44,0,44
1978,ZAHRA,7,0,7
1978,ZOE,20,0,20
1978,ELI,17,17,0
1978,ABDUL,5,5,0
1978,ABRAHAM,12,12,0
1978,ADAM,786,786,0
1978,ADIL,7,7,0
1978,ADNAN,5,5,0
1978,ADRIAN,107,107,0
1978,ADRIANO,17,17,0
1978,ADRIEN,5,5,0
1978,AHMED,10,10,0
1978,AJAY,12,12,0
1978,ALAIN,51,51,0
1978,ALAN,101,101,0
1978,ALASTAIR,8,8,0
1978,ALBERT,53,53,0
1978,ALEC,6,6,0
1978,ALEKSANDAR,9,9,0
1978,VIOLET,8,0,8
1978,ALESSANDRO,22,22,0
1978,VIKKI,6,0,6
1978,VICKY,25,0,25
1978,TESSA,11,0,11
1978,THEA,6,0,6
1978,THERESA,97,0,97
1978,THERESE,7,0,7
1978,TIFFANY,69,0,69
1978,TINA,245,0,245
1978,TISHA,7,0,7
1978,TOBI,6,0,6
1978,TONI,13,0,13
1978,TONIA,12,0,12
1978,TONYA,44,0,44
1978,TORI,10,0,10
1978,TRACEY,89,0,89
1978,TRACIE,6,0,6
1978,TRACY,265,0,265
1978,TRICIA,68,0,68
1978,TRINA,23,0,23
1978,TRISHA,67,0,67
1978,TRUDY,13,0,13
1978,URSULA,6,0,6
1978,VALERIE,114,0,114
1978,VANESSA,209,0,209
1978,VASILIKI,16,0,16
1978,VENESSA,6,0,6
1978,VERA,9,0,9
1978,VERONICA,46,0,46
1978,VERONIQUE,15,0,15
1978,VICKI,34,0,34
1978,VICKIE,8,0,8
1978,VICTORIA,117,0,117
1978,ALEX,31,31,0
1978,ALEXANDER,172,172,0
1978,ALEXANDRE,23,23,0
1978,ARTHUR,37,37,0
1978,ARTURO,5,5,0
1978,ASIF,5,5,0
1978,ATHANASIOS,14,14,0
1978,AUSTIN,9,9,0
1978,AYAZ,5,5,0
1978,BARRY,64,64,0
1978,BASIL,9,9,0
1978,BELAL,5,5,0
1978,BEN,13,13,0
1978,BENJAMIN,308,308,0
1978,BENOIT,18,18,0
1978,BENSON,5,5,0
1978,BERNARD,19,19,0
1978,BERTRAM,6,6,0
1978,BILL,7,7,0
1978,BILLY,24,24,0
1978,BLAINE,13,13,0
1978,BLAIR,68,68,0
1978,BLAKE,28,28,0
1978,BOB,8,8,0
1978,BOBBY,17,17,0
1978,BORIS,11,11,0
1978,BRAD,22,22,0
1978,BRADEN,5,5,0
1978,BRADFORD,5,5,0
1978,BRADLEY,421,421,0
1978,BRAM,5,5,0
1978,BRANDON,147,147,0
1978,ARRON,6,6,0
1978,ARON,15,15,0
1978,ARI,8,8,0
1978,ANTONY,8,8,0
1978,ALEXANDROS,9,9,0
1978,ALFONSO,7,7,0
1978,ALFRED,11,11,0
1978,ALFREDO,8,8,0
1978,ALI,16,16,0
1978,ALIM,5,5,0
1978,ALLAN,96,96,0
1978,ALLEN,44,44,0
1978,ALVIN,24,24,0
1978,ALY,5,5,0
1978,ALYKHAN,5,5,0
1978,AMANDEEP,5,5,0
1978,AMAR,5,5,0
1978,AMIR,6,6,0
1978,BRENDON,12,12,0
1978,AMIT,16,16,0
1978,ANASTASIOS,10,10,0
1978,ANDRE,133,133,0
1978,ANDRÉ,11,11,0
1978,ANDREAS,12,12,0
1978,ANDREW,1012,1012,0
1978,ANDY,37,37,0
1978,ANGELO,50,50,0
1978,ANGUS,6,6,0
1978,ANIL,13,13,0
1978,ANSON,9,9,0
1978,ANTHONY,291,291,0
1978,ANTON,10,10,0
1978,ANTONINO,8,8,0
1978,ANTONIO,113,113,0
1978,AMOS,9,9,0
1978,ELIAS,15,15,0
1978,SYDNEY,5,5,0
1978,ELIJAH,6,6,0
1978,LYNDSEY,15,0,15
1978,LYNE,8,0,8
1978,LYNETTE,10,0,10
1978,LYNN,57,0,57
1978,LYNNE,28,0,28
1978,LYNSEY,9,0,9
1978,MACKENZIE,17,7,10
1978,MADELEINE,11,0,11
1978,MADELINE,7,0,7
1978,MAGGIE,22,0,22
1978,MALINDA,6,0,6
1978,MANDEEP,17,9,8
1978,MANDI,12,0,12
1978,MANDIE,6,0,6
1978,MANDY,137,0,137
1978,MANISHA,8,0,8
1978,MANON,16,0,16
1978,MARA,17,0,17
1978,MARCI,6,0,6
1978,MARCIA,43,0,43
1978,MARCIE,9,0,9
1978,LYNDSAY,28,0,28
1978,LYNDA,22,0,22
1978,LYDIA,20,0,20
1978,LUISA,8,0,8
1978,LINDY,13,0,13
1978,LINSEY,6,0,6
1978,LISA,1047,0,1047
1978,LISA-MARIE,12,0,12
1978,LISE,24,0,24
1978,LIZA,12,0,12
1978,LOIS,7,0,7
1978,LORA,22,0,22
1978,LOREDANA,8,0,8
1978,LORENA,8,0,8
1978,MARCY,14,0,14
1978,LORETTA,19,0,19
1978,LORI-ANN,10,0,10
1978,LORIE,8,0,8
1978,LORNA,9,0,9
1978,LORRAINE,37,0,37
1978,LORRIE,6,0,6
1978,LOUISA,12,0,12
1978,LOUISE,35,0,35
1978,LUCIA,27,0,27
1978,LUCIE,7,0,7
1978,LUCY,17,0,17
1978,LORI,193,0,193
1978,MARGARET,131,0,131
1978,MARGOT,11,0,11
1978,MARIA,274,0,274
1978,MARY-ANN,6,0,6
1978,MARY-ANNE,7,0,7
1978,MARYANN,12,0,12
1978,MARYANNE,10,0,10
1978,MAUREEN,30,0,30
1978,MAXINE,17,0,17
1978,MAYA,9,0,9
1978,MEAGAN,13,0,13
1978,MEAGHAN,36,0,36
1978,MEGAN,133,0,133
1978,MARY,343,0,343
1978,MEGHAN,68,0,68
1978,MELANIE,472,0,472
1978,MELINA,9,0,9
1978,MELINDA,82,0,82
1978,MELISA,19,0,19
1978,MELISSA,1112,0,1112
1978,MELLISSA,13,0,13
1978,MELODIE,20,0,20
1978,MELODY,23,0,23
1978,MEREDITH,53,0,53
1978,MICHAELA,8,0,8
1978,MEGHANN,9,0,9
1978,LINDSEY,62,5,57
1978,MARTINE,15,0,15
1978,MARTHA,35,0,35
1978,MARIAN,12,0,12
1978,MARIANNA,11,0,11
1978,MARIANNE,37,0,37
1978,MARIE,673,0,673
1978,MARIE-CLAUDE,10,0,10
1978,MARIE-EVE,10,0,10
1978,MARIE-FRANCE,7,0,7
1978,MARIE-JOSEE,7,0,7
1978,MARIJA,9,0,9
1978,MARIKA,6,0,6
1978,MARTINA,12,0,12
1978,MARILENA,7,0,7
1978,MARINA,22,0,22
1978,MARION,6,0,6
1978,MARISA,34,0,34
1978,MARISSA,19,0,19
1978,MARJORIE,14,0,14
1978,MARLA,13,0,13
1978,MARLENA,11,0,11
1978,MARLENE,53,0,53
1978,ELIE,7,7,0
1978,MARSHA,67,0,67
1978,MARILYN,35,0,35
1978,MICHELE,95,37,58
1978,LINDSAY,299,5,294
1978,LINA,19,0,19
1978,KELLY,751,27,724
1978,KELLY-ANN,11,0,11
1978,KELLY-ANNE,11,0,11
1978,KENDRA,51,0,51
1978,KERI,38,0,38
1978,KERRI,65,0,65
1978,KERRI-ANN,7,0,7
1978,KERRIE,12,0,12
1978,KERRY,82,12,70
1978,KILEY,6,0,6
1978,KIM,56,0,56
1978,KIMBERLEE,15,0,15
1978,KIMBERLEY,177,0,177
1978,KIMBERLY,374,0,374
1978,KIMBERLY-ANN,6,0,6
1978,KIRSTEN,48,0,48
1978,KIRSTIN,8,0,8
1978,KIRSTY,9,0,9
1978,KRISTA,238,0,238
1978,KRISTAL,10,0,10
1978,KRISTEN,106,0,106
1978,KELLIE,21,0,21
1978,KELLI,19,0,19
1978,KELLEY,20,0,20
1978,KEISHA,7,0,7
1978,KAREY,6,0,6
1978,KARI,38,0,38
1978,KARIE,6,0,6
1978,KARIN,21,0,21
1978,KARINA,15,0,15
1978,KARINE,20,0,20
1978,KARISSA,6,0,6
1978,KARLA,26,0,26
1978,KARRIE,17,0,17
1978,KARYN,18,0,18
1978,KRISTI,34,0,34
1978,KATARINA,7,0,7
1978,KATERINA,8,0,8
1978,KATHARINE,48,0,48
1978,KATHERINE,332,0,332
1978,KATHLEEN,194,0,194
1978,KATHRYN,201,0,201
1978,KATHY,35,0,35
1978,KATIE,48,0,48
1978,KATRINA,64,0,64
1978,KATY,7,0,7
1978,KAY,7,0,7
1978,KATE,26,0,26
1978,KRISTIE,44,0,44
1978,KRISTIN,62,0,62
1978,KRISTINA,116,0,116
1978,LEE,137,100,37
1978,LEE-ANN,17,0,17
1978,LEE-ANNE,9,0,9
1978,LEEANN,8,0,8
1978,LEEANNE,9,0,9
1978,LEIGH,38,6,32
1978,LEIGH-ANN,10,0,10
1978,LEIGH-ANNE,6,0,6
1978,LEILA,16,0,16
1978,LENA,13,0,13
1978,LEANNE,121,0,121
1978,LENORE,6,0,6
1978,LESLEY,113,0,113
1978,LESLIE,157,34,123
1978,LIA,12,0,12
1978,LIANA,13,0,13
1978,LIANE,13,0,13
1978,LIANNE,18,0,18
1978,LIISA,6,0,6
1978,LILA,8,0,8
1978,LILLIAN,11,0,11
1978,LILY,8,0,8
1978,LEONA,13,0,13
1978,LINDA,137,0,137
1978,LEANNA,14,0,14
1978,LEA,8,0,8
1978,KRISTINE,86,0,86
1978,KRISTY,168,0,168
1978,KRISTYN,8,0,8
1978,KRYSTA,7,0,7
1978,KRYSTAL,20,0,20
1978,KRYSTINA,6,0,6
1978,KYLA,34,0,34
1978,KYLIE,11,0,11
1978,KYRA,6,0,6
1978,LACEY,15,0,15
1978,LEAH,99,0,99
1978,LANA,36,0,36
1978,LARISSA,20,0,20
1978,LATOYA,10,0,10
1978,LAURA,619,0,619
1978,LAURA-ANN,6,0,6
1978,LAURA-LEE,8,0,8
1978,LAURALEE,6,0,6
1978,LAUREL,14,0,14
1978,LAUREN,86,0,86
1978,LAURIE,101,0,101
1978,LAYLA,7,0,7
1978,LARA,28,0,28
1978,KAREN,463,0,463
1978,MICHELINE,10,0,10
1978,MILENA,12,0,12
1978,SHEILA,51,0,51
1978,SHELBY,11,0,11
1978,SHELLEY,137,0,137
1978,SHELLY,56,0,56
1978,SHEREE,7,0,7
1978,SHEREEN,8,0,8
1978,SHERI,90,0,90
1978,SHERI-LYNN,6,0,6
1978,SHERRI,50,0,50
1978,SHERRI-LYNN,9,0,9
1978,SHERRIE,8,0,8
1978,SHERRY,106,0,106
1978,SHERRY-LYNN,6,0,6
1978,SHERYL,24,0,24
1978,SHIRLEY,25,0,25
1978,SHONA,14,0,14
1978,SILVANA,11,0,11
1978,SILVIA,13,0,13
1978,SIMONE,31,0,31
1978,SIOBHAN,17,0,17
1978,SOFIA,12,0,12
1978,SHEENA,12,0,12
1978,SHAYNA,10,0,10
1978,SHAWNNA,7,0,7
1978,SHAWNA,95,0,95
1978,SANDRA,339,0,339
1978,SANDY,84,5,79
1978,SARA,248,0,248
1978,SARAH,1120,0,1120
1978,SARAH-JANE,7,0,7
1978,SARI,7,0,7
1978,SASHA,28,12,16
1978,SEEMA,15,0,15
1978,SELENA,21,0,21
1978,SELINA,6,0,6
1978,SOMMER,9,0,9
1978,SERENA,18,0,18
1978,SHANNA,34,0,34
1978,SHANNAN,9,0,9
1978,SHANNON,637,21,616
1978,SHANON,8,0,8
1978,SHARI,23,0,23
1978,SHARLENE,14,0,14
1978,SHARON,123,0,123
1978,SHAUNA,63,0,63
1978,SHAUNNA,6,0,6
1978,SHAWN,576,570,6
1978,SHANA,27,0,27
1978,SONIA,97,0,97
1978,SONJA,18,0,18
1978,SONYA,79,0,79
1978,TABITHA,39,0,39
1978,TALIA,7,0,7
1978,TAMAR,6,0,6
1978,TAMARA,115,0,115
1978,TAMI,7,0,7
1978,TAMMY,337,0,337
1978,TAMMY-LYNN,6,0,6
1978,TANIA,120,0,120
1978,TANIS,15,0,15
1978,TANYA,463,0,463
1978,TABATHA,6,0,6
1978,TARA,428,0,428
1978,TARYN,20,0,20
1978,TASHA,35,0,35
1978,TAWNYA,7,0,7
1978,TAYLOR,18,12,6
1978,TEENA,9,0,9
1978,TENNILLE,6,0,6
1978,TERA,8,0,8
1978,TERESA,130,0,130
1978,TERI,16,0,16
1978,TERRA,25,0,25
1978,TARA-LYNN,9,0,9
1978,SANDI,8,0,8
1978,SYLVIE,33,0,33
1978,SUZY,7,0,7
1978,SOPHIA,19,0,19
1978,SOPHIE,27,0,27
1978,STACEY,284,5,279
1978,STACIE,13,0,13
1978,STACY,77,6,71
1978,STARR,6,0,6
1978,STAVROULA,8,0,8
1978,STEFANIA,16,0,16
1978,STEFANIE,26,0,26
1978,STELLA,16,0,16
1978,SYLVIA,40,0,40
1978,STEPHANIE,602,0,602
1978,SUSAN,234,0,234
1978,SUSANA,6,0,6
1978,SUSANNA,13,0,13
1978,SUSANNE,35,0,35
1978,SUSIE,16,0,16
1978,SUSY,17,0,17
1978,SUZAN,6,0,6
1978,SUZANA,7,0,7
1978,SUZANNA,6,0,6
1978,SUZANNE,116,0,116
1978,SUMMER,18,0,18
1978,MICHELLE,941,0,941
1978,SAMANTHA,179,0,179
1978,SALINA,9,0,9
1978,NIKI,10,0,10
1978,NIKKI,13,0,13
1978,NINA,19,0,19
1978,NISHA,10,0,10
1978,NOELLE,10,0,10
1978,NORA,20,0,20
1978,NOREEN,10,0,10
1978,NORMA,7,0,7
1978,OLGA,15,0,15
1978,OLIVIA,21,0,21
1978,PAMELA,142,0,142
1978,PANAGIOTA,23,0,23
1978,PAOLA,9,0,9
1978,PATRICIA,295,0,295
1978,PATRIZIA,24,0,24
1978,PATTI,6,0,6
1978,PAULA,126,0,126
1978,PAULINE,26,0,26
1978,PEGGY,18,0,18
1978,PENNY,38,0,38
1978,POOJA,6,0,6
1978,NICOLE,655,0,655
1978,NICOLA,41,25,16
1978,NICHOLE,18,0,18
1978,NICHOLA,8,0,8
1978,MINDY,16,0,16
1978,MIRANDA,67,0,67
1978,MIREILLE,11,0,11
1978,MIRIAM,20,0,20
1978,MISTY,28,0,28
1978,MOLLY,18,0,18
1978,MONA,19,0,19
1978,MONICA,130,0,130
1978,MONIKA,11,0,11
1978,MONIQUE,58,0,58
1978,PRISCILLA,23,0,23
1978,MORGAN,42,31,11
1978,NADIA,181,0,181
1978,NADINE,90,0,90
1978,NANCY,216,0,216
1978,NAOMI,54,0,54
1978,NATACHA,8,0,8
1978,NATALIA,11,0,11
1978,NATALIE,383,0,383
1978,NATASHA,171,0,171
1978,NATHALIE,46,0,46
1978,NERISSA,7,0,7
1978,MÉLANIE,9,0,9
1978,PRIYA,8,0,8
1978,RACHAEL,23,0,23
1978,RACHEL,261,0,261
1978,ROSA,33,0,33
1978,ROSALIA,10,0,10
1978,ROSALIE,14,0,14
1978,ROSALIND,9,0,9
1978,ROSALYN,8,0,8
1978,ROSANNA,14,0,14
1978,ROSANNE,18,0,18
1978,ROSARIA,12,0,12
1978,ROSE,17,0,17
1978,ROSEMARIE,12,0,12
1978,RONDA,11,0,11
1978,ROSEMARY,19,0,19
1978,ROXANE,13,0,13
1978,ROXANNE,45,0,45
1978,RUBY,11,0,11
1978,RUPINDER,7,0,7
1978,RUTH,35,0,35
1978,RYAN,1285,1275,10
1978,SABINA,6,0,6
1978,SABRINA,266,0,266
1978,SACHA,20,10,10
1978,SALIMA,8,0,8
1978,ROWENA,9,0,9
1978,SALLY,32,0,32
1978,ROMINA,7,0,7
1978,ROBYN,87,0,87
1978,RACHELLE,49,0,49
1978,RAKHI,6,0,6
1978,RAMONA,15,0,15
1978,RAQUEL,14,0,14
1978,RAVINDER,17,9,8
1978,REBECCA,459,0,459
1978,REBEKAH,21,0,21
1978,REENA,7,0,7
1978,REGAN,12,0,12
1978,REGINA,10,0,10
1978,ROCHELLE,30,0,30
1978,RENA,7,0,7
1978,RENE,59,49,10
1978,RENEE,117,0,117
1978,RENÉE,9,0,9
1978,RHIANNON,14,0,14
1978,RHODA,8,0,8
1978,RHONDA,66,0,66
1978,RINA,10,0,10
1978,RITA,49,0,49
1978,ROBERTA,39,0,39
1978,ROBIN,190,53,137
1978,RENATA,10,0,10
1978,TERRI,59,0,59
1978,KARA,62,0,62
1978,JUSTINA,7,0,7
1978,CARRIE,284,0,284
1978,CARRIE-ANN,11,0,11
1978,CARRIE-ANNE,10,0,10
1978,CARRIE-LYNN,7,0,7
1978,CASEY,60,45,15
1978,CASSANDRA,51,0,51
1978,CATERINA,20,0,20
1978,CATHARINE,23,0,23
1978,CATHERINE,225,0,225
1978,CATHY,26,0,26
1978,CECILIA,18,0,18
1978,CELESTE,14,0,14
1978,CELIA,6,0,6
1978,CELINE,21,0,21
1978,CHANDRA,10,0,10
1978,CHANTAL,126,0,126
1978,CHANTALE,23,0,23
1978,CHANTEL,17,0,17
1978,CHANTELLE,44,0,44
1978,CHARITY,37,0,37
1978,CHARLENE,122,0,122
1978,CAROLYN,146,0,146
1978,CAROLINE,116,0,116
1978,CAROLINA,10,0,10
1978,CAROLE,37,0,37
1978,BRENDA,104,0,104
1978,BRENNA,6,0,6
1978,BRIANNE,8,0,8
1978,BRIDGET,30,0,30
1978,BRIGITTE,35,0,35
1978,BRONWYN,10,0,10
1978,BROOKE,53,5,48
1978,CAITLIN,13,0,13
1978,CALEY,6,0,6
1978,CAMILLE,22,0,22
1978,CHARLOTTE,36,0,36
1978,CANDACE,62,0,62
1978,CARA,55,0,55
1978,CAREY,15,0,15
1978,CARI,12,0,12
1978,CARISSA,14,0,14
1978,CARLA,98,0,98
1978,CARLY,35,0,35
1978,CARMELA,18,0,18
1978,CARMELINA,8,0,8
1978,CARMEN,36,6,30
1978,CAROL,62,0,62
1978,CANDICE,55,0,55
1978,CHARMAINE,25,0,25
1978,CHELSEA,8,0,8
1978,CHERI,15,0,15
1978,COREY,134,127,7
1978,CORI,11,0,11
1978,CORINA,11,0,11
1978,CORINNA,13,0,13
1978,CORINNE,37,0,37
1978,CORRIE,31,7,24
1978,CORRINA,6,0,6
1978,CORRINE,14,0,14
1978,CORRY,9,0,9
1978,COURTNEY,107,10,97
1978,CORA,12,0,12
1978,CRISSY,6,0,6
1978,CRYSTAL,378,0,378
1978,CRYSTAL-ANN,6,0,6
1978,CYNTHIA,164,0,164
1978,DAIANA,6,0,6
1978,DAISY,8,0,8
1978,DALLAS,20,13,7
1978,DANA,110,14,96
1978,DANICA,8,0,8
1978,DANIELA,59,0,59
1978,DANIELLA,13,0,13
1978,CRISTINA,49,0,49
1978,BRANDY,83,0,83
1978,CONSTANCE,10,0,10
1978,CONCETTA,11,0,11
1978,CHERIE,19,0,19
1978,CHERYL,249,0,249
1978,CHRIS,43,37,6
1978,CHRISSY,9,0,9
1978,CHRISTA,54,0,54
1978,CHRISTAL,8,0,8
1978,CHRISTIANE,9,0,9
1978,CHRISTIE,46,0,46
1978,CHRISTINA,497,0,497
1978,CHRISTINE,636,0,636
1978,CONNIE,49,0,49
1978,CHRISTY,39,0,39
1978,CINDY,159,0,159
1978,CINZIA,6,0,6
1978,CLAIRE,49,0,49
1978,CLARA,10,0,10
1978,CLARE,9,0,9
1978,CLARISSA,7,0,7
1978,CLAUDIA,31,0,31
1978,CLAUDINE,7,0,7
1978,COLETTE,14,0,14
1978,COLLEEN,124,0,124
1978,CHRYSTAL,26,0,26
1978,DANIELLE,284,0,284
1978,BRANDIE,10,0,10
1978,BONNIE,75,0,75
1978,ALINE,7,0,7
1978,ALISA,17,0,17
1978,ALISHA,23,0,23
1978,ALISON,164,0,164
1978,ALISSA,14,0,14
1978,ALLISON,181,0,181
1978,ALLYSON,17,0,17
1978,ALMA,7,0,7
1978,ALYSIA,7,0,7
1978,ALYSON,23,0,23
1978,ALYSSA,27,0,27
1978,AMANDA,854,0,854
1978,AMBER,126,0,126
1978,AMELIA,32,0,32
1978,AMEY,9,0,9
1978,AMI,6,0,6
1978,AMIE,41,0,41
1978,AMY,736,0,736
1978,ANA,21,0,21
1978,ANABELA,6,0,6
1978,ANASTASIA,30,0,30
1978,ALICIA,97,0,97
1978,ALICE,21,0,21
1978,ALIA,11,0,11
1978,ALEXIS,34,8,26
1978,AARON,387,381,6
1978,ABBY,7,0,7
1978,ABIGAIL,11,0,11
1978,ADA,6,0,6
1978,ADELE,21,0,21
1978,ADINA,6,0,6
1978,ADRIA,6,0,6
1978,ADRIANA,24,0,24
1978,ADRIANNE,10,0,10
1978,ADRIENNE,75,0,75
1978,ANDRA,9,0,9
1978,AGNES,6,0,6
1978,AIMEE,69,0,69
1978,AINSLEY,7,0,7
1978,AISHA,18,0,18
1978,ALANA,61,0,61
1978,ALANNA,15,0,15
1978,ALECIA,6,0,6
1978,ALESSANDRA,9,0,9
1978,ALEXA,8,0,8
1978,ALEXANDRA,80,0,80
1978,ALEXANDRIA,13,0,13
1978,AILEEN,10,0,10
1978,ANDREA,659,11,648
1978,ANDREE,10,0,10
1978,ANDRIA,18,0,18
1978,ASHLEIGH,13,0,13
1978,ASHLEY,68,22,46
1978,ATHANASIA,6,0,6
1978,ATHENA,15,0,15
1978,AUDREY,25,0,25
1978,AUTUMN,10,0,10
1978,BABY,176,110,66
1978,BARBARA,122,0,122
1978,BEATRICE,9,0,9
1978,BECKY,19,0,19
1978,ASHA,8,0,8
1978,BELINDA,23,0,23
1978,BERNICE,6,0,6
1978,BETH,35,0,35
1978,BETHANY,27,0,27
1978,BETTY,12,0,12
1978,BEVERLEY,10,0,10
1978,BEVERLY,33,0,33
1978,BIANCA,16,0,16
1978,BILLIE,11,0,11
1978,BOBBI,9,0,9
1978,BOBBI-JO,14,0,14
1978,BERNADETTE,16,0,16
1978,BRANDI,25,0,25
1978,ARLENE,13,0,13
1978,ANTONIETTA,23,0,23
1978,ANGEL,34,0,34
1978,ANGELA,672,0,672
1978,ANGELE,20,0,20
1978,ANGELINA,20,0,20
1978,ANGELINE,12,0,12
1978,ANGELIQUE,9,0,9
1978,ANGIE,62,0,62
1978,ANIK,9,0,9
1978,ANISA,7,0,7
1978,ANITA,88,0,88
1978,APRIL,184,0,184
1978,ANN,50,0,50
1978,ANNA,165,0,165
1978,ANNE,119,0,119
1978,ANNE-MARIE,13,0,13
1978,ANNEMARIE,8,0,8
1978,ANNETTE,23,0,23
1978,ANNICK,7,0,7
1978,ANNIE,48,0,48
1978,ANTOINETTE,11,0,11
1978,ANTONELLA,26,0,26
1978,ANTONIA,14,0,14
1978,ANN-MARIE,15,0,15
1978,JUSTINE,13,0,13
1978,DAPHNE,9,0,9
1978,DARLA,8,0,8
1978,JACQUELYN,20,0,20
1978,JADE,10,0,10
1978,JAIME,139,8,131
1978,JAIMIE,11,0,11
1978,JAMIE,374,249,125
1978,JAMIE-LYNN,6,0,6
1978,JAMILA,8,0,8
1978,JAN,22,13,9
1978,JANA,26,0,26
1978,JANE,47,0,47
1978,JANELLE,43,0,43
1978,JANET,131,0,131
1978,JANETTE,11,0,11
1978,JANEY,8,0,8
1978,JANICE,109,0,109
1978,JANINE,29,0,29
1978,JANIS,13,0,13
1978,JANNA,9,0,9
1978,JASMIN,9,0,9
1978,JASMINE,27,0,27
1978,JASPREET,6,0,6
1978,JACQUELINE,187,0,187
1978,JACLYNN,11,0,11
1978,JACLYN,82,0,82
1978,JACKLYN,7,0,7
1978,HARMONY,8,0,8
1978,HAYLEY,23,0,23
1978,HAZEL,7,0,7
1978,HEATHER,610,0,610
1978,HEIDI,95,0,95
1978,HELEN,68,0,68
1978,HELENA,24,0,24
1978,HELENE,6,0,6
1978,HILARY,43,0,43
1978,HILLARY,13,0,13
1978,JAYME,10,0,10
1978,HOLLIE,13,0,13
1978,HOPE,7,0,7
1978,IDA,15,0,15
1978,ILANA,8,0,8
1978,INGRID,15,0,15
1978,IRENE,43,0,43
1978,ISABEL,9,0,9
1978,ISABELLA,8,0,8
1978,ISABELLE,45,0,45
1978,IVANA,6,0,6
1978,JACKIE,17,0,17
1978,HOLLY,100,0,100
1978,JEAN,71,51,20
1978,JEANETTE,42,0,42
1978,JEANINE,11,0,11
1978,JOLENE,24,0,24
1978,JORDAN,98,88,10
1978,JORDANA,9,0,9
1978,JOSEE,44,0,44
1978,JOSEPHINE,30,0,30
1978,JOSIE,14,0,14
1978,JOSÉE,7,0,7
1978,JOY,25,0,25
1978,JOYCE,20,0,20
1978,JUANITA,8,0,8
1978,JOHANNE,10,0,10
1978,JUDITH,29,0,29
1978,JULIA,123,0,123
1978,JULIANA,9,0,9
1978,JULIANE,7,0,7
1978,JULIANNE,13,0,13
1978,JULIE,673,0,673
1978,JULIE-ANN,7,0,7
1978,JULIE-ANNE,6,0,6
1978,JULIET,7,0,7
1978,JULIETTE,8,0,8
1978,JUNE,9,0,9
1978,JUDY,24,0,24
1978,HANNAH,18,0,18
1978,JOHANNA,24,0,24
1978,JODY,141,49,92
1978,JEANNE,7,0,7
1978,JEANNETTE,14,0,14
1978,JEANNIE,6,0,6
1978,JEANNINE,9,0,9
1978,JENELLE,9,0,9
1978,JENIFER,15,0,15
1978,JENNA,19,0,19
1978,JENNIE,26,0,26
1978,JENNIFER,2413,0,2413
1978,JENNY,99,0,99
1978,JOELLE,14,0,14
1978,JESSICA,577,0,577
1978,JILL,104,0,104
1978,JILLIAN,90,0,90
1978,JO-ANNE,15,0,15
1978,JOAN,13,0,13
1978,JOANNA,87,0,87
1978,JOANNE,148,0,148
1978,JOCELYN,59,5,54
1978,JOCELYNE,8,0,8
1978,JODI,95,0,95
1978,JODIE,61,5,56
1978,JESSIE,24,6,18
1978,DARCY,56,49,7
1978,HANNA,6,0,6
1978,HAILEY,11,0,11
1978,DONNA,100,0,100
1978,DOREEN,8,0,8
1978,DORIS,12,0,12
1978,DOROTHY,27,0,27
1978,EDITH,15,0,15
1978,EILEEN,16,0,16
1978,EKATERINI,7,0,7
1978,ELAINA,9,0,9
1978,ELAINE,64,0,64
1978,ELANA,7,0,7
1978,ELEANOR,11,0,11
1978,ELENA,28,0,28
1978,ELENI,11,0,11
1978,ELISA,23,0,23
1978,ELISABETH,18,0,18
1978,ELISE,14,0,14
1978,ELISHA,6,0,6
1978,ELISSA,10,0,10
1978,ELIZABETH,419,0,419
1978,ELLEN,33,0,33
1978,ELSIE,6,0,6
1978,DOMINIQUE,17,0,17
1978,DOMENICA,9,0,9
1978,DIONNE,7,0,7
1978,DINA,18,0,18
1978,DARLENE,49,0,49
1978,DAWN,164,0,164
1978,DAWN-MARIE,7,0,7
1978,DAWNA,8,0,8
1978,DAYNA,18,0,18
1978,DEANNA,71,0,71
1978,DEANNE,9,0,9
1978,DEBBIE,64,0,64
1978,DEBORAH,130,0,130
1978,DEBRA,58,0,58
1978,EMILIA,13,0,13
1978,DEIRDRE,14,0,14
1978,DENA,6,0,6
1978,DENISE,142,0,142
1978,DESIREE,26,0,26
1978,DESPINA,8,0,8
1978,DEVON,55,21,34
1978,DIANA,129,0,129
1978,DIANE,104,0,104
1978,DIANNA,8,0,8
1978,DIANNE,29,0,29
1978,DIMITRA,12,0,12
1978,DELIA,9,0,9
1978,EMILIE,9,0,9
1978,EMILY,199,0,199
1978,EMMA,37,0,37
1978,GABRIELLE,10,0,10
1978,GAIL,22,0,22
1978,GAYLE,6,0,6
1978,GENEVIEVE,50,0,50
1978,GENNY,10,0,10
1978,GEORGIA,20,0,20
1978,GEORGINA,20,0,20
1978,GERALDINE,8,0,8
1978,GILLIAN,40,0,40
1978,GINA,42,0,42
1978,FRANCINE,24,0,24
1978,GINETTE,13,0,13
1978,GISELLE,14,0,14
1978,GIULIANA,6,0,6
1978,GIUSEPPINA,35,0,35
1978,GLENDA,8,0,8
1978,GLORIA,12,0,12
1978,GORDANA,6,0,6
1978,GRACE,33,0,33
1978,GRAZIELLA,7,0,7
1978,GURPREET,9,0,9
1978,GWENDOLYN,6,0,6
1978,GIOVANNA,15,0,15
1978,HALEY,9,0,9
1978,FRANCESCA,31,0,31
1978,FRANCE,21,0,21
1978,ERICA,130,0,130
1978,ERIKA,62,0,62
1978,ERIN,603,8,595
1978,ERINN,10,0,10
1978,ESTHER,31,0,31
1978,EVA,26,0,26
1978,EVE,6,0,6
1978,EVELYN,20,0,20
1978,FAITH,14,0,14
1978,FARAH,18,0,18
1978,FRANCES,37,0,37
1978,FARRAH,24,0,24
1978,FATIMA,16,0,16
1978,FAWN,8,0,8
1978,FAYE,16,0,16
1978,FELICIA,12,0,12
1978,FILOMENA,12,0,12
1978,FIONA,39,0,39
1978,FIORELLA,6,0,6
1978,FLORENCE,9,0,9
1978,FOTINI,6,0,6
1978,FRANCA,8,0,8
1978,FARZANA,8,0,8
1978,TERRI-LYNN,12,0,12
1978,MARNIE,29,0,29
1978,VINCENT,87,87,0
1978,TRISTAN,9,9,0
1978,TROY,87,87,0
1978,TYLER,159,159,0
1978,TYRONE,20,20,0
1978,TYSON,23,23,0
1978,VANCE,7,7,0
1978,VASILIOS,10,10,0
1978,VAUGHN,5,5,0
1978,VERNON,7,7,0
1978,VICTOR,67,67,0
1978,VIKAS,7,7,0
1978,VINAY,6,6,0
1978,ZACHARY,33,33,0
1978,YVON,5,5,0
1978,YVES,19,19,0
1978,YVAN,7,7,0
1978,YUSUF,5,5,0
1978,YANNICK,6,6,0
1978,WINSTON,12,12,0
1978,WILSON,7,7,0
1978,WILLIS,5,5,0
1978,WILLIAM,644,644,0
1978,WILLARD,6,6,0
1978,WILFRED,19,19,0
1978,WESLEY,149,149,0
1978,WAYNE,119,119,0
1978,WAYLON,6,6,0
1978,TREVOR,377,377,0
1978,TREVER,5,5,0
1978,TRENT,6,6,0
1978,TRAVIS,97,97,0
1978,STEVE,98,98,0
1978,STEVEN,818,818,0
1978,STEWART,33,33,0
1978,STUART,49,49,0
1978,SUMEET,6,6,0
1978,SVEN,5,5,0
1978,SYED,9,9,0
1978,SYLVAIN,33,33,0
1978,TED,6,6,0
1978,VINCENZO,48,48,0
1978,TERENCE,31,31,0
1978,TERRANCE,29,29,0
1978,TERRENCE,24,24,0
1978,WARREN,45,45,0
1978,THEODORE,21,21,0
1978,THOMAS,381,381,0
1978,TIM,9,9,0
1978,TIMMY,9,9,0
1978,TIMOTHY,586,586,0
1978,TOBIAS,8,8,0
1978,TOBY,16,16,0
1978,TODD,199,199,0
1978,TOM,9,9,0
1978,TOMAS,10,10,0
1978,TOMISLAV,8,8,0
1978,TOMMASO,7,7,0
1978,TOMMY,16,16,0
1978,TONY,56,56,0
1978,THEODOROS,7,7,0
1978,STEVAN,5,5,0
1978,WALTER,29,29,0
1978,WADE,28,28,0
1978,MILAN,10,10,0
1978,MIKE,36,36,0
1978,MIGUEL,24,24,0
1978,MICHEL,92,92,0
1978,MICHEAL,131,131,0
1978,MICHAEL,2772,2772,0
1978,MICAH,8,8,0
1978,MELVIN,6,6,0
1978,MAXWELL,10,10,0
1978,MAXIME,5,5,0
1978,MAURO,7,7,0
1978,MAURIZIO,11,11,0
1978,MAURICIO,6,6,0
1978,MAURICE,19,19,0
1978,MATTHIEU,6,6,0
1978,MATTHEW,1222,1222,0
1978,MATHIEU,39,39,0
1978,MATHEW,77,77,0
1978,MASSIMO,13,13,0
1978,MASON,5,5,0
1978,MARTY,17,17,0
1978,MARTIN,186,186,0
1978,MARSHALL,9,9,0
1978,MARLON,19,19,0
1978,MARKUS,11,11,0
1978,MARKO,13,13,0
1978,MARK,1000,1000,0
1978,MILES,7,7,0
1978,MITCHELL,22,22,0
1978,MOHAMED,16,16,0
1978,MOHAMMAD,20,20,0
1978,VITTORIO,5,5,0
1978,VITO,20,20,0
1978,VISHAL,5,5,0
1978,NOAH,20,20,0
1978,NITIN,8,8,0
1978,NIKOLAS,8,8,0
1978,NIKOLAOS,11,11,0
1978,NIKOLA,15,15,0
1978,NIGEL,23,23,0
1978,NICOLAS,25,25,0
1978,NICOLAOS,5,5,0
1978,NICKOLAS,14,14,0
1978,NICK,28,28,0
1978,WALLACE,9,9,0
1978,NICHOLAS,327,327,0
1978,NEILL,5,5,0
1978,NEIL,182,182,0
1978,NEAL,23,23,0
1978,NAVEEN,9,9,0
1978,NATHANIEL,49,49,0
1978,NATHANAEL,7,7,0
1978,NATHAN,241,241,0
1978,NADEEM,5,5,0
1978,MYLES,14,14,0
1978,MURRAY,26,26,0
1978,MOSES,8,8,0
1978,MORRIS,6,6,0
1978,MOHAMMED,17,17,0
1978,NELSON,77,77,0
1978,STEPHEN,594,594,0
1978,STÉPHANE,5,5,0
1978,STEPHANE,56,56,0
1978,RAHIM,8,8,0
1978,RAHUL,7,7,0
1978,RAJAN,5,5,0
1978,RAJEEV,6,6,0
1978,RAJENDRA,6,6,0
1978,RALPH,8,8,0
1978,RAMON,5,5,0
1978,RANDAL,12,12,0
1978,RANDALL,21,21,0
1978,RANDOLPH,13,13,0
1978,RANDY,111,111,0
1978,RAPHAEL,6,6,0
1978,RAY,7,7,0
1978,RAYMON,6,6,0
1978,RAYMOND,140,140,0
1978,REGINALD,9,9,0
1978,REID,9,9,0
1978,REJEAN,5,5,0
1978,REMI,9,9,0
1978,RENÉ,6,6,0
1978,REUBEN,6,6,0
1978,REX,6,6,0
1978,RHEAL,5,5,0
1978,RHYS,5,5,0
1978,RICARDO,31,31,0
1978,RICCARDO,13,13,0
1978,RICHARD,658,658,0
1978,RAFFAELE,9,9,0
1978,QUINN,7,7,0
1978,QUINCY,5,5,0
1978,QUENTIN,11,11,0
1978,NOEL,21,21,0
1978,NORMAN,57,57,0
1978,NORMAND,7,7,0
1978,NUNO,5,5,0
1978,OLIVER,20,20,0
1978,OLIVIER,5,5,0
1978,OMAR,28,28,0
1978,OREN,5,5,0
1978,OSCAR,12,12,0
1978,OWEN,30,30,0
1978,PABLO,5,5,0
1978,PANAGIOTIS,20,20,0
1978,PAOLO,41,41,0
1978,RICK,14,14,0
1978,PASCAL,24,24,0
1978,PATRICK,417,417,0
1978,PAUL,779,779,0
1978,PAULO,24,24,0
1978,PEDRO,15,15,0
1978,PERRY,12,12,0
1978,PETAR,8,8,0
1978,PETER,502,502,0
1978,PHILIP,217,217,0
1978,PHILIPPE,45,45,0
1978,PHILLIP,77,77,0
1978,PIERRE,47,47,0
1978,PIETRO,17,17,0
1978,PRESTON,11,11,0
1978,PASQUALE,14,14,0
1978,TERRIE,6,0,6
1978,RICKY,26,26,0
1978,RISHI,9,9,0
1978,SANTO,8,8,0
1978,SCOT,5,5,0
1978,SCOTT,645,645,0
1978,SEAN,499,499,0
1978,SEBASTIAN,8,8,0
1978,SEBASTIANO,6,6,0
1978,SEBASTIEN,33,33,0
1978,SERGE,22,22,0
1978,SERGIO,17,17,0
1978,SETH,15,15,0
1978,SHAINE,5,5,0
1978,SHANE,223,223,0
1978,SHAUN,347,347,0
1978,SANDRO,14,14,0
1978,SHAYNE,16,16,0
1978,SIDNEY,11,11,0
1978,SILVIO,6,6,0
1978,SIMON,102,102,0
1978,SOLOMON,5,5,0
1978,SONNY,7,7,0
1978,SPENCER,20,20,0
1978,SPIROS,7,7,0
1978,SPYROS,5,5,0
1978,STANLEY,35,35,0
1978,STAVROS,5,5,0
1978,STEFAN,44,44,0
1978,STEFANO,14,14,0
1978,STEPHAN,29,29,0
1978,SHELDON,30,30,0
1978,MARIOS,5,5,0
1978,SAMUEL,84,84,0
1978,SAMEER,7,7,0
1978,ROBBIE,22,22,0
1978,ROBBY,7,7,0
1978,ROBERT,1403,1403,0
1978,ROBERTO,73,73,0
1978,ROCCO,22,22,0
1978,ROCH,8,8,0
1978,ROCKY,6,6,0
1978,RODERICK,23,23,0
1978,RODGER,8,8,0
1978,RODNEY,46,46,0
1978,RODRIGO,5,5,0
1978,ROGER,72,72,0
1978,ROLAND,20,20,0
1978,SAMMY,7,7,0
1978,ROMAN,6,6,0
1978,RONALD,169,169,0
1978,RONNIE,9,9,0
1978,RORY,26,26,0
1978,ROSARIO,11,11,0
1978,ROSS,38,38,0
1978,ROY,46,46,0
1978,RUBEN,7,7,0
1978,RUDY,11,11,0
1978,RUI,7,7,0
1978,RUSSELL,68,68,0
1978,SACHIN,7,7,0
1978,SALVATORE,48,48,0
1978,SAM,8,8,0
1978,RON,9,9,0
1978,MARIO,52,52,0
1978,MARVIN,14,14,0
1978,MARCO,105,105,0
1978,HECTOR,7,7,0
1978,HASSAN,7,7,0
1978,HARVEY,7,7,0
1978,HARRY,12,12,0
1978,HAROLD,12,12,0
1978,HARLEY,6,6,0
1978,HANS,6,6,0
1978,GUY,37,37,0
1978,GUS,7,7,0
1978,GUILLAUME,5,5,0
1978,GREGORY,475,475,0
1978,GREGGORY,5,5,0
1978,GREG,19,19,0
1978,GRANT,55,55,0
1978,GRAIG,5,5,0
1978,GRAHAM,96,96,0
1978,GRAEME,25,25,0
1978,GORDON,128,128,0
1978,GLENN,58,58,0
1978,GLEN,53,53,0
1978,GIUSEPPE,90,90,0
1978,GIOVANNI,49,49,0
1978,GINO,7,7,0
1978,GILLES,19,19,0
1978,GILBERT,20,20,0
1978,GIANNI,12,12,0
1978,GIANLUCA,5,5,0
1978,HELDER,6,6,0
1978,HENDRIK,5,5,0
1978,HENRY,26,26,0
1978,HERBERT,8,8,0
1978,JASPAL,5,5,0
1978,JASON,2024,2024,0
1978,JARROD,14,14,0
1978,JARRETT,11,11,0
1978,JARED,45,45,0
1978,JAMMIE,5,5,0
1978,MARCUS,37,37,0
1978,JAMESON,5,5,0
1978,JAMES,1277,1277,0
1978,JAMAL,8,8,0
1978,JAKE,8,8,0
1978,JACQUES,15,15,0
1978,JACOB,76,76,0
1978,GIANCARLO,13,13,0
1978,JACK,30,30,0
1978,ISAAC,27,27,0
1978,IRA,7,7,0
1978,IOANNIS,6,6,0
1978,INFANT,7,7,0
1978,IMRAN,8,8,0
1978,ILIJA,5,5,0
1978,IGNAZIO,5,5,0
1978,IAN,339,339,0
1978,IAIN,11,11,0
1978,HUGO,8,8,0
1978,HUGH,24,24,0
1978,HUBERT,8,8,0
1978,HOWARD,26,26,0
1978,IVAN,40,40,0
1978,GIACOMO,5,5,0
1978,GERRY,7,7,0
1978,GERARDO,5,5,0
1978,FERNANDO,15,15,0
1978,FELIX,7,7,0
1978,FARHAN,7,7,0
1978,FAISAL,5,5,0
1978,FABRIZIO,11,11,0
1978,FABIO,16,16,0
1978,FABIAN,14,14,0
1978,EVERETT,8,8,0
1978,EVAN,50,50,0
1978,EUGENE,20,20,0
1978,ETIENNE,10,10,0
1978,ETHAN,11,11,0
1978,ERROL,10,10,0
1978,FILIPE,7,7,0
1978,ERNESTO,7,7,0
1978,ERIK,62,62,0
1978,ERICK,13,13,0
1978,ERIC,415,415,0
1978,ENZO,6,6,0
1978,ENRICO,6,6,0
1978,EMMANUEL,13,13,0
1978,EMILIO,8,8,0
1978,EMILE,6,6,0
1978,EMIL,7,7,0
1978,EMANUEL,11,11,0
1978,ELVIS,14,14,0
1978,ELLIOTT,11,11,0
1978,ELLIOT,9,9,0
1978,ERNEST,16,16,0
1978,JAY,89,89,0
1978,FILIPPO,12,12,0
1978,FRANCIS,54,54,0
1978,GERARD,12,12,0
1978,GERALD,73,73,0
1978,GEORGE,189,189,0
1978,GEOFFREY,159,159,0
1978,GENNARO,5,5,0
1978,GENE,5,5,0
1978,GAVIN,38,38,0
1978,GARY,164,164,0
1978,GARTH,12,12,0
1978,GARRY,14,14,0
1978,GARRETT,20,20,0
1978,GARNET,5,5,0
1978,GARETH,10,10,0
1978,FRANCESCO,78,78,0
1978,GAETANO,7,7,0
1978,GABRIELE,5,5,0
1978,GABRIEL,27,27,0
1978,FREDRICK,8,8,0
1978,FREDERICK,47,47,0
1978,FREDERIC,8,8,0
1978,FRED,11,11,0
1978,FRASER,16,16,0
1978,FRANZ,9,9,0
1978,FRANKLIN,17,17,0
1978,FRANK,91,91,0
1978,FRANCOIS,21,21,0
1978,FRANCO,30,30,0
1978,FRANCISCO,8,8,0
1978,GAETAN,6,6,0
1978,JAYSON,14,14,0
1978,JAMIESON,6,6,0
1978,JEAN-MARC,5,5,0
1978,LEON,16,16,0
1978,LEO,28,28,0
1978,LENNY,6,6,0
1978,LEIF,7,7,0
1978,LAWRENCE,52,52,0
1978,LAVERNE,7,7,0
1978,LAURENT,10,10,0
1978,LARRY,47,47,0
1978,LANNY,12,12,0
1978,LANDON,8,8,0
1978,LANCE,47,47,0
1978,KYLE,205,205,0
1978,KWAME,7,7,0
1978,KURTIS,29,29,0
1978,KURT,29,29,0
1978,KRISTOPHER,125,125,0
1978,KRISTOFFER,12,12,0
1978,KRISTOFER,22,22,0
1978,KRISTIAN,25,25,0
1978,JEAN-FRANCOIS,12,12,0
1978,KOSTAS,8,8,0
1978,KOSTANTINOS,5,5,0
1978,KORY,8,8,0
1978,KOREY,6,6,0
1978,KONSTANTINOS,15,15,0
1978,KIRK,59,59,0
1978,KIERAN,9,9,0
1978,LEONARD,46,46,0
1978,LEONARDO,14,14,0
1978,LEROY,5,5,0
1978,LESTER,9,9,0
1978,MARCELLO,11,11,0
1978,MARCEL,35,35,0
1978,MARC-ANDRE,10,10,0
1978,MARC,267,267,0
1978,MANUEL,16,16,0
1978,MALE,6,6,0
1978,MALCOLM,13,13,0
1978,LYLE,12,12,0
1978,LUKE,73,73,0
1978,LUKAS,5,5,0
1978,LUIS,18,18,0
1978,LUIGI,30,30,0
1978,LUCIANO,11,11,0
1978,KEVIN,975,975,0
1978,LUCAS,70,70,0
1978,LUC,44,44,0
1978,LOUIS,41,41,0
1978,LORNE,20,20,0
1978,LORENZO,8,8,0
1978,LONNY,7,7,0
1978,LONNIE,6,6,0
1978,LOGAN,13,13,0
1978,LLOYD,25,25,0
1978,LIONEL,5,5,0
1978,LINCOLN,6,6,0
1978,LIAM,22,22,0
1978,LEWIS,5,5,0
1978,LEVI,13,13,0
1978,LUCA,12,12,0
1978,KEVEN,5,5,0
1978,KRIS,16,16,0
1978,KENT,20,20,0
1978,JOHNATHAN,20,20,0
1978,JOHN,1078,1078,0
1978,JOHAN,9,9,0
1978,JOEY,57,57,0
1978,JOESPH,14,14,0
1978,JOEL,167,167,0
1978,KEVAN,6,6,0
1978,JOAO,13,13,0
1978,JIMMY,35,35,0
1978,JIM,20,20,0
1978,JESSE,140,140,0
1978,JERRY,46,46,0
1978,JEROMY,9,9,0
1978,JEROME,18,18,0
1978,JERMAINE,7,7,0
1978,JEREMY,540,540,0
1978,JEREMIE,5,5,0
1978,JEREMIAH,53,53,0
1978,JEFFRY,10,10,0
1978,JEFFREY,930,930,0
1978,JEFFERY,273,273,0
1978,JEFFEREY,5,5,0
1978,JEFF,15,15,0
1978,JEAN-SEBASTIEN,5,5,0
1978,JEAN-PIERRE,7,7,0
1978,JEAN-PHILIPPE,5,5,0
1978,JEAN-PAUL,26,26,0
1978,JOHNATHON,12,12,0
1978,JOHNNY,26,26,0
1978,JOE,16,16,0
1978,JON,36,36,0
1978,KENNY,5,5,0
1978,KENNETH,291,291,0
1978,KEN,9,9,0
1978,KELVIN,5,5,0
1978,KEITH,159,159,0
1978,JOHN-PAUL,17,17,0
1978,KARL,34,34,0
1978,KARIM,10,10,0
1978,KAREEM,6,6,0
1978,KAMAL,5,5,0
1978,JUSTIN,305,305,0
1978,JULIUS,5,5,0
1978,JULIO,7,7,0
1978,JULIEN,9,9,0
1978,KASHIF,7,7,0
1978,JUDE,6,6,0
1978,JULIAN,26,26,0
1978,JONAH,6,6,0
1978,JONAS,8,8,0
1978,JONATHAN,465,465,0
1978,JON-PAUL,7,7,0
1978,JORGE,13,13,0
1978,JONATHON,36,36,0
1978,JOSEPH,1136,1136,0
1978,JOSH,12,12,0
1978,JOSHUA,376,376,0
1978,JOSIP,7,7,0
1978,JUAN,11,11,0
1978,JOSE,30,30,0
1979,KERRI-ANN,6,0,6
1979,KIMBERLEY,158,0,158
1979,KERRIE,12,0,12
1979,KERRY,81,10,71
1979,KILEY,7,0,7
1979,KIM,26,0,26
1979,KIMBERLEE,6,0,6
1979,KIMBERLY,397,0,397
1979,KRISTIE,30,0,30
1979,KIRSTEN,43,0,43
1979,KRISTA,250,0,250
1979,KRISTAL,12,0,12
1979,KRISTEN,105,5,100
1979,KRISTI,43,0,43
1979,KRISTIN,81,6,75
1979,KRISTINA,123,0,123
1979,KERRI,73,0,73
1979,KIRAN,8,0,8
1979,KERI,36,0,36
1979,HUGH,21,21,0
1979,KELLY-LYNN,6,0,6
1979,GRACE,42,0,42
1979,GLORIA,25,0,25
1979,GLENDA,10,0,10
1979,GIUSEPPINA,29,0,29
1979,GIULIANA,7,0,7
1979,GIULIA,9,0,9
1979,GISELLE,15,0,15
1979,GIOVANNA,22,0,22
1979,GINGER,6,0,6
1979,GINETTE,11,0,11
1979,GRAZIELLA,7,0,7
1979,GINA,43,0,43
1979,GERALDINE,7,0,7
1979,GEORGINA,23,0,23
1979,GEORGIA,18,0,18
1979,GENEVIEVE,63,0,63
1979,GENA,6,0,6
1979,GAYLE,7,0,7
1979,GAIL,19,0,19
1979,GABRIELLA,6,0,6
1979,GABRIELA,6,0,6
1979,FRANCINE,22,0,22
1979,GILLIAN,85,0,85
1979,HALEY,12,0,12
1979,HANNAH,25,0,25
1979,HARMONY,8,0,8
1979,JACKLYN,7,0,7
1979,JACKIE,8,0,8
1979,IVY,7,0,7
1979,IVANA,6,0,6
1979,ISABELLE,38,0,38
1979,ISABEL,11,0,11
1979,IRIS,7,0,7
1979,IRENE,37,0,37
1979,IOANNA,8,0,8
1979,INGRID,8,0,8
1979,IDA,7,0,7
1979,HOPE,7,0,7
1979,HOLLY,143,0,143
1979,HOLLIE,20,0,20
1979,HILLARY,14,0,14
1979,HILARY,41,0,41
1979,HELENE,9,0,9
1979,HELENA,21,0,21
1979,HELEN,61,0,61
1979,HEIDI,112,0,112
1979,HEATHER,588,0,588
1979,HAZEL,6,0,6
1979,HAYLEY,14,0,14
1979,FRANCESCA,22,0,22
1979,JACLYN,89,0,89
1979,FRANCES,27,0,27
1979,FLORENCE,13,0,13
1979,ELISSA,20,0,20
1979,ELISHA,13,0,13
1979,ELISE,16,0,16
1979,ELISABETH,32,0,32
1979,ELISA,29,0,29
1979,ELENI,14,0,14
1979,ELENA,27,0,27
1979,ELEANOR,17,0,17
1979,ELANA,11,0,11
1979,ELAINE,47,0,47
1979,ELIZABETH,434,0,434
1979,EILEEN,23,0,23
1979,DOROTHY,21,0,21
1979,DORIS,13,0,13
1979,DOREEN,9,0,9
1979,DONNA,79,0,79
1979,DOMINIQUE,21,6,15
1979,DOMENICA,8,0,8
1979,DIONNE,9,0,9
1979,DINA,22,0,22
1979,DIMITRA,10,0,10
1979,DIANNE,27,0,27
1979,EDITH,7,0,7
1979,ELLA,8,0,8
1979,ELLEN,38,0,38
1979,ELSA,9,0,9
1979,FIONA,34,0,34
1979,FILOMENA,12,0,12
1979,FELICIA,11,0,11
1979,FAYE,17,0,17
1979,FATIMA,14,0,14
1979,FARRAH,8,0,8
1979,FARAH,6,0,6
1979,FAITH,19,0,19
1979,EVELYN,29,0,29
1979,EVE,9,0,9
1979,EVA,31,0,31
1979,ESTHER,35,0,35
1979,ERYN,7,0,7
1979,ERINN,11,0,11
1979,ERIN,574,6,568
1979,ERIKA,75,0,75
1979,ERICKA,7,0,7
1979,ERICA,115,0,115
1979,EMMA,45,0,45
1979,EMILY,230,0,230
1979,EMILIE,13,0,13
1979,EMILIA,12,0,12
1979,ELVIRA,6,0,6
1979,FRANCE,12,0,12
1979,KENDRA,48,0,48
1979,JACQUELINE,221,0,221
1979,JADE,11,0,11
1979,KAREN,443,0,443
1979,KARA,54,0,54
1979,JUSTINE,11,0,11
1979,JUNE,9,0,9
1979,JULIET,7,0,7
1979,JULIE-ANNE,10,0,10
1979,JULIE-ANN,9,0,9
1979,JULIE,619,0,619
1979,JULIANNE,20,0,20
1979,JULIANA,14,0,14
1979,KARI,28,0,28
1979,JULIA,141,0,141
1979,JUDITH,22,0,22
1979,JUANITA,7,0,7
1979,JOYCE,26,0,26
1979,JOY,25,0,25
1979,JOSÉE,12,0,12
1979,JOSIE,10,0,10
1979,JOSEPHINE,23,0,23
1979,JOSEE,48,0,48
1979,JORDANA,16,0,16
1979,JORDAN,133,118,15
1979,JUDY,24,0,24
1979,KARIE,7,0,7
1979,KARIN,24,0,24
1979,KARINA,22,0,22
1979,KELLY-ANNE,9,0,9
1979,KELLY-ANN,11,0,11
1979,KELLY,691,26,665
1979,KELLIE,21,0,21
1979,KELLI,19,0,19
1979,KELLEY,8,0,8
1979,KEISHA,11,0,11
1979,KEELY,8,0,8
1979,KATY,12,0,12
1979,KATRINA,64,0,64
1979,KATIE,88,0,88
1979,KATHY,25,0,25
1979,KATHRYN,231,0,231
1979,KATHLEEN,184,0,184
1979,KATHERINE,364,0,364
1979,KATHARINE,43,0,43
1979,KATE,24,0,24
1979,KATARINA,6,0,6
1979,KASEY,6,0,6
1979,KARYN,13,0,13
1979,KARRIE,10,0,10
1979,KARLA,26,0,26
1979,KARINE,25,0,25
1979,JONI,8,0,8
1979,JACQUELYN,18,0,18
1979,JOLENE,26,0,26
1979,JOHANNA,24,0,24
1979,JAYNE,7,0,7
1979,JAYME,18,6,12
1979,JASMINE,32,0,32
1979,JANUARY,6,0,6
1979,JANNA,15,0,15
1979,JANIS,15,0,15
1979,JANINE,28,0,28
1979,JANIE,7,0,7
1979,JANICE,113,0,113
1979,JANEY,6,0,6
1979,JEAN,73,61,12
1979,JANETTE,8,0,8
1979,JANELLE,31,0,31
1979,JANE,53,0,53
1979,JANA,29,0,29
1979,JAN,17,11,6
1979,JAMILA,7,0,7
1979,JAMIE,455,315,140
1979,JAMI,7,0,7
1979,JAIMIE,22,0,22
1979,JAIMEE,6,0,6
1979,JAIME,138,7,131
1979,JANET,93,0,93
1979,JEANETTE,36,0,36
1979,JEANINE,8,0,8
1979,JEANNETTE,13,0,13
1979,JOELLE,12,0,12
1979,JODY,114,50,64
1979,JODIE,50,0,50
1979,JODI,91,6,85
1979,JOCELYNE,12,0,12
1979,JOCELYN,41,0,41
1979,JOANNE,112,0,112
1979,JOANNA,86,0,86
1979,JOAN,11,0,11
1979,JO-ANNE,11,0,11
1979,JO-ANN,9,0,9
1979,JILLIAN,90,0,90
1979,JILL,85,0,85
1979,JESSIE,29,7,22
1979,JESSICA,533,0,533
1979,JENNY,87,0,87
1979,JENNIFER-LYNN,8,0,8
1979,JENNIFER,2439,0,2439
1979,JENNIE,17,0,17
1979,JENNA,27,0,27
1979,JENIFER,17,0,17
1979,JELENA,6,0,6
1979,JEANNIE,7,0,7
1979,JOHANNE,7,0,7
1979,GABRIELLE,13,0,13
1979,MEREDITH,49,0,49
1979,KRISTY,175,0,175
1979,SHAWNA,78,0,78
1979,SHAUNNA,9,0,9
1979,SHAUNA,76,0,76
1979,SHARON,108,0,108
1979,SHARLENE,14,0,14
1979,SHARI,27,0,27
1979,SHARA,10,0,10
1979,SHANON,10,0,10
1979,SHANNON,581,19,562
1979,SHANNA,46,0,46
1979,SHANA,16,0,16
1979,SERINA,6,0,6
1979,SERENA,33,0,33
1979,SELINA,9,0,9
1979,SELENA,12,0,12
1979,SEEMA,14,0,14
1979,SASHA,38,12,26
1979,SARI,7,0,7
1979,SARAH,1212,0,1212
1979,SARA,238,0,238
1979,SANJA,6,0,6
1979,SHEENA,11,0,11
1979,SANDY,74,5,69
1979,SHEILA,49,0,49
1979,SHELLEY,73,0,73
1979,SOPHIE,30,0,30
1979,SOPHIA,25,0,25
1979,SONYA,62,0,62
1979,SONJA,25,0,25
1979,SONIA,102,0,102
1979,SOMMER,8,0,8
1979,SOFIA,18,0,18
1979,SKYE,8,0,8
1979,SIOBHAN,24,0,24
1979,SIMONE,31,0,31
1979,SILVIA,6,0,6
1979,SHONA,9,0,9
1979,SHIRLEY,24,0,24
1979,SHERYL,28,0,28
1979,SHERRY,91,0,91
1979,SHERRIE,11,0,11
1979,SHERRI,62,0,62
1979,SHERISSE,7,0,7
1979,SHERI-LYNN,6,0,6
1979,SHERI,45,0,45
1979,SHELLY,49,0,49
1979,SHELBY,6,0,6
1979,STACEY,264,6,258
1979,SANDRA,249,0,249
1979,SAMANTHA,227,0,227
1979,RINA,9,0,9
1979,RICHELLE,6,0,6
1979,RHONDA,56,0,56
1979,RHODA,8,0,8
1979,RHIANNON,15,0,15
1979,RHEA,13,0,13
1979,RENÉE,12,0,12
1979,RENEE,115,0,115
1979,RENA,8,0,8
1979,REGINA,8,0,8
1979,REGAN,19,8,11
1979,REENA,13,0,13
1979,REBEKAH,21,0,21
1979,REBECCA,450,0,450
1979,RAQUEL,10,0,10
1979,RANDI,6,0,6
1979,RAMONA,7,0,7
1979,RAE,6,0,6
1979,RACHELLE,55,0,55
1979,RACHEL,327,0,327
1979,RACHAEL,35,0,35
1979,RITA,36,0,36
1979,SANDI,6,0,6
1979,ROBERTA,28,0,28
1979,ROBYN,91,0,91
1979,SALLY,23,0,23
1979,SACHA,17,8,9
1979,SABRINA,179,0,179
1979,SABINA,15,0,15
1979,RUTH,35,0,35
1979,RUBY,11,0,11
1979,ROXANNE,67,0,67
1979,ROXANE,8,0,8
1979,ROSINA,11,0,11
1979,ROSEMARY,24,0,24
1979,ROSEMARIE,17,0,17
1979,ROSEANNE,7,0,7
1979,ROSE,28,0,28
1979,ROSARIA,8,0,8
1979,ROSANNE,12,0,12
1979,ROSANNA,25,0,25
1979,ROSALYN,8,0,8
1979,ROSALIND,6,0,6
1979,ROSA,30,0,30
1979,RONDA,9,0,9
1979,ROCHELLE,30,0,30
1979,ROBIN,199,79,120
1979,QUINN,8,0,8
1979,STACI,8,0,8
1979,STACY,81,7,74
1979,VANESSA,212,0,212
1979,VALERIE,128,0,128
1979,TRUDY,15,0,15
1979,TRISHA,72,0,72
1979,TRISH,11,0,11
1979,TRINA,28,0,28
1979,TRICIA,58,0,58
1979,TRACY,236,0,236
1979,TRACIE,6,0,6
1979,TRACEY,78,0,78
1979,TONYA,44,0,44
1979,TONIA,15,0,15
1979,TONI,14,0,14
1979,TIZIANA,6,0,6
1979,TISHA,11,0,11
1979,TINA,194,0,194
1979,TIFFANY,99,0,99
1979,TIA,6,0,6
1979,THERESE,7,0,7
1979,THERESA,86,0,86
1979,THEODORA,6,0,6
1979,VASILIKI,15,0,15
1979,TESSA,6,0,6
1979,VENESSA,8,0,8
1979,VERONICA,43,0,43
1979,ZOE,9,0,9
1979,ZAHRA,11,0,11
1979,YVONNE,50,0,50
1979,YVETTE,11,0,11
1979,YOLANDA,8,0,8
1979,YASMIN,6,0,6
1979,WINNIE,9,0,9
1979,WHITNEY,11,0,11
1979,WENDY,148,0,148
1979,WANDA,10,0,10
1979,VIVIENNE,6,0,6
1979,VIVIAN,17,0,17
1979,VITTORIA,6,0,6
1979,VIRGINIA,24,0,24
1979,VIOLET,8,0,8
1979,VINCENZA,8,0,8
1979,VICTORIA,113,0,113
1979,VICKY,30,0,30
1979,VICKIE,6,0,6
1979,VICKI,42,0,42
1979,VERONIQUE,21,0,21
1979,VERA,7,0,7
1979,STACIE,17,0,17
1979,TERRY,92,78,14
1979,TERRI,69,0,69
1979,TABATHA,11,0,11
1979,SYLVIE,41,0,41
1979,SYLVIA,49,0,49
1979,SUZY,9,0,9
1979,SUZANNE,159,0,159
1979,SUZANNA,7,0,7
1979,SUSIE,13,0,13
1979,SUSANNE,27,0,27
1979,SUSANNAH,8,0,8
1979,SUSANNA,10,0,10
1979,SUSANA,6,0,6
1979,SUSAN,206,0,206
1979,SUMMER,17,0,17
1979,SUE,7,0,7
1979,STEPHENIE,10,0,10
1979,STEPHANY,6,0,6
1979,STEPHANIE,581,0,581
1979,STELLA,14,0,14
1979,STEFANIE,36,0,36
1979,STEFANIA,18,0,18
1979,STAVROULA,6,0,6
1979,TABITHA,37,0,37
1979,TERRI-LYNN,13,0,13
1979,TALIA,10,0,10
1979,TAMARA,122,0,122
1979,TERRA,30,0,30
1979,TERI,17,0,17
1979,TERESA,130,0,130
1979,TERA,13,0,13
1979,TEGAN,6,0,6
1979,TAYLOR,18,12,6
1979,TAWNYA,10,0,10
1979,TATIANA,8,0,8
1979,TASHA,29,0,29
1979,TARYN,17,0,17
1979,TARRAH,6,0,6
1979,TARRA,11,0,11
1979,TARAH,6,0,6
1979,TARA,389,0,389
1979,TANYA,398,0,398
1979,TANJA,13,0,13
1979,TANIS,8,0,8
1979,TANIA,118,0,118
1979,TAMMY,277,0,277
1979,TAMMIE,14,0,14
1979,TAMI,8,0,8
1979,TAMAR,10,0,10
1979,PRIYA,10,0,10
1979,PRISCILLA,23,0,23
1979,PENNY,29,0,29
1979,LUCY,25,0,25
1979,LUCINDA,8,0,8
1979,LUCIE,7,0,7
1979,LUCIA,27,0,27
1979,LOUISE,31,0,31
1979,LOUISA,16,0,16
1979,LORRIE,8,0,8
1979,LORRAINE,40,0,40
1979,LORNA,7,0,7
1979,LORI-ANNE,6,0,6
1979,LORI-ANN,6,0,6
1979,LORI,162,0,162
1979,LORETTA,13,0,13
1979,LOREDANA,8,0,8
1979,LORA,15,0,15
1979,LONI,6,0,6
1979,LIZA,18,0,18
1979,LISE,12,0,12
1979,LISA-MARIE,13,0,13
1979,LISA-ANN,7,0,7
1979,LISA,1109,0,1109
1979,LUISA,11,0,11
1979,LINDY,14,0,14
1979,LYDIA,18,0,18
1979,LYNDSAY,28,0,28
1979,MARIA,251,0,251
1979,MARGUERITE,8,0,8
1979,MARGHERITA,7,0,7
1979,MARGARET,120,0,120
1979,MAREN,11,0,11
1979,MARCY,22,0,22
1979,MARCIE,17,0,17
1979,MARCIA,41,0,41
1979,MARCI,11,0,11
1979,MARCELLA,8,0,8
1979,MARA,10,0,10
1979,MANON,22,0,22
1979,MANDY,104,0,104
1979,MANDIE,7,0,7
1979,MANDI,8,0,8
1979,MANDEEP,7,0,7
1979,MAGGIE,10,0,10
1979,LYNSEY,6,0,6
1979,LYNNE,23,0,23
1979,LYNN,48,0,48
1979,LYNDSEY,26,0,26
1979,LYNDA,20,0,20
1979,MARIAN,10,0,10
1979,LINDSEY,66,0,66
1979,LINDA,138,0,138
1979,LEAH,107,0,107
1979,LEA,6,0,6
1979,LAYLA,6,0,6
1979,LAURIE,111,0,111
1979,LAUREN,122,0,122
1979,LAUREL,18,0,18
1979,LAUREEN,6,0,6
1979,LAURALEE,8,0,8
1979,LAURA-LEE,7,0,7
1979,LAURA,650,0,650
1979,LATOYA,6,0,6
1979,LARISSA,16,0,16
1979,LARA,37,0,37
1979,LANI,7,0,7
1979,LANA,33,0,33
1979,KYLIE,20,0,20
1979,KYLEE,9,0,9
1979,KYLA,38,0,38
1979,KRYSTAL,28,0,28
1979,KRYSTA,10,0,10
1979,KRISTYN,13,0,13
1979,LEANNA,12,0,12
1979,LINDSAY,352,6,346
1979,LEANNE,137,0,137
1979,LEE-ANN,17,0,17
1979,LINA,26,0,26
1979,LILY,11,0,11
1979,LILLIAN,23,0,23
1979,LIISA,7,0,7
1979,LIANNE,23,0,23
1979,LIANE,13,0,13
1979,LIANA,9,0,9
1979,LIA,9,0,9
1979,LESLIE,156,31,125
1979,LESLEY,126,0,126
1979,LESIA,6,0,6
1979,LEONA,16,0,16
1979,LENA,12,0,12
1979,LEILA,8,0,8
1979,LEIGH-ANNE,12,0,12
1979,LEIGH-ANN,9,0,9
1979,LEIGH,42,7,35
1979,LEENA,8,0,8
1979,LEEANNE,8,0,8
1979,LEEANN,12,0,12
1979,LEE-ANNE,16,0,16
1979,LEE,126,96,30
1979,MARIANNA,8,0,8
1979,MARIANNE,46,0,46
1979,MARIE,603,0,603
1979,NATHALIE,52,0,52
1979,NATASHA,167,0,167
1979,NATALIE,380,0,380
1979,NATALIA,20,0,20
1979,NAOMI,53,0,53
1979,NANCY,171,0,171
1979,NADINE,85,0,85
1979,NADIA,129,0,129
1979,NADA,8,0,8
1979,MÉLANIE,10,0,10
1979,MYRA,10,0,10
1979,MORGAN,55,39,16
1979,MONIQUE,64,0,64
1979,MONIKA,13,0,13
1979,MONICA,127,0,127
1979,MONA,16,0,16
1979,MOLLY,8,0,8
1979,MISTY,31,0,31
1979,MIRIAM,22,0,22
1979,MIRELLA,6,0,6
1979,MIREILLE,14,0,14
1979,NERISSA,6,0,6
1979,MIRANDA,87,0,87
1979,NICHOLE,26,0,26
1979,NICOLE,691,0,691
1979,PEGGY,19,0,19
1979,PAULINE,34,0,34
1979,PAULETTE,7,0,7
1979,PAULA,100,0,100
1979,PATRIZIA,30,0,30
1979,PATRICIA,242,0,242
1979,PATRICA,6,0,6
1979,PASCALE,8,0,8
1979,PAOLA,8,0,8
1979,PANAYIOTA,6,0,6
1979,PANAGIOTA,10,0,10
1979,PAMELA,229,0,229
1979,OLIVIA,37,0,37
1979,OLGA,10,0,10
1979,NORMA,10,0,10
1979,NORA,10,0,10
1979,NOELLE,9,0,9
1979,NISHA,8,0,8
1979,NINA,25,0,25
1979,NIKKI,18,0,18
1979,NIKI,10,0,10
1979,NICOLA,65,37,28
1979,MIRA,9,0,9
1979,MINDY,53,0,53
1979,MILENA,6,0,6
1979,MARY,293,0,293
1979,MARTINE,21,0,21
1979,MARTINA,12,0,12
1979,MARTHA,42,0,42
1979,MARTA,7,0,7
1979,MARSHA,43,0,43
1979,MARNIE,24,0,24
1979,MARNI,9,0,9
1979,MARLENE,35,0,35
1979,MARLA,15,0,15
1979,MARJORIE,12,0,12
1979,MARISSA,27,0,27
1979,MARISA,40,0,40
1979,MARION,14,0,14
1979,MARINA,23,0,23
1979,MARILYN,32,0,32
1979,MARIJA,9,0,9
1979,MARIE-JOSEE,7,0,7
1979,MARIE-HELENE,8,0,8
1979,MARIE-EVE,11,0,11
1979,MARIE-CLAUDE,12,0,12
1979,MARY-ANN,8,0,8
1979,MARY-ANNE,7,0,7
1979,MARYANN,8,0,8
1979,MARYANNE,6,0,6
1979,MICHELLE,928,0,928
1979,MICHELINE,8,0,8
1979,MICHELE,95,33,62
1979,MICHAELA,6,0,6
1979,MIA,8,0,8
1979,DIANNA,14,0,14
1979,MELONY,6,0,6
1979,MELODY,32,0,32
1979,MELODIE,20,0,20
1979,MELLISSA,12,0,12
1979,KRISTINE,61,0,61
1979,MELISSA,1452,0,1452
1979,MELINDA,85,0,85
1979,MELANIE,536,0,536
1979,MEGHANN,18,0,18
1979,MEGHAN,116,0,116
1979,MEGAN,188,0,188
1979,MEERA,8,0,8
1979,MEAGHAN,59,0,59
1979,MEAGAN,24,0,24
1979,MAYA,12,0,12
1979,MAUREEN,27,0,27
1979,MELISA,17,0,17
1979,DIANE,104,0,104
1979,CARRIE-LYNN,9,0,9
1979,DEVON,64,29,35
1979,STEFANO,16,16,0
1979,STEFAN,51,51,0
1979,STAVROS,6,6,0
1979,STANLEY,28,28,0
1979,SPENCER,21,21,0
1979,SONNY,5,5,0
1979,SOLOMON,7,7,0
1979,SIMON,90,90,0
1979,SILVIO,5,5,0
1979,SHELDON,38,38,0
1979,SHEA,5,5,0
1979,SHAYNE,13,13,0
1979,SHAWN,530,530,0
1979,SHAUN,332,332,0
1979,SHANE,273,273,0
1979,SETH,12,12,0
1979,SERGIO,17,17,0
1979,SERGE,24,24,0
1979,SEBASTIEN,23,23,0
1979,SEBASTIAN,12,12,0
1979,SEAN,441,441,0
1979,SCOTTY,5,5,0
1979,SCOTT,685,685,0
1979,SCOT,6,6,0
1979,SAVERIO,6,6,0
1979,STELIOS,6,6,0
1979,SANTO,6,6,0
1979,STEPHAN,28,28,0
1979,STÉPHANE,9,9,0
1979,TOM,11,11,0
1979,TODD,154,154,0
1979,TOBY,8,8,0
1979,TOBIN,9,9,0
1979,TOBIAS,5,5,0
1979,TIMOTHY,520,520,0
1979,THOMAS,422,422,0
1979,THEODOROS,7,7,0
1979,THEODORE,21,21,0
1979,TERRENCE,15,15,0
1979,TERRANCE,18,18,0
1979,TERENCE,31,31,0
1979,TEDDY,5,5,0
1979,TED,10,10,0
1979,TAVIS,6,6,0
1979,TARAS,5,5,0
1979,TANNER,5,5,0
1979,SYLVAIN,24,24,0
1979,SYED,9,9,0
1979,SUNIL,9,9,0
1979,STUART,58,58,0
1979,STEWART,16,16,0
1979,STEVEN,841,841,0
1979,STEVE,88,88,0
1979,STEPHEN,548,548,0
1979,STEPHANE,50,50,0
1979,SANJAY,7,7,0
1979,SANDRO,9,9,0
1979,SANDEEP,9,9,0
1979,ROBERTO,56,56,0
1979,ROBERT,1392,1392,0
1979,ROBBY,8,8,0
1979,ROBBIE,16,16,0
1979,RISHI,15,15,0
1979,RILEY,11,11,0
1979,RICKY,34,34,0
1979,RICKEY,6,6,0
1979,RICK,10,10,0
1979,RICHARD,636,636,0
1979,RICCARDO,8,8,0
1979,RICARDO,28,28,0
1979,RIAZ,5,5,0
1979,RHEAL,9,9,0
1979,REUBEN,8,8,0
1979,RENE,30,30,0
1979,RENATO,5,5,0
1979,REMI,13,13,0
1979,REID,8,8,0
1979,REGINALD,13,13,0
1979,RAYMOND,123,123,0
1979,RAY,5,5,0
1979,RAVI,11,11,0
1979,RAPHAEL,10,10,0
1979,RANDY,112,112,0
1979,ROCCO,17,17,0
1979,ROCH,13,13,0
1979,ROCKY,7,7,0
1979,RODERICK,17,17,0
1979,SAMUEL,91,91,0
1979,SAMMY,10,10,0
1979,SAMIR,6,6,0
1979,SAMI,6,6,0
1979,SAMER,6,6,0
1979,SAMEER,9,9,0
1979,SAM,6,6,0
1979,SALVATORE,44,44,0
1979,SACHIN,7,7,0
1979,RYAN,1416,1416,0
1979,RUSSELL,68,68,0
1979,RUI,6,6,0
1979,TOMISLAV,11,11,0
1979,RUDY,8,8,0
1979,ROSS,25,25,0
1979,RORY,24,24,0
1979,RONNIE,5,5,0
1979,RONALD,149,149,0
1979,RON,8,8,0
1979,ROMAN,8,8,0
1979,ROLAND,15,15,0
1979,ROHIT,8,8,0
1979,ROGER,69,69,0
1979,RODRIGO,6,6,0
1979,RODNEY,50,50,0
1979,RODGER,7,7,0
1979,ROY,44,44,0
1979,TOMMASO,5,5,0
1979,TOMMY,18,18,0
1979,TONY,43,43,0
1979,GARTH,8,8,0
1979,GARY,145,145,0
1979,GAVIN,45,45,0
1979,GENE,8,8,0
1979,GEOFFREY,147,147,0
1979,GEORGE,168,168,0
1979,GEORGES,8,8,0
1979,GEORGIOS,12,12,0
1979,GERALD,74,74,0
1979,GERARD,12,12,0
1979,GERRY,7,7,0
1979,GIACOMO,5,5,0
1979,GIANCARLO,15,15,0
1979,GIANFRANCO,7,7,0
1979,GIANNI,19,19,0
1979,GILBERT,17,17,0
1979,GILES,5,5,0
1979,GILLES,20,20,0
1979,GINO,18,18,0
1979,GIOVANNI,40,40,0
1979,GIUSEPPE,74,74,0
1979,GLEN,57,57,0
1979,GLENN,51,51,0
1979,GORDON,118,118,0
1979,GRAEME,35,35,0
1979,GARRY,23,23,0
1979,GARRETT,20,20,0
1979,GARNET,5,5,0
1979,GARFIELD,5,5,0
1979,ETIENNE,9,9,0
1979,EUGENE,22,22,0
1979,EUGENIO,7,7,0
1979,EVAN,73,73,0
1979,EWAN,5,5,0
1979,FABIAN,11,11,0
1979,FABIO,12,12,0
1979,FABRIZIO,12,12,0
1979,FERNANDO,21,21,0
1979,FILIPE,6,6,0
1979,FILIPPO,6,6,0
1979,FRANCESCO,65,65,0
1979,GRAHAM,92,92,0
1979,FRANCIS,49,49,0
1979,FRANCO,30,30,0
1979,FRANCOIS,24,24,0
1979,FRANK,95,95,0
1979,FRANKLIN,11,11,0
1979,FRASER,19,19,0
1979,FREDERIC,7,7,0
1979,FREDERICK,49,49,0
1979,FREDRICK,12,12,0
1979,GABRIEL,47,47,0
1979,GAETAN,8,8,0
1979,GAETANO,9,9,0
1979,GARETT,5,5,0
1979,FRANCISCO,5,5,0
1979,RANDOLPH,15,15,0
1979,GRANT,56,56,0
1979,GREG,12,12,0
1979,WARREN,50,50,0
1979,WALTER,39,39,0
1979,WALLACE,5,5,0
1979,WADE,31,31,0
1979,VITTORIO,7,7,0
1979,VITO,19,19,0
1979,VISHAL,7,7,0
1979,VINCENZO,46,46,0
1979,VINCENT,69,69,0
1979,VINCE,6,6,0
1979,VIKRAM,6,6,0
1979,VIJAY,8,8,0
1979,VICTOR,69,69,0
1979,VERNON,7,7,0
1979,VASILIOS,9,9,0
1979,TYSON,33,33,0
1979,TYRONE,13,13,0
1979,TYLOR,5,5,0
1979,TYLER,203,203,0
1979,TWIN,6,6,0
1979,TROY,102,102,0
1979,TRISTAN,11,11,0
1979,TREVOR,394,394,0
1979,TRENT,8,8,0
1979,TRAVIS,149,149,0
1979,WAYLON,6,6,0
1979,WAYNE,108,108,0
1979,WESLEY,134,134,0
1979,WILFRED,8,8,0
1979,GREGG,13,13,0
1979,GREGORY,481,481,0
1979,GUIDO,5,5,0
1979,GUS,6,6,0
1979,GUY,26,26,0
1979,HARDEEP,5,5,0
1979,HARLEY,14,14,0
1979,HAROLD,18,18,0
1979,HAROON,5,5,0
1979,HARRIS,5,5,0
1979,HARRY,9,9,0
1979,HARVEY,12,12,0
1979,GRAYDON,5,5,0
1979,HASSAN,7,7,0
1979,HENRY,37,37,0
1979,HERBERT,9,9,0
1979,HERMAN,10,10,0
1979,ZACHARY,29,29,0
1979,ZACHARIAH,8,8,0
1979,YVON,7,7,0
1979,YVES,23,23,0
1979,YVAN,8,8,0
1979,WYATT,5,5,0
1979,WINSTON,11,11,0
1979,WILSON,5,5,0
1979,WILLIAM,631,631,0
1979,HENRI,5,5,0
1979,RANDALL,20,20,0
1979,RANDAL,10,10,0
1979,RALPH,13,13,0
1979,KEVEN,5,5,0
1979,KENT,30,30,0
1979,KENNY,11,11,0
1979,KENNETH,301,301,0
1979,KEN,13,13,0
1979,KELVIN,13,13,0
1979,KEITH,164,164,0
1979,KEEGAN,5,5,0
1979,KARL,50,50,0
1979,KARIM,17,17,0
1979,KAREEM,7,7,0
1979,KAMRAN,5,5,0
1979,JUSTIN,382,382,0
1979,JULIEN,10,10,0
1979,JULIAN,27,27,0
1979,JULES,5,5,0
1979,JUAN,11,11,0
1979,JOSHUA,420,420,0
1979,JOSH,8,8,0
1979,JOSEPH,1200,1200,0
1979,JOSE,27,27,0
1979,JORGE,7,7,0
1979,JORDON,9,9,0
1979,JONATHON,72,72,0
1979,JONATHAN,540,540,0
1979,KEVIN,927,927,0
1979,KIERAN,5,5,0
1979,KIRK,67,67,0
1979,KONSTANTINOS,15,15,0
1979,LEVI,13,13,0
1979,LESTER,6,6,0
1979,LEROY,7,7,0
1979,LEONARDO,12,12,0
1979,LEONARD,40,40,0
1979,LEON,9,9,0
1979,LEO,14,14,0
1979,LELAND,5,5,0
1979,LEIF,5,5,0
1979,LAWRENCE,51,51,0
1979,LAURENT,5,5,0
1979,LARRY,40,40,0
1979,JONAS,9,9,0
1979,LANNY,13,13,0
1979,LANCE,35,35,0
1979,KYLE,213,213,0
1979,KWASI,5,5,0
1979,KURTIS,22,22,0
1979,KURT,42,42,0
1979,KRISTOPHER,115,115,0
1979,KRISTOFFER,10,10,0
1979,KRISTOFER,18,18,0
1979,KRISTIAN,22,22,0
1979,KRIS,12,12,0
1979,KORY,5,5,0
1979,KOREY,6,6,0
1979,LANDON,5,5,0
1979,LIAM,25,25,0
1979,JONAH,9,9,0
1979,JOHN-PAUL,13,13,0
1979,JEAN-FRANCOIS,15,15,0
1979,JAYSON,16,16,0
1979,JAY,75,75,0
1979,JASON,1938,1938,0
1979,JARROD,12,12,0
1979,JARRETT,11,11,0
1979,JAROD,5,5,0
1979,JARED,57,57,0
1979,JAMES,1259,1259,0
1979,JAKOB,6,6,0
1979,JAKE,8,8,0
1979,JAGDEEP,6,6,0
1979,JACQUES,18,18,0
1979,JACOB,112,112,0
1979,JACKSON,8,8,0
1979,JACK,27,27,0
1979,IVAN,41,41,0
1979,ISAAC,19,19,0
1979,IRWIN,5,5,0
1979,IOANNIS,9,9,0
1979,IMRAN,8,8,0
1979,IAN,363,363,0
1979,IAIN,20,20,0
1979,HUSSEIN,5,5,0
1979,HUGO,9,9,0
1979,JEAN-MARC,5,5,0
1979,JEAN-PAUL,21,21,0
1979,JEAN-PIERRE,7,7,0
1979,JEDEDIAH,5,5,0
1979,JOHNNY,20,20,0
1979,JOHNATHON,13,13,0
1979,JOHNATHAN,24,24,0
1979,JOHN,1105,1105,0
1979,JOHAN,5,5,0
1979,JOEY,56,56,0
1979,JOESPH,10,10,0
1979,JOEL,215,215,0
1979,JOE,22,22,0
1979,JOAO,6,6,0
1979,JIMMY,35,35,0
1979,JIM,9,9,0
1979,JON,18,18,0
1979,JESSE,177,177,0
1979,JERRY,49,49,0
1979,JERROD,5,5,0
1979,JEROME,18,18,0
1979,JERMAINE,12,12,0
1979,JEREMY,554,554,0
1979,JEREMIE,13,13,0
1979,JEREMIAH,32,32,0
1979,JEREMEY,5,5,0
1979,JEFFREY,847,847,0
1979,JEFFERY,291,291,0
1979,JEFFEREY,7,7,0
1979,JEFF,15,15,0
1979,JESS,7,7,0
1979,ETHAN,7,7,0
1979,LIONEL,8,8,0
1979,LOGAN,8,8,0
1979,NORMAN,39,39,0
1979,NOLAN,5,5,0
1979,NOEL,17,17,0
1979,NOAH,21,21,0
1979,NILTON,6,6,0
1979,NIKOLAS,7,7,0
1979,NIKOLAOS,11,11,0
1979,NIKOLA,12,12,0
1979,NIGEL,32,32,0
1979,NICOLAS,44,44,0
1979,NICKOLAS,10,10,0
1979,NICK,27,27,0
1979,NICHOLAS,545,545,0
1979,NELSON,72,72,0
1979,NEIL,189,189,0
1979,NEAL,31,31,0
1979,NATHANIEL,48,48,0
1979,NATHANIAL,6,6,0
1979,NATHANAEL,6,6,0
1979,NATHAN,245,245,0
1979,NADER,6,6,0
1979,MYLES,12,12,0
1979,MURRAY,27,27,0
1979,MUHAMMAD,5,5,0
1979,MOHAMMED,16,16,0
1979,NORMAND,5,5,0
1979,NUNO,11,11,0
1979,OLIVER,25,25,0
1979,OLIVIER,5,5,0
1979,RAJESH,5,5,0
1979,RAJEEV,6,6,0
1979,RAHIM,10,10,0
1979,RAFFAELE,10,10,0
1979,QUENTIN,11,11,0
1979,PRESTON,6,6,0
1979,PIETRO,23,23,0
1979,PIERRE,50,50,0
1979,PHILLIP,76,76,0
1979,PHILIPPE,38,38,0
1979,PHILIP,227,227,0
1979,PETER,486,486,0
1979,MOHAMMAD,14,14,0
1979,PETAR,10,10,0
1979,PEDRO,11,11,0
1979,PAULO,34,34,0
1979,PAUL,702,702,0
1979,PATRICK,418,418,0
1979,PASQUALE,13,13,0
1979,PASCAL,19,19,0
1979,PAOLO,36,36,0
1979,PANAYIOTIS,6,6,0
1979,PANAGIOTIS,8,8,0
1979,OWEN,27,27,0
1979,OMARI,6,6,0
1979,OMAR,28,28,0
1979,PERRY,6,6,0
1979,LLOYD,16,16,0
1979,MOHAMED,9,9,0
1979,MILES,5,5,0
1979,MARCO,105,105,0
1979,MARCELLO,10,10,0
1979,MARCEL,39,39,0
1979,MARC-ANDRE,15,15,0
1979,MARC,225,225,0
1979,MANUEL,10,10,0
1979,MALCOLM,16,16,0
1979,MACKENZIE,5,5,0
1979,LYLE,13,13,0
1979,LUKE,97,97,0
1979,LUKAS,7,7,0
1979,LUIS,16,16,0
1979,LUIGI,17,17,0
1979,LUCUS,7,7,0
1979,LUCIEN,7,7,0
1979,LUCIANO,7,7,0
1979,LUCAS,107,107,0
1979,LUCA,16,16,0
1979,LUC,39,39,0
1979,LOUIS,38,38,0
1979,LOUIE,7,7,0
1979,LORNE,15,15,0
1979,LORENZO,10,10,0
1979,LONNY,5,5,0
1979,LONNIE,8,8,0
1979,MARCUS,43,43,0
1979,MAREK,6,6,0
1979,MARIO,56,56,0
1979,MARK,1023,1023,0
1979,MILAN,9,9,0
1979,MIKE,34,34,0
1979,MIGUEL,15,15,0
1979,MICHEL,91,91,0
1979,MICHEAL,124,124,0
1979,MICHAEL,2805,2805,0
1979,MICAH,6,6,0
1979,MELVIN,5,5,0
1979,MAX,8,8,0
1979,MAURO,6,6,0
1979,MAURIZIO,9,9,0
1979,MAURICE,17,17,0
1979,MITCHELL,42,42,0
1979,MATTHIEU,5,5,0
1979,MATTEO,7,7,0
1979,MATHIEU,34,34,0
1979,MATHEW,96,96,0
1979,MASSIMO,11,11,0
1979,MASON,5,5,0
1979,MARVIN,10,10,0
1979,MARTY,8,8,0
1979,MARTIN,170,170,0
1979,MARSHALL,15,15,0
1979,MARLON,22,22,0
1979,MARKUS,11,11,0
1979,MARKO,12,12,0
1979,MATTHEW,1293,1293,0
1979,ERWIN,5,5,0
1979,ERROL,6,6,0
1979,ERNESTO,7,7,0
1979,BEATRICE,7,0,7
1979,BARBARA,89,0,89
1979,BABY,152,93,59
1979,AYESHA,6,0,6
1979,AUTUMN,14,0,14
1979,AUDREY,21,0,21
1979,AUDRA,7,0,7
1979,ATHENA,11,0,11
1979,ASHLEY,104,20,84
1979,ASHLEIGH,11,0,11
1979,ASHLEE,6,0,6
1979,ARLENE,15,0,15
1979,ARIEL,6,0,6
1979,APRIL,197,0,197
1979,ANTONIETTA,14,0,14
1979,ANTONIA,7,0,7
1979,ANTONELLA,24,0,24
1979,ANTOINETTE,9,0,9
1979,ANNIE,47,0,47
1979,ANNICK,13,0,13
1979,ANNETTE,34,0,34
1979,ANNEMARIE,8,0,8
1979,ANNE-MARIE,27,0,27
1979,ANNE,119,0,119
1979,ANNA-MARIA,6,0,6
1979,BECKY,25,0,25
1979,BELINDA,10,0,10
1979,BERNADETTE,20,0,20
1979,BETH,32,0,32
1979,BRIGITTE,22,0,22
1979,BRIGETTE,6,0,6
1979,BRIDGET,24,0,24
1979,BRIAR,6,0,6
1979,BRIANNE,46,0,46
1979,BRIANNA,14,0,14
1979,BRENNA,6,0,6
1979,BRENDA,81,0,81
1979,BREE,7,0,7
1979,BREANNE,20,0,20
1979,BRANDY,72,0,72
1979,BRANDIE,16,0,16
1979,ANNA,183,0,183
1979,BRANDI,47,0,47
1979,BOBBIE,6,0,6
1979,BOBBI-JO,11,0,11
1979,BOBBI,13,0,13
1979,BILLIE-JO,8,0,8
1979,BILLIE,6,0,6
1979,BIANCA,23,0,23
1979,BEVERLY,30,0,30
1979,BEVERLEY,8,0,8
1979,BETTY,9,0,9
1979,BETTINA,10,0,10
1979,BETSY,6,0,6
1979,BETHANY,32,0,32
1979,BONNIE,92,0,92
1979,BRONWEN,10,0,10
1979,ANN-MARIE,11,0,11
1979,ANITA,93,0,93
1979,ALICIA,136,0,136
1979,ALICE,19,0,19
1979,ALIA,7,0,7
1979,ALEXIS,30,6,24
1979,ALEXANDRA,92,0,92
1979,ALEXA,8,0,8
1979,ALESHA,6,0,6
1979,ALECIA,7,0,7
1979,ALANNA,19,0,19
1979,ALANA,64,0,64
1979,ALAINA,7,0,7
1979,AISHA,15,0,15
1979,AINSLEY,6,0,6
1979,AIMEE,90,0,90
1979,AILEEN,18,0,18
1979,ADRIENNE,89,0,89
1979,ADRIANNE,8,0,8
1979,ADRIANNA,7,0,7
1979,ADRIANA,23,0,23
1979,ADELE,16,0,16
1979,ADA,8,0,8
1979,ABIGAIL,17,0,17
1979,ABBY,21,0,21
1979,AARON,410,410,0
1979,ABRAHAM,12,12,0
1979,ALINE,11,0,11
1979,ALISA,18,0,18
1979,ALISHA,21,0,21
1979,ALISHIA,6,0,6
1979,ANIK,8,0,8
1979,ANGIE,64,0,64
1979,ANGELIQUE,6,0,6
1979,ANGELINA,23,0,23
1979,ANGELICA,6,0,6
1979,ANGELE,27,0,27
1979,ANGELA,621,0,621
1979,ANGEL,26,0,26
1979,ANDRIA,18,0,18
1979,ANDREE,10,0,10
1979,ANDREA,626,16,610
1979,ANASTASIA,19,0,19
1979,ANN,49,0,49
1979,ANA,23,0,23
1979,AMIE,37,0,37
1979,AMELIA,23,0,23
1979,AMBER,140,0,140
1979,AMANDA,1370,0,1370
1979,ALYSSA,23,0,23
1979,ALYSON,23,0,23
1979,ALYSHA,6,0,6
1979,ALYCIA,13,0,13
1979,ALLYSON,24,0,24
1979,ALLISON,205,0,205
1979,ALISSA,25,0,25
1979,ALISON,204,0,204
1979,AMY,690,0,690
1979,ADAM,1013,1013,0
1979,BROOKE,76,0,76
1979,CAMILLE,15,0,15
1979,CYNTHIA,108,0,108
1979,CRYSTAL-ANN,6,0,6
1979,CRYSTAL,426,0,426
1979,CRISTINA,53,0,53
1979,CRISTIN,6,0,6
1979,COURTNEY,94,11,83
1979,CORTNEY,6,0,6
1979,CORRY,6,0,6
1979,CORRINE,13,0,13
1979,CORRINA,9,0,9
1979,CORRIE,14,0,14
1979,CORINNE,27,0,27
1979,CORINNA,7,0,7
1979,CORINE,6,0,6
1979,CONSTANCE,11,0,11
1979,CONNIE,48,0,48
1979,CONCETTA,15,0,15
1979,COLLEEN,114,0,114
1979,COLETTE,12,0,12
1979,CLAUDINE,9,0,9
1979,CLAUDIA,42,0,42
1979,CLAUDETTE,7,0,7
1979,CLARISSA,6,0,6
1979,CLARE,14,0,14
1979,CLARA,14,0,14
1979,DAINA,7,0,7
1979,DAISY,9,0,9
1979,DALLAS,28,16,12
1979,DANA,124,19,105
1979,DEVIN,50,44,6
1979,DESPINA,7,0,7
1979,DESIREE,17,0,17
1979,DENISE,139,0,139
1979,DENA,9,0,9
1979,DEMETRA,6,0,6
1979,DEIRDRE,11,0,11
1979,DEBRA,47,0,47
1979,DEBORAH,104,0,104
1979,DEBORA,8,0,8
1979,DEBBIE,58,0,58
1979,DEANNE,13,0,13
1979,CLAIRE,50,0,50
1979,DEANNA,73,0,73
1979,DAWN,183,0,183
1979,DAVINA,6,0,6
1979,DARLENE,37,0,37
1979,DARLA,8,0,8
1979,DARCY,52,46,6
1979,DARCIE,6,0,6
1979,DARA,11,0,11
1979,DAPHNE,8,0,8
1979,DANIELLE,285,0,285
1979,DANIELLA,12,0,12
1979,DANIELA,62,0,62
1979,DANICA,8,0,8
1979,DAYNA,26,0,26
1979,CAITLIN,20,0,20
1979,CINZIA,7,0,7
1979,CHRYSTAL,21,0,21
1979,CATHARINE,19,0,19
1979,CATERINA,9,0,9
1979,CASSIE,7,0,7
1979,CASSANDRA,45,0,45
1979,CASEY,53,41,12
1979,HOWARD,18,18,0
1979,CARRIE-ANNE,6,0,6
1979,CARRIE-ANN,15,0,15
1979,CARRIE,239,0,239
1979,CAROLYN,147,0,147
1979,CAROLINE,108,0,108
1979,CAROLINA,10,0,10
1979,CAROLE,22,0,22
1979,CAROL,59,0,59
1979,CARMEN,38,7,31
1979,CARMELA,14,0,14
1979,CARLY,45,0,45
1979,CARLIE,6,0,6
1979,CARLA,87,0,87
1979,CARISSA,19,0,19
1979,CAREY,11,0,11
1979,CARA,50,0,50
1979,CANDY,11,0,11
1979,CANDICE,57,0,57
1979,CANDACE,49,0,49
1979,CATHERINE,252,0,252
1979,CATHRYN,9,0,9
1979,CATHY,27,0,27
1979,CATRINA,7,0,7
1979,CHRISTY,30,0,30
1979,CHRISTINE,585,0,585
1979,CHRISTINA,446,0,446
1979,CHRISTIE,48,0,48
1979,CHRISTIANNE,6,0,6
1979,CHRISTEL,7,0,7
1979,CHRISTAL,9,0,9
1979,CHRISTA,69,0,69
1979,CHLOE,7,0,7
1979,CHERYL,318,0,318
1979,CHERIE,25,0,25
1979,CHERI,16,0,16
1979,CINDY,147,0,147
1979,CHELSEA,7,0,7
1979,CHARMAINE,17,0,17
1979,CHARLOTTE,33,0,33
1979,CHARLENE,106,0,106
1979,CHARITY,25,0,25
1979,CHANTELLE,43,0,43
1979,CHANTEL,20,0,20
1979,CHANTAL,97,0,97
1979,CHANDRA,13,0,13
1979,CELINE,21,0,21
1979,CELINA,13,0,13
1979,CELIA,8,0,8
1979,CELESTE,18,0,18
1979,CHASITY,6,0,6
1979,DIANA,125,0,125
1979,ADAMO,8,8,0
1979,ADRIANO,19,19,0
1979,CYRIL,7,7,0
1979,DALE,85,85,0
1979,DALTON,6,6,0
1979,DAMIAN,28,28,0
1979,DAMIEN,25,25,0
1979,DAMON,10,10,0
1979,DANE,7,7,0
1979,DANIAL,7,7,0
1979,DANIEL,1011,1011,0
1979,DANIELE,33,33,0
1979,DANILO,5,5,0
1979,DANNY,100,100,0
1979,DANTE,5,5,0
1979,DANY,5,5,0
1979,D'ARCY,5,5,0
1979,DAREN,6,6,0
1979,DARIN,7,7,0
1979,DARIUS,5,5,0
1979,DARRELL,49,49,0
1979,DARREN,171,171,0
1979,DARRIN,19,19,0
1979,DARRYL,224,224,0
1979,DARYL,81,81,0
1979,DAVE,11,11,0
1979,DAVID,1914,1914,0
1979,CURTIS,114,114,0
1979,CURT,7,7,0
1979,CRISTOPHER,9,9,0
1979,CRAIG,296,296,0
1979,CHRISTOS,9,9,0
1979,CLARENCE,10,10,0
1979,CLARK,5,5,0
1979,CLARKE,8,8,0
1979,CLAUDE,16,16,0
1979,CLAUDIO,15,15,0
1979,CLAYTON,53,53,0
1979,CLEMENT,8,8,0
1979,CLIFFORD,44,44,0
1979,CLIFTON,5,5,0
1979,CLINT,25,25,0
1979,CLINTON,61,61,0
1979,DAVIDE,15,15,0
1979,CLIVE,5,5,0
1979,COLE,6,6,0
1979,COLIN,193,193,0
1979,COLLIN,20,20,0
1979,CONOR,8,8,0
1979,CONRAD,13,13,0
1979,CONSTANTINE,7,7,0
1979,CONSTANTINOS,7,7,0
1979,COREY,142,142,0
1979,CORNELIUS,6,6,0
1979,CORRADO,7,7,0
1979,CORY,207,207,0
1979,COSIMO,9,9,0
1979,CODY,7,7,0
1979,CHRISTOPHER,2029,2029,0
1979,DAVIN,5,5,0
1979,DEEPAK,5,5,0
1979,EARL,16,16,0
1979,EDGAR,9,9,0
1979,EDMOND,6,6,0
1979,EDMUND,9,9,0
1979,EDWARD,162,162,0
1979,EDWIN,22,22,0
1979,ELI,10,10,0
1979,ELIAS,17,17,0
1979,ELIJAH,14,14,0
1979,ELLIOT,8,8,0
1979,ELLIOTT,8,8,0
1979,ELTON,5,5,0
1979,ELVIS,10,10,0
1979,EMANUEL,9,9,0
1979,EMERSON,5,5,0
1979,EMIL,9,9,0
1979,EMILE,5,5,0
1979,EMILIO,7,7,0
1979,EMMANUEL,8,8,0
1979,ENZO,5,5,0
1979,ERIC,449,449,0
1979,ERICH,7,7,0
1979,ERICK,7,7,0
1979,ERIK,87,87,0
1979,ERNEST,22,22,0
1979,DYLAN,43,43,0
1979,DWIGHT,18,18,0
1979,DWAYNE,89,89,0
1979,DUSTIN,67,67,0
1979,DEJAN,5,5,0
1979,DEMETRIOS,11,11,0
1979,DENIS,59,59,0
1979,DENNIS,144,144,0
1979,DENNY,12,12,0
1979,DERECK,6,6,0
1979,DEREK,372,372,0
1979,DERICK,14,14,0
1979,DERRICK,40,40,0
1979,DESMOND,14,14,0
1979,DIEGO,10,10,0
1979,DIMITRIOS,29,29,0
1979,DEAN,81,81,0
1979,DINO,13,13,0
1979,DOMENIC,11,11,0
1979,DOMENICO,45,45,0
1979,DOMINIC,30,30,0
1979,DON,5,5,0
1979,DONALD,190,190,0
1979,DONATO,10,10,0
1979,DONNY,6,6,0
1979,DONOVAN,9,9,0
1979,DOUGLAS,208,208,0
1979,DREW,48,48,0
1979,DUANE,38,38,0
1979,DUNCAN,20,20,0
1979,DION,5,5,0
1979,ADRIAN,113,113,0
1979,CHRISTOPHE,6,6,0
1979,CHRIS,36,36,0
1979,ANASTASIOS,6,6,0
1979,ANDRE,94,94,0
1979,ANDRÉ,5,5,0
1979,ANDREAS,8,8,0
1979,ANDREW,1128,1128,0
1979,ANDY,31,31,0
1979,ANGELO,40,40,0
1979,ANGUS,12,12,0
1979,ANIL,10,10,0
1979,ANSON,13,13,0
1979,ANTHONY,320,320,0
1979,ANTOINE,5,5,0
1979,ANTON,8,8,0
1979,ANTONINO,9,9,0
1979,ANTONIO,84,84,0
1979,ANTONIOS,10,10,0
1979,ANTONY,6,6,0
1979,ARIF,5,5,0
1979,ARMAND,5,5,0
1979,ARNOLD,9,9,0
1979,ARON,8,8,0
1979,ARRON,6,6,0
1979,ARTHUR,42,42,0
1979,ASIF,7,7,0
1979,ATHANASIOS,12,12,0
1979,ANAND,9,9,0
1979,AMOS,7,7,0
1979,AMIT,14,14,0
1979,AMIR,5,5,0
1979,AHMAD,9,9,0
1979,AHMED,8,8,0
1979,AIDAN,7,7,0
1979,AJAY,6,6,0
1979,ALAIN,57,57,0
1979,ALAN,91,91,0
1979,ALASTAIR,10,10,0
1979,ALBERT,45,45,0
1979,ALBERTO,6,6,0
1979,ALEC,6,6,0
1979,ALEJANDRO,7,7,0
1979,ALEKSANDAR,10,10,0
1979,ATTILA,5,5,0
1979,ALESSANDRO,18,18,0
1979,ALEXANDER,230,230,0
1979,ALEXANDRE,31,31,0
1979,ALFRED,9,9,0
1979,ALFREDO,6,6,0
1979,ALI,17,17,0
1979,ALISTAIR,8,8,0
1979,ALLAN,105,105,0
1979,ALLEN,45,45,0
1979,ALVIN,17,17,0
1979,ALYKHAN,5,5,0
1979,AMAN,5,5,0
1979,AMAR,5,5,0
1979,ALEX,26,26,0
1979,CHRISTIAN,117,117,0
1979,AUSTIN,8,8,0
1979,BARTHOLOMEW,5,5,0
1979,BROCK,24,24,0
1979,BRUCE,54,54,0
1979,BRUNO,22,22,0
1979,BRYAN,236,236,0
1979,BRYANT,6,6,0
1979,BRYCE,9,9,0
1979,BRYN,6,6,0
1979,BRYON,8,8,0
1979,BYRON,16,16,0
1979,CALE,5,5,0
1979,CALEB,18,18,0
1979,CALOGERO,8,8,0
1979,CALVIN,23,23,0
1979,CAMERON,103,103,0
1979,CARL,57,57,0
1979,CARLO,24,24,0
1979,CARLOS,36,36,0
1979,CARLTON,5,5,0
1979,CARMELO,10,10,0
1979,CARMINE,17,17,0
1979,CECIL,6,6,0
1979,CHAD,277,277,0
1979,CHADWICK,30,30,0
1979,CHARLES,237,237,0
1979,CHARLIE,8,8,0
1979,BRIAN,664,664,0
1979,BRETT,89,89,0
1979,BRET,6,6,0
1979,BRENT,203,203,0
1979,BEAU,16,16,0
1979,BEN,13,13,0
1979,BENJAMIN,300,300,0
1979,BENNY,5,5,0
1979,BENOIT,19,19,0
1979,BERNARD,28,28,0
1979,BERT,5,5,0
1979,BILL,9,9,0
1979,BILLY,19,19,0
1979,BILLY-JOE,5,5,0
1979,BLAINE,8,8,0
1979,BLAIR,58,58,0
1979,BARRY,72,72,0
1979,BLAKE,29,29,0
1979,BRAD,29,29,0
1979,BRADEN,8,8,0
1979,BRADFORD,7,7,0
1979,BRADLEY,459,459,0
1979,BRADLY,5,5,0
1979,BRADY,7,7,0
1979,BRANDON,198,198,0
1979,BRANT,5,5,0
1979,BRENDAN,84,84,0
1979,BRENDEN,7,7,0
1979,BRENDON,9,9,0
1979,BRENNAN,17,17,0
1979,BOBBY,21,21,0
1979,GARETH,12,12,0
1980,MAGGIE,8,0,8
1980,AARON,390,390,0
1980,FRANCESCA,34,0,34
1980,FRANCES,30,0,30
1980,FRANCE,10,0,10
1980,FLORENCE,6,0,6
1980,FLORA,6,0,6
1980,FIONA,27,0,27
1980,FILOMENA,6,0,6
1980,FELICIA,14,0,14
1980,FAYE,9,0,9
1980,FATIMA,15,0,15
1980,FARZANA,10,0,10
1980,FARRAH,12,0,12
1980,FARAH,16,0,16
1980,FAITH,17,0,17
1980,EVELYN,26,0,26
1980,EVA,31,0,31
1980,ESTHER,36,0,36
1980,ERYN,8,0,8
1980,ERINN,7,0,7
1980,ERIN,713,7,706
1980,ERIKA,91,0,91
1980,ERICA,143,0,143
1980,EMMA,54,0,54
1980,FRANCINE,28,0,28
1980,EMILY,266,0,266
1980,GABRIELLA,8,0,8
1980,GAIL,12,0,12
1980,HEATHER,599,0,599
1980,HAYLEY,26,0,26
1980,HARMONY,6,0,6
1980,HANNAH,31,0,31
1980,HALEY,8,0,8
1980,HAILEY,6,0,6
1980,GWENDOLYN,9,0,9
1980,GURPREET,6,0,6
1980,GRACE,37,0,37
1980,GLORIA,20,0,20
1980,GLENDA,6,0,6
1980,GIUSEPPINA,17,0,17
1980,GIULIA,14,0,14
1980,GISELLE,12,0,12
1980,GIOVANNA,16,0,16
1980,GINGER,8,0,8
1980,GINETTE,15,0,15
1980,GINA,40,0,40
1980,GILLIAN,58,0,58
1980,GERALDINE,8,0,8
1980,GEORGINA,20,0,20
1980,GEORGIA,20,0,20
1980,GENEVIEVE,51,0,51
1980,GABRIELLE,18,0,18
1980,EMILIE,18,0,18
1980,EMILIA,6,0,6
1980,ELSA,8,0,8
1980,DEVON,71,30,41
1980,DESIREE,23,0,23
1980,DENISE,132,0,132
1980,DELIA,7,0,7
1980,DEIRDRE,10,0,10
1980,DEIDRE,13,0,13
1980,DEENA,9,0,9
1980,DEBRA,28,0,28
1980,DEBORAH,84,0,84
1980,DEBBY,10,0,10
1980,DEBBIE,40,0,40
1980,DEANNE,12,0,12
1980,DEANNA,80,0,80
1980,DEANA,8,0,8
1980,DAYNA,30,0,30
1980,DAWN,165,0,165
1980,DARLENE,31,0,31
1980,DARCY,59,42,17
1980,DARCIE,7,0,7
1980,DARCI,7,0,7
1980,DARA,7,0,7
1980,DAPHNE,7,0,7
1980,DANIELLE,315,0,315
1980,DIANA,92,0,92
1980,DIANE,101,0,101
1980,DIANNA,9,0,9
1980,DIANNE,29,0,29
1980,ELLEN,19,0,19
1980,ELIZABETH,474,0,474
1980,ELIZA,9,0,9
1980,ELISSA,20,0,20
1980,ELISHA,20,0,20
1980,ELISE,10,0,10
1980,ELISABETH,26,0,26
1980,ELISA,19,0,19
1980,ELENI,18,0,18
1980,ELENA,22,0,22
1980,ELEANOR,10,0,10
1980,HEIDI,103,0,103
1980,ELANA,7,0,7
1980,EILEEN,18,0,18
1980,EDITH,9,0,9
1980,DOROTHY,23,0,23
1980,DORIS,11,0,11
1980,DOREEN,6,0,6
1980,DORA,7,0,7
1980,DONNA,67,0,67
1980,DOMINIQUE,23,10,13
1980,DIONNE,9,0,9
1980,DINA,21,0,21
1980,DIMITRA,14,0,14
1980,ELAINE,51,0,51
1980,DANIELLA,15,0,15
1980,HELEN,68,0,68
1980,HELENE,11,0,11
1980,JOYCE,20,0,20
1980,JOY,24,0,24
1980,JOSÉE,9,0,9
1980,JOSIE,8,0,8
1980,JOSEPHINE,27,0,27
1980,JOSEE,41,0,41
1980,JOSE,22,16,6
1980,JORDANA,13,0,13
1980,JORDAN,189,172,17
1980,JONI,10,0,10
1980,JOLENE,31,0,31
1980,JOHANNE,10,0,10
1980,JOHANNA,16,0,16
1980,JOELLE,20,0,20
1980,JODY,78,33,45
1980,JODIE,50,5,45
1980,JODI,75,0,75
1980,JOCELYN,48,0,48
1980,JOANNE,119,0,119
1980,JOANNA,83,0,83
1980,JOAN,13,0,13
1980,JO-ANNE,14,0,14
1980,JILLIAN,76,0,76
1980,JUDITH,28,0,28
1980,JILL,91,0,91
1980,JUDY,22,0,22
1980,JULIANA,24,0,24
1980,KATHARINE,56,0,56
1980,KATE,41,0,41
1980,KATARINA,6,0,6
1980,KARYN,17,0,17
1980,KARRIE,7,0,7
1980,KARLA,25,0,25
1980,KARISSA,6,0,6
1980,KARINE,25,0,25
1980,KARINA,15,0,15
1980,KARIN,12,0,12
1980,KARIE,6,0,6
1980,KARI,28,0,28
1980,KAREN,374,0,374
1980,KARA,58,0,58
1980,KAITLIN,6,0,6
1980,JUSTINE,12,0,12
1980,JUSTINA,7,0,7
1980,JUNE,8,0,8
1980,JULIE-ANNE,10,0,10
1980,JULIE-ANN,11,0,11
1980,JULIE,592,0,592
1980,JULIANNE,12,0,12
1980,JULIANNA,8,0,8
1980,JULIA,184,0,184
1980,JESSIE,40,13,27
1980,JESSICA,645,0,645
1980,JESSE,262,249,13
1980,JANA,30,0,30
1980,JAN,22,15,7
1980,JAMIE,425,272,153
1980,JAIMIE,12,0,12
1980,JAIME,97,7,90
1980,JADE,11,0,11
1980,JACQUELYN,10,0,10
1980,JACQUELINE,201,0,201
1980,JACLYN,58,0,58
1980,JACKLYN,12,0,12
1980,JACKIE,16,0,16
1980,IVANA,7,0,7
1980,ISABELLE,39,0,39
1980,ISABEL,10,0,10
1980,IRIS,8,0,8
1980,IRENE,41,0,41
1980,INGRID,14,0,14
1980,IDA,12,0,12
1980,HOPE,7,0,7
1980,HOLLY,124,0,124
1980,HOLLIE,16,0,16
1980,HILLARY,14,0,14
1980,HILARY,33,0,33
1980,JANE,49,0,49
1980,JANEEN,6,0,6
1980,JANELLE,48,0,48
1980,JANET,87,0,87
1980,JENNY,100,0,100
1980,JENNIFER-LYNN,8,0,8
1980,JENNIFER,2518,0,2518
1980,JENNIE,24,0,24
1980,JENNETTE,7,0,7
1980,JENNA,35,0,35
1980,JENINE,6,0,6
1980,JENIFER,16,0,16
1980,JENA,6,0,6
1980,JEANNINE,10,0,10
1980,JEANNIE,12,0,12
1980,HELENA,23,0,23
1980,JEANNETTE,10,0,10
1980,JEANINE,9,0,9
1980,JEANETTE,30,0,30
1980,JEAN,53,39,14
1980,JAYME,14,5,9
1980,JASMINE,44,0,44
1980,JASMIN,13,6,7
1980,JANNA,19,0,19
1980,JANIS,8,0,8
1980,JANINE,69,0,69
1980,JANICE,77,0,77
1980,JANETTE,11,0,11
1980,JEANNE,9,0,9
1980,DANIELA,67,0,67
1980,DANICA,10,0,10
1980,DANA,141,5,136
1980,ASHLEIGH,23,0,23
1980,ASHLEE,9,0,9
1980,ASHA,8,0,8
1980,ARLENE,15,0,15
1980,APRYL,6,0,6
1980,APRIL,187,0,187
1980,ANYA,11,0,11
1980,ANTONIETTA,15,0,15
1980,ANTONIA,17,0,17
1980,ANTONELLA,17,0,17
1980,ANTOINETTE,9,0,9
1980,ANNIE,48,0,48
1980,ANNICK,9,0,9
1980,ANNETTE,27,0,27
1980,ANNE-MARIE,29,0,29
1980,ANNE,109,0,109
1980,ANNA-MARIA,8,0,8
1980,ANNA,180,0,180
1980,ANN-MARIE,16,0,16
1980,ANN,55,0,55
1980,ANJALI,7,0,7
1980,ANITA,98,0,98
1980,ANIK,15,0,15
1980,ASHLEY,165,31,134
1980,ANGIE,47,0,47
1980,ASMA,7,0,7
1980,AUBREY,6,0,6
1980,BONNIE,78,0,78
1980,BOBBIE-JO,9,0,9
1980,BOBBIE,11,0,11
1980,BOBBI-JO,12,0,12
1980,BOBBI,16,0,16
1980,BLAIR,71,64,7
1980,BILLIE,6,0,6
1980,BIANCA,17,0,17
1980,BEVERLY,22,0,22
1980,BEVERLEY,10,0,10
1980,BETTY,10,0,10
1980,BETTINA,7,0,7
1980,BETHANY,33,0,33
1980,BETH,36,0,36
1980,BERNICE,7,0,7
1980,BERNADETTE,10,0,10
1980,BELINDA,11,0,11
1980,BECKY,27,0,27
1980,BARBARA,93,0,93
1980,BABY,118,64,54
1980,AVIVA,6,0,6
1980,AURORA,6,0,6
1980,AUDREY,18,0,18
1980,ATHENA,7,0,7
1980,ANGELIQUE,11,0,11
1980,ANGELINE,6,0,6
1980,ANGELINA,19,0,19
1980,ALICIA,150,0,150
1980,ALICE,30,0,30
1980,ALEXIS,55,6,49
1980,ALEXIA,6,0,6
1980,ALEXANDRIA,9,0,9
1980,ALEXANDRA,72,0,72
1980,ALEXA,9,0,9
1980,ALESSANDRA,9,0,9
1980,ALANNA,40,0,40
1980,ALANA,43,0,43
1980,ALAINA,13,0,13
1980,AISHA,13,0,13
1980,AINSLEY,8,0,8
1980,AIMEE,70,0,70
1980,AILEEN,13,0,13
1980,ADRIENNE,82,0,82
1980,ADRIANNE,9,0,9
1980,ADRIANA,35,0,35
1980,ADINA,9,0,9
1980,ADELINA,6,0,6
1980,ADELE,11,0,11
1980,ABIGAIL,16,0,16
1980,ABBY,20,0,20
1980,ALINE,9,0,9
1980,ALISA,13,0,13
1980,ALISHA,30,0,30
1980,ALISON,222,0,222
1980,ANGELE,25,0,25
1980,ANGELA,571,0,571
1980,ANGEL,28,0,28
1980,ANDRIA,19,0,19
1980,ANDREE,9,0,9
1980,ANDREA,625,18,607
1980,ANDRA,7,0,7
1980,ANASTASIA,21,0,21
1980,ANA,19,0,19
1980,AMY,711,0,711
1980,AMIE,27,0,27
1980,BRANDI,51,0,51
1980,AMI,12,0,12
1980,AMBER-LEE,7,0,7
1980,AMBER,189,0,189
1980,AMANDA,1472,0,1472
1980,ALYSSA,22,0,22
1980,ALYSON,14,0,14
1980,ALYSHA,9,0,9
1980,ALMA,6,0,6
1980,ALLYSON,11,0,11
1980,ALLISON,200,0,200
1980,ALLANA,8,0,8
1980,ALISSA,16,0,16
1980,AMELIA,30,0,30
1980,BRANDIE,11,0,11
1980,BRANDY,62,0,62
1980,BREANNA,7,0,7
1980,CLAIRE,58,0,58
1980,CINDY,128,0,128
1980,CHRYSTAL,33,0,33
1980,CHRISTY,27,0,27
1980,CHRISTINE,554,0,554
1980,CHRISTINA,507,0,507
1980,CHRISTIE,24,0,24
1980,CHRISTEN,7,0,7
1980,CHRISTA,72,0,72
1980,CHRISSY,6,0,6
1980,CHRISOULA,6,0,6
1980,CHLOE,8,0,8
1980,CHIARA,6,0,6
1980,CHERYL-LYNN,6,0,6
1980,CHERYL,249,0,249
1980,CHERIE,20,0,20
1980,CHERI,18,0,18
1980,CHELSEA,11,0,11
1980,CHARMAINE,18,0,18
1980,CHARLOTTE,34,0,34
1980,CHARLENE,103,0,103
1980,CHARITY,24,0,24
1980,CHARISSA,8,0,8
1980,CLARA,16,0,16
1980,CLARE,7,0,7
1980,CLAUDIA,31,0,31
1980,COLETTE,14,0,14
1980,DALLAS,25,18,7
1980,DALE,89,81,8
1980,DAISY,10,0,10
1980,DAINA,9,0,9
1980,CYNTHIA,111,0,111
1980,CRYSTAL-LEE,7,0,7
1980,CRYSTAL,432,0,432
1980,CRISTINA,53,0,53
1980,CRISTIN,10,0,10
1980,COURTNEY,151,16,135
1980,COURTENAY,7,0,7
1980,CHANTELLE,50,0,50
1980,CORY,216,210,6
1980,CORRINE,11,0,11
1980,CORRINA,9,0,9
1980,CORRIE,12,0,12
1980,CORINNA,6,0,6
1980,CORINA,9,0,9
1980,CORI,6,0,6
1980,COREY,112,106,6
1980,CONSTANCE,14,0,14
1980,CONNIE,45,0,45
1980,CONCETTA,9,0,9
1980,COLLEEN,127,0,127
1980,CORTNEY,10,0,10
1980,KATHERINE,395,0,395
1980,CHANTEL,15,0,15
1980,CHANTALE,21,0,21
1980,CARLEY,13,0,13
1980,CARLENE,12,0,12
1980,CARLA,79,0,79
1980,CARISSA,13,0,13
1980,CAREY,10,0,10
1980,CARA,55,0,55
1980,CANDY,6,0,6
1980,CANDICE,83,0,83
1980,CANDACE,68,0,68
1980,CAMILLE,20,0,20
1980,CAITLIN,34,0,34
1980,BRYANNE,7,0,7
1980,BROOKE,115,6,109
1980,BRONWYN,9,0,9
1980,BRONWEN,6,0,6
1980,BRITTANY,9,0,9
1980,BRIGITTE,23,0,23
1980,BRIENNE,6,0,6
1980,BRIDGET,27,0,27
1980,BRIANNE,53,0,53
1980,BRIANNA,12,0,12
1980,BRENDA,85,0,85
1980,BREANNE,23,0,23
1980,CARLY,47,0,47
1980,CARMELA,18,0,18
1980,CARMEN,25,5,20
1980,CAROL,42,0,42
1980,CHANTAL,133,0,133
1980,CHANDRA,10,0,10
1980,MAEGAN,14,0,14
1980,CELINA,7,0,7
1980,CELIA,6,0,6
1980,CELESTE,11,0,11
1980,CECILIA,11,0,11
1980,CATRINA,7,0,7
1980,CATHY,25,0,25
1980,CATHLEEN,8,0,8
1980,CATHERINE,274,0,274
1980,CHANTALLE,8,0,8
1980,CATHARINE,15,0,15
1980,CASSANDRA,59,0,59
1980,CASEY,75,50,25
1980,CARYN,8,0,8
1980,CARRIE-LYNN,7,0,7
1980,CARRIE-ANNE,7,0,7
1980,CARRIE-ANN,7,0,7
1980,CARRIE,197,0,197
1980,CAROLYN,117,0,117
1980,CAROLINE,113,0,113
1980,CAROLINA,11,0,11
1980,CAROLE,22,0,22
1980,CATERINA,20,0,20
1980,ABBIE,6,0,6
1980,KATHLEEN,197,0,197
1980,KATHY,24,0,24
1980,REBEKAH,29,0,29
1980,REENA,17,0,17
1980,REGAN,14,8,6
1980,REGINA,8,0,8
1980,RENA,10,0,10
1980,RENATA,13,0,13
1980,RENE,38,31,7
1980,RENEE,103,0,103
1980,RENÉE,12,0,12
1980,RHEA,7,0,7
1980,RHIANNON,16,0,16
1980,RHONDA,38,0,38
1980,RICHELLE,15,0,15
1980,RINA,11,0,11
1980,RITA,38,0,38
1980,ROBERTA,30,0,30
1980,ROBIN,177,69,108
1980,ROBYN,113,0,113
1980,ROCHELLE,22,0,22
1980,RONDA,6,0,6
1980,ROSA,32,0,32
1980,ROSALIE,7,0,7
1980,ROSALIND,6,0,6
1980,REBECCA,557,0,557
1980,ROSAMARIA,6,0,6
1980,REAGAN,6,0,6
1980,RAQUEL,12,0,12
1980,OLIVIA,37,0,37
1980,PAMELA,250,0,250
1980,PANAGIOTA,12,0,12
1980,PAOLA,10,0,10
1980,PATRICIA,269,0,269
1980,PATRIZIA,9,0,9
1980,PAULA,87,0,87
1980,PAULINE,33,0,33
1980,PEARL,6,0,6
1980,PEGGY,16,0,16
1980,PENELOPE,7,0,7
1980,PENNY,18,0,18
1980,PINA,7,0,7
1980,PRISCILLA,27,0,27
1980,PRIYA,16,0,16
1980,QUINN,11,5,6
1980,RACHAEL,55,0,55
1980,RACHEL,330,0,330
1980,RACHELLE,60,0,60
1980,RAEGAN,7,0,7
1980,RAMANDEEP,6,0,6
1980,RAMONA,8,0,8
1980,RANDI,14,0,14
1980,RAVEN,6,0,6
1980,ROSANNA,19,0,19
1980,ROSARIA,8,0,8
1980,ROSE,19,0,19
1980,SHALINI,6,0,6
1980,SHANA,9,0,9
1980,SHANDA,6,0,6
1980,SHANNA,21,0,21
1980,SHANNAN,12,0,12
1980,SHANNON,525,20,505
1980,SHARI,12,0,12
1980,SHARLENE,11,0,11
1980,SHARON,115,0,115
1980,SHAUNA,70,0,70
1980,SHAWNA,68,0,68
1980,SHAYNA,10,0,10
1980,SHAZIA,7,0,7
1980,SHEENA,8,0,8
1980,SHEILA,43,0,43
1980,SHELBY,15,0,15
1980,SHELLEY,93,0,93
1980,SHELLY,46,0,46
1980,SHERI,45,0,45
1980,SHERISSE,9,0,9
1980,SHERRI,67,0,67
1980,SHERRI-LYNN,7,0,7
1980,SHERRIE,12,0,12
1980,SERENA,17,0,17
1980,SELINA,9,0,9
1980,SELENA,18,0,18
1980,SEEMA,6,0,6
1980,ROSEANNE,8,0,8
1980,ROSEMARIE,9,0,9
1980,ROSEMARY,26,0,26
1980,ROSINA,8,0,8
1980,ROXANE,6,0,6
1980,ROXANNE,72,0,72
1980,RUBY,12,0,12
1980,RUPINDER,7,0,7
1980,RUTH,37,0,37
1980,RUTH-ANN,6,0,6
1980,RYAN,1524,1514,10
1980,NORMA,6,0,6
1980,SABINA,11,0,11
1980,SACHA,21,9,12
1980,SALIMA,6,0,6
1980,SALLY,24,0,24
1980,SAMANTHA,189,0,189
1980,SAMARA,7,0,7
1980,SANDRA,209,0,209
1980,SANDY,68,8,60
1980,SARA,303,0,303
1980,SARAH,1361,0,1361
1980,SARI,7,0,7
1980,SASHA,45,13,32
1980,SABRINA,175,0,175
1980,SHERRY,97,0,97
1980,NORA,12,0,12
1980,NISHA,8,0,8
1980,MARISA,39,0,39
1980,MARISSA,39,0,39
1980,MARJORIE,6,0,6
1980,MARLA,9,0,9
1980,MARLENA,6,0,6
1980,MARLENE,39,0,39
1980,MARNI,6,0,6
1980,MARNIE,22,0,22
1980,MARSHA,42,0,42
1980,MARTA,7,0,7
1980,MARTHA,48,0,48
1980,MARTINA,11,0,11
1980,MARTINE,12,0,12
1980,MARY,321,0,321
1980,MARY-ANN,10,0,10
1980,MARY-ANNE,7,0,7
1980,MARYANN,10,0,10
1980,MARYANNE,9,0,9
1980,MARYSE,7,0,7
1980,MAUREEN,43,0,43
1980,MAXINE,14,0,14
1980,MAY,9,0,9
1980,MAYA,14,0,14
1980,MARION,9,0,9
1980,MEAGAN,30,0,30
1980,MARINA,22,0,22
1980,MARIE-JOSEE,9,0,9
1980,MALINDA,12,0,12
1980,MANDEEP,6,0,6
1980,MANDI,8,0,8
1980,MANDY,84,0,84
1980,MANISHA,6,0,6
1980,MANON,9,0,9
1980,MARA,8,0,8
1980,MARCELLA,6,0,6
1980,MARCI,12,0,12
1980,MARCIA,35,0,35
1980,MARCIE,17,0,17
1980,MARCY,18,0,18
1980,MARGARET,119,0,119
1980,MARGO,7,0,7
1980,MARGOT,7,0,7
1980,MARIA,233,0,233
1980,MARIAM,7,0,7
1980,MARIAN,7,0,7
1980,MARIANNA,9,0,9
1980,MARIANNE,43,0,43
1980,MARIE,597,0,597
1980,MARIE-EVE,13,0,13
1980,MARIE-FRANCE,8,0,8
1980,MARILYN,17,0,17
1980,MEAGHAN,74,0,74
1980,MEENA,7,0,7
1980,MEERA,9,0,9
1980,MONIKA,13,0,13
1980,MONIQUE,97,0,97
1980,MORGAN,69,31,38
1980,MYRA,11,0,11
1980,MÉLANIE,15,0,15
1980,NADA,7,0,7
1980,NADIA,139,0,139
1980,NADINE,72,0,72
1980,NANCY,176,0,176
1980,NAOMI,60,0,60
1980,NATACHA,12,0,12
1980,NATALIA,15,0,15
1980,NATALIE,381,0,381
1980,NATASHA,216,0,216
1980,NATHALIE,41,0,41
1980,NICHOLE,24,0,24
1980,NICOLA,47,28,19
1980,NICOLE,696,0,696
1980,NICOLETTE,16,0,16
1980,NICOLLE,7,0,7
1980,NIKI,8,0,8
1980,NIKKI,20,0,20
1980,NINA,48,0,48
1980,MONICA,101,0,101
1980,MONA,8,0,8
1980,MOLLY,14,0,14
1980,MOIRA,7,0,7
1980,MEGAN,179,0,179
1980,MEGHAN,147,0,147
1980,MEGHANN,14,0,14
1980,MELANIE,499,0,499
1980,MELANY,6,0,6
1980,MELINA,11,0,11
1980,MELINDA,77,0,77
1980,MELISA,14,0,14
1980,MELISSA,1358,0,1358
1980,MELLISA,7,0,7
1980,MELLISSA,9,0,9
1980,NOELLE,6,0,6
1980,MELODIE,9,0,9
1980,MEREDITH,57,0,57
1980,MIA,8,0,8
1980,MICHELE,65,18,47
1980,MICHELINE,9,0,9
1980,MICHELLE,935,0,935
1980,MILENA,8,0,8
1980,MINDY,22,0,22
1980,MIRANDA,105,0,105
1980,MIREILLE,16,0,16
1980,MIRIAM,25,0,25
1980,MISTY,35,0,35
1980,MELODY,22,0,22
1980,SHERYL,20,0,20
1980,SHIRLEY,17,0,17
1980,SHONA,9,0,9
1980,LIANNE,19,0,19
1980,LIANE,14,0,14
1980,LIANA,11,0,11
1980,LIA,7,0,7
1980,LESLIE,136,31,105
1980,LESLEY,124,0,124
1980,LEONA,6,0,6
1980,LENA,20,0,20
1980,LEILA,6,0,6
1980,LEIGH-ANNE,8,0,8
1980,LEIGH-ANN,8,0,8
1980,LEIGH,51,16,35
1980,LEENA,7,0,7
1980,LEEANNE,11,0,11
1980,LEEANN,9,0,9
1980,LEE-ANNE,8,0,8
1980,LEE-ANN,27,0,27
1980,LEE,169,142,27
1980,LEANNE,118,0,118
1980,LEANNA,8,0,8
1980,LEANN,7,0,7
1980,LEAH,143,0,143
1980,LAURIE,105,0,105
1980,LIDIA,10,0,10
1980,LAUREN,155,0,155
1980,LIISA,8,0,8
1980,LILIANA,7,0,7
1980,LUANA,6,0,6
1980,LOUISE,37,0,37
1980,LORRAINE,29,0,29
1980,LORNA,11,0,11
1980,LORI-ANNE,6,0,6
1980,LORI-ANN,11,0,11
1980,LORI,147,0,147
1980,LORETTA,23,0,23
1980,LOREDANA,6,0,6
1980,LORA,19,0,19
1980,LONI,11,0,11
1980,LIZA,17,0,17
1980,LISSA,7,0,7
1980,LISE,18,0,18
1980,LISA-MARIE,16,0,16
1980,LISA,927,0,927
1980,LINSEY,7,0,7
1980,LINDY,9,0,9
1980,LINDSEY,79,0,79
1980,LINDSAY,456,7,449
1980,LINDA,133,0,133
1980,LINA,23,0,23
1980,LILLIAN,15,0,15
1980,LILIAN,6,0,6
1980,LAUREL,13,0,13
1980,LAURA,759,0,759
1980,LATOYA,14,0,14
1980,KIMBERLEY,155,0,155
1980,KIMBERLEE,17,0,17
1980,KIM,34,0,34
1980,KILEY,9,0,9
1980,KERRY,77,6,71
1980,KERRIE,8,0,8
1980,KERRI-LYNN,8,0,8
1980,KERRI,54,0,54
1980,KERI,29,0,29
1980,KENDRA,48,0,48
1980,KENDALL,8,0,8
1980,KELLY-ANNE,8,0,8
1980,KELLY-ANN,17,0,17
1980,KELLY,564,23,541
1980,KELLIE,21,0,21
1980,KELLI,14,0,14
1980,KELLEY,12,0,12
1980,KEISHA,10,0,10
1980,KEELY,6,0,6
1980,KAVITA,6,0,6
1980,KATY,9,0,9
1980,KATRINA,65,0,65
1980,KATIE,118,0,118
1980,KIMBERLY,407,0,407
1980,KIMBERLY-ANN,6,0,6
1980,KIRA,8,0,8
1980,KIRSTEN,60,0,60
1980,LARISSA,24,0,24
1980,LARA,31,0,31
1980,LANA,31,0,31
1980,LACEY,13,0,13
1980,KYLIE,18,0,18
1980,KYLA,27,0,27
1980,KRYSTINA,9,0,9
1980,KRYSTAL,25,0,25
1980,KRYSTA,10,0,10
1980,KRISTYN,21,0,21
1980,KRISTY,132,0,132
1980,LUCIA,15,0,15
1980,KRISTINE,66,0,66
1980,KRISTIN,206,0,206
1980,KRISTIE,20,0,20
1980,KRISTI,35,0,35
1980,KRISTEN,189,0,189
1980,KRISTAN,9,0,9
1980,KRISTAL,15,0,15
1980,KRISTA,274,0,274
1980,KONSTANTINA,9,0,9
1980,KISHA,7,0,7
1980,KIRSTY,8,0,8
1980,KIRSTIN,8,0,8
1980,KRISTINA,153,0,153
1980,LUCIE,10,0,10
1980,LUCY,14,0,14
1980,LUISA,14,0,14
1980,SYLVIA,34,0,34
1980,SYLVIE,26,0,26
1980,TABATHA,16,0,16
1980,TABITHA,27,0,27
1980,TALIA,10,0,10
1980,TAMAR,8,0,8
1980,TAMARA,130,0,130
1980,TAMI,7,0,7
1980,TAMMIE,8,0,8
1980,TAMMY,217,0,217
1980,TANIA,119,0,119
1980,TANJA,13,0,13
1980,TANYA,380,0,380
1980,TARA,394,0,394
1980,TARA-LYNN,10,0,10
1980,TARA-LYNNE,6,0,6
1980,TARYN,18,0,18
1980,TASHA,32,0,32
1980,TATIANA,6,0,6
1980,TAYLOR,37,31,6
1980,TERA,7,0,7
1980,TERESA,103,0,103
1980,TERI,12,0,12
1980,SUZANNE,128,0,128
1980,SUSY,6,0,6
1980,SUSIE,12,0,12
1980,SUSANNE,18,0,18
1980,SILVANA,10,0,10
1980,SILVIA,14,0,14
1980,SIMONE,27,0,27
1980,SIOBHAN,18,0,18
1980,SKYE,8,0,8
1980,SOFIA,14,0,14
1980,SONIA,90,0,90
1980,SONJA,18,0,18
1980,SONYA,68,0,68
1980,SOPHIA,39,0,39
1980,SOPHIE,47,0,47
1980,TERRA,23,0,23
1980,STACEY,241,5,236
1980,STACY,65,7,58
1980,STAVROULA,9,0,9
1980,STEFANIA,22,0,22
1980,STEFANIE,68,0,68
1980,STELLA,17,0,17
1980,STEPHANIE,769,0,769
1980,SUE,15,0,15
1980,SUMMER,13,0,13
1980,SUSAN,158,0,158
1980,SUSANA,6,0,6
1980,SUSANNA,11,0,11
1980,STACIE,19,0,19
1980,KATHRYN,193,0,193
1980,TERRI,59,0,59
1980,THERESA,89,0,89
1980,VICTORIA,130,0,130
1980,VIOLET,8,0,8
1980,VIRGINIA,47,0,47
1980,VIVIAN,18,0,18
1980,WANDA,7,0,7
1980,WENDY,128,0,128
1980,WHITNEY,17,0,17
1980,YASMIN,6,0,6
1980,YOLANDA,14,0,14
1980,YVETTE,9,0,9
1980,YVONNE,44,0,44
1980,ZAHRA,7,0,7
1980,ZOE,9,0,9
1980,MADELEINE,9,0,9
1980,MACKENZIE,19,9,10
1980,LYNSEY,10,0,10
1980,LYNNE,20,0,20
1980,LYNN,74,0,74
1980,LYNE,8,0,8
1980,LYNDSEY,22,0,22
1980,LYNDSAY,34,0,34
1980,LYNDA,18,0,18
1980,LYDIA,33,0,33
1980,VICKY,16,0,16
1980,VICKI,30,0,30
1980,VERONIQUE,15,0,15
1980,VERONICA,50,0,50
1980,TIA,17,0,17
1980,TIANA,6,0,6
1980,TIFFANY,203,0,203
1980,TINA,207,0,207
1980,TIZIANA,7,0,7
1980,TONI,9,0,9
1980,TONIA,10,0,10
1980,TONYA,42,0,42
1980,TRACEY,70,0,70
1980,TRACIE,6,0,6
1980,TRACY,230,0,230
1980,TERRI-LYNN,16,0,16
1980,TRICIA,58,0,58
1980,TRISH,6,0,6
1980,TRISHA,69,0,69
1980,TRISTA,10,0,10
1980,TRUDY,14,0,14
1980,VALENTINA,7,0,7
1980,VALERIE,119,0,119
1980,VANESSA,196,0,196
1980,VASILIKI,13,0,13
1980,VENESSA,8,0,8
1980,VERA,12,0,12
1980,VERNA,6,0,6
1980,TRINA,25,0,25
1980,ABBEY,7,0,7
1980,CELINE,27,0,27
1980,CORINNE,22,0,22
1980,SIDNEY,12,12,0
1980,SHERMAN,5,5,0
1980,SHELDON,36,36,0
1980,SHEA,5,5,0
1980,SHAYNE,20,20,0
1980,SHAWN,483,483,0
1980,SHAUN,240,240,0
1980,SHANE,258,258,0
1980,SETH,16,16,0
1980,SIMON,104,104,0
1980,SERGIO,13,13,0
1980,SEBASTIEN,26,26,0
1980,SEBASTIAN,8,8,0
1980,SEAN,505,505,0
1980,SEAMUS,5,5,0
1980,SCOTTIE,5,5,0
1980,SCOTT,674,674,0
1980,SAVERIO,6,6,0
1980,SANTO,5,5,0
1980,SANJAY,10,10,0
1980,SERGE,26,26,0
1980,SONNY,7,7,0
1980,SOTIRIOS,5,5,0
1980,SPENCER,20,20,0
1980,TERRENCE,26,26,0
1980,TERRANCE,21,21,0
1980,TERENCE,23,23,0
1980,TED,8,8,0
1980,TARIQ,5,5,0
1980,TANNER,11,11,0
1980,SYLVAIN,30,30,0
1980,SYED,9,9,0
1980,SUNIL,10,10,0
1980,SUNDEEP,8,8,0
1980,STUART,55,55,0
1980,STEWART,20,20,0
1980,STEVEN,697,697,0
1980,STEVE,82,82,0
1980,STEPHEN,483,483,0
1980,STEPHANE,49,49,0
1980,STEPHAN,29,29,0
1980,STEFANOS,5,5,0
1980,STEFANO,21,21,0
1980,STEFAN,32,32,0
1980,STANLEY,28,28,0
1980,SANDRO,11,11,0
1980,SANDIP,6,6,0
1980,SAMUEL,81,81,0
1980,SAMSON,7,7,0
1980,ROBERTO,45,45,0
1980,ROBERT,1317,1317,0
1980,ROBBIE,24,24,0
1980,RISHI,15,15,0
1980,RILEY,5,5,0
1980,RICKY,26,26,0
1980,RICK,12,12,0
1980,RICHARD,608,608,0
1980,RICCARDO,12,12,0
1980,RICARDO,27,27,0
1980,REUBEN,15,15,0
1980,REMI,5,5,0
1980,REJEAN,8,8,0
1980,REID,7,7,0
1980,REGINALD,19,19,0
1980,RAYMOND,122,122,0
1980,RAY,5,5,0
1980,RAVINDER,6,6,0
1980,RAVI,6,6,0
1980,RAPHAEL,9,9,0
1980,RANDY,83,83,0
1980,ROCCO,18,18,0
1980,TERRY,79,79,0
1980,ROCH,5,5,0
1980,RODERICK,18,18,0
1980,SAMMY,5,5,0
1980,SAMIR,7,7,0
1980,SAM,13,13,0
1980,SALVATORE,36,36,0
1980,SACHIN,8,8,0
1980,RUSSELL,62,62,0
1980,RUI,6,6,0
1980,ROY,43,43,0
1980,ROSS,33,33,0
1980,ROSARIO,5,5,0
1980,RORY,29,29,0
1980,RONNY,5,5,0
1980,RONNIE,10,10,0
1980,RONALD,144,144,0
1980,RON,9,9,0
1980,ROLAND,12,12,0
1980,ROHIT,6,6,0
1980,ROHAN,5,5,0
1980,ROGER,71,71,0
1980,RODNEY,49,49,0
1980,RODGER,10,10,0
1980,ROCKY,12,12,0
1980,THEODORE,26,26,0
1980,THOMAS,422,422,0
1980,TIMMY,8,8,0
1980,JAKE,16,16,0
1980,JAMAAL,5,5,0
1980,JAMES,1123,1123,0
1980,JAMIL,5,5,0
1980,JARED,49,49,0
1980,JARRET,5,5,0
1980,JARRETT,8,8,0
1980,JARROD,13,13,0
1980,JASON,1914,1914,0
1980,JAY,70,70,0
1980,JAYSON,10,10,0
1980,JEAN-FRANCOIS,19,19,0
1980,JEAN-MARC,10,10,0
1980,JEAN-PAUL,21,21,0
1980,JEAN-PIERRE,12,12,0
1980,JEDEDIAH,5,5,0
1980,JEFF,12,12,0
1980,JEFFEREY,8,8,0
1980,JEFFERY,239,239,0
1980,JEFFREY,880,880,0
1980,JEFFRY,5,5,0
1980,JACQUES,17,17,0
1980,JEREMEY,5,5,0
1980,JACOB,100,100,0
1980,JACK,24,24,0
1980,HARPREET,5,5,0
1980,HARRY,19,19,0
1980,HARVEY,9,9,0
1980,HASAN,5,5,0
1980,HAYDEN,7,7,0
1980,HEATH,5,5,0
1980,HELDER,9,9,0
1980,HENDRIK,6,6,0
1980,HENRY,34,34,0
1980,HERBERT,5,5,0
1980,HERMAN,10,10,0
1980,HOWARD,11,11,0
1980,HUBERT,5,5,0
1980,HUGH,12,12,0
1980,IAIN,21,21,0
1980,IAN,391,391,0
1980,IMRAN,18,18,0
1980,IOANNIS,11,11,0
1980,ISAAC,29,29,0
1980,ISAIAH,5,5,0
1980,IVAN,43,43,0
1980,JACKSON,11,11,0
1980,RANDOLPH,13,13,0
1980,JEREMIAH,40,40,0
1980,JEREMY,517,517,0
1980,VIJAY,6,6,0
1980,VICTOR,53,53,0
1980,VASILIOS,6,6,0
1980,TYSON,33,33,0
1980,TYRONE,11,11,0
1980,TYLER,233,233,0
1980,TROY,113,113,0
1980,TRISTAN,23,23,0
1980,TREVOR,368,368,0
1980,TREVER,6,6,0
1980,TRENT,6,6,0
1980,TRAVIS,178,178,0
1980,TONY,49,49,0
1980,TOMMY,16,16,0
1980,TOMISLAV,14,14,0
1980,TOM,13,13,0
1980,TODD,133,133,0
1980,TOBY,6,6,0
1980,TOBIN,5,5,0
1980,TOBIAS,5,5,0
1980,TIMOTHY,539,539,0
1980,VINCE,6,6,0
1980,JEREMIE,10,10,0
1980,VINCENT,68,68,0
1980,VIRGIL,7,7,0
1980,JERMAINE,15,15,0
1980,JEROME,19,19,0
1980,JERRY,47,47,0
1980,JEVON,5,5,0
1980,ZACHARY,37,37,0
1980,YVON,11,11,0
1980,YVES,23,23,0
1980,YAN,10,10,0
1980,WINSTON,13,13,0
1980,WILSON,9,9,0
1980,WILLIAM,671,671,0
1980,WILFRED,7,7,0
1980,WESLEY,131,131,0
1980,WAYNE,108,108,0
1980,WAYLON,6,6,0
1980,WARREN,68,68,0
1980,WALTER,39,39,0
1980,WADE,16,16,0
1980,VIVEK,7,7,0
1980,VITO,14,14,0
1980,VISHAL,6,6,0
1980,VINCENZO,52,52,0
1980,HAROLD,26,26,0
1980,RANDALL,24,24,0
1980,RAMI,6,6,0
1980,LINCOLN,5,5,0
1980,LIAM,29,29,0
1980,LEVI,10,10,0
1980,LESTER,14,14,0
1980,LEROY,6,6,0
1980,LEONARDO,16,16,0
1980,LEONARD,40,40,0
1980,LEON,19,19,0
1980,LEO,23,23,0
1980,LIONEL,8,8,0
1980,LENARD,6,6,0
1980,LARRY,43,43,0
1980,LANNY,12,12,0
1980,LANDON,6,6,0
1980,LANCE,37,37,0
1980,KYLE,214,214,0
1980,KURTIS,28,28,0
1980,KURT,47,47,0
1980,KRISTOPHER,123,123,0
1980,KRISTOFFER,6,6,0
1980,LAWRENCE,56,56,0
1980,LLOYD,23,23,0
1980,LOGAN,12,12,0
1980,LONNY,5,5,0
1980,MARCO,71,71,0
1980,MARCELLO,7,7,0
1980,MARCEL,46,46,0
1980,MARC-ANDRE,15,15,0
1980,MARC,250,250,0
1980,MANUEL,9,9,0
1980,MALCOLM,18,18,0
1980,LYNDON,8,8,0
1980,LYLE,11,11,0
1980,LUKE,121,121,0
1980,LUKAS,7,7,0
1980,LUIS,20,20,0
1980,LUIGI,30,30,0
1980,LUCIANO,9,9,0
1980,LUCAS,132,132,0
1980,LUCA,15,15,0
1980,LUC,53,53,0
1980,LOUIS,41,41,0
1980,LOUIE,5,5,0
1980,LORNE,15,15,0
1980,LOREN,5,5,0
1980,KRISTOFER,10,10,0
1980,KRISTIAN,13,13,0
1980,KRIS,19,19,0
1980,KORY,9,9,0
1980,JOSH,8,8,0
1980,JOSEPH,1089,1089,0
1980,JORGE,6,6,0
1980,JORDON,7,7,0
1980,JONATHON,64,64,0
1980,JONATHAN,722,722,0
1980,JONAS,9,9,0
1980,JONAH,6,6,0
1980,JON,25,25,0
1980,JOHN-PAUL,17,17,0
1980,JOHNNY,28,28,0
1980,JOHNATHON,22,22,0
1980,JOHNATHAN,35,35,0
1980,JOHN,1052,1052,0
1980,JOHAN,5,5,0
1980,JOEY,54,54,0
1980,JOESPH,11,11,0
1980,JOEL,220,220,0
1980,JOE,14,14,0
1980,JOAO,7,7,0
1980,JIMMY,38,38,0
1980,JOSHUA,502,502,0
1980,MARCUS,39,39,0
1980,JUAN,8,8,0
1980,JULIEN,11,11,0
1980,KOREY,7,7,0
1980,KONSTANTINOS,11,11,0
1980,KONRAD,5,5,0
1980,KIRK,65,65,0
1980,KIERAN,7,7,0
1980,KEVIN,961,961,0
1980,KEVEN,7,7,0
1980,KEVAN,5,5,0
1980,KENTON,5,5,0
1980,KENT,14,14,0
1980,KENRICK,5,5,0
1980,KENNY,14,14,0
1980,KENNETH,277,277,0
1980,KEN,12,12,0
1980,KELVIN,5,5,0
1980,KEITH,142,142,0
1980,KEEGAN,5,5,0
1980,KARL,24,24,0
1980,KARIM,13,13,0
1980,KAREEM,11,11,0
1980,JUSTIN,741,741,0
1980,JULIAN,23,23,0
1980,MARIO,53,53,0
1980,MARK,907,907,0
1980,MARKO,11,11,0
1980,PANAGIOTIS,18,18,0
1980,PABLO,9,9,0
1980,OWEN,31,31,0
1980,OSCAR,9,9,0
1980,ORVILLE,5,5,0
1980,ORLANDO,10,10,0
1980,OMARI,7,7,0
1980,OMAR,37,37,0
1980,OLIVIER,5,5,0
1980,OLIVER,27,27,0
1980,NUNO,5,5,0
1980,NORMAN,60,60,0
1980,NOLAN,10,10,0
1980,NOEL,16,16,0
1980,NOAH,29,29,0
1980,NITIN,6,6,0
1980,NIKOLAS,8,8,0
1980,NIKOLAOS,5,5,0
1980,NIKOLA,9,9,0
1980,NIGEL,30,30,0
1980,NICOLAS,51,51,0
1980,PAOLO,40,40,0
1980,NICKOLAS,27,27,0
1980,PASCAL,26,26,0
1980,PATRICE,9,9,0
1980,RALPH,10,10,0
1980,RAJESH,6,6,0
1980,RAHIM,10,10,0
1980,RAFFAELE,13,13,0
1980,RAFAEL,5,5,0
1980,QUINTON,5,5,0
1980,QUINCY,5,5,0
1980,QUENTIN,9,9,0
1980,PRESTON,7,7,0
1980,PIETRO,14,14,0
1980,PIERRE,55,55,0
1980,PHILLIP,95,95,0
1980,PHILIPPE,46,46,0
1980,PHILIP,223,223,0
1980,PETER,431,431,0
1980,PERRY,11,11,0
1980,PERCY,5,5,0
1980,PAULO,16,16,0
1980,PAUL,742,742,0
1980,PATRIZIO,5,5,0
1980,PATRICK,389,389,0
1980,PASQUALE,12,12,0
1980,RANDAL,6,6,0
1980,NICKOLAOS,7,7,0
1980,NICHOLAS,518,518,0
1980,MIGUEL,17,17,0
1980,MICHEL,90,90,0
1980,MICHEAL,118,118,0
1980,MICHAL,5,5,0
1980,MICHAEL,2846,2846,0
1980,MICAH,11,11,0
1980,MELVIN,5,5,0
1980,MAX,7,7,0
1980,MAURO,9,9,0
1980,MAURIZIO,9,9,0
1980,MAURICE,20,20,0
1980,MATTHEW,1470,1470,0
1980,MATHIEU,37,37,0
1980,MATHEW,107,107,0
1980,MASSIMO,15,15,0
1980,MASON,6,6,0
1980,MARVIN,20,20,0
1980,MARTY,6,6,0
1980,MARTIN,168,168,0
1980,MARSHALL,7,7,0
1980,MARLON,21,21,0
1980,MIKE,24,24,0
1980,NICK,16,16,0
1980,MILAN,8,8,0
1980,MITCHEL,6,6,0
1980,NEVIN,5,5,0
1980,NELSON,57,57,0
1980,NEILL,5,5,0
1980,NEIL,169,169,0
1980,NEEL,5,5,0
1980,NEAL,28,28,0
1980,NAVEEN,8,8,0
1980,NAVDEEP,8,8,0
1980,NATHANIEL,61,61,0
1980,NATHANIAL,6,6,0
1980,NATHANAEL,7,7,0
1980,NATHAN,310,310,0
1980,MYLES,21,21,0
1980,MURRAY,24,24,0
1980,MUHAMMAD,9,9,0
1980,MOSES,6,6,0
1980,MOHAMMED,13,13,0
1980,MOHAMMAD,10,10,0
1980,MOHAMED,12,12,0
1980,MOHAMAD,5,5,0
1980,MITCHELL,52,52,0
1980,MIRKO,5,5,0
1980,GUY,44,44,0
1980,JIM,5,5,0
1980,DENVER,6,6,0
1980,FRANCIS,55,55,0
1980,FRANCESCO,67,67,0
1980,FOTIOS,5,5,0
1980,FLOYD,6,6,0
1980,FILIPPO,6,6,0
1980,FILIPE,11,11,0
1980,FRANCISCO,11,11,0
1980,FERNANDO,9,9,0
1980,FABIO,11,11,0
1980,EZRA,6,6,0
1980,EWAN,8,8,0
1980,EVERETT,11,11,0
1980,EVANGELOS,5,5,0
1980,EVAN,90,90,0
1980,FABRIZIO,9,9,0
1980,EUGENIO,5,5,0
1980,FRANCO,22,22,0
1980,FRANÇOIS,5,5,0
1980,GARNET,6,6,0
1980,GARETT,10,10,0
1980,GARETH,18,18,0
1980,GAETANO,11,11,0
1980,GAETAN,6,6,0
1980,GABRIELE,7,7,0
1980,FRANCOIS,29,29,0
1980,GABRIEL,49,49,0
1980,FREDERICK,59,59,0
1980,FREDERIC,9,9,0
1980,FRASER,23,23,0
1980,FRANKLIN,10,10,0
1980,FRANKIE,5,5,0
1980,FRANK,98,98,0
1980,FREDRICK,6,6,0
1980,GARRETT,18,18,0
1980,EUGENE,20,20,0
1980,ETHAN,8,8,0
1980,EDWIN,16,16,0
1980,EDWARD,154,154,0
1980,EDMUND,5,5,0
1980,EDMOND,6,6,0
1980,EDGAR,6,6,0
1980,EDDY,7,7,0
1980,ELDON,6,6,0
1980,EDDIE,5,5,0
1980,DYLAN,54,54,0
1980,DWIGHT,10,10,0
1980,DWAYNE,71,71,0
1980,DUSTIN,96,96,0
1980,DUNCAN,25,25,0
1980,DUANE,43,43,0
1980,EARL,13,13,0
1980,ETIENNE,9,9,0
1980,ELI,18,18,0
1980,ELIE,6,6,0
1980,ERROL,8,8,0
1980,ERNEST,20,20,0
1980,ERIK,101,101,0
1980,ERICH,8,8,0
1980,ERIC,498,498,0
1980,ENRICO,8,8,0
1980,ELIAS,10,10,0
1980,EMMANUEL,12,12,0
1980,EMERSON,7,7,0
1980,EMANUEL,13,13,0
1980,ELVIS,7,7,0
1980,ELLIOTT,9,9,0
1980,ELLIOT,12,12,0
1980,ELIJAH,7,7,0
1980,EMIL,7,7,0
1980,DREW,39,39,0
1980,GARRY,10,10,0
1980,GARY,137,137,0
1980,ANDRÉ,8,8,0
1980,ANDREAS,9,9,0
1980,ANDRES,8,8,0
1980,ANDREW,1154,1154,0
1980,ANDY,26,26,0
1980,ANGELO,26,26,0
1980,ANDRE,111,111,0
1980,ANGUS,11,11,0
1980,ANSON,5,5,0
1980,ANTE,7,7,0
1980,ANTHONY,345,345,0
1980,ANTOINE,10,10,0
1980,ANTON,7,7,0
1980,ANTONINO,5,5,0
1980,ANIL,5,5,0
1980,ANTONIO,72,72,0
1980,ANDRAE,5,5,0
1980,AMOL,5,5,0
1980,ALFREDO,6,6,0
1980,ALI,18,18,0
1980,ALISTAIR,6,6,0
1980,ALLAN,95,95,0
1980,ALLEN,34,34,0
1980,ALVIN,22,22,0
1980,ANAND,5,5,0
1980,ALY,11,11,0
1980,AMAN,6,6,0
1980,AMANDEEP,5,5,0
1980,AMAR,6,6,0
1980,AMARDEEP,9,9,0
1980,AMIR,10,10,0
1980,AMIT,19,19,0
1980,ALYKHAN,5,5,0
1980,GARTH,11,11,0
1980,ANTONIOS,9,9,0
1980,GUS,5,5,0
1980,GIANLUCA,6,6,0
1980,GIANFRANCO,7,7,0
1980,GIANCARLO,12,12,0
1980,GIACOMO,6,6,0
1980,GHISLAIN,6,6,0
1980,GERARD,13,13,0
1980,GIANNI,13,13,0
1980,GERALD,62,62,0
1980,GEORGES,6,6,0
1980,GEORGE,197,197,0
1980,GEOFFREY,143,143,0
1980,GAVIN,47,47,0
1980,GAURAV,5,5,0
1980,GASTON,5,5,0
1980,GEORGIOS,10,10,0
1980,ANTONY,6,6,0
1980,GILBERT,18,18,0
1980,GINO,10,10,0
1980,GUILLAUME,7,7,0
1980,GREGORY,446,446,0
1980,GREGG,12,12,0
1980,GREG,16,16,0
1980,GRANT,69,69,0
1980,GRAHAM,97,97,0
1980,GILLES,19,19,0
1980,GRAEME,33,33,0
1980,GODFREY,5,5,0
1980,GLENN,33,33,0
1980,GLEN,44,44,0
1980,GIUSEPPE,65,65,0
1980,GIULIO,6,6,0
1980,GIOVANNI,38,38,0
1980,GORDON,108,108,0
1980,DRAGAN,5,5,0
1980,DOV,5,5,0
1980,DOUGLAS,203,203,0
1980,CALVIN,23,23,0
1980,CALOGERO,5,5,0
1980,CALEB,12,12,0
1980,CALE,6,6,0
1980,BYRON,15,15,0
1980,BURTON,7,7,0
1980,CAMERON,122,122,0
1980,BRYON,7,7,0
1980,BRYAN,267,267,0
1980,BRUNO,22,22,0
1980,BRUCE,45,45,0
1980,BRODY,6,6,0
1980,BRODIE,9,9,0
1980,BROCK,29,29,0
1980,BRYCE,24,24,0
1980,BRIAN,643,643,0
1980,CARL,64,64,0
1980,CARLOS,28,28,0
1980,CHRISTOPHER,2113,2113,0
1980,CHRISTIAN,114,114,0
1980,CHRIS,29,29,0
1980,CHESTER,5,5,0
1980,CHARLES,227,227,0
1980,CHADWICK,17,17,0
1980,CARLO,20,20,0
1980,CHAD,248,248,0
1980,CEDRIC,7,7,0
1980,CAVAN,6,6,0
1980,CARSON,8,8,0
1980,CARMINE,10,10,0
1980,CARMELO,7,7,0
1980,CARLTON,5,5,0
1980,CESAR,7,7,0
1980,CHRISTOS,13,13,0
1980,BRETT,84,84,0
1980,BRENT,182,182,0
1980,BILL,8,8,0
1980,BERNARD,19,19,0
1980,BENSON,8,8,0
1980,BENOIT,13,13,0
1980,BENJAMIN,319,319,0
1980,BEN,9,9,0
1980,BILLY,26,26,0
1980,BEAU,15,15,0
1980,BARRY,69,69,0
1980,AUSTIN,9,9,0
1980,ATHANASIOS,13,13,0
1980,ASHISH,5,5,0
1980,ARTHUR,48,48,0
1980,ARRON,5,5,0
1980,BART,5,5,0
1980,BRENTON,5,5,0
1980,BILLY-JOE,6,6,0
1980,BLAINE,6,6,0
1980,BRENNAN,8,8,0
1980,BRENDON,11,11,0
1980,BRENDAN,102,102,0
1980,BRANDON,225,225,0
1980,BRANDEN,5,5,0
1980,BRADY,10,10,0
1980,BJORN,5,5,0
1980,BRADLY,6,6,0
1980,BRADFORD,14,14,0
1980,BRADEN,7,7,0
1980,BRAD,29,29,0
1980,BOBBY,33,33,0
1980,BOB,5,5,0
1980,BLAKE,33,33,0
1980,BRADLEY,543,543,0
1980,CLARENCE,11,11,0
1980,CLAUDE,25,25,0
1980,CLAUDIO,12,12,0
1980,DENNY,12,12,0
1980,DENNIS,109,109,0
1980,DENIS,47,47,0
1980,DEMETRIOS,10,10,0
1980,DEEPAK,7,7,0
1980,DEAN,68,68,0
1980,ARI,9,9,0
1980,DAVIN,8,8,0
1980,DAVID,1883,1883,0
1980,DAVE,15,15,0
1980,DARYL,77,77,0
1980,DARRYL,223,223,0
1980,DARRIN,13,13,0
1980,DARREN,188,188,0
1980,DAVIDE,13,13,0
1980,DARRELL,41,41,0
1980,DERECK,7,7,0
1980,DERICK,15,15,0
1980,DORIAN,6,6,0
1980,DONOVAN,9,9,0
1980,DONNY,8,8,0
1980,DONALD,170,170,0
1980,DON,9,9,0
1980,DOMINIC,24,24,0
1980,DEREK,495,495,0
1980,DOMENICO,24,24,0
1980,DINO,13,13,0
1980,DIMITRIOS,13,13,0
1980,DIMITRI,6,6,0
1980,DEVIN,35,35,0
1980,DESMOND,13,13,0
1980,DERRICK,54,54,0
1980,DOMENIC,20,20,0
1980,DARREL,7,7,0
1980,DARIO,9,9,0
1980,DARIN,6,6,0
1980,CONSTANTINE,6,6,0
1980,CONRAD,14,14,0
1980,CONOR,14,14,0
1980,CONNOR,5,5,0
1980,COLLIN,15,15,0
1980,COLIN,190,190,0
1980,CONSTANTINOS,10,10,0
1980,COLE,9,9,0
1980,CLINTON,42,42,0
1980,CLINT,23,23,0
1980,CLIFTON,5,5,0
1980,CLIFFORD,35,35,0
1980,CLIFF,5,5,0
1980,CLAYTON,59,59,0
1980,CODY,8,8,0
1980,CORNELIUS,5,5,0
1980,CORRADO,6,6,0
1980,COSIMO,5,5,0
1980,DAREN,5,5,0
1980,D'ARCY,6,6,0
1980,DANY,9,9,0
1980,DANTE,6,6,0
1980,DANNY,86,86,0
1980,DANIELE,23,23,0
1980,DANIEL,1105,1105,0
1980,DANIAL,7,7,0
1980,DAN,7,7,0
1980,DAMON,12,12,0
1980,DAMIEN,25,25,0
1980,DAMIAN,23,23,0
1980,CURTIS,138,138,0
1980,CURT,8,8,0
1980,CRAIG,299,299,0
1980,ALFRED,16,16,0
1980,ARON,10,10,0
1980,ALEXANDRE,17,17,0
1980,ALEX,35,35,0
1980,ALEXANDER,227,227,0
1980,ABRAHAM,9,9,0
1980,ABRAM,7,7,0
1980,ADAM,1117,1117,0
1980,ADAMO,7,7,0
1980,ADIL,5,5,0
1980,ADRIAN,116,116,0
1980,ADRIANO,19,19,0
1980,ADRIEN,7,7,0
1980,AGOSTINO,6,6,0
1980,AHMAD,7,7,0
1980,ARIEL,8,8,0
1980,AIDAN,7,7,0
1980,ALESSANDRO,14,14,0
1980,ALEKSANDAR,9,9,0
1980,ALEJANDRO,6,6,0
1980,ALEEM,5,5,0
1980,ALDO,8,8,0
1980,AHMED,7,7,0
1980,ALASTAIR,9,9,0
1980,ALAN,109,109,0
1980,ALAIN,50,50,0
1980,AJAY,8,8,0
1980,ALBERT,40,40,0
1981,LEIGH-ANN,9,0,9
1981,LEIGH,59,11,48
1981,LEEANNE,9,0,9
1981,LEEANN,18,0,18
1981,LEE-ANNE,16,0,16
1981,LEE,143,117,26
1981,LEANNE,131,0,131
1981,LEANNA,6,0,6
1981,LEAH,128,0,128
1981,LEIGH-ANNE,8,0,8
1981,LEA,10,0,10
1981,LAYLA,8,0,8
1981,LEE-ANN,17,0,17
1981,LEILA,9,0,9
1981,LIA,10,0,10
1981,LEONA,9,0,9
1981,LESLEY,124,0,124
1981,LESLEY-ANN,7,0,7
1981,LESLIE,163,24,139
1981,LAURIE,72,0,72
1981,LIANA,17,0,17
1981,LIANE,10,0,10
1981,LIANNE,24,0,24
1981,LILA,8,0,8
1981,LILLIAN,18,0,18
1981,LILY,10,0,10
1981,LINA,13,0,13
1981,LINDA,108,0,108
1981,LENA,23,0,23
1981,LAUREN,209,0,209
1981,LARISSA,21,0,21
1981,LAURALEE,7,0,7
1981,KIRAN,6,0,6
1981,KIRSTEN,24,0,24
1981,KIRSTY,7,0,7
1981,KOURTNEY,7,0,7
1981,KRISTA,222,0,222
1981,KRISTAL,21,0,21
1981,KRISTAN,11,0,11
1981,KRISTEN,281,6,275
1981,KRISTI,34,0,34
1981,KRISTIE,24,0,24
1981,KRISTIN,246,0,246
1981,KRISTINA,153,0,153
1981,KRISTINE,61,0,61
1981,KRISTY,163,0,163
1981,KRISTYN,20,0,20
1981,KRYSTA,12,0,12
1981,KRYSTAL,73,0,73
1981,KRYSTINA,6,0,6
1981,KRYSTLE,34,0,34
1981,KRYSTYNA,6,0,6
1981,KYLA,41,0,41
1981,KYLIE,16,0,16
1981,LACEY,17,0,17
1981,LANA,27,0,27
1981,LARA,39,0,39
1981,LINDSAY,552,7,545
1981,LATOYA,10,0,10
1981,LAURA,757,0,757
1981,LAURA-LEE,8,0,8
1981,LAUREL,17,0,17
1981,LINDSEY,96,0,96
1981,LIZA,15,0,15
1981,LISA,828,0,828
1981,MANDEEP,14,5,9
1981,MANDI,8,0,8
1981,MANDY,68,0,68
1981,MANON,6,0,6
1981,MARA,7,0,7
1981,MARCI,12,0,12
1981,MARCIA,28,0,28
1981,MARCIE,19,0,19
1981,MARCY,9,0,9
1981,MARGARET,92,0,92
1981,MARGO,8,0,8
1981,MARGUERITE,7,0,7
1981,MARIA,230,0,230
1981,MARIAN,7,0,7
1981,MARIANNE,46,0,46
1981,MARIE,585,0,585
1981,MARIE-CLAUDE,8,0,8
1981,MARIE-EVE,16,0,16
1981,MARIE-FRANCE,10,0,10
1981,MARIE-JOSEE,10,0,10
1981,MARIJA,9,0,9
1981,MARILENA,6,0,6
1981,MARILYN,23,0,23
1981,MARINA,25,0,25
1981,MARION,11,0,11
1981,MARISA,32,0,32
1981,MARISSA,30,0,30
1981,MARJORIE,13,0,13
1981,MARLA,12,0,12
1981,MALINDA,6,0,6
1981,MAGGIE,9,0,9
1981,MAEGHAN,9,0,9
1981,MAEGAN,7,0,7
1981,LISA-MARIE,11,0,11
1981,LISE,15,0,15
1981,KIRA,15,0,15
1981,LONI,10,0,10
1981,LORA,14,0,14
1981,LOREDANA,11,0,11
1981,LORETTA,26,0,26
1981,LORI,120,0,120
1981,LORI-ANN,6,0,6
1981,LORI-ANNE,8,0,8
1981,LORNA,11,0,11
1981,LORRAINE,24,0,24
1981,LORRIE,7,0,7
1981,LOUISE,41,0,41
1981,LINSEY,7,0,7
1981,LUCIA,18,0,18
1981,LUCILLE,7,0,7
1981,LUCY,26,0,26
1981,LUISA,6,0,6
1981,LYDIA,17,0,17
1981,LYNDA,13,0,13
1981,LYNDSAY,52,0,52
1981,LYNDSEY,12,0,12
1981,LYNDSY,6,0,6
1981,LYNETTE,12,0,12
1981,LYNN,43,0,43
1981,LYNNE,19,0,19
1981,LYNSEY,9,0,9
1981,MACKENZIE,16,6,10
1981,MADELEINE,7,0,7
1981,LUCIE,6,0,6
1981,KIMBERLY,326,0,326
1981,KERRIE,8,0,8
1981,KIMBERLEE,12,0,12
1981,JANIE,6,0,6
1981,JANINE,56,0,56
1981,JANIS,11,0,11
1981,JANNA,12,0,12
1981,JASMINE,52,0,52
1981,JAYME,17,7,10
1981,JAYMIE,7,0,7
1981,JEAN,64,48,16
1981,JEANETTE,29,0,29
1981,JEANINE,17,0,17
1981,JEANNE,8,0,8
1981,JEANNETTE,13,0,13
1981,JEANNIE,11,0,11
1981,JELENA,9,0,9
1981,JENIFER,15,0,15
1981,JENNA,54,0,54
1981,JENNETTE,6,0,6
1981,JENNI,6,0,6
1981,JENNIE,22,0,22
1981,JENNIFER,2491,0,2491
1981,JENNIFER-LYNN,10,0,10
1981,JENNY,103,0,103
1981,JESSICA,920,0,920
1981,JESSIE,73,21,52
1981,JILL,83,0,83
1981,JILLIAN,120,0,120
1981,JO-ANNE,6,0,6
1981,JOAN,10,0,10
1981,JOANNA,80,0,80
1981,JANICE,64,0,64
1981,JOANNE,93,0,93
1981,JANETTE,9,0,9
1981,JANELLE,31,0,31
1981,HELEN,71,0,71
1981,HELENA,18,0,18
1981,HELENE,8,0,8
1981,HILARY,31,0,31
1981,HILLARY,10,0,10
1981,HOLLIE,11,0,11
1981,HOLLY,140,0,140
1981,HOPE,8,0,8
1981,IDA,11,0,11
1981,ILANA,9,0,9
1981,INGRID,12,0,12
1981,IRENE,38,0,38
1981,IRIS,6,0,6
1981,ISABEL,9,0,9
1981,ISABELLE,37,0,37
1981,IVANA,10,0,10
1981,JACINTHE,7,0,7
1981,JACKIE,13,0,13
1981,JACKLYN,8,0,8
1981,JACLYN,84,0,84
1981,JACQUELINE,206,0,206
1981,JACQUELYN,18,0,18
1981,JADE,15,0,15
1981,JAIME,101,12,89
1981,JAIMIE,14,0,14
1981,JAMI,10,0,10
1981,JAMIE,344,224,120
1981,JANA,32,0,32
1981,JANE,36,0,36
1981,JANET,80,0,80
1981,JOCELYN,37,0,37
1981,JOCELYNE,6,0,6
1981,JODI,80,0,80
1981,KARINA,15,0,15
1981,KARINE,20,0,20
1981,KARLA,24,0,24
1981,KARRIE,10,0,10
1981,KARYN,19,0,19
1981,KATARINA,8,0,8
1981,KATE,61,0,61
1981,KATERINA,9,0,9
1981,KATHARINE,38,0,38
1981,KATHERINE,402,0,402
1981,KATHLEEN,216,0,216
1981,KATHRYN,243,0,243
1981,KATHY,32,0,32
1981,KATIE,156,0,156
1981,KATRINA,65,0,65
1981,KEELY,6,0,6
1981,KEIRA,6,0,6
1981,KEISHA,7,0,7
1981,KELLEY,13,0,13
1981,KELLI,12,0,12
1981,KELLY,505,20,485
1981,KELLY-ANN,7,0,7
1981,KELSEY,7,0,7
1981,KENDRA,39,0,39
1981,KERI,36,0,36
1981,KERRI,61,0,61
1981,KERRY,70,13,57
1981,KILEY,7,0,7
1981,KIM,35,0,35
1981,KARIN,16,0,16
1981,KARI,38,0,38
1981,KAREN,321,0,321
1981,KARA,64,0,64
1981,JODIE,52,0,52
1981,JODY,59,21,38
1981,JOELLE,16,0,16
1981,JOHANNA,26,0,26
1981,JOLENE,28,0,28
1981,JORDAN,335,305,30
1981,JORDANA,18,0,18
1981,JORDANNA,8,0,8
1981,JOSEE,34,0,34
1981,JOSEPHINE,25,0,25
1981,JOSIE,8,0,8
1981,JOSÉE,9,0,9
1981,JOY,19,0,19
1981,JOYCE,20,0,20
1981,KIMBERLEY,152,0,152
1981,JUANITA,8,0,8
1981,JUDY,19,0,19
1981,JULIA,221,0,221
1981,JULIANA,19,0,19
1981,JULIANNA,12,0,12
1981,JULIANNE,22,0,22
1981,JULIE,592,0,592
1981,JULIE-ANN,7,0,7
1981,JULIE-ANNE,13,0,13
1981,JUNE,8,0,8
1981,JUSTINA,7,0,7
1981,JUSTINE,14,0,14
1981,KAITLIN,14,0,14
1981,KANDACE,6,0,6
1981,KANDICE,8,0,8
1981,JUDITH,25,0,25
1981,KELLIE,14,0,14
1981,ASHLEIGH,54,0,54
1981,ABBY,12,0,12
1981,CLAIRE,50,0,50
1981,CLARA,11,0,11
1981,CLARE,16,0,16
1981,CLAUDETTE,6,0,6
1981,CLAUDIA,24,0,24
1981,CLAUDINE,9,0,9
1981,COLETTE,8,0,8
1981,CINDY,129,0,129
1981,COLLEEN,99,0,99
1981,CONNIE,30,0,30
1981,CONSTANCE,16,0,16
1981,CORA,6,0,6
1981,CORI,7,0,7
1981,CORINA,10,0,10
1981,CORINNA,10,0,10
1981,CORINNE,30,0,30
1981,CONCETTA,10,0,10
1981,CORRIE,12,0,12
1981,CHRYSTAL,25,0,25
1981,CHRISTINE,540,0,540
1981,CHARMAINE,11,0,11
1981,CHELSEA,7,0,7
1981,CHERI,13,0,13
1981,CHERIE,20,0,20
1981,CHERYL,210,0,210
1981,CHLOE,13,0,13
1981,CHRISSY,6,0,6
1981,CHRISTY,73,0,73
1981,CHRISTA,41,0,41
1981,CHRISTEL,7,0,7
1981,CHRISTELLE,6,0,6
1981,CHRISTEN,7,0,7
1981,CHRISTIANE,6,0,6
1981,CHRISTIE,33,0,33
1981,CHRISTIN,7,0,7
1981,CHRISTINA,463,0,463
1981,CHRISTAL,7,0,7
1981,CORRINA,8,0,8
1981,CORRINE,18,0,18
1981,CORTNEY,8,0,8
1981,DAWN,141,0,141
1981,DAWN-MARIE,7,0,7
1981,DAYNA,36,0,36
1981,DEANA,8,0,8
1981,DEANNA,77,0,77
1981,DEANNE,12,0,12
1981,DEBBIE,34,0,34
1981,DARLENE,34,0,34
1981,DEBORAH,78,0,78
1981,DEIDRE,13,0,13
1981,DEIRDRE,10,0,10
1981,DENA,10,0,10
1981,DENISE,102,0,102
1981,DESIREE,12,0,12
1981,DEVON,54,29,25
1981,DIANA,234,0,234
1981,DEBRA,27,0,27
1981,DARLA,11,0,11
1981,DARCY,46,38,8
1981,DARCIE,7,0,7
1981,COURTNEY,210,12,198
1981,CRISTIN,8,0,8
1981,CRISTINA,70,0,70
1981,CRYSTAL,522,0,522
1981,CRYSTAL-LYNN,6,0,6
1981,CYNTHIA,138,0,138
1981,DAINA,9,0,9
1981,DAISY,11,0,11
1981,DALLAS,23,15,8
1981,DANA,165,19,146
1981,DANIELA,67,0,67
1981,DANIELLA,13,0,13
1981,DANIELLE,285,0,285
1981,DANNA,6,0,6
1981,DAPHNE,9,0,9
1981,DARA,10,0,10
1981,DARCI,6,0,6
1981,CHARLOTTE,29,0,29
1981,CHARLENE,77,0,77
1981,CHARITY,20,0,20
1981,CHANTELLE,61,0,61
1981,BLAIR,94,85,9
1981,BOBBI,10,0,10
1981,BOBBIE-JO,6,0,6
1981,BONITA,6,0,6
1981,BONNIE,62,0,62
1981,BRANDI,51,0,51
1981,BRANDIE,17,0,17
1981,BILLIE-JO,7,0,7
1981,BRANDY,90,0,90
1981,BREANNE,14,0,14
1981,BRENDA,83,0,83
1981,BRENNA,11,0,11
1981,BRIANA,10,0,10
1981,BRIANNA,11,0,11
1981,BRIANNE,52,0,52
1981,BRIDGET,18,0,18
1981,BREANNA,8,0,8
1981,BILLIE,9,0,9
1981,BIANCA,15,0,15
1981,BEVERLY,29,0,29
1981,ASHLEY,205,27,178
1981,ATHENA,11,0,11
1981,AUDRA,6,0,6
1981,AUDREY,31,0,31
1981,AVIVA,7,0,7
1981,AYESHA,6,0,6
1981,BABY,106,57,49
1981,BAILEY,6,0,6
1981,BARBARA,87,0,87
1981,BECKY,40,0,40
1981,BELINDA,13,0,13
1981,BERNADETTE,11,0,11
1981,BETH,22,0,22
1981,BETHANY,31,0,31
1981,BETSY,7,0,7
1981,BETTY,17,0,17
1981,BEVERLEY,12,0,12
1981,BRIE,6,0,6
1981,DIANE,92,0,92
1981,BRIGITTE,28,0,28
1981,BROOKE,114,6,108
1981,CARYN,6,0,6
1981,CASANDRA,8,0,8
1981,CASEY,70,54,16
1981,CASSANDRA,71,0,71
1981,CASSIE,15,0,15
1981,CATERINA,16,0,16
1981,CATHARINE,9,0,9
1981,CARRIE-ANNE,6,0,6
1981,CATHERINE,236,0,236
1981,CECILIA,10,0,10
1981,CELESTE,19,0,19
1981,CELINE,11,0,11
1981,CHANDRA,10,0,10
1981,CHANTAL,139,0,139
1981,CHANTALE,13,0,13
1981,CHANTEL,41,0,41
1981,CATHY,17,0,17
1981,CARRIE-ANN,11,0,11
1981,CARRIE,171,0,171
1981,CAROLYN,139,0,139
1981,BRYNA,7,0,7
1981,CAITLIN,54,0,54
1981,CAMILLE,30,0,30
1981,CANDACE,85,0,85
1981,CANDICE,114,0,114
1981,CARA,34,0,34
1981,CAREY,10,0,10
1981,CARISSA,13,0,13
1981,CARLA,79,0,79
1981,CARLEY,6,0,6
1981,CARLY,62,0,62
1981,CARMELA,10,0,10
1981,CARMEN,32,7,25
1981,CAROL,34,0,34
1981,CAROLE,17,0,17
1981,CAROLINA,9,0,9
1981,CAROLINE,117,0,117
1981,BRONWYN,13,0,13
1981,DIANNA,18,0,18
1981,DIANNE,16,0,16
1981,DIMITRA,10,0,10
1981,FRANCES,21,0,21
1981,FRANCESCA,29,0,29
1981,FRANCINE,20,0,20
1981,GABRIELLA,11,0,11
1981,GABRIELLE,16,0,16
1981,GAIL,7,0,7
1981,GAYLE,6,0,6
1981,FRANCE,10,0,10
1981,GEMMA,13,0,13
1981,GENEVIEVE,64,0,64
1981,GENEVIÈVE,7,0,7
1981,GEORGIA,18,0,18
1981,GEORGINA,10,0,10
1981,GILLIAN,56,0,56
1981,GINA,26,0,26
1981,GINETTE,11,0,11
1981,GENA,6,0,6
1981,FRANCA,8,0,8
1981,FOTINI,6,0,6
1981,FLORENCE,9,0,9
1981,ALIYA,12,0,12
1981,ALISSA,20,0,20
1981,ALISON,197,0,197
1981,ALISHA,44,0,44
1981,ALISA,13,0,13
1981,ALINA,6,0,6
1981,MARLENA,8,0,8
1981,EVA,28,0,28
1981,EVE,6,0,6
1981,EVELYN,18,0,18
1981,FAITH,12,0,12
1981,FALLON,7,0,7
1981,FARAH,12,0,12
1981,FATIMA,9,0,9
1981,FAYE,14,0,14
1981,FELICIA,7,0,7
1981,FIONA,29,0,29
1981,GINGER,8,0,8
1981,ALLANA,9,0,9
1981,GIOVANNA,18,0,18
1981,GIULIA,10,0,10
1981,ALEKSANDRA,7,0,7
1981,ALEESHA,6,0,6
1981,ALECIA,8,0,8
1981,ALANNA,33,0,33
1981,ALANA,64,0,64
1981,ALAINA,20,0,20
1981,AISHA,16,0,16
1981,ALESHA,6,0,6
1981,AINSLEY,11,0,11
1981,AILEEN,10,0,10
1981,ADRIENNE,79,0,79
1981,ADRIANNA,8,0,8
1981,ADRIANA,21,0,21
1981,ADELE,15,0,15
1981,ADA,6,0,6
1981,ABIGAIL,17,0,17
1981,AIMEE,76,0,76
1981,ALESSANDRA,9,0,9
1981,ALEXA,8,0,8
1981,ALEXANDRA,89,0,89
1981,GIUSEPPINA,18,0,18
1981,GLENDA,6,0,6
1981,GLORIA,17,0,17
1981,GRACE,28,0,28
1981,HAILEY,10,0,10
1981,HALEY,8,0,8
1981,HANNAH,35,0,35
1981,HARMONY,12,0,12
1981,HARPREET,8,0,8
1981,HAYLEY,29,0,29
1981,HEATHER,549,0,549
1981,HEIDI,95,0,95
1981,ALICIA,153,0,153
1981,ALICE,24,0,24
1981,ALIA,12,0,12
1981,ALEXIS,69,13,56
1981,ALEXANDRIA,10,0,10
1981,GISELLE,12,0,12
1981,ASHLEE,16,0,16
1981,ALLISON,193,0,193
1981,ALTHEA,7,0,7
1981,ELLEN,28,0,28
1981,ELYSE,9,0,9
1981,EMILIE,23,0,23
1981,EMILY,298,0,298
1981,EMMA,63,0,63
1981,ERICA,144,0,144
1981,ERIKA,68,0,68
1981,ELLA,7,0,7
1981,ERIN,675,0,675
1981,ERYN,8,0,8
1981,ESTHER,42,0,42
1981,ASHLEA,6,0,6
1981,ARLENE,23,0,23
1981,ARIANE,6,0,6
1981,APRIL,176,0,176
1981,ANYA,7,0,7
1981,ERINN,13,0,13
1981,ELIZABETH,414,0,414
1981,ELIZA,9,0,9
1981,ELISSA,21,0,21
1981,DINA,15,0,15
1981,DIONNE,13,0,13
1981,DOMINIQUE,25,6,19
1981,DONNA,54,0,54
1981,DORIS,6,0,6
1981,DOROTHY,17,0,17
1981,EDITH,8,0,8
1981,EILEEN,21,0,21
1981,ELAINE,51,0,51
1981,ELANA,6,0,6
1981,ELEANOR,12,0,12
1981,ELENA,28,0,28
1981,ELENI,6,0,6
1981,ELISA,26,0,26
1981,ELISABETH,28,0,28
1981,ELISE,23,0,23
1981,ELISHA,11,0,11
1981,ANTONIETTA,7,0,7
1981,ALLYSON,13,0,13
1981,ANTONELLA,10,0,10
1981,ANNIE,40,0,40
1981,ANASTASIA,20,0,20
1981,ANA,23,0,23
1981,AMY-LYNN,8,0,8
1981,AMY,671,0,671
1981,AMIE,35,0,35
1981,AMI,6,0,6
1981,AMELIE,6,0,6
1981,ANDREA,636,16,620
1981,AMELIA,25,0,25
1981,AMBERLEY,7,0,7
1981,AMBER,194,0,194
1981,AMANDA,1395,0,1395
1981,ALYSSA,32,0,32
1981,ALYSON,21,0,21
1981,ALYSIA,10,0,10
1981,ALYSHA,6,0,6
1981,AMBERLY,7,0,7
1981,ANDREE,11,0,11
1981,ANDRIA,11,0,11
1981,ANGEL,19,0,19
1981,ANNICK,10,0,10
1981,ANNETTE,31,0,31
1981,ANNE-MARIE,31,0,31
1981,ANNE,117,0,117
1981,ANNA,201,0,201
1981,ANN-MARIE,15,0,15
1981,ANN,47,0,47
1981,ANITA,73,0,73
1981,ANIKA,6,0,6
1981,ANIK,13,0,13
1981,ANICK,6,0,6
1981,ANGIE,41,0,41
1981,ANGELIQUE,8,0,8
1981,ANGELINE,8,0,8
1981,ANGELINA,20,0,20
1981,ANGELE,30,0,30
1981,ANGELA,471,0,471
1981,ANTOINETTE,21,0,21
1981,MARLENE,32,0,32
1981,DAMIEN,35,35,0
1981,MARSHA,27,0,27
1981,MOHAMMED,18,18,0
1981,MOHAMMAD,11,11,0
1981,MOHAMED,12,12,0
1981,MITCHELL,55,55,0
1981,MITCHEL,7,7,0
1981,MILTON,6,6,0
1981,MILES,11,11,0
1981,MILAN,6,6,0
1981,MIKE,22,22,0
1981,MIKAEL,8,8,0
1981,MIGUEL,22,22,0
1981,MICHEL,107,107,0
1981,MOSES,5,5,0
1981,MICHEAL,114,114,0
1981,MICAH,8,8,0
1981,MELVIN,6,6,0
1981,MAXWELL,12,12,0
1981,MAXIME,6,6,0
1981,MAX,12,12,0
1981,MAURO,6,6,0
1981,MAURIZIO,7,7,0
1981,MAURICE,13,13,0
1981,MATTHIEU,12,12,0
1981,MATTHEW,1848,1848,0
1981,MATTEO,5,5,0
1981,MATHIEU,51,51,0
1981,MICHAEL,2677,2677,0
1981,MATHEW,155,155,0
1981,MOSHE,9,9,0
1981,MURRAY,23,23,0
1981,ORLANDO,5,5,0
1981,OREN,10,10,0
1981,OMAR,33,33,0
1981,OLIVIER,5,5,0
1981,OLIVER,25,25,0
1981,NUNO,5,5,0
1981,NORMAN,46,46,0
1981,NOLAN,11,11,0
1981,NOEL,27,27,0
1981,NOAH,23,23,0
1981,NINO,5,5,0
1981,NIKOLAS,9,9,0
1981,MUHAMMAD,7,7,0
1981,NIKOLA,13,13,0
1981,NICOLAS,57,57,0
1981,NICKOLAS,12,12,0
1981,NICK,10,10,0
1981,NICHOLAS,526,526,0
1981,NIALL,5,5,0
1981,NELSON,46,46,0
1981,NEIL,128,128,0
1981,NEAL,22,22,0
1981,NATHANIEL,69,69,0
1981,NATHANAEL,10,10,0
1981,NATHAN,329,329,0
1981,MYLES,13,13,0
1981,NIGEL,42,42,0
1981,OSAMA,6,6,0
1981,MASSIMO,10,10,0
1981,MARVIN,18,18,0
1981,LOGAN,13,13,0
1981,LLOYD,18,18,0
1981,LIONEL,5,5,0
1981,LIAM,29,29,0
1981,LEVI,11,11,0
1981,LESTER,5,5,0
1981,LEROY,9,9,0
1981,LEONARDO,10,10,0
1981,LEONARD,29,29,0
1981,LEON,8,8,0
1981,LEO,20,20,0
1981,LAWRENCE,41,41,0
1981,LORENZO,9,9,0
1981,LAURENT,5,5,0
1981,LARS,7,7,0
1981,LARRY,37,37,0
1981,LANDON,7,7,0
1981,LANCE,33,33,0
1981,KYLE,303,303,0
1981,KURTIS,23,23,0
1981,KURT,31,31,0
1981,KRISTOPHER,108,108,0
1981,KRISTOFFER,8,8,0
1981,KRISTOFER,13,13,0
1981,KRISTIAN,14,14,0
1981,KONSTANTINOS,10,10,0
1981,LAURENCE,6,6,0
1981,MASON,7,7,0
1981,LORNE,15,15,0
1981,LUC,70,70,0
1981,MARTY,6,6,0
1981,MARTIN,147,147,0
1981,MARSHALL,15,15,0
1981,MARLON,17,17,0
1981,MARKO,12,12,0
1981,MARK,791,791,0
1981,MARIO,53,53,0
1981,MARIANO,5,5,0
1981,MARCUS,31,31,0
1981,MARCO,82,82,0
1981,MARCELLO,9,9,0
1981,MARCEL,36,36,0
1981,LOUIS,39,39,0
1981,MARC-ANDRE,13,13,0
1981,MANUEL,11,11,0
1981,MANISH,5,5,0
1981,MALCOLM,17,17,0
1981,LYNDON,7,7,0
1981,LYLE,13,13,0
1981,LUKE,133,133,0
1981,LUKAS,5,5,0
1981,LUIS,13,13,0
1981,LUIGI,19,19,0
1981,LUCIANO,6,6,0
1981,LUCAS,107,107,0
1981,LUCA,11,11,0
1981,MARC,212,212,0
1981,OSCAR,7,7,0
1981,OWEN,31,31,0
1981,PABLO,5,5,0
1981,SANTINO,5,5,0
1981,SANJAY,11,11,0
1981,SANDRO,11,11,0
1981,SAMUEL,95,95,0
1981,SAMIR,6,6,0
1981,SAMI,5,5,0
1981,SAMEER,5,5,0
1981,SAM,11,11,0
1981,SALVATORE,40,40,0
1981,SALIM,8,8,0
1981,SACHIN,9,9,0
1981,RYAN,1748,1748,0
1981,SAVERIO,8,8,0
1981,RUSSELL,78,78,0
1981,ROY,31,31,0
1981,ROSS,35,35,0
1981,ROSARIO,8,8,0
1981,RORY,40,40,0
1981,RONNIE,11,11,0
1981,RONALD,154,154,0
1981,RON,12,12,0
1981,ROLLAND,5,5,0
1981,ROLAND,13,13,0
1981,ROHIT,5,5,0
1981,ROGER,74,74,0
1981,RODNEY,31,31,0
1981,RUI,8,8,0
1981,RODERICK,19,19,0
1981,SCOT,5,5,0
1981,SEAN,495,495,0
1981,STEVEN,739,739,0
1981,STEVE,63,63,0
1981,STERLING,5,5,0
1981,STEPHEN,541,541,0
1981,STEPHANE,40,40,0
1981,STEPHAN,27,27,0
1981,STEFANO,13,13,0
1981,STEFAN,43,43,0
1981,STANLEY,23,23,0
1981,SPIROS,6,6,0
1981,SPENCER,17,17,0
1981,SONNY,8,8,0
1981,SCOTT,651,651,0
1981,SIMON,89,89,0
1981,SIDNEY,6,6,0
1981,SHIRAZ,5,5,0
1981,SHELDON,40,40,0
1981,SHAYNE,20,20,0
1981,SHAWN,530,530,0
1981,SHAUN,209,209,0
1981,SHANE,211,211,0
1981,SETH,14,14,0
1981,SERGIO,18,18,0
1981,SERGE,23,23,0
1981,SEBASTIEN,25,25,0
1981,SEBASTIAN,12,12,0
1981,SIMEON,5,5,0
1981,ROCKY,6,6,0
1981,ROCK,6,6,0
1981,ROCH,6,6,0
1981,RANDAL,6,6,0
1981,RAMAN,5,5,0
1981,RALPH,15,15,0
1981,RAJESH,5,5,0
1981,RAHIM,9,9,0
1981,RAFFI,7,7,0
1981,RAFFAELE,15,15,0
1981,QUENTIN,7,7,0
1981,PRESTON,14,14,0
1981,PIETRO,10,10,0
1981,PIERRE,47,47,0
1981,PHILLIP,81,81,0
1981,RANDALL,11,11,0
1981,PHILIPPE,43,43,0
1981,PETER,428,428,0
1981,PETAR,6,6,0
1981,PERRY,14,14,0
1981,PEDRO,13,13,0
1981,PAULO,20,20,0
1981,PAUL,673,673,0
1981,PATRICK,448,448,0
1981,PATRICE,8,8,0
1981,PASQUALE,15,15,0
1981,PASCAL,14,14,0
1981,PAOLO,30,30,0
1981,PANAGIOTIS,5,5,0
1981,PHILIP,225,225,0
1981,RANDOLPH,10,10,0
1981,RANDY,69,69,0
1981,RAPHAEL,10,10,0
1981,ROCCO,9,9,0
1981,ROBERTO,56,56,0
1981,ROBERT,1289,1289,0
1981,ROBBIE,16,16,0
1981,RIYAD,5,5,0
1981,RISHI,11,11,0
1981,RILEY,5,5,0
1981,RICKY,28,28,0
1981,RICKEY,7,7,0
1981,RICK,9,9,0
1981,RICHARD,610,610,0
1981,RICCARDO,9,9,0
1981,RICARDO,29,29,0
1981,RIAZ,5,5,0
1981,RIAN,5,5,0
1981,RHYS,6,6,0
1981,REUBEN,15,15,0
1981,RENE,26,26,0
1981,RENATO,5,5,0
1981,REMI,6,6,0
1981,REJEAN,9,9,0
1981,REID,9,9,0
1981,REGINALD,21,21,0
1981,REGGIE,5,5,0
1981,RAYMOND,146,146,0
1981,RAVINDER,5,5,0
1981,RAVI,5,5,0
1981,KONRAD,5,5,0
1981,STEWART,24,24,0
1981,KIRK,49,49,0
1981,KEVIN,794,794,0
1981,FABRIZIO,11,11,0
1981,FABIO,7,7,0
1981,FABIAN,11,11,0
1981,EZRA,7,7,0
1981,EVERETT,9,9,0
1981,EVAN,73,73,0
1981,EUGENE,23,23,0
1981,ETIENNE,10,10,0
1981,ETHAN,10,10,0
1981,ERROL,8,8,0
1981,ERNEST,18,18,0
1981,ERIK,79,79,0
1981,FELIPE,5,5,0
1981,ERICK,8,8,0
1981,ENZO,6,6,0
1981,EMMANUEL,11,11,0
1981,EMILIO,6,6,0
1981,EMANUEL,7,7,0
1981,ELTON,5,5,0
1981,ELLIOTT,7,7,0
1981,ELLIOT,9,9,0
1981,ELIJAH,8,8,0
1981,ELIAS,9,9,0
1981,ELI,11,11,0
1981,EDWIN,22,22,0
1981,EDWARD,148,148,0
1981,ERIC,518,518,0
1981,EDMUND,7,7,0
1981,FERNANDO,13,13,0
1981,FILIPPO,8,8,0
1981,GERALD,58,58,0
1981,GEORGE,142,142,0
1981,GEOFFREY,127,127,0
1981,GENE,6,6,0
1981,GAVIN,55,55,0
1981,GARY,139,139,0
1981,GARTH,10,10,0
1981,GARRY,16,16,0
1981,GARRETT,18,18,0
1981,GARRET,6,6,0
1981,GARNET,5,5,0
1981,GARETT,17,17,0
1981,FILIPE,6,6,0
1981,GARETH,7,7,0
1981,GABRIEL,46,46,0
1981,FREDRICK,6,6,0
1981,FREDERICK,40,40,0
1981,FREDERIC,10,10,0
1981,FRASER,22,22,0
1981,FRANKLIN,11,11,0
1981,FRANK,82,82,0
1981,FRANCOIS,31,31,0
1981,FRANCO,10,10,0
1981,FRANCISCO,6,6,0
1981,FRANCIS,47,47,0
1981,FRANCESCO,46,46,0
1981,GABRIELE,5,5,0
1981,GERARD,18,18,0
1981,EDMOND,8,8,0
1981,EDDY,5,5,0
1981,DENIS,51,51,0
1981,DEMETRIOS,7,7,0
1981,DEEPAK,5,5,0
1981,DEAN,58,58,0
1981,DAVIS,6,6,0
1981,DAVIN,5,5,0
1981,DAVIDE,9,9,0
1981,DAVID,1710,1710,0
1981,DAVE,11,11,0
1981,DARYLL,5,5,0
1981,DARYL,70,70,0
1981,DARRYL,191,191,0
1981,DENNIS,121,121,0
1981,DARRIN,16,16,0
1981,DARRELL,46,46,0
1981,DARREL,7,7,0
1981,DARIN,8,8,0
1981,DAREN,5,5,0
1981,D'ARCY,9,9,0
1981,DANY,9,9,0
1981,DANTE,6,6,0
1981,DANNY,81,81,0
1981,DANIELE,20,20,0
1981,DANIEL,1114,1114,0
1981,DANIAL,6,6,0
1981,DANE,7,7,0
1981,DARREN,169,169,0
1981,EDGAR,11,11,0
1981,DEON,5,5,0
1981,DEREK,460,460,0
1981,EARL,8,8,0
1981,DYLAN,58,58,0
1981,DWIGHT,16,16,0
1981,DWAYNE,67,67,0
1981,DUSTIN,110,110,0
1981,DUNCAN,13,13,0
1981,DUANE,31,31,0
1981,DREW,41,41,0
1981,DOUGLAS,156,156,0
1981,DONOVAN,5,5,0
1981,DONNY,8,8,0
1981,DONATO,7,7,0
1981,DERECK,9,9,0
1981,DONALD,137,137,0
1981,DOMINIC,31,31,0
1981,DOMENICO,17,17,0
1981,DOMENIC,13,13,0
1981,DIRK,6,6,0
1981,DINO,7,7,0
1981,DIMITRIOS,20,20,0
1981,DIEGO,8,8,0
1981,DEVIN,33,33,0
1981,DESMOND,6,6,0
1981,DERYK,7,7,0
1981,DERRICK,61,61,0
1981,DERICK,12,12,0
1981,DON,5,5,0
1981,GERRY,7,7,0
1981,GIACOMO,7,7,0
1981,GIANCARLO,14,14,0
1981,JOHNNY,22,22,0
1981,JOHNATHON,24,24,0
1981,JOHNATHAN,41,41,0
1981,JOHN,977,977,0
1981,JOHANNES,9,9,0
1981,JOHAN,9,9,0
1981,JOEY,55,55,0
1981,JOESPH,11,11,0
1981,JOEL,228,228,0
1981,JOE,16,16,0
1981,JOAO,6,6,0
1981,JIMMY,24,24,0
1981,JOHN-PAUL,22,22,0
1981,JIM,8,8,0
1981,JESSE,322,322,0
1981,JESS,7,7,0
1981,JERRY,39,39,0
1981,JEROME,20,20,0
1981,JERMAINE,18,18,0
1981,JEREMY,499,499,0
1981,JEREMIAH,29,29,0
1981,JEREMEY,5,5,0
1981,JEFFREY,827,827,0
1981,JEFFERY,222,222,0
1981,JEFF,12,12,0
1981,JEAN-SEBASTIEN,6,6,0
1981,JESSY,5,5,0
1981,JEAN-PHILIPPE,6,6,0
1981,JON,17,17,0
1981,JONAS,12,12,0
1981,KENT,26,26,0
1981,KENNY,15,15,0
1981,KENNETH,263,263,0
1981,KEN,9,9,0
1981,KELVIN,14,14,0
1981,KEITH,137,137,0
1981,KEEGAN,5,5,0
1981,KARL,49,49,0
1981,KARIM,8,8,0
1981,KAREEM,8,8,0
1981,KAI,7,7,0
1981,JUSTIN,753,753,0
1981,JONAH,15,15,0
1981,JULIUS,8,8,0
1981,JULIEN,14,14,0
1981,JULIAN,44,44,0
1981,JUAN,9,9,0
1981,JOSIP,10,10,0
1981,JOSHUA,570,570,0
1981,JOSH,7,7,0
1981,JOSEPH,1066,1066,0
1981,JOSE,29,29,0
1981,JORGE,7,7,0
1981,JORDON,16,16,0
1981,JONATHON,75,75,0
1981,JONATHAN,845,845,0
1981,JULIO,5,5,0
1981,JEAN-PAUL,19,19,0
1981,JEAN-MARC,15,15,0
1981,JEAN-LUC,6,6,0
1981,HENDRIK,8,8,0
1981,HARVEY,8,8,0
1981,HARRY,20,20,0
1981,HARRISON,5,5,0
1981,HARRIS,5,5,0
1981,HAROLD,25,25,0
1981,HARLEY,6,6,0
1981,GUY,30,30,0
1981,GURPREET,7,7,0
1981,GUILLAUME,6,6,0
1981,GREGORY,414,414,0
1981,GREGG,7,7,0
1981,HENRY,39,39,0
1981,GREG,16,16,0
1981,GRAHAM,115,115,0
1981,GRAEME,41,41,0
1981,GORDON,103,103,0
1981,GLENN,30,30,0
1981,GLEN,43,43,0
1981,GIUSEPPE,39,39,0
1981,GIOVANNI,40,40,0
1981,GINO,12,12,0
1981,GILLES,7,7,0
1981,GILBERT,13,13,0
1981,GIL,5,5,0
1981,GIANNI,7,7,0
1981,GRANT,81,81,0
1981,HERBERT,5,5,0
1981,HERMAN,5,5,0
1981,HOWARD,16,16,0
1981,JEAN-FRANCOIS,23,23,0
1981,JAYSON,23,23,0
1981,JAY,58,58,0
1981,JASON,1669,1669,0
1981,JARROD,15,15,0
1981,JARRETT,13,13,0
1981,JARRET,5,5,0
1981,JARED,82,82,0
1981,JAN,9,9,0
1981,JAMIESON,6,6,0
1981,JAMEY,5,5,0
1981,JAMESON,5,5,0
1981,JAMES,1142,1142,0
1981,JAKE,15,15,0
1981,JACQUES,14,14,0
1981,JACOB,123,123,0
1981,JACKSON,9,9,0
1981,JACK,25,25,0
1981,IVAN,38,38,0
1981,ISAAC,29,29,0
1981,IRA,6,6,0
1981,IOANNIS,7,7,0
1981,IMRAN,11,11,0
1981,IAN,317,317,0
1981,IAIN,18,18,0
1981,HUGO,8,8,0
1981,HUGH,18,18,0
1981,KIERAN,13,13,0
1981,MARNIE,10,0,10
1981,STUART,59,59,0
1981,SUNIL,7,7,0
1981,SHAUNA,41,0,41
1981,SHAWNA,72,0,72
1981,SHAYNA,15,0,15
1981,SHEENA,30,0,30
1981,SHEILA,44,0,44
1981,SHELBY,8,0,8
1981,SHELLEY,72,0,72
1981,SHELLY,45,0,45
1981,SHERI,34,0,34
1981,SHERISSE,7,0,7
1981,SHERRI,42,0,42
1981,SHERRIE,11,0,11
1981,SHARON,84,0,84
1981,SHERRY,60,0,60
1981,SHIRLEY,19,0,19
1981,SHONA,9,0,9
1981,SILVIA,15,0,15
1981,DAMIAN,16,16,0
1981,SIOBHAN,8,0,8
1981,SOFIA,20,0,20
1981,SONDRA,7,0,7
1981,SONIA,74,0,74
1981,SONJA,16,0,16
1981,SONYA,66,0,66
1981,SOPHIA,33,0,33
1981,SOPHIE,26,0,26
1981,SHERYL,14,0,14
1981,STACEY,217,7,210
1981,SHARLENE,17,0,17
1981,SHANTEL,6,0,6
1981,ROXANE,6,0,6
1981,ROXANNE,65,0,65
1981,RUBY,13,0,13
1981,RUTH,49,0,49
1981,RUTHANN,6,0,6
1981,SABRINA,159,0,159
1981,SACHA,19,6,13
1981,SADIE,8,0,8
1981,SALLY,19,0,19
1981,SAMANTHA,222,0,222
1981,SANDI,10,0,10
1981,SANDRA,210,0,210
1981,SHARI,18,0,18
1981,SANDY,60,14,46
1981,SARAH,1539,0,1539
1981,SARAH-JANE,11,0,11
1981,SASHA,30,0,30
1981,SEANNA,6,0,6
1981,SEEMA,7,0,7
1981,SELENA,17,0,17
1981,SELINA,17,0,17
1981,SERENA,27,0,27
1981,SHANA,9,0,9
1981,SHANNA,31,0,31
1981,SHANNAN,7,0,7
1981,SHANNON,496,13,483
1981,SARA,285,0,285
1981,ROSEMARY,30,0,30
1981,STACIE,12,0,12
1981,STEFANIA,15,0,15
1981,TARYN,13,0,13
1981,TASHA,52,0,52
1981,TATIANA,6,0,6
1981,TAYLOR,40,32,8
1981,TERESA,78,0,78
1981,TERI,24,0,24
1981,TERRA,17,0,17
1981,TERRI,46,0,46
1981,TERRI-LYNN,14,0,14
1981,TERRY,106,98,8
1981,TESSA,19,0,19
1981,THEA,6,0,6
1981,TARAH,7,0,7
1981,THERESA,70,0,70
1981,TIA,9,0,9
1981,TIFFANI,7,0,7
1981,TIFFANY,187,0,187
1981,TINA,165,0,165
1981,TONI,15,0,15
1981,TONIA,14,0,14
1981,TONYA,32,0,32
1981,TRACEY,65,0,65
1981,TRACIE,6,0,6
1981,TRACY,183,0,183
1981,TRICIA,54,0,54
1981,TRINA,24,0,24
1981,THERESE,7,0,7
1981,STACY,51,0,51
1981,TARA-LYNN,11,0,11
1981,TANYA,379,0,379
1981,STEFANIE,65,0,65
1981,STELLA,17,0,17
1981,STEPHANIE,827,0,827
1981,STEPHENIE,6,0,6
1981,SUE,7,0,7
1981,SUMMER,13,0,13
1981,SUSAN,154,0,154
1981,SUSANA,7,0,7
1981,SUSANNA,7,0,7
1981,SUSANNE,7,0,7
1981,SUSIE,9,0,9
1981,SUZANNE,106,0,106
1981,TARA,350,0,350
1981,SYDNEY,11,5,6
1981,SYLVIE,29,0,29
1981,TABATHA,10,0,10
1981,TABITHA,42,0,42
1981,TALIA,7,0,7
1981,TAMAR,10,0,10
1981,TAMARA,109,0,109
1981,TAMIKA,6,0,6
1981,TAMMI,8,0,8
1981,TAMMY,208,0,208
1981,TANIA,116,0,116
1981,TANJA,6,0,6
1981,TANNIS,6,0,6
1981,SYLVIA,39,0,39
1981,ROSEMARIE,14,0,14
1981,ROSE,21,0,21
1981,ROSANNE,11,0,11
1981,MILENA,7,0,7
1981,MINDY,24,0,24
1981,MIRANDA,103,0,103
1981,MIRIAM,23,0,23
1981,MISTY,32,0,32
1981,MOLLY,13,0,13
1981,MONA,11,0,11
1981,MONICA,88,0,88
1981,MONIKA,18,0,18
1981,MONIQUE,86,0,86
1981,MORGAN,93,38,55
1981,MÉLANIE,8,0,8
1981,MICHELLE,942,0,942
1981,NADIA,120,0,120
1981,NALINI,6,0,6
1981,NANCY,136,0,136
1981,NAOMI,54,0,54
1981,NATACHA,7,0,7
1981,NATALIA,15,0,15
1981,NATALIE,356,0,356
1981,NATASHA,203,0,203
1981,NATASHIA,7,0,7
1981,NATHALIE,43,0,43
1981,NAVNEET,6,0,6
1981,NELLIE,6,0,6
1981,NICHOLE,26,0,26
1981,NADINE,62,0,62
1981,NICOLA,33,21,12
1981,MICHELE,66,26,40
1981,MELONIE,6,0,6
1981,MARTHA,40,0,40
1981,MARTINA,11,0,11
1981,MARTINE,14,0,14
1981,MARY,305,0,305
1981,MARY-ANN,6,0,6
1981,MARYANN,7,0,7
1981,MARYANNE,11,0,11
1981,MARYSE,8,0,8
1981,MAUREEN,25,0,25
1981,MAXINE,12,0,12
1981,MAY,6,0,6
1981,MAYA,9,0,9
1981,MEREDITH,47,0,47
1981,MEAGAN,53,0,53
1981,MEGAN,204,0,204
1981,MEGHAN,144,0,144
1981,MEGHANN,10,0,10
1981,MELANIE,490,0,490
1981,MELINA,9,0,9
1981,MELINDA,79,0,79
1981,MELISA,14,0,14
1981,MELISSA,1358,0,1358
1981,MELLISA,8,0,8
1981,MELLISSA,14,0,14
1981,MELODIE,13,0,13
1981,MELODY,22,0,22
1981,MEAGHAN,76,0,76
1981,NICOLE,755,0,755
1981,NICOLETTE,11,0,11
1981,NICOLLE,7,0,7
1981,REBECCA,587,0,587
1981,REBEKAH,18,0,18
1981,REENA,13,0,13
1981,REGINA,6,0,6
1981,RENA,10,0,10
1981,RENATA,12,0,12
1981,RENEE,110,0,110
1981,RENÉE,14,0,14
1981,RHEA,8,0,8
1981,RHIANNON,8,0,8
1981,RHONDA,41,0,41
1981,RICHELLE,15,0,15
1981,RAQUEL,12,0,12
1981,RIKKI,6,0,6
1981,RINA,17,0,17
1981,RITA,27,0,27
1981,ROBERTA,23,0,23
1981,ROBIN,179,61,118
1981,ROBYN,115,0,115
1981,ROCHELLE,21,0,21
1981,ROSA,19,0,19
1981,ROSALIA,6,0,6
1981,ROSALIE,8,0,8
1981,ROSALIND,7,0,7
1981,ROSALYN,9,0,9
1981,ROSANNA,16,0,16
1981,RIMA,6,0,6
1981,RANDI,23,0,23
1981,RANA,6,0,6
1981,RAMONA,6,0,6
1981,NIDA,6,0,6
1981,NIKI,18,0,18
1981,NIKKI,27,0,27
1981,NINA,47,0,47
1981,NISHA,6,0,6
1981,NOELLE,8,0,8
1981,NORA,9,0,9
1981,OLGA,6,0,6
1981,OLIVIA,30,0,30
1981,PAIGE,13,0,13
1981,PAMELA,266,0,266
1981,PAOLA,10,0,10
1981,PASCALE,6,0,6
1981,PATRICIA,233,0,233
1981,PATRIZIA,11,0,11
1981,PAULA,68,0,68
1981,PAULETTE,7,0,7
1981,PAULINE,29,0,29
1981,PEARL,7,0,7
1981,PEGGY,12,0,12
1981,PENNY,22,0,22
1981,PRISCILLA,27,0,27
1981,PRIYA,16,0,16
1981,QUINN,14,7,7
1981,RACHAEL,44,0,44
1981,RACHEL,340,0,340
1981,RACHELLE,36,0,36
1981,TRISHA,63,0,63
1981,SUMIT,6,6,0
1981,TRUDY,8,0,8
1981,VALERIA,7,0,7
1981,CHAIM,6,6,0
1981,CHARLES,190,190,0
1981,CHARLIE,5,5,0
1981,CHRIS,12,12,0
1981,CHRISTIAN,101,101,0
1981,CHRISTOPHER,2133,2133,0
1981,CHRISTOS,13,13,0
1981,CLARENCE,9,9,0
1981,CLAUDE,9,9,0
1981,CLAUDIO,13,13,0
1981,CLAYTON,50,50,0
1981,CLEMENT,6,6,0
1981,CHADWICK,21,21,0
1981,CLIFF,5,5,0
1981,CLIFTON,5,5,0
1981,CLINT,25,25,0
1981,CLINTON,57,57,0
1981,CODY,24,24,0
1981,COLIN,184,184,0
1981,COLLIN,20,20,0
1981,CONNOR,8,8,0
1981,CONOR,16,16,0
1981,CONRAD,21,21,0
1981,CONSTANTINOS,5,5,0
1981,COREY,108,108,0
1981,CORNELIUS,10,10,0
1981,CLIFFORD,37,37,0
1981,CORRADO,8,8,0
1981,CHAD,219,219,0
1981,CECIL,6,6,0
1981,BRENNAN,11,11,0
1981,BRENT,181,181,0
1981,BRET,9,9,0
1981,BRETT,115,115,0
1981,BRIAN,668,668,0
1981,BROCK,24,24,0
1981,BRODIE,6,6,0
1981,BRONSON,7,7,0
1981,BROOK,8,8,0
1981,BROOKS,8,8,0
1981,BRUCE,58,58,0
1981,BRUNO,18,18,0
1981,CESAR,5,5,0
1981,BRYAN,250,250,0
1981,BYRON,23,23,0
1981,CALE,5,5,0
1981,CALEB,14,14,0
1981,CALVIN,23,23,0
1981,CAMERON,124,124,0
1981,CARL,59,59,0
1981,CARLO,26,26,0
1981,CARLOS,20,20,0
1981,CARMELO,9,9,0
1981,CARMINE,6,6,0
1981,CARSON,10,10,0
1981,CARY,6,6,0
1981,BRYCE,19,19,0
1981,BRENDON,8,8,0
1981,CORY,204,204,0
1981,CRAIG,285,285,0
1981,TYLOR,6,6,0
1981,TYLER,243,243,0
1981,TROY,86,86,0
1981,TRISTAN,31,31,0
1981,TREVOR,354,354,0
1981,TRENT,5,5,0
1981,TRAVIS,150,150,0
1981,TONY,38,38,0
1981,TOMMY,16,16,0
1981,TOMISLAV,9,9,0
1981,TOM,9,9,0
1981,TODD,126,126,0
1981,TYRONE,14,14,0
1981,TOBIN,10,10,0
1981,TIMOTHY,505,505,0
1981,TIM,6,6,0
1981,THOMAS,426,426,0
1981,THEODOROS,6,6,0
1981,THEODORE,23,23,0
1981,TERRENCE,24,24,0
1981,TERRANCE,11,11,0
1981,TERENCE,35,35,0
1981,TED,10,10,0
1981,TANNER,7,7,0
1981,SYLVAIN,28,28,0
1981,SYED,8,8,0
1981,TOBIAS,11,11,0
1981,COSIMO,9,9,0
1981,TYSON,24,24,0
1981,VAUGHAN,5,5,0
1981,CRISTOPHER,7,7,0
1981,CURTIS,129,129,0
1981,DALE,61,61,0
1981,ZACHARY,38,38,0
1981,ZACHARIAH,6,6,0
1981,YVES,17,17,0
1981,YVAN,9,9,0
1981,YANNICK,9,9,0
1981,WINSTON,8,8,0
1981,WILSON,10,10,0
1981,WILLIS,5,5,0
1981,WILLIAM,621,621,0
1981,VASILIOS,5,5,0
1981,WILFRED,6,6,0
1981,WAYNE,106,106,0
1981,WAYLON,5,5,0
1981,WARREN,61,61,0
1981,WALTER,33,33,0
1981,WADE,14,14,0
1981,VITTORIO,6,6,0
1981,VITO,20,20,0
1981,VINCENZO,36,36,0
1981,VINCENT,84,84,0
1981,VIKRAM,11,11,0
1981,VICTOR,38,38,0
1981,VERNON,8,8,0
1981,WESLEY,98,98,0
1981,BRENDEN,9,9,0
1981,BRENDAN,82,82,0
1981,BRANDON,320,320,0
1981,AHMAD,7,7,0
1981,AHMED,5,5,0
1981,AIDAN,7,7,0
1981,AJAY,9,9,0
1981,ALAIN,61,61,0
1981,ALAN,105,105,0
1981,ALBERT,52,52,0
1981,ALDO,6,6,0
1981,ALEC,6,6,0
1981,ALEEM,7,7,0
1981,ALEJANDRO,5,5,0
1981,ALEKSANDAR,11,11,0
1981,ADRIEN,7,7,0
1981,ALESSANDRO,12,12,0
1981,ALEXANDER,267,267,0
1981,ALEXANDRE,27,27,0
1981,ALEXANDROS,7,7,0
1981,ALFRED,9,9,0
1981,ALFREDO,5,5,0
1981,ALI,22,22,0
1981,ALIM,12,12,0
1981,ALISTAIR,5,5,0
1981,ALLAN,91,91,0
1981,ALLEN,34,34,0
1981,ALVIN,14,14,0
1981,ALYKHAN,6,6,0
1981,ALEX,30,30,0
1981,AMAN,5,5,0
1981,ADRIANO,19,19,0
1981,ADIL,6,6,0
1981,VALERIE,107,0,107
1981,VANESSA,197,0,197
1981,VASILIKI,10,0,10
1981,VENESSA,7,0,7
1981,VERA,9,0,9
1981,VERONICA,57,0,57
1981,VERONIQUE,15,0,15
1981,VICKI,35,0,35
1981,VICKY,24,0,24
1981,VICTORIA,141,0,141
1981,VIRGINIA,55,0,55
1981,VITTORIA,8,0,8
1981,ADRIAN,135,135,0
1981,VIVIAN,24,0,24
1981,WENDY,91,0,91
1981,WHITNEY,15,0,15
1981,WILMA,7,0,7
1981,YASMIN,9,0,9
1981,YOLANDA,14,0,14
1981,YVETTE,12,0,12
1981,YVONNE,39,0,39
1981,ZAHRA,11,0,11
1981,ZOE,22,0,22
1981,AARON,443,443,0
1981,ABRAHAM,13,13,0
1981,ADAM,1177,1177,0
1981,WANDA,13,0,13
1981,AMAR,5,5,0
1981,AMIR,5,5,0
1981,AMIT,16,16,0
1981,AVRAHAM,5,5,0
1981,BARRETT,13,13,0
1981,BARRIE,5,5,0
1981,BARRY,67,67,0
1981,BASIL,8,8,0
1981,BEAU,13,13,0
1981,BEN,10,10,0
1981,BENJAMIN,371,371,0
1981,BENNETT,5,5,0
1981,BENOIT,15,15,0
1981,BENSON,6,6,0
1981,BERNARD,23,23,0
1981,AVERY,8,8,0
1981,BILAL,7,7,0
1981,BILLY,30,30,0
1981,BILLY-JOE,9,9,0
1981,BJORN,6,6,0
1981,BLAINE,17,17,0
1981,BLAKE,50,50,0
1981,BOBBY,39,39,0
1981,BRAD,23,23,0
1981,BRADEN,14,14,0
1981,BRADLEY,494,494,0
1981,BRADLY,7,7,0
1981,BRADY,8,8,0
1981,BRANDEN,9,9,0
1981,BILL,10,10,0
1981,AUSTIN,11,11,0
1981,AUBREY,6,6,0
1981,ATHANASIOS,9,9,0
1981,AMOS,7,7,0
1981,ANAND,7,7,0
1981,ANASTASIOS,7,7,0
1981,ANDRE,119,119,0
1981,ANDRÉ,7,7,0
1981,ANDREAS,13,13,0
1981,ANDRES,7,7,0
1981,ANDREW,1191,1191,0
1981,ANDY,33,33,0
1981,ANGELO,26,26,0
1981,ANGUS,8,8,0
1981,ANIL,8,8,0
1981,ANTHONY,358,358,0
1981,ANTOINE,5,5,0
1981,ANTON,8,8,0
1981,ANTONINO,6,6,0
1981,ANTONIO,71,71,0
1981,ANTONIOS,5,5,0
1981,ANWAR,6,6,0
1981,ARI,10,10,0
1981,ARIEL,5,5,0
1981,ARIF,5,5,0
1981,ARMAND,6,6,0
1981,ARNOLD,8,8,0
1981,ARON,14,14,0
1981,ARTHUR,33,33,0
1981,ASHTON,6,6,0
1981,VALENTINA,6,0,6
1981,SIMONE,44,0,44
1982,EUGENE,25,25,0
1982,ABRAM,5,5,0
1982,GAIL,9,0,9
1982,GABRIELLE,15,0,15
1982,FRANCINE,24,0,24
1982,FRANCESCA,23,0,23
1982,FRANCES,30,0,30
1982,FRANCE,14,0,14
1982,FRANCA,9,0,9
1982,FIONA,26,0,26
1982,FILOMENA,7,0,7
1982,FELICIA,14,0,14
1982,GAYLE,10,0,10
1982,FAYE,8,0,8
1982,FARAH,23,0,23
1982,FALLON,10,0,10
1982,FAITH,12,0,12
1982,EVELYN,24,0,24
1982,EVE,9,0,9
1982,EVA,32,0,32
1982,ESTHER,34,0,34
1982,ESTELLE,6,0,6
1982,ERINN,6,0,6
1982,ERIN,693,0,693
1982,FATIMA,16,0,16
1982,GENEVIEVE,65,0,65
1982,GEORGIA,16,0,16
1982,GEORGINA,18,0,18
1982,HILARY,34,0,34
1982,HELENE,10,0,10
1982,HELENA,13,0,13
1982,HELEN,43,0,43
1982,HEIDI,89,0,89
1982,HEATHER,584,0,584
1982,HAYLEY,40,0,40
1982,HARPREET,8,0,8
1982,HARMONY,7,0,7
1982,HANNAH,33,0,33
1982,HALEY,17,0,17
1982,HAILEY,14,0,14
1982,GWENDOLYN,6,0,6
1982,GWEN,6,0,6
1982,GRACE,36,0,36
1982,GLORIA,17,0,17
1982,GIUSEPPINA,15,0,15
1982,GISELLE,10,0,10
1982,GIOVANNA,13,0,13
1982,GINGER,8,0,8
1982,GINETTE,15,0,15
1982,GINA,32,0,32
1982,GILLIAN,88,0,88
1982,ERIKA,62,0,62
1982,HILLARY,14,0,14
1982,ERICKA,6,0,6
1982,EMMA,53,0,53
1982,DIANE,92,0,92
1982,DIANA,218,0,218
1982,DEVON,56,35,21
1982,DESTINY,7,0,7
1982,DESIREE,31,0,31
1982,DENISE,110,0,110
1982,DEIRDRE,14,0,14
1982,DEIDRE,8,0,8
1982,DEENA,12,0,12
1982,DEBRA,26,0,26
1982,DIANNA,21,0,21
1982,DEBORAH,71,0,71
1982,DEANNE,15,0,15
1982,DEANNA,61,0,61
1982,DEANA,6,0,6
1982,DAYNA,42,0,42
1982,DAWN,133,0,133
1982,DARLENE,20,0,20
1982,DARLA,7,0,7
1982,DARCIE,6,0,6
1982,DARA,6,0,6
1982,DAPHNE,13,0,13
1982,DEBBIE,29,0,29
1982,DIANNE,26,0,26
1982,DINA,17,0,17
1982,DIONNE,7,0,7
1982,EMILY,365,0,365
1982,EMILIE,44,0,44
1982,ELSA,6,0,6
1982,ELLEN,29,0,29
1982,ELIZABETH,439,0,439
1982,ELIZA,8,0,8
1982,ELISSA,22,0,22
1982,ELISHA,23,0,23
1982,ELISE,15,0,15
1982,ELISABETH,22,0,22
1982,ELISA,35,0,35
1982,ELENA,28,0,28
1982,ELEANOR,12,0,12
1982,ELANA,10,0,10
1982,ELAINE,47,0,47
1982,ELAINA,8,0,8
1982,EILEEN,13,0,13
1982,EDITH,6,0,6
1982,EDEN,6,0,6
1982,DOROTHY,30,0,30
1982,DORA,6,0,6
1982,DONNA,57,0,57
1982,DOMINIQUE,12,0,12
1982,ERICA,140,0,140
1982,HOLLIE,11,0,11
1982,HOLLY,147,0,147
1982,ILANA,12,0,12
1982,JULIANNE,15,0,15
1982,JULIANNA,9,0,9
1982,JULIANA,21,0,21
1982,JULIA,195,0,195
1982,JUDY,20,0,20
1982,JUDITH,28,0,28
1982,JUANITA,6,0,6
1982,JOYCE,25,0,25
1982,JOY,25,0,25
1982,JOSÉE,11,0,11
1982,JULIE,512,0,512
1982,JOSIE,10,0,10
1982,JOSEE,34,0,34
1982,JORDANA,23,0,23
1982,JORDAN,394,376,18
1982,JONI,9,0,9
1982,JOLENE,30,0,30
1982,JOHANNA,25,0,25
1982,JOELLE,15,0,15
1982,JODY,61,18,43
1982,JODIE,49,0,49
1982,JODI,81,0,81
1982,JOSEPHINE,19,0,19
1982,JULIE-ANNE,9,0,9
1982,JUNE,8,0,8
1982,JUSTINE,16,0,16
1982,KATIE,166,0,166
1982,KATHY,30,0,30
1982,KATHRYN,237,0,237
1982,KATHLEEN,244,0,244
1982,KATHERINE,422,0,422
1982,KATHARINE,59,0,59
1982,KATERINA,13,0,13
1982,KATE,41,0,41
1982,KATARINA,14,0,14
1982,KASSANDRA,10,0,10
1982,KARYN,12,0,12
1982,KARLY,6,0,6
1982,KARLA,26,0,26
1982,KARINE,21,0,21
1982,KARINA,11,0,11
1982,KARIN,15,0,15
1982,KARIE,6,0,6
1982,KARI,29,0,29
1982,KAREN,287,0,287
1982,KARA,44,0,44
1982,KALEY,6,0,6
1982,KAITLYN,9,0,9
1982,KAITLIN,16,0,16
1982,JOCELYNE,6,0,6
1982,JOCELYN,57,0,57
1982,JOANNE,85,0,85
1982,JOANNA,96,0,96
1982,JANIE,7,0,7
1982,JANICE,85,0,85
1982,JANETTE,8,0,8
1982,JANET,68,0,68
1982,JANELLE,32,0,32
1982,JANE,39,0,39
1982,JANA,29,0,29
1982,JAMILA,7,0,7
1982,JAMIE-LYNN,10,0,10
1982,JAMIE,324,196,128
1982,JAMI,6,0,6
1982,JAIME,84,10,74
1982,JADE,21,0,21
1982,JACQUELYN,25,0,25
1982,JACQUELINE,238,0,238
1982,JACLYN,86,0,86
1982,JACKLYN,14,0,14
1982,JACKIE,8,0,8
1982,ISABELLE,33,0,33
1982,ISABEL,12,0,12
1982,IRIS,6,0,6
1982,IRENE,23,0,23
1982,INGRID,9,0,9
1982,JANINE,61,0,61
1982,DANIELLE,357,0,357
1982,JANIS,8,0,8
1982,JASMIN,9,0,9
1982,JOAN,6,0,6
1982,JO-ANNE,7,0,7
1982,JILLIAN,127,0,127
1982,JILL,67,0,67
1982,JESSIE,68,24,44
1982,JESSICA,1109,0,1109
1982,JESSE,314,307,7
1982,JENNY,103,0,103
1982,JENNILEE,6,0,6
1982,JENNIFER,2536,0,2536
1982,JENNIE,23,0,23
1982,JENNA,48,0,48
1982,JENILEE,9,0,9
1982,JENIFER,18,0,18
1982,JENELLE,11,0,11
1982,JEANNINE,14,0,14
1982,JEANNETTE,15,0,15
1982,JEANINE,13,0,13
1982,JEANETTE,31,0,31
1982,JEAN,56,40,16
1982,JAYME,10,0,10
1982,JASPREET,12,5,7
1982,JASMINE,60,0,60
1982,JANNA,14,0,14
1982,KATRINA,104,0,104
1982,DANIELLA,13,0,13
1982,DANA,160,25,135
1982,ARLENE,18,0,18
1982,ARIELLA,6,0,6
1982,APRIL,199,0,199
1982,ANTONIETTA,11,0,11
1982,ANTONIA,7,0,7
1982,ANTONELLA,14,0,14
1982,ANTOINETTE,7,0,7
1982,ANNIK,7,0,7
1982,ANNIE,49,0,49
1982,ANNETTE,20,0,20
1982,ASHA,7,0,7
1982,ANNEMARIE,7,0,7
1982,ANNE,116,0,116
1982,ANNA,175,0,175
1982,ANN-MARIE,10,0,10
1982,ANN,47,0,47
1982,ANJALI,6,0,6
1982,ANITA,56,0,56
1982,ANIK,12,0,12
1982,ANICK,6,0,6
1982,ANGÈLE,6,0,6
1982,ANGIE,36,0,36
1982,ANNE-MARIE,35,0,35
1982,ASHLEA,9,0,9
1982,ASHLEE,28,0,28
1982,ASHLEIGH,84,0,84
1982,BRANDI,66,0,66
1982,BONNIE,60,0,60
1982,BOBBIE,9,0,9
1982,BOBBI,6,0,6
1982,BIBI,6,0,6
1982,BIANCA,22,0,22
1982,BEVERLY,28,0,28
1982,BEVERLEY,14,0,14
1982,BETTY,9,0,9
1982,BETHANY,40,0,40
1982,BETH,24,0,24
1982,BERNICE,13,0,13
1982,BERNADETTE,13,0,13
1982,BELINDA,14,0,14
1982,BECKY,32,0,32
1982,BEATRICE,8,0,8
1982,BARBARA,79,0,79
1982,BABY,85,51,34
1982,AUTUMN,7,0,7
1982,AUDREY,27,0,27
1982,ATHENA,10,0,10
1982,ASHLIE,6,0,6
1982,ASHLEY,576,35,541
1982,ANGELIQUE,7,0,7
1982,BRANDIE,11,0,11
1982,ANGELINE,8,0,8
1982,ANGELICA,8,0,8
1982,ALIA,8,0,8
1982,ALEXIS,115,10,105
1982,ALEXANDRIA,11,0,11
1982,ALEXANDRA,121,0,121
1982,ALEXA,8,0,8
1982,ALESSANDRA,18,0,18
1982,ALECIA,9,0,9
1982,ALANNA,41,0,41
1982,ALANA,73,0,73
1982,ALAINA,19,0,19
1982,ALICE,15,0,15
1982,AISHA,13,0,13
1982,AIMEE,58,0,58
1982,AILEEN,11,0,11
1982,AGATHA,8,0,8
1982,ADRIENNE,58,0,58
1982,ADRIANNA,12,0,12
1982,ADRIANA,37,0,37
1982,ADRIA,6,0,6
1982,ADELE,17,0,17
1982,ABIGAIL,14,0,14
1982,ABBY,17,0,17
1982,AINSLEY,9,0,9
1982,ALICIA,157,0,157
1982,ALISA,10,0,10
1982,ALISHA,49,0,49
1982,ANGELE,33,0,33
1982,ANGELA,468,0,468
1982,ANGEL,28,0,28
1982,ANDRIA,9,0,9
1982,ANDREA,576,9,567
1982,ANASTASIA,20,0,20
1982,ANA,18,0,18
1982,AMY,632,0,632
1982,AMIE,30,0,30
1982,AMELIA,25,0,25
1982,AMBER,217,0,217
1982,AMANDA,1336,0,1336
1982,ALYSSA,37,0,37
1982,ALYSON,11,0,11
1982,ALYSIA,6,0,6
1982,ALYSHA,9,0,9
1982,ALYCIA,6,0,6
1982,ALLYSON,20,0,20
1982,ALLISON,185,0,185
1982,ALIZA,8,0,8
1982,ALIYA,7,0,7
1982,ALISSA,18,0,18
1982,ALISON,142,0,142
1982,ANGELINA,16,0,16
1982,BRANDY,61,0,61
1982,BREANNA,6,0,6
1982,BREANNE,19,0,19
1982,CHRYSTAL,35,0,35
1982,CHRISTY,52,0,52
1982,CHRISTINE,495,0,495
1982,CHRISTINA,500,0,500
1982,CHRISTIE,40,0,40
1982,CHRISTIANE,7,0,7
1982,CHRISTEN,6,0,6
1982,CHRISTAL,9,0,9
1982,CHRISTA,50,0,50
1982,CHLOE,12,0,12
1982,CIARA,7,0,7
1982,CHEYENNE,8,0,8
1982,CHERIE,17,0,17
1982,CHERI,12,0,12
1982,CHELSEY,14,0,14
1982,CHELSEA,32,0,32
1982,CHAYA,6,0,6
1982,CHARMAINE,11,0,11
1982,CHARLOTTE,38,0,38
1982,CHARLENE,102,0,102
1982,CHARITY,13,0,13
1982,CHANTELLE,76,0,76
1982,CHERYL,170,0,170
1982,CINDY,116,0,116
1982,CINZIA,6,0,6
1982,CLAIRE,60,0,60
1982,DALLAS,17,10,7
1982,DAISY,12,0,12
1982,DAINA,10,0,10
1982,CYNTHIA,107,0,107
1982,CRYSTAL,610,0,610
1982,CRISTY,6,0,6
1982,CRISTINA,63,0,63
1982,CRISTAL,6,0,6
1982,COURTNEY,212,17,195
1982,CORTNEY,13,0,13
1982,CORRINE,12,0,12
1982,CORRIE,11,0,11
1982,CORINNE,19,0,19
1982,COREY,102,94,8
1982,CORA,8,0,8
1982,CONSTANCE,18,0,18
1982,CONNIE,32,0,32
1982,CONCETTA,6,0,6
1982,COLLEEN,103,0,103
1982,COLETTE,11,0,11
1982,CLAUDIA,42,0,42
1982,CLARE,11,0,11
1982,CLARA,17,0,17
1982,CHANTEL,41,0,41
1982,CHANTALE,13,0,13
1982,CHANTAL,152,0,152
1982,CHANEL,6,0,6
1982,CARLA,83,0,83
1982,CARISSA,15,0,15
1982,CAREY,16,5,11
1982,CARA,53,0,53
1982,CANDIS,6,0,6
1982,CANDICE,177,0,177
1982,CANDACE,102,0,102
1982,CAMILLE,33,0,33
1982,CAMILLA,6,0,6
1982,CAITLYN,7,0,7
1982,CAITLIN,93,0,93
1982,BROOKE,57,0,57
1982,BRONWYN,16,0,16
1982,BRONWEN,6,0,6
1982,BRITTANY,23,0,23
1982,BRIGITTE,28,0,28
1982,BRIGID,7,0,7
1982,BRIDGET,20,0,20
1982,BRIANNE,44,0,44
1982,BRIANNA,20,0,20
1982,BRIANA,6,0,6
1982,BRENNA,12,0,12
1982,BRENDA,69,0,69
1982,CARLEY,12,0,12
1982,DANIELA,76,0,76
1982,CARLY,63,0,63
1982,CARMEN,23,5,18
1982,CHANDRA,13,0,13
1982,CELINE,22,0,22
1982,CELINA,8,0,8
1982,CELIA,6,0,6
1982,CELESTE,10,0,10
1982,CECILIA,11,0,11
1982,CECILE,6,0,6
1982,CATHRYN,6,0,6
1982,CATHERINE,214,0,214
1982,CATHARINE,6,0,6
1982,CATERINA,17,0,17
1982,CASSIE,15,0,15
1982,CASSANDRA,163,0,163
1982,CASEY,58,29,29
1982,CASANDRA,10,0,10
1982,CARRIE-ANNE,6,0,6
1982,CARRIE,146,0,146
1982,CAROLYNN,6,0,6
1982,CAROLYN,133,0,133
1982,CAROLINE,101,0,101
1982,CAROLINA,6,0,6
1982,CAROLE,13,0,13
1982,CAROL,33,0,33
1982,CARMELA,15,0,15
1982,ABBEY,10,0,10
1982,KATY,11,0,11
1982,KAYLA,34,0,34
1982,SARAH-JANE,6,0,6
1982,SARAH,1603,0,1603
1982,SARA,345,0,345
1982,SANDY,47,10,37
1982,SANDRA,218,0,218
1982,SANA,6,0,6
1982,SAMARA,8,0,8
1982,SAMANTHA,273,0,273
1982,SALLY,20,0,20
1982,SAIRA,6,0,6
1982,SARAH-LYNN,6,0,6
1982,SADIE,6,0,6
1982,SABRINA,156,0,156
1982,RUTHANN,6,0,6
1982,RUTH,34,0,34
1982,RUPINDER,6,0,6
1982,RUBY,9,0,9
1982,ROXANNE,48,0,48
1982,ROWENA,7,0,7
1982,ROSLYN,6,0,6
1982,ROSEMARY,25,0,25
1982,ROSEMARIE,18,0,18
1982,SACHA,19,8,11
1982,SARIKA,6,0,6
1982,SASHA,36,7,29
1982,SEEMA,10,0,10
1982,SHELLY,26,0,26
1982,SHELLEY,63,0,63
1982,SHELBY,14,0,14
1982,SHEILA,39,0,39
1982,SHEENA,96,0,96
1982,SHAYNA,10,0,10
1982,SHAWNA,81,0,81
1982,SHAUNNA,6,0,6
1982,SHAUNA,47,0,47
1982,SHARON,80,0,80
1982,SHARLENE,7,0,7
1982,SHARI,16,0,16
1982,SHANTELLE,7,0,7
1982,SHANTEL,6,0,6
1982,SHANON,8,0,8
1982,SHANNON,549,17,532
1982,SHANNAN,6,0,6
1982,SHANNA,27,0,27
1982,SHANA,8,0,8
1982,SHALINI,6,0,6
1982,SERENA,24,0,24
1982,SELINA,7,0,7
1982,SELENA,9,0,9
1982,ROSEANN,7,0,7
1982,SHERI,20,0,20
1982,ROSE,16,0,16
1982,ROSANNA,34,0,34
1982,RACHEAL,6,0,6
1982,RACHAEL,49,0,49
1982,PUJA,6,0,6
1982,PRIYA,14,0,14
1982,PRISCILLA,17,0,17
1982,POONAM,6,0,6
1982,POOJA,6,0,6
1982,PIA,10,0,10
1982,PENNY,23,0,23
1982,PEGGY,12,0,12
1982,RACHEL,376,0,376
1982,PAULINE,34,0,34
1982,PATRIZIA,10,0,10
1982,PATRICIA,248,0,248
1982,PARMINDER,6,0,6
1982,PAOLA,12,0,12
1982,PAMELA,258,0,258
1982,PAIGE,9,0,9
1982,ORIANA,6,0,6
1982,OLIVIA,42,0,42
1982,NORA,16,0,16
1982,NOELLE,6,0,6
1982,PAULA,83,0,83
1982,RACHELLE,54,0,54
1982,RAMONA,8,0,8
1982,RANDI,17,0,17
1982,ROSALIND,8,0,8
1982,ROSALIE,11,0,11
1982,ROSA,17,0,17
1982,RONDA,7,0,7
1982,ROMINA,7,0,7
1982,ROCHELLE,21,0,21
1982,ROBYN,110,0,110
1982,ROBIN,154,60,94
1982,ROBERTA,21,0,21
1982,RITA,29,0,29
1982,RICHELLE,19,0,19
1982,RHONDA,35,0,35
1982,RHODA,7,0,7
1982,RHIANNON,13,0,13
1982,RENÉE,10,0,10
1982,RENEE,104,0,104
1982,RENE,33,25,8
1982,RENATA,11,0,11
1982,RENA,6,0,6
1982,REENA,24,0,24
1982,REBEKAH,38,0,38
1982,REBECCA,566,0,566
1982,RAQUEL,15,0,15
1982,ROSANNE,13,0,13
1982,SHERISSE,6,0,6
1982,SHERRI,27,0,27
1982,SHERRIE,9,0,9
1982,TRACY,152,0,152
1982,TRACI,6,0,6
1982,TRACEY,46,0,46
1982,TOSHA,9,0,9
1982,TONYA,34,0,34
1982,TONIA,12,0,12
1982,TONI,7,0,7
1982,TINA,148,0,148
1982,TIFFANY,250,0,250
1982,TIFFANIE,10,0,10
1982,TREENA,7,0,7
1982,TIANNA,8,0,8
1982,THERESE,7,0,7
1982,THERESA,78,0,78
1982,THEA,9,0,9
1982,TESSA,17,0,17
1982,TESS,7,0,7
1982,TERRY,86,76,10
1982,TERRIE,7,0,7
1982,TERRI-LYNN,18,0,18
1982,TERRI,62,0,62
1982,TERRA,28,0,28
1982,TIA,15,0,15
1982,TRICIA,34,0,34
1982,TRINA,14,0,14
1982,TRISHA,54,0,54
1982,ZOE,15,0,15
1982,ZARA,6,0,6
1982,ZAHRA,7,0,7
1982,YVONNE,37,0,37
1982,YOLANDA,10,0,10
1982,YASMIN,6,0,6
1982,WHITNEY,15,0,15
1982,WENDY,77,0,77
1982,WANDA,11,0,11
1982,VIVIAN,23,0,23
1982,VIRGINIA,42,0,42
1982,VICTORIA,186,0,186
1982,VICKY,17,0,17
1982,VICKI,29,0,29
1982,VERONIQUE,24,0,24
1982,VERONICA,62,0,62
1982,VERA,7,0,7
1982,VENESSA,6,0,6
1982,VASILIKI,13,0,13
1982,VANESSA,195,0,195
1982,VALERIE,148,0,148
1982,VALERIA,6,0,6
1982,VALENTINA,6,0,6
1982,TERI,10,0,10
1982,TERESA,95,0,95
1982,TERA,10,0,10
1982,TAYLOR,51,44,7
1982,SUE-ANN,6,0,6
1982,STÉPHANIE,6,0,6
1982,STEPHANIE,966,0,966
1982,STELLA,14,0,14
1982,STEFANIE,108,0,108
1982,STEFANIA,27,0,27
1982,STEFANI,6,0,6
1982,STACY,41,0,41
1982,STACIE,13,0,13
1982,STACEY,189,0,189
1982,SOPHIE,40,0,40
1982,SOPHIA,38,0,38
1982,SONYA,49,0,49
1982,SONJA,12,0,12
1982,SONIA,77,0,77
1982,SOFIA,9,0,9
1982,SKYE,6,0,6
1982,SIOBHAN,20,0,20
1982,SIMONE,30,0,30
1982,SILVIA,9,0,9
1982,SHIRLEY,19,0,19
1982,SHERYL,18,0,18
1982,SHERRY,61,0,61
1982,SUMMER,9,0,9
1982,NISHA,9,0,9
1982,SUSAN,141,0,141
1982,SUSANNA,10,0,10
1982,TAWNYA,7,0,7
1982,TASHA,57,0,57
1982,TARYN,19,0,19
1982,TARAH,9,0,9
1982,TARA-LEE,7,0,7
1982,TARA,357,0,357
1982,TANYA,308,0,308
1982,TANJA,6,0,6
1982,TANIA,90,0,90
1982,TAMMY,186,0,186
1982,TAMMIE,6,0,6
1982,TAMARA,125,0,125
1982,TAMAR,6,0,6
1982,TALIA,13,0,13
1982,TABITHA,31,0,31
1982,TABATHA,14,0,14
1982,SYLVIE,29,0,29
1982,SYLVIA,30,0,30
1982,SYDNEY,14,6,8
1982,SUZANNE,73,0,73
1982,SUSY,6,0,6
1982,SUSIE,6,0,6
1982,SUSANNE,23,0,23
1982,SUSANA,10,0,10
1982,KAVITA,6,0,6
1982,NINA,40,0,40
1982,NIKI,11,0,11
1982,LIDIA,6,0,6
1982,LIANNE,23,0,23
1982,LIANE,10,0,10
1982,LIANA,11,0,11
1982,LIA,18,0,18
1982,LESLIE,125,19,106
1982,LESLEY,97,0,97
1982,LEONA,9,0,9
1982,LENA,9,0,9
1982,LEILA,12,0,12
1982,LILA,6,0,6
1982,LEIGH,38,14,24
1982,LEE-ANNE,16,0,16
1982,LEE-ANN,14,0,14
1982,LEE,142,112,30
1982,LEANNE,110,0,110
1982,LEANNA,7,0,7
1982,LEAH,164,0,164
1982,LEA,12,0,12
1982,LAURIE,51,0,51
1982,LAUREN,252,0,252
1982,LAUREL,24,0,24
1982,LEEANNE,11,0,11
1982,LILIANA,7,0,7
1982,LILLIAN,15,0,15
1982,LILY,6,0,6
1982,LUCY,12,0,12
1982,LUCIE,10,0,10
1982,LUCIA,12,0,12
1982,LOUISE,30,0,30
1982,LOUISA,12,0,12
1982,LORRAINE,16,0,16
1982,LORNA,6,0,6
1982,LORI-ANNE,8,0,8
1982,LORI,100,0,100
1982,LORETTA,16,0,16
1982,LOREDANA,10,0,10
1982,LORA,10,0,10
1982,LONI,8,0,8
1982,LIZA,11,0,11
1982,LISSA,7,0,7
1982,LISE,9,0,9
1982,LISA-MARIE,17,0,17
1982,LISA,723,0,723
1982,LINDY,9,0,9
1982,LINDSEY,160,0,160
1982,LINDSAY,667,6,661
1982,LINDA,107,0,107
1982,LINA,19,0,19
1982,LAUREEN,7,0,7
1982,LUISA,10,0,10
1982,LAURALEE,6,0,6
1982,LAURA,749,0,749
1982,KIRSTY,8,0,8
1982,KIRSTIN,9,0,9
1982,KIRSTEN,38,0,38
1982,KIRA,9,0,9
1982,KIMBERLY,362,0,362
1982,KIMBERLEY,133,0,133
1982,KIMBERLEE,7,0,7
1982,KIM,29,0,29
1982,KERRY,37,0,37
1982,KERRIE,8,0,8
1982,KRISTA,200,0,200
1982,KERRI-ANN,6,0,6
1982,KERI,29,0,29
1982,KENDRA,46,0,46
1982,KELSEY,13,0,13
1982,KELLY-ANN,10,0,10
1982,KELLY,482,31,451
1982,KELLIE,9,0,9
1982,KELLI,17,0,17
1982,KELLEY,8,0,8
1982,KEISHA,15,0,15
1982,KEIRA,6,0,6
1982,KERRI,60,0,60
1982,KRISTAL,17,0,17
1982,KRISTAN,7,0,7
1982,KRISTEL,7,0,7
1982,LATOYA,14,0,14
1982,LARISSA,28,0,28
1982,LARA,34,0,34
1982,LANI,6,0,6
1982,LANA,20,0,20
1982,LACEY,31,0,31
1982,KYRA,8,0,8
1982,KYLIE,14,0,14
1982,KYLEE,6,0,6
1982,KYLA,33,0,33
1982,KRYSTLE,72,0,72
1982,KRYSTINA,9,0,9
1982,KRYSTIN,9,0,9
1982,KRYSTAL,156,0,156
1982,KRYSTA,9,0,9
1982,KRISTYN,20,0,20
1982,KRISTY,159,0,159
1982,KRISTINE,56,0,56
1982,KRISTINA,184,0,184
1982,KRISTIN,220,0,220
1982,KRISTIE,32,0,32
1982,KRISTI,34,0,34
1982,KRISTEN,286,0,286
1982,LAURA-LEE,7,0,7
1982,LYDIA,25,0,25
1982,LYNDA,22,0,22
1982,LYNDSAY,79,0,79
1982,MINDY,15,0,15
1982,MICHELLE,832,0,832
1982,MICHELINE,9,0,9
1982,MICHELE,78,20,58
1982,MICHAELA,9,0,9
1982,MEREDITH,55,0,55
1982,MELODY,23,0,23
1982,MELODIE,17,0,17
1982,MELLISSA,7,0,7
1982,MELLISA,11,0,11
1982,MIRANDA,96,0,96
1982,MELISSA,1344,0,1344
1982,MELINDA,56,0,56
1982,MELANIE,530,0,530
1982,MEGHANN,6,0,6
1982,MEGHAN,145,0,145
1982,MEGAN,183,0,183
1982,MEERA,6,0,6
1982,MEAGHAN,75,0,75
1982,MEAGAN,53,0,53
1982,MAYA,13,0,13
1982,MAXINE,14,0,14
1982,MELISA,16,0,16
1982,MIREILLE,10,0,10
1982,MIRIAM,26,0,26
1982,MISTY,27,0,27
1982,NICOLETTE,9,0,9
1982,NICOLE,780,0,780
1982,NICOLA,46,22,24
1982,NICHOLE,26,0,26
1982,NEHA,6,0,6
1982,NATHALIE,45,0,45
1982,NATASHA,251,0,251
1982,NATALIE,462,0,462
1982,NATALIA,13,0,13
1982,NAOMI,60,0,60
1982,NANCY,129,0,129
1982,NADINE,71,0,71
1982,NADIA,113,0,113
1982,NADA,7,0,7
1982,MÉLISSA,6,0,6
1982,MÉLANIE,19,0,19
1982,MYLENE,6,0,6
1982,MORGAN,74,28,46
1982,MONIQUE,68,0,68
1982,MONIKA,7,0,7
1982,MONICA,99,0,99
1982,MONA,8,0,8
1982,MOLLY,16,0,16
1982,MAUREEN,29,0,29
1982,MARYANNE,10,0,10
1982,MARYAM,7,0,7
1982,MARY-ANNE,6,0,6
1982,MARGOT,6,0,6
1982,MARGO,8,0,8
1982,MARGARET,95,0,95
1982,MARCY,11,0,11
1982,MARCIE,16,0,16
1982,MARCIA,16,0,16
1982,MARCI,12,0,12
1982,MARCELLA,6,0,6
1982,MARA,13,0,13
1982,MANON,8,0,8
1982,MANDY,57,0,57
1982,MANDI,11,0,11
1982,MANDEEP,23,7,16
1982,MALINDA,7,0,7
1982,MAGGIE,17,0,17
1982,MAEGAN,7,0,7
1982,MADELEINE,13,0,13
1982,MACKENZIE,17,9,8
1982,LYNSEY,13,0,13
1982,LYNNE,11,0,11
1982,LYNN,41,0,41
1982,LYNETTE,6,0,6
1982,LYNDSEY,31,0,31
1982,MARIA,207,0,207
1982,ABRAHAM,13,13,0
1982,MARIANA,6,0,6
1982,MARIANNE,26,0,26
1982,MARY-ANN,10,0,10
1982,MARY,287,0,287
1982,MARTINE,16,0,16
1982,MARTINA,13,0,13
1982,MARTHA,32,0,32
1982,MARSHA,21,0,21
1982,MARNIE,9,0,9
1982,MARNI,6,0,6
1982,MARLENE,35,0,35
1982,MARLENA,8,0,8
1982,MARLA,12,0,12
1982,MARJORIE,8,0,8
1982,MARISSA,35,0,35
1982,MARISA,32,0,32
1982,MARION,9,0,9
1982,MARINA,18,0,18
1982,MARILYN,21,0,21
1982,MARIELLE,6,0,6
1982,MARIE-PIER,6,0,6
1982,MARIE-FRANCE,9,0,9
1982,MARIE-EVE,8,0,8
1982,MARIE-CLAUDE,7,0,7
1982,MARIE,508,0,508
1982,MARIANNA,11,0,11
1982,AARON,450,443,7
1982,NIKKI,21,0,21
1982,AHMAD,5,5,0
1982,GRAYDON,6,6,0
1982,GRANT,66,66,0
1982,GRAHAM,108,108,0
1982,GRAEME,36,36,0
1982,GORDON,115,115,0
1982,GLENN,34,34,0
1982,GLEN,46,46,0
1982,GIUSEPPE,60,60,0
1982,GIOVANNI,26,26,0
1982,GINO,9,9,0
1982,GREG,12,12,0
1982,GILLES,12,12,0
1982,GIANNI,7,7,0
1982,GIANCARLO,15,15,0
1982,GIACOMO,9,9,0
1982,GERRY,11,11,0
1982,GERARD,13,13,0
1982,GERALD,68,68,0
1982,GEORGE,134,134,0
1982,GEOFFREY,127,127,0
1982,GAVIN,55,55,0
1982,GARY,132,132,0
1982,GILBERT,6,6,0
1982,GREGG,6,6,0
1982,GREGORY,477,477,0
1982,GUILLAUME,10,10,0
1982,IVAN,31,31,0
1982,ISAIAH,8,8,0
1982,ISAAC,31,31,0
1982,IRA,6,6,0
1982,IOANNIS,5,5,0
1982,IMRAN,9,9,0
1982,IAN,353,353,0
1982,IAIN,27,27,0
1982,HUSSEIN,5,5,0
1982,HUGH,21,21,0
1982,HOWARD,18,18,0
1982,HERMAN,11,11,0
1982,HENRY,39,39,0
1982,HEINRICH,5,5,0
1982,HECTOR,6,6,0
1982,HASSAN,5,5,0
1982,HARVEY,6,6,0
1982,HARRY,13,13,0
1982,HARRISON,5,5,0
1982,HAROLD,24,24,0
1982,HARLEY,8,8,0
1982,HANS,7,7,0
1982,GUY,27,27,0
1982,GARTH,9,9,0
1982,JACK,24,24,0
1982,GARRY,17,17,0
1982,GARRET,5,5,0
1982,ETHAN,10,10,0
1982,ERWIN,7,7,0
1982,ERROL,7,7,0
1982,ERNEST,19,19,0
1982,ERIK,79,79,0
1982,ERICH,5,5,0
1982,ERIC,525,525,0
1982,EMMANUEL,18,18,0
1982,EMIL,5,5,0
1982,EMANUEL,12,12,0
1982,ETIENNE,8,8,0
1982,ELTON,6,6,0
1982,ELLIOT,17,17,0
1982,ELIJAH,11,11,0
1982,ELIAS,8,8,0
1982,ELI,9,9,0
1982,EDWIN,16,16,0
1982,EDWARD,154,154,0
1982,EDUARDO,5,5,0
1982,EDMOND,8,8,0
1982,EDGAR,6,6,0
1982,EARL,9,9,0
1982,ELLIOTT,12,12,0
1982,EUGENIO,7,7,0
1982,EVAN,92,92,0
1982,FABIAN,7,7,0
1982,GARNET,6,6,0
1982,GARETT,16,16,0
1982,GARETH,13,13,0
1982,GALEN,8,8,0
1982,GAETANO,11,11,0
1982,GABRIELE,6,6,0
1982,GABRIEL,56,56,0
1982,FREDRICK,9,9,0
1982,FREDERICK,26,26,0
1982,FREDERIC,10,10,0
1982,FRASER,21,21,0
1982,FRANKLIN,14,14,0
1982,FRANK,90,90,0
1982,FRANÇOIS,5,5,0
1982,FRANCOIS,24,24,0
1982,FRANCO,12,12,0
1982,FRANCIS,55,55,0
1982,FRANCESCO,58,58,0
1982,FILIPE,11,11,0
1982,FERNANDO,14,14,0
1982,FAISAL,5,5,0
1982,FABRIZIO,11,11,0
1982,FABIO,12,12,0
1982,GARRETT,30,30,0
1982,DYLAN,47,47,0
1982,JACKSON,8,8,0
1982,JACQUES,24,24,0
1982,KENNY,24,24,0
1982,KENNETH,253,253,0
1982,KEN,10,10,0
1982,KELVIN,5,5,0
1982,KELLEN,10,10,0
1982,KEITH,147,147,0
1982,KEEGAN,8,8,0
1982,KARL,44,44,0
1982,KARIM,17,17,0
1982,KAREEM,8,8,0
1982,KENT,22,22,0
1982,KANE,8,8,0
1982,JULIUS,6,6,0
1982,JULIEN,20,20,0
1982,JULIAN,39,39,0
1982,JUDAH,5,5,0
1982,JUAN,5,5,0
1982,JOSIP,6,6,0
1982,JOSHUA,734,734,0
1982,JOSH,8,8,0
1982,JOSEPH,1108,1108,0
1982,JOSEF,5,5,0
1982,JUSTIN,798,798,0
1982,KEVAN,5,5,0
1982,KEVIN,861,861,0
1982,KIEL,8,8,0
1982,LEON,27,27,0
1982,LEO,17,17,0
1982,LEIGHTON,5,5,0
1982,LAWRENCE,41,41,0
1982,LAURENT,6,6,0
1982,LAURENCE,8,8,0
1982,LARRY,30,30,0
1982,LANDON,8,8,0
1982,LANCE,47,47,0
1982,KYLE,376,376,0
1982,KURTIS,23,23,0
1982,KURT,21,21,0
1982,KUNAL,5,5,0
1982,KRISTOPHER,110,110,0
1982,KRISTOFFER,19,19,0
1982,KRISTOFER,12,12,0
1982,KRISTIAN,18,18,0
1982,KRIS,7,7,0
1982,KORY,12,12,0
1982,KONSTANTINOS,10,10,0
1982,KIRK,45,45,0
1982,KIRBY,5,5,0
1982,KIERAN,9,9,0
1982,JOSE,20,20,0
1982,JACOB,147,147,0
1982,JORY,7,7,0
1982,JORDON,11,11,0
1982,JEREMEY,5,5,0
1982,JEFFRY,6,6,0
1982,JEFFREY,839,839,0
1982,JEFFERY,234,234,0
1982,JEFF,17,17,0
1982,JEAN-PIERRE,5,5,0
1982,JEAN-PAUL,14,14,0
1982,JEAN-MARC,6,6,0
1982,JEAN-LUC,5,5,0
1982,JEAN-FRANCOIS,30,30,0
1982,JEREMIAH,33,33,0
1982,JAYSON,15,15,0
1982,JASON,1665,1665,0
1982,JARROD,10,10,0
1982,JARRETT,14,14,0
1982,JARI,5,5,0
1982,JARED,78,78,0
1982,JAN,12,12,0
1982,JAMIESON,9,9,0
1982,JAMES,1290,1290,0
1982,JAMAAL,10,10,0
1982,JAKE,13,13,0
1982,JAY,66,66,0
1982,JEREMY,416,416,0
1982,JERMAINE,25,25,0
1982,JEROME,20,20,0
1982,JON-PAUL,5,5,0
1982,JONATHON,83,83,0
1982,JONATHAN,903,903,0
1982,JONAS,14,14,0
1982,JONAH,8,8,0
1982,JON,15,15,0
1982,JOHN-PAUL,15,15,0
1982,JOHNNY,28,28,0
1982,JOHNATHON,18,18,0
1982,JOHNATHAN,46,46,0
1982,JOHN,980,980,0
1982,JOHANN,5,5,0
1982,JOHAN,7,7,0
1982,JOEY,59,59,0
1982,JOESPH,7,7,0
1982,JOEL,232,232,0
1982,JOE,15,15,0
1982,JOAO,5,5,0
1982,JIMMY,32,32,0
1982,JIM,9,9,0
1982,JESS,6,6,0
1982,JERRY,37,37,0
1982,JERROD,5,5,0
1982,JORGE,10,10,0
1982,LEONARD,47,47,0
1982,DWIGHT,13,13,0
1982,DUSTIN,106,106,0
1982,BRAD,21,21,0
1982,BORIS,5,5,0
1982,BOBBY,32,32,0
1982,BLAKE,58,58,0
1982,BLAIR,73,73,0
1982,BLAINE,5,5,0
1982,BLAIN,6,6,0
1982,BILLY,15,15,0
1982,BILL,9,9,0
1982,BERNARD,21,21,0
1982,BRADEN,12,12,0
1982,BENSON,7,7,0
1982,BENJAMIN,345,345,0
1982,BEN,17,17,0
1982,BEAU,14,14,0
1982,BASIL,5,5,0
1982,BARRY,48,48,0
1982,AVI,6,6,0
1982,AVERY,5,5,0
1982,AUSTIN,15,15,0
1982,ATHANASIOS,11,11,0
1982,ASHTON,6,6,0
1982,BENOIT,17,17,0
1982,BRADFORD,5,5,0
1982,BRADLEY,447,447,0
1982,BRADLY,14,14,0
1982,BRYANT,6,6,0
1982,BRYAN,251,251,0
1982,BRUNO,23,23,0
1982,BRUCE,52,52,0
1982,BROOKS,11,11,0
1982,BROOK,6,6,0
1982,BRODY,5,5,0
1982,BRODIE,13,13,0
1982,BROCK,22,22,0
1982,BRICE,5,5,0
1982,BRIAN,594,594,0
1982,BRETT,118,118,0
1982,BRET,11,11,0
1982,BRENT,232,232,0
1982,BRENNAN,12,12,0
1982,BRENDON,13,13,0
1982,BRENDEN,8,8,0
1982,BRENDAN,102,102,0
1982,BRANT,8,8,0
1982,BRANDON,377,377,0
1982,BRANDEN,11,11,0
1982,BRANDAN,7,7,0
1982,BRADY,9,9,0
1982,ARTHUR,37,37,0
1982,BRYCE,25,25,0
1982,ARON,6,6,0
1982,ARIEL,5,5,0
1982,ALISTAIR,5,5,0
1982,ALIM,10,10,0
1982,ALI,16,16,0
1982,ALFRED,13,13,0
1982,ALEXANDROS,6,6,0
1982,ALEXANDRE,25,25,0
1982,ALEXANDER,282,282,0
1982,ALEX,21,21,0
1982,ALESSANDRO,18,18,0
1982,ALEKSANDAR,7,7,0
1982,ALLAN,105,105,0
1982,ALEJANDRO,6,6,0
1982,ALEC,7,7,0
1982,ALBERT,42,42,0
1982,ALASTAIR,9,9,0
1982,ADAM,1257,1257,0
1982,ADIL,5,5,0
1982,ADRIAN,117,117,0
1982,ADRIANO,11,11,0
1982,ADRIEN,6,6,0
1982,ALAN,111,111,0
1982,AHMED,8,8,0
1982,ALEEM,7,7,0
1982,ALLEN,40,40,0
1982,ALVIN,15,15,0
1982,ALY,5,5,0
1982,ARIC,6,6,0
1982,ARI,12,12,0
1982,ARAN,6,6,0
1982,ANTONIO,51,51,0
1982,ANTON,17,17,0
1982,ANTOINE,6,6,0
1982,ANTHONY,340,340,0
1982,ANSON,7,7,0
1982,ANIL,5,5,0
1982,ANGUS,14,14,0
1982,ANGELO,29,29,0
1982,ANDY,27,27,0
1982,ANDREW,1389,1389,0
1982,ANDRES,9,9,0
1982,ANDREI,5,5,0
1982,ANDREAS,16,16,0
1982,ANDRÉ,5,5,0
1982,ANDRE,112,112,0
1982,ANASTASIOS,5,5,0
1982,AMOS,6,6,0
1982,AMIT,22,22,0
1982,AMANDEEP,5,5,0
1982,ALYKHAN,6,6,0
1982,ARIF,5,5,0
1982,DWAYNE,65,65,0
1982,BRYDON,5,5,0
1982,BYRON,22,22,0
1982,DAVIN,9,9,0
1982,DAVIDE,11,11,0
1982,DAVID,1738,1738,0
1982,DAVE,15,15,0
1982,DARYL,65,65,0
1982,DARRYL,139,139,0
1982,DARRIN,8,8,0
1982,DARREN,142,142,0
1982,DARRELL,42,42,0
1982,DARREL,11,11,0
1982,DEAN,62,62,0
1982,D'ARCY,10,10,0
1982,DANY,6,6,0
1982,DANTE,6,6,0
1982,DANNY,80,80,0
1982,DANIELE,22,22,0
1982,DANIEL,1178,1178,0
1982,DANIAL,5,5,0
1982,DANE,8,8,0
1982,DAN,6,6,0
1982,DAMON,7,7,0
1982,DAMIEN,28,28,0
1982,DARCY,50,50,0
1982,DEMETRIOS,14,14,0
1982,DENIS,47,47,0
1982,DENNIS,96,96,0
1982,DUNCAN,30,30,0
1982,DUANE,32,32,0
1982,DREW,49,49,0
1982,DOUGLAS,158,158,0
1982,DONOVAN,8,8,0
1982,DONNY,6,6,0
1982,DONATO,5,5,0
1982,DONALD,167,167,0
1982,DOMINIC,26,26,0
1982,DOMENICO,22,22,0
1982,DOMENIC,13,13,0
1982,DINO,7,7,0
1982,DIMITRIOS,10,10,0
1982,DILLON,7,7,0
1982,DIETER,7,7,0
1982,DEVIN,40,40,0
1982,DESMOND,8,8,0
1982,DERYK,7,7,0
1982,DERRICK,53,53,0
1982,DEREK,416,416,0
1982,DERECK,7,7,0
1982,DENVER,5,5,0
1982,DENNY,8,8,0
1982,DAMIAN,21,21,0
1982,BRYON,8,8,0
1982,DALE,64,64,0
1982,CRAIG,264,264,0
1982,CHRISTIAN,96,96,0
1982,CHRIS,22,22,0
1982,CHASE,10,10,0
1982,CHARLIE,10,10,0
1982,CHARLES,209,209,0
1982,CHADWICK,14,14,0
1982,CHAD,193,193,0
1982,CEDRIC,11,11,0
1982,CECIL,7,7,0
1982,CARY,6,6,0
1982,CHRISTOPER,6,6,0
1982,CARMINE,11,11,0
1982,CARLOS,15,15,0
1982,CARLO,23,23,0
1982,CARL,64,64,0
1982,CAMERON,118,118,0
1982,CALVIN,21,21,0
1982,CALOGERO,5,5,0
1982,CALLUM,11,11,0
1982,CALEY,5,5,0
1982,CALEB,24,24,0
1982,CALE,5,5,0
1982,CARMELO,8,8,0
1982,CHRISTOPHE,5,5,0
1982,CHRISTOPHER,2363,2363,0
1982,CHRISTOS,15,15,0
1982,COSIMO,7,7,0
1982,CORY,168,168,0
1982,CORRADO,6,6,0
1982,CORNELIUS,11,11,0
1982,CONSTANTINOS,6,6,0
1982,CONSTANTINE,6,6,0
1982,CONRAD,20,20,0
1982,CONOR,17,17,0
1982,CONNOR,10,10,0
1982,COLLIN,18,18,0
1982,COLIN,211,211,0
1982,COLE,15,15,0
1982,CODY,35,35,0
1982,CLINTON,38,38,0
1982,CLINT,15,15,0
1982,CLIFTON,8,8,0
1982,CLIFFORD,22,22,0
1982,CLIFF,5,5,0
1982,CLEMENT,5,5,0
1982,CLAYTON,49,49,0
1982,CLAUDIO,11,11,0
1982,CLAUDE,15,15,0
1982,CLARENCE,11,11,0
1982,CURTIS,122,122,0
1982,AIDAN,9,9,0
1982,LEONARDO,11,11,0
1982,LEVI,15,15,0
1982,SALVATORE,30,30,0
1982,SAM,6,6,0
1982,SAMEER,9,9,0
1982,SAMI,6,6,0
1982,SAMIR,13,13,0
1982,SAMUEL,84,84,0
1982,SANDEEP,11,11,0
1982,SANDRO,10,10,0
1982,SANJAY,6,6,0
1982,SCOTT,624,624,0
1982,SCOTTY,5,5,0
1982,SEAMUS,6,6,0
1982,SEAN,532,532,0
1982,SEBASTIAN,19,19,0
1982,SACHIN,7,7,0
1982,SEBASTIEN,23,23,0
1982,SERGIO,17,17,0
1982,SETH,11,11,0
1982,SHADI,6,6,0
1982,SHANE,222,222,0
1982,SHAUN,191,191,0
1982,SHAWN,541,541,0
1982,SHAYNE,15,15,0
1982,SHELDON,34,34,0
1982,SIDNEY,5,5,0
1982,SIMON,114,114,0
1982,SKYLAR,5,5,0
1982,SOLOMON,7,7,0
1982,SONNY,6,6,0
1982,SPENCER,30,30,0
1982,SERGE,21,21,0
1982,SPIROS,5,5,0
1982,RYAN,1656,1656,0
1982,RUSSEL,5,5,0
1982,RHYS,5,5,0
1982,RICARDO,19,19,0
1982,RICCARDO,7,7,0
1982,RICHARD,582,582,0
1982,RICK,18,18,0
1982,RICKY,27,27,0
1982,RILEY,9,9,0
1982,RISHI,14,14,0
1982,ROBBIE,10,10,0
1982,ROBERT,1253,1253,0
1982,ROBERTO,41,41,0
1982,ROCCO,10,10,0
1982,ROCH,11,11,0
1982,ROCK,6,6,0
1982,RUSSELL,63,63,0
1982,ROCKY,5,5,0
1982,RODNEY,43,43,0
1982,RODRIGO,6,6,0
1982,ROGER,64,64,0
1982,ROHAN,6,6,0
1982,ROHIT,5,5,0
1982,ROLAND,17,17,0
1982,ROMAN,8,8,0
1982,RON,11,11,0
1982,RONALD,119,119,0
1982,RONNIE,6,6,0
1982,RORY,44,44,0
1982,ROSS,38,38,0
1982,ROY,39,39,0
1982,RUI,5,5,0
1982,RODERICK,14,14,0
1982,STANLEY,25,25,0
1982,STEFAN,45,45,0
1982,STEFANO,16,16,0
1982,TROY,91,91,0
1982,TYLER,413,413,0
1982,TYLOR,5,5,0
1982,TYRONE,5,5,0
1982,TYSON,35,35,0
1982,UMBERTO,5,5,0
1982,VAUGHN,10,10,0
1982,VERNON,6,6,0
1982,VICTOR,63,63,0
1982,VIKAS,7,7,0
1982,VIKRAM,8,8,0
1982,VINCE,5,5,0
1982,VINCENT,75,75,0
1982,VINCENZO,33,33,0
1982,TRISTAN,57,57,0
1982,VINH,5,5,0
1982,WADE,23,23,0
1982,WALTER,20,20,0
1982,WARREN,59,59,0
1982,WAYNE,103,103,0
1982,WESLEY,96,96,0
1982,WESTON,5,5,0
1982,WILFRED,11,11,0
1982,WILLIAM,676,676,0
1982,WILSON,8,8,0
1982,WINSTON,8,8,0
1982,YVAN,10,10,0
1982,YVES,17,17,0
1982,ZACHARIAH,8,8,0
1982,ZACHARY,83,83,0
1982,VITO,17,17,0
1982,TREVOR,349,349,0
1982,TRENT,6,6,0
1982,TRAVIS,132,132,0
1982,STEPHAN,28,28,0
1982,STEPHANE,43,43,0
1982,STEPHEN,532,532,0
1982,STEVAN,5,5,0
1982,LEROY,7,7,0
1982,STEVEN,773,773,0
1982,STEWART,23,23,0
1982,STUART,51,51,0
1982,SUNDEEP,5,5,0
1982,SUNIL,5,5,0
1982,SYED,13,13,0
1982,SYLVAIN,24,24,0
1982,TANNER,13,13,0
1982,TARIQ,7,7,0
1982,TED,6,6,0
1982,TEDDY,5,5,0
1982,TERENCE,37,37,0
1982,TONY,44,44,0
1982,TOMMY,19,19,0
1982,TOMAS,6,6,0
1982,TOM,9,9,0
1982,TODD,128,128,0
1982,TOBY,5,5,0
1982,REUBEN,14,14,0
1982,TOBIN,7,7,0
1982,TIMOTHY,456,456,0
1982,TIM,6,6,0
1982,THOMAS,467,467,0
1982,THEODORE,33,33,0
1982,TERRENCE,19,19,0
1982,TERRANCE,23,23,0
1982,TOBIAS,7,7,0
1982,RENÉ,6,6,0
1982,STEVE,55,55,0
1982,REJEAN,6,6,0
1982,MARTIN,142,142,0
1982,MARTY,5,5,0
1982,MARVIN,13,13,0
1982,MASSIMO,8,8,0
1982,MATHEW,154,154,0
1982,MATHIEU,66,66,0
1982,MATTEO,5,5,0
1982,MATTHEW,1980,1980,0
1982,MATTHIEU,7,7,0
1982,MAURICE,20,20,0
1982,MAURIZIO,5,5,0
1982,MAURO,8,8,0
1982,MAX,8,8,0
1982,MAXIME,7,7,0
1982,MARSHALL,16,16,0
1982,MAXWELL,10,10,0
1982,MERVIN,5,5,0
1982,MICAH,7,7,0
1982,MICHAEL,2819,2819,0
1982,MICHAL,5,5,0
1982,MICHEAL,131,131,0
1982,MICHEL,61,61,0
1982,MIGUEL,21,21,0
1982,MIKE,15,15,0
1982,MILAN,10,10,0
1982,MILES,10,10,0
1982,MILTON,5,5,0
1982,MITCH,6,6,0
1982,MITCHEL,5,5,0
1982,MITCHELL,75,75,0
1982,MELVIN,6,6,0
1982,MARLON,19,19,0
1982,MARKUS,11,11,0
1982,MARKO,12,12,0
1982,REMI,8,8,0
1982,LEWIS,11,11,0
1982,LIAM,35,35,0
1982,LINCOLN,5,5,0
1982,LIONEL,7,7,0
1982,LLOYD,17,17,0
1982,LOGAN,14,14,0
1982,LOREN,5,5,0
1982,LORENZO,9,9,0
1982,LORNE,11,11,0
1982,LOUIE,5,5,0
1982,LOUIS,46,46,0
1982,LUC,57,57,0
1982,LUCA,14,14,0
1982,LUCAS,111,111,0
1982,LUCIANO,5,5,0
1982,LUIGI,11,11,0
1982,MARK,821,821,0
1982,MARIO,47,47,0
1982,MARCUS,50,50,0
1982,MARCO,100,100,0
1982,MARCELLO,12,12,0
1982,MARCEL,32,32,0
1982,MOHAMED,14,14,0
1982,MARC-ANDRE,20,20,0
1982,MANUEL,12,12,0
1982,MALCOLM,21,21,0
1982,LYLE,16,16,0
1982,LUKE,116,116,0
1982,LUKAS,6,6,0
1982,LUIS,11,11,0
1982,MARC,236,236,0
1982,MOHAMMAD,10,10,0
1982,ALAIN,55,55,0
1982,MOHIT,5,5,0
1982,PAUL,657,657,0
1982,PAULO,12,12,0
1982,PEDRO,10,10,0
1982,PERCY,5,5,0
1982,PERRY,8,8,0
1982,PETER,432,432,0
1982,PHILIP,226,226,0
1982,PHILIPPE,52,52,0
1982,PHILLIP,97,97,0
1982,PHILLIPPE,5,5,0
1982,PIERRE,43,43,0
1982,PIERRE-LUC,5,5,0
1982,PIETRO,13,13,0
1982,PRESTON,9,9,0
1982,QUENTIN,8,8,0
1982,RAFFAELE,6,6,0
1982,RAFFI,6,6,0
1982,MOHAMMED,6,6,0
1982,REID,15,15,0
1982,REGINALD,16,16,0
1982,RAYMOND,137,137,0
1982,RAY,5,5,0
1982,RAVINDER,5,5,0
1982,PATRICK,442,442,0
1982,RAPHAEL,7,7,0
1982,RANDOLPH,5,5,0
1982,RANDALL,15,15,0
1982,RANDAL,7,7,0
1982,RALPH,6,6,0
1982,RAJESH,5,5,0
1982,RAHIM,10,10,0
1982,RANDY,89,89,0
1982,PATRICE,5,5,0
1982,QUINN,7,7,0
1982,PASQUALE,11,11,0
1982,NICKOLAS,10,10,0
1982,NICK,13,13,0
1982,NICHOLAS,528,528,0
1982,NEVIN,5,5,0
1982,NELSON,57,57,0
1982,NEAL,21,21,0
1982,NICOLAS,36,36,0
1982,NATHANIEL,81,81,0
1982,NATHAN,306,306,0
1982,MYLES,22,22,0
1982,MURRAY,24,24,0
1982,PASQUALINO,6,6,0
1982,MOSES,8,8,0
1982,MOSHE,5,5,0
1982,NATHANAEL,11,11,0
1982,NIGEL,33,33,0
1982,NEIL,161,161,0
1982,NIKOLA,11,11,0
1982,PASCAL,7,7,0
1982,PAOLO,33,33,0
1982,OWEN,39,39,0
1982,OSCAR,9,9,0
1982,OMAR,23,23,0
1982,OLIVIER,8,8,0
1982,OLIVER,32,32,0
1982,PANAGIOTIS,10,10,0
1982,NOLAN,13,13,0
1982,NOEL,24,24,0
1982,NOAH,45,45,0
1982,NIKOLAS,5,5,0
1982,NORMAN,37,37,0
1982,NIKOLAOS,5,5,0
1983,CALE,13,13,0
1983,CALEB,34,34,0
1983,CALLUM,5,5,0
1983,CALVIN,30,30,0
1983,CAMERON,139,139,0
1983,CAREY,6,6,0
1983,CARL,60,60,0
1983,CARMELO,8,8,0
1983,CARLOS,23,23,0
1983,CARMINE,7,7,0
1983,CARSON,15,15,0
1983,CHADWICK,14,14,0
1983,CEDRIC,9,9,0
1983,CHAD,213,213,0
1983,CARLO,15,15,0
1983,CAL,5,5,0
1983,BRENDON,15,15,0
1983,BRYON,13,13,0
1983,CHARLES,212,212,0
1983,BRENDAN,124,124,0
1983,BRENDEN,10,10,0
1983,BRENNAN,17,17,0
1983,BRENT,190,190,0
1983,BRETT,95,95,0
1983,BRIAN,698,698,0
1983,BROCK,29,29,0
1983,BRODIE,17,17,0
1983,BROOKS,7,7,0
1983,BRUCE,57,57,0
1983,BRUNO,21,21,0
1983,BRYAN,262,262,0
1983,BRYANT,6,6,0
1983,BRYCE,33,33,0
1983,BYRON,47,47,0
1983,CHARLIE,7,7,0
1983,CYRUS,6,6,0
1983,CHESTER,5,5,0
1983,CONNOR,17,17,0
1983,CONOR,15,15,0
1983,CONRAD,26,26,0
1983,CONSTANTINE,6,6,0
1983,CORNELIUS,8,8,0
1983,CORRY,5,5,0
1983,CORY,186,186,0
1983,CRAIG,282,282,0
1983,CURT,7,7,0
1983,CURTIS,126,126,0
1983,BRANT,10,10,0
1983,DALE,41,41,0
1983,DALLAS,9,9,0
1983,DALTON,5,5,0
1983,DAMIAN,12,12,0
1983,COLT,6,6,0
1983,CHASE,26,26,0
1983,COLLIN,20,20,0
1983,COLE,48,48,0
1983,CHRIS,16,16,0
1983,CHRISTIAN,93,93,0
1983,CHRISTIEN,5,5,0
1983,CHRISTOPHER,2388,2388,0
1983,CHRISTOS,5,5,0
1983,CLARENCE,11,11,0
1983,CLARK,9,9,0
1983,CLAUDE,23,23,0
1983,CLAUDIO,10,10,0
1983,CLAYTON,58,58,0
1983,CLIFF,6,6,0
1983,CLIFFORD,28,28,0
1983,CLINT,10,10,0
1983,CLINTON,34,34,0
1983,CODY,37,37,0
1983,COLIN,237,237,0
1983,BRANDON,446,446,0
1983,ANDY,23,23,0
1983,BRADY,10,10,0
1983,ALESSANDRO,17,17,0
1983,ALEX,41,41,0
1983,ALEXANDER,332,332,0
1983,ALEXANDRE,34,34,0
1983,ALFRED,7,7,0
1983,ALI,19,19,0
1983,ALIM,7,7,0
1983,ALLAN,93,93,0
1983,ALLEN,45,45,0
1983,ALVIN,20,20,0
1983,ALY,6,6,0
1983,AMANDEEP,5,5,0
1983,AMAR,5,5,0
1983,AMIR,8,8,0
1983,AMIT,23,23,0
1983,ALEKSANDAR,11,11,0
1983,AMOS,6,6,0
1983,ALEC,6,6,0
1983,ALAN,109,109,0
1983,AARON,497,497,0
1983,ABDUL,6,6,0
1983,ABRAHAM,18,18,0
1983,ADAM,1404,1404,0
1983,ADAMO,6,6,0
1983,ADIL,8,8,0
1983,ADRIAN,145,145,0
1983,ADRIEN,8,8,0
1983,AHMAD,9,9,0
1983,AHMED,8,8,0
1983,AIDAN,12,12,0
1983,AIDEN,6,6,0
1983,AJAY,5,5,0
1983,AKEEM,5,5,0
1983,ALAIN,47,47,0
1983,ALBERT,48,48,0
1983,BRANDEN,15,15,0
1983,ANAND,8,8,0
1983,ANDRÉ,5,5,0
1983,BARRY,52,52,0
1983,BEAU,6,6,0
1983,BEN,10,10,0
1983,BENJAMIN,347,347,0
1983,BENOIT,22,22,0
1983,BERNARD,19,19,0
1983,BILL,7,7,0
1983,BILLY,15,15,0
1983,BLAINE,9,9,0
1983,BLAKE,93,93,0
1983,BOBBY,17,17,0
1983,BRAD,17,17,0
1983,BRADEN,14,14,0
1983,BRADLEY,501,501,0
1983,BRADLY,11,11,0
1983,AUSTIN,9,9,0
1983,ANDRE,143,143,0
1983,AUBREY,8,8,0
1983,ARUN,5,5,0
1983,ANDREAS,14,14,0
1983,ANDRES,7,7,0
1983,ANDREW,1621,1621,0
1983,ANGELO,36,36,0
1983,ANIL,10,10,0
1983,ANTHONY,369,369,0
1983,ANTOINE,11,11,0
1983,ANTON,7,7,0
1983,ANTONINO,7,7,0
1983,ANTONIO,62,62,0
1983,ANTONY,13,13,0
1983,ARI,9,9,0
1983,ARNOLD,7,7,0
1983,ARON,11,11,0
1983,ARTHUR,46,46,0
1983,ATHANASIOS,7,7,0
1983,ADRIANO,11,11,0
1983,DANE,39,39,0
1983,ABBY,16,0,16
1983,MALLORY,18,0,18
1983,MANDEEP,13,7,6
1983,MANDI,6,0,6
1983,MANDY,50,0,50
1983,MANON,7,0,7
1983,MARA,7,0,7
1983,MARCELLA,10,0,10
1983,MARCIA,20,0,20
1983,MARCIE,8,0,8
1983,MARCY,12,0,12
1983,MAGGIE,18,0,18
1983,MARGARET,122,0,122
1983,MARIAM,6,0,6
1983,MARIAN,10,0,10
1983,MARIANA,7,0,7
1983,MARIANNA,7,0,7
1983,MARIANNE,34,0,34
1983,MARIE,534,0,534
1983,MARIE-CLAUDE,10,0,10
1983,MARIE-EVE,17,0,17
1983,MARIE-FRANCE,7,0,7
1983,MARIE-JOSEE,10,0,10
1983,MARIA,194,0,194
1983,MARIKA,8,0,8
1983,MAEGAN,8,0,8
1983,MADELEINE,9,0,9
1983,LIZA,10,0,10
1983,LONI,7,0,7
1983,LORETTA,14,0,14
1983,LORI,67,0,67
1983,LORI-ANN,9,0,9
1983,LORRAINE,29,0,29
1983,LOUISA,9,0,9
1983,LOUISE,30,0,30
1983,LUCIA,10,0,10
1983,LUCIE,7,0,7
1983,MADELINE,12,0,12
1983,LUCILLE,6,0,6
1983,LUISA,10,0,10
1983,LYDIA,30,0,30
1983,LYNDA,16,0,16
1983,LYNDSAY,56,0,56
1983,LYNDSEY,43,0,43
1983,LYNN,33,0,33
1983,LYNNE,12,0,12
1983,LYNSEY,8,0,8
1983,MACKENZIE,19,13,6
1983,MADELAINE,7,0,7
1983,LUCY,14,0,14
1983,MARILYN,14,0,14
1983,MARINA,14,0,14
1983,MARION,13,0,13
1983,MELISSA,1333,0,1333
1983,MELLISSA,14,0,14
1983,MELODIE,8,0,8
1983,MELODY,28,0,28
1983,MEREDITH,51,0,51
1983,MICHELE,61,14,47
1983,MICHELLE,879,0,879
1983,MILENA,6,0,6
1983,MINA,8,0,8
1983,MINDY,15,0,15
1983,MELISA,19,0,19
1983,MIRA,10,0,10
1983,MIREILLE,8,0,8
1983,MIRIAM,20,0,20
1983,MISTY,25,0,25
1983,MOLLY,12,0,12
1983,MONA,15,0,15
1983,MONICA,113,0,113
1983,MONIKA,13,0,13
1983,MONIQUE,64,0,64
1983,MORGAN,72,20,52
1983,MYRIAM,7,0,7
1983,MIRANDA,97,0,97
1983,MELINDA,59,0,59
1983,MELANIE,461,0,461
1983,MEGHANN,17,0,17
1983,MARISA,23,0,23
1983,MARISSA,29,0,29
1983,MARJORIE,8,0,8
1983,MARLA,8,0,8
1983,MARLENA,8,0,8
1983,MARLENE,27,0,27
1983,MARNIE,8,0,8
1983,MARSHA,18,0,18
1983,MARTA,9,0,9
1983,MARTHA,29,0,29
1983,MARTINA,13,0,13
1983,MARTINE,18,0,18
1983,MARY,274,0,274
1983,MARY-ANNE,7,0,7
1983,MARYANN,8,0,8
1983,MARYANNE,10,0,10
1983,MAUREEN,29,0,29
1983,MAXINE,15,0,15
1983,MAYA,18,0,18
1983,MEAGAN,60,0,60
1983,MEAGHAN,117,0,117
1983,MEGAN,328,0,328
1983,MEGHAN,227,0,227
1983,LISSA,6,0,6
1983,MÉLANIE,12,0,12
1983,LISE,11,0,11
1983,LISA,723,0,723
1983,KENDALL,6,0,6
1983,KENDRA,53,0,53
1983,KERI,26,0,26
1983,KERRI,56,0,56
1983,KERRY,53,12,41
1983,KIM,28,0,28
1983,KIMBERLEE,7,0,7
1983,KIMBERLEY,126,0,126
1983,KIMBERLY,335,0,335
1983,KIRA,28,0,28
1983,KELSEY,19,0,19
1983,KIRAN,8,0,8
1983,KIRSTEN,29,0,29
1983,KIRSTIN,7,0,7
1983,KRISTA,190,0,190
1983,KRISTAL,23,0,23
1983,KRISTAN,9,0,9
1983,KRISTEL,8,0,8
1983,KRISTEN,276,0,276
1983,KRISTI,24,0,24
1983,KRISTIE,22,0,22
1983,KRISTIN,202,0,202
1983,KIRBY,21,5,16
1983,KRISTINA,131,0,131
1983,KELLY-ANNE,7,0,7
1983,KELLY,461,22,439
1983,KARLY,7,0,7
1983,KARRIE,9,0,9
1983,KATARINA,6,0,6
1983,KATE,34,0,34
1983,KATELYN,28,0,28
1983,KATERINA,8,0,8
1983,KATHARINA,10,0,10
1983,KATHARINE,47,0,47
1983,KATHERINE,426,0,426
1983,KATHLEEN,238,0,238
1983,KELLY-ANN,7,0,7
1983,KATHRINE,9,0,9
1983,KATHY,26,0,26
1983,KATI,6,0,6
1983,KATIE,169,0,169
1983,KATRINA,99,0,99
1983,KATY,14,0,14
1983,KAYLA,86,0,86
1983,KEIRA,8,0,8
1983,KELLEY,7,0,7
1983,KELLI,15,0,15
1983,KELLIE,9,0,9
1983,KATHRYN,261,0,261
1983,KRISTINE,61,0,61
1983,KRISTY,124,0,124
1983,KRISTYN,23,0,23
1983,LEE-ANNE,19,0,19
1983,LEEANNE,8,0,8
1983,LEIGH,48,9,39
1983,LEIGH-ANNE,9,0,9
1983,LEILA,10,0,10
1983,LENA,13,0,13
1983,LEONA,10,0,10
1983,LESLEY,110,0,110
1983,LESLEY-ANNE,8,0,8
1983,LESLIE,127,25,102
1983,LEE-ANN,13,0,13
1983,LIA,11,0,11
1983,LIANE,9,0,9
1983,LIANNE,28,0,28
1983,LIDIA,7,0,7
1983,LILLIAN,16,0,16
1983,LILY,20,0,20
1983,LINA,13,0,13
1983,LINDA,105,0,105
1983,LINDSAY,660,0,660
1983,LINDSEY,193,0,193
1983,LINDY,9,0,9
1983,LIANA,15,0,15
1983,LEE,129,101,28
1983,LEANNE,85,0,85
1983,LEANNA,9,0,9
1983,KRYSTA,14,0,14
1983,KRYSTAL,185,0,185
1983,KRYSTEL,6,0,6
1983,KRYSTEN,12,0,12
1983,KRYSTIN,6,0,6
1983,KRYSTINA,6,0,6
1983,KRYSTLE,65,0,65
1983,KRYSTYNA,9,0,9
1983,KYLA,37,0,37
1983,KYLEE,9,0,9
1983,KYLIE,19,0,19
1983,LACEY,56,0,56
1983,LAILA,7,0,7
1983,LANA,25,0,25
1983,LARA,33,0,33
1983,LARISSA,21,0,21
1983,LATOYA,9,0,9
1983,LAURA,852,0,852
1983,LAUREL,14,0,14
1983,LAUREN,356,0,356
1983,LAURIE,73,5,68
1983,LEAH,126,0,126
1983,LEANN,6,0,6
1983,LISA-MARIE,12,0,12
1983,KARLA,22,0,22
1983,NADIA,88,0,88
1983,NANCY,105,0,105
1983,SUSIE,9,0,9
1983,SUZANNE,68,0,68
1983,SYLVIA,39,0,39
1983,SYLVIE,35,0,35
1983,TABATHA,13,0,13
1983,TABITHA,41,0,41
1983,TALIA,12,0,12
1983,TAMAR,6,0,6
1983,TAMARA,101,0,101
1983,TAMI,10,0,10
1983,SUSANNE,6,0,6
1983,TAMMIE,8,0,8
1983,TAMRA,7,0,7
1983,TANIA,83,0,83
1983,TANISHA,7,0,7
1983,TANYA,252,0,252
1983,TARA,313,0,313
1983,TARA-LYNN,10,0,10
1983,TARAH,10,0,10
1983,TARYN,28,0,28
1983,TASHA,50,0,50
1983,TATIANA,7,0,7
1983,TAMMY,117,0,117
1983,TAWNYA,9,0,9
1983,SUSANNAH,6,0,6
1983,SUSANA,8,0,8
1983,SILVIA,11,0,11
1983,SIMONA,6,0,6
1983,SIMONE,29,0,29
1983,SIOBHAN,21,0,21
1983,SKYE,8,0,8
1983,SOFIA,14,0,14
1983,SONIA,69,0,69
1983,SONJA,15,0,15
1983,SONYA,38,0,38
1983,SOPHIA,52,0,52
1983,SUSANNA,8,0,8
1983,SOPHIE,41,0,41
1983,STACIE,17,0,17
1983,STACY,85,0,85
1983,STARR,6,0,6
1983,STEFANIA,15,0,15
1983,STEFANIE,146,0,146
1983,STELLA,7,0,7
1983,STEPHANIE,1049,0,1049
1983,STEPHENIE,9,0,9
1983,SUMMER,8,0,8
1983,SUSAN,129,0,129
1983,STACEY,238,0,238
1983,TAYLOR,63,46,17
1983,TENISHA,8,0,8
1983,TERA,11,0,11
1983,TRISTA,23,0,23
1983,TRUDY,9,0,9
1983,URSULA,8,0,8
1983,VALERIE,149,0,149
1983,VANESSA,196,0,196
1983,VERA,9,0,9
1983,VERONICA,58,0,58
1983,VERONIQUE,21,0,21
1983,VICKI,23,0,23
1983,VICKY,10,0,10
1983,TRISHA,52,0,52
1983,VICTORIA,235,0,235
1983,VIRGINIA,35,0,35
1983,VITTORIA,7,0,7
1983,VIVIAN,16,0,16
1983,WENDY,42,0,42
1983,WHITNEY,20,0,20
1983,YOLANDA,14,0,14
1983,YVETTE,7,0,7
1983,YVONNE,36,0,36
1983,ZAHRA,10,0,10
1983,ZOE,14,0,14
1983,VIOLET,6,0,6
1983,TRINA,15,0,15
1983,TRICIA,23,0,23
1983,TRACY,134,0,134
1983,TERESA,90,0,90
1983,TERI,25,0,25
1983,TERRA,27,0,27
1983,TERRI,44,0,44
1983,TERRI-LYNN,10,0,10
1983,TERRY,82,76,6
1983,TESS,6,0,6
1983,TESSA,18,0,18
1983,THEA,8,0,8
1983,THERESA,74,0,74
1983,THERESE,8,0,8
1983,TIA,8,0,8
1983,TIANA,7,0,7
1983,TIFFANIE,7,0,7
1983,TIFFANY,246,0,246
1983,TINA,137,0,137
1983,TIZIANA,7,0,7
1983,TONI,18,0,18
1983,TONIA,8,0,8
1983,TONYA,28,0,28
1983,TRACEY,47,0,47
1983,TRACI,6,0,6
1983,TRACIE,6,0,6
1983,SHONA,11,0,11
1983,NADINE,58,0,58
1983,SHIRLEY,17,0,17
1983,SHERRY-LYNN,6,0,6
1983,PAULINE,20,0,20
1983,PEGGY,6,0,6
1983,PENNY,16,0,16
1983,PRISCILLA,28,0,28
1983,PRIYA,14,0,14
1983,RACHAEL,40,0,40
1983,RACHEL,389,0,389
1983,RACHELLE,44,0,44
1983,RACQUEL,6,0,6
1983,RANDI,20,0,20
1983,PAULA,48,0,48
1983,RAQUEL,12,0,12
1983,REBEKAH,25,0,25
1983,REENA,17,0,17
1983,RENA,11,0,11
1983,RENATA,8,0,8
1983,RENE,23,13,10
1983,RENEE,136,0,136
1983,RENÉE,15,0,15
1983,RHIANNON,8,0,8
1983,RHONDA,26,0,26
1983,RICHELLE,8,0,8
1983,REBECCA,504,0,504
1983,RINA,6,0,6
1983,PATRIZIA,8,0,8
1983,PASCALE,9,0,9
1983,NAOMI,47,0,47
1983,NATACHA,6,0,6
1983,NATALIA,10,0,10
1983,NATALIE,441,0,441
1983,NATASHA,240,0,240
1983,NATHALIE,43,0,43
1983,NAVNEET,8,0,8
1983,NEHA,7,0,7
1983,NICHOLE,31,0,31
1983,NICOLA,35,19,16
1983,PATRICIA,213,0,213
1983,NICOLE,825,0,825
1983,NIKI,6,0,6
1983,NIKKI,16,0,16
1983,NINA,43,0,43
1983,NISHA,8,0,8
1983,NOELLE,8,0,8
1983,NORA,8,0,8
1983,OLIVIA,47,0,47
1983,PAIGE,22,0,22
1983,PAMELA,215,0,215
1983,PANAGIOTA,7,0,7
1983,NICOLETTE,10,0,10
1983,RITA,29,0,29
1983,ROBERTA,12,0,12
1983,ROBIN,150,46,104
1983,SHANDA,6,0,6
1983,SHANNA,32,0,32
1983,SHANNON,549,12,537
1983,SHANTEL,7,0,7
1983,SHANTELLE,6,0,6
1983,SHARI,13,0,13
1983,SHARON,69,0,69
1983,SHAUNA,57,0,57
1983,SHAWNA,89,0,89
1983,SHAYLA,6,0,6
1983,SHANA,12,0,12
1983,SHAYNA,11,0,11
1983,SHEILA,28,0,28
1983,SHELBY,12,0,12
1983,SHELLEY,44,0,44
1983,SHELLY,18,0,18
1983,SHERI,33,0,33
1983,SHERIE,6,0,6
1983,SHERISSE,7,0,7
1983,SHERRI,32,0,32
1983,SHERRIE,6,0,6
1983,SHERRY,44,0,44
1983,SHEENA,118,0,118
1983,SERENA,30,0,30
1983,SELINA,9,0,9
1983,SELENA,15,0,15
1983,ROBYN,94,0,94
1983,ROCHELLE,24,0,24
1983,ROSA,19,0,19
1983,ROSANNA,21,0,21
1983,ROSANNE,11,0,11
1983,ROSE,23,0,23
1983,ROSEANNE,6,0,6
1983,ROSEMARIE,8,0,8
1983,ROSEMARY,24,0,24
1983,ROXANNE,49,0,49
1983,RUBY,6,0,6
1983,RUTH,36,0,36
1983,SABRINA,160,0,160
1983,SACHA,16,8,8
1983,SALLY,17,0,17
1983,SAMANTHA,300,0,300
1983,SANDI,6,0,6
1983,SANDRA,145,0,145
1983,SANDY,28,6,22
1983,SARA,339,0,339
1983,SARAH,1496,0,1496
1983,SASHA,34,13,21
1983,SEEMA,13,0,13
1983,SHERYL,11,0,11
1983,DAMIEN,29,29,0
1983,KARINE,19,0,19
1983,KARIN,13,0,13
1983,CARLING,8,0,8
1983,CARLY,82,0,82
1983,CARMELA,12,0,12
1983,CARMEN,37,9,28
1983,CAROL,32,0,32
1983,CAROLE,11,0,11
1983,CAROLINA,6,0,6
1983,CAROLINE,98,0,98
1983,CAROLYN,124,0,124
1983,CAROLYNNE,6,0,6
1983,CARLIE,8,0,8
1983,CARRIE,133,0,133
1983,CASEY,86,46,40
1983,CASSANDRA,144,0,144
1983,CASSIE,11,0,11
1983,CATERINA,12,0,12
1983,CATHARINE,9,0,9
1983,CATHERINE,242,0,242
1983,CATHY,16,0,16
1983,CELESTE,11,0,11
1983,CELIA,16,0,16
1983,CELINA,10,0,10
1983,CASANDRA,6,0,6
1983,CELINE,20,0,20
1983,CARLEY,8,0,8
1983,CARISSA,17,0,17
1983,BREANNE,27,0,27
1983,BRENDA,56,0,56
1983,BRENNA,15,0,15
1983,BRIANA,10,0,10
1983,BRIANNA,28,0,28
1983,BRIANNE,51,0,51
1983,BRIDGET,25,0,25
1983,BRIGITTE,24,0,24
1983,BRITTANY,28,0,28
1983,BRONWEN,9,0,9
1983,CARLA,64,0,64
1983,BRONWYN,16,0,16
1983,BRYNN,8,0,8
1983,CAITLIN,129,0,129
1983,CALEY,9,0,9
1983,CALLIE,7,0,7
1983,CAMILLA,8,0,8
1983,CAMILLE,29,0,29
1983,CANDACE,136,0,136
1983,CANDICE,207,0,207
1983,CANDIS,6,0,6
1983,CARA,56,0,56
1983,BROOKE,48,0,48
1983,CHANDRA,6,0,6
1983,CHANELLE,8,0,8
1983,CHANTAL,138,0,138
1983,CLAIRE,49,0,49
1983,CLARA,11,0,11
1983,CLARE,19,0,19
1983,CLARISSA,8,0,8
1983,CLAUDIA,23,0,23
1983,COLETTE,10,0,10
1983,COLLEEN,87,0,87
1983,CONCETTA,6,0,6
1983,CONNIE,23,0,23
1983,CONSTANCE,13,0,13
1983,CINDY,99,0,99
1983,CORA,6,0,6
1983,CORINA,7,0,7
1983,CORINNE,13,0,13
1983,CORRINA,6,0,6
1983,CORRINE,7,0,7
1983,CORTNEY,6,0,6
1983,COURTNEY,234,13,221
1983,CRISTA,6,0,6
1983,CRISTAL,9,0,9
1983,CRISTINA,67,0,67
1983,CRISTY,6,0,6
1983,COREY,126,120,6
1983,CIARA,6,0,6
1983,CHRYSTAL,31,0,31
1983,CHRISTY,25,0,25
1983,CHANTALE,24,0,24
1983,CHANTALLE,6,0,6
1983,CHANTEL,43,0,43
1983,CHANTELL,8,0,8
1983,CHANTELLE,73,0,73
1983,CHARITY,14,0,14
1983,CHARLENE,76,0,76
1983,CHARLOTTE,48,0,48
1983,CHARMAINE,16,0,16
1983,CHELSEA,64,0,64
1983,CHELSEY,18,0,18
1983,CHELSIE,6,0,6
1983,CHERIE,8,0,8
1983,CHERYL,164,0,164
1983,CHLOE,17,0,17
1983,CHRISTA,34,0,34
1983,CHRISTAL,7,0,7
1983,CHRISTEL,6,0,6
1983,CHRISTEN,6,0,6
1983,CHRISTIANE,7,0,7
1983,CHRISTIE,26,0,26
1983,CHRISTINA,431,0,431
1983,CHRISTINE,458,0,458
1983,BREANNA,9,0,9
1983,CRYSTAL,659,0,659
1983,BRANDY,55,0,55
1983,BRANDI,41,0,41
1983,ALIYA,14,0,14
1983,ALLISON,187,0,187
1983,ALLYSON,9,0,9
1983,ALYSHA,15,0,15
1983,ALYSON,26,0,26
1983,ALYSSA,41,0,41
1983,AMANDA,1374,0,1374
1983,AMBER,218,0,218
1983,AMBER-LEE,7,0,7
1983,AMELIA,33,0,33
1983,ALISSA,11,0,11
1983,AMELIE,6,0,6
1983,AMY,572,0,572
1983,ANA,16,0,16
1983,ANASTASIA,27,0,27
1983,ANDREA,537,9,528
1983,ANDRIA,13,0,13
1983,ANGEL,24,0,24
1983,ANGELA,440,0,440
1983,ANGELE,22,0,22
1983,ANGELINA,9,0,9
1983,ANGELINE,8,0,8
1983,AMIE,19,0,19
1983,ANGELIQUE,13,0,13
1983,ALISON,142,0,142
1983,ALISA,9,0,9
1983,ABIGAIL,24,0,24
1983,ADELE,13,0,13
1983,ADRIA,6,0,6
1983,ADRIANA,31,0,31
1983,ADRIANNA,11,0,11
1983,ADRIENNE,79,0,79
1983,AILEEN,13,0,13
1983,AIMEE,75,0,75
1983,AINSLEY,15,0,15
1983,AISHA,12,0,12
1983,ALISHA,52,0,52
1983,ALAINA,12,0,12
1983,ALANNA,37,0,37
1983,ALESSANDRA,12,0,12
1983,ALEXA,8,0,8
1983,ALEXANDRA,142,0,142
1983,ALEXANDRIA,15,0,15
1983,ALEXIS,88,0,88
1983,ALIA,9,0,9
1983,ALICE,27,0,27
1983,ALICIA,218,0,218
1983,ALINE,8,0,8
1983,ALANA,62,0,62
1983,ANGIE,23,0,23
1983,ANIK,7,0,7
1983,ANITA,51,0,51
1983,AUDREY,19,0,19
1983,AUTUMN,11,0,11
1983,AVA,8,0,8
1983,AYESHA,7,0,7
1983,BABY,71,39,32
1983,BAILEY,11,0,11
1983,BARBARA,56,0,56
1983,BEATRICE,9,0,9
1983,BECKY,19,0,19
1983,BELINDA,15,0,15
1983,ATHENA,7,0,7
1983,BERNADETTE,10,0,10
1983,BETHANY,44,0,44
1983,BETTY,9,0,9
1983,BEVERLEY,8,0,8
1983,BEVERLY,21,0,21
1983,BIANCA,24,0,24
1983,BLAIR,76,62,14
1983,BOBBI,12,0,12
1983,BOBBIE,9,0,9
1983,BOBBIE-JO,6,0,6
1983,BONNIE,59,0,59
1983,BETH,30,0,30
1983,ASMA,6,0,6
1983,ASHLYN,6,0,6
1983,ASHLY,10,0,10
1983,ANN,35,0,35
1983,ANN-MARIE,7,0,7
1983,ANNA,162,0,162
1983,ANNE,106,0,106
1983,ANNE-MARIE,20,0,20
1983,ANNEMARIE,8,0,8
1983,ANNETTE,24,0,24
1983,ANNICK,7,0,7
1983,ANNIE,50,0,50
1983,ANNIK,6,0,6
1983,ANTOINETTE,11,0,11
1983,ANTONELLA,26,0,26
1983,ANTONIA,12,0,12
1983,APRIL,149,0,149
1983,ARIANE,6,0,6
1983,ARIANNA,6,0,6
1983,ARIEL,9,0,9
1983,ARLENE,9,0,9
1983,ASHLEA,7,0,7
1983,ASHLEE,60,0,60
1983,ASHLEIGH,148,0,148
1983,ASHLEY,1642,23,1619
1983,ASHLIE,9,0,9
1983,BRANDIE,14,0,14
1983,KARINA,12,0,12
1983,CRYSTAL-LYNN,6,0,6
1983,DAISY,6,0,6
1983,JAMIE-LYNN,7,0,7
1983,JANA,20,0,20
1983,JANE,42,0,42
1983,JANELLE,29,0,29
1983,JANET,62,0,62
1983,JANETTE,10,0,10
1983,JANICE,53,0,53
1983,JANINE,27,0,27
1983,JANIS,11,0,11
1983,JANNA,11,0,11
1983,JAMIE-LEE,7,0,7
1983,JASMIN,10,0,10
1983,JAYME,7,0,7
1983,JAYNE,8,0,8
1983,JEAN,61,47,14
1983,JEANETTE,27,0,27
1983,JEANINE,14,0,14
1983,JEANNE,7,0,7
1983,JEANNETTE,8,0,8
1983,JEANNINE,7,0,7
1983,JENA,6,0,6
1983,JENELLE,15,0,15
1983,JASMINE,47,0,47
1983,JENIFER,17,0,17
1983,JAMIE,317,180,137
1983,JAIMIE,11,0,11
1983,HEIDI,67,0,67
1983,HELEN,41,0,41
1983,HELENA,17,0,17
1983,HELENE,6,0,6
1983,HILARY,33,0,33
1983,HILLARY,13,0,13
1983,HOLLIE,23,0,23
1983,HOLLY,255,0,255
1983,HOPE,6,0,6
1983,INGRID,12,0,12
1983,JAMI,8,0,8
1983,IRENE,22,0,22
1983,ISABEL,9,0,9
1983,ISABELLA,8,0,8
1983,ISABELLE,41,0,41
1983,JACKIE,10,0,10
1983,JACKLYN,17,0,17
1983,JACLYN,140,0,140
1983,JACQUELINE,260,0,260
1983,JACQUELYN,30,0,30
1983,JADE,21,0,21
1983,JAIME,67,7,60
1983,IRIS,7,0,7
1983,JENILEE,6,0,6
1983,JENNA,62,0,62
1983,JENNIE,24,0,24
1983,JOY,11,0,11
1983,JOYCE,23,0,23
1983,JUDITH,15,0,15
1983,JUDY,18,0,18
1983,JULIA,244,0,244
1983,JULIANA,8,0,8
1983,JULIANNA,11,0,11
1983,JULIANNE,12,0,12
1983,JULIE,433,0,433
1983,JULIE-ANN,6,0,6
1983,JOSÉE,11,0,11
1983,JULIE-ANNE,6,0,6
1983,JUSTINE,39,0,39
1983,KAILA,10,0,10
1983,KAILEY,10,0,10
1983,KAITLIN,33,0,33
1983,KAITLYN,18,0,18
1983,KALEENA,6,0,6
1983,KALEY,6,0,6
1983,KARA,52,0,52
1983,KAREN,254,0,254
1983,KARI,29,0,29
1983,JUNE,7,0,7
1983,JOSIE,6,0,6
1983,JOSEPHINE,30,0,30
1983,JOSEE,49,0,49
1983,JENNIFER,2473,0,2473
1983,JENNY,108,0,108
1983,JESSICA,1215,0,1215
1983,JESSIE,66,24,42
1983,JILL,58,0,58
1983,JILLIAN,117,0,117
1983,JO-ANNE,6,0,6
1983,JOAN,12,0,12
1983,JOANNA,118,0,118
1983,JOANNE,85,0,85
1983,JOCELYN,64,0,64
1983,JOCELYNE,8,0,8
1983,JODI,83,0,83
1983,JODIE,36,0,36
1983,JODY,62,12,50
1983,JOELLE,9,0,9
1983,JOHANNA,36,0,36
1983,JOHANNE,6,0,6
1983,JOLENE,39,0,39
1983,JONI,6,0,6
1983,JORDAN,400,374,26
1983,JORDANA,17,0,17
1983,JORDANNA,10,0,10
1983,HEATHER,647,0,647
1983,CYNTHIA,102,0,102
1983,HAZEL,6,0,6
1983,HANNAH,42,0,42
1983,DIANNA,15,0,15
1983,DIANNE,26,0,26
1983,DINA,17,0,17
1983,DOMINIQUE,22,0,22
1983,DONNA,42,0,42
1983,DOROTHY,13,0,13
1983,EDEN,6,0,6
1983,EILEEN,11,0,11
1983,ELAINA,8,0,8
1983,ELAINE,43,0,43
1983,DIANE,93,0,93
1983,ELANA,6,0,6
1983,ELENA,18,0,18
1983,ELENI,6,0,6
1983,ELICIA,7,0,7
1983,ELISA,25,0,25
1983,ELISABETH,34,0,34
1983,ELISE,20,0,20
1983,ELISHA,22,0,22
1983,ELISSA,16,0,16
1983,ELIZABETH,443,0,443
1983,ELLEN,25,0,25
1983,ELEANOR,10,0,10
1983,ELSPETH,7,0,7
1983,DIANA,170,0,170
1983,DESIREE,22,0,22
1983,DALIA,8,0,8
1983,DANA,138,12,126
1983,DANICA,9,0,9
1983,DAN,5,5,0
1983,DANIELLA,24,0,24
1983,DANIELLE,456,0,456
1983,DAPHNE,7,0,7
1983,DARA,10,0,10
1983,DARCIE,6,0,6
1983,DARCY,46,38,8
1983,DEVON,105,75,30
1983,DARLENE,30,0,30
1983,DAYNA,28,0,28
1983,DEANNA,92,0,92
1983,DEANNE,8,0,8
1983,DEBBIE,21,0,21
1983,DEBORAH,58,0,58
1983,DEBRA,20,0,20
1983,DEENA,7,0,7
1983,DEIDRA,6,0,6
1983,DEIRDRE,6,0,6
1983,DENISE,98,0,98
1983,DAWN,136,0,136
1983,ELYSE,15,0,15
1983,ELYSIA,6,0,6
1983,EMILIA,9,0,9
1983,FRANCINE,19,0,19
1983,GABRIELLE,25,0,25
1983,GAIL,14,0,14
1983,GENEVIEVE,56,0,56
1983,GENEVIÈVE,6,0,6
1983,GEORGIA,10,0,10
1983,GEORGINA,10,0,10
1983,GERALDINE,6,0,6
1983,GILLIAN,87,0,87
1983,GINA,32,0,32
1983,FRANCESCA,27,0,27
1983,GINETTE,8,0,8
1983,GISELLE,9,0,9
1983,GIULIA,6,0,6
1983,GIUSEPPINA,13,0,13
1983,GLENNA,6,0,6
1983,GLORIA,27,0,27
1983,GRACE,39,0,39
1983,GWENDOLYN,6,0,6
1983,HAILEY,17,0,17
1983,HALEY,12,0,12
1983,HANNA,7,0,7
1983,GIOVANNA,11,0,11
1983,FRANCES,39,0,39
1983,FRANCE,11,0,11
1983,FLORENCE,6,0,6
1983,EMILIE,33,0,33
1983,EMILY,398,0,398
1983,EMMA,65,0,65
1983,ERICA,155,0,155
1983,ERIKA,74,0,74
1983,ERIN,639,0,639
1983,ERINN,7,0,7
1983,ESTHER,41,0,41
1983,EUGENIA,6,0,6
1983,EVA,30,0,30
1983,EVE,8,0,8
1983,EVELYN,31,0,31
1983,FAITH,12,0,12
1983,FALLON,18,0,18
1983,FALON,7,0,7
1983,FARAH,13,0,13
1983,FARRAH,7,0,7
1983,FATIMA,13,0,13
1983,FAWN,6,0,6
1983,FAYE,7,0,7
1983,FELICIA,25,0,25
1983,FILOMENA,6,0,6
1983,FIONA,24,0,24
1983,HAYLEY,48,0,48
1983,DAMON,6,6,0
1983,DANIELA,74,0,74
1983,STEWART,17,17,0
1983,LEONARDO,6,6,0
1983,LEROY,10,10,0
1983,LEVI,10,10,0
1983,LEWIS,10,10,0
1983,LIAM,34,34,0
1983,LINO,5,5,0
1983,LIONEL,6,6,0
1983,LLOYD,20,20,0
1983,LOGAN,18,18,0
1983,LORENZO,8,8,0
1983,LORNE,13,13,0
1983,LOUIE,5,5,0
1983,LOUIS,38,38,0
1983,LUC,47,47,0
1983,LUCA,12,12,0
1983,LUCAS,104,104,0
1983,LUCIANO,6,6,0
1983,LUIGI,15,15,0
1983,LUIS,16,16,0
1983,LUKAS,6,6,0
1983,LUKE,103,103,0
1983,LEONARD,32,32,0
1983,LYLE,8,8,0
1983,LEON,16,16,0
1983,LAWRENCE,38,38,0
1983,KIERAN,7,7,0
1983,KIRK,40,40,0
1983,KONSTANTINOS,9,9,0
1983,KOREY,5,5,0
1983,KORY,16,16,0
1983,KOSTAS,5,5,0
1983,KRAIG,5,5,0
1983,KRIS,12,12,0
1983,KRISTIAN,16,16,0
1983,KRISTOFER,12,12,0
1983,KRISTOFFER,7,7,0
1983,KRISTOPHER,107,107,0
1983,KUNAL,5,5,0
1983,KURT,20,20,0
1983,KURTIS,32,32,0
1983,KYLE,813,813,0
1983,KYLER,5,5,0
1983,LANCE,32,32,0
1983,LANDON,7,7,0
1983,LARRY,32,32,0
1983,LAURENCE,7,7,0
1983,LEO,13,13,0
1983,KIEL,19,19,0
1983,MALCOLM,23,23,0
1983,MARC,202,202,0
1983,MAXWELL,6,6,0
1983,MELVIN,6,6,0
1983,MICAH,9,9,0
1983,MICHAEL,2826,2826,0
1983,MICHAL,5,5,0
1983,MICHEAL,101,101,0
1983,MICHEL,71,71,0
1983,MIGUEL,12,12,0
1983,MIKAEL,6,6,0
1983,MIKE,10,10,0
1983,MILAN,8,8,0
1983,MILES,11,11,0
1983,MILTON,6,6,0
1983,MITCHEL,8,8,0
1983,MITCHELL,64,64,0
1983,MOHAMED,13,13,0
1983,MOHAMMAD,11,11,0
1983,MOHAMMED,14,14,0
1983,MOSES,5,5,0
1983,MOSHE,6,6,0
1983,MURRAY,16,16,0
1983,MAXIME,15,15,0
1983,MANUEL,10,10,0
1983,MAX,9,9,0
1983,MAURIZIO,9,9,0
1983,MARC-ANDRE,26,26,0
1983,MARCEL,27,27,0
1983,MARCELLO,5,5,0
1983,MARCO,77,77,0
1983,MARCUS,45,45,0
1983,MARIO,54,54,0
1983,MARK,840,840,0
1983,MARKO,5,5,0
1983,MARKUS,8,8,0
1983,MARLON,11,11,0
1983,MARSHALL,19,19,0
1983,MARTIN,136,136,0
1983,MARVIN,12,12,0
1983,MASON,6,6,0
1983,MASSIMO,10,10,0
1983,MATHEW,183,183,0
1983,MATHIEU,51,51,0
1983,MATTEO,6,6,0
1983,MATTHEW,2232,2232,0
1983,MATTHIEU,20,20,0
1983,MAURICE,25,25,0
1983,MAURO,6,6,0
1983,MYLES,18,18,0
1983,KEVIN,871,871,0
1983,KENT,25,25,0
1983,JARRET,5,5,0
1983,JARRETT,11,11,0
1983,JARROD,7,7,0
1983,JASON,1524,1524,0
1983,JAY,55,55,0
1983,JAYSON,17,17,0
1983,JEAN-FRANCOIS,13,13,0
1983,JEAN-MARC,9,9,0
1983,JEAN-PAUL,20,20,0
1983,JEAN-PIERRE,10,10,0
1983,JEFF,13,13,0
1983,JEFFERY,148,148,0
1983,JEFFREY,921,921,0
1983,JEFFRY,7,7,0
1983,JEREMIAH,29,29,0
1983,JEREMIE,5,5,0
1983,JEREMY,390,390,0
1983,JERMAINE,47,47,0
1983,JEROME,22,22,0
1983,JEROMY,5,5,0
1983,JERRY,30,30,0
1983,JARED,70,70,0
1983,JESS,6,6,0
1983,JAN,12,12,0
1983,JAMES,1222,1222,0
1983,HANS,8,8,0
1983,HARLEY,7,7,0
1983,HAROLD,9,9,0
1983,HARRY,14,14,0
1983,HARVEY,11,11,0
1983,HENDRIK,5,5,0
1983,HENRY,37,37,0
1983,HOWARD,13,13,0
1983,HUGH,15,15,0
1983,HUGO,5,5,0
1983,IAIN,13,13,0
1983,IAN,338,338,0
1983,IMRAN,11,11,0
1983,ISAAC,35,35,0
1983,IVAN,30,30,0
1983,JACK,20,20,0
1983,JACKSON,16,16,0
1983,JACOB,157,157,0
1983,JACQUES,13,13,0
1983,JAKE,20,20,0
1983,JAMAAL,6,6,0
1983,JAMIESON,8,8,0
1983,KEVAN,5,5,0
1983,JESSE,284,284,0
1983,JIMMY,29,29,0
1983,JUAN,8,8,0
1983,JUDE,5,5,0
1983,JULES,5,5,0
1983,JULIAN,43,43,0
1983,JULIEN,13,13,0
1983,JUNIOR,7,7,0
1983,JUSTIN,897,897,0
1983,KA,5,5,0
1983,KAI,6,6,0
1983,KAREEM,20,20,0
1983,KARIM,9,9,0
1983,KARL,48,48,0
1983,KASHIF,5,5,0
1983,KEEGAN,8,8,0
1983,KEENAN,8,8,0
1983,KEITH,131,131,0
1983,KELLEN,9,9,0
1983,KELVIN,9,9,0
1983,KEN,9,9,0
1983,KENNETH,249,249,0
1983,KENNY,13,13,0
1983,JOVAN,5,5,0
1983,JIM,8,8,0
1983,JOSIAH,5,5,0
1983,JOSH,5,5,0
1983,JOAO,6,6,0
1983,JOE,12,12,0
1983,JOEL,212,212,0
1983,JOESPH,12,12,0
1983,JOEY,44,44,0
1983,JOHAN,7,7,0
1983,JOHN,949,949,0
1983,JOHNATHAN,57,57,0
1983,JOHNATHON,30,30,0
1983,JOHNNY,17,17,0
1983,JOHN-PAUL,19,19,0
1983,JON,26,26,0
1983,JONAH,11,11,0
1983,JONAS,18,18,0
1983,JONATHAN,922,922,0
1983,JONATHON,76,76,0
1983,JORDEN,5,5,0
1983,JORDON,19,19,0
1983,JORGE,5,5,0
1983,JOSE,19,19,0
1983,JOSEPH,1106,1106,0
1983,JOSHUA,749,749,0
1983,GUY,23,23,0
1983,NADEEM,6,6,0
1983,NATHANAEL,13,13,0
1983,TED,7,7,0
1983,TAREK,10,10,0
1983,TANNER,8,8,0
1983,SYLVAIN,24,24,0
1983,SYED,20,20,0
1983,SUNNY,5,5,0
1983,SUNIL,5,5,0
1983,SUNDEEP,6,6,0
1983,SUMIT,7,7,0
1983,SUMEET,6,6,0
1983,STUART,64,64,0
1983,ROBERT,1279,1279,0
1983,STEVEN,838,838,0
1983,STEVE,36,36,0
1983,STEPHEN,587,587,0
1983,STEPHANE,40,40,0
1983,STEPHAN,26,26,0
1983,STEFANO,13,13,0
1983,STEFAN,39,39,0
1983,STANLEY,21,21,0
1983,SPENCER,26,26,0
1983,TERENCE,27,27,0
1983,SOLOMON,6,6,0
1983,TERRANCE,19,19,0
1983,THEODORE,22,22,0
1983,VERNON,6,6,0
1983,VASILIOS,5,5,0
1983,UMAR,6,6,0
1983,TYSON,38,38,0
1983,TYRONE,8,8,0
1983,TYLOR,5,5,0
1983,TYLER,484,484,0
1983,TROY,107,107,0
1983,TRISTON,5,5,0
1983,TRISTAN,50,50,0
1983,TREVOR,335,335,0
1983,TRENT,6,6,0
1983,TRAVIS,186,186,0
1983,TONY,33,33,0
1983,TOMMY,14,14,0
1983,TOMISLAV,11,11,0
1983,TOMAS,11,11,0
1983,TOM,5,5,0
1983,TODD,110,110,0
1983,TIMOTHY,467,467,0
1983,THOMAS,470,470,0
1983,TERRENCE,16,16,0
1983,VICTOR,53,53,0
1983,SKYLER,6,6,0
1983,SIDNEY,9,9,0
1983,RUSSELL,60,60,0
1983,RUSSEL,5,5,0
1983,RUDOLPH,5,5,0
1983,RUBEN,7,7,0
1983,ROY,31,31,0
1983,ROWAN,7,7,0
1983,ROSS,35,35,0
1983,ROSARIO,5,5,0
1983,RORY,38,38,0
1983,RONNIE,8,8,0
1983,RONALD,111,111,0
1983,RON,6,6,0
1983,ROMAN,8,8,0
1983,ROLAND,10,10,0
1983,ROHAN,10,10,0
1983,ROGER,63,63,0
1983,RODNEY,30,30,0
1983,RODGER,5,5,0
1983,RODERICK,14,14,0
1983,ROCKY,10,10,0
1983,ROCH,9,9,0
1983,RYAN,1674,1674,0
1983,SIMON,103,103,0
1983,SACHIN,10,10,0
1983,SAMEER,10,10,0
1983,SHELDON,34,34,0
1983,SHAYNE,22,22,0
1983,SHAWN,457,457,0
1983,SHAUN,133,133,0
1983,SHANE,246,246,0
1983,SETH,15,15,0
1983,SERGIO,16,16,0
1983,SERGE,15,15,0
1983,SÉBASTIEN,9,9,0
1983,SEBASTIEN,30,30,0
1983,SEBASTIAN,11,11,0
1983,SEAN,567,567,0
1983,SEAMUS,5,5,0
1983,SCOTTY,9,9,0
1983,SCOTT,564,564,0
1983,SCOT,9,9,0
1983,SANJAY,8,8,0
1983,SANDRO,5,5,0
1983,SANDEEP,7,7,0
1983,SAMUEL,95,95,0
1983,SAMIR,9,9,0
1983,SALVATORE,26,26,0
1983,NATHAN,326,326,0
1983,VIJAY,9,9,0
1983,VINCE,6,6,0
1983,PAOLO,40,40,0
1983,PASCAL,24,24,0
1983,PASQUALE,7,7,0
1983,PATRICE,5,5,0
1983,PATRICK,409,409,0
1983,PAUL,613,613,0
1983,PAULO,14,14,0
1983,PEDRO,5,5,0
1983,PERRY,15,15,0
1983,PETER,420,420,0
1983,PHILIP,230,230,0
1983,PHILIPPE,45,45,0
1983,PHILLIP,101,101,0
1983,PHILLIPE,6,6,0
1983,PIERCE,5,5,0
1983,PIERO,5,5,0
1983,PIERRE,44,44,0
1983,PIETRO,15,15,0
1983,PRESTON,10,10,0
1983,QUENTIN,6,6,0
1983,QUINTON,5,5,0
1983,PANAGIOTIS,9,9,0
1983,RAFAEL,5,5,0
1983,PABLO,8,8,0
1983,OSCAR,6,6,0
1983,NATHANIEL,58,58,0
1983,NATHON,5,5,0
1983,NEAL,22,22,0
1983,NEIL,130,130,0
1983,NELSON,35,35,0
1983,NIALL,5,5,0
1983,NICHOLAS,515,515,0
1983,NICK,12,12,0
1983,NICKOLAS,11,11,0
1983,NICOLAS,54,54,0
1983,NIGEL,33,33,0
1983,NIKOLA,8,8,0
1983,NIKOLAOS,7,7,0
1983,NIKOLAS,8,8,0
1983,NOAH,52,52,0
1983,NOEL,22,22,0
1983,NOLAN,14,14,0
1983,NORMAN,27,27,0
1983,OLIVER,27,27,0
1983,OLIVIER,11,11,0
1983,OMAR,39,39,0
1983,OWEN,45,45,0
1983,VIKRAM,7,7,0
1983,RAFFAELE,6,6,0
1983,RAHIM,10,10,0
1983,YVON,5,5,0
1983,YVES,23,23,0
1983,YVAN,5,5,0
1983,YANNICK,8,8,0
1983,WYATT,9,9,0
1983,WINSTON,7,7,0
1983,WILSON,14,14,0
1983,WILLIAM,700,700,0
1983,WILFRED,11,11,0
1983,WESLEY,85,85,0
1983,WAYNE,96,96,0
1983,WAYLON,5,5,0
1983,WARREN,63,63,0
1983,WALTER,23,23,0
1983,WALLACE,5,5,0
1983,WADE,16,16,0
1983,VIVEK,6,6,0
1983,VITO,17,17,0
1983,VISHAL,8,8,0
1983,VINCENZO,25,25,0
1983,VINCENT,95,95,0
1983,ZACHARIAH,9,9,0
1983,RAFFI,6,6,0
1983,ZACHARY,116,116,0
1983,ROBBIE,7,7,0
1983,RAHUL,7,7,0
1983,RAJ,5,5,0
1983,RALPH,7,7,0
1983,RANDAL,8,8,0
1983,RANDALL,16,16,0
1983,RANDY,84,84,0
1983,RAPHAEL,8,8,0
1983,RAVI,9,9,0
1983,RAVINDER,5,5,0
1983,RAY,9,9,0
1983,RAYMOND,124,124,0
1983,REED,5,5,0
1983,REGINALD,11,11,0
1983,REID,16,16,0
1983,REMI,6,6,0
1983,REUBEN,17,17,0
1983,RICARDO,23,23,0
1983,RICHARD,588,588,0
1983,RICK,19,19,0
1983,RICKY,25,25,0
1983,RILEY,13,13,0
1983,ROBBY,6,6,0
1983,GUILLAUME,7,7,0
1983,GREGORY,494,494,0
1983,GREGOR,5,5,0
1983,DIMITRIOS,14,14,0
1983,DINO,12,12,0
1983,DIRK,5,5,0
1983,DOMENIC,11,11,0
1983,DOMENICO,20,20,0
1983,DOMINIC,22,22,0
1983,DONALD,132,132,0
1983,DONATO,5,5,0
1983,DONOVAN,6,6,0
1983,DOUGLAS,145,145,0
1983,DREW,56,56,0
1983,DUANE,10,10,0
1983,DUNCAN,18,18,0
1983,DUSTIN,145,145,0
1983,DUSTYN,5,5,0
1983,DWAIN,5,5,0
1983,DWAYNE,63,63,0
1983,DWIGHT,10,10,0
1983,DYLAN,69,69,0
1983,EARL,10,10,0
1983,EDGAR,9,9,0
1983,EDMOND,7,7,0
1983,EDMUND,9,9,0
1983,EDWARD,150,150,0
1983,EDWIN,14,14,0
1983,ELI,16,16,0
1983,ELIAS,10,10,0
1983,ELIJAH,11,11,0
1983,ELLIOT,21,21,0
1983,DILLON,5,5,0
1983,DIEGO,7,7,0
1983,DEVIN,66,66,0
1983,DEVAN,7,7,0
1983,ROCCO,13,13,0
1983,DANIAL,7,7,0
1983,DANIEL,1248,1248,0
1983,DANIELE,27,27,0
1983,DANNY,70,70,0
1983,DAREN,5,5,0
1983,DARIN,7,7,0
1983,DARIUS,6,6,0
1983,DARNELL,5,5,0
1983,DARREL,6,6,0
1983,DARRELL,35,35,0
1983,DARREN,119,119,0
1983,DARRIN,11,11,0
1983,DARRYL,142,142,0
1983,ELLIOTT,30,30,0
1983,DARWIN,6,6,0
1983,DAVE,10,10,0
1983,DAVID,1789,1789,0
1983,DAVIDE,8,8,0
1983,DEAN,53,53,0
1983,DEEPAK,5,5,0
1983,DENIS,45,45,0
1983,DENNIS,93,93,0
1983,DENNY,7,7,0
1983,DENVER,5,5,0
1983,DERECK,7,7,0
1983,DEREK,434,434,0
1983,DERICK,11,11,0
1983,DERRICK,46,46,0
1983,DESMOND,13,13,0
1983,DARYL,51,51,0
1983,EMANUEL,6,6,0
1983,ROBERTO,35,35,0
1983,EMMANUEL,12,12,0
1983,GARETH,11,11,0
1983,GARETT,7,7,0
1983,GARNET,6,6,0
1983,GARRETT,31,31,0
1983,GARRY,14,14,0
1983,GARTH,11,11,0
1983,GARY,113,113,0
1983,GAVIN,34,34,0
1983,GEOFFREY,162,162,0
1983,GEORGE,117,117,0
1983,GEORGES,5,5,0
1983,GERALD,48,48,0
1983,GERRY,10,10,0
1983,GIAN,5,5,0
1983,GAETAN,6,6,0
1983,GIANCARLO,10,10,0
1983,GIDEON,5,5,0
1983,GIL,5,5,0
1983,GILLES,25,25,0
1983,GINO,9,9,0
1983,GIOVANNI,27,27,0
1983,GIUSEPPE,40,40,0
1983,GLEN,26,26,0
1983,GLENN,26,26,0
1983,GORDON,100,100,0
1983,GRAEME,43,43,0
1983,GRAHAM,111,111,0
1983,GRANT,55,55,0
1983,GRAYDON,5,5,0
1983,EMILE,8,8,0
1983,GIANNI,5,5,0
1983,GABRIEL,42,42,0
1983,GERARD,13,13,0
1983,FREDERICK,44,44,0
1983,ERIC,608,608,0
1983,FREDRICK,6,6,0
1983,ERICK,6,6,0
1983,ERIK,89,89,0
1983,ERNEST,17,17,0
1983,ERROL,5,5,0
1983,ETHAN,12,12,0
1983,ETIENNE,5,5,0
1983,EUGENE,15,15,0
1983,EVAN,108,108,0
1983,EVANGELOS,8,8,0
1983,EVERETT,10,10,0
1983,FABIAN,5,5,0
1983,FABIO,14,14,0
1983,FAHAD,5,5,0
1983,ERICH,6,6,0
1983,FERNAND,5,5,0
1983,FARHAN,5,5,0
1983,FRASER,23,23,0
1983,FRANKLIN,12,12,0
1983,FRANK,75,75,0
1983,FRANCOIS,26,26,0
1983,FRANCO,15,15,0
1983,FRED,5,5,0
1983,FRANCIS,52,52,0
1983,FRANCESCO,60,60,0
1983,FLAVIO,5,5,0
1983,FILIPE,6,6,0
1983,FREDERIC,6,6,0
1983,FERNANDO,13,13,0
1983,FRANCISCO,13,13,0
1984,CHANTELL,12,0,12
1984,CHANTEL,54,0,54
1984,CHANTALLE,9,0,9
1984,CHANTALE,8,0,8
1984,CHANTAL,154,0,154
1984,CHANDRA,9,0,9
1984,CHANEL,7,0,7
1984,CHANA,9,0,9
1984,CELINE,21,0,21
1984,CELINA,10,0,10
1984,CHANTELLE,98,0,98
1984,CHANELLE,9,0,9
1984,CHARITY,8,0,8
1984,CHERIE,8,0,8
1984,CHARLOTTE,39,0,39
1984,CHARMAINE,10,0,10
1984,CHELSEA,116,0,116
1984,CHELSEY,40,0,40
1984,CHERI,17,0,17
1984,CHERYL,113,0,113
1984,CHIARA,8,0,8
1984,CHLOE,22,0,22
1984,CHRISTA,28,0,28
1984,CHRISTAL,10,0,10
1984,CHRISTIANA,6,0,6
1984,CHRISTIANE,13,0,13
1984,CHRISTIE,34,0,34
1984,CELIA,12,0,12
1984,CHARLENE,68,0,68
1984,CELESTE,14,0,14
1984,CAMILLE,28,0,28
1984,CAYLEY,8,0,8
1984,CHRISTIN,7,0,7
1984,CANDACE,125,0,125
1984,CANDICE,177,0,177
1984,CARA,52,0,52
1984,CARISSA,14,0,14
1984,CARLA,76,0,76
1984,CARLENE,7,0,7
1984,CARLEY,15,0,15
1984,CARLI,8,0,8
1984,CARLIE,8,0,8
1984,CARLING,10,0,10
1984,CARLY,95,0,95
1984,CARMELA,12,0,12
1984,CARMEN,43,13,30
1984,CECILIA,11,0,11
1984,CAROL,30,0,30
1984,CAROLINE,107,0,107
1984,CAROLYN,129,0,129
1984,CAROLYNE,6,0,6
1984,CARRIE,108,0,108
1984,CARRIE-LYNN,6,0,6
1984,CASANDRA,11,0,11
1984,CASEY,65,34,31
1984,CASSANDRA,157,0,157
1984,CASSIE,15,0,15
1984,CATERINA,8,0,8
1984,CATHARINE,12,0,12
1984,CATHERINE,228,0,228
1984,CATHY,15,0,15
1984,CATRIONA,8,0,8
1984,CAROLE,14,0,14
1984,CHRISTINA,470,0,470
1984,DANIELLE,615,0,615
1984,CHRISTY,17,0,17
1984,DARCY,47,40,7
1984,DARLENE,26,0,26
1984,DAWN,99,0,99
1984,DAYNA,36,0,36
1984,DEANA,8,0,8
1984,DEANNA,83,0,83
1984,DEANNE,12,0,12
1984,DEBBIE,22,0,22
1984,DEBORAH,48,0,48
1984,DEBRA,28,0,28
1984,DEENA,6,0,6
1984,DEIDRE,7,0,7
1984,DENISE,95,0,95
1984,DESIREE,22,0,22
1984,DARCIE,10,0,10
1984,DESTINY,8,0,8
1984,DIANA,184,0,184
1984,DIANE,78,0,78
1984,DIANNA,13,0,13
1984,DIANNE,19,0,19
1984,DINA,21,0,21
1984,DIONNE,8,0,8
1984,DOMINIQUE,33,5,28
1984,DONNA,28,0,28
1984,DORIS,7,0,7
1984,DOROTHY,26,0,26
1984,EDEN,7,0,7
1984,EDITH,9,0,9
1984,EDNA,6,0,6
1984,EILEEN,17,0,17
1984,DEVON,104,69,35
1984,CHRISTINE,523,0,523
1984,DAPHNE,10,0,10
1984,DANIKA,6,0,6
1984,CHRYSTAL,17,0,17
1984,CIARA,6,0,6
1984,CINDY,96,0,96
1984,CLAIRE,72,0,72
1984,CLARA,12,0,12
1984,CLARE,9,0,9
1984,CLARISSA,11,0,11
1984,CLAUDIA,25,0,25
1984,COLETTE,6,0,6
1984,COLLEEN,82,0,82
1984,CONCETTA,7,0,7
1984,CONNIE,26,0,26
1984,CONSTANCE,20,0,20
1984,CORA,8,0,8
1984,DANNA,6,0,6
1984,CORINNE,15,0,15
1984,CORRINE,6,0,6
1984,CORTNEY,10,0,10
1984,CRISTINA,48,0,48
1984,CRYSTAL,501,0,501
1984,CRYSTAL-ANN,6,0,6
1984,CYNTHIA,100,0,100
1984,DAINA,6,0,6
1984,DAISY,9,0,9
1984,DANA,131,16,115
1984,DANICA,14,0,14
1984,DANIELA,75,0,75
1984,DANIELE,31,24,7
1984,DANIELLA,21,0,21
1984,CAMILLA,6,0,6
1984,CORRIE,6,0,6
1984,CAITLYN,14,0,14
1984,BELINDA,8,0,8
1984,CAILIN,7,0,7
1984,ALIYA,10,0,10
1984,ALIZA,7,0,7
1984,ALLISON,228,0,228
1984,ALLYSON,19,0,19
1984,ALYCIA,9,0,9
1984,ALYSHA,6,0,6
1984,ALYSIA,8,0,8
1984,ALYSON,16,0,16
1984,ALYSSA,47,0,47
1984,AMANDA,1526,0,1526
1984,AMANDEEP,15,9,6
1984,AMBER,254,0,254
1984,AMBER-LEE,8,0,8
1984,AMBERLY,6,0,6
1984,AMELIA,46,0,46
1984,AMI,7,0,7
1984,AMIE,30,0,30
1984,AMY,571,0,571
1984,AMY-LYNN,6,0,6
1984,ANA,19,0,19
1984,ANASTASIA,23,0,23
1984,ANDREA,568,11,557
1984,ANDREE,9,0,9
1984,ANDRIA,12,0,12
1984,ANGEL,31,0,31
1984,ANGELA,415,0,415
1984,ANGELE,15,0,15
1984,ANGELICA,10,0,10
1984,ANGELINA,17,0,17
1984,ALISSA,18,0,18
1984,ALISON,149,0,149
1984,ALISHA,65,0,65
1984,ALISA,10,0,10
1984,AARON,496,490,6
1984,ABBY,18,0,18
1984,ABIGAIL,21,0,21
1984,ADA,7,0,7
1984,ADELE,16,0,16
1984,ADINA,6,0,6
1984,ADRIA,6,0,6
1984,ADRIANA,17,0,17
1984,ADRIANNA,6,0,6
1984,ADRIANNE,8,0,8
1984,ADRIENNE,62,0,62
1984,AILEEN,6,0,6
1984,AIMEE,56,0,56
1984,AINSLEY,17,0,17
1984,ANGELINE,8,0,8
1984,AISHA,13,0,13
1984,ALANA,82,0,82
1984,ALANNA,35,0,35
1984,ALEKSANDRA,6,0,6
1984,ALENA,6,0,6
1984,ALESHA,7,0,7
1984,ALESSANDRA,11,0,11
1984,ALESSIA,9,0,9
1984,ALEXA,7,0,7
1984,ALEXANDRA,226,0,226
1984,ALEXANDRIA,27,0,27
1984,ALEXIS,74,8,66
1984,ALIA,9,0,9
1984,ALICE,20,0,20
1984,ALICIA,285,0,285
1984,ALAINA,20,0,20
1984,ANGELIQUE,6,0,6
1984,ANGIE,18,0,18
1984,ANIK,7,0,7
1984,BERNADETTE,8,0,8
1984,BETH,24,0,24
1984,BETHANY,57,0,57
1984,BETTY,10,0,10
1984,BEVERLEY,11,0,11
1984,BEVERLY,13,0,13
1984,BIANCA,21,0,21
1984,BLAIR,87,73,14
1984,BOBBI,6,0,6
1984,BOBBI-JO,7,0,7
1984,BOBBIE,6,0,6
1984,BONNIE,52,0,52
1984,BRANDI,53,0,53
1984,BRANDIE,10,0,10
1984,BECKY,14,0,14
1984,BRANDY,59,0,59
1984,BREANNE,33,0,33
1984,BRENDA,58,0,58
1984,BRENNA,13,0,13
1984,BRETT,113,107,6
1984,BRIANA,12,0,12
1984,BRIANNA,34,0,34
1984,BRIANNE,63,0,63
1984,BRIDGET,20,0,20
1984,BRIGITTE,19,0,19
1984,BRITTANY,101,0,101
1984,BRITTNEY,13,0,13
1984,BRONWEN,11,0,11
1984,BRONWYN,19,0,19
1984,BROOKE,57,0,57
1984,BREANNA,9,0,9
1984,CAITLIN,171,0,171
1984,BEATRICE,8,0,8
1984,BAILEY,19,0,19
1984,ANITA,55,0,55
1984,ANN-MARIE,10,0,10
1984,ANNA,151,0,151
1984,ANNA-MARIE,6,0,6
1984,ANNE,85,0,85
1984,ANNE-MARIE,24,0,24
1984,ANNETTE,20,0,20
1984,ANNICK,10,0,10
1984,ANNIE,35,0,35
1984,ANTOINETTE,10,0,10
1984,ANTONELLA,11,0,11
1984,ANTONIA,10,0,10
1984,ANTONIETTA,9,0,9
1984,APRIL,149,0,149
1984,BARBARA,66,0,66
1984,ARIANA,8,0,8
1984,ASHELY,7,0,7
1984,ASHLEA,13,0,13
1984,ASHLEE,60,0,60
1984,ASHLEIGH,149,0,149
1984,ASHLEY,1839,12,1827
1984,ASHLEY-ANN,6,0,6
1984,ASHLY,12,0,12
1984,ASMA,7,0,7
1984,AUDREY,22,0,22
1984,AUTUMN,9,0,9
1984,AVA,6,0,6
1984,AVRIL,6,0,6
1984,AYSHA,6,0,6
1984,BABY,59,37,22
1984,ARIEL,8,0,8
1984,ANN,35,0,35
1984,COURTNEY,262,11,251
1984,ABRAHAM,18,18,0
1984,MARTIN,124,124,0
1984,MARVIN,10,10,0
1984,MASON,6,6,0
1984,MASSIMO,7,7,0
1984,MATHEW,184,184,0
1984,MATHIEU,85,85,0
1984,MATTEO,7,7,0
1984,MATTHEW,2295,2295,0
1984,MATTHIEU,20,20,0
1984,MAURICE,23,23,0
1984,MAURIZIO,6,6,0
1984,MAX,6,6,0
1984,MAXIM,5,5,0
1984,MAXIME,19,19,0
1984,MAXWELL,10,10,0
1984,MELVIN,5,5,0
1984,MICAH,8,8,0
1984,MARSHALL,18,18,0
1984,MICHAEL,2914,2914,0
1984,MARLON,8,8,0
1984,MARKO,11,11,0
1984,LUCAS,94,94,0
1984,LUCIANO,9,9,0
1984,LUIGI,17,17,0
1984,LUIS,11,11,0
1984,LUKAS,8,8,0
1984,LUKE,126,126,0
1984,LYLE,6,6,0
1984,MACKENZIE,13,13,0
1984,MALCOLM,14,14,0
1984,MARC,217,217,0
1984,MARC-ANDRE,13,13,0
1984,MARCEL,34,34,0
1984,MARCELLO,9,9,0
1984,MARCO,64,64,0
1984,MARCUS,55,55,0
1984,MARIO,44,44,0
1984,MARK,847,847,0
1984,MARKUS,6,6,0
1984,LUCAN,5,5,0
1984,MICHAL,5,5,0
1984,MICHEL,80,80,0
1984,NICHOLAS,592,592,0
1984,NICK,13,13,0
1984,NICKOLAS,20,20,0
1984,NICOLAS,44,44,0
1984,NIGEL,38,38,0
1984,NIKOLA,9,9,0
1984,NIKOLAOS,5,5,0
1984,NIKOLAS,18,18,0
1984,NOAH,41,41,0
1984,NOEL,22,22,0
1984,NOLAN,16,16,0
1984,NORMAN,31,31,0
1984,OLIVER,28,28,0
1984,OLIVIER,10,10,0
1984,OMAR,38,38,0
1984,OSCAR,6,6,0
1984,OWEN,39,39,0
1984,NIALL,6,6,0
1984,MICHEAL,117,117,0
1984,NELSON,31,31,0
1984,NEAL,14,14,0
1984,MIGUEL,14,14,0
1984,MIKAEL,7,7,0
1984,MIKE,15,15,0
1984,MILES,9,9,0
1984,MITCHELL,67,67,0
1984,MOHAMED,16,16,0
1984,MOHAMMAD,18,18,0
1984,MOHAMMED,20,20,0
1984,MORRIS,5,5,0
1984,MOSES,6,6,0
1984,MUHAMMAD,9,9,0
1984,MURRAY,20,20,0
1984,MYLES,18,18,0
1984,MYRON,5,5,0
1984,NATHAN,332,332,0
1984,NATHANAEL,15,15,0
1984,NATHANIEL,73,73,0
1984,NEIL,118,118,0
1984,LUCA,11,11,0
1984,LUC,61,61,0
1984,LOUIS,31,31,0
1984,JOSE,16,16,0
1984,JOSEF,7,7,0
1984,JOSEPH,1058,1058,0
1984,JOSH,9,9,0
1984,JOSHUA,937,937,0
1984,JOSIAH,12,12,0
1984,JOSIP,7,7,0
1984,JUAN,8,8,0
1984,JUDE,5,5,0
1984,JULIAN,46,46,0
1984,JULIEN,15,15,0
1984,JUSTIN,960,960,0
1984,KAREEM,16,16,0
1984,KARIM,6,6,0
1984,KARL,40,40,0
1984,KEEGAN,13,13,0
1984,KEENAN,8,8,0
1984,JORY,7,7,0
1984,KEITH,149,149,0
1984,JORGE,7,7,0
1984,JORDEN,5,5,0
1984,JESSY,9,9,0
1984,JIMMY,29,29,0
1984,JOE,6,6,0
1984,JOEL,241,241,0
1984,JOESPH,6,6,0
1984,JOEY,45,45,0
1984,JOHAN,5,5,0
1984,JOHN,862,862,0
1984,JOHNATHAN,71,71,0
1984,JOHNATHON,25,25,0
1984,JOHNNY,16,16,0
1984,JOHN-PAUL,18,18,0
1984,JON,18,18,0
1984,JONAH,7,7,0
1984,JONAS,7,7,0
1984,JONATHAN,957,957,0
1984,JONATHON,89,89,0
1984,JORDON,15,15,0
1984,KELLEN,11,11,0
1984,KELVIN,9,9,0
1984,KEN,5,5,0
1984,LARRY,22,22,0
1984,LAURENCE,5,5,0
1984,LAWRENCE,39,39,0
1984,LEO,22,22,0
1984,LEON,11,11,0
1984,LEONARD,31,31,0
1984,LEONARDO,9,9,0
1984,LEROY,5,5,0
1984,LEVI,15,15,0
1984,LEWIS,7,7,0
1984,LIAM,36,36,0
1984,LINCOLN,7,7,0
1984,LIONEL,12,12,0
1984,LLOYD,7,7,0
1984,LOGAN,27,27,0
1984,LORENZO,8,8,0
1984,LORNE,18,18,0
1984,LANDON,12,12,0
1984,LANCE,49,49,0
1984,KYLE,777,777,0
1984,KURTIS,31,31,0
1984,KENNETH,206,206,0
1984,KENNY,13,13,0
1984,KENT,26,26,0
1984,KEVAN,5,5,0
1984,KEVIN,922,922,0
1984,KIEL,17,17,0
1984,KIERAN,13,13,0
1984,KIRK,33,33,0
1984,PANAGIOTIS,7,7,0
1984,KONSTANTINOS,8,8,0
1984,KORY,20,20,0
1984,KOSTANTINOS,6,6,0
1984,KRIS,5,5,0
1984,KRISTIAN,21,21,0
1984,KRISTOFER,12,12,0
1984,KRISTOPHER,105,105,0
1984,KUNAL,6,6,0
1984,KURT,33,33,0
1984,KOREY,5,5,0
1984,JESS,9,9,0
1984,PAOLO,23,23,0
1984,PASCAL,15,15,0
1984,SYLVAIN,20,20,0
1984,TANNER,16,16,0
1984,TARIQ,8,8,0
1984,TED,11,11,0
1984,TERENCE,31,31,0
1984,TERRANCE,21,21,0
1984,TERRENCE,16,16,0
1984,THEODORE,23,23,0
1984,THOMAS,515,515,0
1984,TIM,5,5,0
1984,TIMMY,5,5,0
1984,TIMOTHY,519,519,0
1984,TOBIN,7,7,0
1984,TOBY,5,5,0
1984,TODD,117,117,0
1984,TOMAS,7,7,0
1984,TOMISLAV,6,6,0
1984,SYED,8,8,0
1984,TOMMASO,7,7,0
1984,SUNNY,6,6,0
1984,SUNDEEP,7,7,0
1984,SHELDON,42,42,0
1984,SIDNEY,6,6,0
1984,SIMON,132,132,0
1984,SPENCER,42,42,0
1984,STANLEY,18,18,0
1984,STAVROS,5,5,0
1984,STEFAN,40,40,0
1984,STEFANO,13,13,0
1984,STEPHAN,17,17,0
1984,STEPHANE,34,34,0
1984,STEPHEN,579,579,0
1984,STERLING,6,6,0
1984,STEVE,40,40,0
1984,STEVEN,825,825,0
1984,STEWART,28,28,0
1984,STUART,58,58,0
1984,SUMEET,6,6,0
1984,SUNIL,8,8,0
1984,SHEA,6,6,0
1984,TOMMY,16,16,0
1984,TRAVIS,214,214,0
1984,WARREN,59,59,0
1984,WASEEM,8,8,0
1984,WAYLON,5,5,0
1984,WAYNE,74,74,0
1984,WESLEY,90,90,0
1984,WILFRED,6,6,0
1984,WILLIAM,684,684,0
1984,WILSON,13,13,0
1984,WINSTON,11,11,0
1984,WYATT,6,6,0
1984,YAN,5,5,0
1984,YANNICK,7,7,0
1984,YVAN,6,6,0
1984,YVES,22,22,0
1984,ZACHARIAH,11,11,0
1984,ZACHARY,148,148,0
1984,ZACKARY,6,6,0
1984,WALTER,16,16,0
1984,TONY,35,35,0
1984,WADE,30,30,0
1984,VISHAL,7,7,0
1984,TREVER,6,6,0
1984,TREVOR,363,363,0
1984,TRISTAN,72,72,0
1984,TROY,92,92,0
1984,TYLER,679,679,0
1984,TYLOR,9,9,0
1984,TYRELL,6,6,0
1984,TYRONE,25,25,0
1984,TYSON,45,45,0
1984,VARUN,5,5,0
1984,VASILIOS,8,8,0
1984,VERNON,6,6,0
1984,VICTOR,66,66,0
1984,VIJAY,6,6,0
1984,VINCE,5,5,0
1984,VINCENT,84,84,0
1984,VINCENZO,21,21,0
1984,VITO,9,9,0
1984,SHAYNE,24,24,0
1984,SHAWN,446,446,0
1984,SHAUN,122,122,0
1984,RANDAL,5,5,0
1984,RANDALL,10,10,0
1984,RANDOLPH,9,9,0
1984,RANDY,81,81,0
1984,RAPHAEL,11,11,0
1984,RAVI,9,9,0
1984,RAY,6,6,0
1984,RAYMOND,126,126,0
1984,REGINALD,14,14,0
1984,REID,9,9,0
1984,REJEAN,6,6,0
1984,REMI,16,16,0
1984,REUBEN,11,11,0
1984,RHYS,6,6,0
1984,RICARDO,18,18,0
1984,RICHARD,583,583,0
1984,RICK,10,10,0
1984,RAJIV,8,8,0
1984,RICKY,37,37,0
1984,RAHUL,8,8,0
1984,RAFFAELE,10,10,0
1984,PASQUALE,12,12,0
1984,PATRICK,479,479,0
1984,PAUL,561,561,0
1984,PAULO,10,10,0
1984,PEDRO,9,9,0
1984,PERRY,14,14,0
1984,PETER,485,485,0
1984,PHILIP,236,236,0
1984,PHILIPPE,37,37,0
1984,PHILLIP,85,85,0
1984,PIERRE,39,39,0
1984,PIETER,8,8,0
1984,PIETRO,7,7,0
1984,PRESTON,12,12,0
1984,QUENTIN,6,6,0
1984,QUINN,6,6,0
1984,QUINTON,5,5,0
1984,RAHIM,8,8,0
1984,RISHI,7,7,0
1984,ROBBIE,7,7,0
1984,ROBERT,1156,1156,0
1984,SALVATORE,29,29,0
1984,SAM,11,11,0
1984,SAMEER,14,14,0
1984,SAMUEL,123,123,0
1984,SANDEEP,12,12,0
1984,SANJAY,8,8,0
1984,SCOTT,616,616,0
1984,SEAMUS,6,6,0
1984,SEAN,562,562,0
1984,SEBASTIAN,22,22,0
1984,SEBASTIANO,6,6,0
1984,SEBASTIEN,21,21,0
1984,SÉBASTIEN,7,7,0
1984,SERGE,10,10,0
1984,SERGIO,16,16,0
1984,SETH,21,21,0
1984,SHANE,208,208,0
1984,SACHIN,5,5,0
1984,RYAN,1687,1687,0
1984,RUSSELL,65,65,0
1984,RUSSEL,7,7,0
1984,ROBERTO,39,39,0
1984,ROCCO,15,15,0
1984,ROCH,6,6,0
1984,ROCKY,6,6,0
1984,RODERICK,5,5,0
1984,RODNEY,26,26,0
1984,ROGER,54,54,0
1984,ROHAN,11,11,0
1984,PARDEEP,5,5,0
1984,ROLAND,20,20,0
1984,RON,5,5,0
1984,RONALD,107,107,0
1984,RONNIE,8,8,0
1984,RORY,40,40,0
1984,ROSARIO,6,6,0
1984,ROSS,40,40,0
1984,ROY,28,28,0
1984,RUBEN,6,6,0
1984,ROMAN,11,11,0
1984,JERRY,26,26,0
1984,JEROME,30,30,0
1984,JERMAINE,37,37,0
1984,CARLOS,28,28,0
1984,CARMINE,12,12,0
1984,CARSON,14,14,0
1984,CEDRIC,10,10,0
1984,CHAD,199,199,0
1984,CHADWICK,10,10,0
1984,CHAIM,7,7,0
1984,CHANCE,9,9,0
1984,CHARLES,211,211,0
1984,CHARLIE,9,9,0
1984,CHASE,24,24,0
1984,CHRIS,20,20,0
1984,CHRISTIAN,79,79,0
1984,CHRISTOPHER,2361,2361,0
1984,CHRISTOS,11,11,0
1984,CLARENCE,5,5,0
1984,CLARK,8,8,0
1984,CARLO,25,25,0
1984,CLAUDE,15,15,0
1984,CARL,58,58,0
1984,CAMERON,125,125,0
1984,BROCK,42,42,0
1984,BRODIE,15,15,0
1984,BRODY,7,7,0
1984,BRONSON,7,7,0
1984,BROOK,7,7,0
1984,BROOKS,7,7,0
1984,BRUCE,36,36,0
1984,BRUNO,11,11,0
1984,BRYAN,268,268,0
1984,BRYCE,24,24,0
1984,BRYN,5,5,0
1984,BRYON,7,7,0
1984,BYRON,20,20,0
1984,CALE,11,11,0
1984,CALEB,40,40,0
1984,CALLUM,10,10,0
1984,CALVIN,38,38,0
1984,CAREY,6,6,0
1984,BRIAN,682,682,0
1984,CLAUDIO,7,7,0
1984,CLIFF,5,5,0
1984,DAMIAN,18,18,0
1984,DAMIEN,32,32,0
1984,DAMON,6,6,0
1984,DANE,33,33,0
1984,DANIAL,5,5,0
1984,DANIEL,1416,1416,0
1984,DANNY,72,72,0
1984,DANTE,9,9,0
1984,DANY,9,9,0
1984,D'ARCY,7,7,0
1984,DAREN,7,7,0
1984,DARRELL,28,28,0
1984,DARREN,141,141,0
1984,DARRIN,12,12,0
1984,DARRYL,127,127,0
1984,DARYL,69,69,0
1984,DARYN,5,5,0
1984,DALTON,5,5,0
1984,CLAYTON,71,71,0
1984,DALLAS,8,8,0
1984,CYRIL,8,8,0
1984,CLIFFORD,26,26,0
1984,CLINT,9,9,0
1984,CLINTON,32,32,0
1984,CODY,92,92,0
1984,COLE,44,44,0
1984,COLIN,251,251,0
1984,COLLIN,23,23,0
1984,CONNOR,14,14,0
1984,CONOR,11,11,0
1984,CONRAD,14,14,0
1984,COREY,125,125,0
1984,CORRADO,7,7,0
1984,CORY,185,185,0
1984,CRAIG,277,277,0
1984,CRISTOPHER,7,7,0
1984,CURT,5,5,0
1984,CURTIS,155,155,0
1984,DALE,59,59,0
1984,BRENTON,5,5,0
1984,BRENT,220,220,0
1984,BRENNAN,21,21,0
1984,ALFRED,16,16,0
1984,ALI,25,25,0
1984,ALLAN,95,95,0
1984,ALLEN,39,39,0
1984,ALVIN,8,8,0
1984,AMIT,15,15,0
1984,ANASTASIOS,6,6,0
1984,ANDRAE,7,7,0
1984,ANDRE,136,136,0
1984,ANDREAS,14,14,0
1984,ANDREI,5,5,0
1984,ANDREW,1708,1708,0
1984,ANDY,27,27,0
1984,ANGELO,20,20,0
1984,ANGUS,7,7,0
1984,ANIL,8,8,0
1984,ANSON,5,5,0
1984,ALFONSO,7,7,0
1984,ANTHONY,408,408,0
1984,ALEXANDRE,43,43,0
1984,ALEX,54,54,0
1984,ADAM,1538,1538,0
1984,ADAMO,12,12,0
1984,ADIL,5,5,0
1984,ADNAN,5,5,0
1984,ADRIAN,160,160,0
1984,ADRIANO,7,7,0
1984,ADRIEN,8,8,0
1984,AHMAD,11,11,0
1984,AHMED,7,7,0
1984,AIDAN,11,11,0
1984,AJAY,6,6,0
1984,ALAIN,51,51,0
1984,ALAN,103,103,0
1984,ALBERT,49,49,0
1984,ALBERTO,5,5,0
1984,ALEC,5,5,0
1984,ALESSANDRO,21,21,0
1984,ALEXANDER,486,486,0
1984,ANTOINE,5,5,0
1984,ANTON,7,7,0
1984,ANTONINO,9,9,0
1984,BLAKE,97,97,0
1984,BLAYNE,5,5,0
1984,BOBBY,27,27,0
1984,BRAD,27,27,0
1984,BRADEN,18,18,0
1984,BRADLEY,516,516,0
1984,BRADLY,15,15,0
1984,BRADY,18,18,0
1984,BRAM,6,6,0
1984,BRANDAN,5,5,0
1984,BRANDEN,17,17,0
1984,BRANDON,509,509,0
1984,BRANT,7,7,0
1984,BRAYDEN,7,7,0
1984,BRENDAN,151,151,0
1984,BRENDEN,11,11,0
1984,BRENDON,11,11,0
1984,BLAINE,7,7,0
1984,BILLY,15,15,0
1984,BILL,5,5,0
1984,BERNARD,15,15,0
1984,ANTONIO,59,59,0
1984,ANTONY,13,13,0
1984,ARI,6,6,0
1984,ARON,12,12,0
1984,ARRON,7,7,0
1984,ARTHUR,37,37,0
1984,ASHTON,5,5,0
1984,ATHANASIOS,6,6,0
1984,DAVE,12,12,0
1984,AUBREY,5,5,0
1984,AVERY,5,5,0
1984,BARRETT,6,6,0
1984,BARRY,40,40,0
1984,BEAU,22,22,0
1984,BEN,12,12,0
1984,BENJAMIN,376,376,0
1984,BENNY,5,5,0
1984,BENOIT,14,14,0
1984,AUSTIN,20,20,0
1984,DAVID,1738,1738,0
1984,DAVIDE,9,9,0
1984,DAVIN,8,8,0
1984,GRAYSON,6,6,0
1984,GREG,9,9,0
1984,GREGG,8,8,0
1984,GREGGORY,5,5,0
1984,GREGORY,468,468,0
1984,GUILLAUME,13,13,0
1984,GUY,15,15,0
1984,HANS,5,5,0
1984,HARLEY,14,14,0
1984,HAROLD,20,20,0
1984,HARRIS,6,6,0
1984,HARRISON,7,7,0
1984,HARRY,23,23,0
1984,HARVEY,5,5,0
1984,HAYDEN,5,5,0
1984,HECTOR,7,7,0
1984,HENRY,32,32,0
1984,GRANT,87,87,0
1984,HERBERT,5,5,0
1984,GRAHAM,139,139,0
1984,GORDON,106,106,0
1984,GARRY,11,11,0
1984,GARY,103,103,0
1984,GAVIN,41,41,0
1984,GEOFFREY,152,152,0
1984,GEORGE,141,141,0
1984,GERALD,44,44,0
1984,GERARD,7,7,0
1984,GERRY,5,5,0
1984,GIANCARLO,11,11,0
1984,GIANLUCA,5,5,0
1984,GILBERT,16,16,0
1984,GILLES,15,15,0
1984,GINO,5,5,0
1984,GIOVANNI,30,30,0
1984,GIUSEPPE,51,51,0
1984,GLEN,45,45,0
1984,GLENN,40,40,0
1984,GRAEME,53,53,0
1984,HOWARD,23,23,0
1984,HUGH,19,19,0
1984,HUSSEIN,10,10,0
1984,JASON,1376,1376,0
1984,JASPREET,6,6,0
1984,JAY,57,57,0
1984,JAYSON,31,31,0
1984,JEAN-FRANCOIS,25,25,0
1984,JEAN-GUY,7,7,0
1984,JEAN-MARC,10,10,0
1984,JEAN-MICHEL,5,5,0
1984,JEAN-PAUL,7,7,0
1984,JEAN-PIERRE,11,11,0
1984,JEFF,13,13,0
1984,JEFFEREY,6,6,0
1984,JEFFERY,123,123,0
1984,JEFFREY,898,898,0
1984,JEREMIAH,23,23,0
1984,JEREMIE,11,11,0
1984,JEREMY,345,345,0
1984,JARROD,11,11,0
1984,JARRETT,14,14,0
1984,JARED,70,70,0
1984,JAN,11,11,0
1984,IAIN,23,23,0
1984,IAN,347,347,0
1984,IMRAN,10,10,0
1984,IOANNIS,5,5,0
1984,IRFAN,5,5,0
1984,ISAAC,37,37,0
1984,ISAIAH,5,5,0
1984,IVAN,39,39,0
1984,GARRETT,42,42,0
1984,JACK,31,31,0
1984,JACOB,178,178,0
1984,JACQUES,12,12,0
1984,JAKE,25,25,0
1984,JAMAAL,7,7,0
1984,JAMAL,6,6,0
1984,JAMES,1213,1213,0
1984,JAMESON,9,9,0
1984,JAMIESON,11,11,0
1984,JACKSON,7,7,0
1984,ELAINA,8,0,8
1984,GARRET,5,5,0
1984,GARETH,7,7,0
1984,DORIAN,5,5,0
1984,DOUGLAS,140,140,0
1984,DREW,62,62,0
1984,DUANE,18,18,0
1984,DUNCAN,37,37,0
1984,DUSTIN,199,199,0
1984,DWAYNE,46,46,0
1984,DWIGHT,14,14,0
1984,DYLAN,75,75,0
1984,EAMON,5,5,0
1984,EARL,15,15,0
1984,EDGAR,5,5,0
1984,EDMOND,5,5,0
1984,EDMUND,5,5,0
1984,EDWARD,144,144,0
1984,EDWIN,14,14,0
1984,ELI,20,20,0
1984,DONOVAN,15,15,0
1984,ELIAS,16,16,0
1984,DONNY,6,6,0
1984,DON,9,9,0
1984,DEAN,74,74,0
1984,DEMETRIOS,8,8,0
1984,DENIS,41,41,0
1984,DENNIS,97,97,0
1984,DERECK,7,7,0
1984,DEREK,440,440,0
1984,DERICK,9,9,0
1984,DERRICK,58,58,0
1984,DESMOND,12,12,0
1984,DEVAN,6,6,0
1984,DEVIN,104,104,0
1984,DEWAYNE,5,5,0
1984,DILLON,8,8,0
1984,DIMITRIOS,12,12,0
1984,DOMENIC,18,18,0
1984,DOMENICO,19,19,0
1984,DOMINIC,19,19,0
1984,DONALD,145,145,0
1984,ELIJAH,14,14,0
1984,ELLIOT,15,15,0
1984,ELLIOTT,16,16,0
1984,FERNANDO,6,6,0
1984,FILIP,6,6,0
1984,FRANCESCO,50,50,0
1984,FRANCIS,52,52,0
1984,FRANCISCO,7,7,0
1984,FRANCO,14,14,0
1984,FRANCOIS,27,27,0
1984,FRANK,71,71,0
1984,FRANKLIN,10,10,0
1984,FRASER,34,34,0
1984,FREDERIC,12,12,0
1984,FREDERICK,30,30,0
1984,FREDRICK,7,7,0
1984,GABRIEL,59,59,0
1984,GAETAN,5,5,0
1984,GAETANO,10,10,0
1984,GALEN,5,5,0
1984,FARHAN,7,7,0
1984,FAISAL,6,6,0
1984,FABIO,10,10,0
1984,FABIAN,8,8,0
1984,ELVIS,6,6,0
1984,EMANUEL,12,12,0
1984,EMERY,7,7,0
1984,EMILE,5,5,0
1984,EMILIO,7,7,0
1984,EMMANUEL,9,9,0
1984,ENRICO,6,6,0
1984,ERIC,723,723,0
1984,GARETT,10,10,0
1984,ERICH,7,7,0
1984,ERIK,92,92,0
1984,ERNEST,7,7,0
1984,ETHAN,7,7,0
1984,ETIENNE,6,6,0
1984,EUGENE,23,23,0
1984,EVAN,107,107,0
1984,EVERETT,5,5,0
1984,EZRA,5,5,0
1984,ERICK,7,7,0
1984,ELANA,10,0,10
1984,ELAINE,42,0,42
1984,STACY,115,0,115
1984,NIKI,9,0,9
1984,NIKKI,24,0,24
1984,NINA,39,0,39
1984,NISHA,13,0,13
1984,NOELLE,13,0,13
1984,NORA,10,0,10
1984,NICOLLE,6,0,6
1984,NORMA,7,0,7
1984,PAIGE,18,0,18
1984,PAMELA,181,0,181
1984,PANAGIOTA,8,0,8
1984,PATRICE,6,0,6
1984,PATRIZIA,8,0,8
1984,PAULA,41,0,41
1984,OLIVIA,42,0,42
1984,NICOLE,993,0,993
1984,NICOLA,37,25,12
1984,NICHOLE,36,0,36
1984,MORGAN,80,27,53
1984,MYLENE,6,0,6
1984,MÉLANIE,6,0,6
1984,NADIA,98,0,98
1984,NADINE,66,0,66
1984,NANCY,78,0,78
1984,NAOMI,58,0,58
1984,NATALIA,11,0,11
1984,NATALIE,394,0,394
1984,NATASHA,235,0,235
1984,NATASHIA,7,0,7
1984,NATHALIE,41,0,41
1984,NAVDEEP,6,0,6
1984,NAZIA,8,0,8
1984,NERISSA,6,0,6
1984,PAULINE,16,0,16
1984,PEARL,8,0,8
1984,PEGGY,6,0,6
1984,PENNY,14,0,14
1984,RHIANNON,19,0,19
1984,RHONDA,22,0,22
1984,RICHELLE,11,0,11
1984,RILEY,22,13,9
1984,RITA,29,0,29
1984,RIVKA,6,0,6
1984,ROBERTA,18,0,18
1984,ROBIN,139,58,81
1984,ROBYN,131,0,131
1984,ROBYNN,6,0,6
1984,ROCHELLE,21,0,21
1984,ROHINI,6,0,6
1984,ROSA,10,0,10
1984,ROSALIE,6,0,6
1984,ROSALIND,7,0,7
1984,RHEA,8,0,8
1984,MONIQUE,66,0,66
1984,RENÉE,9,0,9
1984,RENE,26,20,6
1984,PRISCILLA,22,0,22
1984,PRIYA,18,0,18
1984,RACHAEL,53,0,53
1984,RACHEAL,6,0,6
1984,RACHEL,409,0,409
1984,RACHELLE,49,0,49
1984,RAMONA,7,0,7
1984,RANDI,18,0,18
1984,RAQUEL,12,0,12
1984,REBECCA,508,0,508
1984,REBEKAH,31,0,31
1984,REENA,11,0,11
1984,REGAN,6,0,6
1984,RENA,8,0,8
1984,RENATA,9,0,9
1984,RENEE,127,0,127
1984,ROSALYN,6,0,6
1984,MONIKA,14,0,14
1984,MONA,6,0,6
1984,MARIE-FRANCE,16,0,16
1984,MARIE-JOSEE,9,0,9
1984,MARIKA,7,0,7
1984,MARILYN,19,0,19
1984,MARINA,32,0,32
1984,MARION,9,0,9
1984,MARIE-EVE,12,0,12
1984,MARISA,32,0,32
1984,MARLA,10,0,10
1984,MARLENA,6,0,6
1984,MARLENE,27,0,27
1984,MARSHA,18,0,18
1984,MARTA,9,0,9
1984,MARTHA,31,0,31
1984,MARISSA,33,0,33
1984,MARIE-CLAUDE,7,0,7
1984,MARIE,539,0,539
1984,MARIANNE,36,0,36
1984,MAIJA,7,0,7
1984,MALLORIE,6,0,6
1984,MALLORY,53,0,53
1984,MANDEEP,11,0,11
1984,MANDI,9,0,9
1984,MANDY,38,0,38
1984,MANISHA,6,0,6
1984,MANON,9,0,9
1984,MANPREET,7,0,7
1984,MARCIA,16,0,16
1984,MARCIE,8,0,8
1984,MARGARET,98,0,98
1984,MARGUERITE,6,0,6
1984,MARIA,143,0,143
1984,MARIANNA,6,0,6
1984,MARTINA,13,0,13
1984,MARTINE,17,0,17
1984,MARY,245,0,245
1984,MARYANN,6,0,6
1984,MEREDITH,32,0,32
1984,MIA,7,0,7
1984,MICHAELA,12,0,12
1984,MICHELE,63,14,49
1984,MICHELLE,864,0,864
1984,MIKAELA,6,0,6
1984,MILA,6,0,6
1984,MILENA,6,0,6
1984,MINDY,20,0,20
1984,MIRA,6,0,6
1984,MIRANDA,114,0,114
1984,MIREILLE,11,0,11
1984,MIRIAM,33,0,33
1984,MISTY,13,0,13
1984,MOLLY,16,0,16
1984,MELODY,33,0,33
1984,MONICA,89,0,89
1984,MELODIE,11,0,11
1984,MELISSA,1352,0,1352
1984,MARYANNE,6,0,6
1984,MAUREEN,24,0,24
1984,MAXINE,9,0,9
1984,MAY,6,0,6
1984,MAYA,18,0,18
1984,MEAGAN,117,0,117
1984,MEAGHAN,134,0,134
1984,MEGAN,473,0,473
1984,MEGHAN,274,0,274
1984,MEGHANN,10,0,10
1984,MELANIE,429,0,429
1984,MELANY,6,0,6
1984,MELINA,6,0,6
1984,MELINDA,52,0,52
1984,MELISA,14,0,14
1984,MELLISSA,10,0,10
1984,MAGGIE,27,0,27
1984,ROSANNA,24,0,24
1984,ROSE,21,0,21
1984,TATIANA,7,0,7
1984,TAWNYA,15,0,15
1984,TAYLOR,77,61,16
1984,TEGAN,9,0,9
1984,TERA,6,0,6
1984,TERESA,73,0,73
1984,TASHA,49,0,49
1984,TERI,21,0,21
1984,TERRI,35,0,35
1984,TERRI-LYNN,13,0,13
1984,TERRY,64,57,7
1984,TESSA,32,0,32
1984,THEA,10,0,10
1984,THERESA,77,0,77
1984,TERRA,20,0,20
1984,TARYN,21,0,21
1984,TARA-LYNN,7,0,7
1984,TARA,297,0,297
1984,SUZANNE,65,0,65
1984,SYLVIA,30,0,30
1984,SYLVIE,44,0,44
1984,TABATHA,8,0,8
1984,TABITHA,51,0,51
1984,TALIA,8,0,8
1984,TAMAR,7,0,7
1984,TAMARA,123,0,123
1984,TAMIKA,8,0,8
1984,TAMMIE,7,0,7
1984,TAMMY,103,0,103
1984,TANIA,84,0,84
1984,TANISHA,8,0,8
1984,TANJA,8,0,8
1984,TANYA,264,0,264
1984,TIA,19,0,19
1984,TIFFANI,6,0,6
1984,TIFFANY,311,0,311
1984,TINA,117,0,117
1984,VICKY,10,0,10
1984,VICTORIA,246,0,246
1984,VIOLET,7,0,7
1984,VIRGINIA,32,0,32
1984,VIVIAN,11,0,11
1984,WENDY,50,0,50
1984,WHITNEY,38,0,38
1984,WILMA,6,0,6
1984,WINNIE,7,0,7
1984,YOLANDA,8,0,8
1984,YVETTE,7,0,7
1984,YVONNE,29,0,29
1984,ZABRINA,6,0,6
1984,ZOE,19,0,19
1984,ELEANOR,6,0,6
1984,VICKI,14,0,14
1984,SUZANNA,8,0,8
1984,VERONIQUE,23,0,23
1984,VERA,6,0,6
1984,TISHA,8,0,8
1984,TONIA,8,0,8
1984,TONYA,51,0,51
1984,TOSHA,6,0,6
1984,TRACEY,42,0,42
1984,TRACY,121,0,121
1984,TRENA,6,0,6
1984,TRICIA,24,0,24
1984,TRINA,15,0,15
1984,TRISHA,41,0,41
1984,TRISTA,40,0,40
1984,TRUDY,9,0,9
1984,VALERIE,125,0,125
1984,VANESSA,292,0,292
1984,VASILIKI,7,0,7
1984,VERONICA,56,0,56
1984,ROSANNE,8,0,8
1984,SUSANNE,6,0,6
1984,SUSAN,106,0,106
1984,SARINA,8,0,8
1984,SASHA,45,7,38
1984,SAVANNAH,10,0,10
1984,SEANNA,6,0,6
1984,SEEMA,9,0,9
1984,SELENA,25,0,25
1984,SARAH-JANE,6,0,6
1984,SELINA,11,0,11
1984,SHAINA,8,0,8
1984,SHANA,18,0,18
1984,SHANNA,20,0,20
1984,SHANNON,568,9,559
1984,SHANTEL,6,0,6
1984,SHANTELLE,8,0,8
1984,SERENA,28,0,28
1984,SARAH,1426,0,1426
1984,SARA,337,0,337
1984,SANDY,29,6,23
1984,ROSEANNE,6,0,6
1984,ROSEMARIE,6,0,6
1984,ROSEMARY,25,0,25
1984,ROXANNE,52,0,52
1984,RUBY,11,0,11
1984,RUTH,33,0,33
1984,SABRINA,160,0,160
1984,SACHA,18,5,13
1984,SADIE,9,0,9
1984,SALINA,6,0,6
1984,SALLY,12,0,12
1984,SAMANTHA,309,0,309
1984,SANA,6,0,6
1984,SANDI,7,0,7
1984,SANDRA,151,0,151
1984,SHARA,6,0,6
1984,SHARI,22,0,22
1984,SHARLENE,7,0,7
1984,SHARON,88,0,88
1984,SOFIA,13,0,13
1984,SONIA,77,0,77
1984,SONJA,19,0,19
1984,SONYA,53,0,53
1984,SOPHIA,37,0,37
1984,SOPHIE,51,0,51
1984,STACEY,269,0,269
1984,STACI,9,0,9
1984,STACIE,21,0,21
1984,STEFANIA,22,0,22
1984,STEFANIE,140,0,140
1984,STELLA,17,0,17
1984,STEPHANIE,1151,0,1151
1984,STÉPHANIE,10,0,10
1984,SUMMER,8,0,8
1984,SIOBHAN,18,0,18
1984,SUSANNA,9,0,9
1984,SIMONE,24,0,24
1984,SHONA,8,0,8
1984,SHAUNA,65,0,65
1984,SHAWNA,84,0,84
1984,SHAYNA,19,0,19
1984,SHEENA,152,0,152
1984,SHEILA,28,0,28
1984,SHELBY,37,0,37
1984,SHELLEY,50,0,50
1984,SHELLY,32,0,32
1984,SHERI,20,0,20
1984,SHERRI,32,0,32
1984,SHERRIE,10,0,10
1984,SHERRY,51,0,51
1984,SHERYL,10,0,10
1984,SHIRA,8,0,8
1984,SHIRLEY,20,0,20
1984,SILVIA,7,0,7
1984,MAEGHAN,10,0,10
1984,PATRICIA,211,0,211
1984,MADELEINE,8,0,8
1984,JANICE,60,0,60
1984,JANINE,34,0,34
1984,JANIS,7,0,7
1984,JANNA,14,0,14
1984,JASMINE,52,0,52
1984,JAYME,7,0,7
1984,JANETTE,9,0,9
1984,JAYMIE,6,0,6
1984,JEAN,51,44,7
1984,JEANETTE,27,0,27
1984,JEANINE,17,0,17
1984,JEANNA,6,0,6
1984,JEANNETTE,7,0,7
1984,JEANNINE,7,0,7
1984,JAYNE,7,0,7
1984,JANET,60,0,60
1984,JANESSA,6,0,6
1984,JANELLE,22,0,22
1984,ISABELLE,36,0,36
1984,IVY,10,0,10
1984,JACKIE,11,0,11
1984,JACKLYN,13,0,13
1984,JACLYN,110,0,110
1984,JACLYNN,8,0,8
1984,JACQUELINE,263,0,263
1984,JACQUELYN,30,0,30
1984,JADE,26,0,26
1984,JAIME,62,9,53
1984,JAIMIE,13,0,13
1984,JAMIE,371,240,131
1984,JAMIE-LYNN,8,0,8
1984,JANA,23,0,23
1984,JANE,39,0,39
1984,JENA,8,0,8
1984,JENELLE,10,0,10
1984,JENIFER,16,0,16
1984,JENNA,326,0,326
1984,JOLENE,31,0,31
1984,JORDAN,410,396,14
1984,JORDANA,16,0,16
1984,JOSEE,35,0,35
1984,JOSEPHINE,28,0,28
1984,JOY,17,0,17
1984,JOYCE,14,0,14
1984,JUANITA,7,0,7
1984,JUDITH,18,0,18
1984,JUDY,22,0,22
1984,JULIA,246,0,246
1984,JULIANA,8,0,8
1984,JULIANNA,12,0,12
1984,JULIANNE,10,0,10
1984,JULIE,400,0,400
1984,JOHANNE,9,0,9
1984,ISABEL,13,0,13
1984,JOHANNA,31,0,31
1984,JODY,75,21,54
1984,JENNI,8,0,8
1984,JENNIE,17,0,17
1984,JENNIFER,2363,0,2363
1984,JENNY,92,0,92
1984,JESSE,351,342,9
1984,JESSICA,1377,0,1377
1984,JESSIE,73,19,54
1984,JILL,58,0,58
1984,JILLIAN,133,0,133
1984,JOAN,7,0,7
1984,JOANNA,125,0,125
1984,JOANNE,71,0,71
1984,JOCELYN,55,0,55
1984,JODI,68,0,68
1984,JODIE,44,0,44
1984,JOELLE,19,0,19
1984,JULIE-ANNE,7,0,7
1984,IRIS,7,0,7
1984,INGRID,14,0,14
1984,ESTHER,35,0,35
1984,EUGENIA,6,0,6
1984,EVA,39,0,39
1984,EVELYN,24,0,24
1984,FAITH,11,0,11
1984,FALLON,15,0,15
1984,ERIN,506,0,506
1984,FARAH,10,0,10
1984,FATIMA,12,0,12
1984,FAYE,9,0,9
1984,FELICIA,19,0,19
1984,FILOMENA,6,0,6
1984,FIONA,40,0,40
1984,FRANCES,37,0,37
1984,FARRAH,6,0,6
1984,ERIKA,86,0,86
1984,ERICA,145,0,145
1984,EMMA,65,0,65
1984,ELENA,21,0,21
1984,ELENI,8,0,8
1984,ELISA,32,0,32
1984,ELISABETH,19,0,19
1984,ELISE,43,0,43
1984,ELISHA,20,0,20
1984,ELISSA,19,0,19
1984,ELIZABETH,433,0,433
1984,ELLA,6,0,6
1984,ELLEN,35,0,35
1984,ELYSE,30,0,30
1984,ELYSIA,11,0,11
1984,EMILIA,11,0,11
1984,EMILIE,27,0,27
1984,EMILY,433,0,433
1984,FRANCESCA,21,0,21
1984,FRANCINE,22,0,22
1984,GABRIELLE,15,0,15
1984,GAIL,8,0,8
1984,HANNA,12,0,12
1984,HANNAH,46,0,46
1984,HARMONY,9,0,9
1984,HARPREET,15,6,9
1984,HAYLEY,35,0,35
1984,HEATHER,604,0,604
1984,HEIDI,61,0,61
1984,HELEN,43,0,43
1984,HELENA,13,0,13
1984,HILARY,60,0,60
1984,HILLARY,21,0,21
1984,HOLLIE,21,0,21
1984,HOLLY,273,0,273
1984,HOPE,13,0,13
1984,ILANA,11,0,11
1984,HANA,7,0,7
1984,IRENE,27,0,27
1984,HALEY,16,0,16
1984,GRACE,34,0,34
1984,GEMMA,7,0,7
1984,GENEVIEVE,57,0,57
1984,GENNA,10,0,10
1984,GEORGIA,13,0,13
1984,MADELINE,8,0,8
1984,GERALDINE,7,0,7
1984,GIANNA,6,0,6
1984,GILLIAN,84,0,84
1984,GINA,31,0,31
1984,GINGER,12,0,12
1984,GIOVANNA,8,0,8
1984,GISELLE,7,0,7
1984,GIULIA,6,0,6
1984,GIUSEPPINA,6,0,6
1984,GLORIA,29,0,29
1984,HAILEY,18,0,18
1984,JULIET,8,0,8
1984,GEORGINA,11,0,11
1984,JYOTI,6,0,6
1984,LAURIE,59,0,59
1984,LEA,6,0,6
1984,LEAH,151,0,151
1984,LEANNA,16,0,16
1984,LEANNE,117,0,117
1984,LEE,121,104,17
1984,LEE-ANN,16,0,16
1984,LEE-ANNE,12,0,12
1984,LEEANN,8,0,8
1984,LEIGH,50,15,35
1984,LEIGH-ANN,8,0,8
1984,LEILA,17,0,17
1984,LENA,7,0,7
1984,LESLEY,66,0,66
1984,LESLIE,104,20,84
1984,LAUREN,413,0,413
1984,LIA,16,0,16
1984,LAUREL,13,0,13
1984,LAURA,963,0,963
1984,KRYSTAL,166,0,166
1984,KRYSTEL,6,0,6
1984,KRYSTEN,10,0,10
1984,KRYSTIN,8,0,8
1984,KRYSTLE,68,0,68
1984,KYLA,54,0,54
1984,KYLEE,8,0,8
1984,KYLIE,20,0,20
1984,KYRA,9,0,9
1984,LACEY,55,0,55
1984,LACY,10,0,10
1984,LANA,19,0,19
1984,LARA,34,0,34
1984,LARISSA,31,0,31
1984,LATOYA,35,0,35
1984,LAURA-LEE,7,0,7
1984,KRYSTA,20,0,20
1984,LIANA,8,0,8
1984,LIANNE,25,0,25
1984,LOUISE,28,0,28
1984,LUCIA,9,0,9
1984,LUCIE,7,0,7
1984,LUCY,17,0,17
1984,LUISA,8,0,8
1984,LYDIA,34,0,34
1984,LYNDA,16,0,16
1984,LYNDSAY,52,0,52
1984,LYNDSEY,57,0,57
1984,LYNE,9,0,9
1984,LYNN,39,0,39
1984,LYNNE,18,0,18
1984,LYNSEY,9,0,9
1984,JUSTINE,57,5,52
1984,MADELAINE,7,0,7
1984,LORRAINE,23,0,23
1984,LIANE,15,0,15
1984,LORNA,10,0,10
1984,LORI,68,0,68
1984,LILIAN,6,0,6
1984,LILLIAN,12,0,12
1984,LILY,12,0,12
1984,LINA,19,0,19
1984,LINDA,87,0,87
1984,LINDSAY,715,6,709
1984,LINDSEY,250,0,250
1984,LINDY,6,0,6
1984,LISA,664,0,664
1984,LISA-MARIE,10,0,10
1984,LISE,15,0,15
1984,LIZA,8,0,8
1984,LORA,12,0,12
1984,LOREDANA,9,0,9
1984,LORETTA,13,0,13
1984,LORI-ANNE,9,0,9
1984,KRISTYN,20,0,20
1984,LISSA,9,0,9
1984,KRISTINE,64,0,64
1984,KATARINA,6,0,6
1984,KATE,76,0,76
1984,KATELIN,7,0,7
1984,KATELYN,42,0,42
1984,KATHARINE,41,0,41
1984,KATHERINE,459,0,459
1984,KATHLEEN,242,0,242
1984,KATHRYN,231,0,231
1984,KATHY,21,0,21
1984,KATIE,186,0,186
1984,KATRINA,107,0,107
1984,KATY,8,0,8
1984,KAYLA,66,0,66
1984,KAYLEE,7,0,7
1984,KAYLIE,6,0,6
1984,KASSANDRA,12,0,12
1984,KEELEY,7,0,7
1984,KASEY,7,0,7
1984,KARYN,14,0,14
1984,KAILEY,7,0,7
1984,KAILA,7,0,7
1984,KRISTY,89,0,89
1984,KAITLIN,54,0,54
1984,KAITLYN,23,0,23
1984,KALEY,11,0,11
1984,KANDICE,11,0,11
1984,KARA,61,0,61
1984,KAREN,245,0,245
1984,KARI,30,0,30
1984,KARIN,12,0,12
1984,KARINA,13,0,13
1984,KARINE,11,0,11
1984,KARLA,22,0,22
1984,KARLY,18,0,18
1984,KASANDRA,7,0,7
1984,KEELY,6,0,6
1984,KARLI,9,0,9
1984,KELLEY,8,0,8
1984,KIRA,30,0,30
1984,KIRAN,6,0,6
1984,KIRBY,9,0,9
1984,KIRSTEN,48,0,48
1984,KIRSTIN,6,0,6
1984,KONSTANTINA,6,0,6
1984,KRISTAL,25,0,25
1984,KRISTAN,6,0,6
1984,KRISTEL,8,0,8
1984,KRISTEN,296,0,296
1984,KRISTI,28,0,28
1984,KEISHA,9,0,9
1984,KRISTINA,121,0,121
1984,KRISTIE,18,0,18
1984,KRISTIN,191,0,191
1984,KIMBERLY,361,0,361
1984,KIMBERLEY,108,0,108
1984,KRISTA,216,0,216
1984,KIM,16,0,16
1984,KELLIE,11,0,11
1984,KIMBERLEE,13,0,13
1984,KELSEY,26,0,26
1984,KENDAL,7,0,7
1984,KELLY,456,25,431
1984,KENDRA,74,0,74
1984,KERI,23,0,23
1984,KELLI,14,0,14
1984,KENDALL,17,0,17
1984,KERRI,60,0,60
1984,KERRIE,6,0,6
1984,KERRY,59,5,54
1984,KIERA,8,0,8
1984,KILEY,7,0,7
1985,MALLORY,79,0,79
1985,MAGGIE,25,0,25
1985,MARINA,15,0,15
1985,MANDI,11,0,11
1985,MANDY,62,0,62
1985,MANON,8,0,8
1985,MANPREET,9,0,9
1985,MARA,11,0,11
1985,MANDEEP,24,11,13
1985,MARCI,6,0,6
1985,MARIAN,8,0,8
1985,MARCIE,12,0,12
1985,MARGARET,94,0,94
1985,MARIA,144,0,144
1985,MARIANNE,26,0,26
1985,MARIE,515,0,515
1985,MARIE-CLAUDE,6,0,6
1985,MARIE-EVE,13,0,13
1985,MAEGAN,22,0,22
1985,MARILYN,15,0,15
1985,MARIE-JOSEE,9,0,9
1985,MARIE-FRANCE,7,0,7
1985,MARCIA,11,0,11
1985,MADISON,14,0,14
1985,LOUISE,21,0,21
1985,MADELEINE,18,0,18
1985,LISE,12,0,12
1985,LISA-MARIE,7,0,7
1985,LONI,6,0,6
1985,MARION,12,0,12
1985,LISA,595,0,595
1985,LORA,6,0,6
1985,LOREDANA,7,0,7
1985,LORETTA,13,0,13
1985,LORI,57,0,57
1985,LORNA,9,0,9
1985,LORRAINE,27,0,27
1985,MADELINE,10,0,10
1985,LOUISA,10,0,10
1985,LUCIE,8,0,8
1985,LUCY,17,0,17
1985,LYDIA,40,0,40
1985,LYNDA,9,0,9
1985,LYNDSAY,57,0,57
1985,LYNDSEY,25,0,25
1985,LYNN,38,0,38
1985,LYNNE,7,0,7
1985,LYNSEY,7,0,7
1985,MACKENZIE,31,18,13
1985,MADELAINE,8,0,8
1985,LUCIA,12,0,12
1985,MARISA,27,0,27
1985,MELODIE,8,0,8
1985,MARJORIE,8,0,8
1985,MELISA,12,0,12
1985,MELISSA,1208,0,1208
1985,MELLISA,8,0,8
1985,MELLISSA,16,0,16
1985,MELODY,31,0,31
1985,MERCEDES,6,0,6
1985,MEREDITH,49,0,49
1985,MIA,6,0,6
1985,MICHAELA,8,0,8
1985,MICHELE,71,18,53
1985,MICHELINE,7,0,7
1985,MELINDA,44,0,44
1985,MICHELLE,779,0,779
1985,MINA,8,0,8
1985,MINDY,14,0,14
1985,MIRANDA,95,0,95
1985,MIREILLE,18,0,18
1985,MIRIAM,29,0,29
1985,MISTY,20,0,20
1985,MOLLY,13,0,13
1985,LINSAY,6,0,6
1985,MONIKA,13,0,13
1985,MONA,8,0,8
1985,MONICA,83,0,83
1985,MILA,12,0,12
1985,MARISSA,33,0,33
1985,MELANIE,414,0,414
1985,MEGHAN,268,0,268
1985,MARLA,11,0,11
1985,MARLEE,7,0,7
1985,MARLENA,6,0,6
1985,MARLENE,20,0,20
1985,MARLEY,19,0,19
1985,MARNIE,8,0,8
1985,MARSHA,19,0,19
1985,MARTA,6,0,6
1985,MARTHA,37,0,37
1985,MARTINA,10,0,10
1985,MARTINE,13,0,13
1985,MEGHANN,13,0,13
1985,MARY,225,0,225
1985,MARYANN,7,0,7
1985,MARYANNE,8,0,8
1985,MARYSE,6,0,6
1985,MAUREEN,19,0,19
1985,MAXINE,7,0,7
1985,MAY,7,0,7
1985,MAYA,14,0,14
1985,MEAGAN,144,0,144
1985,MEAGHAN,124,0,124
1985,MEAGHEN,6,0,6
1985,MEGAN,564,0,564
1985,MARYAM,6,0,6
1985,LINDSEY,206,0,206
1985,KESHIA,19,0,19
1985,LINDA,78,0,78
1985,KELSEY,39,5,34
1985,KENDAL,6,0,6
1985,KENDALL,12,0,12
1985,KENDRA,65,0,65
1985,KEREN,6,0,6
1985,KERI,23,0,23
1985,KERRI,44,0,44
1985,KERRIE,8,0,8
1985,KERRY,40,5,35
1985,KIERA,14,0,14
1985,KIM,32,7,25
1985,KIMBERLEE,15,0,15
1985,KIMBERLEY,119,0,119
1985,KIMBERLY,328,0,328
1985,KIRA,26,0,26
1985,KIRAN,6,0,6
1985,KIRBY,6,0,6
1985,KIRSTEN,42,0,42
1985,KIRSTIN,8,0,8
1985,KIRSTY,8,0,8
1985,KOURTNEY,6,0,6
1985,KRISTA,201,0,201
1985,KRISTAL,16,0,16
1985,KELLY-ANN,7,0,7
1985,KELLY,439,18,421
1985,KELLIE,19,0,19
1985,KELLI,16,0,16
1985,MONIQUE,65,0,65
1985,KATE,48,0,48
1985,KASSANDRA,14,0,14
1985,KATELIN,15,0,15
1985,KATELYN,112,0,112
1985,KATELYNN,10,0,10
1985,KATERINA,8,0,8
1985,KATHARINE,51,0,51
1985,KATHERINE,421,0,421
1985,KATHLEEN,247,0,247
1985,KATHRYN,269,0,269
1985,KRISTEL,8,0,8
1985,KATHY,20,0,20
1985,KATIE-ANN,6,0,6
1985,KATLYN,9,0,9
1985,KATRINA,136,0,136
1985,KATY,12,0,12
1985,KAVITA,6,0,6
1985,KAYLA,98,0,98
1985,KAYLEE,6,0,6
1985,KAYLEIGH,9,0,9
1985,KEELY,11,0,11
1985,KEISHA,14,0,14
1985,KELLEY,14,0,14
1985,KATIE,245,0,245
1985,KRISTEN,300,0,300
1985,KRISTI,29,0,29
1985,KRISTIE,26,0,26
1985,LEA,11,0,11
1985,LEAH,152,0,152
1985,LEANNA,12,0,12
1985,LEANNE,94,0,94
1985,LEE,128,108,20
1985,LEE-ANN,12,0,12
1985,LEE-ANNE,11,0,11
1985,LEEANN,8,0,8
1985,LEEANNE,7,0,7
1985,LEENA,6,0,6
1985,LEIGH,26,5,21
1985,LAURIE,55,0,55
1985,LEIGH-ANN,7,0,7
1985,LENA,14,0,14
1985,LEONA,8,0,8
1985,LESLEY,60,0,60
1985,LESLIE,101,25,76
1985,LIA,8,0,8
1985,LIANA,14,0,14
1985,LIANE,12,0,12
1985,LIANNE,27,0,27
1985,LILLIAN,18,0,18
1985,LILY,8,0,8
1985,LINA,16,0,16
1985,LEILA,10,0,10
1985,LINDSAY,694,11,683
1985,LAUREN,405,0,405
1985,LAURA,993,0,993
1985,KRISTIN,171,0,171
1985,KRISTINA,189,0,189
1985,KRISTINE,63,0,63
1985,KRISTY,80,0,80
1985,KRISTYN,10,0,10
1985,KRISTYNA,6,0,6
1985,KRYSTA,32,0,32
1985,KRYSTAL,200,0,200
1985,KRYSTEL,7,0,7
1985,KRYSTEN,12,0,12
1985,KRYSTIN,9,0,9
1985,LAUREL,25,0,25
1985,KRYSTINA,17,0,17
1985,KYLA,47,0,47
1985,KYLEE,7,0,7
1985,KYLIE,16,0,16
1985,KYRA,7,0,7
1985,LACEY,54,0,54
1985,LACIE,6,0,6
1985,LACY,7,0,7
1985,LANA,18,0,18
1985,LARA,31,0,31
1985,LARISSA,34,0,34
1985,LATOYA,23,0,23
1985,KRYSTLE,94,0,94
1985,MORGAN,94,28,66
1985,AARON,425,425,0
1985,MÉLANIE,12,0,12
1985,STELLA,8,0,8
1985,STEPHANIE,1197,0,1197
1985,STEPHENIE,8,0,8
1985,STÉPHANIE,7,0,7
1985,SUMMER,13,0,13
1985,SUSAN,89,0,89
1985,SUSANNA,9,0,9
1985,SUSANNE,9,0,9
1985,SUSIE,6,0,6
1985,SUZANNE,56,0,56
1985,SYDNEY,15,0,15
1985,SYLVIA,42,0,42
1985,SYLVIE,31,0,31
1985,TABATHA,9,0,9
1985,TABITHA,68,0,68
1985,TALIA,14,0,14
1985,TAMAR,9,0,9
1985,TAMARA,128,0,128
1985,TAMIKA,6,0,6
1985,TAMMY,83,0,83
1985,TANIA,56,0,56
1985,TANIS,9,0,9
1985,TANISHA,6,0,6
1985,STEFANIE,87,0,87
1985,STEFANIA,19,0,19
1985,STACY,88,0,88
1985,STACIE,17,0,17
1985,SHELBY,31,0,31
1985,SHELLEY,46,0,46
1985,SHELLY,13,0,13
1985,SHERI,24,0,24
1985,SHERILYN,7,0,7
1985,SHERRI,27,0,27
1985,SHERRIE,6,0,6
1985,SHERRY,34,0,34
1985,SHERYL,12,0,12
1985,SHIRA,8,0,8
1985,SHIRLEY,14,0,14
1985,TANYA,223,0,223
1985,SHIVANI,6,0,6
1985,SIERRA,9,0,9
1985,SILVIA,9,0,9
1985,SIMONE,31,0,31
1985,SIOBHAN,23,0,23
1985,SOFIA,11,0,11
1985,SONIA,60,0,60
1985,SONJA,17,0,17
1985,SONYA,40,0,40
1985,SOPHIA,41,0,41
1985,SOPHIE,56,0,56
1985,STACEY,232,0,232
1985,SHOSHANA,7,0,7
1985,SHEILA,29,0,29
1985,TARA,284,0,284
1985,TARAH,11,0,11
1985,TRISTA,29,0,29
1985,TRUDY,10,0,10
1985,VALERIE,130,0,130
1985,VANESSA,318,0,318
1985,VENESSA,7,0,7
1985,VERA,8,0,8
1985,VERONICA,75,0,75
1985,VERONIQUE,26,0,26
1985,VICKI,19,0,19
1985,VICKIE,8,0,8
1985,VICKY,18,0,18
1985,VICTORIA,315,0,315
1985,VIRGINIA,30,0,30
1985,VIVIAN,16,0,16
1985,WENDY,49,0,49
1985,WHITNEY,62,0,62
1985,YASMIN,15,0,15
1985,YASMINE,6,0,6
1985,YVETTE,7,0,7
1985,YVONNE,24,0,24
1985,ZAHRA,7,0,7
1985,KASANDRA,7,0,7
1985,ZOE,22,0,22
1985,TRISHA,44,0,44
1985,TRINA,13,0,13
1985,TRICIA,15,0,15
1985,TRACY,100,0,100
1985,TARALYN,6,0,6
1985,TARRA,6,0,6
1985,TARYN,80,0,80
1985,TASHA,41,0,41
1985,TATIANA,8,0,8
1985,TAWNYA,16,0,16
1985,TAYLOR,119,95,24
1985,TEGAN,17,0,17
1985,TERA,7,0,7
1985,TERESA,56,0,56
1985,TERI,17,0,17
1985,TARA-LYNN,12,0,12
1985,TERRA,19,0,19
1985,TERRI-LYN,6,0,6
1985,TESSA,24,0,24
1985,THERESA,74,0,74
1985,TIA,19,0,19
1985,TIFFANY,260,0,260
1985,TINA,101,0,101
1985,TONI,6,0,6
1985,TONIA,9,0,9
1985,TONYA,53,0,53
1985,TRACEY,44,0,44
1985,TRACIE,8,0,8
1985,TERRI,31,0,31
1985,SHEENA,130,0,130
1985,SHAZIA,6,0,6
1985,SHAYNA,20,0,20
1985,PAULINE,16,0,16
1985,PEGGY,7,0,7
1985,PENNY,13,0,13
1985,PETRA,6,0,6
1985,PRISCILLA,22,0,22
1985,PRIYA,15,0,15
1985,RACHAEL,53,0,53
1985,RACHEAL,6,0,6
1985,RACHEL,433,0,433
1985,RACHELLE,57,0,57
1985,RANDI,19,0,19
1985,RAQUEL,20,0,20
1985,REBECCA,526,0,526
1985,REBEKAH,26,0,26
1985,REENA,6,0,6
1985,RENE,28,22,6
1985,RENEE,128,0,128
1985,RENÉE,11,0,11
1985,RHEA,9,0,9
1985,RHIANNON,11,0,11
1985,RHONDA,13,0,13
1985,RICHELLE,15,0,15
1985,RIKKI,6,0,6
1985,PAULA,51,0,51
1985,PATRICIA,186,0,186
1985,PASCALE,8,0,8
1985,PAOLA,7,0,7
1985,NADIA,97,0,97
1985,NADINE,54,0,54
1985,NANCY,82,0,82
1985,NAOMI,44,0,44
1985,NATALIA,23,0,23
1985,NATALIE,343,0,343
1985,NATASHA,275,0,275
1985,NATASHIA,6,0,6
1985,NATHALIE,41,0,41
1985,NICHOLE,44,0,44
1985,NICOLA,24,10,14
1985,RINA,9,0,9
1985,NICOLE,991,0,991
1985,NICOLLE,8,0,8
1985,NIKI,10,0,10
1985,NIKKI,28,0,28
1985,NINA,39,0,39
1985,NISHA,7,0,7
1985,NOELLE,9,0,9
1985,NORA,10,0,10
1985,NORMA,6,0,6
1985,OLIVIA,34,0,34
1985,PAIGE,16,0,16
1985,PAMELA,139,0,139
1985,NICOLETTE,6,0,6
1985,RITA,20,0,20
1985,ROBERTA,19,0,19
1985,ROBIN,148,53,95
1985,SANTANA,8,0,8
1985,SARA,344,0,344
1985,SARAH,1403,0,1403
1985,SARI,7,0,7
1985,SASHA,49,11,38
1985,SAVANNAH,11,0,11
1985,SEEMA,11,0,11
1985,SELENA,11,0,11
1985,SELINA,12,0,12
1985,SERENA,34,0,34
1985,SHAINA,14,0,14
1985,SANDY,36,9,27
1985,SHANA,18,0,18
1985,SHANNA,31,0,31
1985,SHANNON,508,7,501
1985,SHANTEL,12,0,12
1985,SHANTELLE,7,0,7
1985,SHARI,23,0,23
1985,SHARLENE,9,0,9
1985,SHARON,54,0,54
1985,SHAUNA,60,0,60
1985,SHAUNNA,8,0,8
1985,SHAWNA,70,0,70
1985,SHAYLA,6,0,6
1985,SHANDA,6,0,6
1985,MYRIAM,9,0,9
1985,SANDRA,133,0,133
1985,SANA,9,0,9
1985,ROBYN,124,0,124
1985,ROCHELLE,17,0,17
1985,ROMINA,6,0,6
1985,ROSA,9,0,9
1985,ROSALIE,6,0,6
1985,ROSALYN,6,0,6
1985,ROSANNA,11,0,11
1985,ROSANNE,12,0,12
1985,ROSARIA,7,0,7
1985,ROSE,16,0,16
1985,ROSEANNE,7,0,7
1985,SANDEEP,14,6,8
1985,ROSEMARY,14,0,14
1985,ROXANNE,37,0,37
1985,RUBY,6,0,6
1985,RUPINDER,8,0,8
1985,RUTH,32,0,32
1985,SABINA,6,0,6
1985,SABRINA,140,0,140
1985,SAIRA,7,0,7
1985,SALLY,35,0,35
1985,SALMA,6,0,6
1985,SAMANTHA,439,0,439
1985,SAMARA,11,0,11
1985,ROXANE,6,0,6
1985,KARYN,13,0,13
1985,CARISSA,15,0,15
1985,KARLIE,7,0,7
1985,CARA,39,0,39
1985,CAREY,6,0,6
1985,CARINA,10,0,10
1985,CARLA,57,0,57
1985,CARLEIGH,9,0,9
1985,CARLEY,24,0,24
1985,CARLIE,12,0,12
1985,CARLING,8,0,8
1985,CARLY,96,0,96
1985,CARMELA,11,0,11
1985,CARMEN,29,9,20
1985,CAROL,31,0,31
1985,CAROLE,9,0,9
1985,CAROLINE,112,0,112
1985,CAROLYN,103,0,103
1985,CARRIE,71,0,71
1985,CASANDRA,9,0,9
1985,CASEY,79,40,39
1985,CASSANDRA,178,0,178
1985,CASSIE,22,0,22
1985,CATHARINE,8,0,8
1985,CATHERINE,205,0,205
1985,CATHLEEN,6,0,6
1985,CANDICE,205,0,205
1985,CANDACE,105,0,105
1985,CAMILLE,36,0,36
1985,CAMILLA,9,0,9
1985,BLAIR,83,64,19
1985,BLAIRE,6,0,6
1985,BOBBI,7,0,7
1985,BOBBI-JO,8,0,8
1985,BONNIE,26,0,26
1985,BRANDI,37,0,37
1985,BRANDIE,8,0,8
1985,BRANDY,51,0,51
1985,BREANNA,8,0,8
1985,BREANNE,31,0,31
1985,BRENDA,46,0,46
1985,CATHY,17,0,17
1985,BRENNA,12,0,12
1985,BRIANNE,67,0,67
1985,BRIDGET,21,0,21
1985,BRIGITTE,19,0,19
1985,BRITNEY,18,0,18
1985,BRITTANY,315,0,315
1985,BRITTNEY,49,0,49
1985,BRONWYN,19,0,19
1985,BROOKE,61,0,61
1985,CAILIN,7,0,7
1985,CAITLIN,238,0,238
1985,CAITLYN,24,0,24
1985,BRIANNA,30,0,30
1985,BILLIE,6,0,6
1985,CATRINA,7,0,7
1985,CELESTE,12,0,12
1985,CHRISTINE,491,0,491
1985,CHRISTY,21,0,21
1985,CHRYSTAL,20,0,20
1985,CIARA,6,0,6
1985,CINDY,88,0,88
1985,CINZIA,6,0,6
1985,CLAIRE,74,0,74
1985,CLARA,10,0,10
1985,CLARE,9,0,9
1985,CLARISSA,6,0,6
1985,CLAUDIA,34,0,34
1985,COLLEEN,89,0,89
1985,CONNIE,21,0,21
1985,CONSTANCE,15,0,15
1985,COREY,339,331,8
1985,CORI,8,0,8
1985,CORINA,7,0,7
1985,CORINNE,27,0,27
1985,CORRIE,13,0,13
1985,CORRINA,9,0,9
1985,CORRINE,20,0,20
1985,CORTNEY,17,0,17
1985,CORY,286,278,8
1985,CHRISTINA,503,0,503
1985,CHRISTIN,7,0,7
1985,CHRISTIE,37,0,37
1985,CHRISTIANE,15,0,15
1985,CELIA,11,0,11
1985,CELINA,11,0,11
1985,CELINE,19,0,19
1985,CHANDRA,9,0,9
1985,CHANEL,12,0,12
1985,CHANTAL,151,0,151
1985,CHANTALE,13,0,13
1985,CHANTEL,66,0,66
1985,CHANTELL,14,0,14
1985,CHANTELLE,92,0,92
1985,CHARISSA,7,0,7
1985,CAYLA,6,0,6
1985,CHARITY,8,0,8
1985,CHARLOTTE,50,0,50
1985,CHARMAINE,14,0,14
1985,CHELSEA,108,0,108
1985,CHELSEY,31,0,31
1985,CHELSIE,8,0,8
1985,CHERI,13,0,13
1985,CHERISH,6,0,6
1985,CHERYL,110,0,110
1985,CHLOE,22,0,22
1985,CHRISTA,26,0,26
1985,CHRISTAL,7,0,7
1985,CHARLENE,67,0,67
1985,COURTENAY,7,0,7
1985,BIANCA,29,0,29
1985,BETTY,9,0,9
1985,ALICE,24,0,24
1985,ALICIA,301,0,301
1985,ALINA,6,0,6
1985,ALISHA,72,0,72
1985,ALISHIA,8,0,8
1985,ALISON,171,0,171
1985,ALISSA,23,0,23
1985,ALIYA,6,0,6
1985,ALLISON,253,0,253
1985,ALLYSON,16,0,16
1985,ALYCIA,10,0,10
1985,ALYSHA,16,0,16
1985,ALYSIA,12,0,12
1985,ALYSON,20,0,20
1985,ALYSSA,68,0,68
1985,AMANDA,1759,0,1759
1985,AMBER,275,0,275
1985,AMELIA,44,0,44
1985,AMELIE,11,0,11
1985,AMIE,28,0,28
1985,AMINA,6,0,6
1985,AMRITA,10,0,10
1985,AMY,613,0,613
1985,ALIA,9,0,9
1985,ALEXIS,57,0,57
1985,ALEXANDRIA,17,0,17
1985,ALEXANDRA,254,0,254
1985,MIKEL,7,7,0
1985,ABBEY,8,0,8
1985,ABBY,20,0,20
1985,ABIGAIL,13,0,13
1985,ADA,7,0,7
1985,ADELE,25,0,25
1985,ADINA,6,0,6
1985,ADRIANA,17,0,17
1985,ADRIANNE,7,0,7
1985,ADRIENNE,69,0,69
1985,AGATHA,8,0,8
1985,ANA,16,0,16
1985,AGNES,9,0,9
1985,AIMEE,44,0,44
1985,AINSLEY,18,0,18
1985,AISHA,16,0,16
1985,ALAINA,17,0,17
1985,ALANA,78,0,78
1985,ALANNA,54,0,54
1985,ALAYNA,7,0,7
1985,ALECIA,10,0,10
1985,ALEISHA,6,0,6
1985,ALESSANDRA,16,0,16
1985,ALEXA,8,0,8
1985,AILEEN,10,0,10
1985,BEVERLY,19,0,19
1985,ANASTASIA,26,0,26
1985,ANDRIA,13,0,13
1985,ASHLEIGH,122,0,122
1985,ASHLEY,2027,6,2021
1985,ASHLEY-ANNE,8,0,8
1985,ASHLEY-LYNN,6,0,6
1985,ASHLIE,9,0,9
1985,ASHLY,6,0,6
1985,ASHTON,25,11,14
1985,ATHENA,14,0,14
1985,AUBREY,15,7,8
1985,AUDREY,25,0,25
1985,AUTUMN,14,0,14
1985,AVERY,6,0,6
1985,AYESHA,6,0,6
1985,BABY,54,23,31
1985,BAILEY,22,0,22
1985,BARBARA,53,0,53
1985,BEATRICE,6,0,6
1985,BECKY,12,0,12
1985,BELINDA,12,0,12
1985,BERNADETTE,8,0,8
1985,BERNICE,7,0,7
1985,BETH,23,0,23
1985,BETHANY,52,0,52
1985,ASHLEE,49,0,49
1985,ASHLEA,12,0,12
1985,ASHA,9,0,9
1985,ARLENE,8,0,8
1985,ANGEL,28,0,28
1985,ANGELA,311,0,311
1985,ANGELE,21,0,21
1985,ANGELICA,6,0,6
1985,ANGELINA,17,0,17
1985,ANGELINE,7,0,7
1985,ANGELIQUE,8,0,8
1985,ANGIE,23,0,23
1985,ANICK,6,0,6
1985,ANIK,7,0,7
1985,ANIKA,7,0,7
1985,ANDREA,546,9,537
1985,ANITA,51,0,51
1985,ANN-MARIE,7,0,7
1985,ANNA,174,0,174
1985,ANNE,71,0,71
1985,ANNE-MARIE,19,0,19
1985,ANNETTE,13,0,13
1985,ANNIE,34,0,34
1985,ANTOINETTE,7,0,7
1985,ANTONIA,9,0,9
1985,ANTONIETTA,9,0,9
1985,APRIL,130,0,130
1985,ARIELLE,11,0,11
1985,ANN,33,0,33
1985,COURTNEY,323,10,313
1985,CRISTA,6,0,6
1985,CRISTIN,7,0,7
1985,JASMIN,9,0,9
1985,JASMINE,77,0,77
1985,JASPREET,14,6,8
1985,JAYME,22,0,22
1985,JAYMIE,6,0,6
1985,JEAN,56,42,14
1985,JEANETTE,23,0,23
1985,JEANINE,8,0,8
1985,JEANNA,6,0,6
1985,JEANNETTE,7,0,7
1985,JEANNINE,9,0,9
1985,JENA,20,0,20
1985,JENELLE,8,0,8
1985,JENIFER,11,0,11
1985,JENNA,383,0,383
1985,JENNA-LEE,6,0,6
1985,JENNIE,17,0,17
1985,JENNIFER,1852,0,1852
1985,JENNIFER-LYNN,7,0,7
1985,JENNY,94,0,94
1985,JESSE,431,423,8
1985,JESSI,6,0,6
1985,JESSICA,1429,0,1429
1985,JAQUELINE,6,0,6
1985,JANNA,15,0,15
1985,JANINE,38,0,38
1985,JANIE,6,0,6
1985,INGRID,7,0,7
1985,IRENE,32,0,32
1985,IRIS,12,0,12
1985,ISABEL,12,0,12
1985,ISABELLA,7,0,7
1985,ISABELLE,33,0,33
1985,JACINTHE,6,0,6
1985,JACKIE,16,0,16
1985,JACKLYN,19,0,19
1985,JACLYN,124,0,124
1985,JACQUELINE,248,0,248
1985,JESSIE,78,24,54
1985,JACQUELYN,20,0,20
1985,JAIME,74,9,65
1985,JAIMIE,19,0,19
1985,JAMIE,406,220,186
1985,JAMIE-LEE,17,0,17
1985,JANA,23,0,23
1985,JANE,27,0,27
1985,JANELLE,29,0,29
1985,JANESSA,6,0,6
1985,JANET,48,0,48
1985,JANETTE,6,0,6
1985,JANICE,41,0,41
1985,JADE,48,0,48
1985,ILANA,7,0,7
1985,JILL,39,0,39
1985,JOAN,7,0,7
1985,JULIE-ANNE,6,0,6
1985,JUNE,8,0,8
1985,JUSTINA,10,0,10
1985,JUSTINE,69,0,69
1985,KAILA,18,0,18
1985,KAILEY,10,0,10
1985,KAITLIN,107,0,107
1985,KAITLYN,79,0,79
1985,KALEIGH,11,0,11
1985,KALEY,11,0,11
1985,KALI,6,0,6
1985,KANDICE,9,0,9
1985,KARA,82,0,82
1985,KAREN,185,0,185
1985,KARI,27,0,27
1985,KARIN,11,0,11
1985,KARINA,16,0,16
1985,KARINE,20,0,20
1985,KARISSA,12,0,12
1985,KARLA,22,0,22
1985,KARLEE,6,0,6
1985,KARLEY,6,0,6
1985,KARLI,7,0,7
1985,JULIE-ANN,7,0,7
1985,JULIE,372,0,372
1985,JULIANNE,36,0,36
1985,JULIANNA,15,0,15
1985,JOANNA,113,0,113
1985,JOANNE,61,0,61
1985,JOCELYN,67,0,67
1985,JOCELYNE,12,0,12
1985,JODI,52,0,52
1985,JODIE,30,0,30
1985,JODY,54,12,42
1985,JOELLE,14,0,14
1985,JOHANNA,28,0,28
1985,JOLENE,26,0,26
1985,JORDAN,454,429,25
1985,JILLIAN,125,0,125
1985,JORDANA,14,0,14
1985,JOSEPHINE,20,0,20
1985,JOSIANE,9,0,9
1985,JOSIE,11,0,11
1985,JOSÉE,6,0,6
1985,JOY,26,0,26
1985,JOYCE,15,0,15
1985,JUANITA,9,0,9
1985,JUDITH,19,0,19
1985,JUDY,16,0,16
1985,JULIA,218,0,218
1985,JULIANA,14,0,14
1985,JOSEE,39,0,39
1985,HOPE,10,0,10
1985,HOLLY,270,0,270
1985,HOLLIE,15,0,15
1985,DIANA,152,0,152
1985,DIANE,69,0,69
1985,DIANNA,8,0,8
1985,DIANNE,18,0,18
1985,DINA,13,0,13
1985,DOMINIQUE,36,0,36
1985,DONNA,23,0,23
1985,DOROTHY,23,0,23
1985,DREW,100,91,9
1985,EDEN,9,0,9
1985,EILEEN,15,0,15
1985,ELAINE,38,0,38
1985,ELANA,7,0,7
1985,ELEANOR,10,0,10
1985,ELENA,27,0,27
1985,ELISA,39,0,39
1985,ELISABETH,25,0,25
1985,ELISE,37,0,37
1985,ELISHA,32,0,32
1985,ELISSA,26,0,26
1985,ELIZABETH,449,0,449
1985,ELLA,7,0,7
1985,ELLEN,25,0,25
1985,DEVON,109,82,27
1985,DESIREE,44,0,44
1985,DENISE,81,0,81
1985,DEIRDRE,6,0,6
1985,CRISTINA,63,0,63
1985,CRYSTAL,429,0,429
1985,CYNTHIA,105,0,105
1985,DALLAS,13,7,6
1985,DANA,125,17,108
1985,DANICA,8,0,8
1985,DANIELA,67,0,67
1985,DANIELLA,33,0,33
1985,DANIELLE,694,0,694
1985,DANIKA,9,0,9
1985,DANNIELLE,10,0,10
1985,ELSA,6,0,6
1985,DAPHNE,12,0,12
1985,DARCY,50,43,7
1985,DARLENE,18,0,18
1985,DAWN,85,0,85
1985,DAYNA,44,0,44
1985,DEANA,7,0,7
1985,DEANNA,76,0,76
1985,DEANNE,10,0,10
1985,DEBBIE,17,0,17
1985,DEBORAH,53,0,53
1985,DEBRA,20,0,20
1985,DEIDRE,9,0,9
1985,DARCIE,12,0,12
1985,ELYSE,42,0,42
1985,ELYSIA,12,0,12
1985,EMILIA,11,0,11
1985,GEORGIA,10,0,10
1985,GEORGINA,14,0,14
1985,GILLIAN,86,0,86
1985,GINA,32,0,32
1985,GIOVANNA,9,0,9
1985,GISELE,6,0,6
1985,GISELLE,11,0,11
1985,GIUSEPPINA,11,0,11
1985,GLORIA,19,0,19
1985,GRACE,27,0,27
1985,GURPREET,13,7,6
1985,GENNA,8,0,8
1985,HAILEY,27,0,27
1985,HANNA,7,0,7
1985,HANNAH,40,0,40
1985,HARMONY,8,0,8
1985,HARPREET,7,0,7
1985,HAYLEY,57,0,57
1985,HEATHER,541,0,541
1985,HEIDI,75,0,75
1985,HELEN,44,0,44
1985,HELENA,8,0,8
1985,HILARY,67,0,67
1985,HILLARY,25,0,25
1985,HALEY,32,0,32
1985,KARLY,18,0,18
1985,GENEVIÈVE,7,0,7
1985,GABRIELLE,26,0,26
1985,EMILIE,34,0,34
1985,EMILY,478,0,478
1985,EMMA,109,0,109
1985,ERICA,181,0,181
1985,ERIKA,90,0,90
1985,ERIN,518,0,518
1985,ESTHER,43,0,43
1985,EVA,29,0,29
1985,EVE,10,0,10
1985,EVELYN,25,0,25
1985,FAITH,10,0,10
1985,GENEVIEVE,64,0,64
1985,FALLON,9,0,9
1985,FARAH,10,0,10
1985,FARRAH,10,0,10
1985,FATIMA,11,0,11
1985,FAYE,12,0,12
1985,FELICIA,57,0,57
1985,FIONA,38,0,38
1985,FLORENCE,11,0,11
1985,FRANCE,12,0,12
1985,FRANCES,30,0,30
1985,FRANCESCA,13,0,13
1985,FRANCINE,16,0,16
1985,FALON,6,0,6
1985,ABDUL,5,5,0
1985,MILAN,9,9,0
1985,ADAM,1346,1346,0
1985,MARIO,31,31,0
1985,MARK,866,866,0
1985,MARKO,14,14,0
1985,MARKUS,11,11,0
1985,MARLIN,5,5,0
1985,MARLON,13,13,0
1985,MARSHALL,14,14,0
1985,MARTIN,125,125,0
1985,MARVIN,14,14,0
1985,MASON,7,7,0
1985,MASSIMO,8,8,0
1985,MATHEW,188,188,0
1985,MATHIEU,88,88,0
1985,MATTEO,8,8,0
1985,MATTHEW,2170,2170,0
1985,MATTHIEU,16,16,0
1985,MAURICE,10,10,0
1985,MAREK,6,6,0
1985,MAURIZIO,6,6,0
1985,MARCUS,55,55,0
1985,MARCELLO,9,9,0
1985,LOUIE,5,5,0
1985,LOUIS,28,28,0
1985,LUC,51,51,0
1985,LUCA,10,10,0
1985,LUCAS,93,93,0
1985,LUCIANO,6,6,0
1985,LUCIEN,5,5,0
1985,LUIGI,15,15,0
1985,LUIS,10,10,0
1985,LUKAS,5,5,0
1985,LUKE,143,143,0
1985,LYLE,14,14,0
1985,MALCOLM,20,20,0
1985,MANUEL,9,9,0
1985,MARC,279,279,0
1985,MARC-ANDRE,26,26,0
1985,MARCEL,25,25,0
1985,MARCO,92,92,0
1985,LORNE,13,13,0
1985,MAX,7,7,0
1985,MAXIME,24,24,0
1985,WESLEY,97,97,0
1985,WAYNE,51,51,0
1985,WARREN,54,54,0
1985,WALTER,21,21,0
1985,WADE,15,15,0
1985,VITO,11,11,0
1985,VISHAL,8,8,0
1985,VINCENZO,29,29,0
1985,VINCENT,87,87,0
1985,VINCE,8,8,0
1985,VIJAY,5,5,0
1985,VICTOR,64,64,0
1985,VERNON,11,11,0
1985,VASILIOS,5,5,0
1985,VARUN,10,10,0
1985,TYSON,52,52,0
1985,TYRONE,28,28,0
1985,WILLIAM,645,645,0
1985,MAXIM,7,7,0
1985,WILLIE,6,6,0
1985,WINSTON,10,10,0
1985,MAXIMILIAN,9,9,0
1985,MAXWELL,15,15,0
1985,MELVIN,5,5,0
1985,MICAH,13,13,0
1985,MICHAEL,2724,2724,0
1985,MICHAL,5,5,0
1985,MICHEAL,108,108,0
1985,MICHEL,66,66,0
1985,MIGUEL,19,19,0
1985,MIKE,7,7,0
1985,ZACKARY,16,16,0
1985,ZACHERY,6,6,0
1985,ZACHARY,218,218,0
1985,YVES,16,16,0
1985,YURI,5,5,0
1985,YEHUDA,5,5,0
1985,WYATT,5,5,0
1985,WILSON,8,8,0
1985,LOGAN,28,28,0
1985,LLOYD,9,9,0
1985,LIONEL,9,9,0
1985,JORY,8,8,0
1985,JOSE,27,27,0
1985,JOSEF,6,6,0
1985,JOSEPH,1105,1105,0
1985,JOSH,10,10,0
1985,JOSHUA,1072,1072,0
1985,JOVAN,6,6,0
1985,JUAN,9,9,0
1985,JULES,5,5,0
1985,JULIAN,105,105,0
1985,JULIEN,31,31,0
1985,JUSTIN,964,964,0
1985,KA,6,6,0
1985,KAI,6,6,0
1985,KALVIN,5,5,0
1985,KANE,5,5,0
1985,KAREEM,9,9,0
1985,JORGE,7,7,0
1985,KARIM,11,11,0
1985,JORDON,13,13,0
1985,JONATHON,90,90,0
1985,JIMMY,22,22,0
1985,JOE,7,7,0
1985,JOEL,265,265,0
1985,JOESPH,6,6,0
1985,JOEY,30,30,0
1985,JOHAN,5,5,0
1985,JOHANNES,8,8,0
1985,JOHN,833,833,0
1985,JOHNATHAN,69,69,0
1985,JOHNATHON,33,33,0
1985,JOHN-DAVID,5,5,0
1985,JOHNNY,16,16,0
1985,JOHN-PAUL,13,13,0
1985,JON,21,21,0
1985,JONAH,12,12,0
1985,JONAS,6,6,0
1985,JONATHAN,936,936,0
1985,JORDEN,6,6,0
1985,KARL,36,36,0
1985,KEEGAN,26,26,0
1985,KEENAN,7,7,0
1985,KURTIS,39,39,0
1985,KYLE,1242,1242,0
1985,LANCE,52,52,0
1985,LANDON,12,12,0
1985,LARRY,26,26,0
1985,LAURENT,5,5,0
1985,LAWRENCE,27,27,0
1985,LEIF,5,5,0
1985,LEO,13,13,0
1985,LEON,11,11,0
1985,LEONARD,25,25,0
1985,LEONARDO,6,6,0
1985,LEROY,9,9,0
1985,LEVI,17,17,0
1985,LEWIS,12,12,0
1985,LIAM,47,47,0
1985,LINCOLN,5,5,0
1985,KURT,18,18,0
1985,KRISTOPHER,85,85,0
1985,KRISTOFFER,5,5,0
1985,KRISTOFER,12,12,0
1985,KEITH,139,139,0
1985,KELLEN,12,12,0
1985,KELVIN,11,11,0
1985,KEN,8,8,0
1985,KENNETH,219,219,0
1985,KENNY,9,9,0
1985,KENT,13,13,0
1985,KEVIN,907,907,0
1985,TYRELL,7,7,0
1985,KIEL,20,20,0
1985,KIRK,48,48,0
1985,KODY,8,8,0
1985,KONRAD,7,7,0
1985,KONSTANTINOS,6,6,0
1985,KOREY,16,16,0
1985,KORY,25,25,0
1985,KRIS,9,9,0
1985,KRISTIAN,17,17,0
1985,KIERAN,10,10,0
1985,JERRY,22,22,0
1985,TYLOR,9,9,0
1985,TUAN,5,5,0
1985,RAJIV,8,8,0
1985,RAHUL,8,8,0
1985,RAHIM,6,6,0
1985,RAFFAELE,8,8,0
1985,RAFAEL,5,5,0
1985,PRESTON,18,18,0
1985,PIETRO,7,7,0
1985,PIERRE-LUC,6,6,0
1985,PIERRE,25,25,0
1985,PHILLIP,91,91,0
1985,PHILIPPE,50,50,0
1985,PHILIP,242,242,0
1985,ABRAHAM,10,10,0
1985,PERRY,15,15,0
1985,PEDRO,7,7,0
1985,PAULO,10,10,0
1985,PAUL,566,566,0
1985,RALPH,7,7,0
1985,PATRICK,498,498,0
1985,RANDALL,18,18,0
1985,RAPHAEL,5,5,0
1985,ROBERT,1163,1163,0
1985,ROBBIE,14,14,0
1985,RIZWAN,5,5,0
1985,RISHI,8,8,0
1985,RILEY,22,22,0
1985,RICKY,35,35,0
1985,RICK,11,11,0
1985,RICHARD,494,494,0
1985,RICARDO,13,13,0
1985,RIAZ,6,6,0
1985,REUBEN,12,12,0
1985,REMI,7,7,0
1985,REID,16,16,0
1985,REGINALD,6,6,0
1985,REGAN,5,5,0
1985,RAYMOND,106,106,0
1985,RAVI,9,9,0
1985,RANDY,78,78,0
1985,ROBERTO,40,40,0
1985,PASQUALE,11,11,0
1985,PAOLO,24,24,0
1985,NEAL,19,19,0
1985,NAVIN,5,5,0
1985,NATHANIEL,112,112,0
1985,NATHANIAL,7,7,0
1985,NATHANAEL,10,10,0
1985,NATHAN,385,385,0
1985,NADIM,5,5,0
1985,NABIL,5,5,0
1985,MYLES,21,21,0
1985,MURRAY,20,20,0
1985,MUHAMMAD,6,6,0
1985,MOHAMMED,23,23,0
1985,MOHAMMAD,15,15,0
1985,MOHAMED,15,15,0
1985,MITCHELL,112,112,0
1985,MINH,5,5,0
1985,MILES,11,11,0
1985,NEIL,130,130,0
1985,PASCAL,18,18,0
1985,NELSON,15,15,0
1985,NICHOLAS,693,693,0
1985,PANAGIOTIS,8,8,0
1985,OWEN,43,43,0
1985,OSCAR,5,5,0
1985,OMAR,20,20,0
1985,OLIVIER,9,9,0
1985,OLIVER,24,24,0
1985,NORMAN,36,36,0
1985,NOLAN,21,21,0
1985,NOEL,16,16,0
1985,NOAH,40,40,0
1985,NIKOLAS,5,5,0
1985,NIKOLA,5,5,0
1985,NIGEL,42,42,0
1985,NICOLAS,57,57,0
1985,NICKOLAS,14,14,0
1985,NICKOLAOS,6,6,0
1985,NICK,11,11,0
1985,NIALL,7,7,0
1985,ROCCO,10,10,0
1985,ROCH,9,9,0
1985,RODERICK,15,15,0
1985,TANNER,17,17,0
1985,SYLVAIN,21,21,0
1985,SYED,12,12,0
1985,SUNNY,9,9,0
1985,SUNDEEP,7,7,0
1985,STUART,62,62,0
1985,STIRLING,6,6,0
1985,STEWART,25,25,0
1985,STEVEN,764,764,0
1985,STEVE,39,39,0
1985,STERLING,8,8,0
1985,STEPHEN,533,533,0
1985,STÉPHANE,6,6,0
1985,STEPHANE,40,40,0
1985,STEPHAN,21,21,0
1985,STEFANO,16,16,0
1985,STEFAN,54,54,0
1985,TED,7,7,0
1985,STANLEY,21,21,0
1985,TERENCE,23,23,0
1985,TERRENCE,15,15,0
1985,TROY,108,108,0
1985,TRISTAN,75,75,0
1985,TREVOR,311,311,0
1985,TREVER,7,7,0
1985,TRENT,11,11,0
1985,TRAVIS,152,152,0
1985,TONY,45,45,0
1985,TOMMY,12,12,0
1985,TOMISLAV,8,8,0
1985,TOM,8,8,0
1985,TODD,111,111,0
1985,TOBY,7,7,0
1985,TOBIAS,8,8,0
1985,TIMOTHY,485,485,0
1985,THOMAS,519,519,0
1985,THEODORE,20,20,0
1985,TERRY,55,55,0
1985,TERRANCE,17,17,0
1985,SPENCER,38,38,0
1985,SOLOMON,6,6,0
1985,SKYLER,6,6,0
1985,SAMIR,10,10,0
1985,SAMEER,8,8,0
1985,SAM,9,9,0
1985,SALVATORE,30,30,0
1985,SACHA,7,7,0
1985,RYAN,1675,1675,0
1985,RUSSELL,81,81,0
1985,ROY,21,21,0
1985,ROSS,38,38,0
1985,RORY,48,48,0
1985,RONALD,99,99,0
1985,RON,7,7,0
1985,ROMAN,7,7,0
1985,ROLAND,10,10,0
1985,ROHIT,5,5,0
1985,ROGER,42,42,0
1985,RODNEY,17,17,0
1985,SAMUEL,134,134,0
1985,SANDRO,5,5,0
1985,SANJAY,7,7,0
1985,SCOTT,588,588,0
1985,SKYLAR,5,5,0
1985,SIMON,133,133,0
1985,SIMEON,6,6,0
1985,SILAS,5,5,0
1985,SHELDON,38,38,0
1985,SHEA,5,5,0
1985,SHAYNE,25,25,0
1985,SHAWN,496,496,0
1985,TYLER,742,742,0
1985,SHAUN,110,110,0
1985,SETH,12,12,0
1985,SERGIO,12,12,0
1985,SERGE,11,11,0
1985,SÉBASTIEN,5,5,0
1985,SEBASTIEN,35,35,0
1985,SEBASTIAN,30,30,0
1985,SEAN,574,574,0
1985,SCOTTY,6,6,0
1985,SHANE,273,273,0
1985,JEROME,30,30,0
1985,PETER,417,417,0
1985,JEREMY,319,319,0
1985,BLAINE,10,10,0
1985,BILLY,12,12,0
1985,BILAL,7,7,0
1985,BHUPINDER,5,5,0
1985,BHAVIN,5,5,0
1985,BEVAN,5,5,0
1985,BERNARD,10,10,0
1985,BENOIT,28,28,0
1985,BENJAMIN,394,394,0
1985,BLAKE,100,100,0
1985,BEN,9,9,0
1985,BASIL,6,6,0
1985,BARRY,36,36,0
1985,BARRETT,10,10,0
1985,AUSTIN,16,16,0
1985,ATHANASIOS,5,5,0
1985,ASIM,5,5,0
1985,ARTHUR,43,43,0
1985,ARRON,7,7,0
1985,ARON,6,6,0
1985,BEAU,20,20,0
1985,BOBBY,22,22,0
1985,BRAD,10,10,0
1985,BRADEN,14,14,0
1985,BROOKS,6,6,0
1985,BROOK,11,11,0
1985,BRODY,11,11,0
1985,BRODIE,16,16,0
1985,BROCK,46,46,0
1985,BRIAN,584,584,0
1985,BRETT,126,126,0
1985,BRENTON,6,6,0
1985,BRENT,235,235,0
1985,BRENNAN,19,19,0
1985,BRENDON,32,32,0
1985,BRENDEN,9,9,0
1985,BRENDAN,115,115,0
1985,BRAYDON,6,6,0
1985,BRAYDEN,8,8,0
1985,BRANDON,610,610,0
1985,BRANDEN,19,19,0
1985,BRANDAN,7,7,0
1985,BRAEDEN,5,5,0
1985,BRADLY,11,11,0
1985,BRADLEY,473,473,0
1985,ARNOLD,5,5,0
1985,BRUCE,59,59,0
1985,ARMAND,7,7,0
1985,ARI,5,5,0
1985,ALI,14,14,0
1985,ALFRED,12,12,0
1985,ALFONSO,5,5,0
1985,ALEXANDRE,38,38,0
1985,ALEXANDER,592,592,0
1985,ALEX,52,52,0
1985,ALESSANDRO,24,24,0
1985,ALEKSANDAR,6,6,0
1985,ALEC,18,18,0
1985,ALIM,5,5,0
1985,ALBERTO,7,7,0
1985,ALASTAIR,7,7,0
1985,ALAN,89,89,0
1985,ALAIN,45,45,0
1985,AKASH,6,6,0
1985,AJAY,8,8,0
1985,AIDAN,8,8,0
1985,AHMED,7,7,0
1985,AHMAD,7,7,0
1985,ADRIEN,6,6,0
1985,ALBERT,45,45,0
1985,ALISTAIR,11,11,0
1985,ALLAN,76,76,0
1985,ALLEN,43,43,0
1985,ANTONY,5,5,0
1985,ANTONIO,53,53,0
1985,ANTOINE,14,14,0
1985,ANTHONY,410,410,0
1985,ANSON,5,5,0
1985,ANIL,8,8,0
1985,ANGUS,11,11,0
1985,ANGELO,33,33,0
1985,ANDY,31,31,0
1985,ANDREW,1758,1758,0
1985,ANDRES,13,13,0
1985,ANDREAS,12,12,0
1985,ANDRÉ,9,9,0
1985,ANDRE,121,121,0
1985,ANDRAE,6,6,0
1985,AMIT,13,13,0
1985,AMIR,8,8,0
1985,AMARDEEP,6,6,0
1985,AMANDEEP,9,9,0
1985,ALYKHAN,5,5,0
1985,ALVIN,14,14,0
1985,ARIEL,6,6,0
1985,BRUNO,9,9,0
1985,BRYAN,325,325,0
1985,BRYANT,5,5,0
1985,DAVID,1631,1631,0
1985,DARYL,78,78,0
1985,DARRYL,117,117,0
1985,DARRIN,10,10,0
1985,DARREN,137,137,0
1985,DARRELL,28,28,0
1985,DARIN,12,12,0
1985,DAREN,5,5,0
1985,D'ARCY,10,10,0
1985,DAVIDE,5,5,0
1985,DANTE,8,8,0
1985,DANIELE,26,26,0
1985,DANIEL,1603,1603,0
1985,DANIAL,11,11,0
1985,DANE,56,56,0
1985,DAN,6,6,0
1985,DAMIEN,29,29,0
1985,DAMIAN,14,14,0
1985,DALE,47,47,0
1985,CYLE,7,7,0
1985,DANNY,63,63,0
1985,DAVIN,5,5,0
1985,DAVIS,10,10,0
1985,DAYNE,7,7,0
1985,DOMENICO,26,26,0
1985,DOMENIC,21,21,0
1985,DIMITRIOS,9,9,0
1985,DILLON,5,5,0
1985,DIETER,5,5,0
1985,DIEGO,5,5,0
1985,DEXTER,11,11,0
1985,DEVIN,110,110,0
1985,DEVAN,8,8,0
1985,DESMOND,16,16,0
1985,DERRICK,53,53,0
1985,DERIK,7,7,0
1985,DERICK,8,8,0
1985,DEREK,459,459,0
1985,DENVER,5,5,0
1985,DENTON,6,6,0
1985,DENNY,8,8,0
1985,DENNIS,80,80,0
1985,DENIS,33,33,0
1985,DEMETRIOS,6,6,0
1985,DEAN,60,60,0
1985,CURTIS,149,149,0
1985,CRISTIAN,5,5,0
1985,CRAIG,291,291,0
1985,CORRADO,7,7,0
1985,CHESTER,5,5,0
1985,CHASE,38,38,0
1985,CHARLIE,9,9,0
1985,CHARLES,189,189,0
1985,CHANCE,6,6,0
1985,CHADWICK,15,15,0
1985,CHAD,189,189,0
1985,CEDRIC,10,10,0
1985,CATLIN,11,11,0
1985,CARTER,8,8,0
1985,CARSON,12,12,0
1985,CARLOS,19,19,0
1985,CARLO,22,22,0
1985,CARL,52,52,0
1985,CAMERON,167,167,0
1985,CALVIN,41,41,0
1985,CALEB,40,40,0
1985,CALE,8,8,0
1985,BYRON,18,18,0
1985,BRYON,8,8,0
1985,BRYCE,29,29,0
1985,CHRIS,12,12,0
1985,ADRIANO,8,8,0
1985,CHRISTIAN,90,90,0
1985,CHRISTOPHER,2245,2245,0
1985,CONRAD,15,15,0
1985,CONOR,15,15,0
1985,CONNOR,13,13,0
1985,COLLIN,23,23,0
1985,COLIN,225,225,0
1985,COLE,40,40,0
1985,CODY,166,166,0
1985,CODEY,5,5,0
1985,CLINTON,28,28,0
1985,CLINT,12,12,0
1985,CLIFFORD,18,18,0
1985,CLIFF,6,6,0
1985,CLEMENT,6,6,0
1985,CLAYTON,64,64,0
1985,CLAUDIO,7,7,0
1985,CLAUDE,10,10,0
1985,CLARKE,6,6,0
1985,CLARK,10,10,0
1985,CLARENCE,7,7,0
1985,CHUN,6,6,0
1985,CHRISTOS,8,8,0
1985,CHRISTOPHE,5,5,0
1985,ADRIAN,182,182,0
1985,BRADY,25,25,0
1985,JAN,9,9,0
1985,GERARD,10,10,0
1985,GERRIT,5,5,0
1985,GIANCARLO,19,19,0
1985,GILBERT,5,5,0
1985,GILLES,11,11,0
1985,GIOVANNI,25,25,0
1985,GIUSEPPE,30,30,0
1985,GLEN,36,36,0
1985,GLENN,32,32,0
1985,GORDON,105,105,0
1985,GRAEME,39,39,0
1985,GRAHAM,124,124,0
1985,GRANT,81,81,0
1985,GRAYDON,5,5,0
1985,GRAYSON,5,5,0
1985,GREG,12,12,0
1985,GREGORY,473,473,0
1985,GUILLAUME,13,13,0
1985,GURJIT,6,6,0
1985,GUY,21,21,0
1985,HARDEEP,6,6,0
1985,GERALD,36,36,0
1985,HARLEY,8,8,0
1985,GEORGE,123,123,0
1985,GENE,6,6,0
1985,FELIX,6,6,0
1985,FERNANDO,8,8,0
1985,FLOYD,5,5,0
1985,FRANCESCO,45,45,0
1985,FRANCIS,42,42,0
1985,FRANCISCO,7,7,0
1985,FRANCO,17,17,0
1985,FRANCOIS,38,38,0
1985,FRANK,62,62,0
1985,FRASER,29,29,0
1985,FREDERIC,5,5,0
1985,FREDERICK,24,24,0
1985,GABRIEL,52,52,0
1985,GAETANO,5,5,0
1985,GALEN,9,9,0
1985,GARETH,10,10,0
1985,GARETT,7,7,0
1985,GARRETT,46,46,0
1985,GARRY,9,9,0
1985,GARTH,6,6,0
1985,GARY,118,118,0
1985,GEOFFREY,140,140,0
1985,HAROLD,6,6,0
1985,HARRISON,17,17,0
1985,HARRY,23,23,0
1985,JARED,89,89,0
1985,JAROD,10,10,0
1985,JARRED,8,8,0
1985,JARRET,5,5,0
1985,JARRETT,15,15,0
1985,JARROD,16,16,0
1985,JASON,1231,1231,0
1985,JAY,76,76,0
1985,JAYDEN,5,5,0
1985,JAYSON,18,18,0
1985,JEAN-FRANCOIS,16,16,0
1985,JEAN-MARC,7,7,0
1985,JEAN-PAUL,14,14,0
1985,JEAN-PHILIPPE,6,6,0
1985,JEAN-PIERRE,8,8,0
1985,JEFF,10,10,0
1985,JEFFEREY,6,6,0
1985,JEFFERY,119,119,0
1985,JEFFREY,871,871,0
1985,JEREMIAH,27,27,0
1985,JEREMIE,7,7,0
1985,JAMIESON,10,10,0
1985,JAMESON,10,10,0
1985,JAMES,1161,1161,0
1985,JAMEEL,6,6,0
1985,HECTOR,5,5,0
1985,HENRY,56,56,0
1985,HERBERT,6,6,0
1985,HERMAN,9,9,0
1985,HOWARD,12,12,0
1985,HUGH,16,16,0
1985,HUGO,6,6,0
1985,HUNTER,6,6,0
1985,IAIN,26,26,0
1985,IAN,357,357,0
1985,FAISAL,5,5,0
1985,IBRAHIM,5,5,0
1985,IRA,5,5,0
1985,ISAAC,42,42,0
1985,IVAN,33,33,0
1985,J,5,5,0
1985,JACK,30,30,0
1985,JACOB,185,185,0
1985,JACQUES,14,14,0
1985,JAKE,38,38,0
1985,JAKOB,5,5,0
1985,JAMAL,9,9,0
1985,IMRAN,17,17,0
1985,FABIO,15,15,0
1985,GAVIN,45,45,0
1985,EZRA,5,5,0
1985,EDWARD,151,151,0
1985,EDMUND,5,5,0
1985,EDGAR,7,7,0
1985,EARL,8,8,0
1985,DYLAN,78,78,0
1985,DWIGHT,16,16,0
1985,DWAYNE,46,46,0
1985,EDWIN,12,12,0
1985,DUSTIN,183,183,0
1985,DOUGLAS,140,140,0
1985,DORIAN,8,8,0
1985,DONOVAN,20,20,0
1985,DONALD,133,133,0
1985,DOMINIC,21,21,0
1985,JERMAINE,32,32,0
1985,FABIAN,10,10,0
1985,DUANE,15,15,0
1985,EITAN,5,5,0
1985,DUNCAN,42,42,0
1985,ELIAS,10,10,0
1985,EVAN,126,126,0
1985,EUGENE,22,22,0
1985,ELI,14,14,0
1985,ETIENNE,6,6,0
1985,ETHAN,8,8,0
1985,ERNEST,10,10,0
1985,ERICK,6,6,0
1985,ERICH,7,7,0
1985,ERIC,691,691,0
1985,ERIK,90,90,0
1985,EMILE,6,6,0
1985,EMANUEL,7,7,0
1985,ELIE,6,6,0
1985,ELLIOTT,13,13,0
1985,ELLIOT,21,21,0
1985,ELIJAH,16,16,0
1985,EMMANUEL,15,15,0
1986,BRANDAN,6,6,0
1986,BRENDAN,156,156,0
1986,BRADY,34,34,0
1986,BRAYDON,5,5,0
1986,BRANDON,656,656,0
1986,BRAEDEN,5,5,0
1986,BRANDYN,5,5,0
1986,BRANDEN,30,30,0
1986,BRENDEN,16,16,0
1986,BRAYDEN,6,6,0
1986,BRENDON,27,27,0
1986,CORY,273,273,0
1986,BRENNEN,5,5,0
1986,BRENT,203,203,0
1986,BRENTON,5,5,0
1986,BRET,7,7,0
1986,CRAIG,236,236,0
1986,CORRADO,5,5,0
1986,CORNELIUS,5,5,0
1986,CONSTANTINE,5,5,0
1986,BRADLY,14,14,0
1986,CONRAD,18,18,0
1986,CONOR,19,19,0
1986,BRENNAN,37,37,0
1986,BRADLEY,543,543,0
1986,AVRAHAM,5,5,0
1986,BRADEN,24,24,0
1986,ARI,8,8,0
1986,ARIF,7,7,0
1986,ARMAND,5,5,0
1986,ARMANDO,5,5,0
1986,ARTHUR,31,31,0
1986,ASIF,5,5,0
1986,ATHANASIOS,5,5,0
1986,AUBREY,5,5,0
1986,AUSTIN,17,17,0
1986,CONNOR,29,29,0
1986,BARRETT,7,7,0
1986,BARRY,33,33,0
1986,BEAU,16,16,0
1986,BEN,11,11,0
1986,BENJAMIN,459,459,0
1986,BENNETT,5,5,0
1986,BENNY,5,5,0
1986,BENOIT,27,27,0
1986,BERNARD,14,14,0
1986,BILLY,20,20,0
1986,BLAINE,15,15,0
1986,BLAKE,85,85,0
1986,BLAYNE,6,6,0
1986,BOBBY,14,14,0
1986,BRAD,18,18,0
1986,BRADFORD,6,6,0
1986,COLLIN,18,18,0
1986,CHRISTIAN,117,117,0
1986,COLE,31,31,0
1986,CARLOS,24,24,0
1986,CARLO,24,24,0
1986,CARL,54,54,0
1986,CAREY,7,7,0
1986,CAMERON,169,169,0
1986,CALVIN,62,62,0
1986,CALUM,5,5,0
1986,CALLUM,9,9,0
1986,CALEB,30,30,0
1986,CALE,14,14,0
1986,CAL,6,6,0
1986,CARMELO,5,5,0
1986,BYRON,22,22,0
1986,BRYON,7,7,0
1986,BRYCE,27,27,0
1986,BRYAN,284,284,0
1986,BRUNO,17,17,0
1986,BRUCE,44,44,0
1986,BROOKS,7,7,0
1986,BROOK,9,9,0
1986,BRODY,10,10,0
1986,BROCK,46,46,0
1986,ANTONY,5,5,0
1986,BRODIE,19,19,0
1986,BRYSON,8,8,0
1986,CARMINE,6,6,0
1986,CARSON,12,12,0
1986,CARTER,7,7,0
1986,COLBY,10,10,0
1986,CODY,180,180,0
1986,CODEY,5,5,0
1986,COADY,5,5,0
1986,CLINTON,31,31,0
1986,CLINT,11,11,0
1986,CLIFTON,5,5,0
1986,CLIFFORD,19,19,0
1986,CLAYTON,52,52,0
1986,BRIAN,534,534,0
1986,CLAUDIO,9,9,0
1986,CLAUDE,15,15,0
1986,CLARENCE,5,5,0
1986,CHRISTOS,6,6,0
1986,CHRISTOPHER,2170,2170,0
1986,CHRIS,19,19,0
1986,CHASE,23,23,0
1986,CHARLES,197,197,0
1986,CHANCE,6,6,0
1986,CHADWICK,11,11,0
1986,CHAD,167,167,0
1986,CESAR,5,5,0
1986,CEDRIC,5,5,0
1986,CECIL,9,9,0
1986,CARY,5,5,0
1986,COLIN,223,223,0
1986,ANTONIO,31,31,0
1986,ADRIANNE,7,0,7
1986,ANTON,8,8,0
1986,ALISON,195,0,195
1986,ALISSA,21,0,21
1986,ALIYA,7,0,7
1986,ALLISON,252,0,252
1986,ALLYSON,23,0,23
1986,ALYCIA,11,0,11
1986,ALYSHA,20,0,20
1986,ALYSHIA,7,0,7
1986,ALYSIA,9,0,9
1986,ALYSON,31,0,31
1986,ALYSSA,92,0,92
1986,ALISHIA,7,0,7
1986,AMANDA,1774,0,1774
1986,AMBER,277,0,277
1986,AMBERLY,6,0,6
1986,AMELIA,42,0,42
1986,AMELIE,12,0,12
1986,AMIE,22,0,22
1986,AMINA,6,0,6
1986,AMY,478,0,478
1986,AMY-LYNN,6,0,6
1986,ANA,14,0,14
1986,ANASTASIA,19,0,19
1986,ANDREA,482,17,465
1986,AMANDA-LEE,7,0,7
1986,ALISHA,83,0,83
1986,ALISA,11,0,11
1986,ALICIA,267,0,267
1986,ADRIANNA,8,0,8
1986,ADRIANA,32,0,32
1986,ADELE,13,0,13
1986,ABIGAIL,24,0,24
1986,ABBY,17,0,17
1986,AGATHA,8,0,8
1986,AILEEN,7,0,7
1986,AIMEE,59,0,59
1986,AINSLEY,13,0,13
1986,AISHA,14,0,14
1986,AISLING,6,0,6
1986,ALAINA,23,0,23
1986,ALANA,79,0,79
1986,ALANNA,62,0,62
1986,ALECIA,7,0,7
1986,ALEESHA,8,0,8
1986,ALEISHA,9,0,9
1986,ALESSANDRA,13,0,13
1986,ALESSIA,8,0,8
1986,ALEXA,15,0,15
1986,ALEXANDRA,293,0,293
1986,ALEXANDRIA,26,0,26
1986,ALEXIS,44,6,38
1986,ALIA,9,0,9
1986,ALICE,29,0,29
1986,ANDREE,11,0,11
1986,ANTONINO,5,5,0
1986,ANDRIA,7,0,7
1986,ANGELA,314,0,314
1986,ALEXANDER,690,690,0
1986,ALEXANDRE,50,50,0
1986,ALFRED,10,10,0
1986,ALI,16,16,0
1986,ALISTAIR,7,7,0
1986,ALLAN,85,85,0
1986,ALLEN,31,31,0
1986,ALVIN,17,17,0
1986,AMAN,7,7,0
1986,AMAR,6,6,0
1986,AMIR,8,8,0
1986,ALEX,99,99,0
1986,AMIT,16,16,0
1986,ANDRE,115,115,0
1986,ANDRÉ,15,15,0
1986,ANDREAS,14,14,0
1986,ANDRES,7,7,0
1986,ANDREW,2025,2025,0
1986,ANDY,35,35,0
1986,ANGELO,29,29,0
1986,ANGUS,7,7,0
1986,ANSON,5,5,0
1986,ANTHONY,477,477,0
1986,ANTOINE,8,8,0
1986,ANAND,5,5,0
1986,ALESSANDRO,22,22,0
1986,ALEKSANDER,5,5,0
1986,ALEJANDRO,6,6,0
1986,ANGELE,19,0,19
1986,ANGELICA,18,0,18
1986,ANGELINA,10,0,10
1986,ANGELINE,7,0,7
1986,CRISTOPHER,6,6,0
1986,BOBBI-JO,8,0,8
1986,ADRIENNE,65,0,65
1986,AARON,439,439,0
1986,ABBAS,6,6,0
1986,ABRAHAM,11,11,0
1986,ADAM,1310,1310,0
1986,ADDISON,10,10,0
1986,ADEEL,5,5,0
1986,ADRIAN,180,180,0
1986,ADRIANO,20,20,0
1986,AHMAD,7,7,0
1986,AHMED,12,12,0
1986,AIDAN,17,17,0
1986,AJAY,9,9,0
1986,ALAIN,50,50,0
1986,ALAN,77,77,0
1986,ALASTAIR,9,9,0
1986,ALBERT,32,32,0
1986,ALBERTO,8,8,0
1986,ALEC,13,13,0
1986,ANGEL,39,5,34
1986,CURTIS,158,158,0
1986,ELLIOT,13,13,0
1986,DALE,61,61,0
1986,LESTER,8,8,0
1986,LEROY,7,7,0
1986,LEONARDO,9,9,0
1986,LEONARD,23,23,0
1986,LEON,21,21,0
1986,LEO,22,22,0
1986,LAWRENCE,35,35,0
1986,LAVERNE,5,5,0
1986,LAURENCE,6,6,0
1986,LARRY,27,27,0
1986,LEVI,20,20,0
1986,LANDON,10,10,0
1986,KYLER,6,6,0
1986,KYLE,1363,1363,0
1986,KURTIS,54,54,0
1986,KURT,45,45,0
1986,KRISTOPHER,106,106,0
1986,KRISTOFER,10,10,0
1986,KRISTIAN,12,12,0
1986,KORY,27,27,0
1986,KOREY,15,15,0
1986,KONSTANTINOS,6,6,0
1986,LANCE,48,48,0
1986,LEWIS,15,15,0
1986,LIAM,59,59,0
1986,LIONEL,14,14,0
1986,MARCO,76,76,0
1986,MARCIO,5,5,0
1986,MARCELLO,11,11,0
1986,MARCEL,30,30,0
1986,MARC-ANDRÉ,6,6,0
1986,MARC-ANDRE,20,20,0
1986,MARC,215,215,0
1986,MANUEL,10,10,0
1986,MALCOLM,18,18,0
1986,LYLE,16,16,0
1986,LUKE,139,139,0
1986,LUKAS,12,12,0
1986,LUIS,17,17,0
1986,LUIGI,12,12,0
1986,LUCIANO,5,5,0
1986,LUCAS,96,96,0
1986,LUCA,14,14,0
1986,LUC,45,45,0
1986,LOUIS-PHILIPPE,6,6,0
1986,LOUIS,38,38,0
1986,LORNE,14,14,0
1986,LOGAN,26,26,0
1986,LLOYD,16,16,0
1986,KONRAD,5,5,0
1986,MARCUS,53,53,0
1986,KODY,10,10,0
1986,KIERAN,14,14,0
1986,JUNIOR,5,5,0
1986,JULIEN,27,27,0
1986,JULIAN,85,85,0
1986,JOSIAH,11,11,0
1986,JOSHUA,973,973,0
1986,JOSH,7,7,0
1986,JOSEPH,1096,1096,0
1986,JOSEF,8,8,0
1986,JOSE,25,25,0
1986,JORY,5,5,0
1986,JUSTIN,992,992,0
1986,JORGE,11,11,0
1986,JORDEN,7,7,0
1986,JONATHON,93,93,0
1986,JONATHAN,986,986,0
1986,JONAS,14,14,0
1986,JONAH,9,9,0
1986,JON,13,13,0
1986,JOHNSON,8,8,0
1986,JOHN-PAUL,5,5,0
1986,JOHNNY,12,12,0
1986,JOHNATHON,26,26,0
1986,JORDON,18,18,0
1986,JUSTYN,7,7,0
1986,KA,7,7,0
1986,KAI,9,9,0
1986,KIEL,13,13,0
1986,KHALID,8,8,0
1986,KEVIN,891,891,0
1986,KEVEN,9,9,0
1986,KEVAN,6,6,0
1986,KENTON,5,5,0
1986,KENT,17,17,0
1986,KENNY,15,15,0
1986,KENNETH,199,199,0
1986,KEN,5,5,0
1986,KELVIN,19,19,0
1986,KELLEN,9,9,0
1986,KEITH,126,126,0
1986,KEENAN,7,7,0
1986,KEELAN,5,5,0
1986,KEEGAN,16,16,0
1986,KARL,42,42,0
1986,KARIM,11,11,0
1986,KAREEM,12,12,0
1986,KARAN,5,5,0
1986,KALIN,5,5,0
1986,KALEN,6,6,0
1986,KALE,5,5,0
1986,KIRK,34,34,0
1986,JOHNATHAN,54,54,0
1986,MARIO,47,47,0
1986,MARKIAN,5,5,0
1986,PASQUALE,8,8,0
1986,PASCAL,16,16,0
1986,PAOLO,17,17,0
1986,PANAGIOTIS,8,8,0
1986,OWEN,39,39,0
1986,OTTO,5,5,0
1986,OSCAR,8,8,0
1986,OREN,7,7,0
1986,OMAR,35,35,0
1986,OLIVIER,6,6,0
1986,PATRICK,469,469,0
1986,OLIVER,28,28,0
1986,NORMAN,26,26,0
1986,NOLAN,16,16,0
1986,NOAH,28,28,0
1986,NITIN,5,5,0
1986,NIKOLAS,21,21,0
1986,NIKOLA,6,6,0
1986,NIGEL,32,32,0
1986,NICOLAS,71,71,0
1986,NICKOLAS,16,16,0
1986,NICK,12,12,0
1986,NUNO,5,5,0
1986,PAUL,529,529,0
1986,PAULO,13,13,0
1986,PERRY,10,10,0
1986,RAYMOND,113,113,0
1986,RAVI,7,7,0
1986,RAPHAEL,10,10,0
1986,RANDY,73,73,0
1986,RANDAL,8,8,0
1986,RALPH,9,9,0
1986,RAJIV,7,7,0
1986,RAJ,5,5,0
1986,RAHUL,6,6,0
1986,RAHIM,12,12,0
1986,QUINN,12,12,0
1986,QUENTIN,8,8,0
1986,PRESTON,11,11,0
1986,PIETRO,12,12,0
1986,PIERRE-LUC,7,7,0
1986,PIERRE,32,32,0
1986,PIERCE,8,8,0
1986,PHILLIPPE,5,5,0
1986,PHILLIP,104,104,0
1986,PHILIPPE,59,59,0
1986,PHILIP,220,220,0
1986,PETER,408,408,0
1986,PETAR,6,6,0
1986,NICHOLAS,748,748,0
1986,MARK,770,770,0
1986,NIALL,8,8,0
1986,NEIL,108,108,0
1986,MERVIN,5,5,0
1986,MELVIN,7,7,0
1986,MAXWELL,21,21,0
1986,MAXIMILIAN,7,7,0
1986,MAXIME,14,14,0
1986,MAXIM,8,8,0
1986,MAX,23,23,0
1986,MAURICE,11,11,0
1986,MATTHIEU,25,25,0
1986,MATTHEW,2378,2378,0
1986,MICHAEL,2688,2688,0
1986,MATTEO,6,6,0
1986,MATHIEU,91,91,0
1986,MATHEW,209,209,0
1986,MASSIMO,10,10,0
1986,MASON,22,22,0
1986,MARVIN,9,9,0
1986,MARTIN,102,102,0
1986,MARSHALL,17,17,0
1986,MARLON,11,11,0
1986,MARKUS,11,11,0
1986,MARKO,13,13,0
1986,MATT,5,5,0
1986,MICHAL,5,5,0
1986,MICHEAL,132,132,0
1986,MICHEL,89,89,0
1986,NEAL,20,20,0
1986,NAVIN,5,5,0
1986,NAVDEEP,8,8,0
1986,NATHANIEL,92,92,0
1986,NATHANIAL,9,9,0
1986,NATHANAEL,17,17,0
1986,NATHAN,373,373,0
1986,NADEEM,5,5,0
1986,MYLES,42,42,0
1986,MUSTAFA,5,5,0
1986,MURRAY,11,11,0
1986,MUHAMMAD,10,10,0
1986,MOSHE,8,8,0
1986,MOHAMMED,23,23,0
1986,MOHAMMAD,15,15,0
1986,MOHAMED,8,8,0
1986,MOHAMAD,6,6,0
1986,MITCHELL,138,138,0
1986,MITCHEL,9,9,0
1986,MILES,14,14,0
1986,MIKE,5,5,0
1986,MIKAEL,6,6,0
1986,MIGUEL,19,19,0
1986,NELSON,36,36,0
1986,JOHN,793,793,0
1986,JOHANNES,6,6,0
1986,JOEY,40,40,0
1986,ERIK,111,111,0
1986,ERICK,8,8,0
1986,ERICH,7,7,0
1986,ERIC,668,668,0
1986,EMMANUEL,10,10,0
1986,EMANUEL,6,6,0
1986,ELLIOTT,14,14,0
1986,ANGELIQUE,11,0,11
1986,ELIJAH,13,13,0
1986,ELIE,9,9,0
1986,ERNEST,17,17,0
1986,ELIAS,9,9,0
1986,EDWIN,12,12,0
1986,EDWARD,129,129,0
1986,EDUARDO,6,6,0
1986,EDMUND,5,5,0
1986,EDGAR,8,8,0
1986,EDDIE,10,10,0
1986,EARL,12,12,0
1986,EAMONN,5,5,0
1986,DYLAN,116,116,0
1986,DWIGHT,12,12,0
1986,ELI,21,21,0
1986,ETHAN,6,6,0
1986,ETIENNE,5,5,0
1986,EUGENE,17,17,0
1986,GAETANO,6,6,0
1986,GABRIEL,42,42,0
1986,FREDRICK,6,6,0
1986,FREDERICK,33,33,0
1986,FREDERIC,6,6,0
1986,FRASER,27,27,0
1986,FRANKLIN,13,13,0
1986,FRANK,75,75,0
1986,FRANCOIS,16,16,0
1986,FRANCO,7,7,0
1986,FRANCISCO,5,5,0
1986,FRANCIS,60,60,0
1986,FRANCESCO,41,41,0
1986,FERNANDO,8,8,0
1986,FELIX,6,6,0
1986,FELICE,5,5,0
1986,FAISAL,6,6,0
1986,FABIO,15,15,0
1986,FABIAN,11,11,0
1986,EZRA,7,7,0
1986,EWAN,9,9,0
1986,EVERETT,12,12,0
1986,EVAN,184,184,0
1986,DWAYNE,32,32,0
1986,GALEN,7,7,0
1986,DUSTIN,168,168,0
1986,DUANE,18,18,0
1986,DAVID,1566,1566,0
1986,DAVE,10,10,0
1986,DARYL,59,59,0
1986,DARRYL,94,94,0
1986,DARRIN,8,8,0
1986,DARREN,151,151,0
1986,DARRELL,16,16,0
1986,DARNELL,6,6,0
1986,DARIN,10,10,0
1986,DAREN,7,7,0
1986,DAVIDE,8,8,0
1986,D'ARCY,11,11,0
1986,DANIELE,23,23,0
1986,DANIEL,1598,1598,0
1986,DANIAL,12,12,0
1986,DANE,45,45,0
1986,DAN,5,5,0
1986,DAMON,6,6,0
1986,DAMIEN,27,27,0
1986,DAMIAN,20,20,0
1986,DALTON,6,6,0
1986,DALLAS,5,5,0
1986,DANNY,72,72,0
1986,DAVIN,7,7,0
1986,DAWSON,5,5,0
1986,DEAN,60,60,0
1986,DREW,69,69,0
1986,DOUGLAS,135,135,0
1986,DONOVAN,17,17,0
1986,DONATO,5,5,0
1986,DONALD,127,127,0
1986,DON,6,6,0
1986,DOMINIC,40,40,0
1986,DOMENICO,23,23,0
1986,DOMENIC,17,17,0
1986,DION,5,5,0
1986,DIMITRIOS,8,8,0
1986,DILLON,15,15,0
1986,DIEGO,7,7,0
1986,DEXTER,13,13,0
1986,DEVIN,89,89,0
1986,DEVAN,6,6,0
1986,DESMOND,5,5,0
1986,DERRICK,56,56,0
1986,DERICK,8,8,0
1986,DEREK,383,383,0
1986,DENNY,5,5,0
1986,DENNIS,68,68,0
1986,DENIS,33,33,0
1986,DUNCAN,17,17,0
1986,GARETH,8,8,0
1986,GARETT,9,9,0
1986,GARRET,9,9,0
1986,JASON,1134,1134,0
1986,JASEN,5,5,0
1986,JASDEEP,8,8,0
1986,JARROD,13,13,0
1986,JARRETT,14,14,0
1986,JARRET,9,9,0
1986,JAROD,6,6,0
1986,JARED,82,82,0
1986,JAN,14,14,0
1986,JAMIL,5,5,0
1986,JASPAL,7,7,0
1986,JAMIESON,11,11,0
1986,JAMES,1134,1134,0
1986,JAMAL,21,21,0
1986,JAMAAL,7,7,0
1986,JAKOB,5,5,0
1986,JAKE,57,57,0
1986,JAGDEEP,6,6,0
1986,JACQUES,8,8,0
1986,JACOB,224,224,0
1986,JACKSON,6,6,0
1986,JACK,37,37,0
1986,JAMESON,7,7,0
1986,JATINDER,5,5,0
1986,JAY,55,55,0
1986,JAYCE,5,5,0
1986,JOEL,253,253,0
1986,JOE,13,13,0
1986,JOAO,5,5,0
1986,JIMMY,26,26,0
1986,JESSY,8,8,0
1986,JESS,7,7,0
1986,JERRY,16,16,0
1986,JEROME,30,30,0
1986,JERMAINE,38,38,0
1986,JEREMY,387,387,0
1986,JEREMIE,16,16,0
1986,JEREMIAH,24,24,0
1986,JEREMEY,5,5,0
1986,JEFFREY,790,790,0
1986,JEFFERY,104,104,0
1986,JEFFEREY,5,5,0
1986,JEFF,14,14,0
1986,JEAN-PHILIPPE,10,10,0
1986,JEAN-PAUL,6,6,0
1986,JEAN-MICHEL,8,8,0
1986,JEAN-FRANÇOIS,5,5,0
1986,JEAN-FRANCOIS,18,18,0
1986,JAYSON,23,23,0
1986,IVAN,35,35,0
1986,ISAIAH,6,6,0
1986,ISAAC,36,36,0
1986,IOANNIS,6,6,0
1986,GRAEME,42,42,0
1986,GORDON,72,72,0
1986,GLENN,31,31,0
1986,GLEN,29,29,0
1986,GIUSEPPE,33,33,0
1986,GIOVANNI,15,15,0
1986,GINO,6,6,0
1986,GILLES,5,5,0
1986,GIANLUCA,6,6,0
1986,GIANCARLO,14,14,0
1986,GIACOMO,6,6,0
1986,GERRIT,9,9,0
1986,GERARD,11,11,0
1986,GERALD,40,40,0
1986,GEORGE,110,110,0
1986,GEOFFREY,124,124,0
1986,GENE,8,8,0
1986,GAVIN,41,41,0
1986,GAURAV,5,5,0
1986,GARY,94,94,0
1986,GARTH,9,9,0
1986,GARRY,12,12,0
1986,GARRETT,41,41,0
1986,GRAHAM,130,130,0
1986,CYRUS,6,6,0
1986,GRANT,65,65,0
1986,GREG,8,8,0
1986,IMRAN,14,14,0
1986,IBRAHIM,6,6,0
1986,IAN,357,357,0
1986,IAIN,16,16,0
1986,HUSSEIN,7,7,0
1986,HUNTER,7,7,0
1986,HUGH,15,15,0
1986,HOWARD,14,14,0
1986,HERBERT,7,7,0
1986,HENRY,48,48,0
1986,HAYDEN,5,5,0
1986,HASSAN,6,6,0
1986,HARRY,15,15,0
1986,HARRISON,19,19,0
1986,HARRIS,5,5,0
1986,HAROLD,11,11,0
1986,HARLEY,9,9,0
1986,HARDEEP,5,5,0
1986,HANS,8,8,0
1986,GUY,21,21,0
1986,GURPREET,9,9,0
1986,GUILLAUME,9,9,0
1986,GREGORY,442,442,0
1986,GRAYSON,5,5,0
1986,ANGIE,18,0,18
1986,TRACI,7,0,7
1986,ANIKA,6,0,6
1986,JENNIFER,1674,0,1674
1986,JENNIE,20,0,20
1986,JENNA,365,0,365
1986,JENIFER,13,0,13
1986,JENELLE,10,0,10
1986,JENA,16,0,16
1986,JEANNINE,9,0,9
1986,JEANNETTE,11,0,11
1986,JEANINE,10,0,10
1986,JEANETTE,17,0,17
1986,JENNIFER-LYNN,10,0,10
1986,JEAN,44,33,11
1986,JASPREET,16,5,11
1986,JASMINE,81,0,81
1986,JASMIN,15,6,9
1986,JAQUELINE,6,0,6
1986,JANNA,22,0,22
1986,JANINE,44,0,44
1986,JANICE,41,0,41
1986,JANET,44,0,44
1986,JANESSA,7,0,7
1986,JANELLE,39,0,39
1986,JAYME,20,11,9
1986,JENNY,69,0,69
1986,JESSE,456,439,17
1986,JESSECA,7,0,7
1986,JOSÉE,7,0,7
1986,JOSIE,8,0,8
1986,JOSEPHINE,21,0,21
1986,JOSEE,32,0,32
1986,JORDANNA,7,0,7
1986,JORDANA,15,0,15
1986,JORDAN,557,513,44
1986,JONI,7,0,7
1986,JOLENE,24,0,24
1986,JOHANNA,28,0,28
1986,JOELLE,14,0,14
1986,JODY,46,11,35
1986,JODIE,23,0,23
1986,JODI,38,0,38
1986,JOCELYNE,10,0,10
1986,JOCELYN,74,0,74
1986,JOANNE,52,0,52
1986,JOANNA,116,0,116
1986,JILLIAN,142,0,142
1986,JILL,32,0,32
1986,JESSIKA,7,0,7
1986,JESSIE,86,26,60
1986,JESSICA,1675,0,1675
1986,JANE,21,0,21
1986,JOY,14,0,14
1986,JANA,21,0,21
1986,JAMIE-LEE,17,0,17
1986,HAYLEY,73,0,73
1986,HARPREET,18,7,11
1986,HANNAH,57,0,57
1986,HANNA,6,0,6
1986,HALLIE,7,0,7
1986,HALLEY,9,0,9
1986,HALEY,36,0,36
1986,HAILEY,51,0,51
1986,GRACE,47,0,47
1986,GLORIA,20,0,20
1986,HEATHER,547,0,547
1986,GIUSEPPINA,9,0,9
1986,GISELLE,10,0,10
1986,GIOVANNA,6,0,6
1986,GINA,20,0,20
1986,GILLIAN,89,0,89
1986,GEORGINA,9,0,9
1986,GEORGIA,13,0,13
1986,GENNA,6,0,6
1986,GENEVIEVE,56,0,56
1986,GEMMA,10,0,10
1986,GABRIELLE,31,0,31
1986,GIULIA,9,0,9
1986,HEIDI,58,0,58
1986,HELEN,43,0,43
1986,HELENA,22,0,22
1986,JAMIE,380,187,193
1986,JAMI,7,0,7
1986,JAIMIE,13,0,13
1986,JAIME,69,11,58
1986,JADE,49,0,49
1986,JACQUELYN,25,0,25
1986,JACQUELINE,251,0,251
1986,JACLYN,106,0,106
1986,JACKLYN,15,0,15
1986,JACKIE,14,0,14
1986,JACINTHE,7,0,7
1986,IVY,8,0,8
1986,ISABELLE,36,0,36
1986,ISABEL,10,0,10
1986,IRENE,28,0,28
1986,INGRID,6,0,6
1986,ILANA,8,0,8
1986,IDA,7,0,7
1986,HOPE,18,0,18
1986,HOLLY,247,0,247
1986,HOLLIE,28,0,28
1986,HILLARY,39,0,39
1986,HILARY,65,0,65
1986,JAMIE-LYNN,13,0,13
1986,GABRIELLA,11,0,11
1986,JOYCE,12,0,12
1986,JUDY,12,0,12
1986,KIRA,30,0,30
1986,KIMBERLY,301,0,301
1986,KIMBERLEY,122,0,122
1986,KIMBERLEE,7,0,7
1986,KIM,19,0,19
1986,KIERA,8,0,8
1986,KESHIA,26,0,26
1986,KERRY,42,7,35
1986,KERRIE,11,0,11
1986,KERRI,47,0,47
1986,KIRAN,9,0,9
1986,KERI,16,0,16
1986,KENDALL,22,6,16
1986,KENDAL,6,0,6
1986,KELSEY,59,0,59
1986,KELLY-ANN,8,0,8
1986,KELLY,378,27,351
1986,KELLIE,14,0,14
1986,KELLI,12,0,12
1986,KELLEY,13,0,13
1986,KEISHA,19,0,19
1986,KAYLIN,7,0,7
1986,KENDRA,79,0,79
1986,KIRSTEN,50,0,50
1986,KIRSTIN,7,0,7
1986,KIRSTY,6,0,6
1986,KYLEE,7,0,7
1986,KYLA,53,0,53
1986,KRYSTYNA,7,0,7
1986,KRYSTLE,69,0,69
1986,KRYSTINA,12,0,12
1986,KRYSTIN,12,0,12
1986,KRYSTEN,11,0,11
1986,KRYSTAL,199,0,199
1986,KRYSTA,35,0,35
1986,KRISTYN,8,0,8
1986,KRISTY,91,0,91
1986,KRISTINE,73,0,73
1986,KRISTINA,164,0,164
1986,KRISTIN,129,0,129
1986,KRISTIE,21,0,21
1986,KRISTI,30,0,30
1986,KRISTEN,237,0,237
1986,KRISTAN,8,0,8
1986,KRISTAL,13,0,13
1986,KRISTA-LEE,6,0,6
1986,KRISTA,199,0,199
1986,KOURTNEY,7,0,7
1986,KORTNEY,7,0,7
1986,KAYLEIGH,26,0,26
1986,JUDITH,14,0,14
1986,KAYLEE,8,0,8
1986,KATY,15,0,15
1986,KARI,26,0,26
1986,KAREN,171,0,171
1986,KARA,62,0,62
1986,KANDICE,6,0,6
1986,KALI,12,0,12
1986,KALEY,12,0,12
1986,KALEIGH,21,0,21
1986,KALA,7,0,7
1986,KAITLYNN,8,0,8
1986,KAITLYN,103,0,103
1986,KARIN,9,0,9
1986,KAITLIN,120,0,120
1986,KAILEE,8,0,8
1986,KAILA,18,0,18
1986,KAELA,10,0,10
1986,JUSTINE,108,0,108
1986,JULIE-ANNE,7,0,7
1986,JULIE,331,0,331
1986,JULIANNE,21,0,21
1986,JULIANNA,22,0,22
1986,JULIANA,17,0,17
1986,JULIA,193,0,193
1986,KAILEY,20,0,20
1986,KARINA,20,0,20
1986,KARINE,21,0,21
1986,KARLA,27,0,27
1986,KATRYNA,7,0,7
1986,KATRINA,153,0,153
1986,KATLYN,13,0,13
1986,KATIE-LYNN,6,0,6
1986,KATIE,253,0,253
1986,KATIA,7,0,7
1986,KATHY,11,0,11
1986,KATHRYN,233,0,233
1986,KATHLEEN,282,0,282
1986,KATHERINE,425,0,425
1986,KATHARINE,61,0,61
1986,KATERINA,6,0,6
1986,KATELYNN,11,0,11
1986,KATELYN,157,0,157
1986,KATELIN,10,0,10
1986,KATE,64,0,64
1986,KATARINA,7,0,7
1986,KASSANDRA,23,0,23
1986,KASEY,7,0,7
1986,KARYN,14,0,14
1986,KARLY,21,0,21
1986,KARLIE,7,0,7
1986,KARLEY,6,0,6
1986,KAYLA,179,0,179
1986,KYLIE,24,0,24
1986,GABRIELA,7,0,7
1986,FRANCESCA,19,0,19
1986,CHANTALE,18,0,18
1986,CHANTAL,156,0,156
1986,CHANELLE,12,0,12
1986,CHANEL,9,0,9
1986,CHANDRA,6,0,6
1986,CELINE,25,0,25
1986,CELINA,14,0,14
1986,CELIA,17,0,17
1986,CELESTE,14,0,14
1986,CECILIA,15,0,15
1986,CHANTALLE,6,0,6
1986,CAYLA,6,0,6
1986,CATHY,7,0,7
1986,CATHRYN,8,0,8
1986,CATHERINE,212,0,212
1986,CATHARINE,9,0,9
1986,CATERINA,8,0,8
1986,CASSONDRA,9,0,9
1986,CASSIE,21,0,21
1986,CASSANDRA,182,0,182
1986,CASEY,87,37,50
1986,CASANDRA,10,0,10
1986,CATRINA,6,0,6
1986,CHANTEL,66,0,66
1986,CHANTELL,6,0,6
1986,CHANTELLE,94,0,94
1986,CIARA,6,0,6
1986,CHRYSTAL,15,0,15
1986,CHRISTY,14,0,14
1986,CHRISTINE,454,0,454
1986,CHRISTINA,461,0,461
1986,CHRISTIN,8,0,8
1986,CHRISTIE,42,0,42
1986,CHRISTIANE,6,0,6
1986,CHRISTA,32,0,32
1986,CHLOE,37,0,37
1986,CHIARA,8,0,8
1986,CHEYENNE,9,0,9
1986,CHERYL,96,0,96
1986,CHERISE,6,0,6
1986,CHERIE,10,0,10
1986,CHERI,6,0,6
1986,CHELSIE,10,0,10
1986,CHELSEY,34,0,34
1986,CHELSEA,113,0,113
1986,CHARMAINE,11,0,11
1986,CHARLOTTE,46,0,46
1986,CHARLENE,58,0,58
1986,CHARITY,16,0,16
1986,CARYN,6,0,6
1986,CINDY,71,0,71
1986,CARRIE,65,0,65
1986,CAROLYN,113,0,113
1986,BROOKE,73,0,73
1986,BRONWYN,13,0,13
1986,BRONWEN,6,0,6
1986,BRITTNEY,66,0,66
1986,BRITTANY,479,0,479
1986,BRITTANI,6,0,6
1986,BRITNEY,28,0,28
1986,BRIGITTE,21,0,21
1986,BRIGID,6,0,6
1986,BRIDGET,24,0,24
1986,CAITLIN,222,0,222
1986,BRIAR,13,0,13
1986,BRIANNA,41,0,41
1986,BRIANA,11,0,11
1986,BRETT,207,198,9
1986,BRENNA,20,0,20
1986,BRENDA,30,0,30
1986,BREANNE,45,0,45
1986,BREANNA,17,0,17
1986,BRANDY,40,0,40
1986,BRANDIE,6,0,6
1986,BRANDI,47,0,47
1986,BRIANNE,68,0,68
1986,CAITLYN,28,0,28
1986,CALEIGH,14,0,14
1986,CALEY,6,0,6
1986,CAROLINE,107,0,107
1986,CAROLINA,8,0,8
1986,CAROLE,11,0,11
1986,CAROL,19,0,19
1986,CARMEN,25,0,25
1986,CARMELA,10,0,10
1986,CARLY,102,0,102
1986,CARLING,6,0,6
1986,CARLIE,9,0,9
1986,CARLI,7,0,7
1986,CARLEY,22,0,22
1986,CARLENE,9,0,9
1986,CARLEE,8,0,8
1986,CARLA,61,0,61
1986,CARISSA,20,0,20
1986,CARINA,11,0,11
1986,CAREN,7,0,7
1986,CARA,42,0,42
1986,CANDIS,10,0,10
1986,CANDICE,180,0,180
1986,CANDACE,89,0,89
1986,CAMILLE,33,0,33
1986,CALLIE,10,0,10
1986,CAROLYNN,6,0,6
1986,FRANCINE,17,0,17
1986,CLAIRE,85,0,85
1986,CLARE,11,0,11
1986,ELYSIA,17,0,17
1986,ELYSE,46,0,46
1986,ELSA,6,0,6
1986,ELLEN,29,0,29
1986,ELLA,7,0,7
1986,ELIZABETH,467,0,467
1986,ELIZA,6,0,6
1986,ELISSA,18,0,18
1986,ELISHA,29,0,29
1986,ELISE,48,0,48
1986,EMILIA,11,0,11
1986,ELISABETH,29,0,29
1986,ELICIA,6,0,6
1986,ELENI,8,0,8
1986,ELENA,28,0,28
1986,ELEANOR,8,0,8
1986,ELANA,10,0,10
1986,ELAINE,41,0,41
1986,EILEEN,10,0,10
1986,EDEN,17,0,17
1986,DOROTHY,21,0,21
1986,DONNA,38,0,38
1986,ELISA,24,0,24
1986,EMILIE,29,0,29
1986,EMILY,455,0,455
1986,EMMA,153,0,153
1986,FRANCES,22,0,22
1986,FRANCE,8,0,8
1986,FLORENCE,8,0,8
1986,FIONA,21,0,21
1986,FELISHA,8,0,8
1986,FELICIA,67,0,67
1986,FAYE,7,0,7
1986,FATIMA,17,0,17
1986,FARRAH,9,0,9
1986,FARAH,12,0,12
1986,FALLON,8,0,8
1986,FAITH,8,0,8
1986,EVELYN,26,0,26
1986,EVE,9,0,9
1986,EVANGELINE,7,0,7
1986,EVA,24,0,24
1986,ESTHER,46,0,46
1986,ERYN,12,0,12
1986,ERINN,6,0,6
1986,ERIN,493,0,493
1986,ERIKA,112,0,112
1986,ERICA,184,0,184
1986,EMMANUELLE,6,0,6
1986,DOMINIQUE,45,5,40
1986,CLARA,15,0,15
1986,DINA,7,0,7
1986,DIANNE,14,0,14
1986,DANICA,12,0,12
1986,DANA,126,16,110
1986,DAISY,8,0,8
1986,DAINA,8,0,8
1986,CYNTHIA,71,0,71
1986,CRYSTAL,317,0,317
1986,CRISTINA,61,0,61
1986,COURTNEY,370,11,359
1986,COURTENAY,10,0,10
1986,CORTNEY,18,0,18
1986,DANIELA,54,0,54
1986,CORRINE,9,0,9
1986,CORINNE,28,0,28
1986,CORI,8,0,8
1986,COREY,360,352,8
1986,CORA,7,0,7
1986,CONSTANCE,20,0,20
1986,CONNIE,18,0,18
1986,CONCETTA,6,0,6
1986,COLLEEN,67,0,67
1986,COLETTE,9,0,9
1986,CLAUDIA,33,0,33
1986,CORRIE,8,0,8
1986,DANIELLA,35,0,35
1986,DANIELLE,697,0,697
1986,DANIKA,13,0,13
1986,DIANNA,12,0,12
1986,DIANE,67,0,67
1986,DIANA,149,0,149
1986,DEVON,115,85,30
1986,DESTINY,7,0,7
1986,DESIREE,33,0,33
1986,DENISE,71,0,71
1986,DEIRDRE,7,0,7
1986,DEIDRE,11,0,11
1986,DEENA,6,0,6
1986,DEBRA,16,0,16
1986,DEBORAH,32,0,32
1986,DEBBIE,10,0,10
1986,DEANNE,11,0,11
1986,DEANNA,90,0,90
1986,DEANA,7,0,7
1986,DAYNA,44,0,44
1986,DAWN,63,0,63
1986,DARLENE,14,0,14
1986,DARCY,43,37,6
1986,DARA,11,0,11
1986,DANYA,7,0,7
1986,DANNIELLE,7,0,7
1986,DIMITRA,6,0,6
1986,KYRA,6,0,6
1986,LACEY,81,0,81
1986,LANA,20,0,20
1986,SOFIA,19,0,19
1986,SKYE,6,0,6
1986,SIOBHAN,26,0,26
1986,SIMONE,27,0,27
1986,SILVIA,11,0,11
1986,SIERRA,17,0,17
1986,SHOSHANA,7,0,7
1986,SHONA,6,0,6
1986,SHIRLEY,21,0,21
1986,SHIRA,7,0,7
1986,SONIA,50,0,50
1986,SHERYL,9,0,9
1986,SHERRIE,7,0,7
1986,SHERRI,18,0,18
1986,SHERISSE,6,0,6
1986,SHERI,21,0,21
1986,SHELLY,14,0,14
1986,SHELLEY,32,0,32
1986,SHELBY,27,0,27
1986,SHEILA,23,0,23
1986,SHEENA,73,0,73
1986,SHAYNA,11,0,11
1986,SHERRY,25,0,25
1986,SONJA,17,0,17
1986,SONYA,40,0,40
1986,SOPHIA,40,0,40
1986,SYLVIA,30,0,30
1986,SYDNEY,9,0,9
1986,SUZANNE,65,0,65
1986,SUZANNA,7,0,7
1986,SUSIE,8,0,8
1986,SUSANNE,12,0,12
1986,SUSANNAH,8,0,8
1986,SUSANNA,8,0,8
1986,SUSANA,8,0,8
1986,SUSAN,72,0,72
1986,SUMMER,16,0,16
1986,STÉPHANIE,8,0,8
1986,STEPHANIE,1257,0,1257
1986,STELLA,6,0,6
1986,STEFANY,7,0,7
1986,STEFANIE,81,0,81
1986,STEFANIA,10,0,10
1986,STEFANI,8,0,8
1986,STACY,56,0,56
1986,STACIE,18,0,18
1986,STACI,8,0,8
1986,STACEY,205,0,205
1986,SOPHIE,49,0,49
1986,SHAYLA,8,0,8
1986,SYLVIE,22,0,22
1986,SHAWNA,80,0,80
1986,SHAUNA,55,0,55
1986,SALLY,17,0,17
1986,SAFIYA,9,0,9
1986,SADIE,7,0,7
1986,SACHA,17,5,12
1986,SABRINA,154,0,154
1986,SABINA,9,0,9
1986,RUTH,28,0,28
1986,RUBY,8,0,8
1986,ROXANNE,40,0,40
1986,ROSEMARY,23,0,23
1986,SALMA,10,0,10
1986,ROSEMARIE,7,0,7
1986,ROSANNE,6,0,6
1986,ROSANNA,20,0,20
1986,ROSALYN,7,0,7
1986,ROSA,11,0,11
1986,ROCHELLE,18,0,18
1986,ROBYN,147,0,147
1986,ROBIN,111,28,83
1986,ROBERTA,14,0,14
1986,RITA,22,0,22
1986,RILEY,31,22,9
1986,ROSE,32,0,32
1986,SAMANTHA,606,0,606
1986,SAMARA,7,0,7
1986,SANA,10,0,10
1986,SHARON,44,0,44
1986,SHARLENE,6,0,6
1986,SHARI,7,0,7
1986,SHANTELLE,8,0,8
1986,SHANTEL,13,0,13
1986,SHANNON,498,0,498
1986,SHANNA,28,0,28
1986,SHANA,14,0,14
1986,SHALANE,7,0,7
1986,SHAINA,7,0,7
1986,SERENA,21,0,21
1986,SELINA,12,0,12
1986,SELENA,13,0,13
1986,SAVANNAH,12,0,12
1986,SAVANNA,7,0,7
1986,SASHA,57,7,50
1986,SARI,6,0,6
1986,SARAH,1713,0,1713
1986,SARA,403,0,403
1986,SANTANA,7,0,7
1986,SANDY,24,5,19
1986,SANDRA,122,0,122
1986,SANDEEP,21,14,7
1986,SHAUNNA,6,0,6
1986,RIKKI,9,0,9
1986,TABATHA,18,0,18
1986,TAHNEE,8,0,8
1986,AUTUMN,14,0,14
1986,AVERY,6,0,6
1986,BABY,55,33,22
1986,BAILEY,41,0,41
1986,BARBARA,50,0,50
1986,BECKY,8,0,8
1986,BELINDA,14,0,14
1986,BERNADETTE,9,0,9
1986,BETH,11,0,11
1986,BETHANY,72,0,72
1986,AURORA,9,0,9
1986,BETTY,10,0,10
1986,BIANCA,26,0,26
1986,BLAIR,66,58,8
1986,BOBBI,8,0,8
1986,ZOE,16,0,16
1986,YVONNE,28,0,28
1986,YOLANDA,9,0,9
1986,WHITNEY,200,0,200
1986,WENDY,38,0,38
1986,WANDA,6,0,6
1986,VÉRONIQUE,6,0,6
1986,BEVERLY,20,0,20
1986,AUDREY,22,0,22
1986,ATHENA,11,0,11
1986,ASHTON,40,9,31
1986,ANITA,50,0,50
1986,ANN,28,0,28
1986,ANNA,151,0,151
1986,ANNE,79,0,79
1986,ANNE-MARIE,25,0,25
1986,ANNETTE,15,0,15
1986,ANNIE,29,0,29
1986,ANTOINETTE,7,0,7
1986,ANTONELLA,12,0,12
1986,ANTONIA,6,0,6
1986,APRIL,124,0,124
1986,ARIANE,8,0,8
1986,ARIEL,19,6,13
1986,ARIELLE,12,0,12
1986,ARLENE,13,0,13
1986,ASHA,14,0,14
1986,ASHLEA,6,0,6
1986,ASHLEE,45,0,45
1986,ASHLEIGH,108,0,108
1986,ASHLEY,1765,0,1765
1986,ASHLEY-ANN,7,0,7
1986,ASHLIE,9,0,9
1986,ASHLY,18,0,18
1986,VIVIAN,22,0,22
1986,TABITHA,69,0,69
1986,VIRGINIA,28,0,28
1986,VIKTORIA,6,0,6
1986,TERRA,26,0,26
1986,TERI,16,0,16
1986,TERESA,59,0,59
1986,TERA,6,0,6
1986,TENISHA,8,0,8
1986,TEGAN,15,0,15
1986,TAYLOR,139,105,34
1986,TATIANA,7,0,7
1986,TASHA,46,0,46
1986,TARYN,56,0,56
1986,TERRI,26,0,26
1986,TARAH,10,0,10
1986,TANYA,242,0,242
1986,TANJA,7,0,7
1986,TANISHA,12,0,12
1986,TANIS,6,0,6
1986,TANIA,65,0,65
1986,TAMMY,73,0,73
1986,TAMIKA,6,0,6
1986,TAMARA,114,0,114
1986,TAMAR,11,0,11
1986,TALIA,18,0,18
1986,TARA,232,0,232
1986,TERRI-LYNN,9,0,9
1986,TESSA,27,0,27
1986,THERESA,72,0,72
1986,VICTORIA,406,0,406
1986,VICKY,15,0,15
1986,VICKI,21,0,21
1986,VERONIQUE,33,0,33
1986,VERONICA,55,0,55
1986,VENESSA,16,0,16
1986,VANESSA,372,0,372
1986,VALERIE,146,0,146
1986,TRISTA,25,0,25
1986,TRISHA,47,0,47
1986,TRINA,11,0,11
1986,TRICIA,16,0,16
1986,TRACY,94,0,94
1986,REECE,8,8,0
1986,TRACEY,42,0,42
1986,TOVA,6,0,6
1986,TONYA,50,0,50
1986,TONIA,11,0,11
1986,TONI,22,0,22
1986,TINA,98,0,98
1986,TIFFANY,253,0,253
1986,TIA,19,0,19
1986,THI,8,0,8
1986,VIOLET,8,0,8
1986,RICHELLE,14,0,14
1986,RHONDA,15,0,15
1986,RHIANNON,14,0,14
1986,MANPREET,12,0,12
1986,MANDY,44,0,44
1986,MANDI,13,0,13
1986,MANDEEP,13,7,6
1986,MALLORY,134,0,134
1986,MALLORIE,8,0,8
1986,MAIA,6,0,6
1986,MAGGIE,29,0,29
1986,MAEGAN,17,0,17
1986,MADISON,24,0,24
1986,MARCELLA,8,0,8
1986,MADELINE,23,0,23
1986,MADELAINE,10,0,10
1986,MACKENZIE,39,27,12
1986,LYNSEY,16,0,16
1986,LYNNE,9,0,9
1986,LYNN,24,0,24
1986,LYNETTE,6,0,6
1986,LYNDSEY,23,0,23
1986,LYNDSAY,40,0,40
1986,LYNDA,16,0,16
1986,LYDIA,31,0,31
1986,MADELEINE,26,0,26
1986,MARCIA,18,0,18
1986,MARCIE,12,0,12
1986,MARGARET,114,0,114
1986,MARTA,9,0,9
1986,MARSHA,11,0,11
1986,MARLEY,13,0,13
1986,MARLENE,15,0,15
1986,MARLENA,9,0,9
1986,MARLEE,8,0,8
1986,MARLA,9,0,9
1986,MARJORIE,7,0,7
1986,MARISSA,71,0,71
1986,MARISA,33,0,33
1986,MARION,6,0,6
1986,MARINA,19,0,19
1986,MARILYN,18,0,18
1986,MARIE-PIER,11,0,11
1986,MARIE-FRANCE,7,0,7
1986,MARIE-EVE,17,0,17
1986,MARIE-CLAUDE,9,0,9
1986,MARIE,556,0,556
1986,MARIANNE,24,0,24
1986,MARIANNA,7,0,7
1986,MARIAM,10,0,10
1986,MARIA,151,0,151
1986,MARGOT,10,0,10
1986,LUISA,6,0,6
1986,MARTHA,39,0,39
1986,LUCY,11,0,11
1986,LUCIA,10,0,10
1986,LEONA,10,0,10
1986,LENA,15,0,15
1986,LEILA,6,0,6
1986,LEIGH-ANNE,7,0,7
1986,LEIGH-ANN,6,0,6
1986,LEIGH,27,6,21
1986,LEEANNE,11,0,11
1986,LEEANN,13,0,13
1986,LEE-ANNE,8,0,8
1986,LEE-ANN,6,0,6
1986,LESLEY,49,0,49
1986,LEE,117,97,20
1986,LEANN,7,0,7
1986,LEAH,160,0,160
1986,LEA,11,0,11
1986,LAURIE,41,0,41
1986,LAUREN,411,0,411
1986,LAUREL,23,0,23
1986,LAURA,987,0,987
1986,LATOYA,16,0,16
1986,LARISSA,41,0,41
1986,LARA,26,0,26
1986,LEANNE,100,0,100
1986,LESLIE,96,22,74
1986,LIA,8,0,8
1986,LIANA,12,0,12
1986,LOUISE,15,0,15
1986,LOUISA,9,0,9
1986,LORRAINE,25,0,25
1986,LORNA,8,0,8
1986,LORI,49,0,49
1986,LORETTA,10,0,10
1986,LORA,7,0,7
1986,LIZA,9,0,9
1986,LISE,9,0,9
1986,LISA-MARIE,9,0,9
1986,LISA,552,0,552
1986,LINDSY,6,0,6
1986,LINDSEY,168,0,168
1986,LINDSAY,581,0,581
1986,LINDA,61,0,61
1986,LINA,11,0,11
1986,LILY,16,0,16
1986,LILLIAN,18,0,18
1986,LILIANA,6,0,6
1986,LIISA,7,0,7
1986,LIDIA,6,0,6
1986,LIANNE,25,0,25
1986,LIANE,17,0,17
1986,LUCILLE,6,0,6
1986,MARTINA,17,0,17
1986,MARTINE,15,0,15
1986,MARY,196,0,196
1986,PATRICIA,167,0,167
1986,PAMELA,124,0,124
1986,PAIGE,25,0,25
1986,ORIANA,7,0,7
1986,OLIVIA,45,0,45
1986,NORA,16,0,16
1986,NOELLE,10,0,10
1986,NOEL,27,21,6
1986,NISHA,9,0,9
1986,NINA,38,0,38
1986,PATRIZIA,6,0,6
1986,NIKKI,22,0,22
1986,NIKI,8,0,8
1986,NICOLETTE,7,0,7
1986,NICOLE,1053,0,1053
1986,NICOLA,29,12,17
1986,NICKI,6,0,6
1986,NICHOLE,41,0,41
1986,NELLIE,6,0,6
1986,NAVNEET,8,0,8
1986,NATHALIE,49,0,49
1986,NATASHIA,9,0,9
1986,NIKITA,33,0,33
1986,PAULA,58,0,58
1986,PAULINE,18,0,18
1986,PEGGY,8,0,8
1986,RHEA,9,0,9
1986,RENÉE,9,0,9
1986,RENEE,135,0,135
1986,RENATA,7,0,7
1986,RENA,6,0,6
1986,REGAN,7,0,7
1986,REENA,7,0,7
1986,REBEKAH,26,0,26
1986,REBECCA,528,0,528
1986,RAQUEL,16,0,16
1986,RANDI,33,0,33
1986,RANDALL,32,24,8
1986,RAE,6,0,6
1986,RACHELLE,63,0,63
1986,RACHEL,404,0,404
1986,RACHEAL,7,0,7
1986,RACHAEL,63,0,63
1986,RABIA,7,0,7
1986,PRIYA,16,0,16
1986,PRISCILLA,20,0,20
1986,POONAM,8,0,8
1986,POOJA,6,0,6
1986,PENNY,6,0,6
1986,NATASHA,295,0,295
1986,NATALIE,358,0,358
1986,NATALIA,19,0,19
1986,NATALEE,9,0,9
1986,MELODY,26,0,26
1986,MELODIE,8,0,8
1986,MELLISSA,10,0,10
1986,MELLISA,6,0,6
1986,MELISSA,1104,0,1104
1986,MELISA,12,0,12
1986,MELINDA,38,0,38
1986,MELINA,15,0,15
1986,MELANIE,359,0,359
1986,MEIGHAN,7,0,7
1986,MEGHANN,15,0,15
1986,MEGHAN,268,0,268
1986,MEGGAN,7,0,7
1986,MEGAN,524,0,524
1986,MEAGHAN,146,0,146
1986,MEAGAN,121,0,121
1986,MAYA,15,0,15
1986,MAXINE,13,0,13
1986,MAUREEN,17,0,17
1986,MARYSE,6,0,6
1986,MARYANNE,6,0,6
1986,MARYANN,9,0,9
1986,MARYAM,6,0,6
1986,MERCEDES,6,0,6
1986,ANIK,7,0,7
1986,MEREDITH,44,0,44
1986,MICHAELA,8,0,8
1986,NATACHA,8,0,8
1986,NAOMI,48,0,48
1986,NANCY,76,0,76
1986,NAKITA,8,0,8
1986,NADINE,45,0,45
1986,NADIA,82,0,82
1986,MÉLANIE,10,0,10
1986,MYRA,6,0,6
1986,MORGAN,76,32,44
1986,MONIQUE,67,0,67
1986,MONIKA,36,0,36
1986,MONICA,127,0,127
1986,MONA,6,0,6
1986,MOLLY,16,0,16
1986,MISTY,16,0,16
1986,MIRIAM,23,0,23
1986,MIREILLE,10,0,10
1986,MIRANDA,98,0,98
1986,MINDY,14,0,14
1986,MILA,10,0,10
1986,MIKAELA,6,0,6
1986,MICHELLE,776,0,776
1986,MICHELE,51,15,36
1986,MIA,6,0,6
1986,REED,9,9,0
1986,BONNIE,36,0,36
1986,REID,17,17,0
1986,TOM,10,10,0
1986,TOMAS,7,7,0
1986,TOMASZ,5,5,0
1986,TOMISLAV,7,7,0
1986,TOMMY,11,11,0
1986,TONY,35,35,0
1986,TORY,5,5,0
1986,TRAVIS,155,155,0
1986,TRENT,7,7,0
1986,TREVOR,320,320,0
1986,TRISTAN,80,80,0
1986,TROY,92,92,0
1986,TUAN,6,6,0
1986,TYLER,778,778,0
1986,TYLOR,13,13,0
1986,TODD,69,69,0
1986,TYRELL,5,5,0
1986,TIMOTHY,398,398,0
1986,THIERRY,5,5,0
1986,STUART,70,70,0
1986,SUNDEEP,7,7,0
1986,SUNNY,5,5,0
1986,SYED,7,7,0
1986,SYLVAIN,19,19,0
1986,TANNER,14,14,0
1986,TARIQ,7,7,0
1986,TED,11,11,0
1986,TEDDY,5,5,0
1986,TERENCE,26,26,0
1986,TERRANCE,15,15,0
1986,TERRENCE,12,12,0
1986,TERRY,64,64,0
1986,THEO,5,5,0
1986,THEODORE,34,34,0
1986,THOMAS,539,539,0
1986,STEWART,17,17,0
1986,TYRONE,31,31,0
1986,VARUN,6,6,0
1986,WILLIAM,637,637,0
1986,WILSON,7,7,0
1986,WING,5,5,0
1986,WINSTON,6,6,0
1986,WYATT,7,7,0
1986,YANNICK,6,6,0
1986,YOSEF,6,6,0
1986,YUSUF,5,5,0
1986,YVES,20,20,0
1986,ZACHARIAH,6,6,0
1986,ZACHARY,195,195,0
1986,ZACKARY,5,5,0
1986,ZACKERY,5,5,0
1986,ZANE,9,9,0
1986,REGINALD,11,11,0
1986,WILFRED,10,10,0
1986,TYSON,42,42,0
1986,WAYNE,64,64,0
1986,WARREN,45,45,0
1986,VASILIOS,6,6,0
1986,VAUGHN,6,6,0
1986,VERNON,7,7,0
1986,VICTOR,57,57,0
1986,VIJAY,6,6,0
1986,VIKAS,5,5,0
1986,VINCE,8,8,0
1986,VINCENT,85,85,0
1986,VINCENZO,17,17,0
1986,VISHAL,5,5,0
1986,VITO,9,9,0
1986,VITTORIO,5,5,0
1986,WADE,27,27,0
1986,WALLACE,7,7,0
1986,WALTER,12,12,0
1986,WAYLON,6,6,0
1986,STEVEN,736,736,0
1986,WESLEY,94,94,0
1986,STERLING,5,5,0
1986,ROHAN,5,5,0
1986,ROHIT,8,8,0
1986,ROLAND,12,12,0
1986,ROMAN,8,8,0
1986,RON,12,12,0
1986,RONALD,95,95,0
1986,RONNIE,6,6,0
1986,RORY,47,47,0
1986,ROSS,52,52,0
1986,ROY,18,18,0
1986,RUBEN,8,8,0
1986,RUDY,6,6,0
1986,RUSSEL,5,5,0
1986,RUSSELL,73,73,0
1986,RYAN,1544,1544,0
1986,ROGER,47,47,0
1986,SALIM,5,5,0
1986,RODNEY,9,9,0
1986,ROCH,9,9,0
1986,STEVE,32,32,0
1986,REMI,8,8,0
1986,RENE,26,26,0
1986,REUBEN,14,14,0
1986,RHYS,8,8,0
1986,RIAZ,5,5,0
1986,RICARDO,19,19,0
1986,RICCARDO,9,9,0
1986,RICHARD,473,473,0
1986,RICKY,29,29,0
1986,RISHI,5,5,0
1986,ROBBIE,13,13,0
1986,ROBERT,1162,1162,0
1986,ROBERTO,42,42,0
1986,ROCCO,10,10,0
1986,RODERICK,10,10,0
1986,SALVATORE,19,19,0
1986,RICK,7,7,0
1986,SAMEER,8,8,0
1986,SHMUEL,5,5,0
1986,SIDNEY,8,8,0
1986,SIMON,142,142,0
1986,SKYLAR,5,5,0
1986,SKYLER,5,5,0
1986,SOLOMON,5,5,0
1986,SONNY,11,11,0
1986,SPENCER,78,78,0
1986,SPENSER,7,7,0
1986,STEFAN,61,61,0
1986,STEFANO,13,13,0
1986,STEPHAN,32,32,0
1986,STEPHANE,32,32,0
1986,SAM,11,11,0
1986,STEPHEN,512,512,0
1986,SHELDON,34,34,0
1986,SHEA,6,6,0
1986,STANLEY,21,21,0
1986,SANDRO,5,5,0
1986,SHAYNE,27,27,0
1986,SAMIR,5,5,0
1986,SAVERIO,5,5,0
1986,SAMUEL,148,148,0
1986,SEAMUS,9,9,0
1986,SEAN,536,536,0
1986,SEBASTIAN,27,27,0
1986,SEBASTIANO,5,5,0
1986,SCOTT,636,636,0
1986,SEBASTIEN,31,31,0
1986,SERGE,15,15,0
1986,SERGIO,9,9,0
1986,SETH,20,20,0
1986,SHANE,351,351,0
1986,SHAUN,107,107,0
1986,SHAWN,526,526,0
1987,SERINA,10,0,10
1987,SERENA,24,0,24
1987,SELINA,11,0,11
1987,SELENA,12,0,12
1987,SEEMA,6,0,6
1987,SAVANNAH,16,0,16
1987,SARI,6,0,6
1987,SAVANNA,9,0,9
1987,SASHA,84,9,75
1987,SASCHA,7,0,7
1987,SEANNA,6,0,6
1987,SHANA,16,0,16
1987,SHEENA,52,0,52
1987,SHANNAN,10,0,10
1987,SHANNON,467,0,467
1987,SHANTEL,14,0,14
1987,SHANTELLE,13,0,13
1987,SHARI,11,0,11
1987,SHARLENE,8,0,8
1987,SHARON,46,0,46
1987,SHAUNA,61,0,61
1987,SHAWNA,69,0,69
1987,SHAYLA,10,0,10
1987,SARAH-LYNN,8,0,8
1987,SHAYNA,18,0,18
1987,SHANNA,14,0,14
1987,SARAH-ANN,6,0,6
1987,SABRINA,159,0,159
1987,SARA,381,0,381
1987,ROCHELLE,24,0,24
1987,SHEILA,25,0,25
1987,ROSA,15,0,15
1987,ROSANNA,22,0,22
1987,ROSE,25,0,25
1987,ROSEMARIE,6,0,6
1987,ROSEMARY,18,0,18
1987,ROXANNE,48,0,48
1987,RUBY,8,0,8
1987,RUPINDER,9,0,9
1987,RUTH,35,0,35
1987,SABINA,10,0,10
1987,SARAH,1694,0,1694
1987,SACHA,20,8,12
1987,SAFIA,6,0,6
1987,SAHAR,8,0,8
1987,SALLY,18,0,18
1987,SALMA,7,0,7
1987,SAMANTHA,727,0,727
1987,SAMARA,14,0,14
1987,SAMIRA,6,0,6
1987,SANA,6,0,6
1987,SANDEEP,13,6,7
1987,SANDRA,105,0,105
1987,SANDY,27,0,27
1987,SANTANA,6,0,6
1987,SADIE,8,0,8
1987,SHELAGH,6,0,6
1987,SUMMER,12,0,12
1987,SHELLEY,38,0,38
1987,STEPHANY,8,0,8
1987,STEVIE,10,0,10
1987,STÉPHANIE,7,0,7
1987,SUNITA,7,0,7
1987,SUSAN,78,0,78
1987,SUSANA,12,0,12
1987,SUSANNA,13,0,13
1987,SUSANNAH,7,0,7
1987,SUSIE,7,0,7
1987,SUZANNA,8,0,8
1987,SUZANNE,51,0,51
1987,SYDNEY,12,0,12
1987,STEPHANIE,1250,0,1250
1987,SYLVIA,34,0,34
1987,TABATHA,18,0,18
1987,TABITHA,47,0,47
1987,TALIA,7,0,7
1987,TAMAR,7,0,7
1987,TAMARA,116,0,116
1987,TAMIKA,6,0,6
1987,TAMMY,57,0,57
1987,TANIA,57,0,57
1987,TANIS,6,0,6
1987,TANISHA,12,0,12
1987,TANYA,185,0,185
1987,ROBYN,141,0,141
1987,SYLVIE,30,0,30
1987,STELLA,9,0,9
1987,STEFANIE,63,0,63
1987,STEFANIA,24,0,24
1987,SHELLY,11,0,11
1987,SHEREEN,7,0,7
1987,SHERI,12,0,12
1987,SHERRI,13,0,13
1987,SHERRY,28,0,28
1987,SHERYL,11,0,11
1987,SHIRA,7,0,7
1987,SHIREEN,6,0,6
1987,SHIRLEY,16,0,16
1987,SHONA,10,0,10
1987,SHYLA,6,0,6
1987,SIERRA,20,0,20
1987,SILVIA,8,0,8
1987,SIMONE,33,0,33
1987,SIOBHAN,26,0,26
1987,SKYE,21,0,21
1987,SOFIA,15,0,15
1987,SONIA,56,0,56
1987,SONJA,19,0,19
1987,SONYA,41,0,41
1987,SOPHIA,38,0,38
1987,SOPHIE,64,0,64
1987,STACEY,209,0,209
1987,STACI,11,0,11
1987,STACIE,19,0,19
1987,STACY,70,0,70
1987,STARR,6,0,6
1987,SHELBY,39,6,33
1987,ROBIN,124,44,80
1987,MIREILLE,7,0,7
1987,RITA,18,0,18
1987,MELODY,33,0,33
1987,MELYSSA,6,0,6
1987,MERCEDES,7,0,7
1987,MEREDITH,47,0,47
1987,MERISSA,6,0,6
1987,MIA,10,0,10
1987,MICHAELA,12,0,12
1987,MICHELE,44,7,37
1987,MICHELINE,7,0,7
1987,MICHELLE,770,0,770
1987,MILA,6,0,6
1987,MILENA,6,0,6
1987,MELODIE,7,0,7
1987,MINDY,11,0,11
1987,TARA,220,0,220
1987,MIRIAM,29,0,29
1987,MISHA,6,0,6
1987,MISTY,16,0,16
1987,MOLLY,27,0,27
1987,MONA,11,0,11
1987,MONICA,117,0,117
1987,MONIKA,31,0,31
1987,MONIQUE,62,0,62
1987,MORGAN,96,29,67
1987,MYRIAM,10,0,10
1987,MÉLANIE,10,0,10
1987,MIRANDA,107,0,107
1987,MELISSA,1058,0,1058
1987,MELISA,13,0,13
1987,MELINDA,36,0,36
1987,MARILYN,17,0,17
1987,MARINA,22,0,22
1987,MARISA,30,0,30
1987,MARISSA,63,0,63
1987,MARLA,8,0,8
1987,MARLEE,12,0,12
1987,MARLENA,11,0,11
1987,MARLENE,24,0,24
1987,MARLEY,8,0,8
1987,MARSHA,8,0,8
1987,MARTA,10,0,10
1987,MARTHA,37,0,37
1987,MARTINA,14,0,14
1987,MARTINE,18,0,18
1987,MARY,209,0,209
1987,MATTIE,6,0,6
1987,MAUREEN,19,0,19
1987,MAXINE,15,0,15
1987,MAY,8,0,8
1987,MAYA,15,0,15
1987,MEAGAN,135,0,135
1987,MEAGHAN,122,0,122
1987,MEGAN,511,0,511
1987,MEGHAN,203,0,203
1987,MEIGHAN,6,0,6
1987,MELANIE,295,0,295
1987,MELINA,13,0,13
1987,NADIA,87,0,87
1987,ROBERTA,10,0,10
1987,NADINE,42,0,42
1987,NANCY,82,0,82
1987,PETRA,7,0,7
1987,PHYLICIA,11,0,11
1987,PRISCILLA,31,0,31
1987,PRIYA,18,0,18
1987,PRIYANKA,6,0,6
1987,QUINN,18,9,9
1987,RACHAEL,65,0,65
1987,RACHEAL,7,0,7
1987,RACHEL,485,0,485
1987,RACHELLE,47,0,47
1987,RANA,6,0,6
1987,RANDI,36,0,36
1987,PEGGY,8,0,8
1987,RAQUEL,17,0,17
1987,REBEKAH,35,0,35
1987,REGINA,8,0,8
1987,RENA,11,0,11
1987,RENEE,111,0,111
1987,RENÉE,8,0,8
1987,REVA,7,0,7
1987,RHEA,8,0,8
1987,RHIANNON,6,0,6
1987,RHONDA,19,0,19
1987,RICHELLE,15,0,15
1987,RIKKI,7,0,7
1987,RILEY,43,30,13
1987,REBECCA,491,0,491
1987,PEARL,8,0,8
1987,PAULINE,17,0,17
1987,PAULA,35,0,35
1987,NAOMI,52,0,52
1987,NATALIA,23,0,23
1987,NATALIE,342,0,342
1987,NATASHA,375,0,375
1987,NATASHIA,7,0,7
1987,NATHALIE,37,0,37
1987,NAVDEEP,8,0,8
1987,NEHA,6,0,6
1987,NICHOLE,29,0,29
1987,NICOLA,35,12,23
1987,NICOLE,997,0,997
1987,NICOLLE,9,0,9
1987,NIKI,9,0,9
1987,NIKITA,25,0,25
1987,NIKKI,30,0,30
1987,NIKOLE,6,0,6
1987,NINA,39,0,39
1987,NISHA,7,0,7
1987,NOEL,19,12,7
1987,NOELLE,10,0,10
1987,NORA,15,0,15
1987,OLENA,7,0,7
1987,OLIVIA,73,0,73
1987,PAIGE,49,0,49
1987,PAMELA,87,0,87
1987,PANAGIOTA,6,0,6
1987,PATRICIA,165,0,165
1987,NAKITA,6,0,6
1987,TARA-LYNN,7,0,7
1987,CARLA,38,0,38
1987,TARALYN,7,0,7
1987,ANTONIA,6,0,6
1987,ANTONELLA,8,0,8
1987,ANTOINETTE,7,0,7
1987,ANNIE,30,0,30
1987,ANNETTE,11,0,11
1987,ANNE-MARIE,23,0,23
1987,ANNE,81,0,81
1987,ANNA-MARIE,8,0,8
1987,ANNA,153,0,153
1987,ANN-MARIE,7,0,7
1987,ANN,25,0,25
1987,ANITA,45,0,45
1987,ANYA,6,0,6
1987,ANISHA,8,0,8
1987,ANGIE,25,0,25
1987,ANGELIQUE,7,0,7
1987,ANGELINA,12,0,12
1987,ANGELICA,26,0,26
1987,ANGELE,12,0,12
1987,ANGELA,262,0,262
1987,ANGEL,22,0,22
1987,ANDRIA,8,0,8
1987,ANDREE,7,0,7
1987,ANDREA,469,20,449
1987,ANASTASIA,31,0,31
1987,ANA,24,0,24
1987,ANIKA,6,0,6
1987,AMY,470,0,470
1987,APRIL,102,0,102
1987,ARIEL,22,12,10
1987,BERNADETTE,9,0,9
1987,BELINDA,10,0,10
1987,BECKY,10,0,10
1987,BARBARA,57,0,57
1987,BAILEY,32,5,27
1987,BABY,29,11,18
1987,AYNSLEY,6,0,6
1987,AYLA,13,0,13
1987,AYESHA,6,0,6
1987,AVA,7,0,7
1987,AUTUMN,8,0,8
1987,AUDREY,19,0,19
1987,ARIANE,6,0,6
1987,ATHENA,6,0,6
1987,ASHLYN,9,0,9
1987,ASHLY,18,0,18
1987,ASHLIE,7,0,7
1987,ASHLEY-ANNE,6,0,6
1987,ASHLEY-ANN,6,0,6
1987,ASHLEY,1710,7,1703
1987,ASHLEIGH,61,0,61
1987,ASHLEE,58,0,58
1987,ASHELY,6,0,6
1987,ASHA,12,0,12
1987,ARLENE,6,0,6
1987,ARIELLE,8,0,8
1987,ASHTON,27,16,11
1987,AMIE,18,0,18
1987,AMELIE,9,0,9
1987,AMELIA,51,0,51
1987,ALESSIA,11,0,11
1987,ALESSANDRA,23,0,23
1987,ALESHA,9,0,9
1987,ALENA,7,0,7
1987,ALEKSANDRA,6,0,6
1987,ALECIA,9,0,9
1987,ALANNA,53,0,53
1987,ALANA,73,0,73
1987,ALAINA,14,0,14
1987,AISHA,14,0,14
1987,AINSLEY,16,0,16
1987,AIMEE,45,0,45
1987,ALEXA,11,0,11
1987,AILEEN,11,0,11
1987,AGATHA,6,0,6
1987,ADRIENNE,53,0,53
1987,ADRIANNE,6,0,6
1987,ADRIANNA,11,0,11
1987,ADRIANA,27,0,27
1987,ADINA,7,0,7
1987,ADELE,16,0,16
1987,ABIGAIL,22,0,22
1987,ABBY,6,0,6
1987,ABBEY,6,0,6
1987,AARTI,6,0,6
1987,ZAKARY,7,7,0
1987,AGNES,7,0,7
1987,ALEXANDRA,387,0,387
1987,ALEXANDREA,10,0,10
1987,ALEXANDRIA,46,0,46
1987,AMBERLY,10,0,10
1987,AMBER-LEE,8,0,8
1987,AMBER,297,0,297
1987,AMANPREET,6,0,6
1987,AMANDEEP,16,8,8
1987,AMANDA,1813,0,1813
1987,ALYSSA,208,0,208
1987,ALYSON,36,0,36
1987,ALYSIA,20,0,20
1987,ALYSHIA,6,0,6
1987,ALYSHA,41,0,41
1987,ALYSE,15,0,15
1987,ALYCIA,24,0,24
1987,ALLYSON,16,0,16
1987,ALLYSHA,6,0,6
1987,ALLISON,249,0,249
1987,ALLANA,8,0,8
1987,ALIYA,6,0,6
1987,ALISSA,23,0,23
1987,ALISON,178,0,178
1987,ALISHA,90,0,90
1987,ALISA,13,0,13
1987,ALINA,10,0,10
1987,ALICIA,288,0,288
1987,ALICE,28,0,28
1987,ALIA,11,0,11
1987,ALEXIS,37,0,37
1987,BERNICE,9,0,9
1987,TARAH,15,0,15
1987,BETH,17,0,17
1987,BETTY,16,0,16
1987,TRINA,15,0,15
1987,TRISHA,35,0,35
1987,TRISTA,13,0,13
1987,TRISTAN,86,79,7
1987,URSULA,8,0,8
1987,VALERIE,127,0,127
1987,VANESSA,416,0,416
1987,VENESSA,19,0,19
1987,VERA,8,0,8
1987,VERONICA,73,0,73
1987,VERONIQUE,29,0,29
1987,VICKI,10,0,10
1987,TRICIA,20,0,20
1987,VICKY,17,0,17
1987,VIRGINIA,29,0,29
1987,VIVIAN,19,0,19
1987,WENDY,43,0,43
1987,WHITNEY,119,0,119
1987,WINNIE,9,0,9
1987,YASMIN,9,0,9
1987,YASMINE,8,0,8
1987,YESENIA,6,0,6
1987,YOLANDA,11,0,11
1987,YVETTE,6,0,6
1987,YVONNE,28,0,28
1987,ZAHRA,9,0,9
1987,VICTORIA,340,0,340
1987,ZAINAB,6,0,6
1987,TRACY,82,0,82
1987,TRACEY,42,0,42
1987,TARYN,35,0,35
1987,TASHA,32,0,32
1987,TASHINA,6,0,6
1987,TATIANA,7,0,7
1987,TAWNYA,12,0,12
1987,TAYLOR,140,97,43
1987,TEGAN,22,0,22
1987,TERA,9,0,9
1987,TERESA,61,0,61
1987,TERI,16,0,16
1987,TERRA,13,0,13
1987,TERRI,23,0,23
1987,TRACI,7,0,7
1987,TERRI-LYNN,9,0,9
1987,TESSA,33,0,33
1987,THERESA,57,0,57
1987,THI,15,0,15
1987,TIA,11,0,11
1987,TIANA,6,0,6
1987,TIANNA,6,0,6
1987,TIFFANY,244,0,244
1987,TINA,84,0,84
1987,TONI,20,0,20
1987,TONIA,9,0,9
1987,TONYA,20,0,20
1987,TORI,6,0,6
1987,TESS,10,0,10
1987,ZOE,27,0,27
1987,CAROLINE,89,0,89
1987,CAROLINA,11,0,11
1987,BRITTANY,504,0,504
1987,BRITTANIE,6,0,6
1987,BRITTANI,9,0,9
1987,BRITNEY,24,0,24
1987,BRIGITTE,28,0,28
1987,BRIDGETTE,7,0,7
1987,BRIDGET,26,0,26
1987,BRIANNE,59,0,59
1987,BRIANNA,54,0,54
1987,BRIANA,14,0,14
1987,BRENNA,18,0,18
1987,BRENDA,33,0,33
1987,BRITTNEY,74,0,74
1987,BREANNE,48,0,48
1987,BRANDY,32,0,32
1987,BRANDIE,6,0,6
1987,BRANDI,38,0,38
1987,BONNIE,30,0,30
1987,BOBBIE,8,0,8
1987,BOBBI,11,0,11
1987,BLYTHE,6,0,6
1987,BLAIRE,9,0,9
1987,BLAIR,65,52,13
1987,BIANCA,35,0,35
1987,BEVERLY,20,0,20
1987,BEVERLEY,7,0,7
1987,BREANNA,11,0,11
1987,BRONWEN,7,0,7
1987,BRONWYN,7,0,7
1987,BROOKE,70,0,70
1987,CAROLE,10,0,10
1987,CAROL,24,0,24
1987,CARMEN,28,6,22
1987,CARMELA,11,0,11
1987,CARLY,118,0,118
1987,CARLING,6,0,6
1987,CARLIE,9,0,9
1987,CARLI,8,0,8
1987,CARLEY,27,0,27
1987,CARLENE,7,0,7
1987,CARLEIGH,6,0,6
1987,CARLEE,9,0,9
1987,MARIKA,7,0,7
1987,CARISSA,23,0,23
1987,CARINA,13,0,13
1987,CARA,57,0,57
1987,CANDICE,125,0,125
1987,CANDACE,82,0,82
1987,CAMILLE,25,0,25
1987,CAMILLA,9,0,9
1987,CALLIE,6,0,6
1987,CALEIGH,11,0,11
1987,CAITLYN,43,0,43
1987,CAITLIN,266,0,266
1987,CAILIN,6,0,6
1987,CAILEY,7,0,7
1987,BRYANNA,6,0,6
1987,BETHANY,82,0,82
1987,MARIJA,6,0,6
1987,LEANNA,7,0,7
1987,MARIE-FRANCE,10,0,10
1987,FELECIA,7,0,7
1987,FELICIA,62,0,62
1987,FELISHA,9,0,9
1987,FIONA,27,0,27
1987,FLORENCE,11,0,11
1987,FRANCE,12,0,12
1987,FRANCES,14,0,14
1987,FRANCESCA,26,0,26
1987,FRANCINE,14,0,14
1987,GABRIELLA,9,0,9
1987,GABRIELLE,37,0,37
1987,GAIL,10,0,10
1987,FAYE,8,0,8
1987,GEMMA,9,0,9
1987,GENNA,6,0,6
1987,GEORGIA,12,0,12
1987,GEORGINA,7,0,7
1987,GILLIAN,86,0,86
1987,GINA,26,0,26
1987,GISELLE,9,0,9
1987,GIUSEPPINA,6,0,6
1987,GLORIA,16,0,16
1987,GRACE,49,0,49
1987,GURPREET,15,6,9
1987,GWENDOLYN,6,0,6
1987,HAILEY,43,0,43
1987,GENEVIEVE,59,0,59
1987,HALEY,36,0,36
1987,FATIMA,12,0,12
1987,FARAH,6,0,6
1987,ELISE,48,0,48
1987,ELISHA,33,0,33
1987,ELISSA,17,0,17
1987,ELIZA,7,0,7
1987,ELIZABETH,377,0,377
1987,ELLEN,33,0,33
1987,ELSIE,8,0,8
1987,ELYSE,76,0,76
1987,ELYSHA,6,0,6
1987,ELYSIA,21,0,21
1987,ELYSSA,6,0,6
1987,ELYSSE,6,0,6
1987,FARRAH,9,0,9
1987,EMILIE,37,0,37
1987,EMMA,188,0,188
1987,ERICA,210,0,210
1987,ERICKA,6,0,6
1987,ERIKA,99,0,99
1987,ERIN,432,5,427
1987,ERYN,6,0,6
1987,ESTHER,32,0,32
1987,EVA,27,0,27
1987,EVANGELINE,7,0,7
1987,EVELYN,24,0,24
1987,FAITH,13,0,13
1987,FALLON,9,0,9
1987,EMILY,533,0,533
1987,HANNA,7,0,7
1987,HANNAH,92,0,92
1987,HARMONY,8,0,8
1987,JAMIE-LEE,9,0,9
1987,JAMIE-LYNN,9,0,9
1987,JANA,14,0,14
1987,JANE,31,0,31
1987,JANELLE,32,0,32
1987,JANESSA,12,0,12
1987,JANET,40,0,40
1987,JANICE,50,0,50
1987,JANINE,36,0,36
1987,JANNA,15,0,15
1987,JAQUELINE,7,0,7
1987,JASMIN,21,5,16
1987,JAMIE,339,172,167
1987,JASMINE,85,0,85
1987,JAYME,13,0,13
1987,JAYMIE,7,0,7
1987,JAYNE,6,0,6
1987,JAZMIN,6,0,6
1987,JAZMINE,8,0,8
1987,JEAN,53,38,15
1987,JEANETTE,12,0,12
1987,JEANINE,6,0,6
1987,JENA,20,0,20
1987,JENELLE,14,0,14
1987,JENESSA,6,0,6
1987,JENIFER,14,0,14
1987,JASPREET,9,0,9
1987,JAMI,7,0,7
1987,JAIMIE,11,0,11
1987,JAIME,63,8,55
1987,HARPREET,9,0,9
1987,HAYLEY,76,0,76
1987,HAZEL,6,0,6
1987,HEATHER,510,0,510
1987,HEIDI,64,0,64
1987,HELEN,51,0,51
1987,HELENA,12,0,12
1987,HILARY,68,0,68
1987,HILDA,7,0,7
1987,HILLARY,22,0,22
1987,HOLLI,7,0,7
1987,HOLLIE,14,0,14
1987,HOLLY,204,0,204
1987,HOPE,13,0,13
1987,ILANA,6,0,6
1987,INGRID,9,0,9
1987,IRENE,26,0,26
1987,IRIS,8,0,8
1987,ISABEL,12,0,12
1987,ISABELLE,37,0,37
1987,IVY,7,0,7
1987,JACKIE,17,8,9
1987,JACKLYN,16,0,16
1987,JACLYN,130,0,130
1987,JACQUELINE,252,0,252
1987,JACQUELYN,29,0,29
1987,JADE,57,5,52
1987,ELISABETH,26,0,26
1987,JENNA,314,0,314
1987,ELISA,37,0,37
1987,ELENA,24,0,24
1987,CHAYA,6,0,6
1987,CHELSEA,164,0,164
1987,CHELSEY,59,0,59
1987,CHELSIE,8,0,8
1987,CHELSY,6,0,6
1987,CHERI,10,0,10
1987,CHERIE,6,0,6
1987,CHERYL,105,0,105
1987,CHEYENNE,7,0,7
1987,CHLOE,45,0,45
1987,CHRISTA,21,0,21
1987,CHRISTEN,6,0,6
1987,CHARMAINE,18,0,18
1987,CHRISTIANA,6,0,6
1987,CHRISTIANNE,6,0,6
1987,CHRISTIE,25,0,25
1987,CHRISTINA,463,0,463
1987,CHRISTINE,391,0,391
1987,CHRISTY,22,0,22
1987,CHRYSTAL,11,0,11
1987,CIARA,8,0,8
1987,CIERRA,7,0,7
1987,CINDY,66,0,66
1987,CLAIRE,83,0,83
1987,CLARA,6,0,6
1987,CLARE,17,0,17
1987,CHRISTIANE,10,0,10
1987,CLARISSA,11,0,11
1987,CHARLOTTE,44,0,44
1987,CHARITY,17,0,17
1987,CARRIE,52,0,52
1987,CARRIE-LYNN,8,0,8
1987,CARYN,9,0,9
1987,CASANDRA,12,0,12
1987,CASEY,99,51,48
1987,CASSANDRA,173,0,173
1987,CASSIDY,12,0,12
1987,CASSIE,15,0,15
1987,CATERINA,10,0,10
1987,CATHARINE,9,0,9
1987,CATHERINE,192,0,192
1987,CATHLEEN,8,0,8
1987,CHARLENE,54,0,54
1987,CATHY,9,0,9
1987,CECILIA,11,0,11
1987,CEILIDH,6,0,6
1987,CELESTE,8,0,8
1987,CELIA,12,0,12
1987,CELINE,20,0,20
1987,CHANEL,16,0,16
1987,CHANELLE,13,0,13
1987,CHANTAL,142,0,142
1987,CHANTALE,13,0,13
1987,CHANTALLE,11,0,11
1987,CHANTEL,84,0,84
1987,CHANTELLE,99,0,99
1987,CAYLA,7,0,7
1987,CLAUDETTE,6,0,6
1987,CLAUDIA,30,0,30
1987,COLETTE,6,0,6
1987,DEBBIE,11,0,11
1987,DEBORAH,40,0,40
1987,DEBRA,14,0,14
1987,DEENA,6,0,6
1987,DEIDRE,10,0,10
1987,DEIRDRE,11,0,11
1987,DENISE,68,0,68
1987,DESIREE,35,0,35
1987,DESTINY,7,0,7
1987,DEVIN,118,109,9
1987,DEVON,113,85,28
1987,DIANA,151,0,151
1987,DEANNE,9,0,9
1987,DIANE,57,0,57
1987,DIANNE,17,0,17
1987,DINA,15,0,15
1987,DOMINIQUE,47,7,40
1987,DONNA,31,0,31
1987,DORIS,6,0,6
1987,DOROTHY,17,0,17
1987,EDEN,11,0,11
1987,EILEEN,24,0,24
1987,ELAINA,8,0,8
1987,ELAINE,32,0,32
1987,ELANA,10,0,10
1987,ELEANOR,12,0,12
1987,DIANNA,16,0,16
1987,DEANNA,59,0,59
1987,DEANA,10,0,10
1987,DAYNA,53,0,53
1987,COLLEEN,66,0,66
1987,CONNIE,16,0,16
1987,CONSTANCE,16,0,16
1987,CORA,7,0,7
1987,CORINA,6,0,6
1987,CORINNE,15,0,15
1987,CORRINA,6,0,6
1987,CORRINE,10,0,10
1987,CORTNEY,19,0,19
1987,COURTNEY,320,6,314
1987,CRISTAL,6,0,6
1987,CRISTINA,69,0,69
1987,CRYSTAL,281,0,281
1987,CYNTHIA,81,0,81
1987,DAINA,7,0,7
1987,DANA,170,12,158
1987,DANICA,9,0,9
1987,DANIELA,56,0,56
1987,DANIELLA,41,0,41
1987,DANIELLE,659,0,659
1987,DANIKA,12,0,12
1987,DAPHNE,11,0,11
1987,DARA,6,0,6
1987,DARCY,51,41,10
1987,DARLENE,17,0,17
1987,DAWN,52,0,52
1987,DAYLE,7,0,7
1987,ELENI,12,0,12
1987,JENNA-LEE,6,0,6
1987,JENNIE,15,0,15
1987,JENNIFER,1512,0,1512
1987,LACEY,77,0,77
1987,LAINE,6,0,6
1987,LANA,11,0,11
1987,LARA,24,0,24
1987,LARISSA,39,0,39
1987,LATOYA,18,0,18
1987,LAURA,868,0,868
1987,LAUREL,18,0,18
1987,LAUREN,389,0,389
1987,LAURIE,29,0,29
1987,LAURYN,8,0,8
1987,LEA,9,0,9
1987,KYRA,9,0,9
1987,LEAH,202,0,202
1987,LEANN,6,0,6
1987,ZANE,8,8,0
1987,LEANNE,100,0,100
1987,LEE,102,88,14
1987,LEE-ANN,14,0,14
1987,LEE-ANNE,12,0,12
1987,LEEANN,7,0,7
1987,LEEANNE,7,0,7
1987,LEIGH,34,8,26
1987,LEILA,11,0,11
1987,LENA,10,0,10
1987,LESLEY,48,0,48
1987,LEANDRA,8,0,8
1987,LESLIE,94,11,83
1987,KYLIE,33,0,33
1987,KRYSTYNA,9,0,9
1987,KIRA,23,0,23
1987,KIRAN,6,0,6
1987,KIRANDEEP,6,0,6
1987,KIRSTEN,51,0,51
1987,KIRSTIN,17,0,17
1987,KIRSTY,7,0,7
1987,KORI,13,5,8
1987,KOURTNEY,7,0,7
1987,KRISTA,225,0,225
1987,KRISTAL,16,0,16
1987,KRISTEN,268,0,268
1987,KRISTI,16,0,16
1987,KYLA,63,0,63
1987,KRISTIE,25,0,25
1987,KRISTINA,183,0,183
1987,KRISTINE,61,0,61
1987,KRISTY,74,0,74
1987,KRISTYN,22,0,22
1987,KRYSTA,30,0,30
1987,KRYSTAL,148,0,148
1987,KRYSTEN,7,0,7
1987,KRYSTIN,7,0,7
1987,KRYSTINA,23,0,23
1987,KRYSTINE,6,0,6
1987,KRYSTLE,56,0,56
1987,KRYSTYN,6,0,6
1987,KRISTIN,126,0,126
1987,LIA,11,0,11
1987,LIANA,14,0,14
1987,LIANE,11,0,11
1987,MADELINE,24,0,24
1987,MADISON,37,0,37
1987,MAEGAN,14,0,14
1987,MAEGHAN,7,0,7
1987,MAGGIE,20,0,20
1987,MALISSA,10,0,10
1987,MALLORY,124,0,124
1987,MALORIE,6,0,6
1987,MANDEEP,16,8,8
1987,MANDI,6,0,6
1987,MANDY,58,0,58
1987,MANON,6,0,6
1987,MADELEINE,27,0,27
1987,MANPREET,14,0,14
1987,MARANDA,6,0,6
1987,MARCI,6,0,6
1987,MARCIA,19,0,19
1987,MARGARET,99,0,99
1987,MARGOT,7,0,7
1987,MARIA,132,0,132
1987,MARIAM,13,0,13
1987,MARIANNA,7,0,7
1987,MARIANNE,35,0,35
1987,MARIE,442,0,442
1987,MARIE-CLAUDE,6,0,6
1987,MARIE-EVE,8,0,8
1987,MARA,9,0,9
1987,MADELAINE,10,0,10
1987,MACKENZIE,67,39,28
1987,LYNSEY,14,0,14
1987,LIANNA,9,0,9
1987,LIANNE,20,0,20
1987,LILLIAN,14,0,14
1987,LILY,17,0,17
1987,LINA,15,0,15
1987,LINDA,80,0,80
1987,LINDSAY,502,6,496
1987,LINDSEY,123,0,123
1987,LISA,570,0,570
1987,LISA-MARIE,13,0,13
1987,LISANNE,6,0,6
1987,LISE,6,0,6
1987,LORA,6,0,6
1987,LORENA,6,0,6
1987,LORETTA,11,0,11
1987,LORI,41,0,41
1987,LORRAINE,18,0,18
1987,LOUISA,8,0,8
1987,LOUISE,23,0,23
1987,LUCY,16,0,16
1987,LUISA,8,0,8
1987,LYDIA,27,0,27
1987,LYNDA,10,0,10
1987,LYNDSAY,50,0,50
1987,LYNDSEY,24,0,24
1987,LYNN,20,0,20
1987,LYNNE,9,0,9
1987,KIMBERLY,261,0,261
1987,KIMBERLEY,84,0,84
1987,KIMBERLEE,11,0,11
1987,KIM,26,0,26
1987,JULIANNA,11,0,11
1987,JULIANNE,17,0,17
1987,JULIE,324,0,324
1987,JULIE-ANN,6,0,6
1987,JUSTINE,126,5,121
1987,KADY,7,0,7
1987,KAELA,9,0,9
1987,KAILA,45,0,45
1987,KAILEIGH,6,0,6
1987,KAILEY,38,0,38
1987,KAILI,8,0,8
1987,KAILYN,8,0,8
1987,JULIANA,12,0,12
1987,KAITLAN,7,0,7
1987,KAITLYN,154,0,154
1987,KAITLYNN,7,0,7
1987,KALEIGH,22,0,22
1987,KALEY,14,0,14
1987,KALI,8,0,8
1987,KALIE,8,0,8
1987,KANDACE,8,0,8
1987,KANDICE,6,0,6
1987,KARA,61,0,61
1987,KAREN,172,0,172
1987,KARI,32,0,32
1987,KARIN,7,0,7
1987,KAITLIN,129,0,129
1987,JULIA,246,0,246
1987,JUDY,12,0,12
1987,JUDITH,17,0,17
1987,JENNY,69,0,69
1987,JESSE,441,428,13
1987,JESSICA,1865,0,1865
1987,JESSICA-LYNN,10,0,10
1987,JESSIE,102,29,73
1987,JESSIKA,9,0,9
1987,JILL,37,0,37
1987,JILLIAN,142,0,142
1987,JOAN,7,0,7
1987,JOANN,7,0,7
1987,JOANNA,91,0,91
1987,JOANNE,66,0,66
1987,JOCELYN,97,0,97
1987,JOCELYNE,7,0,7
1987,JODI,44,0,44
1987,JODIE,18,0,18
1987,JODY,28,8,20
1987,JOELLE,22,0,22
1987,JOHANNA,23,0,23
1987,JOLENE,21,0,21
1987,JORDAN,603,558,45
1987,JORDANA,14,0,14
1987,JOSEE,27,0,27
1987,JOSEPHINE,15,0,15
1987,JOSIE,8,0,8
1987,JOY,15,0,15
1987,JOYCE,19,0,19
1987,KARINA,16,0,16
1987,MARIE-PIER,10,0,10
1987,KARINE,26,0,26
1987,KARLA,24,0,24
1987,KAYLEY,7,0,7
1987,KAYLIE,10,0,10
1987,KAYLIN,6,0,6
1987,KAYLYN,7,0,7
1987,KEELY,11,0,11
1987,KEIRA,6,0,6
1987,KEISHA,19,0,19
1987,KELLEY,7,0,7
1987,KELLI,8,0,8
1987,KELLIE,18,0,18
1987,KELLY,353,19,334
1987,KELLY-ANN,6,0,6
1987,KAYLEIGH,24,0,24
1987,KELSEY,105,0,105
1987,KELSIE,10,0,10
1987,KENDAL,12,0,12
1987,KENDALL,31,0,31
1987,KENDRA,68,0,68
1987,KERI,18,0,18
1987,KERRI,36,0,36
1987,KERRIE,7,0,7
1987,KERRY,38,8,30
1987,KESHIA,26,0,26
1987,KHADIJA,7,0,7
1987,KIERA,8,0,8
1987,KILEY,6,0,6
1987,KELSI,8,0,8
1987,KAYLEE,23,0,23
1987,KAYLAH,6,0,6
1987,KAYLA,493,0,493
1987,KARLEY,7,0,7
1987,KARLI,10,0,10
1987,KARLY,19,0,19
1987,KARRIE,9,0,9
1987,KARYN,11,0,11
1987,KASEY,15,0,15
1987,KASSANDRA,20,0,20
1987,KATARINA,12,0,12
1987,KATE,58,0,58
1987,KATELIN,17,0,17
1987,KATELYN,187,0,187
1987,KATELYNN,26,0,26
1987,KATERINA,6,0,6
1987,KATHARINE,43,0,43
1987,KATHERINE,377,0,377
1987,KATHLEEN,300,0,300
1987,KATHRINE,6,0,6
1987,KATHRYN,218,0,218
1987,KATHY,11,0,11
1987,KATI,6,0,6
1987,KATIA,6,0,6
1987,KATIE,241,0,241
1987,KATIE-LYNN,6,0,6
1987,KATLIN,8,0,8
1987,KATLYN,18,0,18
1987,KATRINA,171,0,171
1987,KATY,13,0,13
1987,KARISSA,9,0,9
1987,CAROLYNE,7,0,7
1987,CAROLYN,105,0,105
1987,JOE,9,9,0
1987,MARKO,13,13,0
1987,MARKUS,9,9,0
1987,MARLON,19,19,0
1987,MARSHALL,16,16,0
1987,MARTIN,104,104,0
1987,MARVIN,13,13,0
1987,MASON,20,20,0
1987,MASSIMO,5,5,0
1987,MATHEW,231,231,0
1987,MATHIAS,5,5,0
1987,MATHIEU,92,92,0
1987,MATTEO,6,6,0
1987,MATTHEW,2397,2397,0
1987,MATTHIEU,29,29,0
1987,MAURICE,8,8,0
1987,MAX,30,30,0
1987,MAXIME,25,25,0
1987,MAXWELL,38,38,0
1987,MAYNARD,6,6,0
1987,MARK,673,673,0
1987,MICAH,11,11,0
1987,MARIO,37,37,0
1987,MARCO,67,67,0
1987,LORNE,16,16,0
1987,LOUIE,7,7,0
1987,LOUIS,37,37,0
1987,LOUIS-PHILIPPE,5,5,0
1987,LUC,37,37,0
1987,LUCA,13,13,0
1987,LUCAS,113,113,0
1987,LUIGI,12,12,0
1987,LUIS,15,15,0
1987,LUKAS,15,15,0
1987,LUKE,132,132,0
1987,LYLE,7,7,0
1987,LYNDON,6,6,0
1987,MALCOLM,22,22,0
1987,MANUEL,7,7,0
1987,MARC,205,205,0
1987,MARC-ANDRE,12,12,0
1987,MARCEL,34,34,0
1987,MARCELLO,6,6,0
1987,MARCUS,48,48,0
1987,MICHAEL,2627,2627,0
1987,MICHEAL,149,149,0
1987,MICHEL,56,56,0
1987,NELSON,35,35,0
1987,NICHOLAS,788,788,0
1987,NICK,8,8,0
1987,NICKOLAS,17,17,0
1987,NICOLAS,81,81,0
1987,NIGEL,28,28,0
1987,NIKOLA,12,12,0
1987,NIKOLAS,14,14,0
1987,NOAH,36,36,0
1987,NOLAN,20,20,0
1987,NORMAN,25,25,0
1987,NORMAND,7,7,0
1987,OLIVER,19,19,0
1987,OLIVIER,9,9,0
1987,OMAR,33,33,0
1987,OREN,5,5,0
1987,OSCAR,9,9,0
1987,OWEN,38,38,0
1987,PABLO,6,6,0
1987,NEILL,8,8,0
1987,NEIL,105,105,0
1987,NEAL,23,23,0
1987,NATHANIEL,86,86,0
1987,MIGUEL,18,18,0
1987,MIKAEL,9,9,0
1987,MIKE,12,12,0
1987,MILES,31,31,0
1987,MINH,5,5,0
1987,MITCH,5,5,0
1987,MITCHEL,11,11,0
1987,MITCHELL,188,188,0
1987,MOHAMED,13,13,0
1987,LORENZO,7,7,0
1987,MOHAMMAD,18,18,0
1987,MOSHE,5,5,0
1987,MUHAMMAD,7,7,0
1987,MURRAY,8,8,0
1987,MUSTAFA,5,5,0
1987,MYLES,42,42,0
1987,NABIL,5,5,0
1987,NATHAN,366,366,0
1987,NATHANAEL,5,5,0
1987,NATHANIAL,7,7,0
1987,MOHAMMED,14,14,0
1987,PAOLO,18,18,0
1987,LOGAN,41,41,0
1987,LIONEL,9,9,0
1987,JORDEN,12,12,0
1987,JORDON,17,17,0
1987,JORGE,6,6,0
1987,JORY,9,9,0
1987,JOSE,15,15,0
1987,JOSEF,7,7,0
1987,JOSEPH,988,988,0
1987,JOSH,5,5,0
1987,JOSHAWA,8,8,0
1987,JOSHUA,1075,1075,0
1987,JOSIAH,10,10,0
1987,JOVAN,10,10,0
1987,JUAN,12,12,0
1987,JULES,6,6,0
1987,JULIAN,74,74,0
1987,JULIEN,29,29,0
1987,JULIO,5,5,0
1987,JUSTEN,6,6,0
1987,JUSTIN,1199,1199,0
1987,JONATHON,100,100,0
1987,JUSTYN,6,6,0
1987,JONATHAN,838,838,0
1987,JONAH,12,12,0
1987,JEFFERY,93,93,0
1987,JEFFREY,748,748,0
1987,JEFFRY,9,9,0
1987,JEREMIE,13,13,0
1987,JEREMY,371,371,0
1987,JERMAINE,36,36,0
1987,JEROME,28,28,0
1987,JERRY,12,12,0
1987,JESSY,10,10,0
1987,JIMMY,18,18,0
1987,JOEL,263,263,0
1987,JOEY,55,55,0
1987,JOHANNES,5,5,0
1987,JOHN,745,745,0
1987,JOHNATHAN,78,78,0
1987,JOHNATHON,50,50,0
1987,JOHNNY,20,20,0
1987,JOHN-PAUL,9,9,0
1987,JON,18,18,0
1987,JONAS,5,5,0
1987,KAI,5,5,0
1987,KALE,13,13,0
1987,KALEN,8,8,0
1987,KRISTOPHER,86,86,0
1987,KURT,21,21,0
1987,KURTIS,53,53,0
1987,KYLE,1338,1338,0
1987,KYLER,5,5,0
1987,LANCE,52,52,0
1987,LANDON,21,21,0
1987,LARRY,26,26,0
1987,LAURENCE,9,9,0
1987,LAURENT,5,5,0
1987,LAWRENCE,38,38,0
1987,LEO,21,21,0
1987,LEON,8,8,0
1987,LEONARD,26,26,0
1987,LEONARDO,6,6,0
1987,LEROY,8,8,0
1987,LEVI,21,21,0
1987,LEWIS,10,10,0
1987,LIAM,60,60,0
1987,KRISTOFER,11,11,0
1987,KRISTIAN,12,12,0
1987,KRIS,6,6,0
1987,KORY,26,26,0
1987,KANE,8,8,0
1987,KARL,45,45,0
1987,KEEGAN,19,19,0
1987,KEENAN,13,13,0
1987,KEITH,126,126,0
1987,KELLAN,5,5,0
1987,KELVIN,29,29,0
1987,KEN,10,10,0
1987,KENNETH,187,187,0
1987,LLOYD,12,12,0
1987,KENNY,16,16,0
1987,KEVAN,5,5,0
1987,KEVEN,6,6,0
1987,KEVIN,876,876,0
1987,KIEL,11,11,0
1987,KIERAN,17,17,0
1987,KIRK,39,39,0
1987,KODY,20,20,0
1987,KONSTANTINOS,5,5,0
1987,KOREY,14,14,0
1987,KENT,20,20,0
1987,JEFFEREY,5,5,0
1987,PARDEEP,5,5,0
1987,PASCAL,19,19,0
1987,SYLVAIN,18,18,0
1987,TANNER,18,18,0
1987,TED,7,7,0
1987,TEDDY,6,6,0
1987,TERENCE,14,14,0
1987,TERRANCE,13,13,0
1987,TERRENCE,18,18,0
1987,TERRY,60,60,0
1987,THANH,5,5,0
1987,THEO,7,7,0
1987,THEODORE,30,30,0
1987,THOMAS,633,633,0
1987,TIMOTHY,434,434,0
1987,TITUS,5,5,0
1987,TOBY,5,5,0
1987,TODD,66,66,0
1987,TOM,5,5,0
1987,TOMAS,8,8,0
1987,TOMASZ,5,5,0
1987,SYED,9,9,0
1987,TOMMASO,7,7,0
1987,SUNNY,9,9,0
1987,SUKHDEEP,5,5,0
1987,SHEA,8,8,0
1987,SHELDON,47,47,0
1987,SIDNEY,8,8,0
1987,SIMON,139,139,0
1987,SKYLER,6,6,0
1987,SOLOMON,5,5,0
1987,SONNY,10,10,0
1987,SPENCER,109,109,0
1987,STANLEY,25,25,0
1987,STEFAN,61,61,0
1987,STEFANO,13,13,0
1987,STEPHAN,28,28,0
1987,STEPHANE,35,35,0
1987,STEPHEN,527,527,0
1987,STERLING,8,8,0
1987,STEVE,33,33,0
1987,STEVEN,746,746,0
1987,STEWART,24,24,0
1987,STUART,67,67,0
1987,SUMEET,6,6,0
1987,TOMMY,10,10,0
1987,TONY,53,53,0
1987,TORY,5,5,0
1987,WALLACE,8,8,0
1987,WALTER,25,25,0
1987,WARREN,32,32,0
1987,WAYNE,70,70,0
1987,WENDEL,5,5,0
1987,WESLEY,107,107,0
1987,WILFRED,5,5,0
1987,WILLIAM,660,660,0
1987,WILSON,15,15,0
1987,WINSTON,8,8,0
1987,WYATT,7,7,0
1987,YANNICK,10,10,0
1987,YEHUDA,5,5,0
1987,YUSUF,7,7,0
1987,YVES,10,10,0
1987,ZACHARIAH,20,20,0
1987,ZACHARY,275,275,0
1987,ZACHERY,9,9,0
1987,ZACKARY,14,14,0
1987,WADE,35,35,0
1987,VITO,10,10,0
1987,VISHAL,15,15,0
1987,VINCENZO,19,19,0
1987,TRAVIS,247,247,0
1987,TRENT,11,11,0
1987,TREVOR,272,272,0
1987,TRISTON,7,7,0
1987,TROY,106,106,0
1987,TRUNG,6,6,0
1987,TUAN,5,5,0
1987,TYLER,832,832,0
1987,TYLOR,14,14,0
1987,SHAYNE,42,42,0
1987,TYRELL,9,9,0
1987,TYSON,56,56,0
1987,USMAN,6,6,0
1987,VAN,6,6,0
1987,VERNON,6,6,0
1987,VICTOR,70,70,0
1987,VIJAY,5,5,0
1987,VIKRAM,6,6,0
1987,VINCE,8,8,0
1987,VINCENT,91,91,0
1987,TYRONE,26,26,0
1987,PARKER,5,5,0
1987,SHAWN,429,429,0
1987,SHANE,313,313,0
1987,RAMI,6,6,0
1987,RANDAL,6,6,0
1987,RANDALL,21,21,0
1987,RANDOLPH,7,7,0
1987,RANDY,84,84,0
1987,RAPHAEL,12,12,0
1987,RAVI,9,9,0
1987,RAVINDER,7,7,0
1987,RAY,5,5,0
1987,RAYMOND,119,119,0
1987,REED,10,10,0
1987,REGINALD,16,16,0
1987,REID,15,15,0
1987,REMI,13,13,0
1987,RENE,22,22,0
1987,REUBEN,13,13,0
1987,RHYS,8,8,0
1987,RIAZ,5,5,0
1987,RICARDO,16,16,0
1987,RALPH,8,8,0
1987,RICHARD,454,454,0
1987,RAJIV,5,5,0
1987,RAHUL,9,9,0
1987,PASQUALE,6,6,0
1987,PATRICK,506,506,0
1987,PAUL,544,544,0
1987,PAULO,8,8,0
1987,PEDRO,9,9,0
1987,PERRY,19,19,0
1987,PETER,378,378,0
1987,PHILIP,242,242,0
1987,PHILIPPE,48,48,0
1987,PHILLIP,110,110,0
1987,PHILLIPE,6,6,0
1987,PIERCE,6,6,0
1987,PIERRE,40,40,0
1987,PIETRO,7,7,0
1987,PRESTON,10,10,0
1987,QUOC,11,11,0
1987,RAFAEL,5,5,0
1987,RAFFAELE,5,5,0
1987,RAHIM,9,9,0
1987,RAJAT,6,6,0
1987,RICK,11,11,0
1987,RICKY,35,35,0
1987,RISHI,5,5,0
1987,SACHIN,5,5,0
1987,SALIM,7,7,0
1987,SALVATORE,23,23,0
1987,SAM,15,15,0
1987,SAMEER,5,5,0
1987,SAMI,7,7,0
1987,SAMIR,9,9,0
1987,SAMMY,5,5,0
1987,SAMUEL,164,164,0
1987,SAVERIO,5,5,0
1987,SCOTT,700,700,0
1987,SEAMUS,6,6,0
1987,SEAN,548,548,0
1987,SEBASTIAN,34,34,0
1987,SEBASTIEN,34,34,0
1987,SERGE,12,12,0
1987,SERGIO,10,10,0
1987,SETH,30,30,0
1987,SHAN,5,5,0
1987,RYLAN,5,5,0
1987,RYAN,1477,1477,0
1987,RUSSELL,65,65,0
1987,RUSSEL,7,7,0
1987,RITCHIE,6,6,0
1987,ROBBIE,7,7,0
1987,ROBERT,1027,1027,0
1987,ROBERTO,44,44,0
1987,ROCCO,17,17,0
1987,ROCH,5,5,0
1987,ROCKY,6,6,0
1987,RODERICK,14,14,0
1987,RODNEY,13,13,0
1987,SHAUN,96,96,0
1987,ROGER,40,40,0
1987,ROMAN,9,9,0
1987,RON,9,9,0
1987,RONALD,94,94,0
1987,RONNIE,8,8,0
1987,RORY,46,46,0
1987,ROSS,35,35,0
1987,ROY,25,25,0
1987,RUBEN,8,8,0
1987,RUDY,12,12,0
1987,ROLAND,12,12,0
1987,JEFF,12,12,0
1987,JEREMIAH,22,22,0
1987,JEAN-PIERRE,5,5,0
1987,BRYCE,42,42,0
1987,BRYDON,5,5,0
1987,BRYN,8,8,0
1987,BRYON,6,6,0
1987,BRYSON,5,5,0
1987,BYRON,27,27,0
1987,CALE,19,19,0
1987,CALEB,41,41,0
1987,CALLUM,7,7,0
1987,CALVIN,53,53,0
1987,CAMERON,208,208,0
1987,CARL,62,62,0
1987,CARLO,10,10,0
1987,CARLOS,33,33,0
1987,CARLTON,5,5,0
1987,CARMINE,5,5,0
1987,CARSON,16,16,0
1987,CARTER,12,12,0
1987,CARY,9,9,0
1987,BRYANT,13,13,0
1987,CATLIN,12,12,0
1987,BRYAN,277,277,0
1987,BRUCE,56,56,0
1987,BRANDON,655,655,0
1987,BRANDYN,6,6,0
1987,BRAYDEN,8,8,0
1987,BRENDAN,153,153,0
1987,BRENDEN,17,17,0
1987,BRENDON,36,36,0
1987,BRENNAN,42,42,0
1987,BRENNEN,5,5,0
1987,BRENT,168,168,0
1987,BRENTON,8,8,0
1987,BRET,5,5,0
1987,BRETT,170,170,0
1987,BRIAN,524,524,0
1987,BROCK,55,55,0
1987,BRODIE,19,19,0
1987,BRODY,24,24,0
1987,BRONSON,5,5,0
1987,BROOK,8,8,0
1987,BROOKS,5,5,0
1987,BRUNO,14,14,0
1987,CEDRIC,10,10,0
1987,CHAD,204,204,0
1987,CHADD,9,9,0
1987,CODY,313,313,0
1987,COLBY,8,8,0
1987,COLE,42,42,0
1987,COLIN,227,227,0
1987,COLLIN,17,17,0
1987,CONNOR,41,41,0
1987,CONOR,14,14,0
1987,CONRAD,13,13,0
1987,CONSTANTINE,6,6,0
1987,COOPER,5,5,0
1987,CORBIN,9,9,0
1987,COREY,409,409,0
1987,CORNELIUS,9,9,0
1987,CORY,273,273,0
1987,COSIMO,5,5,0
1987,CRAIG,247,247,0
1987,JEAN-SEBASTIEN,5,5,0
1987,CRISTOPHER,6,6,0
1987,CURT,6,6,0
1987,CODIE,10,10,0
1987,COADY,7,7,0
1987,CLINTON,22,22,0
1987,CLINT,6,6,0
1987,CHADWICK,12,12,0
1987,CHARLES,204,204,0
1987,CHARLIE,8,8,0
1987,CHASE,24,24,0
1987,CHESTER,5,5,0
1987,CHIRAG,5,5,0
1987,CHRIS,11,11,0
1987,CHRISTIAN,129,129,0
1987,CHRISTIEN,5,5,0
1987,BRANDEN,25,25,0
1987,CHRISTOPHE,5,5,0
1987,CHRISTOS,8,8,0
1987,CLARENCE,6,6,0
1987,CLARK,8,8,0
1987,CLARKE,9,9,0
1987,CLAUDE,10,10,0
1987,CLAUDIO,9,9,0
1987,CLAYTON,57,57,0
1987,CLEMENT,7,7,0
1987,CLIFFORD,25,25,0
1987,CHRISTOPHER,1974,1974,0
1987,BRANDAN,7,7,0
1987,BRAM,5,5,0
1987,BRAEDON,5,5,0
1987,ALEX,116,116,0
1987,ALEXANDER,748,748,0
1987,ALEXANDRE,66,66,0
1987,ALEXANDROS,6,6,0
1987,ALFRED,10,10,0
1987,ALI,23,23,0
1987,ALISTAIR,7,7,0
1987,ALLAN,81,81,0
1987,ALLEN,26,26,0
1987,ALVIN,17,17,0
1987,ALY,5,5,0
1987,AMAN,6,6,0
1987,AMAR,8,8,0
1987,AMIR,6,6,0
1987,AMIT,18,18,0
1987,AMOS,5,5,0
1987,AMRIT,5,5,0
1987,AMRITPAL,7,7,0
1987,ANDRE,104,104,0
1987,ALESSANDRO,26,26,0
1987,ALEKSANDAR,6,6,0
1987,ALEJANDRO,5,5,0
1987,ALEC,13,13,0
1987,AARON,396,396,0
1987,ABDUL,6,6,0
1987,ABRAHAM,18,18,0
1987,ABRAM,5,5,0
1987,ADAM,1243,1243,0
1987,ADDISON,6,6,0
1987,ADIL,6,6,0
1987,ADNAN,5,5,0
1987,ADRIAN,137,137,0
1987,ANDRÉ,7,7,0
1987,ADRIANO,10,10,0
1987,AHMAD,8,8,0
1987,AHMED,7,7,0
1987,AIDAN,7,7,0
1987,AIDEN,5,5,0
1987,AJAY,9,9,0
1987,ALAIN,38,38,0
1987,ALAN,78,78,0
1987,ALASTAIR,12,12,0
1987,ALBERT,31,31,0
1987,ADRIEN,10,10,0
1987,CURTIS,175,175,0
1987,ANDREAS,11,11,0
1987,ANDREW,2091,2091,0
1987,BASIL,5,5,0
1987,BEAU,8,8,0
1987,BEN,20,20,0
1987,BENJAMIN,500,500,0
1987,BENNETT,7,7,0
1987,BENOIT,19,19,0
1987,BENSON,6,6,0
1987,BERNARD,12,12,0
1987,BILLY,10,10,0
1987,BLAINE,17,17,0
1987,BLAKE,64,64,0
1987,BOBBY,26,26,0
1987,BRAD,18,18,0
1987,BRADEN,24,24,0
1987,BRADFORD,5,5,0
1987,BRADLEY,473,473,0
1987,BRADLY,14,14,0
1987,BRADY,33,33,0
1987,BRAEDEN,9,9,0
1987,BARRY,24,24,0
1987,BARRETT,7,7,0
1987,AVRAHAM,5,5,0
1987,AVI,7,7,0
1987,ANDY,43,43,0
1987,ANGELO,23,23,0
1987,ANGUS,10,10,0
1987,ANSON,6,6,0
1987,ANTHONY,455,455,0
1987,ANTOINE,6,6,0
1987,ANTON,9,9,0
1987,ANTONINO,6,6,0
1987,ANTONIO,45,45,0
1987,ANDRES,6,6,0
1987,ARI,8,8,0
1987,ARNOLD,6,6,0
1987,ARON,5,5,0
1987,ARRON,5,5,0
1987,ARTHUR,36,36,0
1987,ARUN,5,5,0
1987,ASHER,8,8,0
1987,ASIF,5,5,0
1987,ATHANASIOS,8,8,0
1987,AUSTIN,30,30,0
1987,ARIC,5,5,0
1987,CYLE,6,6,0
1987,CRISTIAN,5,5,0
1987,DALE,57,57,0
1987,GERALD,31,31,0
1987,GERARD,7,7,0
1987,GERRIT,5,5,0
1987,GERRY,5,5,0
1987,GIANCARLO,12,12,0
1987,GIANLUCA,6,6,0
1987,GIANMARCO,5,5,0
1987,GILBERT,12,12,0
1987,GILLES,8,8,0
1987,GINO,9,9,0
1987,GIOVANNI,24,24,0
1987,GIUSEPPE,36,36,0
1987,GLEN,34,34,0
1987,GLENN,32,32,0
1987,GORDON,95,95,0
1987,GRAEME,50,50,0
1987,GRAHAM,129,129,0
1987,GRANT,61,61,0
1987,GRAYSON,6,6,0
1987,GEORGE,123,123,0
1987,GREG,9,9,0
1987,GEOFFREY,127,127,0
1987,GAURAV,5,5,0
1987,FRANÇOIS,7,7,0
1987,FRANK,72,72,0
1987,FRANKIE,5,5,0
1987,FRANKLIN,8,8,0
1987,DAKOTA,8,8,0
1987,FRASER,40,40,0
1987,FREDERICK,20,20,0
1987,GABRIEL,48,48,0
1987,GAETANO,7,7,0
1987,GAGANDEEP,11,11,0
1987,GALEN,6,6,0
1987,GARETH,15,15,0
1987,GARETT,7,7,0
1987,GARNET,5,5,0
1987,GARRET,8,8,0
1987,GARRETT,48,48,0
1987,GARRY,11,11,0
1987,GARTH,9,9,0
1987,GARY,74,74,0
1987,GAVIN,42,42,0
1987,GREGORY,425,425,0
1987,GRIFFIN,5,5,0
1987,GUILLAUME,7,7,0
1987,JACQUES,8,8,0
1987,JAKE,83,83,0
1987,JAKOB,5,5,0
1987,JAMAL,22,22,0
1987,JAMES,1096,1096,0
1987,JAMESON,9,9,0
1987,JAMIL,5,5,0
1987,JAN,10,10,0
1987,JARED,101,101,0
1987,JARRETT,13,13,0
1987,JARROD,10,10,0
1987,JASDEEP,5,5,0
1987,JASON,998,998,0
1987,JAY,44,44,0
1987,JAYMES,6,6,0
1987,JAYSON,19,19,0
1987,JEAN-FRANCOIS,17,17,0
1987,JEAN-MARC,8,8,0
1987,JEAN-PAUL,11,11,0
1987,JACOB,261,261,0
1987,JACKSON,12,12,0
1987,JACK,30,30,0
1987,IVAN,19,19,0
1987,GURINDER,5,5,0
1987,GUY,20,20,0
1987,HARDEEP,5,5,0
1987,HARLEY,12,12,0
1987,HAROLD,15,15,0
1987,HARRISON,28,28,0
1987,HARRY,17,17,0
1987,HASSAN,5,5,0
1987,HAYDEN,5,5,0
1987,FRANCOIS,30,30,0
1987,HENRY,36,36,0
1987,HUGH,18,18,0
1987,HUNG,6,6,0
1987,HUSSEIN,5,5,0
1987,IAIN,12,12,0
1987,IAN,319,319,0
1987,IMRAN,6,6,0
1987,IRA,7,7,0
1987,ISAAC,56,56,0
1987,ISAIAH,6,6,0
1987,HOWARD,17,17,0
1987,FRANCO,10,10,0
1987,FRANZ,7,7,0
1987,FRANCIS,46,46,0
1987,DAVID,1525,1525,0
1987,DAVIDE,5,5,0
1987,DAVIN,6,6,0
1987,DAVIS,5,5,0
1987,DAWSON,8,8,0
1987,DEAN,61,61,0
1987,DENIS,29,29,0
1987,DENNIS,96,96,0
1987,DENNY,5,5,0
1987,DERECK,5,5,0
1987,DEREK,385,385,0
1987,DERICK,14,14,0
1987,DERRICK,40,40,0
1987,DESMOND,15,15,0
1987,DEVAN,22,22,0
1987,FRANCISCO,5,5,0
1987,DEXTER,9,9,0
1987,DILLON,25,25,0
1987,DIMITRIOS,12,12,0
1987,DAVE,9,9,0
1987,DOMENIC,14,14,0
1987,DARYL,54,54,0
1987,DARRIN,11,11,0
1987,DALLAS,17,17,0
1987,DALTON,7,7,0
1987,DAMIAN,19,19,0
1987,DAMIEN,19,19,0
1987,DAMON,7,7,0
1987,DANE,36,36,0
1987,DANIAL,7,7,0
1987,DANIEL,1466,1466,0
1987,DANIELE,26,26,0
1987,DANNY,70,70,0
1987,DANTE,10,10,0
1987,DANY,6,6,0
1987,D'ARCY,8,8,0
1987,DAREN,8,8,0
1987,DARIN,10,10,0
1987,DARIUS,6,6,0
1987,DARREL,5,5,0
1987,DARRELL,16,16,0
1987,DARREN,153,153,0
1987,DARRYL,84,84,0
1987,DOMENICO,18,18,0
1987,DEVYN,6,6,0
1987,DONALD,113,113,0
1987,ERIC,630,630,0
1987,ERICH,7,7,0
1987,ERICK,8,8,0
1987,DOMINIC,31,31,0
1987,ERNEST,12,12,0
1987,ERNESTO,6,6,0
1987,ETHAN,8,8,0
1987,ETIENNE,11,11,0
1987,EUGENE,12,12,0
1987,EVAN,201,201,0
1987,EVERETT,9,9,0
1987,FABIAN,5,5,0
1987,FABIO,7,7,0
1987,FELIPE,5,5,0
1987,FELIX,5,5,0
1987,FERNANDO,8,8,0
1987,FILIPE,7,7,0
1987,FILIPPO,5,5,0
1987,FRANCESCO,36,36,0
1987,EPHRAIM,5,5,0
1987,EMMANUEL,18,18,0
1987,ERIK,99,99,0
1987,EMERSON,6,6,0
1987,DONOVAN,16,16,0
1987,DORIAN,12,12,0
1987,DOUGLAS,116,116,0
1987,DREW,69,69,0
1987,EMILIO,7,7,0
1987,DUNCAN,30,30,0
1987,DUSTIN,152,152,0
1987,DWAYNE,30,30,0
1987,DWIGHT,11,11,0
1987,DYLAN,134,134,0
1987,DUANE,14,14,0
1987,ZACKERY,6,6,0
1987,EDWARD,156,156,0
1987,EDWIN,12,12,0
1987,ELI,12,12,0
1987,ELIAS,14,14,0
1987,ELIE,6,6,0
1987,ELIJAH,10,10,0
1987,ELLIOT,22,22,0
1987,ELLIOTT,17,17,0
1987,EMANUEL,9,9,0
1987,EARL,10,10,0
1988,WILSON,16,16,0
1988,WILLIAM,628,628,0
1988,WILHELM,5,5,0
1988,WILFRED,5,5,0
1988,WESTLEY,6,6,0
1988,WADE,39,39,0
1988,WAYNE,44,44,0
1988,WARREN,45,45,0
1988,WALTER,23,23,0
1988,WINSTON,10,10,0
1988,WESLEY,106,106,0
1988,WALLACE,6,6,0
1988,NEAL,16,16,0
1988,XAVIER,10,10,0
1988,YANNICK,6,6,0
1988,YOSEF,6,6,0
1988,YUSUF,10,10,0
1988,YVES,13,13,0
1988,ZACHARIAH,8,8,0
1988,ZACHARY,341,341,0
1988,ZACHERY,8,8,0
1988,ZACKARY,16,16,0
1988,ZACKERY,5,5,0
1988,ZAIN,8,8,0
1988,ZANE,8,8,0
1988,VU,6,6,0
1988,WYATT,10,10,0
1988,NEIL,88,88,0
1988,VITTORIO,5,5,0
1988,VISHAL,13,13,0
1988,GINO,6,6,0
1988,GIOVANNI,30,30,0
1988,GIULIANO,7,7,0
1988,GIUSEPPE,35,35,0
1988,GLEN,31,31,0
1988,GLENN,27,27,0
1988,GORDON,83,83,0
1988,GRAEME,51,51,0
1988,GRAHAM,99,99,0
1988,GILLES,9,9,0
1988,GRANT,69,69,0
1988,GRAYSON,5,5,0
1988,GREG,11,11,0
1988,GREGORY,407,407,0
1988,GRIFFIN,5,5,0
1988,GUILLAUME,13,13,0
1988,GURINDER,6,6,0
1988,GUY,15,15,0
1988,HARDEEP,7,7,0
1988,HARLEY,9,9,0
1988,GRAYDON,5,5,0
1988,HARMINDER,5,5,0
1988,GILBERT,8,8,0
1988,GIANLUCA,6,6,0
1988,FREDERICK,22,22,0
1988,GABRIEL,42,42,0
1988,GAGANDEEP,7,7,0
1988,GALEN,10,10,0
1988,GARETH,13,13,0
1988,GARETT,6,6,0
1988,GARRET,11,11,0
1988,GARRETT,48,48,0
1988,GARRY,6,6,0
1988,GIANNI,6,6,0
1988,GARY,76,76,0
1988,GAVIN,49,49,0
1988,GEOFFREY,154,154,0
1988,GEORGE,117,117,0
1988,GEORGES,5,5,0
1988,GERALD,41,41,0
1988,GERARD,10,10,0
1988,GERARDO,5,5,0
1988,GIACOMO,5,5,0
1988,GIANCARLO,22,22,0
1988,GAURAV,8,8,0
1988,FREDERIC,7,7,0
1988,HAROLD,8,8,0
1988,HARRY,19,19,0
1988,NELSON,32,32,0
1988,JACOB,308,308,0
1988,JACQUES,15,15,0
1988,JAGDEEP,7,7,0
1988,JAKE,104,104,0
1988,JAKOB,7,7,0
1988,JAMAAL,7,7,0
1988,JAMAL,25,25,0
1988,JAMAR,5,5,0
1988,JACKSON,13,13,0
1988,JAMEEL,8,8,0
1988,JAMESON,11,11,0
1988,JAN,16,16,0
1988,JARED,116,116,0
1988,JARON,5,5,0
1988,JARRETT,18,18,0
1988,JARROD,17,17,0
1988,JASON,874,874,0
1988,JASPER,9,9,0
1988,JAY,44,44,0
1988,JAMES,1063,1063,0
1988,HARRISON,24,24,0
1988,JACK,30,30,0
1988,IVAN,42,42,0
1988,HASSAN,6,6,0
1988,HECTOR,10,10,0
1988,HEINRICH,5,5,0
1988,HENRY,49,49,0
1988,HOLDEN,5,5,0
1988,HOWARD,15,15,0
1988,HUGH,9,9,0
1988,HUGO,7,7,0
1988,HUNTER,12,12,0
1988,JACE,5,5,0
1988,HUSSEIN,5,5,0
1988,IAIN,23,23,0
1988,IAN,305,305,0
1988,IBRAHIM,6,6,0
1988,IMRAN,17,17,0
1988,INDERPREET,6,6,0
1988,IRA,8,8,0
1988,IRFAAN,5,5,0
1988,ISAAC,39,39,0
1988,ISAIAH,5,5,0
1988,HUY,7,7,0
1988,FRAZER,7,7,0
1988,FRASER,34,34,0
1988,FRANKLIN,11,11,0
1988,DERECK,5,5,0
1988,DEREK,370,370,0
1988,DERICK,16,16,0
1988,DERRICK,52,52,0
1988,DESMOND,14,14,0
1988,DEVAN,12,12,0
1988,DEVEN,6,6,0
1988,DEVIN,131,131,0
1988,DEXTER,9,9,0
1988,DENNY,5,5,0
1988,DILLON,23,23,0
1988,DOMENIC,20,20,0
1988,DOMENICO,21,21,0
1988,DOMINIC,21,21,0
1988,DOMINIK,7,7,0
1988,DON,8,8,0
1988,DONALD,118,118,0
1988,DONOVAN,17,17,0
1988,DORIAN,7,7,0
1988,DOUGLAS,137,137,0
1988,DIMITRIOS,15,15,0
1988,DRAKE,6,6,0
1988,DENNIS,79,79,0
1988,DEMETRIOS,6,6,0
1988,DANIAL,6,6,0
1988,DANIEL,1485,1485,0
1988,DANIELE,20,20,0
1988,DANNY,68,68,0
1988,DANTE,8,8,0
1988,DANY,7,7,0
1988,DARCY,43,43,0
1988,D'ARCY,11,11,0
1988,DARIN,6,6,0
1988,DENIS,29,29,0
1988,DARIUS,8,8,0
1988,DARRELL,16,16,0
1988,DARREN,152,152,0
1988,DARRIN,10,10,0
1988,DARRYL,74,74,0
1988,DARYL,32,32,0
1988,DAVID,1537,1537,0
1988,DAVIDE,8,8,0
1988,DAVIN,7,7,0
1988,DEAN,60,60,0
1988,DARNELL,7,7,0
1988,DREW,91,91,0
1988,DUANE,12,12,0
1988,DUNCAN,35,35,0
1988,ETHAN,10,10,0
1988,ETIENNE,5,5,0
1988,EUGENE,9,9,0
1988,EVAN,232,232,0
1988,EVANGELOS,6,6,0
1988,EVERETT,8,8,0
1988,EZRA,9,9,0
1988,FABIAN,5,5,0
1988,FABIO,16,16,0
1988,ERNEST,13,13,0
1988,FABRIZIO,5,5,0
1988,FERNANDO,11,11,0
1988,FILIPE,5,5,0
1988,FILIPPO,8,8,0
1988,FRANCESCO,44,44,0
1988,FRANCIS,53,53,0
1988,FRANCO,11,11,0
1988,FRANCOIS,20,20,0
1988,FRANK,68,68,0
1988,FRANKIE,8,8,0
1988,FELIX,6,6,0
1988,ERIK,111,111,0
1988,ERICK,13,13,0
1988,ERICH,7,7,0
1988,DUSTIN,218,218,0
1988,DUY,6,6,0
1988,DWAYNE,38,38,0
1988,DWIGHT,11,11,0
1988,DYLAN,166,166,0
1988,EARL,9,9,0
1988,EDDIE,5,5,0
1988,EDGAR,12,12,0
1988,EDUARDO,7,7,0
1988,EDWARD,149,149,0
1988,EDWIN,22,22,0
1988,ELI,19,19,0
1988,ELIAS,16,16,0
1988,ELIE,9,9,0
1988,ELLIOT,16,16,0
1988,ELLIOTT,16,16,0
1988,EMANUEL,8,8,0
1988,EMERSON,5,5,0
1988,EMMANUEL,21,21,0
1988,ENRICO,6,6,0
1988,ERIC,684,684,0
1988,JAYSON,17,17,0
1988,DANE,29,29,0
1988,JEAN-FRANCOIS,23,23,0
1988,JEAN-PAUL,7,7,0
1988,LUKE,151,151,0
1988,LYLE,8,8,0
1988,LYNDON,9,9,0
1988,MALCOLM,34,34,0
1988,MANINDER,5,5,0
1988,MANUEL,9,9,0
1988,MANVIR,5,5,0
1988,MARC,201,201,0
1988,MARC-ANDRE,16,16,0
1988,LUKAS,23,23,0
1988,MARC-ANTOINE,5,5,0
1988,MARCIO,7,7,0
1988,MARCO,69,69,0
1988,MARCUS,68,68,0
1988,MAREK,5,5,0
1988,MARIO,47,47,0
1988,MARK,664,664,0
1988,MARKO,21,21,0
1988,MARKUS,13,13,0
1988,MARLON,17,17,0
1988,MARCEL,30,30,0
1988,MARSHALL,23,23,0
1988,LUIS,19,19,0
1988,LUCIEN,5,5,0
1988,LEO,14,14,0
1988,LEON,10,10,0
1988,LEONARD,34,34,0
1988,LEONARDO,5,5,0
1988,LEROY,7,7,0
1988,LESTER,5,5,0
1988,LEVI,23,23,0
1988,LEWIS,16,16,0
1988,LIAM,52,52,0
1988,LUIGI,9,9,0
1988,LINCOLN,10,10,0
1988,LLOYD,18,18,0
1988,LONG,7,7,0
1988,LORENZO,5,5,0
1988,LORNE,17,17,0
1988,LOUIS,34,34,0
1988,LOUIS-PHILIPPE,5,5,0
1988,LUC,38,38,0
1988,LUCA,19,19,0
1988,LUCAS,183,183,0
1988,LIONEL,10,10,0
1988,LAYTON,5,5,0
1988,MARTIN,124,124,0
1988,MASON,40,40,0
1988,MILES,25,25,0
1988,MINH,6,6,0
1988,MISHA,5,5,0
1988,MITCHEL,18,18,0
1988,MITCHELL,255,255,0
1988,MITESH,5,5,0
1988,MOHAMED,24,24,0
1988,MOHAMMAD,24,24,0
1988,MOHAMMED,19,19,0
1988,MILAN,11,11,0
1988,MOSHE,6,6,0
1988,MURRAY,19,19,0
1988,MYLES,41,41,0
1988,NABEEL,5,5,0
1988,NADEEM,6,6,0
1988,NATHAN,384,384,0
1988,NATHANAEL,11,11,0
1988,NATHANIAL,13,13,0
1988,NATHANIEL,106,106,0
1988,NATHEN,5,5,0
1988,MUHAMMAD,12,12,0
1988,MARVIN,11,11,0
1988,MILAD,6,6,0
1988,MIKE,9,9,0
1988,MASSIMO,13,13,0
1988,MATHEW,185,185,0
1988,MATHIEU,111,111,0
1988,MATT,6,6,0
1988,MATTHEW,2309,2309,0
1988,MATTHIAS,5,5,0
1988,MATTHIEU,25,25,0
1988,MAURICE,15,15,0
1988,MAURICIO,8,8,0
1988,MIKHAIL,6,6,0
1988,MAX,29,29,0
1988,MAXIMILIAN,12,12,0
1988,MAXWELL,42,42,0
1988,MICAH,7,7,0
1988,MICHAEL,2664,2664,0
1988,MICHAL,8,8,0
1988,MICHEAL,153,153,0
1988,MICHEL,42,42,0
1988,MIGUEL,26,26,0
1988,MIKAEL,8,8,0
1988,MAXIM,8,8,0
1988,LAWRENCE,39,39,0
1988,LAVERNE,5,5,0
1988,LAURENCE,5,5,0
1988,JOHNATHON,47,47,0
1988,JOHNNY,21,21,0
1988,JOHN-PAUL,6,6,0
1988,JOHNSON,12,12,0
1988,JON,21,21,0
1988,JONAH,17,17,0
1988,JONAS,9,9,0
1988,JONATHAN,858,858,0
1988,JONATHON,86,86,0
1988,JOHNATHAN,88,88,0
1988,JORDEN,11,11,0
1988,JORGE,14,14,0
1988,JORY,10,10,0
1988,JOSE,21,21,0
1988,JOSEF,6,6,0
1988,JOSEPH,976,976,0
1988,JOSH,11,11,0
1988,JOSHUA,1282,1282,0
1988,JOSIAH,10,10,0
1988,JOSUE,6,6,0
1988,JORDON,30,30,0
1988,JUAN,11,11,0
1988,JOHN,763,763,0
1988,JOHAN,9,9,0
1988,JEAN-PHILIPPE,6,6,0
1988,JEAN-PIERRE,6,6,0
1988,JEFF,12,12,0
1988,JEFFERY,80,80,0
1988,JEFFREY,608,608,0
1988,JEREMIAH,22,22,0
1988,JEREMIE,10,10,0
1988,JEREMY,362,362,0
1988,JERMAINE,19,19,0
1988,JOHANNES,5,5,0
1988,JEROME,32,32,0
1988,JESSEY,5,5,0
1988,JESSY,11,11,0
1988,JIM,6,6,0
1988,JIMMY,18,18,0
1988,JOAO,8,8,0
1988,JOE,8,8,0
1988,JOEL,247,247,0
1988,JOESPH,6,6,0
1988,JOEY,43,43,0
1988,JERRY,15,15,0
1988,JULES,6,6,0
1988,JULIAN,109,109,0
1988,JULIEN,41,41,0
1988,KHALID,5,5,0
1988,KIEL,9,9,0
1988,KIERAN,16,16,0
1988,KIRK,63,63,0
1988,KODY,27,27,0
1988,KOREY,15,15,0
1988,KORY,28,28,0
1988,KRAIG,6,6,0
1988,KRIS,5,5,0
1988,KEVIN,811,811,0
1988,KRISTIAN,19,19,0
1988,KRISTOFFER,5,5,0
1988,KRISTOPHER,93,93,0
1988,KURT,44,44,0
1988,KURTIS,75,75,0
1988,KYLE,1429,1429,0
1988,KYLER,8,8,0
1988,LANCE,44,44,0
1988,LANDON,10,10,0
1988,LARRY,14,14,0
1988,KRISTOFER,20,20,0
1988,KEVEN,5,5,0
1988,KEVAN,10,10,0
1988,KENT,17,17,0
1988,JULIO,6,6,0
1988,JUNIOR,8,8,0
1988,JUSTEN,5,5,0
1988,JUSTIN,1365,1365,0
1988,JUSTYN,12,12,0
1988,KA,5,5,0
1988,KAI,8,8,0
1988,KALE,9,9,0
1988,KALEB,7,7,0
1988,KALVIN,8,8,0
1988,KANE,8,8,0
1988,KAREEM,10,10,0
1988,KARIM,6,6,0
1988,KARL,39,39,0
1988,KEATON,5,5,0
1988,KEEGAN,29,29,0
1988,KEENAN,15,15,0
1988,KEITH,119,119,0
1988,KELVIN,25,25,0
1988,KENNETH,193,193,0
1988,KENNY,15,15,0
1988,JEAN-MARC,8,8,0
1988,DAMON,5,5,0
1988,DAMIEN,24,24,0
1988,DAMIAN,14,14,0
1988,RICARDO,20,20,0
1988,RHYS,9,9,0
1988,REUBEN,17,17,0
1988,RENE,22,22,0
1988,RENATO,5,5,0
1988,REMI,11,11,0
1988,REJEAN,6,6,0
1988,REID,27,27,0
1988,REGINALD,11,11,0
1988,RICHARD,457,457,0
1988,REECE,6,6,0
1988,RAVINDER,6,6,0
1988,RAVI,12,12,0
1988,RAPHAEL,8,8,0
1988,RANDY,103,103,0
1988,RANDOLPH,8,8,0
1988,RANDELL,7,7,0
1988,RANDEEP,5,5,0
1988,RANDALL,25,25,0
1988,RANDAL,5,5,0
1988,RAYMOND,116,116,0
1988,RANBIR,6,6,0
1988,RICK,9,9,0
1988,RILEY,25,25,0
1988,ROSHAN,5,5,0
1988,RORY,33,33,0
1988,RONNY,5,5,0
1988,RONNIE,5,5,0
1988,RONALD,92,92,0
1988,RON,5,5,0
1988,ROMAN,11,11,0
1988,ROLAND,11,11,0
1988,ROHIT,6,6,0
1988,RICKY,39,39,0
1988,ROHAN,14,14,0
1988,RODNEY,16,16,0
1988,RODERICK,8,8,0
1988,ROCKY,6,6,0
1988,ROCH,10,10,0
1988,ROCCO,10,10,0
1988,ROBERTO,40,40,0
1988,ROBERT,1134,1134,0
1988,ROBBIE,5,5,0
1988,RISHI,6,6,0
1988,ROGER,31,31,0
1988,ROSS,48,48,0
1988,RAMI,6,6,0
1988,RAJIV,6,6,0
1988,PARKER,8,8,0
1988,PAOLO,23,23,0
1988,PANAGIOTIS,5,5,0
1988,PABLO,10,10,0
1988,OWEN,40,40,0
1988,OSCAR,11,11,0
1988,OREN,7,7,0
1988,OMAR,37,37,0
1988,OLIVIER,8,8,0
1988,PASCAL,19,19,0
1988,OLIVER,28,28,0
1988,NOLAN,25,25,0
1988,NOEL,10,10,0
1988,NOAH,43,43,0
1988,NITIN,5,5,0
1988,NIKOLAS,27,27,0
1988,NIKOLAI,6,6,0
1988,NIKHIL,6,6,0
1988,NIGEL,42,42,0
1988,NICOLAS,80,80,0
1988,NORMAN,28,28,0
1988,RALPH,5,5,0
1988,PASQUALE,12,12,0
1988,PAUL,502,502,0
1988,RAHUL,7,7,0
1988,RAHIM,6,6,0
1988,RAFAEL,6,6,0
1988,QUOC,7,7,0
1988,QUENTIN,7,7,0
1988,PRESTON,15,15,0
1988,PIETRO,5,5,0
1988,PIETER,7,7,0
1988,PIERRE-LUC,7,7,0
1988,PATRICK,555,555,0
1988,PIERRE,37,37,0
1988,PIERCE,8,8,0
1988,PHILLIP,122,122,0
1988,PHILIPPE,52,52,0
1988,PHILIPE,5,5,0
1988,PHILIP,228,228,0
1988,PETER,402,402,0
1988,PETAR,6,6,0
1988,PERRY,14,14,0
1988,PEDRO,6,6,0
1988,PIER-LUC,5,5,0
1988,ROY,19,19,0
1988,RUBEN,5,5,0
1988,RUDY,5,5,0
1988,TOBIAS,7,7,0
1988,TIMOTHY,393,393,0
1988,TIAGO,8,8,0
1988,THOMAS,635,635,0
1988,THEODORE,26,26,0
1988,TERRY,57,57,0
1988,TERRENCE,20,20,0
1988,TERRANCE,14,14,0
1988,TERENCE,16,16,0
1988,TOBY,5,5,0
1988,TEJPAL,5,5,0
1988,TARIQ,6,6,0
1988,TANNER,23,23,0
1988,SYLVAIN,17,17,0
1988,SYED,6,6,0
1988,SUNNY,10,10,0
1988,SUNIL,5,5,0
1988,SUMEET,5,5,0
1988,STUART,58,58,0
1988,STEWART,27,27,0
1988,TED,7,7,0
1988,STEVEN,722,722,0
1988,TODD,56,56,0
1988,TOMASZ,8,8,0
1988,VINH,6,6,0
1988,VINCENZO,13,13,0
1988,VINCENT,138,138,0
1988,VINCE,7,7,0
1988,VICTOR,70,70,0
1988,VAUGHN,5,5,0
1988,TYSON,71,71,0
1988,TYRONE,16,16,0
1988,TYRELL,9,9,0
1988,TOM,7,7,0
1988,TYLOR,15,15,0
1988,TY,5,5,0
1988,TROY,100,100,0
1988,TRISTON,7,7,0
1988,TREVOR,285,285,0
1988,TRENT,18,18,0
1988,TRAVIS,266,266,0
1988,TORY,6,6,0
1988,TONY,46,46,0
1988,TOMMY,13,13,0
1988,TYLER,853,853,0
1988,STEVE,46,46,0
1988,STERLING,10,10,0
1988,STEPHEN,508,508,0
1988,SERGIO,8,8,0
1988,SERGE,12,12,0
1988,SÉBASTIEN,5,5,0
1988,SEBASTIEN,34,34,0
1988,SEBASTIAN,35,35,0
1988,SEAN,535,535,0
1988,SCOTT,642,642,0
1988,SCOT,7,7,0
1988,SANJAY,6,6,0
1988,SETH,23,23,0
1988,SAMUEL,192,192,0
1988,SAMMY,6,6,0
1988,SAMIR,11,11,0
1988,SAMI,5,5,0
1988,SAM,26,26,0
1988,SALVATORE,20,20,0
1988,SALIM,5,5,0
1988,RYLEY,7,7,0
1988,RYAN,1344,1344,0
1988,RUSSELL,56,56,0
1988,SAMSON,5,5,0
1988,SHAINE,5,5,0
1988,SHAMUS,5,5,0
1988,SHANE,313,313,0
1988,STÉPHANE,6,6,0
1988,STEPHANE,37,37,0
1988,STEPHAN,37,37,0
1988,STEFFAN,5,5,0
1988,STEFANO,17,17,0
1988,STEFAN,71,71,0
1988,STANLEY,19,19,0
1988,SPENSER,6,6,0
1988,SONNY,11,11,0
1988,SOLOMON,7,7,0
1988,SKYLER,12,12,0
1988,SKYLAR,11,11,0
1988,SIMON,135,135,0
1988,SIMEON,6,6,0
1988,SIDNEY,7,7,0
1988,SHERWIN,6,6,0
1988,SHELDON,63,63,0
1988,SHEA,7,7,0
1988,SHAYNE,45,45,0
1988,SHAWN,354,354,0
1988,SHAUN,87,87,0
1988,NICOLAAS,7,7,0
1988,NICKOLAS,29,29,0
1988,NICK,11,11,0
1988,NICHOLAS,813,813,0
1988,CALE,17,17,0
1988,CALEB,43,43,0
1988,CALLUM,9,9,0
1988,CALVIN,80,80,0
1988,CAMERON,232,232,0
1988,CARL,55,55,0
1988,CARLO,16,16,0
1988,CARLOS,28,28,0
1988,CARLTON,7,7,0
1988,BYRON,26,26,0
1988,CARMINE,5,5,0
1988,CARTER,5,5,0
1988,CATLIN,8,8,0
1988,CECIL,5,5,0
1988,CEDRIC,8,8,0
1988,CESAR,7,7,0
1988,CHAD,206,206,0
1988,CHADD,10,10,0
1988,CHADWICK,14,14,0
1988,CHAIM,5,5,0
1988,CARSON,22,22,0
1988,CHANCE,7,7,0
1988,BUDDY,5,5,0
1988,BRYCE,35,35,0
1988,BRAYDON,6,6,0
1988,BRENDAN,206,206,0
1988,BRENDEN,21,21,0
1988,BRENDON,42,42,0
1988,BRENNAN,44,44,0
1988,BRENT,188,188,0
1988,BRENTON,16,16,0
1988,BRET,6,6,0
1988,BRETT,197,197,0
1988,BRYON,9,9,0
1988,BRIAN,490,490,0
1988,BRODIE,23,23,0
1988,BRODY,8,8,0
1988,BRONSON,9,9,0
1988,BROOK,7,7,0
1988,BROOKS,7,7,0
1988,BRUCE,45,45,0
1988,BRUNO,21,21,0
1988,BRYAN,261,261,0
1988,BRYANT,7,7,0
1988,BROCK,53,53,0
1988,CHANDLER,6,6,0
1988,CHARLES,192,192,0
1988,CHARLIE,5,5,0
1988,COLIN,260,260,0
1988,COLLIN,29,29,0
1988,COLTON,16,16,0
1988,CONNOR,55,55,0
1988,CONOR,27,27,0
1988,CONRAD,16,16,0
1988,CONSTANTINE,6,6,0
1988,COOPER,5,5,0
1988,CORBIN,12,12,0
1988,COLE,43,43,0
1988,CORNELIUS,11,11,0
1988,COSIMO,7,7,0
1988,COTY,6,6,0
1988,CRAIG,211,211,0
1988,CRISTOPHER,7,7,0
1988,CURTIS,185,185,0
1988,CYLE,9,9,0
1988,DAKOTA,17,17,0
1988,DALE,56,56,0
1988,DALTON,6,6,0
1988,CORY,239,239,0
1988,COLBY,8,8,0
1988,CODY,327,327,0
1988,CODIE,5,5,0
1988,CHASE,38,38,0
1988,CHI,5,5,0
1988,CHRIS,8,8,0
1988,CHRISTIAN,133,133,0
1988,CHRISTOPHE,5,5,0
1988,CHRISTOPHER,1975,1975,0
1988,CHRISTOS,8,8,0
1988,CHUN,5,5,0
1988,CLARENCE,9,9,0
1988,CLARK,12,12,0
1988,CLAUDE,5,5,0
1988,CLAUDIO,6,6,0
1988,CLAYTON,65,65,0
1988,CLEMENT,6,6,0
1988,CLIFFORD,13,13,0
1988,CLIFTON,5,5,0
1988,CLINT,8,8,0
1988,CLINTON,25,25,0
1988,COADY,7,7,0
1988,CODEY,11,11,0
1988,CODI,6,6,0
1988,BRAYDEN,10,10,0
1988,VITO,5,5,0
1988,BRANT,5,5,0
1988,BRANDON,700,700,0
1988,ALEC,8,8,0
1988,ALEKSANDAR,10,10,0
1988,ALEKSANDER,5,5,0
1988,ALESSANDRO,21,21,0
1988,ALEXANDER,845,845,0
1988,ALEXANDRE,78,78,0
1988,ALFRED,13,13,0
1988,ALFREDO,5,5,0
1988,ALI,24,24,0
1988,ALBERTO,6,6,0
1988,ALISTAIR,7,7,0
1988,ALLEN,34,34,0
1988,ALLISTER,9,9,0
1988,ALVIN,22,22,0
1988,AMAN,5,5,0
1988,AMAR,6,6,0
1988,AMIR,9,9,0
1988,AMIT,13,13,0
1988,AMRIT,9,9,0
1988,ANASTASIOS,6,6,0
1988,ALLAN,91,91,0
1988,ANDRE,96,96,0
1988,ALBERT,42,42,0
1988,ALAN,86,86,0
1988,NEVIN,5,5,0
1988,AARON,478,478,0
1988,ABE,5,5,0
1988,ABEL,5,5,0
1988,ABRAHAM,14,14,0
1988,ABRAM,10,10,0
1988,ADAM,1116,1116,0
1988,ADAMO,6,6,0
1988,ADDISON,11,11,0
1988,ALASTAIR,8,8,0
1988,ADIL,8,8,0
1988,ADRIANO,15,15,0
1988,ADRIEN,10,10,0
1988,AHMAD,5,5,0
1988,AHMED,12,12,0
1988,AIDAN,8,8,0
1988,AIDEN,6,6,0
1988,AJAY,6,6,0
1988,AKEEM,5,5,0
1988,ALAIN,29,29,0
1988,ADRIAN,139,139,0
1988,ANDRÉ,10,10,0
1988,ANDREAS,16,16,0
1988,ANDREI,5,5,0
1988,BENJAMIN,521,521,0
1988,BENNETT,10,10,0
1988,BENOIT,16,16,0
1988,BENSON,11,11,0
1988,BERNARD,20,20,0
1988,BILAL,5,5,0
1988,BILLY,12,12,0
1988,BLAINE,14,14,0
1988,BLAISE,6,6,0
1988,BEN,20,20,0
1988,BLAKE,83,83,0
1988,BORIS,6,6,0
1988,BRAD,16,16,0
1988,BRADEN,20,20,0
1988,BRADLEY,515,515,0
1988,BRADLY,12,12,0
1988,BRADY,28,28,0
1988,BRAEDEN,12,12,0
1988,BRANDAN,10,10,0
1988,BRANDEN,39,39,0
1988,BOBBY,17,17,0
1988,BEAU,11,11,0
1988,BARRY,23,23,0
1988,AVINASH,7,7,0
1988,ANDRES,9,9,0
1988,ANDREW,2061,2061,0
1988,ANDY,54,54,0
1988,ANGELO,24,24,0
1988,ANGUS,10,10,0
1988,ANIL,7,7,0
1988,ANSON,5,5,0
1988,ANTHONY,515,515,0
1988,ANTOINE,9,9,0
1988,ANTON,10,10,0
1988,ANTONIO,54,54,0
1988,ANTONY,15,15,0
1988,ARI,8,8,0
1988,ARJUN,6,6,0
1988,ARON,8,8,0
1988,ARTHUR,55,55,0
1988,ARUN,6,6,0
1988,ASHISH,6,6,0
1988,ATHANASIOS,5,5,0
1988,AUBREY,7,7,0
1988,AUSTIN,44,44,0
1988,BRANDYN,10,10,0
1988,JACKY,7,7,0
1988,AMANDA,1892,0,1892
1988,ABBY,17,0,17
1988,MADELEINE,32,0,32
1988,MADELINE,23,0,23
1988,MADISON,47,0,47
1988,MAEGAN,8,0,8
1988,MAGDALENA,6,0,6
1988,MAGGIE,29,0,29
1988,MALLORIE,6,0,6
1988,MALLORY,81,0,81
1988,MANDEEP,21,11,10
1988,MANDI,12,0,12
1988,MANDY,51,0,51
1988,MANON,9,0,9
1988,MADELAINE,15,0,15
1988,MANPREET,10,0,10
1988,MARCELLA,6,0,6
1988,MARCI,6,0,6
1988,MARCIE,6,0,6
1988,MARCY,12,0,12
1988,MARGARET,90,0,90
1988,MARIA,131,0,131
1988,MARIAH,7,0,7
1988,MARIAM,8,0,8
1988,MARIANNA,7,0,7
1988,MARIANNE,22,0,22
1988,MARIE,397,0,397
1988,MARIE-EVE,15,0,15
1988,MARA,8,0,8
1988,MADDISON,13,0,13
1988,MACKENZIE,68,40,28
1988,LYNSEY,13,0,13
1988,LILY,16,0,16
1988,LINA,15,0,15
1988,LINDA,72,0,72
1988,LINDSAY,457,5,452
1988,LINDSEY,126,0,126
1988,LINDY,8,0,8
1988,LISA,564,0,564
1988,LISA-MARIE,14,0,14
1988,LISE,7,0,7
1988,LOGAN,68,62,6
1988,LORA,8,0,8
1988,LOREN,6,0,6
1988,LORETTA,10,0,10
1988,LORI,38,0,38
1988,LORNA,7,0,7
1988,LORRAINE,15,0,15
1988,LOUISA,7,0,7
1988,LOUISE,25,0,25
1988,LUCIA,8,0,8
1988,LUCY,9,0,9
1988,LYDIA,47,0,47
1988,LYNDA,14,0,14
1988,LYNDSAY,52,0,52
1988,LYNDSEY,19,0,19
1988,LYNETTE,8,0,8
1988,LYNN,28,0,28
1988,LYNNE,7,0,7
1988,MARIE-FRANCE,7,0,7
1988,MARIE-JOSEE,7,0,7
1988,MARIE-JOSÉE,6,0,6
1988,MARIE-PIER,10,0,10
1988,MEGAN,546,0,546
1988,MEGHAN,218,0,218
1988,MEGHANN,8,0,8
1988,MELANIE,300,0,300
1988,MELINDA,48,0,48
1988,MELISA,12,0,12
1988,MELISSA,983,0,983
1988,MELLISA,6,0,6
1988,MELLISSA,6,0,6
1988,MELODIE,11,0,11
1988,MELODY,26,0,26
1988,MELYSSA,6,0,6
1988,MERCEDES,10,0,10
1988,MEREDITH,41,0,41
1988,MICHAELA,15,0,15
1988,MICHELE,42,11,31
1988,MICHELINE,7,0,7
1988,MICHELLE,785,0,785
1988,MIKAYLA,6,0,6
1988,MILA,11,0,11
1988,MINDY,9,0,9
1988,MIRA,7,0,7
1988,MIRANDA,103,0,103
1988,MIREILLE,10,0,10
1988,MIRIAM,29,0,29
1988,MISTY,11,0,11
1988,MOLLY,27,0,27
1988,MEERA,10,0,10
1988,LILLIAN,20,0,20
1988,MEAGHAN,117,0,117
1988,MAYA,21,0,21
1988,MARIELLE,7,0,7
1988,MARILYN,25,0,25
1988,MARINA,21,0,21
1988,MARION,9,0,9
1988,MARISA,37,0,37
1988,MARISSA,48,0,48
1988,MARJORIE,6,0,6
1988,MARLA,10,0,10
1988,MARLEE,19,0,19
1988,MARLENA,6,0,6
1988,MARLENE,16,0,16
1988,MARLEY,13,0,13
1988,MARNIE,6,0,6
1988,MARSHA,7,0,7
1988,MARTA,14,0,14
1988,MARTHA,31,0,31
1988,MARTINA,15,0,15
1988,MARTINE,17,0,17
1988,MARY,226,0,226
1988,MARYAM,9,0,9
1988,MARYANN,10,0,10
1988,MARYANNE,9,0,9
1988,MARYSE,6,0,6
1988,MAUREEN,23,0,23
1988,MAXIME,37,31,6
1988,MAXINE,14,0,14
1988,MAY,10,0,10
1988,MEAGAN,135,0,135
1988,MONA,7,0,7
1988,LIISA,8,0,8
1988,LIANNA,10,0,10
1988,KAYLEE,26,0,26
1988,KAYLEIGH,27,0,27
1988,KAYLEY,7,0,7
1988,KAYLIE,8,0,8
1988,KAYLIN,8,0,8
1988,KAYLYN,9,0,9
1988,KEIRA,7,0,7
1988,KEISHA,20,0,20
1988,KELLEY,9,0,9
1988,KELLI,8,0,8
1988,KELLIE,20,0,20
1988,KELLY,350,26,324
1988,KAYLEA,8,0,8
1988,KELLY-ANN,12,0,12
1988,KELSEY,130,5,125
1988,KELSIE,8,0,8
1988,KENDALL,17,0,17
1988,KENDRA,83,0,83
1988,KERI,13,0,13
1988,KERRI,31,0,31
1988,KERRY,40,6,34
1988,KESHIA,23,0,23
1988,KIERA,9,0,9
1988,KIERSTEN,11,0,11
1988,KIM,26,5,21
1988,KIMBERLEE,9,0,9
1988,KELSEA,6,0,6
1988,KAYLAH,6,0,6
1988,KAYLA,558,0,558
1988,KATY,8,0,8
1988,KARLEY,10,0,10
1988,KARLI,16,0,16
1988,KARLY,16,0,16
1988,KAROLINA,8,0,8
1988,KARYN,12,0,12
1988,KASANDRA,14,0,14
1988,KASEY,11,0,11
1988,KASSANDRA,32,0,32
1988,KATARINA,22,0,22
1988,KATE,63,0,63
1988,KATELIN,30,0,30
1988,KATELYN,285,0,285
1988,KATELYNN,50,0,50
1988,KATERINA,16,0,16
1988,KATEY,7,0,7
1988,KATHARINA,11,0,11
1988,KATHARINE,38,0,38
1988,KATHERINE,450,0,450
1988,KATHERYN,6,0,6
1988,KATHLEEN,274,0,274
1988,KATHRYN,243,0,243
1988,KATHY,18,0,18
1988,KATIE,236,0,236
1988,KATLIN,14,5,9
1988,KATLYN,36,0,36
1988,KATRINA,190,0,190
1988,KATRINE,7,0,7
1988,KIMBERLEY,88,0,88
1988,KIMBERLY,246,0,246
1988,KIRA,31,0,31
1988,KIRANDEEP,6,0,6
1988,LANA,13,0,13
1988,LARA,30,0,30
1988,LARISSA,48,0,48
1988,LATOYA,12,0,12
1988,LAURA,863,0,863
1988,LAUREL,27,0,27
1988,LAUREN,497,0,497
1988,LAURIE,37,0,37
1988,LEA,11,0,11
1988,LEAH,190,0,190
1988,LEANNA,30,0,30
1988,LEANNE,97,0,97
1988,LEE,90,82,8
1988,LEE-ANN,7,0,7
1988,LEE-ANNE,6,0,6
1988,LEEANN,11,0,11
1988,LEEANNE,7,0,7
1988,LEIGH,30,8,22
1988,LEIGHA,10,0,10
1988,LEILA,14,0,14
1988,LENA,18,0,18
1988,LEONA,11,0,11
1988,LESLEY,42,0,42
1988,LESLIE,80,25,55
1988,LIA,7,0,7
1988,LIANA,15,0,15
1988,LIANE,11,0,11
1988,LACEY,59,0,59
1988,LIANNE,21,0,21
1988,KYRA,16,0,16
1988,KYLEE,7,0,7
1988,KIRBY,15,8,7
1988,KIRSTEN,80,0,80
1988,KIRSTIE,7,0,7
1988,KIRSTIN,18,0,18
1988,KIRSTYN,8,0,8
1988,KOMAL,6,0,6
1988,KORI,7,0,7
1988,KOURTNEY,15,0,15
1988,KRISTA,189,0,189
1988,KRISTAL,16,0,16
1988,KRISTAN,7,0,7
1988,KRISTEN,316,0,316
1988,KRISTI,18,0,18
1988,KRISTIE,22,0,22
1988,KRISTIN,140,0,140
1988,KRISTINA,155,0,155
1988,KRISTINE,70,0,70
1988,KRISTY,61,0,61
1988,KRISTYN,19,0,19
1988,KRYSTA,30,0,30
1988,KRYSTAL,114,0,114
1988,KRYSTEN,11,0,11
1988,KRYSTIN,16,0,16
1988,KRYSTINA,12,0,12
1988,KRYSTLE,39,0,39
1988,KRYSTYNA,7,0,7
1988,KYLA,53,0,53
1988,KYLIE,44,0,44
1988,KARLEE,11,0,11
1988,MONICA,97,0,97
1988,MONIQUE,63,0,63
1988,STEFANI,13,0,13
1988,STEFANIA,22,0,22
1988,STEFANIE,99,0,99
1988,STELLA,10,0,10
1988,STEPHANI,10,0,10
1988,STEPHANIE,1370,0,1370
1988,STEPHANY,13,0,13
1988,STEVIE,8,0,8
1988,STÉPHANIE,20,0,20
1988,SUMMER,7,0,7
1988,SUSAN,64,0,64
1988,SUSANNA,12,0,12
1988,STACY,53,0,53
1988,SUSANNE,6,0,6
1988,SUZANNE,40,0,40
1988,SYDNEY,26,0,26
1988,SYEDA,6,0,6
1988,SYLVIA,39,0,39
1988,SYLVIE,14,0,14
1988,TABATHA,15,0,15
1988,TABITHA,55,0,55
1988,TALIA,20,0,20
1988,TAMARA,84,0,84
1988,TAMIKA,7,0,7
1988,TAMMY,48,0,48
1988,TANIA,42,0,42
1988,SUZANNA,6,0,6
1988,STACIE,18,0,18
1988,STACI,8,0,8
1988,STACEY,166,0,166
1988,SHAWNA,72,0,72
1988,SHAY,14,5,9
1988,SHAYLA,15,0,15
1988,SHAYNA,35,0,35
1988,SHEENA,46,0,46
1988,SHEILA,29,0,29
1988,SHELBY,43,0,43
1988,SHELLEY,26,0,26
1988,SHELLY,12,0,12
1988,SHERI,11,0,11
1988,SHERRI,22,0,22
1988,SHERRY,18,0,18
1988,SHIRA,7,0,7
1988,SHIRLEY,22,0,22
1988,SHOSHANA,10,0,10
1988,SIERRA,9,0,9
1988,SIMONE,38,0,38
1988,SINEAD,8,0,8
1988,SIOBHAN,22,0,22
1988,SKYE,13,0,13
1988,SOFIA,11,0,11
1988,SONIA,50,0,50
1988,SONJA,22,0,22
1988,SONYA,46,0,46
1988,SOPHIA,46,0,46
1988,SOPHIE,52,0,52
1988,SPENCER,174,167,7
1988,TANISHA,9,0,9
1988,TANYA,160,0,160
1988,TARA,192,0,192
1988,TARAH,10,0,10
1988,TRACY,74,0,74
1988,TRAN,7,0,7
1988,TRICIA,18,0,18
1988,TRINA,13,0,13
1988,TRISHA,28,0,28
1988,TRISTA,18,0,18
1988,TRISTAN,81,74,7
1988,VALERIE,109,0,109
1988,VANESSA,392,0,392
1988,VENESSA,6,0,6
1988,VERONICA,80,0,80
1988,VERONIKA,6,0,6
1988,VERONIQUE,25,0,25
1988,VICKI,9,0,9
1988,VICTORIA,398,0,398
1988,VIRGINIA,22,0,22
1988,VIVIAN,19,0,19
1988,VÉRONIQUE,7,0,7
1988,WENDY,37,0,37
1988,WHITNEY,87,0,87
1988,WINNIE,6,0,6
1988,YOLANDA,12,0,12
1988,YVONNE,35,0,35
1988,ZAHRA,6,0,6
1988,ZARA,6,0,6
1988,ZOE,35,0,35
1988,ZOË,6,0,6
1988,TRACI,7,0,7
1988,SHAUNNA,7,0,7
1988,TRACEY,36,0,36
1988,TONIA,7,0,7
1988,TARYN,36,0,36
1988,TASHA,44,0,44
1988,TATIANA,8,0,8
1988,TAWNY,7,0,7
1988,TAWNYA,9,0,9
1988,TAYLOR,193,151,42
1988,TEAGAN,7,0,7
1988,TEGAN,18,0,18
1988,TERESA,47,0,47
1988,TERI,10,0,10
1988,TERRA,9,0,9
1988,TERRI,30,0,30
1988,TERRI-LYNN,11,0,11
1988,TERRILYN,9,0,9
1988,TESS,9,0,9
1988,TESSA,23,0,23
1988,THALIA,9,0,9
1988,THEA,12,0,12
1988,THERESA,58,0,58
1988,THERESE,8,0,8
1988,THI,9,0,9
1988,TIA,14,0,14
1988,TIANA,10,0,10
1988,TIANNA,9,0,9
1988,TIFFANY,416,0,416
1988,TINA,74,0,74
1988,TONI,16,0,16
1988,TONYA,25,0,25
1988,MONIKA,36,0,36
1988,SHAUNA,60,0,60
1988,SHARLA,6,0,6
1988,NOELLE,15,0,15
1988,NORA,13,0,13
1988,NORMA,6,0,6
1988,OLIVIA,83,0,83
1988,PAIGE,76,0,76
1988,PAMELA,68,0,68
1988,PARVEEN,8,0,8
1988,PASCALE,8,0,8
1988,PATRICIA,170,0,170
1988,PAULA,47,0,47
1988,PAULINE,11,0,11
1988,PEARL,7,0,7
1988,NISHA,12,0,12
1988,PENELOPE,6,0,6
1988,PHOEBE,8,0,8
1988,PHUONG,6,0,6
1988,PRISCILLA,28,0,28
1988,PRIYA,14,0,14
1988,QUINN,15,9,6
1988,RACHAEL,76,0,76
1988,RACHEL,497,0,497
1988,RACHELE,6,0,6
1988,RACHELLE,61,0,61
1988,RAE,6,0,6
1988,RAMANDEEP,6,0,6
1988,RANA,7,0,7
1988,PENNY,9,0,9
1988,NINA,31,0,31
1988,NIKKI,37,0,37
1988,NIKITA,17,0,17
1988,MONTANA,7,0,7
1988,MORGAN,101,47,54
1988,MYLENE,7,0,7
1988,MYRA,7,0,7
1988,MYRIAM,7,0,7
1988,MÉLANIE,14,0,14
1988,NADIA,78,0,78
1988,NADINE,65,0,65
1988,NANCY,67,0,67
1988,NAOMI,60,0,60
1988,NATACHA,10,0,10
1988,NATALIA,26,0,26
1988,NATALIE,347,0,347
1988,NATASHA,415,0,415
1988,NATHALIE,28,0,28
1988,NAVDEEP,9,0,9
1988,NAVJOT,6,0,6
1988,NAVNEET,7,0,7
1988,NEHA,9,0,9
1988,NERISSA,7,0,7
1988,NGOC,6,0,6
1988,NICHOLE,37,0,37
1988,NICOLA,39,19,20
1988,NICOLE,1029,0,1029
1988,NICOLETTE,6,0,6
1988,NICOLLE,6,0,6
1988,NIKI,8,0,8
1988,RANDI,31,0,31
1988,RAQUEL,29,0,29
1988,RAVEN,7,0,7
1988,REBECCA,537,0,537
1988,SAHAR,8,0,8
1988,SAIRA,7,0,7
1988,SALLY,9,0,9
1988,SAMANTHA,938,0,938
1988,SAMARA,11,0,11
1988,SANA,9,0,9
1988,SANDEEP,19,11,8
1988,SANDRA,99,0,99
1988,SANDY,22,0,22
1988,SANTANA,11,0,11
1988,SARA,408,0,408
1988,SARAH,1656,0,1656
1988,SARAH-ANN,6,0,6
1988,SARINA,6,0,6
1988,SASHA,57,0,57
1988,SAVANNAH,8,0,8
1988,SCARLETT,6,0,6
1988,SELENA,7,0,7
1988,SELINA,13,0,13
1988,SERENA,30,0,30
1988,SHAINA,9,0,9
1988,SHANA,16,0,16
1988,SHANICE,9,0,9
1988,SHANNA,16,0,16
1988,SHANNON,402,0,402
1988,SHANTEL,11,0,11
1988,SHARI,8,0,8
1988,SADIE,15,0,15
1988,SHARON,43,0,43
1988,SACHA,18,5,13
1988,SABINA,7,0,7
1988,REBEKAH,39,0,39
1988,REGINA,6,0,6
1988,RENA,10,0,10
1988,RENATA,9,0,9
1988,RENEE,101,0,101
1988,RENÉE,7,0,7
1988,RHEA,6,0,6
1988,RHIANNON,14,0,14
1988,RHONDA,8,0,8
1988,RICHELLE,14,0,14
1988,RIKKI,9,0,9
1988,RINA,7,0,7
1988,RITA,24,0,24
1988,ROBIN,126,51,75
1988,ROBYN,144,0,144
1988,ROCHELLE,33,0,33
1988,ROSA,7,0,7
1988,ROSALIE,7,0,7
1988,ROSALYN,7,0,7
1988,ROSANNA,14,0,14
1988,ROSANNE,8,0,8
1988,ROSE,29,0,29
1988,ROSEMARIE,6,0,6
1988,ROSEMARY,18,0,18
1988,ROXANNE,63,0,63
1988,RUBY,14,0,14
1988,RUTH,33,0,33
1988,SABRINA,149,0,149
1988,ABBEY,8,0,8
1988,KARLA,22,0,22
1988,KARINE,22,0,22
1988,BRONWYN,14,0,14
1988,BROOKE,91,0,91
1988,CAILEY,6,0,6
1988,CAITLIN,368,0,368
1988,CAITLYN,72,0,72
1988,CALEIGH,17,0,17
1988,CALEY,8,0,8
1988,CAMILLE,23,0,23
1988,CANDACE,104,0,104
1988,CANDICE,124,0,124
1988,CARA,45,0,45
1988,CARINA,18,0,18
1988,BRONWEN,10,0,10
1988,CARISSA,27,0,27
1988,CARLEE,8,0,8
1988,CARLEIGH,10,0,10
1988,CARLEY,34,0,34
1988,CARLI,6,0,6
1988,CARLIE,8,0,8
1988,CARLING,9,0,9
1988,CARLY,175,0,175
1988,CARLYN,7,0,7
1988,CARMELA,6,0,6
1988,CARMEN,47,9,38
1988,CAROL,23,0,23
1988,CAROLE,11,0,11
1988,CARLA,44,0,44
1988,BRITTNI,6,0,6
1988,BRITTNEY,101,0,101
1988,BRITTANY,639,0,639
1988,BETTY,10,0,10
1988,BEVERLEY,12,0,12
1988,BEVERLY,10,0,10
1988,BIANCA,61,0,61
1988,BIBI,6,0,6
1988,BLAIR,77,54,23
1988,BLAIRE,10,0,10
1988,BOBBI,8,0,8
1988,BONNIE,38,0,38
1988,BRANDI,27,0,27
1988,BRANDI-LEE,6,0,6
1988,BRANDIE,9,0,9
1988,BRANDY,36,0,36
1988,BREANNA,26,0,26
1988,BREANNE,47,0,47
1988,BRENDA,27,0,27
1988,BRENNA,19,0,19
1988,BRIANA,17,0,17
1988,BRIANNA,73,0,73
1988,BRIANNE,58,0,58
1988,BRIAR,9,0,9
1988,BRIDGET,21,0,21
1988,BRIDGETTE,9,0,9
1988,BRIGITTE,18,0,18
1988,BRITANY,7,0,7
1988,BRITNEY,49,0,49
1988,BRITTANI,14,0,14
1988,CAROLINA,8,0,8
1988,CAROLINE,108,0,108
1988,CAROLYN,126,0,126
1988,CAROLYNE,7,0,7
1988,CHARITY,9,0,9
1988,CHARLENE,45,0,45
1988,CHARLOTTE,60,0,60
1988,CHAYA,8,0,8
1988,CHELSEA,240,0,240
1988,CHELSEY,50,0,50
1988,CHELSIE,9,0,9
1988,CHERIE,9,0,9
1988,CHERYL,73,0,73
1988,CHEYENNE,11,0,11
1988,CHIARA,9,0,9
1988,CHLOE,35,0,35
1988,CHRISTA,19,0,19
1988,CHRISTEN,7,0,7
1988,CHRISTIANE,10,0,10
1988,CHRISTIE,22,0,22
1988,CHRISTINA,417,0,417
1988,CHRISTINE,406,0,406
1988,CHRISTY,14,0,14
1988,CHRYSTAL,19,0,19
1988,CIARA,8,0,8
1988,CINDY,54,0,54
1988,CLAIRE,74,0,74
1988,CLARA,18,0,18
1988,CLARE,16,0,16
1988,CLARISSA,17,0,17
1988,CLAUDIA,31,0,31
1988,CHARISSA,6,0,6
1988,BETHANY,87,0,87
1988,CHANTELLE,102,0,102
1988,CHANTEL,68,0,68
1988,CARRIE,51,0,51
1988,CASANDRA,21,0,21
1988,CASEY,84,37,47
1988,CASSANDRA,354,0,354
1988,CASSANDRE,6,0,6
1988,CASSAUNDRA,6,0,6
1988,CASSIDY,10,0,10
1988,CASSIE,11,0,11
1988,CASSONDRA,10,0,10
1988,CATERINA,12,0,12
1988,CATHARINE,7,0,7
1988,CATHERINE,215,0,215
1988,CATHY,11,0,11
1988,CATRINA,8,0,8
1988,CAYLA,12,0,12
1988,CECILIA,10,0,10
1988,CEILIDH,7,0,7
1988,CELESTE,10,0,10
1988,CELIA,14,0,14
1988,CELINA,19,0,19
1988,CELINE,10,0,10
1988,CHANA,8,0,8
1988,CHANDRA,14,0,14
1988,CHANEL,24,0,24
1988,CHANELLE,21,0,21
1988,CHANTAL,142,0,142
1988,CHANTALE,11,0,11
1988,CHANTELL,8,0,8
1988,COLETTE,7,0,7
1988,BETH,14,0,14
1988,BERNADETTE,8,0,8
1988,ALICIA,260,0,260
1988,ALINA,6,0,6
1988,ALISA,14,0,14
1988,ALISHA,106,0,106
1988,ALISON,164,0,164
1988,ALISSA,25,0,25
1988,ALIX,6,0,6
1988,ALLISON,212,0,212
1988,ALLYSON,30,0,30
1988,ALLYSSA,6,0,6
1988,ALYCIA,19,0,19
1988,ALYSE,10,0,10
1988,ALICE,34,0,34
1988,ALYSHA,65,0,65
1988,ALYSIA,15,0,15
1988,ALYSON,18,0,18
1988,ALYSSA,227,0,227
1988,ALYSSE,6,0,6
1988,AMALIA,7,0,7
1988,AMANDA-LEE,9,0,9
1988,AMANDA-LYNN,7,0,7
1988,AMANDEEP,24,14,10
1988,AMBER,276,0,276
1988,AMBER-LEE,6,0,6
1988,AMBER-LYNN,6,0,6
1988,AMBERLY,8,0,8
1988,ALYSHIA,6,0,6
1988,ALIA,11,0,11
1988,ALEXIS,31,0,31
1988,ALEXIA,7,0,7
1988,ABIGAIL,15,0,15
1988,ADA,6,0,6
1988,ADELE,11,0,11
1988,ADINA,6,0,6
1988,ADRIANA,17,0,17
1988,ADRIANNA,7,0,7
1988,ADRIENNE,54,0,54
1988,AGATHA,11,0,11
1988,AGNES,7,0,7
1988,AILEEN,13,0,13
1988,AIMEE,48,0,48
1988,AINSLEY,21,0,21
1988,AISHA,12,0,12
1988,ALAINA,20,0,20
1988,ALANA,65,0,65
1988,ALANNA,53,0,53
1988,ALAYNA,6,0,6
1988,ALEESHA,7,0,7
1988,ALEISHA,7,0,7
1988,ALEKSANDRA,7,0,7
1988,ALENA,6,0,6
1988,ALESSANDRA,30,0,30
1988,ALESSIA,9,0,9
1988,ALEX,150,139,11
1988,ALEXA,27,0,27
1988,ALEXANDRA,496,0,496
1988,ALEXANDRIA,65,0,65
1988,AMELIA,42,0,42
1988,AMELIE,15,0,15
1988,AMI,7,0,7
1988,AMIE,13,0,13
1988,ARIANNA,6,0,6
1988,ARIEL,22,8,14
1988,ARIELLE,7,0,7
1988,ARLENE,12,0,12
1988,ASHA,10,0,10
1988,ASHELY,8,0,8
1988,ASHLEA,6,0,6
1988,ASHLEE,37,0,37
1988,ASHLEIGH,55,0,55
1988,ASHLEY,1426,0,1426
1988,ASHLEY-ANN,6,0,6
1988,ASHLY,9,0,9
1988,ASHLYN,13,0,13
1988,ASHTON,33,20,13
1988,ASMA,6,0,6
1988,ATHENA,8,0,8
1988,AUDREY,25,0,25
1988,AUTUMN,22,0,22
1988,AVERY,17,10,7
1988,AVIVA,6,0,6
1988,AYESHA,7,0,7
1988,AYLA,17,0,17
1988,AYSHA,8,0,8
1988,BABY,27,17,10
1988,BAILEY,66,0,66
1988,BARBARA,48,0,48
1988,BELINDA,23,0,23
1988,ARIANE,11,0,11
1988,BERNICE,6,0,6
1988,ARIANA,11,0,11
1988,ANTONIETTA,10,0,10
1988,AMRITA,6,0,6
1988,AMY,434,0,434
1988,ANA,21,0,21
1988,ANASTASIA,26,0,26
1988,ANDREA,420,13,407
1988,ANDREANNE,8,0,8
1988,ANGEL,24,0,24
1988,ANGELA,234,0,234
1988,ANGELE,17,0,17
1988,ANGELICA,20,0,20
1988,ANGELINA,14,0,14
1988,ANGELINE,9,0,9
1988,ANGELIQUE,12,0,12
1988,ANGIE,11,0,11
1988,ANIK,8,0,8
1988,ANITA,49,0,49
1988,ANN,16,0,16
1988,ANNA,153,0,153
1988,ANNA-MARIE,8,0,8
1988,ANNABELLE,6,0,6
1988,ANNE,73,0,73
1988,ANNE-MARIE,19,0,19
1988,ANNETTE,13,0,13
1988,ANNIE,41,0,41
1988,ANNIK,6,0,6
1988,ANTOINETTE,11,0,11
1988,ANTONIA,14,0,14
1988,APRIL,97,0,97
1988,KARISSA,8,0,8
1988,COLLEEN,65,0,65
1988,CONSTANCE,13,0,13
1988,JAMI,19,0,19
1988,JAMIE,339,188,151
1988,JAMIE-LEE,9,0,9
1988,JAMIE-LYNN,7,0,7
1988,JANA,12,0,12
1988,JANE,33,0,33
1988,JANELLE,47,0,47
1988,JANESSA,8,0,8
1988,JANET,35,0,35
1988,JANETTE,8,0,8
1988,JANICE,38,0,38
1988,JANINE,38,0,38
1988,JALEESA,9,0,9
1988,JANNA,13,0,13
1988,JASMIN,14,0,14
1988,JASMINE,101,0,101
1988,JASPREET,20,9,11
1988,JAYME,24,7,17
1988,JAYMIE,7,0,7
1988,JEAN,34,25,9
1988,JEANETTE,20,0,20
1988,JEANNETTE,6,0,6
1988,JEANNINE,8,0,8
1988,JENELLE,11,0,11
1988,JENIFER,11,0,11
1988,JENNA,242,0,242
1988,JASDEEP,15,9,6
1988,JAIMIE,18,0,18
1988,JAIME,56,13,43
1988,JADE,58,0,58
1988,HARMONY,9,0,9
1988,HARPREET,18,9,9
1988,HAYLEY,86,0,86
1988,HEATHER,444,0,444
1988,HEIDI,58,0,58
1988,HELEN,38,0,38
1988,HELENA,14,0,14
1988,HELENE,6,0,6
1988,HILARY,82,0,82
1988,HILLARY,24,0,24
1988,HOLLIE,14,0,14
1988,HOLLY,208,0,208
1988,HOPE,18,0,18
1988,IDA,6,0,6
1988,INGRID,10,0,10
1988,IRENE,23,0,23
1988,IRIS,6,0,6
1988,ISABEL,18,0,18
1988,ISABELLE,26,0,26
1988,IVANA,6,0,6
1988,IVY,12,0,12
1988,JACKIE,15,5,10
1988,JACKLYN,16,0,16
1988,JACLYN,156,0,156
1988,JACLYNN,9,0,9
1988,JACQUELINE,233,0,233
1988,JACQUELYN,28,0,28
1988,JENNIE,18,0,18
1988,JENNIFER,1222,0,1222
1988,JENNY,82,0,82
1988,JESSALYN,6,0,6
1988,JULIANNA,10,0,10
1988,JULIANNE,25,0,25
1988,JULIE,268,0,268
1988,JULIE-ANN,7,0,7
1988,JULIE-ANNE,7,0,7
1988,JULIET,6,0,6
1988,JUSTINA,10,0,10
1988,JUSTINE,124,0,124
1988,KACEY,6,0,6
1988,KAELA,15,0,15
1988,KAILA,40,0,40
1988,KAILEE,7,0,7
1988,KAILEY,33,0,33
1988,KAILYN,9,0,9
1988,KAITLAN,10,0,10
1988,KAITLIN,205,0,205
1988,KAITLYN,228,0,228
1988,KAITLYNN,26,0,26
1988,KALEIGH,28,0,28
1988,KALEY,8,0,8
1988,KALI,7,0,7
1988,KANDACE,8,0,8
1988,KANDICE,12,0,12
1988,KARA,82,0,82
1988,KAREN,142,0,142
1988,KARI,33,0,33
1988,KARINA,28,0,28
1988,JULIANA,16,0,16
1988,HANNAH,96,0,96
1988,JULIA,222,0,222
1988,JUDITH,14,0,14
1988,JESSE,563,544,19
1988,JESSICA,1967,0,1967
1988,JESSIE,116,46,70
1988,JESSIKA,7,0,7
1988,JILL,27,0,27
1988,JILLIAN,156,0,156
1988,JOAN,8,0,8
1988,JOANA,6,0,6
1988,JOANNA,81,0,81
1988,JOANNE,35,0,35
1988,JOCELYN,78,0,78
1988,JOCELYNE,9,0,9
1988,JODI,49,0,49
1988,JODIE,16,0,16
1988,JODY,28,8,20
1988,JOELLE,24,0,24
1988,JOHANNA,15,0,15
1988,JOLENE,21,0,21
1988,JORDAN,639,605,34
1988,JORDANA,15,0,15
1988,JORDYN,8,0,8
1988,JOSEE,31,0,31
1988,JOSEPHINE,18,0,18
1988,JOSIE,12,0,12
1988,JOSÉE,9,0,9
1988,JOY,9,0,9
1988,JOYCE,18,0,18
1988,JUDY,12,0,12
1988,CONNIE,17,0,17
1988,HANNA,11,0,11
1988,HALEY,36,0,36
1988,DEANNA,80,0,80
1988,DEANNE,6,0,6
1988,DEBORAH,34,0,34
1988,DEBRA,14,0,14
1988,DEENA,6,0,6
1988,DEIDRA,7,0,7
1988,DEIDRE,12,0,12
1988,DEIRDRE,14,0,14
1988,DENISE,75,0,75
1988,DESIRAE,6,0,6
1988,DESIREE,47,0,47
1988,DESTINY,9,0,9
1988,DEANDRA,6,0,6
1988,DEVON,159,128,31
1988,DIANE,43,0,43
1988,DIANNA,14,0,14
1988,DIANNE,17,0,17
1988,DINA,8,0,8
1988,DOMINIQUE,47,7,40
1988,DONNA,26,0,26
1988,DORA,7,0,7
1988,DOREEN,7,0,7
1988,DOROTHY,13,0,13
1988,EDEN,18,0,18
1988,EILEEN,6,0,6
1988,ELAINE,29,0,29
1988,DIANA,115,0,115
1988,DAYNA,56,0,56
1988,DAWN,43,0,43
1988,DARLENE,10,0,10
1988,CORA,7,0,7
1988,COREY,346,337,9
1988,CORI,6,0,6
1988,CORINA,12,0,12
1988,CORINNE,10,0,10
1988,CORRIE,14,0,14
1988,CORRINA,6,0,6
1988,CORRINE,8,0,8
1988,CORTNEY,11,0,11
1988,COURTNEY,429,14,415
1988,CRISTINA,54,0,54
1988,CRISTINE,7,0,7
1988,CRYSTAL,253,0,253
1988,CYNTHIA,75,0,75
1988,DAINA,10,0,10
1988,DAISY,7,0,7
1988,DALLAS,21,14,7
1988,DANA,150,12,138
1988,DANELLE,6,0,6
1988,DANICA,13,0,13
1988,DANIELA,54,0,54
1988,DANIELLA,41,0,41
1988,DANIELLE,612,0,612
1988,DANIKA,16,0,16
1988,DANNIELLE,7,0,7
1988,DAPHNE,9,0,9
1988,DARCIE,9,0,9
1988,ELANA,7,0,7
1988,ELEANOR,14,0,14
1988,ELENA,19,0,19
1988,ELENI,9,0,9
1988,FELICIA,69,0,69
1988,FELISHA,7,0,7
1988,FIONA,35,0,35
1988,FLORENCE,9,0,9
1988,FRANCE,10,0,10
1988,FRANCES,27,0,27
1988,FRANCESCA,29,0,29
1988,FRANCINE,19,0,19
1988,GABRIELA,7,0,7
1988,GABRIELLA,15,0,15
1988,GABRIELLE,55,0,55
1988,GENEVIEVE,63,0,63
1988,GENEVIÈVE,9,0,9
1988,GEORGIA,10,0,10
1988,GEORGINA,17,0,17
1988,GERALDINE,6,0,6
1988,GILLIAN,91,0,91
1988,GINA,27,0,27
1988,GINETTE,6,0,6
1988,GISELLE,9,0,9
1988,GIULIA,7,0,7
1988,GIUSEPPINA,7,0,7
1988,GLORIA,18,0,18
1988,GRACE,61,0,61
1988,GURPREET,12,6,6
1988,GWENDOLYN,6,0,6
1988,HAILEY,46,0,46
1988,FATIMA,18,0,18
1988,HANA,8,0,8
1988,FARRAH,10,0,10
1988,FAITH,6,0,6
1988,ELISA,34,0,34
1988,ELISABETH,23,0,23
1988,ELISE,64,0,64
1988,ELISHA,24,0,24
1988,ELISSA,18,0,18
1988,ELIZA,11,0,11
1988,ELIZABETH,418,0,418
1988,ELLA,10,0,10
1988,ELLEN,48,0,48
1988,ELLIE,6,0,6
1988,ELYSE,52,0,52
1988,ELYSIA,12,0,12
1988,ELYSSE,6,0,6
1988,EMILEE,10,0,10
1988,EMILIA,16,0,16
1988,EMILIE,41,0,41
1988,EMILY,589,0,589
1988,EMMA,174,0,174
1988,EMMANUELLE,6,0,6
1988,ERICA,186,0,186
1988,ERIKA,108,0,108
1988,ERIN,392,0,392
1988,ERYN,6,0,6
1988,ESTHER,32,0,32
1988,EVA,32,0,32
1988,EVE,10,0,10
1988,EVELYN,26,0,26
1988,FARAH,10,0,10
1988,VICKY,12,0,12
1989,ERIC,730,730,0
1989,ABDIRAHMAN,5,5,0
1989,FRANCE,7,0,7
1989,FLORENCE,10,0,10
1989,FIONA,30,0,30
1989,FELICIA,59,0,59
1989,FATIMA,22,0,22
1989,FARRAH,14,0,14
1989,FARAH,17,0,17
1989,FAITH,15,0,15
1989,EVELYN,31,0,31
1989,EVA,37,0,37
1989,ESTHER,46,0,46
1989,ERYN,8,0,8
1989,ERIN,352,7,345
1989,ERIKA,124,0,124
1989,ERICA,218,0,218
1989,EMMANUELLE,7,0,7
1989,EMMA,258,0,258
1989,EMILY,723,0,723
1989,EMILIE,49,0,49
1989,EMILIA,13,0,13
1989,EMILEE,6,0,6
1989,ELYSSA,9,0,9
1989,ELYSIA,14,0,14
1989,ELYSHA,7,0,7
1989,ELYSE,40,0,40
1989,ELSIE,6,0,6
1989,ELLEN,44,0,44
1989,FRANCES,29,0,29
1989,ELLA,8,0,8
1989,FRANCESCA,25,0,25
1989,GABRIELA,9,0,9
1989,HEATHER,426,0,426
1989,HAYLEY,79,0,79
1989,HARPREET,16,8,8
1989,HARLEEN,7,0,7
1989,HANNAH,154,0,154
1989,HANNA,18,0,18
1989,HANA,7,0,7
1989,HALEY,37,0,37
1989,HALEIGH,14,0,14
1989,HAILEY,47,0,47
1989,GWENDOLYN,7,0,7
1989,GURPREET,23,10,13
1989,GRACE,62,0,62
1989,GLORIA,32,0,32
1989,GLENDA,6,0,6
1989,GIULIA,6,0,6
1989,GISELLE,12,0,12
1989,GIOVANNA,6,0,6
1989,GINA,18,0,18
1989,GILLIAN,99,0,99
1989,GEORGINA,12,0,12
1989,GEORGIA,21,0,21
1989,GENEVIÈVE,11,0,11
1989,GENEVIEVE,53,0,53
1989,GEMMA,9,0,9
1989,GABRIELLE,63,0,63
1989,GABRIELLA,20,0,20
1989,FRANCINE,11,0,11
1989,ELIZABETH,460,0,460
1989,ELIZA,9,0,9
1989,ELISSA,12,0,12
1989,DEANA,7,0,7
1989,DAYNA,45,0,45
1989,DAWN,31,0,31
1989,DARLENE,10,0,10
1989,DARCY,50,41,9
1989,DARCIE,10,0,10
1989,DARA,8,0,8
1989,DAPHNE,11,0,11
1989,DANYA,6,0,6
1989,DANIKA,12,0,12
1989,DANIELLE,597,0,597
1989,DANIELLA,45,0,45
1989,DANIELA,65,0,65
1989,DANICA,16,0,16
1989,DANA,145,12,133
1989,DAKOTA,22,15,7
1989,DAISY,10,0,10
1989,DAINA,9,0,9
1989,CYNTHIA,82,0,82
1989,CRYSTAL,181,0,181
1989,CRISTINA,60,0,60
1989,COURTNEY,467,8,459
1989,COURTENEY,6,0,6
1989,CORTNEY,11,0,11
1989,CORRINE,8,0,8
1989,CORRIE,6,0,6
1989,CORINNE,16,0,16
1989,DEANNA,96,0,96
1989,DEANNE,9,0,9
1989,DEBBIE,11,0,11
1989,DEBORAH,28,0,28
1989,ELISHA,26,0,26
1989,ELISE,56,0,56
1989,ELISABETH,42,0,42
1989,ELISA,29,0,29
1989,ELENI,6,0,6
1989,ELENA,21,0,21
1989,ELEANOR,10,0,10
1989,ELAINE,31,0,31
1989,ELAINA,8,0,8
1989,EILEEN,11,0,11
1989,EDEN,16,0,16
1989,DOROTHY,20,0,20
1989,DORIS,6,0,6
1989,HEIDI,32,0,32
1989,DONNA,23,0,23
1989,DINA,16,0,16
1989,DIANNE,10,0,10
1989,DIANNA,9,0,9
1989,DIANE,34,0,34
1989,DIANA,125,0,125
1989,DEVON,187,154,33
1989,DEVIN,135,123,12
1989,DESTINY,11,0,11
1989,DESIREE,40,0,40
1989,DENISE,57,0,57
1989,DEIRDRE,11,0,11
1989,DEIDRA,7,0,7
1989,DEBRA,13,0,13
1989,DOMINIQUE,53,7,46
1989,HELEN,41,0,41
1989,HELENA,18,0,18
1989,HILARY,89,0,89
1989,JUDY,15,0,15
1989,JUDITH,16,0,16
1989,JOYCE,10,0,10
1989,JOY,6,0,6
1989,JOSÉE,11,0,11
1989,JOSIE,15,0,15
1989,JOSEPHINE,31,0,31
1989,JOSEE,28,0,28
1989,JORDYN,10,0,10
1989,JORDANNE,6,0,6
1989,JORDANNA,8,0,8
1989,JORDANA,21,0,21
1989,JORDAN,872,781,91
1989,JONI,6,0,6
1989,JOLENE,16,0,16
1989,JOHANNA,31,0,31
1989,JOELLE,19,0,19
1989,JODY,26,6,20
1989,JODIE,24,0,24
1989,JODI,39,0,39
1989,JOCELYNE,6,0,6
1989,JOCELYN,62,0,62
1989,JOANNE,34,0,34
1989,JOANNA,91,0,91
1989,JOAN,8,0,8
1989,JILLIAN,147,0,147
1989,JILL,25,0,25
1989,JULIA,251,0,251
1989,JULIANA,25,0,25
1989,JULIANNA,15,0,15
1989,JULIANNE,25,0,25
1989,KARISSA,10,0,10
1989,KARINE,24,0,24
1989,KARINA,21,0,21
1989,KARIN,10,0,10
1989,KARI,19,5,14
1989,KAREN,144,0,144
1989,KARA,62,0,62
1989,KANDICE,8,0,8
1989,KANDACE,6,0,6
1989,KALLIE,7,0,7
1989,KALIE,9,0,9
1989,KALI,16,0,16
1989,KALEY,18,0,18
1989,JESSIKA,13,0,13
1989,KALEIGH,17,0,17
1989,KAITLYNN,31,0,31
1989,KAITLYN,317,0,317
1989,KAITLIN,213,0,213
1989,KAITLAN,10,0,10
1989,KAILYN,8,0,8
1989,KAILEY,30,0,30
1989,KAILEE,15,0,15
1989,KAILA,38,0,38
1989,KAELA,13,0,13
1989,KADY,6,0,6
1989,JUSTINE,141,0,141
1989,JUSTINA,7,0,7
1989,JULIE,245,0,245
1989,KALA,10,0,10
1989,CORI,9,0,9
1989,JESSIE,127,45,82
1989,JESSICA,2015,0,2015
1989,JANA,12,0,12
1989,JAMIE-LEE,13,0,13
1989,JAMIE,354,191,163
1989,JAMI,14,0,14
1989,JALEESA,9,0,9
1989,JAIMIE,20,0,20
1989,JAIME,56,10,46
1989,JADE,70,0,70
1989,JACQUELYN,29,0,29
1989,JACQUELINE,225,0,225
1989,JACLYN,123,0,123
1989,JACKLYN,20,0,20
1989,JACKIE,18,0,18
1989,JACKELYN,8,0,8
1989,IVY,10,0,10
1989,IVANA,6,0,6
1989,ISABELLE,30,0,30
1989,ISABELLA,11,0,11
1989,ISABEL,10,0,10
1989,IRIS,13,0,13
1989,IRENE,25,0,25
1989,INGRID,7,0,7
1989,IDA,6,0,6
1989,HOPE,19,0,19
1989,HOLLY,164,0,164
1989,HOLLIE,8,0,8
1989,HILLARY,39,0,39
1989,JANE,40,0,40
1989,JANELLE,52,0,52
1989,JANESSA,16,0,16
1989,JANET,38,0,38
1989,JESSI,14,5,9
1989,JESSE,612,581,31
1989,JERRICA,7,0,7
1989,JENNY,64,0,64
1989,JENNIFER,1130,0,1130
1989,JENNIE,14,0,14
1989,JENNA,221,0,221
1989,JENIFER,8,0,8
1989,JENESSA,6,0,6
1989,JENELLE,14,0,14
1989,JENA,12,0,12
1989,JEANNINE,6,0,6
1989,JEANNE,7,0,7
1989,JESSICA-LYNN,6,0,6
1989,JEANINE,6,0,6
1989,JEAN,44,33,11
1989,JAZMINE,8,0,8
1989,JAZMIN,7,0,7
1989,JAYNE,7,0,7
1989,JAYMIE,6,0,6
1989,JAYME,22,0,22
1989,JASPREET,27,7,20
1989,JASMINE,135,0,135
1989,JASMIN,22,0,22
1989,JANNA,12,0,12
1989,JANIS,6,0,6
1989,JANINE,42,0,42
1989,JANICE,49,0,49
1989,JEANETTE,12,0,12
1989,COREY,349,340,9
1989,CORA,11,0,11
1989,CONSTANCE,12,0,12
1989,ANNIE,41,0,41
1989,ANNETTE,21,0,21
1989,ANNE-MARIE,16,0,16
1989,ANNE,67,0,67
1989,ANNABELLE,8,0,8
1989,ANNA,158,0,158
1989,ANN-MARIE,8,0,8
1989,ANN,24,0,24
1989,ANJALI,8,0,8
1989,ANITA,64,0,64
1989,ANIK,7,0,7
1989,ANGIE,11,0,11
1989,ANGELINE,8,0,8
1989,ANGELINA,14,0,14
1989,ANGELIKA,7,0,7
1989,ANGELICA,35,0,35
1989,ANGELE,13,0,13
1989,ANGELA,240,0,240
1989,ANGEL,33,0,33
1989,ANDRIA,6,0,6
1989,ANDREE,10,0,10
1989,ANDREANNE,6,0,6
1989,ANDREA,410,14,396
1989,ANASTASIA,38,0,38
1989,ANA,22,0,22
1989,AMY,404,0,404
1989,AMRITA,7,0,7
1989,ANNIK,8,0,8
1989,ANTHEA,6,0,6
1989,ANTOINETTE,6,0,6
1989,ANTONIA,11,0,11
1989,BECKY,13,0,13
1989,BARBARA,40,0,40
1989,BAILEY,52,0,52
1989,AYLA,15,0,15
1989,AYESHA,6,0,6
1989,AVERY,14,8,6
1989,AVA,6,0,6
1989,AUTUMN,13,0,13
1989,AUDREY,22,0,22
1989,ATHENA,20,0,20
1989,ASMA,6,0,6
1989,ASHTON,57,26,31
1989,ASHLYN,11,0,11
1989,AMIE,18,0,18
1989,ASHLY,6,0,6
1989,ASHLEY,1294,5,1289
1989,ASHLEIGH,66,0,66
1989,ASHLEE,37,0,37
1989,ASHA,12,0,12
1989,ARLENE,7,0,7
1989,ARIELLE,23,0,23
1989,ARIEL,15,5,10
1989,ARIANNE,9,0,9
1989,ARIANE,7,0,7
1989,ARIANA,10,0,10
1989,APRIL,121,0,121
1989,ANYA,6,0,6
1989,ANTONIETTA,6,0,6
1989,ASHLIE,7,0,7
1989,BELINDA,15,0,15
1989,AMELIE,8,0,8
1989,AMBERLY,7,0,7
1989,ALEXA,30,0,30
1989,ALEX,131,125,6
1989,ALESSIA,13,0,13
1989,ALESSANDRA,36,0,36
1989,ALESHA,6,0,6
1989,ALEKSANDRA,16,0,16
1989,ALEISHA,10,0,10
1989,ALEESHA,8,0,8
1989,ALECIA,9,0,9
1989,ALEAH,6,0,6
1989,ALAYNA,9,0,9
1989,ALANNAH,26,0,26
1989,ALANNA,82,0,82
1989,ALANA,94,0,94
1989,ALAINA,18,0,18
1989,AISLINN,8,0,8
1989,AISHA,22,0,22
1989,AINSLEY,24,0,24
1989,AIMEE,30,0,30
1989,AILEEN,7,0,7
1989,AGNES,7,0,7
1989,AGATHA,8,0,8
1989,ADRIENNE,41,0,41
1989,ADRIANNA,21,0,21
1989,ADRIANA,62,0,62
1989,ADELE,13,0,13
1989,ABIGAIL,31,0,31
1989,ALEXANDRA,568,0,568
1989,ALEXANDREA,10,0,10
1989,ALEXANDRIA,65,0,65
1989,ALEXIA,7,0,7
1989,AMBER-LYNN,9,0,9
1989,AMBER-LEE,10,0,10
1989,AMBER,321,0,321
1989,AMANPREET,6,0,6
1989,AMANDEEP,18,8,10
1989,AMANDA-LYNN,6,0,6
1989,AMANDA,1795,0,1795
1989,ALYSSIA,14,0,14
1989,ALYSSA,328,0,328
1989,ALYSON,26,0,26
1989,ALYSIA,19,0,19
1989,ALYSHIA,10,0,10
1989,ALYSHA,79,0,79
1989,AMELIA,60,0,60
1989,ALYCIA,19,0,19
1989,ALLYSON,30,0,30
1989,ALLISON,240,0,240
1989,ALLIE,7,0,7
1989,ALIYA,6,0,6
1989,ALIX,10,0,10
1989,ALISSA,23,0,23
1989,ALISON,153,0,153
1989,ALISHA,102,0,102
1989,ALISA,14,0,14
1989,ALINA,12,0,12
1989,ALICIA,307,0,307
1989,ALICE,30,0,30
1989,ALEXIS,43,0,43
1989,ALLYSSA,11,0,11
1989,KARLA,25,0,25
1989,BERNADETTE,6,0,6
1989,BETHANY,110,0,110
1989,CHANTALLE,10,0,10
1989,CHANTALE,6,0,6
1989,CHANTAL,144,0,144
1989,CHANELLE,12,0,12
1989,CHANEL,18,0,18
1989,CHANDRA,11,0,11
1989,CELINE,19,0,19
1989,CELINA,15,0,15
1989,CELIA,10,0,10
1989,CELESTE,30,0,30
1989,CECILIA,17,0,17
1989,CAYLA,17,0,17
1989,CATRINA,9,0,9
1989,CATHY,17,0,17
1989,CATHLEEN,6,0,6
1989,CATHERINE,216,0,216
1989,CATHARINE,12,0,12
1989,CATERINA,12,0,12
1989,CASSONDRA,19,0,19
1989,CASSIE,12,0,12
1989,CASSIDY,9,0,9
1989,CASSAUNDRA,17,0,17
1989,CASSANDRA,563,0,563
1989,CASEY,100,52,48
1989,CASANDRA,27,0,27
1989,CARRIE,36,0,36
1989,CAROLYNN,6,0,6
1989,CHANTEL,102,0,102
1989,CHANTELL,10,0,10
1989,CHANTELLE,99,0,99
1989,CHARLENE,49,0,49
1989,CONNIE,21,0,21
1989,COLLEEN,74,0,74
1989,CODI,13,6,7
1989,CLAUDIA,37,0,37
1989,CLARISSA,12,0,12
1989,CLARE,17,0,17
1989,CLARA,15,0,15
1989,CLAIRE,87,0,87
1989,CINDY,70,0,70
1989,CIERRA,6,0,6
1989,CIARA,12,0,12
1989,CHRYSTAL,14,0,14
1989,CHRISTY,16,0,16
1989,CAROLYN,109,0,109
1989,CHRISTINE,410,0,410
1989,CHRISTIE,29,0,29
1989,CHRISTIANNE,7,0,7
1989,CHRISTA,12,0,12
1989,CHLOE,44,0,44
1989,CHIARA,9,0,9
1989,CHEYENNE,18,0,18
1989,CHERYL,54,0,54
1989,CHELSIE,13,0,13
1989,CHELSEY,68,0,68
1989,CHELSEA,292,0,292
1989,CHAYA,6,0,6
1989,CHARMAINE,9,0,9
1989,CHARLOTTE,74,0,74
1989,CHRISTINA,413,0,413
1989,BETH,19,0,19
1989,CAROLINE,121,0,121
1989,CAROL,24,0,24
1989,BRITTANIE,9,0,9
1989,BRITTANI,6,0,6
1989,BRITTANEY,8,0,8
1989,BRITNEY,61,0,61
1989,BRITANY,11,0,11
1989,BRIGITTE,18,0,18
1989,BRIDGET,32,0,32
1989,BRIAR,6,0,6
1989,BRIANNE,67,0,67
1989,BRIANNA,92,0,92
1989,BRIANA,17,0,17
1989,BRENNA,17,0,17
1989,BRENDA,28,0,28
1989,BREANNE,42,0,42
1989,BREANNA,33,0,33
1989,BRANDY,32,0,32
1989,BRANDIE,6,0,6
1989,BRANDI,48,0,48
1989,BONNIE,37,0,37
1989,BOBBIE,6,0,6
1989,BOBBI,8,0,8
1989,BLYTHE,8,0,8
1989,BLAIR,61,47,14
1989,BILLIE,6,0,6
1989,BIANCA,83,0,83
1989,BEVERLY,16,0,16
1989,BETTY,12,0,12
1989,BRITTANY,922,0,922
1989,BRITTNEY,146,0,146
1989,BRITTNI,14,0,14
1989,BRONWYN,15,0,15
1989,CARMEN,48,6,42
1989,CARMELA,7,0,7
1989,CARLY,156,0,156
1989,CARLING,9,0,9
1989,CARLIE,15,0,15
1989,CARLI,13,0,13
1989,CARLEY,32,0,32
1989,CARLENE,9,0,9
1989,CARLEIGH,9,0,9
1989,CARLEE,15,0,15
1989,CARLA,46,0,46
1989,CARISSA,28,0,28
1989,CARINE,8,0,8
1989,CAROLINA,13,0,13
1989,CARINA,15,0,15
1989,CANDICE,107,0,107
1989,CANDACE,85,0,85
1989,CAMILLE,30,0,30
1989,CAMILLA,8,0,8
1989,CALLIE,11,0,11
1989,CALEY,9,0,9
1989,CAITLYNN,6,0,6
1989,CAITLYN,78,0,78
1989,CAITLIN,336,0,336
1989,CAILIN,8,0,8
1989,CAILEIGH,7,0,7
1989,BRYANNA,11,0,11
1989,BROOKE,101,0,101
1989,CARA,46,0,46
1989,ABBY,18,0,18
1989,KARLEE,8,0,8
1989,KARLI,15,0,15
1989,SADIE,25,0,25
1989,SACHA,16,5,11
1989,SABRINA,196,0,196
1989,SABINA,10,0,10
1989,RUTH,34,0,34
1989,RUPINDER,6,0,6
1989,RUBY,7,0,7
1989,ROXANNE,59,0,59
1989,ROXANA,8,0,8
1989,ROSEMARY,19,0,19
1989,ROSEMARIE,6,0,6
1989,ROSEANNE,9,0,9
1989,ROSE,17,0,17
1989,ROSANNE,6,0,6
1989,ROSANNA,14,0,14
1989,ROSALIE,6,0,6
1989,ROSA,17,0,17
1989,ROCHELLE,35,0,35
1989,ROBYN,132,0,132
1989,ROBIN,107,34,73
1989,ROBERTA,7,0,7
1989,RITA,16,0,16
1989,RILEY,55,45,10
1989,RIKKI,6,0,6
1989,RICHELLE,21,0,21
1989,RHONDA,12,0,12
1989,RHIANNON,11,0,11
1989,SALINA,11,0,11
1989,RHEA,7,0,7
1989,SALLY,18,0,18
1989,SAMANTHA,1348,0,1348
1989,SHARON,44,0,44
1989,SHARLENE,6,0,6
1989,SHARI,9,0,9
1989,SHANTELLE,10,0,10
1989,SHANTEL,10,0,10
1989,SHANNON,337,0,337
1989,SHANNA,18,0,18
1989,SHANA,17,0,17
1989,SHALINI,6,0,6
1989,SHAINA,10,0,10
1989,SERENA,33,0,33
1989,SELINA,21,0,21
1989,SELENA,15,0,15
1989,SAVANNAH,9,0,9
1989,SASHA,59,10,49
1989,SARRA,6,0,6
1989,SARINA,13,0,13
1989,SARAH-JANE,8,0,8
1989,SARAH,1621,0,1621
1989,SARA,374,0,374
1989,SAPNA,6,0,6
1989,SANTANA,7,0,7
1989,SANDY,26,0,26
1989,SANDRA,117,0,117
1989,SANDEEP,20,13,7
1989,SANA,9,0,9
1989,SAMARA,11,0,11
1989,SALMA,8,0,8
1989,RENEE,85,0,85
1989,RENA,6,0,6
1989,REBEKKA,6,0,6
1989,NOELLE,14,0,14
1989,NOEL,22,16,6
1989,NISHA,18,0,18
1989,NINA,37,0,37
1989,NIKOLE,7,0,7
1989,NIKKI,21,0,21
1989,NIKITA,36,0,36
1989,NICOLLE,12,0,12
1989,NICOLETTE,12,0,12
1989,NICOLE,1136,0,1136
1989,NICOLA,34,14,20
1989,NICHOLE,44,0,44
1989,NEHA,6,0,6
1989,NAVNEET,9,0,9
1989,NAVJOT,7,0,7
1989,NATHALIE,44,0,44
1989,NATASHIA,11,0,11
1989,NATASHA,421,0,421
1989,NATALIE,347,0,347
1989,NATALIA,31,0,31
1989,NATACHA,8,0,8
1989,NAOMI,51,0,51
1989,NANCY,64,0,64
1989,NAKITA,9,0,9
1989,NADINE,74,0,74
1989,NADIA,92,0,92
1989,MÉLISSA,8,0,8
1989,NORA,16,0,16
1989,NYSSA,7,0,7
1989,OLIVIA,107,0,107
1989,PAIGE,83,0,83
1989,REBEKAH,51,0,51
1989,REBECCA,700,0,700
1989,RAVEN,10,0,10
1989,RAQUEL,26,0,26
1989,RANDI,29,0,29
1989,RANA,7,0,7
1989,RAMANDEEP,11,0,11
1989,RACHELLE,65,0,65
1989,RACHEL,475,0,475
1989,RACHEAL,8,0,8
1989,RACHAEL,74,0,74
1989,QUINN,22,16,6
1989,PUNEET,7,0,7
1989,SHAUNA,48,0,48
1989,PRIYANKA,6,0,6
1989,PRISCILLA,28,0,28
1989,PRINCESS,7,0,7
1989,POOJA,6,0,6
1989,PHOEBE,9,0,9
1989,PETRA,8,0,8
1989,PENELOPE,6,0,6
1989,PAULINE,15,0,15
1989,PAULINA,24,0,24
1989,PAULA,40,0,40
1989,PATRICIA,161,0,161
1989,PATRICE,7,0,7
1989,PASCALE,6,0,6
1989,PAMELA,81,0,81
1989,PRIYA,20,0,20
1989,SHAWNA,74,0,74
1989,SHAYLA,12,0,12
1989,SHAYLENE,6,0,6
1989,TONYA,34,0,34
1989,TONIA,9,0,9
1989,TONI,23,0,23
1989,TINA,63,0,63
1989,TIFFANY,328,0,328
1989,TIFFANI,10,0,10
1989,TIANNA,9,0,9
1989,TIANA,10,0,10
1989,TIA,15,0,15
1989,THUY,12,0,12
1989,THI,13,0,13
1989,THERESA,52,0,52
1989,THEA,7,0,7
1989,THALIA,14,0,14
1989,TESSA,28,0,28
1989,TESS,9,0,9
1989,TERRI-LYNN,11,0,11
1989,TERRI,13,0,13
1989,TERRA,11,0,11
1989,TERESA,46,0,46
1989,TEGAN,10,0,10
1989,TAYLOR,297,207,90
1989,TATIANA,13,0,13
1989,TASHA,40,0,40
1989,TARYN,34,0,34
1989,TARAH,11,0,11
1989,TARA,213,0,213
1989,TRACEY,37,0,37
1989,TRACI,9,0,9
1989,TRACY,66,0,66
1989,TRICIA,14,0,14
1989,ZOE,40,0,40
1989,ZARA,6,0,6
1989,ZAINAB,7,0,7
1989,ZAHRA,6,0,6
1989,YVONNE,24,0,24
1989,YOLANDA,7,0,7
1989,YASMIN,13,0,13
1989,WINNIE,10,0,10
1989,WHITNEY,59,0,59
1989,WENDY,28,0,28
1989,VIVIAN,15,0,15
1989,VIRGINIA,34,0,34
1989,VICTORIA,447,0,447
1989,TANYA,154,0,154
1989,VICKY,20,0,20
1989,VERONIQUE,31,0,31
1989,VERONICA,83,0,83
1989,VENESSA,10,0,10
1989,VASILIKI,7,0,7
1989,VANESSA,417,0,417
1989,VALÉRIE,11,0,11
1989,VALERIE,73,0,73
1989,VALERIA,6,0,6
1989,VALENTINA,11,0,11
1989,TYLA,6,0,6
1989,TRISTA,9,0,9
1989,TRISHA,38,0,38
1989,TRINA,11,0,11
1989,VICKI,10,0,10
1989,MÉLANIE,14,0,14
1989,TANISHA,8,0,8
1989,TAMMY,30,0,30
1989,SONIA,73,0,73
1989,SONDRA,7,0,7
1989,SONAM,7,0,7
1989,SOFIA,15,0,15
1989,SKYE,18,0,18
1989,SIOBHAN,28,0,28
1989,SINEAD,10,0,10
1989,SIMRAN,12,0,12
1989,SIMONE,34,0,34
1989,SILVIA,9,0,9
1989,SIERRA,29,0,29
1989,SHYLA,6,0,6
1989,SHONA,6,0,6
1989,SHIRLEY,21,0,21
1989,SHIRA,9,0,9
1989,SHERYL,9,0,9
1989,SHERRY,17,0,17
1989,SHERRIE,9,0,9
1989,SHERRI,10,0,10
1989,SHERI,10,0,10
1989,SHELLY,12,0,12
1989,SHELLEY,20,0,20
1989,SHELBY,63,0,63
1989,SHEILA,21,0,21
1989,SHEENA,39,0,39
1989,SHAZIA,7,0,7
1989,SHAYNA,21,0,21
1989,SONJA,18,0,18
1989,SONYA,30,0,30
1989,SOPHIA,50,0,50
1989,SOPHIE,69,0,69
1989,TAMARA,87,0,87
1989,TAMAR,7,0,7
1989,TALIA,14,0,14
1989,TABITHA,43,0,43
1989,TABATHA,11,0,11
1989,SYLVIE,15,0,15
1989,SYLVIA,30,0,30
1989,SYDNEY,47,0,47
1989,SUZANNE,51,0,51
1989,SUSIE,6,0,6
1989,SUSANNAH,6,0,6
1989,SUSANNA,6,0,6
1989,SUSANA,14,0,14
1989,TANIA,53,0,53
1989,SUSAN,69,0,69
1989,STÉPHANIE,10,0,10
1989,STEPHANY,10,0,10
1989,STEPHANIE,1367,0,1367
1989,STELLA,9,0,9
1989,STEFANIE,91,0,91
1989,STEFANIA,21,0,21
1989,STEFANI,10,0,10
1989,STARR,8,0,8
1989,STACY,34,0,34
1989,STACIE,19,0,19
1989,STACI,14,0,14
1989,STACEY,163,0,163
1989,SPENCER,186,179,7
1989,SUMMER,8,0,8
1989,MYRIAM,12,0,12
1989,MORGAN,139,38,101
1989,MONIQUE,72,0,72
1989,KRYSTYN,6,0,6
1989,KRYSTLE,32,0,32
1989,KRYSTINE,8,0,8
1989,KRYSTINA,19,0,19
1989,KRYSTIN,10,0,10
1989,KRYSTEN,19,0,19
1989,KRYSTEL,7,0,7
1989,KRYSTAL,133,0,133
1989,KRYSTA,16,0,16
1989,KRISTYN,26,0,26
1989,KRISTY,80,0,80
1989,KRISTINE,65,0,65
1989,KRISTINA,179,0,179
1989,KRISTIN,125,0,125
1989,KRISTIE,27,0,27
1989,KRISTIAN,25,18,7
1989,KRISTI,29,0,29
1989,KRISTEN,353,0,353
1989,KRISTAN,7,0,7
1989,KRISTAL,8,0,8
1989,KRISTA,178,0,178
1989,KOURTNEY,14,0,14
1989,KIRSTYN,9,0,9
1989,KIRSTY,9,0,9
1989,KIRSTIN,17,0,17
1989,KIRSTIE,19,0,19
1989,KIRSTEN,97,0,97
1989,KRYSTYNA,8,0,8
1989,KYLA,67,0,67
1989,KYLEE,14,0,14
1989,KYLIE,97,0,97
1989,LEILA,13,0,13
1989,LEIGH-ANN,6,0,6
1989,LEIGH,35,11,24
1989,LEENA,6,0,6
1989,LEEANNE,10,0,10
1989,LEEANN,7,0,7
1989,LEE-ANNE,7,0,7
1989,LEE-ANN,7,0,7
1989,LEE,78,58,20
1989,LEANNE,94,0,94
1989,LEANNA,63,0,63
1989,LEAH,184,0,184
1989,LEA,9,0,9
1989,KIRBY,17,11,6
1989,LAYLA,6,0,6
1989,LAUREN,598,0,598
1989,LAUREL,30,0,30
1989,LAURA,804,0,804
1989,LATOYA,12,0,12
1989,LATISHA,6,0,6
1989,LARISSA,53,0,53
1989,LARA,31,0,31
1989,LANA,11,0,11
1989,LACY,7,0,7
1989,LACIE,8,0,8
1989,LACEY,48,0,48
1989,KYRSTEN,6,0,6
1989,KYRA,12,0,12
1989,LAURIE,22,0,22
1989,LENA,16,0,16
1989,KIRAN,7,0,7
1989,KIMBERLY,227,0,227
1989,KAVITA,7,0,7
1989,KATY,14,0,14
1989,KATRYNA,8,0,8
1989,KATRINA,200,0,200
1989,KATLYN,34,0,34
1989,KATLIN,6,0,6
1989,KATIE-LYNN,6,0,6
1989,KATIE,209,0,209
1989,KATHY,23,0,23
1989,KATHRYN,208,0,208
1989,KATHLEEN,278,0,278
1989,KATHERINE,402,0,402
1989,KATHARINE,40,0,40
1989,KATHARINA,8,0,8
1989,KATERINA,20,0,20
1989,KATELYNN,49,0,49
1989,KATELYN,269,0,269
1989,KATELIN,24,0,24
1989,KATE,53,0,53
1989,KATARINA,17,0,17
1989,KASSANDRA,73,0,73
1989,KASEY,26,8,18
1989,KASANDRA,15,0,15
1989,KARYN,6,0,6
1989,KAROLINA,7,0,7
1989,KARLY,15,0,15
1989,KARLIE,7,0,7
1989,KAYLA,564,0,564
1989,KAYLEE,31,0,31
1989,KAYLEEN,6,0,6
1989,KAYLEIGH,31,0,31
1989,KIMBERLEY,85,0,85
1989,KIMBERLEE,12,0,12
1989,KIM,17,0,17
1989,KIERSTEN,12,0,12
1989,KIERA,14,0,14
1989,KHADIJA,6,0,6
1989,KESHIA,33,0,33
1989,KERRY,34,8,26
1989,KERRI,29,0,29
1989,KERI,12,0,12
1989,KENDRA,79,0,79
1989,KENDALL,26,0,26
1989,KENDAL,7,0,7
1989,KIRA,31,0,31
1989,KELSY,7,0,7
1989,KELSI,8,0,8
1989,KELSEY,266,5,261
1989,KELLY-ANN,6,0,6
1989,KELLY,346,27,319
1989,KELLIE,14,0,14
1989,KELLI,17,0,17
1989,KEISHA,27,0,27
1989,KEELY,7,0,7
1989,KAYTLIN,7,0,7
1989,KAYLYN,14,0,14
1989,KAYLIN,9,0,9
1989,KAYLIE,7,0,7
1989,KAYLEY,14,0,14
1989,KELSIE,19,0,19
1989,KARLEIGH,7,0,7
1989,LEONA,7,0,7
1989,LESLEY,35,0,35
1989,MAYA,23,0,23
1989,MAXINE,10,0,10
1989,MAUREEN,14,0,14
1989,MARYANN,7,0,7
1989,MARY-ANN,6,0,6
1989,MARY,193,0,193
1989,MARTINE,21,0,21
1989,MARTINA,13,0,13
1989,MARTHA,30,0,30
1989,MARTA,12,0,12
1989,MARLEY,9,0,9
1989,MARLENE,7,0,7
1989,MARLENA,7,0,7
1989,MARLEE,17,0,17
1989,MARLA,11,0,11
1989,MARKIE,8,0,8
1989,MARJORIE,7,0,7
1989,MARISSA,85,0,85
1989,MARISA,46,0,46
1989,MARION,11,0,11
1989,MARINA,30,0,30
1989,MARILYN,15,0,15
1989,MARIE-PIER,17,0,17
1989,MARIE-JOSEE,7,0,7
1989,MARIE-FRANCE,13,0,13
1989,MARIE-EVE,6,0,6
1989,MARIE-CLAUDE,7,0,7
1989,MEAGAN,137,0,137
1989,MEAGHAN,136,0,136
1989,MEGAN,578,0,578
1989,MEGHAN,203,0,203
1989,MONIKA,45,0,45
1989,MONICA,131,0,131
1989,MONA,9,0,9
1989,MOLLY,31,0,31
1989,MISTY,9,0,9
1989,MISHA,8,0,8
1989,MIRIAM,39,0,39
1989,MIREILLE,7,0,7
1989,MIRANDA,111,0,111
1989,MINDY,12,0,12
1989,MILA,8,0,8
1989,MIKAYLA,8,0,8
1989,MIKAELA,7,0,7
1989,MARIE-CLAIRE,7,0,7
1989,MICHELLE,848,0,848
1989,MICHAELA,28,0,28
1989,MICAELA,6,0,6
1989,MIA,15,0,15
1989,MEREDITH,35,0,35
1989,MERCEDES,23,0,23
1989,MELYSSA,9,0,9
1989,MELODY,23,0,23
1989,MELODIE,12,0,12
1989,MELLISSA,6,0,6
1989,MELISA,14,0,14
1989,MELINDA,49,0,49
1989,MELINA,8,0,8
1989,MELANIE,341,0,341
1989,MICHELE,57,8,49
1989,LEORA,8,0,8
1989,MARIE,408,0,408
1989,MARIANNA,13,0,13
1989,LOUISE,17,0,17
1989,LORRAINE,15,0,15
1989,LORNA,9,0,9
1989,LORI,27,0,27
1989,LORETTA,10,0,10
1989,LORENA,6,0,6
1989,LORA,8,0,8
1989,LOGAN,80,68,12
1989,LIZA,9,0,9
1989,LISE,11,0,11
1989,LISA-MARIE,11,0,11
1989,LISA,458,0,458
1989,LINDSEY,135,0,135
1989,LINDSAY,413,0,413
1989,LINDA,63,0,63
1989,LINA,16,0,16
1989,LILY,21,0,21
1989,LILLIAN,26,0,26
1989,LILIANA,7,0,7
1989,LIDIA,7,0,7
1989,LIANNE,19,0,19
1989,LIANNA,14,0,14
1989,LIANE,8,0,8
1989,LIANA,19,0,19
1989,LIAN,6,0,6
1989,LIA,13,0,13
1989,LESLIE,70,16,54
1989,LUCIA,9,0,9
1989,LUCY,15,0,15
1989,LUISA,6,0,6
1989,LYDIA,36,0,36
1989,MARIANA,9,0,9
1989,MARIAM,16,0,16
1989,MARIA,156,0,156
1989,MARGARET,82,0,82
1989,MARCIA,6,0,6
1989,MARCELLA,6,0,6
1989,MARA,12,0,12
1989,MANPREET,17,0,17
1989,MANDY,33,0,33
1989,MANDEEP,17,7,10
1989,MALLORY,49,0,49
1989,MAGGIE,26,0,26
1989,MAGDALENA,7,0,7
1989,MARIANNE,21,0,21
1989,MAEGAN,24,0,24
1989,MADELYN,6,0,6
1989,MADELINE,36,0,36
1989,MADELEINE,39,0,39
1989,MADELAINE,10,0,10
1989,MADDISON,6,0,6
1989,MACKENZIE,93,57,36
1989,LYNSEY,15,0,15
1989,LYNNE,6,0,6
1989,LYNN,16,0,16
1989,LYNETTE,7,0,7
1989,LYNDSEY,18,0,18
1989,LYNDSAY,36,0,36
1989,LYNDA,6,0,6
1989,MADISON,51,0,51
1989,ABBEY,11,0,11
1989,MELISSA,956,0,956
1989,AARON,522,522,0
1989,MARTIN,114,114,0
1989,MARTY,7,7,0
1989,MARVIN,14,14,0
1989,MASON,22,22,0
1989,MASSIMO,6,6,0
1989,MATHEW,249,249,0
1989,MATHIAS,5,5,0
1989,MATHIEU,116,116,0
1989,MATT,6,6,0
1989,MATTEO,8,8,0
1989,MARSHALL,24,24,0
1989,MATTHEW,2394,2394,0
1989,MATTHIEU,28,28,0
1989,MAURICE,11,11,0
1989,MAURICIO,6,6,0
1989,MAX,40,40,0
1989,MAXIM,10,10,0
1989,MAXIME,33,33,0
1989,MAXIMILIAN,17,17,0
1989,MAXWELL,43,43,0
1989,MICAH,9,9,0
1989,MICHAEL,2731,2731,0
1989,MATTHIAS,5,5,0
1989,MICHAL,5,5,0
1989,MARLON,23,23,0
1989,MARKO,16,16,0
1989,LUIGI,14,14,0
1989,LUIS,24,24,0
1989,LUKAS,32,32,0
1989,LUKE,151,151,0
1989,LYLE,8,8,0
1989,MAHMOUD,5,5,0
1989,MALCOLM,34,34,0
1989,MANUEL,14,14,0
1989,MANVEER,6,6,0
1989,MANVIR,8,8,0
1989,MARKUS,12,12,0
1989,MARC,162,162,0
1989,MARC-ANTHONY,5,5,0
1989,MARC-ANTOINE,5,5,0
1989,MARCEL,26,26,0
1989,MARCELLO,8,8,0
1989,MARCO,84,84,0
1989,MARC-OLIVIER,6,6,0
1989,MARCUS,63,63,0
1989,MAREK,7,7,0
1989,MARIO,46,46,0
1989,MARK,618,618,0
1989,MARC-ANDRE,20,20,0
1989,MICHEAL,170,170,0
1989,MICHEL,55,55,0
1989,MIGUEL,31,31,0
1989,NEVILLE,7,7,0
1989,NIALL,5,5,0
1989,NICHOLAS,1106,1106,0
1989,NICK,6,6,0
1989,NICKOLAS,25,25,0
1989,NICOLAAS,6,6,0
1989,NICOLAS,99,99,0
1989,NIGEL,49,49,0
1989,NIKOLA,7,7,0
1989,NIKOLAS,28,28,0
1989,NELSON,34,34,0
1989,NIKOLAUS,7,7,0
1989,NOLAN,25,25,0
1989,NORMAN,20,20,0
1989,NUNO,7,7,0
1989,OLIVER,29,29,0
1989,OLIVIER,13,13,0
1989,OMAR,30,30,0
1989,OREN,6,6,0
1989,OSCAR,16,16,0
1989,OTTO,6,6,0
1989,OWEN,45,45,0
1989,NOAH,28,28,0
1989,NEIL,112,112,0
1989,NEAL,13,13,0
1989,NATHANIEL,111,111,0
1989,MIKE,18,18,0
1989,MIKHAIL,6,6,0
1989,MILAN,6,6,0
1989,MILES,22,22,0
1989,MILTON,5,5,0
1989,MITCHEL,28,28,0
1989,MITCHELL,286,286,0
1989,MOHAMAD,13,13,0
1989,MOHAMED,29,29,0
1989,MOHAMMAD,12,12,0
1989,MOHAMMED,26,26,0
1989,MOSES,6,6,0
1989,MOSHE,6,6,0
1989,MUHAMMAD,8,8,0
1989,MURRAY,14,14,0
1989,MUSTAFA,8,8,0
1989,MYLES,47,47,0
1989,NABEEL,6,6,0
1989,NADER,6,6,0
1989,NASH,6,6,0
1989,NATHAN,438,438,0
1989,NATHANAEL,17,17,0
1989,NATHANIAL,5,5,0
1989,LUCIEN,5,5,0
1989,LUCAS,191,191,0
1989,LUCA,17,17,0
1989,LUC,32,32,0
1989,JULES,8,8,0
1989,JULIAN,126,126,0
1989,JULIEN,39,39,0
1989,JULIO,6,6,0
1989,JULIUS,7,7,0
1989,JUNIOR,7,7,0
1989,JUSTIN,1232,1232,0
1989,KA,8,8,0
1989,KADEEM,10,10,0
1989,KAI,7,7,0
1989,JUAN,11,11,0
1989,KAIN,5,5,0
1989,KALEB,12,12,0
1989,KALVIN,14,14,0
1989,KAMERON,5,5,0
1989,KAMIL,6,6,0
1989,KANE,9,9,0
1989,KAREEM,13,13,0
1989,KARIM,15,15,0
1989,KARL,46,46,0
1989,KEATON,6,6,0
1989,KEEGAN,37,37,0
1989,KALE,10,10,0
1989,JOSUE,7,7,0
1989,JOSIAH,17,17,0
1989,JOSHUA,1349,1349,0
1989,JOËL,6,6,0
1989,JOEY,48,48,0
1989,JOHAN,9,9,0
1989,JOHANNES,5,5,0
1989,JOHN,771,771,0
1989,JOHNATHAN,100,100,0
1989,JOHNATHON,46,46,0
1989,JOHNNY,27,27,0
1989,JOHNSON,7,7,0
1989,JON,12,12,0
1989,JONAH,24,24,0
1989,JONAS,9,9,0
1989,JONATHAN,831,831,0
1989,JONATHON,113,113,0
1989,JORDEN,11,11,0
1989,JORDON,33,33,0
1989,JORGE,14,14,0
1989,JORY,8,8,0
1989,JOSE,26,26,0
1989,JOSEF,5,5,0
1989,JOSEPH,932,932,0
1989,JOSH,11,11,0
1989,JOSHAWA,7,7,0
1989,KEELAN,7,7,0
1989,PABLO,6,6,0
1989,KEENAN,13,13,0
1989,KEITH,110,110,0
1989,LAMAR,11,11,0
1989,LANCE,41,41,0
1989,LANDON,12,12,0
1989,LARRY,16,16,0
1989,LAURENT,5,5,0
1989,LAWRENCE,37,37,0
1989,LEO,14,14,0
1989,LEON,12,12,0
1989,LEONARD,26,26,0
1989,LEONARDO,5,5,0
1989,KYLE,1482,1482,0
1989,LEROY,8,8,0
1989,LEVI,20,20,0
1989,LEWIS,11,11,0
1989,LIAM,75,75,0
1989,LIBAN,6,6,0
1989,LINCOLN,5,5,0
1989,LLOYD,10,10,0
1989,LORENZO,9,9,0
1989,LORNE,23,23,0
1989,LOUIE,6,6,0
1989,LOUIS,36,36,0
1989,LESTER,7,7,0
1989,KURTIS,74,74,0
1989,KURT,29,29,0
1989,KRISTOPHER,88,88,0
1989,KELLEN,12,12,0
1989,KELVIN,32,32,0
1989,KEN,17,17,0
1989,KENNETH,220,220,0
1989,KENNY,15,15,0
1989,KENT,17,17,0
1989,KENTON,5,5,0
1989,KEVAN,9,9,0
1989,KEVEN,8,8,0
1989,KEVIN,852,852,0
1989,KHALID,6,6,0
1989,KIEFER,10,10,0
1989,KIEL,8,8,0
1989,KIERAN,17,17,0
1989,KIRK,45,45,0
1989,KODI,6,6,0
1989,KODIE,5,5,0
1989,KODY,17,17,0
1989,KONRAD,6,6,0
1989,KOREY,23,23,0
1989,KORY,34,34,0
1989,KRISTOFER,17,17,0
1989,KRISTOFFER,5,5,0
1989,KEIFER,5,5,0
1989,PAOLO,15,15,0
1989,PARAS,5,5,0
1989,PARKER,7,7,0
1989,TALON,7,7,0
1989,TANNER,39,39,0
1989,TARAS,6,6,0
1989,TARIQ,7,7,0
1989,TAVIS,6,6,0
1989,TAYLER,11,11,0
1989,TED,7,7,0
1989,TERENCE,19,19,0
1989,TERRANCE,19,19,0
1989,TERRENCE,17,17,0
1989,SYLVAIN,22,22,0
1989,TERRY,44,44,0
1989,THEODORE,34,34,0
1989,THIERRY,5,5,0
1989,THOMAS,692,692,0
1989,TIAGO,9,9,0
1989,TIM,5,5,0
1989,TIMOTHY,380,380,0
1989,TITUS,5,5,0
1989,TOBIAS,7,7,0
1989,TODD,73,73,0
1989,TOM,11,11,0
1989,THANH,5,5,0
1989,SYED,7,7,0
1989,SUNNY,8,8,0
1989,SUNIL,7,7,0
1989,SHAYAN,5,5,0
1989,SHAYNE,50,50,0
1989,SHEA,5,5,0
1989,SHELDON,46,46,0
1989,SHMUEL,6,6,0
1989,SIDNEY,11,11,0
1989,SIMON,139,139,0
1989,SKYLAR,11,11,0
1989,SKYLER,11,11,0
1989,SOLOMON,7,7,0
1989,SPENSER,8,8,0
1989,STANLEY,31,31,0
1989,STEFAN,73,73,0
1989,STEFANO,20,20,0
1989,STEPHAN,56,56,0
1989,STEPHANE,49,49,0
1989,STÉPHANE,5,5,0
1989,STEPHEN,611,611,0
1989,STEVE,35,35,0
1989,STEVEN,801,801,0
1989,STEWART,33,33,0
1989,STUART,66,66,0
1989,SUNDEEP,5,5,0
1989,TOMAS,12,12,0
1989,SHAWN,368,368,0
1989,TOMASZ,8,8,0
1989,TOMMY,10,10,0
1989,WAYNE,45,45,0
1989,WESLEY,125,125,0
1989,WESTON,6,6,0
1989,WILFRED,5,5,0
1989,WILLEM,7,7,0
1989,WILLIAM,710,710,0
1989,WILSON,20,20,0
1989,WINSTON,17,17,0
1989,WYATT,15,15,0
1989,XAVIER,8,8,0
1989,WARREN,34,34,0
1989,YANNICK,10,10,0
1989,YURI,8,8,0
1989,YUSUF,5,5,0
1989,YVES,11,11,0
1989,ZACHARIAH,19,19,0
1989,ZACHARIE,10,10,0
1989,ZACHARY,405,405,0
1989,ZACHERY,10,10,0
1989,ZACKARY,17,17,0
1989,ZACKERY,5,5,0
1989,ZAKARY,6,6,0
1989,YEHUDA,7,7,0
1989,WALTER,22,22,0
1989,WAI,7,7,0
1989,WADE,38,38,0
1989,TONY,54,54,0
1989,TORY,8,8,0
1989,TRAVIS,353,353,0
1989,TRENT,21,21,0
1989,TREVOR,314,314,0
1989,TRISTAN,74,74,0
1989,TROY,97,97,0
1989,TYLER,848,848,0
1989,TYLOR,20,20,0
1989,TYRELL,6,6,0
1989,TYRONE,20,20,0
1989,TYSON,52,52,0
1989,USMAN,5,5,0
1989,VAN,7,7,0
1989,VARUN,5,5,0
1989,VICTOR,84,84,0
1989,VINCE,5,5,0
1989,VINCENZO,21,21,0
1989,VISHAL,7,7,0
1989,VITO,8,8,0
1989,VITTORIO,7,7,0
1989,VIVEK,6,6,0
1989,VLADIMIR,7,7,0
1989,TOMISLAV,6,6,0
1989,JOEL,233,233,0
1989,SHAUN,72,72,0
1989,SHAMUS,5,5,0
1989,RAJIV,5,5,0
1989,RAMI,8,8,0
1989,RANDAL,6,6,0
1989,RANDALL,25,25,0
1989,RANDOLPH,8,8,0
1989,RANDY,108,108,0
1989,RAPHAEL,15,15,0
1989,RAVI,5,5,0
1989,RAYMOND,117,117,0
1989,REECE,5,5,0
1989,RAJ,5,5,0
1989,REED,7,7,0
1989,REID,18,18,0
1989,REMI,6,6,0
1989,REMY,7,7,0
1989,RENE,17,17,0
1989,REUBEN,11,11,0
1989,RHYS,11,11,0
1989,RICARDO,21,21,0
1989,RICHARD,474,474,0
1989,RICK,10,10,0
1989,RICKY,30,30,0
1989,REGINALD,14,14,0
1989,RAHUL,15,15,0
1989,RAHMAN,5,5,0
1989,RAHIM,6,6,0
1989,PASCAL,17,17,0
1989,PASQUALE,12,12,0
1989,PATRICK,562,562,0
1989,PATRYK,5,5,0
1989,PAUL,496,496,0
1989,PAULO,11,11,0
1989,PEDRO,7,7,0
1989,PERRY,14,14,0
1989,PETER,387,387,0
1989,PHILIP,223,223,0
1989,PHILIPPE,51,51,0
1989,PHILLIP,113,113,0
1989,PIERRE,27,27,0
1989,PIERRE-LUC,6,6,0
1989,PIETRO,9,9,0
1989,PIOTR,5,5,0
1989,PRESTON,11,11,0
1989,PRINCE,5,5,0
1989,QUENTIN,6,6,0
1989,QUINCY,8,8,0
1989,QUINTON,13,13,0
1989,RAFAEL,8,8,0
1989,RAFFAELE,9,9,0
1989,RISHI,9,9,0
1989,SHANE,322,322,0
1989,ROBBIE,8,8,0
1989,ROBERTO,27,27,0
1989,RYNE,7,7,0
1989,SAGAR,6,6,0
1989,SALIM,5,5,0
1989,SALVATORE,28,28,0
1989,SAM,19,19,0
1989,SAMEER,9,9,0
1989,SAMER,6,6,0
1989,SAMI,6,6,0
1989,SAMIR,12,12,0
1989,SAMMY,6,6,0
1989,RYLEY,11,11,0
1989,SAMSON,6,6,0
1989,SCOTT,662,662,0
1989,SCOTTY,7,7,0
1989,SEAMUS,6,6,0
1989,SEAN,517,517,0
1989,SEBASTIAN,51,51,0
1989,SEBASTIEN,33,33,0
1989,SÉBASTIEN,8,8,0
1989,SERGE,11,11,0
1989,SERGIO,15,15,0
1989,SETH,29,29,0
1989,SAMUEL,265,265,0
1989,RYLAN,5,5,0
1989,RYAN,1349,1349,0
1989,RUSTY,5,5,0
1989,ROCCO,5,5,0
1989,ROCH,6,6,0
1989,ROCK,5,5,0
1989,ROCKY,5,5,0
1989,RODERICK,14,14,0
1989,RODNEY,21,21,0
1989,RODRIGO,6,6,0
1989,ROGER,23,23,0
1989,ROHAN,9,9,0
1989,ROHIT,13,13,0
1989,ROLAND,10,10,0
1989,ROMAN,17,17,0
1989,RON,7,7,0
1989,RONALD,102,102,0
1989,RONNIE,8,8,0
1989,RORY,29,29,0
1989,ROSHAN,6,6,0
1989,ROSS,37,37,0
1989,ROY,18,18,0
1989,RUBEN,10,10,0
1989,RUDY,8,8,0
1989,RUI,5,5,0
1989,RUSSELL,73,73,0
1989,ROBERT,1033,1033,0
1989,JOE,8,8,0
1989,JIMMY,28,28,0
1989,JIM,6,6,0
1989,CALE,9,9,0
1989,CALEB,56,56,0
1989,CALLUM,8,8,0
1989,CALUM,6,6,0
1989,CALVIN,82,82,0
1989,CAMERON,305,305,0
1989,CAREY,5,5,0
1989,CARL,51,51,0
1989,CARLO,10,10,0
1989,CARLOS,36,36,0
1989,BYRON,33,33,0
1989,CARMINE,11,11,0
1989,CARTER,6,6,0
1989,CATLIN,8,8,0
1989,CECIL,5,5,0
1989,CHAD,167,167,0
1989,CHADD,5,5,0
1989,CHADWICK,13,13,0
1989,CHAIM,5,5,0
1989,CHANCE,9,9,0
1989,CHARLES,183,183,0
1989,CHARLIE,8,8,0
1989,CARSON,28,28,0
1989,BRYSON,9,9,0
1989,BRYCE,43,43,0
1989,BRYANT,10,10,0
1989,BRANDON,733,733,0
1989,BRANDYN,12,12,0
1989,BRAYDEN,17,17,0
1989,BRAYDON,7,7,0
1989,BRENDAN,234,234,0
1989,BRENDEN,20,20,0
1989,BRENDON,37,37,0
1989,BRENNAN,35,35,0
1989,BRENNEN,9,9,0
1989,BRENT,195,195,0
1989,BRENTON,7,7,0
1989,BRET,6,6,0
1989,BRETT,169,169,0
1989,BRIAN,474,474,0
1989,BRIEN,5,5,0
1989,BROCK,70,70,0
1989,BRODIE,26,26,0
1989,BRODY,19,19,0
1989,BRONSON,6,6,0
1989,BROOK,8,8,0
1989,BRUCE,48,48,0
1989,BRUNO,18,18,0
1989,BRYAN,254,254,0
1989,CHASE,40,40,0
1989,BRANDEN,32,32,0
1989,CHESTER,5,5,0
1989,CHRIS,24,24,0
1989,COOPER,5,5,0
1989,CORBIN,17,17,0
1989,CORNELIUS,9,9,0
1989,CORRADO,6,6,0
1989,CORY,232,232,0
1989,CRAIG,189,189,0
1989,CRISTOPHER,5,5,0
1989,CURTIS,198,198,0
1989,CYRIL,7,7,0
1989,DALE,45,45,0
1989,CONSTANTINE,10,10,0
1989,DALLAS,10,10,0
1989,DAMIAN,31,31,0
1989,DAMIEN,20,20,0
1989,DAMON,7,7,0
1989,DAN,9,9,0
1989,DANE,30,30,0
1989,DANIAL,7,7,0
1989,DANIEL,1571,1571,0
1989,DANIELE,17,17,0
1989,DANNY,65,65,0
1989,DANY,7,7,0
1989,DALTON,12,12,0
1989,CONRAD,17,17,0
1989,CONOR,33,33,0
1989,CONNOR,73,73,0
1989,CHRISTIAN,146,146,0
1989,CHRISTOPHER,2025,2025,0
1989,CHRISTOS,8,8,0
1989,CHUN,5,5,0
1989,CLARK,18,18,0
1989,CLARKE,5,5,0
1989,CLAUDE,6,6,0
1989,CLAUDIO,10,10,0
1989,CLAYTON,65,65,0
1989,CLEMENT,9,9,0
1989,CLIFFORD,20,20,0
1989,CLINT,6,6,0
1989,CLINTON,22,22,0
1989,CLIVE,5,5,0
1989,CODIE,6,6,0
1989,CODY,327,327,0
1989,COLBY,12,12,0
1989,COLE,35,35,0
1989,COLEMAN,5,5,0
1989,COLIN,297,297,0
1989,COLLIN,40,40,0
1989,COLTEN,5,5,0
1989,COLTON,45,45,0
1989,CHI,5,5,0
1989,D'ARCY,6,6,0
1989,BRANDAN,11,11,0
1989,BRADY,32,32,0
1989,ALEXANDRE,78,78,0
1989,ALFONSO,7,7,0
1989,ALFRED,13,13,0
1989,ALFREDO,5,5,0
1989,ALI,21,21,0
1989,ALIM,9,9,0
1989,ALISTAIR,7,7,0
1989,ALLAN,91,91,0
1989,ALLEN,46,46,0
1989,ALLISTER,6,6,0
1989,ALEXANDER,948,948,0
1989,ALVIN,26,26,0
1989,AMIR,11,11,0
1989,AMIT,22,22,0
1989,AMRIT,5,5,0
1989,ANAND,10,10,0
1989,ANASTASIOS,5,5,0
1989,ANDERS,5,5,0
1989,ANDRE,114,114,0
1989,ANDRÉ,15,15,0
1989,ANDREAS,14,14,0
1989,ANDRES,6,6,0
1989,AMAN,8,8,0
1989,ALESSANDRO,31,31,0
1989,ALEKSANDER,6,6,0
1989,ALEJANDRO,6,6,0
1989,ABDUL,8,8,0
1989,ABDULLAH,9,9,0
1989,ABRAHAM,21,21,0
1989,ABRAM,5,5,0
1989,ADAM,1132,1132,0
1989,ADAMO,6,6,0
1989,ADDISON,10,10,0
1989,ADEN,5,5,0
1989,ADIL,8,8,0
1989,ADRIAN,164,164,0
1989,ADRIANO,12,12,0
1989,ADRIEN,9,9,0
1989,AHMAD,16,16,0
1989,AHMED,24,24,0
1989,AIDAN,23,23,0
1989,AJAY,9,9,0
1989,AKEEM,7,7,0
1989,ALAIN,41,41,0
1989,ALAN,86,86,0
1989,ALBERT,35,35,0
1989,ALBERTO,9,9,0
1989,ALEC,15,15,0
1989,ALEEM,6,6,0
1989,ANDREW,1873,1873,0
1989,BRAEDEN,15,15,0
1989,ANDY,35,35,0
1989,ANGUS,15,15,0
1989,BARRY,12,12,0
1989,BASIL,9,9,0
1989,BEAU,9,9,0
1989,BEN,16,16,0
1989,BENJAMIN,608,608,0
1989,BENNETT,9,9,0
1989,BENOIT,14,14,0
1989,BENSON,7,7,0
1989,BERNARD,26,26,0
1989,BILAL,8,8,0
1989,BARRETT,5,5,0
1989,BILL,6,6,0
1989,BLAIN,5,5,0
1989,BLAINE,10,10,0
1989,BLAKE,100,100,0
1989,BLAYNE,10,10,0
1989,BOBBY,16,16,0
1989,BORIS,5,5,0
1989,BRAD,13,13,0
1989,BRADEN,30,30,0
1989,BRADLEY,528,528,0
1989,BRADLY,13,13,0
1989,BILLY,6,6,0
1989,BALRAJ,5,5,0
1989,BABY,5,5,0
1989,AVRAHAM,7,7,0
1989,ANIL,5,5,0
1989,ANSON,7,7,0
1989,ANTHONY,506,506,0
1989,ANTOINE,12,12,0
1989,ANTON,15,15,0
1989,ANTONINO,8,8,0
1989,ANTONIO,40,40,0
1989,ANTONY,8,8,0
1989,AREN,6,6,0
1989,ARI,9,9,0
1989,ARIC,6,6,0
1989,ARJUN,6,6,0
1989,ARMAND,6,6,0
1989,ARNOLD,6,6,0
1989,ARON,13,13,0
1989,ARRON,7,7,0
1989,ARTHUR,50,50,0
1989,ARUN,11,11,0
1989,ASHER,5,5,0
1989,ASIF,6,6,0
1989,AUBREY,5,5,0
1989,AUSTIN,58,58,0
1989,AVINASH,6,6,0
1989,ANGELO,15,15,0
1989,ZANE,7,7,0
1989,DAREN,6,6,0
1989,DARIO,6,6,0
1989,GRAHAM,111,111,0
1989,GRANT,63,63,0
1989,GRAYDON,7,7,0
1989,GRAYSON,5,5,0
1989,GREGGORY,5,5,0
1989,GREGORY,386,386,0
1989,GRIFFIN,6,6,0
1989,GUILLAUME,16,16,0
1989,GURINDER,8,8,0
1989,GUY,16,16,0
1989,GRAEME,69,69,0
1989,HARLEY,17,17,0
1989,HAROLD,5,5,0
1989,HARRIS,8,8,0
1989,HARRISON,39,39,0
1989,HARRY,15,15,0
1989,HASSAN,12,12,0
1989,HAYDEN,10,10,0
1989,HECTOR,8,8,0
1989,HENRY,36,36,0
1989,HERMAN,12,12,0
1989,HOLDEN,7,7,0
1989,HARMAN,6,6,0
1989,GORDON,76,76,0
1989,GLENN,32,32,0
1989,GLENDON,5,5,0
1989,GARRETT,56,56,0
1989,GARRICK,6,6,0
1989,GARRY,10,10,0
1989,GARTH,10,10,0
1989,GARY,82,82,0
1989,GAVIN,43,43,0
1989,GEOFFREY,109,109,0
1989,GEORGE,118,118,0
1989,GERALD,40,40,0
1989,GERARD,8,8,0
1989,GHISLAIN,6,6,0
1989,GIANCARLO,21,21,0
1989,GIANFRANCO,5,5,0
1989,GIANLUCA,5,5,0
1989,GIANNI,6,6,0
1989,GIDEON,7,7,0
1989,GILBERT,8,8,0
1989,GINO,5,5,0
1989,GIORGIO,7,7,0
1989,GIOVANNI,20,20,0
1989,GIULIANO,7,7,0
1989,GIUSEPPE,34,34,0
1989,GLEN,17,17,0
1989,HOWARD,14,14,0
1989,GARRET,7,7,0
1989,HUGH,15,15,0
1989,HUNTER,14,14,0
1989,JARRETT,15,15,0
1989,JARROD,11,11,0
1989,JASDEEP,8,8,0
1989,JASMEET,6,6,0
1989,JASON,711,711,0
1989,JAY,32,32,0
1989,JAYSON,12,12,0
1989,JEAN-FRANCOIS,16,16,0
1989,JEAN-LUC,11,11,0
1989,JEAN-MICHEL,5,5,0
1989,JARRED,7,7,0
1989,JEAN-PHILIPPE,10,10,0
1989,JEFF,13,13,0
1989,JEFFERY,93,93,0
1989,JEFFREY,606,606,0
1989,JEREMIAH,32,32,0
1989,JEREMIE,13,13,0
1989,JEREMY,350,350,0
1989,JERMAINE,29,29,0
1989,JEROME,37,37,0
1989,JERRY,14,14,0
1989,JESSY,19,19,0
1989,JEAN-PIERRE,5,5,0
1989,JARED,119,119,0
1989,JAN,18,18,0
1989,JAMIL,5,5,0
1989,HUSSEIN,13,13,0
1989,IAIN,18,18,0
1989,IAN,306,306,0
1989,IBRAHIM,9,9,0
1989,IMRAN,16,16,0
1989,IRFAN,6,6,0
1989,ISAAC,55,55,0
1989,ISAIAH,12,12,0
1989,ISRAEL,5,5,0
1989,IVAN,35,35,0
1989,J,5,5,0
1989,JACE,6,6,0
1989,JACK,38,38,0
1989,JACKSON,13,13,0
1989,JACOB,367,367,0
1989,JACQUES,14,14,0
1989,JADEN,5,5,0
1989,JAKE,111,111,0
1989,JAKOB,6,6,0
1989,JAMAL,35,35,0
1989,JAMAR,6,6,0
1989,JAMES,1141,1141,0
1989,JAMESON,6,6,0
1989,HUGO,9,9,0
1989,DARIN,5,5,0
1989,GARNET,6,6,0
1989,GARETH,19,19,0
1989,DINO,5,5,0
1989,DOMENIC,21,21,0
1989,DOMENICO,18,18,0
1989,DOMINIC,31,31,0
1989,DON,7,7,0
1989,DONALD,111,111,0
1989,DONAVAN,6,6,0
1989,DONOVAN,14,14,0
1989,DORIAN,10,10,0
1989,DOUGLAS,119,119,0
1989,DIMITRIOS,7,7,0
1989,DREW,81,81,0
1989,DUSTIN,228,228,0
1989,DUSTYN,6,6,0
1989,DWAYNE,26,26,0
1989,DWIGHT,12,12,0
1989,DYLAN,217,217,0
1989,EARL,5,5,0
1989,EDDIE,5,5,0
1989,EDGAR,6,6,0
1989,EDMUND,11,11,0
1989,EDUARDO,6,6,0
1989,DUNCAN,38,38,0
1989,DIMITRI,5,5,0
1989,DILLON,30,30,0
1989,DIEGO,15,15,0
1989,DARIUS,5,5,0
1989,DARNELL,8,8,0
1989,DARRELL,10,10,0
1989,DARREN,135,135,0
1989,DARRIN,17,17,0
1989,DARRYL,56,56,0
1989,DARWIN,7,7,0
1989,DARYL,40,40,0
1989,DAVE,8,8,0
1989,DAVID,1466,1466,0
1989,DAVIDE,8,8,0
1989,DAVIS,6,6,0
1989,DAWSON,8,8,0
1989,DEAN,78,78,0
1989,DENIS,33,33,0
1989,DENNIS,76,76,0
1989,DENVER,7,7,0
1989,DEREK,404,404,0
1989,DERICK,13,13,0
1989,DERRICK,49,49,0
1989,DESMOND,9,9,0
1989,DEVAN,13,13,0
1989,DEXTER,14,14,0
1989,EDWARD,156,156,0
1989,GARETT,8,8,0
1989,EDWIN,19,19,0
1989,ELI,11,11,0
1989,FELIX,10,10,0
1989,FERNANDO,18,18,0
1989,FILIP,6,6,0
1989,FILIPE,12,12,0
1989,FLETCHER,5,5,0
1989,FRANCESCO,39,39,0
1989,FRANCIS,48,48,0
1989,FRANCO,8,8,0
1989,FRANCOIS,14,14,0
1989,FRANK,73,73,0
1989,FARAZ,7,7,0
1989,FRANKIE,6,6,0
1989,FRASER,36,36,0
1989,FRAZER,5,5,0
1989,FRED,6,6,0
1989,FREDERIC,5,5,0
1989,FREDERICK,33,33,0
1989,FREDRICK,5,5,0
1989,GABRIEL,73,73,0
1989,GAETANO,6,6,0
1989,GAGANDEEP,7,7,0
1989,GAGE,5,5,0
1989,FRANKLIN,9,9,0
1989,FAISAL,5,5,0
1989,FABIO,15,15,0
1989,FABIAN,5,5,0
1989,ELIAS,21,21,0
1989,ELIE,5,5,0
1989,ELIJAH,14,14,0
1989,ELLIOT,23,23,0
1989,ELLIOTT,26,26,0
1989,ELVIS,5,5,0
1989,EMANUEL,5,5,0
1989,EMERSON,10,10,0
1989,EMMANUEL,20,20,0
1989,EMMETT,5,5,0
1989,ENOCH,6,6,0
1989,ENRICO,5,5,0
1989,ERICH,14,14,0
1989,ERICK,11,11,0
1989,ERIK,99,99,0
1989,ERNEST,18,18,0
1989,ERROL,6,6,0
1989,ERWIN,7,7,0
1989,ETHAN,63,63,0
1989,ETIENNE,7,7,0
1989,EUGENE,13,13,0
1989,EVAN,280,280,0
1989,EVERETT,7,7,0
1989,EITAN,6,6,0
1989,ZOLTAN,5,5,0
1989,VINCENT,143,143,0
1990,CHARITY,6,0,6
1990,PHUONG,8,0,8
1990,PHYLLIS,7,0,7
1990,POOJA,8,0,8
1990,PORTIA,7,0,7
1990,PRISCILLA,22,0,22
1990,PRIYA,14,0,14
1990,PRIYANKA,6,0,6
1990,QUINN,24,18,6
1990,RACHAEL,83,0,83
1990,RACHEAL,6,0,6
1990,RACHEL,550,0,550
1990,RACHELLE,57,0,57
1990,PHOEBE,13,0,13
1990,RACQUEL,6,0,6
1990,RANA,6,0,6
1990,RANDI,21,0,21
1990,RANIA,6,0,6
1990,RAQUEL,29,0,29
1990,RAVEN,20,0,20
1990,RAVNEET,7,0,7
1990,REBECCA,808,0,808
1990,REBEKAH,54,0,54
1990,REEMA,7,0,7
1990,REGAN,9,0,9
1990,RENA,7,0,7
1990,RENATA,6,0,6
1990,RAMANDEEP,10,0,10
1990,PETRA,6,0,6
1990,PEGGY,7,0,7
1990,PAULINE,30,0,30
1990,NEHA,10,0,10
1990,NGOC,7,0,7
1990,NICHOLE,29,0,29
1990,NICOLA,31,14,17
1990,NICOLE,1028,0,1028
1990,NICOLETTE,19,0,19
1990,NICOLLE,9,0,9
1990,NIKITA,19,0,19
1990,NIKKI,40,0,40
1990,NIKOLE,7,0,7
1990,NINA,30,0,30
1990,NISHA,14,0,14
1990,NOELLE,19,0,19
1990,NORA,18,0,18
1990,NORAH,6,0,6
1990,NORMA,7,0,7
1990,OKSANA,9,0,9
1990,OLGA,6,0,6
1990,OLIVIA,243,0,243
1990,PAIGE,135,0,135
1990,PAMELA,61,0,61
1990,PAOLA,6,0,6
1990,PASCALE,9,0,9
1990,PATRICE,8,0,8
1990,PATRICIA,141,0,141
1990,PAULA,74,0,74
1990,PAULINA,23,0,23
1990,RENE,21,14,7
1990,RENEE,84,0,84
1990,RENÉE,15,0,15
1990,RHEA,11,0,11
1990,SAIRA,6,0,6
1990,SALLY,17,0,17
1990,SALMA,8,0,8
1990,SAMANTA,7,0,7
1990,SAMANTHA,1475,0,1475
1990,SAMARA,13,0,13
1990,SAMIRA,6,0,6
1990,SAMMANTHA,6,0,6
1990,SANA,7,0,7
1990,SANDRA,112,0,112
1990,SANDY,19,0,19
1990,SARA,391,0,391
1990,SARAH,1569,0,1569
1990,SARAH-ANNE,7,0,7
1990,SARI,7,0,7
1990,SARINA,11,0,11
1990,SARITA,6,0,6
1990,SASHA,77,9,68
1990,SAVANNAH,15,0,15
1990,SEANA,7,0,7
1990,SELENA,14,0,14
1990,SELINA,16,0,16
1990,SERENA,25,0,25
1990,SHAINA,14,0,14
1990,SHANA,9,0,9
1990,SHANICE,6,0,6
1990,SHANIKA,6,0,6
1990,SAHAR,9,0,9
1990,NAVNEET,10,0,10
1990,SADIE,17,0,17
1990,SABRINA,187,0,187
1990,RHIANNA,7,0,7
1990,RHIANNON,15,0,15
1990,RHONDA,7,0,7
1990,RIA,8,0,8
1990,RICHELLE,12,0,12
1990,RIKKI,8,0,8
1990,RILEY,73,53,20
1990,RITA,21,0,21
1990,ROBERTA,11,0,11
1990,ROBIN,104,32,72
1990,ROBYN,120,0,120
1990,ROCHELLE,27,0,27
1990,ROMINA,6,0,6
1990,ROSA,9,0,9
1990,ROSALIE,8,0,8
1990,ROSALIND,10,0,10
1990,ROSANNA,8,0,8
1990,ROSE,19,0,19
1990,ROSEMARIE,11,0,11
1990,ROSEMARY,14,0,14
1990,ROSHNI,6,0,6
1990,ROXANNE,47,0,47
1990,RUBY,18,0,18
1990,RUPINDER,6,0,6
1990,RUTH,20,0,20
1990,RYAN,1456,1449,7
1990,SABINA,6,0,6
1990,SACHA,10,0,10
1990,SHANNA,15,0,15
1990,NATHALIE,28,0,28
1990,NATALIE,344,0,344
1990,MARIAM,27,0,27
1990,MARIAN,8,0,8
1990,MARIANA,8,0,8
1990,MARIANNA,8,0,8
1990,MARIANNE,26,0,26
1990,MARIE,474,0,474
1990,MARIE-CLAIRE,6,0,6
1990,MARIE-CLAUDE,7,0,7
1990,MARIE-EVE,6,0,6
1990,MARIE-JOSEE,8,0,8
1990,MARIE-PIER,11,0,11
1990,MARIKA,9,0,9
1990,MARIAH,12,0,12
1990,MARILYN,25,0,25
1990,MARION,11,0,11
1990,MARISA,41,0,41
1990,MARISSA,77,0,77
1990,MARJORIE,10,0,10
1990,MARLA,10,0,10
1990,MARLEE,21,0,21
1990,MARLENA,6,0,6
1990,MARLENE,18,0,18
1990,MARLEY,9,0,9
1990,MARNIE,6,0,6
1990,MARSHA,6,0,6
1990,MARTA,15,0,15
1990,MARINA,49,0,49
1990,MARIA,157,0,157
1990,MARGUERITE,8,0,8
1990,MARGOT,9,0,9
1990,LYNDSEY,25,0,25
1990,LYNN,18,0,18
1990,LYNNE,11,0,11
1990,LYNSEY,18,0,18
1990,MACKENZIE,133,79,54
1990,MADDISON,7,0,7
1990,MADELAINE,20,0,20
1990,MADELEINE,38,0,38
1990,MADELINE,62,0,62
1990,MADISON,70,5,65
1990,MAEGAN,15,0,15
1990,MAGGIE,25,0,25
1990,MAIA,8,0,8
1990,MALISSA,6,0,6
1990,MALLORY,49,0,49
1990,MANDI,9,0,9
1990,MANDY,32,0,32
1990,MANON,9,0,9
1990,MANPREET,15,7,8
1990,MARA,9,0,9
1990,MARANDA,6,0,6
1990,MARCELLA,7,0,7
1990,MARCIA,15,0,15
1990,MARCIE,9,0,9
1990,MARCY,6,0,6
1990,MARGARET,82,0,82
1990,MARGARITA,7,0,7
1990,MARTHA,36,0,36
1990,MARTINA,20,0,20
1990,MARTINE,17,0,17
1990,MARY,210,0,210
1990,MINDY,10,0,10
1990,MIRA,7,0,7
1990,MIRANDA,110,0,110
1990,MIREILLE,8,0,8
1990,MIRIAM,31,0,31
1990,MISHA,7,0,7
1990,MISTY,8,0,8
1990,MOIRA,6,0,6
1990,MOLLY,36,0,36
1990,MONA,9,0,9
1990,MONICA,124,0,124
1990,MONIKA,69,0,69
1990,MONIQUE,57,0,57
1990,MONTANA,11,0,11
1990,MORGAN,179,46,133
1990,MY,8,0,8
1990,MYRA,6,0,6
1990,MYRIAM,6,0,6
1990,MÉLANIE,12,0,12
1990,CAROLYN,109,0,109
1990,MÉLISSA,8,0,8
1990,NADIA,74,0,74
1990,NADINE,54,0,54
1990,NAKITA,6,0,6
1990,NANCY,54,0,54
1990,NAOMI,39,0,39
1990,NATALIA,42,0,42
1990,MIKAYLA,11,0,11
1990,NATASHA,386,0,386
1990,MIKAILA,6,0,6
1990,MICHELLE,799,0,799
1990,MARYAM,10,0,10
1990,MARYSE,8,0,8
1990,MAUDE,6,0,6
1990,MAUREEN,11,0,11
1990,MAXIME,51,45,6
1990,MAXINE,17,0,17
1990,MAYA,24,0,24
1990,MCKENZIE,13,5,8
1990,MEAGAN,158,0,158
1990,MEAGHAN,117,0,117
1990,MEGAN,680,0,680
1990,MEGHAN,227,0,227
1990,MEGHANN,7,0,7
1990,MELANIE,333,0,333
1990,MELINA,8,0,8
1990,MELINDA,42,0,42
1990,MELISA,7,0,7
1990,MELISSA,951,0,951
1990,MELODIE,16,0,16
1990,MELODY,32,0,32
1990,MERCEDES,27,0,27
1990,MEREDITH,37,0,37
1990,MERISSA,10,0,10
1990,MIA,10,0,10
1990,MICAELA,6,0,6
1990,MICHAELA,36,0,36
1990,MICHELE,60,12,48
1990,MIKAELA,9,0,9
1990,SHANNON,337,5,332
1990,SHANTEL,28,0,28
1990,SHARI,7,0,7
1990,CARINA,12,0,12
1990,CARA,44,0,44
1990,CANDICE,112,0,112
1990,CANDACE,69,0,69
1990,CAMILLE,51,0,51
1990,CAMILLA,7,0,7
1990,CALLY,6,0,6
1990,CALLIE,12,0,12
1990,CALEIGH,11,0,11
1990,CAITLYN,82,0,82
1990,CAITLIN,300,0,300
1990,CAITLAN,7,0,7
1990,CARISSA,30,0,30
1990,CAILIN,6,0,6
1990,BRYNN,8,0,8
1990,BRYANNA,8,0,8
1990,BROOKE,145,0,145
1990,BRONWYN,16,0,16
1990,BRITTNY,6,0,6
1990,BRITTNEY,146,0,146
1990,BRITTANY,1003,0,1003
1990,BRITTANIE,6,0,6
1990,BRITTANI,9,0,9
1990,BRITNY,8,0,8
1990,BRITNEY,41,0,41
1990,BRITANY,9,0,9
1990,CAILEY,9,0,9
1990,CARLA,35,0,35
1990,CARLEE,9,0,9
1990,CARLEIGH,10,0,10
1990,VICKI,11,0,11
1990,VICKY,9,0,9
1990,VICTORIA,533,0,533
1990,VIRGINIA,18,0,18
1990,VIVIAN,29,0,29
1990,VÉRONIQUE,8,0,8
1990,WENDY,40,0,40
1990,WHITNEY,74,0,74
1990,WILLOW,6,0,6
1990,WINNIE,10,0,10
1990,YAEL,6,0,6
1990,YASMIN,14,0,14
1990,YASMINE,7,0,7
1990,YVONNE,33,0,33
1990,ZAHRA,8,0,8
1990,ZARA,6,0,6
1990,ZOE,61,0,61
1990,CAROLINE,131,0,131
1990,CAROLINA,10,0,10
1990,CAROL,19,0,19
1990,CARMEN,39,8,31
1990,CARMELA,8,0,8
1990,CARLY,174,0,174
1990,CARLING,9,0,9
1990,CARLIE,11,0,11
1990,CARLI,15,0,15
1990,CARLEY,28,0,28
1990,BRIGITTE,16,0,16
1990,BRIDGETTE,6,0,6
1990,BRIDGET,26,0,26
1990,BRIAR,8,0,8
1990,AVALON,6,0,6
1990,AUTUMN,18,0,18
1990,AURORA,11,0,11
1990,AUDREY,26,0,26
1990,ATHENA,14,0,14
1990,ASMA,6,0,6
1990,ASIA,8,0,8
1990,ASHTON,44,24,20
1990,ASHLYN,14,0,14
1990,ASHLY,12,0,12
1990,ASHLIE,9,0,9
1990,ASHLEY,1266,0,1266
1990,ASHLEIGH,59,0,59
1990,ASHLEE,38,0,38
1990,ASHA,11,0,11
1990,ARLENE,8,0,8
1990,ARIELLE,34,0,34
1990,ARIEL,64,18,46
1990,ARIANNE,6,0,6
1990,ARIANNA,8,0,8
1990,ARIANE,9,0,9
1990,ARIANA,27,0,27
1990,ARIA,6,0,6
1990,APRIL,112,0,112
1990,ANYA,8,0,8
1990,ANTONIA,14,0,14
1990,ANTOINETTE,7,0,7
1990,AVERY,28,6,22
1990,VERONIQUE,34,0,34
1990,AYESHA,7,0,7
1990,BABY,42,24,18
1990,BRIANNE,67,0,67
1990,BRIANNA,95,0,95
1990,BRIANA,29,0,29
1990,BRENNA,23,0,23
1990,BRENDA,23,0,23
1990,BREANNE,54,0,54
1990,BREANNA,50,0,50
1990,BRANDY,29,0,29
1990,BRANDIE,12,0,12
1990,BRANDI,40,0,40
1990,BONNIE,29,0,29
1990,BONITA,6,0,6
1990,BOBBIE,7,0,7
1990,BOBBI,7,0,7
1990,BLAIR,65,56,9
1990,BIANCA,78,0,78
1990,BEVERLY,13,0,13
1990,BEVERLEY,6,0,6
1990,BETTY,10,0,10
1990,BETHANY,93,0,93
1990,BETH,20,0,20
1990,BERNICE,6,0,6
1990,BELINDA,14,0,14
1990,BECKY,13,0,13
1990,BEATRICE,6,0,6
1990,BARBARA,38,0,38
1990,BAILEY,72,0,72
1990,AYLA,8,0,8
1990,VERONICA,116,0,116
1990,VERA,7,0,7
1990,VENESSA,9,0,9
1990,SONDRA,6,0,6
1990,SONIA,61,0,61
1990,SONJA,20,0,20
1990,SONYA,34,0,34
1990,SOPHIA,46,0,46
1990,SOPHIE,62,0,62
1990,STACEY,157,0,157
1990,STACI,14,0,14
1990,STACIE,22,0,22
1990,STACY,45,0,45
1990,STEFANI,11,0,11
1990,STEFANIA,19,0,19
1990,STEFANIE,92,0,92
1990,STEFFANIE,7,0,7
1990,STEFFANY,8,0,8
1990,STEPHANIE,1522,0,1522
1990,STEPHANY,13,0,13
1990,STEPHENIE,10,0,10
1990,STEVIE,13,0,13
1990,STÉPHANIE,19,0,19
1990,SUMMER,7,0,7
1990,SUSAN,63,0,63
1990,SUSANA,9,0,9
1990,SUSANNA,6,0,6
1990,SUSIE,10,0,10
1990,SUZANNA,6,0,6
1990,SUZANNE,34,0,34
1990,SOFIA,21,0,21
1990,SYDNEY,71,0,71
1990,SKYLER,36,30,6
1990,SKYE,23,0,23
1990,SHARLENE,6,0,6
1990,SHARON,49,0,49
1990,SHAUNA,56,0,56
1990,SHAUNNA,10,0,10
1990,SHAWNA,87,0,87
1990,SHAYLA,22,0,22
1990,SHAYLYN,6,0,6
1990,SHAYNA,25,0,25
1990,SHEA,13,6,7
1990,SHEENA,31,0,31
1990,SHEILA,21,0,21
1990,SHELBY,123,5,118
1990,SHELLEY,12,0,12
1990,SHELLY,11,0,11
1990,SHERI,10,0,10
1990,SHERRI,9,0,9
1990,SHERRY,13,0,13
1990,SHIRA,6,0,6
1990,SHIRLEY,29,0,29
1990,SHIVANI,11,0,11
1990,SHYLA,8,0,8
1990,SIERRA,30,0,30
1990,SILVIA,7,0,7
1990,SIMONE,53,0,53
1990,SIMRAN,6,0,6
1990,SINEAD,17,0,17
1990,SIOBHAN,32,0,32
1990,SKYLAR,30,17,13
1990,LYNDSAY,41,0,41
1990,SYLVIA,29,0,29
1990,TABATHA,24,0,24
1990,THEA,9,0,9
1990,THERESA,49,0,49
1990,THI,18,0,18
1990,TIA,24,0,24
1990,TIANA,17,0,17
1990,TIANNA,8,0,8
1990,TIARA,6,0,6
1990,TIFFANI,6,0,6
1990,TIFFANY,261,0,261
1990,TINA,65,0,65
1990,TONI,19,0,19
1990,TONYA,31,0,31
1990,TORI,7,0,7
1990,TRACEY,26,0,26
1990,TRACY,63,0,63
1990,TRICIA,17,0,17
1990,TRINA,8,0,8
1990,TRINITY,6,0,6
1990,TRISHA,36,0,36
1990,TRISTA,14,0,14
1990,TRISTAN,95,88,7
1990,TRUDY,7,0,7
1990,VALERIA,6,0,6
1990,VALERIE,100,0,100
1990,VALÉRIE,9,0,9
1990,VANESSA,354,0,354
1990,VASILIKI,6,0,6
1990,THALIA,10,0,10
1990,SYLVIE,12,0,12
1990,TESSA,33,0,33
1990,TERRI-LYNN,6,0,6
1990,TABITHA,53,0,53
1990,TAISA,6,0,6
1990,TALIA,20,0,20
1990,TAMAR,7,0,7
1990,TAMARA,106,0,106
1990,TAMIKA,11,0,11
1990,TAMMY,27,0,27
1990,TANESHA,6,0,6
1990,TANIA,29,0,29
1990,TANIS,6,0,6
1990,TANISHA,13,0,13
1990,TANYA,111,0,111
1990,TARA,160,0,160
1990,TARA-LYNN,6,0,6
1990,TARYN,45,0,45
1990,TASHA,36,0,36
1990,TATIANA,13,0,13
1990,TAWNYA,11,0,11
1990,TAYLER,15,7,8
1990,TAYLOR,449,278,171
1990,TEAGAN,6,0,6
1990,TEGAN,12,0,12
1990,TENISHA,10,0,10
1990,TERESA,40,0,40
1990,TERI,11,0,11
1990,TERRA,10,0,10
1990,TERRI,10,0,10
1990,TESS,17,0,17
1990,CHARLENE,51,0,51
1990,LYNDA,10,0,10
1990,LUCY,29,0,29
1990,ERYN,11,0,11
1990,ESTHER,40,0,40
1990,EVA,36,0,36
1990,EVANGELINE,6,0,6
1990,EVE,8,0,8
1990,EVELYN,26,0,26
1990,FAITH,20,0,20
1990,FARAH,13,0,13
1990,FARRAH,14,0,14
1990,FATIMA,19,0,19
1990,FAYE,6,0,6
1990,FELICIA,82,0,82
1990,ERINN,12,0,12
1990,FIONA,41,0,41
1990,FLORENCE,8,0,8
1990,FRANCE,10,0,10
1990,FRANCES,38,0,38
1990,FRANCESCA,29,0,29
1990,FRANCINE,9,0,9
1990,GABRIELA,19,0,19
1990,GABRIELLA,32,0,32
1990,GABRIELLE,68,0,68
1990,GAGANDEEP,12,6,6
1990,GENEVA,9,0,9
1990,GENEVIEVE,61,0,61
1990,GENEVIÈVE,8,0,8
1990,FLORA,8,0,8
1990,ERIN,395,0,395
1990,ERIKA,131,0,131
1990,ERICKA,6,0,6
1990,ELENI,14,0,14
1990,ELISA,35,0,35
1990,ELISABETH,36,0,36
1990,ELISE,39,0,39
1990,ELISHA,28,0,28
1990,ELISHEVA,6,0,6
1990,ELISSA,20,0,20
1990,ELIZA,10,0,10
1990,ELIZABETH,409,0,409
1990,ELLA,7,0,7
1990,ELLEN,47,0,47
1990,ELLIE,6,0,6
1990,ELSA,13,0,13
1990,ELSIE,6,0,6
1990,ELYSE,47,0,47
1990,ELYSHA,7,0,7
1990,ELYSIA,12,0,12
1990,ELYSSA,9,0,9
1990,ELYSSE,6,0,6
1990,EMERALD,8,0,8
1990,EMILEE,11,0,11
1990,EMILIA,16,0,16
1990,EMILIE,50,0,50
1990,EMILY,805,0,805
1990,EMILY-ANN,6,0,6
1990,EMMA,290,0,290
1990,ERICA,212,0,212
1990,GEORGIA,19,0,19
1990,GEORGINA,13,0,13
1990,GILLIAN,88,0,88
1990,GINA,21,0,21
1990,ISABELLE,37,0,37
1990,ISHA,6,0,6
1990,IVANA,8,0,8
1990,JACEY,6,0,6
1990,JACKIE,10,0,10
1990,JACKLYN,17,0,17
1990,JACLYN,118,0,118
1990,JACQUELINE,235,0,235
1990,JACQUELYN,29,0,29
1990,JADE,80,0,80
1990,JAIME,65,17,48
1990,JAIMEE,12,0,12
1990,JAIMIE,18,0,18
1990,JALEESA,9,0,9
1990,JAMI,10,0,10
1990,JAMIE,335,182,153
1990,JAMIE-LEE,16,0,16
1990,JAMIE-LYNN,10,0,10
1990,JAMILA,8,0,8
1990,JANE,50,0,50
1990,JANELLE,60,0,60
1990,JANESSA,7,0,7
1990,JANET,45,0,45
1990,JANICE,22,0,22
1990,JANIE,8,0,8
1990,JANINE,27,0,27
1990,JANITA,6,0,6
1990,ISABELLA,13,0,13
1990,ELENA,20,0,20
1990,ISABEL,23,0,23
1990,IRENE,26,0,26
1990,GIOVANNA,10,0,10
1990,GISELLE,10,0,10
1990,GIUSEPPINA,9,0,9
1990,GLORIA,20,0,20
1990,GRACE,66,0,66
1990,GURPREET,19,10,9
1990,HAILEY,66,0,66
1990,HALEY,57,0,57
1990,HANNA,24,0,24
1990,HANNAH,173,0,173
1990,HARLEY,31,23,8
1990,HARPREET,18,9,9
1990,HAYLEY,75,0,75
1990,HAZEL,13,0,13
1990,HEATHER,402,0,402
1990,HEIDI,38,0,38
1990,HELEN,38,0,38
1990,HELENA,22,0,22
1990,HILARY,100,0,100
1990,HILLARY,37,0,37
1990,HOLLIE,8,0,8
1990,HOLLY,185,0,185
1990,HOPE,29,0,29
1990,IDIL,6,0,6
1990,ILANA,7,0,7
1990,IMAN,7,0,7
1990,INGRID,10,0,10
1990,IRIS,7,0,7
1990,JANNA,8,0,8
1990,ELEANOR,12,0,12
1990,ELAINE,34,0,34
1990,CARRIE,39,0,39
1990,CAROLYNE,10,0,10
1990,CHARLOTTE,90,0,90
1990,CHARMAINE,23,0,23
1990,CHAYA,9,0,9
1990,CHELSEA,299,0,299
1990,CHELSEY,98,0,98
1990,CHELSIE,13,0,13
1990,CHERIE,6,0,6
1990,CHERYL,47,0,47
1990,CHEYANNE,8,0,8
1990,CHEYENNE,31,0,31
1990,CASANDRA,17,0,17
1990,CHLOE,76,0,76
1990,CHRISTIANE,6,0,6
1990,CHRISTIE,25,0,25
1990,CHRISTINA,366,0,366
1990,CHRISTINE,392,0,392
1990,CHRISTY,15,0,15
1990,CHRYSTAL,11,0,11
1990,CIARA,13,0,13
1990,CINDY,83,0,83
1990,CINTHYA,6,0,6
1990,CLAIRE,94,0,94
1990,CLARA,12,0,12
1990,CLARE,19,0,19
1990,CHRISTA,19,0,19
1990,CASEY,101,52,49
1990,CASSANDRA,559,0,559
1990,CASSAUNDRA,8,0,8
1990,CHARISSA,6,0,6
1990,CHANTELLE,86,0,86
1990,CHANTEL,97,0,97
1990,CHANTALLE,8,0,8
1990,CHANTALE,13,0,13
1990,CHANTAL,157,0,157
1990,CHANELLE,28,0,28
1990,CHANEL,36,0,36
1990,CHANDRA,7,0,7
1990,CHANDNI,7,0,7
1990,CELINE,17,0,17
1990,CELINA,18,0,18
1990,CELIA,14,0,14
1990,CELESTE,20,0,20
1990,CHRISTIAAN,6,6,0
1990,CECILIA,15,0,15
1990,CAYLEY,6,0,6
1990,CAYLA,17,0,17
1990,CATRIONA,6,0,6
1990,CATRINA,8,0,8
1990,CATHLEEN,6,0,6
1990,CATHERINE,188,0,188
1990,CATHARINE,9,0,9
1990,CATERINA,14,0,14
1990,CASSONDRA,24,0,24
1990,CASSIE,10,0,10
1990,CASSIDY,20,7,13
1990,CLARISSA,15,0,15
1990,CLAUDIA,42,0,42
1990,CODY,592,582,10
1990,COLLEEN,64,0,64
1990,DEANA,6,0,6
1990,DEANNA,75,0,75
1990,DEANNE,8,0,8
1990,DEBBIE,6,0,6
1990,DEBORAH,24,0,24
1990,DEIDRE,10,0,10
1990,DEIRDRE,11,0,11
1990,DELANEY,9,0,9
1990,DENISE,53,0,53
1990,DESIREE,38,0,38
1990,DESTINY,12,0,12
1990,DEVAN,26,16,10
1990,DEVIN,164,151,13
1990,DEVON,180,122,58
1990,DIANA,116,0,116
1990,DIANE,41,0,41
1990,DIANNE,7,0,7
1990,DINA,10,0,10
1990,DOMINIQUE,37,6,31
1990,DONNA,33,0,33
1990,DORIS,9,0,9
1990,DOROTHY,11,0,11
1990,EBONY,9,0,9
1990,EDEN,28,0,28
1990,EDNA,6,0,6
1990,EILEEN,18,0,18
1990,ELAINA,7,0,7
1990,DAYNA,56,0,56
1990,ELANA,8,0,8
1990,DAWN,33,0,33
1990,DARCY,61,50,11
1990,CONNIE,25,0,25
1990,CONSTANCE,13,0,13
1990,CORA,13,0,13
1990,CORAL,11,0,11
1990,COREY,295,288,7
1990,CORINA,10,0,10
1990,ANTHEA,6,0,6
1990,CORINNA,10,0,10
1990,CORINNE,17,0,17
1990,CORRIE,6,0,6
1990,CORTNEY,16,0,16
1990,COURTNEY,503,15,488
1990,CRISTINA,38,0,38
1990,CRYSTAL,210,0,210
1990,CYNTHIA,86,0,86
1990,DAHLIA,7,0,7
1990,DAKOTA,53,39,14
1990,DANA,155,8,147
1990,DANIA,7,0,7
1990,DANICA,21,0,21
1990,DANIELA,53,0,53
1990,DANIELE,29,20,9
1990,DANIELLA,51,0,51
1990,DANIELLE,588,0,588
1990,DANIKA,23,0,23
1990,DAPHNE,15,0,15
1990,DARCIE,8,0,8
1990,DARLENE,17,0,17
1990,JASDEEP,6,0,6
1990,JASMIN,26,0,26
1990,JASMINE,137,0,137
1990,KIMBERLY,193,0,193
1990,KIRA,28,0,28
1990,KIRSTEN,102,0,102
1990,KIRSTIE,23,0,23
1990,KIRSTIN,16,0,16
1990,KIRSTY,12,0,12
1990,KIRSTYN,13,0,13
1990,KORI,9,0,9
1990,KORTNEY,6,0,6
1990,KOURTNEY,22,0,22
1990,KRISTA,170,0,170
1990,KRISTAL,8,0,8
1990,KIMBERLEY,90,0,90
1990,KRISTAN,8,0,8
1990,KRISTI,28,0,28
1990,KRISTIE,32,0,32
1990,KRISTIN,140,0,140
1990,KRISTINA,192,0,192
1990,KRISTINE,71,0,71
1990,KRISTY,56,0,56
1990,KRISTYN,41,0,41
1990,KRYSTA,10,0,10
1990,KRYSTAL,102,0,102
1990,KRYSTEN,18,0,18
1990,KRYSTIN,16,0,16
1990,KRYSTINA,11,0,11
1990,KRISTEN,291,0,291
1990,KIMBERLEE,7,0,7
1990,KIM,19,0,19
1990,KILEY,7,0,7
1990,KAYLIE,16,0,16
1990,KAYLIN,8,0,8
1990,KAYTLYN,6,0,6
1990,KEELEY,6,0,6
1990,KEELY,11,0,11
1990,KEIRA,7,0,7
1990,KEISHA,23,0,23
1990,KELITA,6,0,6
1990,KELLEY,12,0,12
1990,KELLI,25,0,25
1990,KELLIE,21,0,21
1990,KELLY,320,31,289
1990,KELSEA,9,0,9
1990,KELSEY,298,10,288
1990,KELSI,10,0,10
1990,KELSIE,22,0,22
1990,KENDALL,19,0,19
1990,KENDRA,95,0,95
1990,KERI,7,0,7
1990,KERRI,27,0,27
1990,KERRIE,6,0,6
1990,KERRY,26,0,26
1990,KESHIA,21,0,21
1990,KHADIJA,9,0,9
1990,KIARA,9,0,9
1990,KIERA,11,0,11
1990,KIERSTEN,8,0,8
1990,KRYSTINE,7,0,7
1990,KRYSTLE,19,0,19
1990,KRYSTYN,6,0,6
1990,KRYSTYNA,12,0,12
1990,LESLEY,34,0,34
1990,LESLIE,66,16,50
1990,LIA,10,0,10
1990,LIANA,14,0,14
1990,LIANE,14,0,14
1990,LIANNA,12,0,12
1990,LIANNE,18,0,18
1990,LILIANA,9,0,9
1990,LILLIAN,20,0,20
1990,LILY,20,0,20
1990,LINA,15,0,15
1990,LINDA,72,0,72
1990,LINDSAY,429,0,429
1990,LINDSEY,97,0,97
1990,LISA,388,0,388
1990,LISA-MARIE,6,0,6
1990,LIZA,8,0,8
1990,LOGAN,83,74,9
1990,LOREN,7,0,7
1990,LORETTA,12,0,12
1990,LORI,12,0,12
1990,LORNA,7,0,7
1990,LORRAINE,21,0,21
1990,LOUISE,24,0,24
1990,LUCIA,10,0,10
1990,LUCIE,10,0,10
1990,LUCINDA,6,0,6
1990,LEONA,11,0,11
1990,KAYLEY,9,0,9
1990,LENA,16,0,16
1990,LEIGH,18,0,18
1990,KYLA,74,0,74
1990,KYLEE,13,0,13
1990,KYLEIGH,6,0,6
1990,KYLIE,77,0,77
1990,KYRA,19,0,19
1990,LACEY,51,0,51
1990,LACY,7,0,7
1990,LAILA,9,0,9
1990,LANA,16,0,16
1990,LARA,25,0,25
1990,LARISSA,49,0,49
1990,LARYSSA,8,0,8
1990,LATISHA,11,0,11
1990,LAURA,732,0,732
1990,LAUREL,18,0,18
1990,LAUREN,539,0,539
1990,LAURIE,18,0,18
1990,LAYLA,8,0,8
1990,LEA,15,0,15
1990,LEAH,204,0,204
1990,LEANDRA,6,0,6
1990,LEANNA,46,0,46
1990,LEANNE,74,0,74
1990,LEE,67,54,13
1990,LEE-ANN,10,0,10
1990,LEEANN,8,0,8
1990,LEENA,6,0,6
1990,LEILA,13,0,13
1990,KAYLEIGH,26,0,26
1990,KAYLEE,33,0,33
1990,KAYLA-MARIE,6,0,6
1990,JOCELYN,79,0,79
1990,JOCELYNE,11,0,11
1990,JOCELYNN,6,0,6
1990,JODI,35,0,35
1990,JODIE,21,0,21
1990,JODY,31,10,21
1990,JOELLE,22,0,22
1990,JOHANNA,17,0,17
1990,JOLENE,19,0,19
1990,JORDAN,1344,1207,137
1990,JORDANA,19,0,19
1990,JORDANNA,7,0,7
1990,JORDANNE,6,0,6
1990,JORDYN,13,0,13
1990,JOSEE,27,0,27
1990,JOSEPHINE,31,0,31
1990,JOSIE,8,0,8
1990,JOSÉE,15,0,15
1990,JOY,16,0,16
1990,JOYCE,23,0,23
1990,JUDITH,13,0,13
1990,JUDY,16,0,16
1990,JULIA,262,0,262
1990,JULIANA,24,0,24
1990,JULIANNA,19,0,19
1990,JULIANNE,22,0,22
1990,JULIE,231,0,231
1990,JOANNE,43,0,43
1990,JUNE,7,0,7
1990,JOANNA,106,0,106
1990,JOAN,9,0,9
1990,JASPREET,26,13,13
1990,JAYDE,7,0,7
1990,JAYME,17,0,17
1990,JAYMIE,9,0,9
1990,JAZMIN,6,0,6
1990,JAZMINE,9,0,9
1990,JEAN,31,23,8
1990,JEANETTE,11,0,11
1990,JEANINE,8,0,8
1990,JELENA,7,0,7
1990,JELISA,6,0,6
1990,JENA,10,0,10
1990,JENELLE,26,0,26
1990,JENIFER,14,0,14
1990,JENNA,214,0,214
1990,JENNIE,9,0,9
1990,JENNIFER,1028,0,1028
1990,JENNY,70,0,70
1990,JESSALYN,10,0,10
1990,JESSE,647,633,14
1990,JESSI,6,0,6
1990,JESSICA,2153,0,2153
1990,JESSIE,142,57,85
1990,JESSIKA,14,0,14
1990,JESSY,28,21,7
1990,JILL,19,0,19
1990,JILLIAN,142,0,142
1990,JOANA,7,0,7
1990,LYDIA,39,0,39
1990,JUSTINA,16,0,16
1990,KAELA,13,0,13
1990,KASSIE,8,0,8
1990,KATARINA,19,0,19
1990,KATARZYNA,9,0,9
1990,KATE,66,0,66
1990,KATE-LYNN,9,0,9
1990,KATELIN,24,0,24
1990,KATELYN,266,0,266
1990,KATELYNN,43,0,43
1990,KATERINA,16,0,16
1990,KATHARINA,8,0,8
1990,KATHARINE,32,0,32
1990,KATHERINE,424,0,424
1990,KATHLEEN,276,0,276
1990,KATHRYN,211,0,211
1990,KATHY,19,0,19
1990,KATIA,6,0,6
1990,KATIE,237,0,237
1990,KATLIN,6,0,6
1990,KATLYN,37,0,37
1990,KATLYNN,9,0,9
1990,KATRINA,158,0,158
1990,KATRINE,10,0,10
1990,KATRYNA,6,0,6
1990,KATY,19,0,19
1990,KAVITA,6,0,6
1990,KAY,7,0,7
1990,KAYLA,719,0,719
1990,KASSANDRA,69,0,69
1990,JUSTINE,153,0,153
1990,KASEY,18,10,8
1990,KAROLINA,18,0,18
1990,KAILA,30,0,30
1990,KAILEE,6,0,6
1990,KAILEIGH,7,0,7
1990,KAILEY,39,0,39
1990,KAILYN,8,0,8
1990,KAITLIN,204,0,204
1990,KAITLYN,320,0,320
1990,KAITLYNN,35,0,35
1990,KALA,7,0,7
1990,KALEIGH,25,0,25
1990,KALEY,17,0,17
1990,KALI,13,0,13
1990,KANDACE,10,0,10
1990,KANDICE,11,0,11
1990,KARA,87,0,87
1990,KAREN,105,0,105
1990,KARI,23,0,23
1990,KARIN,10,0,10
1990,KARINA,32,0,32
1990,KARINE,26,0,26
1990,KARISSA,12,0,12
1990,KARLA,21,0,21
1990,KARLEE,14,0,14
1990,KARLEY,12,0,12
1990,KARLI,9,0,9
1990,KARLIE,15,0,15
1990,KARLY,22,0,22
1990,KASANDRA,18,0,18
1990,ANNIE,24,0,24
1990,CHRISTIAN,154,154,0
1990,ANNE-MARIE,22,0,22
1990,KADEEM,33,33,0
1990,KA,9,9,0
1990,JUSTYN,7,7,0
1990,JUSTIN,1247,1247,0
1990,JUSTEN,5,5,0
1990,JUNIOR,7,7,0
1990,JULIUS,8,8,0
1990,JULIO,6,6,0
1990,JULIEN,42,42,0
1990,JULIAN,140,140,0
1990,JUAN,15,15,0
1990,JOSUE,5,5,0
1990,KADEEN,5,5,0
1990,JOSIAH,17,17,0
1990,JOSHAWA,6,6,0
1990,JOSH,12,12,0
1990,JOSEPH,987,987,0
1990,JOSEF,6,6,0
1990,JOSE,31,31,0
1990,JORY,10,10,0
1990,JORGE,10,10,0
1990,JORDON,58,58,0
1990,JORDEN,10,10,0
1990,JONATHON,106,106,0
1990,JONATHAN,856,856,0
1990,JONAS,6,6,0
1990,JOSHUA,1499,1499,0
1990,KAI,16,16,0
1990,KALE,17,17,0
1990,KALEB,13,13,0
1990,KIRK,49,49,0
1990,KIRBY,5,5,0
1990,KIERAN,24,24,0
1990,KIEL,6,6,0
1990,KIEFER,12,12,0
1990,KHALID,12,12,0
1990,KHALED,5,5,0
1990,KEVIN,859,859,0
1990,KENTON,6,6,0
1990,KENT,13,13,0
1990,KENNY,14,14,0
1990,KENNETH,187,187,0
1990,KEN,13,13,0
1990,KELVIN,34,34,0
1990,KEITH,127,127,0
1990,KEIFER,6,6,0
1990,KEENAN,16,16,0
1990,KEEGAN,50,50,0
1990,KAYLE,5,5,0
1990,KARL,37,37,0
1990,KARIM,10,10,0
1990,KAREEM,22,22,0
1990,KARAN,7,7,0
1990,KANE,5,5,0
1990,KAMRAN,5,5,0
1990,KAMAL,5,5,0
1990,KALVIN,7,7,0
1990,JONAH,15,15,0
1990,JON,21,21,0
1990,JOHNSON,8,8,0
1990,JOHN-PAUL,8,8,0
1990,JEAN-GUY,5,5,0
1990,JEAN-FRANCOIS,8,8,0
1990,JAYSON,10,10,0
1990,JAY,40,40,0
1990,JASPER,6,6,0
1990,JASPAL,6,6,0
1990,JASON,617,617,0
1990,JASMEET,6,6,0
1990,JARROD,15,15,0
1990,JARRETT,18,18,0
1990,JARRET,5,5,0
1990,JARRED,10,10,0
1990,JARON,6,6,0
1990,JAROD,5,5,0
1990,JARETT,5,5,0
1990,JARED,114,114,0
1990,JAN,15,15,0
1990,JAMIL,9,9,0
1990,JAMIESON,6,6,0
1990,JAMESON,9,9,0
1990,JAMES,1125,1125,0
1990,JAMEEL,5,5,0
1990,JAMAR,6,6,0
1990,JAMAL,34,34,0
1990,JAMAAL,5,5,0
1990,JAKUB,7,7,0
1990,JAKOB,18,18,0
1990,JEAN-LUC,11,11,0
1990,KISHAN,7,7,0
1990,JEAN-MARC,8,8,0
1990,JEAN-PAUL,8,8,0
1990,JOHNNY,28,28,0
1990,JOHNATHON,40,40,0
1990,JOHNATHAN,114,114,0
1990,JOHN,754,754,0
1990,JOHANNES,6,6,0
1990,JOHAN,11,11,0
1990,JOEY,58,58,0
1990,JOESPH,9,9,0
1990,JOËL,8,8,0
1990,JOEL,224,224,0
1990,JOE,7,7,0
1990,JOAO,10,10,0
1990,JIMMY,31,31,0
1990,JIM,6,6,0
1990,JEVON,7,7,0
1990,JERRY,17,17,0
1990,JEROME,31,31,0
1990,JERMAINE,34,34,0
1990,JEREMY,348,348,0
1990,JEREMIE,17,17,0
1990,JEREMIAH,29,29,0
1990,JEFFREY,548,548,0
1990,JEFFERY,95,95,0
1990,JEFF,8,8,0
1990,JEAN-SEBASTIEN,6,6,0
1990,JEAN-PIERRE,7,7,0
1990,JEAN-PHILIPPE,14,14,0
1990,JEAN-MICHEL,9,9,0
1990,KODI,9,9,0
1990,KODIE,7,7,0
1990,KODY,64,64,0
1990,MICHAL,6,6,0
1990,MICHAEL,2766,2766,0
1990,MICAH,14,14,0
1990,MERVIN,6,6,0
1990,MELVIN,7,7,0
1990,MAXWELL,62,62,0
1990,MAXIMILIAN,9,9,0
1990,MAXIM,7,7,0
1990,MAX,39,39,0
1990,MAVERICK,5,5,0
1990,MAURICE,20,20,0
1990,MATTHIEU,20,20,0
1990,MATTHIAS,5,5,0
1990,MATTHEW,2200,2200,0
1990,MATTEO,13,13,0
1990,MATT,8,8,0
1990,MATHIEU,110,110,0
1990,MATHIAS,6,6,0
1990,MATHEW,258,258,0
1990,MATEUSZ,11,11,0
1990,MASSIMO,8,8,0
1990,MASON,41,41,0
1990,MARVIN,18,18,0
1990,MARTY,7,7,0
1990,MARTIN,150,150,0
1990,MARSHALL,37,37,0
1990,MARLON,17,17,0
1990,MICHEAL,168,168,0
1990,MARLIN,6,6,0
1990,MICHEL,49,49,0
1990,MIKAEL,12,12,0
1990,NEIL,108,108,0
1990,NEAL,14,14,0
1990,NATHANIEL,106,106,0
1990,NATHANIAL,7,7,0
1990,NATHANAEL,21,21,0
1990,NATHAN,476,476,0
1990,NAEEM,5,5,0
1990,NADIM,5,5,0
1990,NADEEM,5,5,0
1990,NABIL,6,6,0
1990,MYLES,80,80,0
1990,MYKEL,5,5,0
1990,MUSTAFA,10,10,0
1990,MURRAY,9,9,0
1990,MUHAMMAD,14,14,0
1990,MOSHE,7,7,0
1990,MOHAMMED,33,33,0
1990,MOHAMMAD,26,26,0
1990,MOHAMED,55,55,0
1990,MOHAMAD,18,18,0
1990,MITCHELL,381,381,0
1990,MITCHEL,40,40,0
1990,MITCH,7,7,0
1990,MINH,10,10,0
1990,MILES,32,32,0
1990,MIKHAIL,5,5,0
1990,MIKE,25,25,0
1990,MIGUEL,29,29,0
1990,JAKE,128,128,0
1990,MARKUS,17,17,0
1990,MARK,603,603,0
1990,LEVI,24,24,0
1990,LESTER,9,9,0
1990,LEROY,5,5,0
1990,LEONARDO,12,12,0
1990,LEONARD,26,26,0
1990,LEON,12,12,0
1990,LEO,23,23,0
1990,LELAND,7,7,0
1990,LAWRENCE,35,35,0
1990,LARRY,22,22,0
1990,LANE,5,5,0
1990,LANDON,14,14,0
1990,LANCE,32,32,0
1990,LAMAR,6,6,0
1990,KYLER,14,14,0
1990,KYLE,1502,1502,0
1990,KURTIS,85,85,0
1990,KURT,46,46,0
1990,KRISTOPHER,101,101,0
1990,KRISTOFFER,6,6,0
1990,KRISTOFER,13,13,0
1990,KRISTIAN,23,23,0
1990,KORY,27,27,0
1990,KOREY,8,8,0
1990,KONSTANTINOS,6,6,0
1990,KONRAD,9,9,0
1990,KOFI,5,5,0
1990,LEWIS,13,13,0
1990,MARKO,14,14,0
1990,LIAM,75,75,0
1990,LLOYD,23,23,0
1990,MARIO,53,53,0
1990,MAREK,7,7,0
1990,MARCUS,75,75,0
1990,MARCO,61,61,0
1990,MARCIN,10,10,0
1990,MARCELLO,9,9,0
1990,MARCEL,21,21,0
1990,MARC-ANDRE,17,17,0
1990,MARC,173,173,0
1990,MANUEL,9,9,0
1990,MANDEEP,12,12,0
1990,MALCOLM,32,32,0
1990,MAHMOUD,5,5,0
1990,MAHAD,6,6,0
1990,LYNDON,11,11,0
1990,LYLE,9,9,0
1990,LUKE,158,158,0
1990,LUKAS,25,25,0
1990,LUIS,20,20,0
1990,LUIGI,10,10,0
1990,LUCAS,222,222,0
1990,LUCA,25,25,0
1990,LUC,29,29,0
1990,LOUIS,30,30,0
1990,LOUIE,7,7,0
1990,LORNE,14,14,0
1990,LORENZO,5,5,0
1990,LIONEL,6,6,0
1990,NELSON,35,35,0
1990,JACQUES,12,12,0
1990,JACKY,6,6,0
1990,DION,6,6,0
1990,DIMITRIOS,10,10,0
1990,DIMITRI,7,7,0
1990,DILPREET,5,5,0
1990,DILLON,50,50,0
1990,DIEGO,17,17,0
1990,DEXTER,10,10,0
1990,DEVYN,6,6,0
1990,DEVLIN,7,7,0
1990,DEVEN,9,9,0
1990,DESMOND,11,11,0
1990,DERRICK,60,60,0
1990,DOMENIC,21,21,0
1990,DERICK,9,9,0
1990,DERECK,5,5,0
1990,DENNY,5,5,0
1990,DENNIS,76,76,0
1990,DENIS,29,29,0
1990,DEAN,61,61,0
1990,DAYNE,6,6,0
1990,DAWSON,7,7,0
1990,DAVIS,14,14,0
1990,DAVIN,10,10,0
1990,DAVIDE,8,8,0
1990,DAVID,1453,1453,0
1990,DAVE,6,6,0
1990,DEREK,363,363,0
1990,DOMENICO,25,25,0
1990,DOMINIC,29,29,0
1990,DOMINIK,9,9,0
1990,ELIE,8,8,0
1990,ELIAS,23,23,0
1990,ELI,19,19,0
1990,EDWIN,23,23,0
1990,EDWARD,136,136,0
1990,EDUARDO,10,10,0
1990,EDMUND,8,8,0
1990,EDISON,8,8,0
1990,EDGAR,9,9,0
1990,EDDY,11,11,0
1990,EDDIE,12,12,0
1990,EARL,6,6,0
1990,EAMON,5,5,0
1990,DYLON,5,5,0
1990,DYLAN,316,316,0
1990,DWIGHT,9,9,0
1990,DWAYNE,21,21,0
1990,DUSTYN,8,8,0
1990,DUSTIN,268,268,0
1990,DUNCAN,48,48,0
1990,DUANE,10,10,0
1990,DREW,76,76,0
1990,DRAKE,11,11,0
1990,DOUGLAS,134,134,0
1990,DONOVAN,19,19,0
1990,DONNY,6,6,0
1990,DONALD,100,100,0
1990,DARYL,16,16,0
1990,DARRYN,5,5,0
1990,DARRYL,50,50,0
1990,DARREN,120,120,0
1990,CONRAD,23,23,0
1990,CONOR,30,30,0
1990,CONNOR,106,106,0
1990,CONNER,7,7,0
1990,COLTON,49,49,0
1990,COLTEN,7,7,0
1990,COLLIN,38,38,0
1990,COLIN,286,286,0
1990,COLE,60,60,0
1990,COLBY,10,10,0
1990,CODIE,8,8,0
1990,CODEY,14,14,0
1990,COADY,6,6,0
1990,CLINTON,21,21,0
1990,CLINT,9,9,0
1990,CLIFFORD,12,12,0
1990,CLAYTON,62,62,0
1990,CLAUDIO,8,8,0
1990,CLAUDE,11,11,0
1990,CLARKE,9,9,0
1990,CLARK,11,11,0
1990,CLARENCE,9,9,0
1990,CIARAN,9,9,0
1990,CHUN,5,5,0
1990,CHRISTOS,9,9,0
1990,CHRISTOPHER,1979,1979,0
1990,ANNETTE,10,0,10
1990,CONSTANTINE,5,5,0
1990,ELIJAH,22,22,0
1990,COOPER,9,9,0
1990,CORNELIUS,7,7,0
1990,DARRELL,13,13,0
1990,DARNELL,12,12,0
1990,DARIO,8,8,0
1990,DARIN,5,5,0
1990,DAREN,5,5,0
1990,D'ARCY,6,6,0
1990,DANTE,9,9,0
1990,DANNY,72,72,0
1990,DANIEL,1538,1538,0
1990,DANIAL,5,5,0
1990,DANE,33,33,0
1990,DAN,5,5,0
1990,DAMON,9,9,0
1990,DAMIEN,25,25,0
1990,DAMIAN,31,31,0
1990,DALTON,61,61,0
1990,DALLAS,19,19,0
1990,DALE,64,64,0
1990,DAKODA,6,6,0
1990,CYLE,5,5,0
1990,CURTIS,231,231,0
1990,CRISTOPHER,11,11,0
1990,CRISTIAN,8,8,0
1990,CRAIG,190,190,0
1990,COTY,9,9,0
1990,CORY,227,227,0
1990,CORRADO,7,7,0
1990,CORBIN,18,18,0
1990,ELLIOT,21,21,0
1990,ELLIOTT,27,27,0
1990,ELLIS,7,7,0
1990,HAROLD,13,13,0
1990,HARMAN,5,5,0
1990,HARDEEP,9,9,0
1990,HANI,5,5,0
1990,GUY,12,12,0
1990,GURJOT,6,6,0
1990,GURINDER,6,6,0
1990,GUILLAUME,18,18,0
1990,GRIFFIN,5,5,0
1990,GREGORY,358,358,0
1990,GREG,5,5,0
1990,GRAYSON,9,9,0
1990,GRANT,78,78,0
1990,GRAHAM,107,107,0
1990,GRAEME,67,67,0
1990,GORDON,80,80,0
1990,GLENN,22,22,0
1990,GLEN,28,28,0
1990,GIUSEPPE,24,24,0
1990,GIULIANO,6,6,0
1990,GIOVANNI,30,30,0
1990,GILLES,7,7,0
1990,GILBERT,9,9,0
1990,GIDEON,7,7,0
1990,GIANNI,5,5,0
1990,GIANLUCA,5,5,0
1990,GIANFRANCO,11,11,0
1990,HARRISON,39,39,0
1990,GIANCARLO,15,15,0
1990,HARRY,18,18,0
1990,HASSAN,18,18,0
1990,JACKSON,21,21,0
1990,JACK,49,49,0
1990,IVAN,37,37,0
1990,ISSAC,5,5,0
1990,ISMAIL,7,7,0
1990,ISAIAH,15,15,0
1990,ISAAC,56,56,0
1990,IOANNIS,6,6,0
1990,INDERJIT,5,5,0
1990,IMRAN,14,14,0
1990,IBRAHIM,17,17,0
1990,IAN,303,303,0
1990,IAIN,31,31,0
1990,HUSSEIN,12,12,0
1990,HUNTER,15,15,0
1990,HUGO,8,8,0
1990,HUGH,23,23,0
1990,HUBERT,6,6,0
1990,HOWARD,14,14,0
1990,HOLDEN,6,6,0
1990,HOANG,8,8,0
1990,HO,5,5,0
1990,HERMAN,13,13,0
1990,HENRY,45,45,0
1990,HENDRIK,5,5,0
1990,HECTOR,5,5,0
1990,HAYDEN,16,16,0
1990,HASAN,6,6,0
1990,JACOB,512,512,0
1990,GERARD,13,13,0
1990,GEORGES,5,5,0
1990,FERNANDO,10,10,0
1990,FELIX,16,16,0
1990,FELIPE,7,7,0
1990,FARAZ,6,6,0
1990,FAISAL,6,6,0
1990,FABIO,15,15,0
1990,FABIAN,11,11,0
1990,EZRA,5,5,0
1990,EVERETT,5,5,0
1990,EVAN,274,274,0
1990,EUGENE,25,25,0
1990,ETIENNE,8,8,0
1990,ETHAN,129,129,0
1990,ERROL,5,5,0
1990,ERNEST,9,9,0
1990,ERIK,123,123,0
1990,ERICK,13,13,0
1990,ERICH,6,6,0
1990,ERIC,743,743,0
1990,ENRICO,6,6,0
1990,EMMETT,6,6,0
1990,EMMANUEL,25,25,0
1990,EMILE,5,5,0
1990,EMERSON,8,8,0
1990,EMANUEL,17,17,0
1990,ELVIS,9,9,0
1990,ELVIN,6,6,0
1990,FILIP,7,7,0
1990,GERALD,43,43,0
1990,FILIPE,7,7,0
1990,FRANCIS,58,58,0
1990,GEORGE,130,130,0
1990,GEOFFREY,111,111,0
1990,GAVIN,59,59,0
1990,GARY,78,78,0
1990,GARRY,12,12,0
1990,GARRETT,77,77,0
1990,GARRET,14,14,0
1990,GARNET,7,7,0
1990,GARETT,6,6,0
1990,GARETH,10,10,0
1990,GAREN,6,6,0
1990,GALEN,8,8,0
1990,GAGE,16,16,0
1990,GABRIEL,97,97,0
1990,FREDERICK,30,30,0
1990,FREDERIC,6,6,0
1990,FREDDY,5,5,0
1990,FRED,5,5,0
1990,FRASER,36,36,0
1990,FRANZ,8,8,0
1990,FRANKLIN,15,15,0
1990,FRANKIE,5,5,0
1990,FRANK,71,71,0
1990,FRANÇOIS,10,10,0
1990,FRANCOIS,18,18,0
1990,FRANCO,10,10,0
1990,FRANCISCO,10,10,0
1990,FRANCESCO,43,43,0
1990,NEVIN,5,5,0
1990,CECILY,6,0,6
1990,NICHOLAS,1042,1042,0
1990,ANDREW,1804,1804,0
1990,ANDY,37,37,0
1990,ANGELO,27,27,0
1990,ANGUS,11,11,0
1990,ANIL,10,10,0
1990,ANKIT,5,5,0
1990,ANKUR,5,5,0
1990,ANTHONY,565,565,0
1990,ANTOINE,11,11,0
1990,ANTON,5,5,0
1990,ANTONI,5,5,0
1990,ANTONIO,48,48,0
1990,ANDRES,15,15,0
1990,ANTONY,8,8,0
1990,ARIC,6,6,0
1990,ARIF,8,8,0
1990,ARJUN,17,17,0
1990,ARMAN,6,6,0
1990,ARMAND,7,7,0
1990,ARON,7,7,0
1990,ARRON,5,5,0
1990,ARTHUR,29,29,0
1990,ARUN,7,7,0
1990,ARVIN,10,10,0
1990,ASIF,5,5,0
1990,ATHANASIOS,6,6,0
1990,ARI,9,9,0
1990,ANDREAS,16,16,0
1990,ANDRÉ,6,6,0
1990,ANDRE,105,105,0
1990,ALBERT,34,34,0
1990,ALBERTO,8,8,0
1990,ALEC,14,14,0
1990,ALEJANDRO,9,9,0
1990,ALESSANDRO,21,21,0
1990,ALEXANDER,1006,1006,0
1990,ALEXANDRE,84,84,0
1990,ALEXANDRO,5,5,0
1990,ALFONSO,6,6,0
1990,ALFRED,12,12,0
1990,ALI,49,49,0
1990,ALISTAIR,5,5,0
1990,ALLAN,68,68,0
1990,ALLEN,30,30,0
1990,ALLISTER,5,5,0
1990,ALVIN,25,25,0
1990,ALY,6,6,0
1990,AMADEUS,5,5,0
1990,AMAN,6,6,0
1990,AMAR,11,11,0
1990,AMARDEEP,5,5,0
1990,AMIN,5,5,0
1990,AMIR,11,11,0
1990,AMIT,9,9,0
1990,AMRIT,10,10,0
1990,ANASTASIOS,5,5,0
1990,ANDERS,6,6,0
1990,AUSTIN,64,64,0
1990,BARRY,14,14,0
1990,BASIL,5,5,0
1990,BEAU,13,13,0
1990,BRENDEN,23,23,0
1990,BRENDON,44,44,0
1990,BRENNAN,39,39,0
1990,BRENT,164,164,0
1990,BRET,9,9,0
1990,BRETT,208,208,0
1990,BRIAN,424,424,0
1990,BROCK,79,79,0
1990,BRODERICK,7,7,0
1990,BRODIE,17,17,0
1990,BRODY,23,23,0
1990,BRONSON,14,14,0
1990,BROOK,11,11,0
1990,BRUCE,45,45,0
1990,BRUNO,8,8,0
1990,BRYAN,205,205,0
1990,BRYCE,43,43,0
1990,BRYN,7,7,0
1990,BRYON,7,7,0
1990,BRYSON,7,7,0
1990,BYRON,32,32,0
1990,CALE,17,17,0
1990,CALEB,68,68,0
1990,CALLUM,14,14,0
1990,CALUM,10,10,0
1990,CALVIN,102,102,0
1990,CAMERON,336,336,0
1990,BRENDAN,194,194,0
1990,ALASTAIR,8,8,0
1990,BRAYDON,13,13,0
1990,BRANT,8,8,0
1990,BEN,23,23,0
1990,BENJAMEN,5,5,0
1990,BENJAMIN,605,605,0
1990,BENNETT,10,10,0
1990,BENNY,6,6,0
1990,BENOIT,22,22,0
1990,BENSON,5,5,0
1990,BERNARD,15,15,0
1990,BERNHARD,5,5,0
1990,BILAL,11,11,0
1990,BILLY,10,10,0
1990,BLAINE,17,17,0
1990,BLAKE,110,110,0
1990,BO,6,6,0
1990,BOBBY,14,14,0
1990,BORIS,7,7,0
1990,BRAD,14,14,0
1990,BRADEN,44,44,0
1990,BRADLEY,522,522,0
1990,BRADLY,15,15,0
1990,BRADY,30,30,0
1990,BRAEDEN,19,19,0
1990,BRAEDON,7,7,0
1990,BRANDAN,17,17,0
1990,BRANDEN,27,27,0
1990,BRANDON,715,715,0
1990,BRANDYN,7,7,0
1990,BRAYDEN,14,14,0
1990,CAREY,5,5,0
1990,ALAN,94,94,0
1990,AKEEM,17,17,0
1990,AMBER-LYNN,7,0,7
1990,AMBER-LEE,6,0,6
1990,AMBER,297,0,297
1990,AMANDEEP,17,11,6
1990,AMANDA,1505,0,1505
1990,AMAL,8,0,8
1990,ALYXANDRA,6,0,6
1990,ALYSSIA,11,0,11
1990,ALYSSA,362,0,362
1990,ALYSON,31,0,31
1990,ALYSIA,22,0,22
1990,ALYSHIA,13,0,13
1990,AMBERLY,7,0,7
1990,ALYSHA,72,0,72
1990,ALMA,6,0,6
1990,ALLYSSA,7,0,7
1990,ALLYSON,30,0,30
1990,ALLYSHA,12,0,12
1990,ALLISON,214,0,214
1990,ALLANAH,9,0,9
1990,ALLANA,9,0,9
1990,ALIYA,9,0,9
1990,ALIX,6,0,6
1990,ALISSA,26,0,26
1990,ALISON,180,0,180
1990,ALISHIA,11,0,11
1990,ALYCIA,33,0,33
1990,AMELIA,79,0,79
1990,AMELIE,8,0,8
1990,AMIE,15,0,15
1990,NIALL,8,8,0
1990,ANNE,58,0,58
1990,ANNA-MARIA,7,0,7
1990,ANNA,191,0,191
1990,ANN-MARIE,6,0,6
1990,ANN,23,0,23
1990,ANITA,56,0,56
1990,ANISHA,6,0,6
1990,ANISA,6,0,6
1990,ANIKA,8,0,8
1990,ANIK,7,0,7
1990,ANGIE,17,0,17
1990,ANGELIQUE,9,0,9
1990,ANGELINA,21,0,21
1990,ANGELICA,26,0,26
1990,ANGELIA,7,0,7
1990,ANGELE,13,0,13
1990,ANGELA,238,0,238
1990,ANGEL,27,0,27
1990,ANDREIA,8,0,8
1990,ANDREANNE,6,0,6
1990,ANDREA,384,7,377
1990,ANASTASIA,21,0,21
1990,ANA,29,0,29
1990,AMY,390,0,390
1990,AMIRA,10,0,10
1990,AMINA,10,0,10
1990,ALISHA,99,0,99
1990,ALISA,10,0,10
1990,ALINA,13,0,13
1990,ALICIA,306,0,306
1990,AGNES,6,0,6
1990,AGATHA,6,0,6
1990,ADRIENNE,49,0,49
1990,ADRIANNE,7,0,7
1990,ADRIANNA,25,0,25
1990,ADRIANA,29,0,29
1990,ADINA,8,0,8
1990,ADELE,12,0,12
1990,ADA,9,0,9
1990,ABIGAIL,34,0,34
1990,ABBY,18,0,18
1990,AARON,534,534,0
1990,ABDUL,7,7,0
1990,ABDULLAH,6,6,0
1990,ABE,5,5,0
1990,ABEL,5,5,0
1990,ABRAHAM,15,15,0
1990,ABRAM,6,6,0
1990,ADAMO,6,6,0
1990,ADDISON,11,11,0
1990,ADEN,7,7,0
1990,ADRIAN,254,254,0
1990,ADRIANO,13,13,0
1990,ADRIEN,16,16,0
1990,AHMAD,17,17,0
1990,AHMED,31,31,0
1990,AJAY,6,6,0
1990,AGNIESZKA,6,0,6
1990,ALAIN,37,37,0
1990,AIDAN,34,27,7
1990,AIMEE,27,0,27
1990,ALICE,34,0,34
1990,ALIA,12,0,12
1990,ALEXIS,66,10,56
1990,ALEXIA,10,0,10
1990,ALEXANDRIA,94,0,94
1990,ALEXANDREA,14,0,14
1990,ALEXANDRA,626,0,626
1990,ALEXA,60,0,60
1990,ALEX,121,109,12
1990,ALESSIA,24,0,24
1990,ALESSANDRA,32,0,32
1990,ALESIA,6,0,6
1990,ALESHIA,6,0,6
1990,ALESHA,7,0,7
1990,ALEKSANDRA,9,0,9
1990,ALEISHA,9,0,9
1990,ALEESHA,8,0,8
1990,ALAYNA,11,0,11
1990,ALANNAH,91,0,91
1990,ALANNA,114,0,114
1990,ALANAH,14,0,14
1990,ALANA,110,0,110
1990,ALAINA,26,0,26
1990,AJA,6,0,6
1990,AISLINN,7,0,7
1990,AISHA,16,0,16
1990,AINSLEY,22,5,17
1990,AILEEN,9,0,9
1990,CARL,47,47,0
1990,ADAM,983,983,0
1990,CARLOS,28,28,0
1990,RORY,35,35,0
1990,RONNIE,8,8,0
1990,RONALD,80,80,0
1990,RON,6,6,0
1990,ROMAN,16,16,0
1990,ROLAND,9,9,0
1990,ROHAN,9,9,0
1990,ROGER,34,34,0
1990,RODNEY,20,20,0
1990,RODERICK,13,13,0
1990,ROCH,7,7,0
1990,ROCCO,12,12,0
1990,ROSHAN,6,6,0
1990,ROBERTO,37,37,0
1990,ROBBIE,9,9,0
1990,RISHI,10,10,0
1990,RICKY,31,31,0
1990,RICK,20,20,0
1990,RICHARD,455,455,0
1990,RICARDO,46,46,0
1990,RIAZ,5,5,0
1990,RHYS,8,8,0
1990,REUBEN,12,12,0
1990,REMI,12,12,0
1990,REID,22,22,0
1990,REGINALD,10,10,0
1990,ROBERT,1016,1016,0
1990,ROSS,37,37,0
1990,ROY,20,20,0
1990,RUDY,11,11,0
1990,SHANE,334,334,0
1990,SHAMUS,5,5,0
1990,SHAAN,5,5,0
1990,SETH,24,24,0
1990,SERGIO,7,7,0
1990,SERGE,10,10,0
1990,SÉBASTIEN,6,6,0
1990,SEBASTIEN,41,41,0
1990,SEBASTIAN,44,44,0
1990,SEAN,501,501,0
1990,SEAMUS,6,6,0
1990,SCOTT,601,601,0
1990,SCOT,6,6,0
1990,SANTINO,6,6,0
1990,SANJAY,6,6,0
1990,SANDEEP,8,8,0
1990,SAMUEL,287,287,0
1990,SAMUAL,7,7,0
1990,SAMSON,6,6,0
1990,SAMMY,10,10,0
1990,SAMIR,5,5,0
1990,SAMI,6,6,0
1990,SAM,43,43,0
1990,SALVATORE,23,23,0
1990,RYLAN,13,13,0
1990,RUSSELL,60,60,0
1990,RUI,7,7,0
1990,REED,6,6,0
1990,REECE,11,11,0
1990,RAYMOND,121,121,0
1990,RAVINDER,5,5,0
1990,PARMVIR,5,5,0
1990,PARKER,6,6,0
1990,PAOLO,16,16,0
1990,PABLO,8,8,0
1990,OWEN,50,50,0
1990,OSMAN,7,7,0
1990,OSCAR,14,14,0
1990,O'NEIL,5,5,0
1990,OMAR,48,48,0
1990,OLIVIER,14,14,0
1990,OLIVER,46,46,0
1990,NORMAN,24,24,0
1990,NOLAN,42,42,0
1990,NOEL,8,8,0
1990,NOAM,5,5,0
1990,NOAH,38,38,0
1990,NITIN,9,9,0
1990,NIKOLAS,30,30,0
1990,NIKOLAI,6,6,0
1990,NIKOLA,14,14,0
1990,NIKO,7,7,0
1990,NIKHIL,6,6,0
1990,NIGEL,37,37,0
1990,NICOLAS,123,123,0
1990,CARLO,12,12,0
1990,NICK,7,7,0
1990,NICKOLAS,37,37,0
1990,PASCAL,20,20,0
1990,SHAUN,64,64,0
1990,PASQUALE,7,7,0
1990,PATRYK,6,6,0
1990,RAVI,10,10,0
1990,RANDY,81,81,0
1990,RANDALL,18,18,0
1990,RAMI,6,6,0
1990,RALPH,10,10,0
1990,RAJAN,5,5,0
1990,RAHUL,18,18,0
1990,RAFFAELE,5,5,0
1990,RAFAEL,9,9,0
1990,QUINTON,11,11,0
1990,QUINCY,5,5,0
1990,QUENTIN,9,9,0
1990,QUANG,7,7,0
1990,PRESTON,19,19,0
1990,PIOTR,8,8,0
1990,PIETRO,7,7,0
1990,PIETER,5,5,0
1990,PIERRE,22,22,0
1990,PHILLIPE,5,5,0
1990,PHILLIP,120,120,0
1990,PHILIPPE,52,52,0
1990,PHILIP,197,197,0
1990,PETER,425,425,0
1990,PERRY,21,21,0
1990,PEDRO,6,6,0
1990,PAULO,8,8,0
1990,PAUL,485,485,0
1990,PATRICK,581,581,0
1990,SHAWN,348,348,0
1990,RAPHAEL,20,20,0
1990,SHELDON,61,61,0
1990,WILFRED,12,12,0
1990,WESLEY,133,133,0
1990,WENDEL,8,8,0
1990,WAYNE,44,44,0
1990,WARREN,39,39,0
1990,WALTER,17,17,0
1990,WADE,38,38,0
1990,VITO,12,12,0
1990,VISHAL,11,11,0
1990,VINCENZO,28,28,0
1990,VINCENT,148,148,0
1990,VINCE,6,6,0
1990,VIKRAM,7,7,0
1990,VIKAS,6,6,0
1990,VIJAY,8,8,0
1990,VICTOR,74,74,0
1990,VERNON,7,7,0
1990,VASILIOS,7,7,0
1990,VAN,7,7,0
1990,UMAR,5,5,0
1990,TYSON,53,53,0
1990,TYRONE,20,20,0
1990,TYRELL,8,8,0
1990,TYLOR,25,25,0
1990,TYLER,1035,1035,0
1990,TROY,95,95,0
1990,TRISTEN,8,8,0
1990,WILLIAM,645,645,0
1990,WINSTON,12,12,0
1990,WYATT,18,18,0
1990,XAVIER,7,7,0
1990,CARMINE,6,6,0
1990,CARSON,28,28,0
1990,CARTER,8,8,0
1990,SHAYNE,65,65,0
1990,CATLIN,9,9,0
1990,CEDRIC,13,13,0
1990,CESAR,6,6,0
1990,CHAD,185,185,0
1990,CHADWICK,12,12,0
1990,CHAIM,7,7,0
1990,CHARLES,156,156,0
1990,CHARLIE,8,8,0
1990,CHAS,5,5,0
1990,TREVOR,323,323,0
1990,CHASE,41,41,0
1990,ZECHARIAH,5,5,0
1990,ZANE,8,8,0
1990,ZAKARIYA,5,5,0
1990,ZAIN,5,5,0
1990,ZACKERY,24,24,0
1990,ZACKARY,24,24,0
1990,ZACHERY,13,13,0
1990,ZACHARY,453,453,0
1990,ZACHARIE,7,7,0
1990,ZACHARIAH,18,18,0
1990,YVES,11,11,0
1990,YUSUF,7,7,0
1990,YANNICK,6,6,0
1990,CHRIS,16,16,0
1990,TRENTON,7,7,0
1990,WILSON,21,21,0
1990,TRAVIS,384,384,0
1990,SUNNY,11,11,0
1990,SUNIL,6,6,0
1990,SUMIT,5,5,0
1990,SUMEET,7,7,0
1990,STUART,43,43,0
1990,STORM,7,7,0
1990,STEWART,23,23,0
1990,STEVEN,855,855,0
1990,STEVE,23,23,0
1990,STEPHEN,557,557,0
1990,STEPHANE,37,37,0
1990,STEPHAN,46,46,0
1990,STEFFAN,5,5,0
1990,STEFANO,28,28,0
1990,STEFAN,92,92,0
1990,STANLEY,30,30,0
1990,SPENSER,5,5,0
1990,SPENCER,263,263,0
1990,SONNY,9,9,0
1990,SINA,5,5,0
1990,SIMON,143,143,0
1990,SIDNEY,5,5,0
1990,TRENT,26,26,0
1990,SHMUEL,5,5,0
1990,SHERIF,5,5,0
1990,SHIVA,7,7,0
1990,SHERWIN,5,5,0
1990,SURAJ,9,9,0
1990,SYED,16,16,0
1990,STÉPHANE,5,5,0
1990,SYLVAIN,15,15,0
1990,TOMISLAV,8,8,0
1990,TORY,6,6,0
1990,TOMASZ,5,5,0
1990,TOMAS,10,10,0
1990,TOM,10,10,0
1990,TODD,67,67,0
1990,TOBIAS,5,5,0
1990,TIMOTHY,387,387,0
1990,TONY,44,44,0
1990,TIM,8,8,0
1990,TIAGO,8,8,0
1990,THOMAS,661,661,0
1990,THANH,9,9,0
1990,THEODORE,21,21,0
1990,TAUREAN,5,5,0
1990,TANNER,41,41,0
1990,TAREK,6,6,0
1990,TARIK,5,5,0
1990,TARIQ,8,8,0
1990,TERRY,48,48,0
1990,TAVIS,7,7,0
1990,TOMMY,16,16,0
1990,TERENCE,26,26,0
1990,TERRANCE,24,24,0
1990,TERRELL,7,7,0
1990,TERRENCE,18,18,0
1990,TED,6,6,0
1991,MARIAN,10,0,10
1991,MARIAH,83,0,83
1991,MARIA,133,0,133
1991,MARGOT,9,0,9
1991,MARGARETHA,6,0,6
1991,MARIAM,28,0,28
1991,MARA,22,0,22
1991,MARCY,6,0,6
1991,MARCIA,6,0,6
1991,MARCELLA,10,0,10
1991,MANPREET,9,0,9
1991,MANON,6,0,6
1991,MARGARET,104,0,104
1991,MARIANNA,6,0,6
1991,MARINA,35,0,35
1991,MARIE,399,0,399
1991,MARIE-CLAUDE,7,0,7
1991,MARIE-EVE,10,0,10
1991,MARIE-FRANCE,7,0,7
1991,MARLEE,19,0,19
1991,MARIE-PIER,7,0,7
1991,MARIKA,7,0,7
1991,MARILYN,17,0,17
1991,MARLA,10,0,10
1991,MARION,6,0,6
1991,MARISA,31,0,31
1991,MARISSA,87,0,87
1991,MANDY,41,0,41
1991,MARIYA,6,0,6
1991,MARIANNE,22,0,22
1991,MANDEEP,15,6,9
1991,LORRAINE,14,0,14
1991,MALKA,6,0,6
1991,LORA,7,0,7
1991,MARLENE,6,0,6
1991,LOGAN,82,70,12
1991,LISE,6,0,6
1991,LOREN,10,0,10
1991,LORENA,8,0,8
1991,LORETTA,7,0,7
1991,LORI,22,0,22
1991,LOUISE,17,0,17
1991,LUCIA,14,0,14
1991,LUCIE,10,0,10
1991,LUCILLE,6,0,6
1991,LUCY,22,0,22
1991,LYDIA,34,0,34
1991,LYNDA,6,0,6
1991,LYNDSAY,32,0,32
1991,LYNDSEY,16,0,16
1991,MAIA,7,0,7
1991,MAGGIE,43,0,43
1991,MAGDALENA,9,0,9
1991,MAEGHAN,7,0,7
1991,MAEGAN,10,0,10
1991,MADISON,126,7,119
1991,MALLORY,49,0,49
1991,MADELYN,9,0,9
1991,MADELEINE,59,0,59
1991,MADELAINE,28,0,28
1991,MADDISON,14,0,14
1991,MACKENZIE,163,77,86
1991,LYNSEY,15,0,15
1991,LYNN,15,0,15
1991,MADELINE,50,0,50
1991,MARLEY,18,0,18
1991,MÉLISSA,7,0,7
1991,MARSHA,7,0,7
1991,MIA,9,0,9
1991,MICAELA,7,0,7
1991,MICHAELA,27,0,27
1991,MICHELE,47,11,36
1991,MICHELLE,725,0,725
1991,MIKAELA,14,0,14
1991,MIKAYLA,10,0,10
1991,MIRANDA,133,0,133
1991,MIREILLE,9,0,9
1991,MIRIAM,28,0,28
1991,MISTY,8,0,8
1991,MOLLY,69,0,69
1991,MONA,16,0,16
1991,MONICA,129,0,129
1991,MERISSA,8,0,8
1991,MONIKA,43,0,43
1991,MONTANA,7,0,7
1991,MORGAN,187,45,142
1991,MY,6,0,6
1991,MYRIAM,9,0,9
1991,MÉLANIE,18,0,18
1991,NADA,8,0,8
1991,NADIA,67,0,67
1991,NADINE,49,0,49
1991,NAKITA,9,0,9
1991,NANA,8,0,8
1991,NANCY,54,0,54
1991,LISA,337,0,337
1991,NAOMI,54,0,54
1991,NATALIA,31,0,31
1991,MONIQUE,61,0,61
1991,MARNIE,6,0,6
1991,MEREDITH,39,0,39
1991,MERANDA,6,0,6
1991,MARTA,14,0,14
1991,MARTHA,31,0,31
1991,MARTINA,14,0,14
1991,MARTINE,20,0,20
1991,MARWA,6,0,6
1991,MARY,238,0,238
1991,MARYAM,17,0,17
1991,MARYANN,8,0,8
1991,MARYANNE,8,0,8
1991,MARYSE,9,0,9
1991,MAUREEN,17,0,17
1991,MAXIME,47,40,7
1991,MAXINE,14,0,14
1991,MAY,8,0,8
1991,MERCEDES,35,0,35
1991,MAYA,23,0,23
1991,MEAGAN,194,0,194
1991,MEAGHAN,110,0,110
1991,MEERA,8,0,8
1991,MEGAN,685,0,685
1991,MEGHAN,227,0,227
1991,MELANIE,308,0,308
1991,MELINA,20,0,20
1991,MELINDA,43,0,43
1991,MELISA,7,0,7
1991,MELISSA,894,0,894
1991,MELLISSA,10,0,10
1991,MELODIE,9,0,9
1991,MELODY,32,0,32
1991,MELYSSA,11,0,11
1991,MCKENZIE,18,9,9
1991,LINNEA,13,0,13
1991,KATIE,192,0,192
1991,LINDY,6,0,6
1991,KEISHA,34,0,34
1991,KELLI,11,0,11
1991,KELLIE,19,0,19
1991,KELLY,320,28,292
1991,KELLY-ANN,6,0,6
1991,KELSEA,18,0,18
1991,KELSEY,373,9,364
1991,KELSI,9,0,9
1991,KELSIE,38,0,38
1991,KELSY,10,0,10
1991,KENDALL,14,0,14
1991,KENDRA,98,0,98
1991,KENISHA,6,0,6
1991,KERI,19,0,19
1991,KEIRSTEN,6,0,6
1991,KERRI,21,0,21
1991,KESHIA,18,0,18
1991,KHADIJA,9,0,9
1991,KIAH,6,0,6
1991,KIARA,8,0,8
1991,KIERA,6,0,6
1991,KIERSTEN,16,0,16
1991,KIM,18,0,18
1991,KIMBERLEE,7,0,7
1991,KIMBERLEY,74,0,74
1991,KIMBERLY,194,0,194
1991,KIRA,23,0,23
1991,KIRAN,9,0,9
1991,KIRBY,16,7,9
1991,KIRSTEN,103,0,103
1991,KERRY,23,10,13
1991,KIRSTIE,30,0,30
1991,KEIRA,7,0,7
1991,KAYTLYN,9,0,9
1991,NATALIE,338,0,338
1991,KATARINA,28,0,28
1991,KATARZYNA,12,0,12
1991,KATE,57,0,57
1991,KATE-LYNN,9,0,9
1991,KATELIN,25,0,25
1991,KATELYN,289,0,289
1991,KATELYNN,64,0,64
1991,KATERINA,19,0,19
1991,KATHARINA,8,0,8
1991,KATHARINE,38,0,38
1991,KATHERINE,413,0,413
1991,KATHLEEN,260,0,260
1991,KATHRYN,192,0,192
1991,KEELY,10,0,10
1991,KATHY,17,0,17
1991,KATLIN,8,0,8
1991,KATLYN,40,0,40
1991,KATLYNN,7,0,7
1991,KATRINA,191,0,191
1991,KATRYNA,8,0,8
1991,KATYA,6,0,6
1991,KAVITA,8,0,8
1991,KAYLA,740,0,740
1991,KAYLEA,10,0,10
1991,KAYLEE,31,0,31
1991,KAYLEIGH,30,0,30
1991,KAYLEY,6,0,6
1991,KAYLIE,9,0,9
1991,KAYLYN,10,0,10
1991,KATIE-LYNN,7,0,7
1991,KIRSTIN,18,0,18
1991,KIRSTY,9,0,9
1991,KIRSTYN,13,0,13
1991,LAUREN,532,0,532
1991,LAURIE,19,0,19
1991,LAYLA,6,0,6
1991,LEA,18,0,18
1991,LEAH,175,0,175
1991,LEANDRA,6,0,6
1991,LEANNA,25,0,25
1991,LEANNE,71,0,71
1991,LEE,71,53,18
1991,LEEANNE,8,0,8
1991,LEENA,6,0,6
1991,LEIGH,16,0,16
1991,LEILA,8,0,8
1991,LENA,15,0,15
1991,LAUREL,18,0,18
1991,LESLEY,23,0,23
1991,LETITIA,8,0,8
1991,LIA,13,0,13
1991,LIANA,21,0,21
1991,LIANE,8,0,8
1991,LIANNA,13,0,13
1991,LIISA,6,0,6
1991,LILIAN,7,0,7
1991,LILLIAN,18,0,18
1991,LILLY,6,0,6
1991,LILY,21,0,21
1991,LINA,20,0,20
1991,LINDA,58,0,58
1991,LINDSAY,365,0,365
1991,LINDSEY,103,0,103
1991,LESLIE,63,19,44
1991,LAURA,693,0,693
1991,LATOYA,8,0,8
1991,LATISHA,15,0,15
1991,KORI,6,0,6
1991,KORTNEY,6,0,6
1991,KOURTNEY,12,0,12
1991,KRISTA,144,0,144
1991,KRISTAL,10,0,10
1991,KRISTAN,7,0,7
1991,KRISTEN,269,0,269
1991,KRISTI,12,0,12
1991,KRISTIE,33,0,33
1991,KRISTIN,110,0,110
1991,KRISTINA,141,0,141
1991,KRISTINE,45,0,45
1991,KRISTY,65,0,65
1991,KRISTYN,29,0,29
1991,KRYSTA,19,0,19
1991,KRYSTAL,101,0,101
1991,KRYSTEN,12,0,12
1991,LARISSA,48,0,48
1991,LARA,23,0,23
1991,LANA,8,0,8
1991,LAILA,10,0,10
1991,LACEY,45,0,45
1991,KYRA,23,0,23
1991,LINH,6,0,6
1991,KYLIE,79,0,79
1991,KYLA,68,0,68
1991,KRYSTYNA,7,0,7
1991,KRYSTLE,18,0,18
1991,KRYSTINA,12,0,12
1991,KRYSTIN,11,0,11
1991,KRYSTIE,6,0,6
1991,KYLEE,11,0,11
1991,NATASHA,393,0,393
1991,TRINA,6,0,6
1991,NATHALIE,32,0,32
1991,STACEY,121,0,121
1991,STACI,7,0,7
1991,STACIE,11,0,11
1991,STACY,29,0,29
1991,STEFANI,11,0,11
1991,STEFANIA,14,0,14
1991,STEFANIE,74,0,74
1991,STELLA,9,0,9
1991,STEPHANIE,1324,0,1324
1991,STEPHANY,10,0,10
1991,STEPHENIE,9,0,9
1991,STEVIE,7,0,7
1991,STÉPHANIE,16,0,16
1991,SUMMER,16,0,16
1991,SPENCER,244,236,8
1991,SUSAN,62,0,62
1991,SUSANNE,8,0,8
1991,SUZANNA,6,0,6
1991,SUZANNE,24,0,24
1991,SYDNEY,93,7,86
1991,SYEDA,8,0,8
1991,SYLVIA,32,0,32
1991,SYLVIE,21,0,21
1991,TABATHA,11,0,11
1991,TABITHA,37,0,37
1991,TALIA,23,0,23
1991,TAMAR,10,0,10
1991,TAMARA,82,0,82
1991,TAMIKA,12,0,12
1991,TAMMY,26,0,26
1991,SUSANA,10,0,10
1991,TANIA,34,0,34
1991,SOPHIE,61,0,61
1991,SONYA,27,0,27
1991,SHEILA,18,0,18
1991,SHELBI,9,0,9
1991,SHELBIE,6,0,6
1991,SHELBY,344,12,332
1991,SHELLEY,21,0,21
1991,SHELLY,13,0,13
1991,SHENIKA,9,0,9
1991,SHEREEN,6,0,6
1991,SHERI,7,0,7
1991,SHERRI,9,0,9
1991,SHERRY,12,0,12
1991,SHILPA,6,0,6
1991,SHIRLEY,25,0,25
1991,SHIVANI,7,0,7
1991,SOPHIA,62,0,62
1991,SHONA,8,0,8
1991,SHYANNE,8,0,8
1991,SHYLA,9,0,9
1991,SIERRA,35,0,35
1991,SILVIA,6,0,6
1991,SIMONE,37,0,37
1991,SIMRAN,10,0,10
1991,SINEAD,10,0,10
1991,SIOBHAN,25,0,25
1991,SKYE,22,0,22
1991,SKYLAR,24,13,11
1991,SLOANE,8,0,8
1991,SOFIA,16,0,16
1991,SONIA,48,0,48
1991,SONJA,9,0,9
1991,SHOSHANA,10,0,10
1991,TANIKA,8,0,8
1991,TANISHA,20,0,20
1991,TANYA,104,0,104
1991,TRICIA,12,0,12
1991,KASSANDRA,78,0,78
1991,TRISHA,37,0,37
1991,TRISTA,8,0,8
1991,VALERIE,115,0,115
1991,VALÉRIE,9,0,9
1991,VANESSA,341,0,341
1991,VENESSA,8,0,8
1991,VERA,6,0,6
1991,VERONICA,104,0,104
1991,VERONIKA,7,0,7
1991,VERONIQUE,27,0,27
1991,VICKI,8,0,8
1991,VICKIE,6,0,6
1991,TRACY,52,0,52
1991,VICKY,8,0,8
1991,VIOLET,7,0,7
1991,VIRGINIA,22,0,22
1991,VIVIAN,47,0,47
1991,VÉRONIQUE,6,0,6
1991,WENDY,41,0,41
1991,WHITNEY,51,0,51
1991,WILLOW,6,0,6
1991,WINNIE,9,0,9
1991,YASMIN,14,0,14
1991,YASMINE,10,0,10
1991,YVONNE,21,0,21
1991,ZAHRA,12,0,12
1991,ZAINAB,10,0,10
1991,ZEINAB,6,0,6
1991,VICTORIA,588,0,588
1991,TRACEY,18,0,18
1991,TORI,13,0,13
1991,TONYA,8,0,8
1991,TARA,166,0,166
1991,TARAH,8,0,8
1991,TARYN,42,0,42
1991,TASHA,47,0,47
1991,TATIANA,10,0,10
1991,TAWNYA,7,0,7
1991,TAYLAR,6,0,6
1991,TAYLER,24,9,15
1991,TAYLOR,687,399,288
1991,TEGAN,18,0,18
1991,TENISHA,7,0,7
1991,TERESA,41,0,41
1991,TERI,11,0,11
1991,TERRA,14,0,14
1991,TERRI,11,0,11
1991,TERRILYN,7,0,7
1991,TESS,19,0,19
1991,TONIA,7,0,7
1991,TONI,21,0,21
1991,TINA,61,0,61
1991,TIFFANY,246,0,246
1991,TIANNA,13,0,13
1991,TIANA,16,0,16
1991,SHEENA,27,0,27
1991,TIA,44,0,44
1991,THI,17,0,17
1991,THERESA,49,0,49
1991,THEA,9,0,9
1991,THANH,19,12,7
1991,THALIA,18,0,18
1991,TESSA,52,0,52
1991,THUY,10,0,10
1991,NATASHIA,8,0,8
1991,SHEA,16,9,7
1991,SHAYLENE,6,0,6
1991,PRINCESS,6,0,6
1991,PRISCILLA,28,0,28
1991,PRIYA,23,0,23
1991,PRIYANKA,9,0,9
1991,PUNEET,7,0,7
1991,RACHAEL,97,0,97
1991,RACHEAL,12,0,12
1991,RACHEL,628,0,628
1991,RACHELE,9,0,9
1991,RACHELLE,64,0,64
1991,RAEANNE,6,0,6
1991,RANDI,22,0,22
1991,RAQUEL,42,0,42
1991,RAVEN,26,0,26
1991,PRABHJOT,6,0,6
1991,RAVNEET,10,0,10
1991,REBECCA,866,0,866
1991,REBEKAH,54,0,54
1991,REBEKKA,9,0,9
1991,REENA,6,0,6
1991,REGAN,13,6,7
1991,RENAE,6,0,6
1991,RENATA,9,0,9
1991,RENE,23,15,8
1991,RENEE,90,0,90
1991,RENELLE,7,0,7
1991,RENÉE,6,0,6
1991,RHEA,14,0,14
1991,RHIANNON,17,0,17
1991,RHONDA,11,0,11
1991,RAYANNE,6,0,6
1991,RICHELLE,20,0,20
1991,PORTIA,8,0,8
1991,PHOEBE,8,0,8
1991,NAVNEET,8,0,8
1991,NEHA,12,0,12
1991,NGOC,12,0,12
1991,NIA,6,0,6
1991,NIAMH,7,0,7
1991,NICHOLE,34,0,34
1991,NICOLA,32,16,16
1991,NICOLE,929,0,929
1991,NICOLETTE,28,0,28
1991,NICOLLE,7,0,7
1991,NICOLLETTE,8,0,8
1991,NIKI,11,0,11
1991,NIKITA,21,0,21
1991,NIKKI,43,0,43
1991,POOJA,7,0,7
1991,NINA,32,0,32
1991,NOOR,6,0,6
1991,NORA,17,0,17
1991,NORAH,7,0,7
1991,OLIVIA,304,0,304
1991,PAIGE,152,0,152
1991,PAISLEY,6,0,6
1991,PAMELA,57,0,57
1991,PASCALE,10,0,10
1991,PATRICE,7,0,7
1991,PATRICIA,132,0,132
1991,PAULA,57,0,57
1991,PAULINA,26,0,26
1991,PAULINE,24,0,24
1991,PETRA,10,0,10
1991,NOELLE,12,0,12
1991,RIKKI,7,0,7
1991,RILEY,80,63,17
1991,RIMA,10,0,10
1991,SANTANA,6,0,6
1991,SARA,413,0,413
1991,SARAH,1586,0,1586
1991,SARINA,12,0,12
1991,SASHA,61,10,51
1991,SAVANNAH,24,0,24
1991,SCARLETT,6,0,6
1991,SEEMA,8,0,8
1991,SELENA,12,0,12
1991,SELINA,19,0,19
1991,SERENA,32,0,32
1991,SHABNAM,7,0,7
1991,SHALINI,7,0,7
1991,SHANA,15,0,15
1991,SANDY,21,0,21
1991,SHANEL,6,0,6
1991,SHANICE,7,0,7
1991,SHANIKA,6,0,6
1991,SHANIQUA,10,0,10
1991,SHANNA,12,0,12
1991,SHANNAN,6,0,6
1991,SHANNEL,6,0,6
1991,SHANNEN,7,0,7
1991,SHANNON,327,7,320
1991,SHANTEL,31,0,31
1991,SHANTELL,6,0,6
1991,SHARON,45,0,45
1991,SHAUNA,50,0,50
1991,SHAWNA,73,0,73
1991,SHAYLA,22,0,22
1991,SHANELLE,17,0,17
1991,SANDRA,89,0,89
1991,SANDEEP,13,6,7
1991,SANA,10,0,10
1991,RITA,18,0,18
1991,ROBERTA,11,0,11
1991,ROBIN,99,36,63
1991,ROBYN,116,0,116
1991,ROCHELLE,43,0,43
1991,ROSA,11,0,11
1991,ROSALIE,11,0,11
1991,ROSALIND,6,0,6
1991,ROSANNA,10,0,10
1991,ROSE,27,0,27
1991,ROSEMARIE,7,0,7
1991,ROSEMARY,22,0,22
1991,ROXANNE,44,0,44
1991,RUBY,14,0,14
1991,RUTH,21,0,21
1991,RYAN,1446,1438,8
1991,SABRINA,199,0,199
1991,SAMIRA,8,0,8
1991,SAMARA,13,0,13
1991,SAMANTHA,1362,0,1362
1991,SAMANTA,7,0,7
1991,SALMA,6,0,6
1991,SALLY,19,0,19
1991,SHAYNA,23,0,23
1991,SALINA,6,0,6
1991,SAHAR,9,0,9
1991,SAHANA,6,0,6
1991,SAGAL,8,0,8
1991,SAFIA,7,0,7
1991,SADIE,23,0,23
1991,SADIA,7,0,7
1991,SAHRA,6,0,6
1991,KASANDRA,13,0,13
1991,DEBORAH,31,0,31
1991,KAROLINA,15,0,15
1991,BRITTNI,11,0,11
1991,BRONWYN,21,0,21
1991,BROOK,11,5,6
1991,BROOKE,151,0,151
1991,BROOKLYN,11,0,11
1991,BRYANNA,16,0,16
1991,BRYANNE,7,0,7
1991,BRYNN,6,0,6
1991,CAILEY,11,0,11
1991,CAITLIN,278,0,278
1991,CAITLYN,82,0,82
1991,CAITLYNN,11,0,11
1991,CALEIGH,8,0,8
1991,CALLIE,18,0,18
1991,BRITTNEY,99,0,99
1991,CAMILLE,47,0,47
1991,CANDICE,93,0,93
1991,CARA,48,0,48
1991,CARINA,11,0,11
1991,CARISSA,38,0,38
1991,CARLA,31,0,31
1991,CARLEE,17,0,17
1991,CARLEIGH,19,0,19
1991,CARLENE,9,0,9
1991,CARLEY,48,0,48
1991,CARLI,11,0,11
1991,CARLIE,19,0,19
1991,CARLING,14,0,14
1991,CARLY,206,0,206
1991,CARMELA,6,0,6
1991,CANDACE,75,0,75
1991,CARMEN,38,5,33
1991,BRITTANY,900,0,900
1991,BRITTANI,7,0,7
1991,BEATRICE,10,0,10
1991,BECKY,7,0,7
1991,BELINDA,10,0,10
1991,BERNADETTE,7,0,7
1991,BETH,15,0,15
1991,BETHANY,78,0,78
1991,BETTY,12,0,12
1991,BEVERLEY,6,0,6
1991,BEVERLY,9,0,9
1991,BIANCA,99,0,99
1991,BLAIR,61,52,9
1991,BLAIRE,6,0,6
1991,BOBBI,7,0,7
1991,BONNIE,26,0,26
1991,BRITTANIE,8,0,8
1991,BRANDI,36,0,36
1991,BRANDY,18,0,18
1991,BREANNA,50,0,50
1991,BREANNE,56,0,56
1991,BRENDA,38,0,38
1991,BRENNA,21,0,21
1991,BRIANA,24,0,24
1991,BRIANNA,116,0,116
1991,BRIANNE,94,0,94
1991,BRIAR,6,0,6
1991,BRIDGET,25,0,25
1991,BRIGITTE,27,0,27
1991,BRITANY,10,0,10
1991,BRITNEY,54,0,54
1991,BRITTANEY,7,0,7
1991,BRANDIE,6,0,6
1991,CAROL,28,0,28
1991,CAROLINA,13,0,13
1991,CAROLINE,141,0,141
1991,CHAYA,8,0,8
1991,CHELSEA,371,0,371
1991,CHELSEY,98,0,98
1991,CHELSIE,14,0,14
1991,CHERISE,11,0,11
1991,CHERYL,42,0,42
1991,CHEYANNE,10,0,10
1991,CHEYENNE,56,0,56
1991,CHIARA,8,0,8
1991,CHLOE,87,0,87
1991,CHRISTA,8,0,8
1991,CHRISTIANA,6,0,6
1991,CHRISTIANNE,7,0,7
1991,CHRISTIE,31,0,31
1991,CHARNELLE,7,0,7
1991,CHRISTINA,372,0,372
1991,CHRYSTAL,8,0,8
1991,CIARA,30,0,30
1991,CIERRA,6,0,6
1991,CINDY,58,0,58
1991,CLAIRE,89,0,89
1991,CLARA,22,0,22
1991,CLARE,15,0,15
1991,CLARISSA,16,0,16
1991,CLAUDIA,47,0,47
1991,CODY,595,589,6
1991,COLETTE,7,0,7
1991,COLLEEN,58,0,58
1991,CONNIE,11,0,11
1991,CONSTANCE,18,0,18
1991,CHRISTINE,299,0,299
1991,CHARMAINE,9,0,9
1991,CHARLOTTE,85,0,85
1991,CHARLENE,44,0,44
1991,CAROLYN,94,0,94
1991,CARRIE,45,0,45
1991,CARYN,6,0,6
1991,CASANDRA,18,0,18
1991,CASEY,99,53,46
1991,CASSANDRA,469,0,469
1991,CASSAUNDRA,8,0,8
1991,CASSIDY,11,0,11
1991,CASSIE,12,0,12
1991,CASSONDRA,7,0,7
1991,CATERINA,7,0,7
1991,CATHARINE,6,0,6
1991,CATHERINE,206,0,206
1991,CATHY,16,0,16
1991,CAYLA,13,0,13
1991,CECILIA,13,0,13
1991,CEILIDH,11,0,11
1991,CHARITY,9,0,9
1991,CHANTELLE,86,0,86
1991,CHANTELL,8,0,8
1991,CHANTEL,94,0,94
1991,CHANTALLE,7,0,7
1991,CHANTALE,10,0,10
1991,BARBARA,42,0,42
1991,CHANTAL,163,0,163
1991,CHANEL,50,0,50
1991,CHANDRA,6,0,6
1991,CELINE,29,0,29
1991,CELINA,21,0,21
1991,CELIA,7,0,7
1991,CELESTE,19,0,19
1991,CHANELLE,28,0,28
1991,CORA,10,0,10
1991,BAILEY,77,0,77
1991,AYLA,8,0,8
1991,ALEX,154,146,8
1991,ALEXA,48,0,48
1991,ALEXANDRA,625,0,625
1991,ALEXANDREA,15,0,15
1991,ALEXANDRIA,116,0,116
1991,ALEXIA,7,0,7
1991,ALEXIS,96,7,89
1991,ALI,57,47,10
1991,ALIA,9,0,9
1991,ALICE,43,0,43
1991,ALICIA,237,0,237
1991,ALISA,18,0,18
1991,ALISHA,73,0,73
1991,ALISON,142,0,142
1991,ALESSIA,28,0,28
1991,ALISSA,26,0,26
1991,ALIYA,8,0,8
1991,ALLANA,7,0,7
1991,ALLIE,6,0,6
1991,ALLISON,171,0,171
1991,ALLYSA,8,0,8
1991,ALLYSON,27,0,27
1991,ALLYSSA,8,0,8
1991,ALYCIA,35,0,35
1991,ALYSHA,89,0,89
1991,ALYSHIA,20,0,20
1991,ALYSIA,13,0,13
1991,ALYSON,24,0,24
1991,ALYSSA,405,0,405
1991,ALYSSIA,12,0,12
1991,ALIX,11,0,11
1991,ALYXANDRA,6,0,6
1991,ALESSANDRA,31,0,31
1991,ALENA,7,0,7
1991,ZOE,51,0,51
1991,ABBEY,11,0,11
1991,ABBY,14,0,14
1991,ABIGAIL,45,0,45
1991,ADA,6,0,6
1991,ADELAIDE,8,0,8
1991,ADELE,8,0,8
1991,ADINA,6,0,6
1991,ADRIANA,49,0,49
1991,ADRIANNA,27,0,27
1991,ADRIENNE,50,0,50
1991,AGANETHA,7,0,7
1991,AGATA,8,0,8
1991,AGATHA,7,0,7
1991,ALESHA,7,0,7
1991,AGNES,11,0,11
1991,AILEEN,11,0,11
1991,AIMEE,36,0,36
1991,AINSLEY,12,0,12
1991,AISHA,30,0,30
1991,AISHAH,7,0,7
1991,AISLINN,8,0,8
1991,ALAINA,16,0,16
1991,ALANA,102,0,102
1991,ALANAH,14,0,14
1991,ALANNA,96,0,96
1991,ALANNAH,49,0,49
1991,ALECIA,9,0,9
1991,ALEISHA,14,0,14
1991,ALEKSANDRA,11,0,11
1991,AGNIESZKA,6,0,6
1991,AMAL,8,0,8
1991,AMANDA,1265,0,1265
1991,AMANDEEP,18,11,7
1991,ANNETTE,17,0,17
1991,ANNIE,36,0,36
1991,ANNIKA,8,0,8
1991,ANTONIA,12,0,12
1991,APRIL,99,0,99
1991,ARIANA,16,0,16
1991,ARIANE,9,0,9
1991,ARIANNA,19,0,19
1991,ARIANNE,7,0,7
1991,ARIEL,74,11,63
1991,ARIELLE,30,0,30
1991,ARLENE,6,0,6
1991,ASHA,9,0,9
1991,ASHLEE,36,0,36
1991,ANNE-MARIE,18,0,18
1991,ASHLEIGH,53,0,53
1991,ASHLEY-ANN,7,0,7
1991,ASHLEY-ANNE,7,0,7
1991,ASHLY,9,0,9
1991,ASHLYN,14,0,14
1991,ASHTON,45,30,15
1991,ATHENA,12,0,12
1991,AUBREY,13,7,6
1991,AUDREY,43,0,43
1991,AURORA,7,0,7
1991,AUTUMN,19,0,19
1991,AVALON,6,0,6
1991,AVERY,34,8,26
1991,AVIVA,6,0,6
1991,AYESHA,9,0,9
1991,ASHLEY,1207,0,1207
1991,ANNE,74,0,74
1991,ANNABELLE,7,0,7
1991,ANNA,199,0,199
1991,AMARA,6,0,6
1991,AMBER,309,0,309
1991,AMBER-LYNN,9,0,9
1991,AMELIA,81,0,81
1991,AMELIE,9,0,9
1991,AMIE,9,0,9
1991,AMINA,9,0,9
1991,AMRITA,12,0,12
1991,AMY,343,0,343
1991,ANA,20,0,20
1991,ANASTASIA,34,0,34
1991,ANDREA,350,6,344
1991,ANDREANNE,8,0,8
1991,ANDREIA,9,0,9
1991,ANDRIA,6,0,6
1991,ANGEL,32,0,32
1991,ANGELA,225,0,225
1991,ANN-MARIE,6,0,6
1991,ANN,14,0,14
1991,ANITA,41,0,41
1991,ANISHA,7,0,7
1991,ANISA,14,0,14
1991,ANIKA,16,0,16
1991,BABY,39,20,19
1991,ANIK,8,0,8
1991,ANGELIQUE,8,0,8
1991,ANGELINE,7,0,7
1991,ANGELINA,14,0,14
1991,ANGELIKA,9,0,9
1991,ANGELICA,30,0,30
1991,ANGELE,13,0,13
1991,ANGIE,6,0,6
1991,KARYN,11,0,11
1991,COREY,258,250,8
1991,CORINA,10,0,10
1991,JANINA,8,0,8
1991,JANINE,35,0,35
1991,JANNA,11,0,11
1991,JASMIN,40,5,35
1991,JASMINE,136,0,136
1991,JASPREET,23,6,17
1991,JAYDE,8,0,8
1991,JAYME,22,6,16
1991,JAYMIE,8,0,8
1991,JAZMIN,10,0,10
1991,JAZMINE,12,0,12
1991,JEAN,35,29,6
1991,JEANETTE,6,0,6
1991,JEANNETTE,6,0,6
1991,JANICE,32,0,32
1991,JEANNINE,9,0,9
1991,JENA,11,0,11
1991,JENELLE,11,0,11
1991,JENESSA,7,0,7
1991,JENIFER,9,0,9
1991,JENNA,300,0,300
1991,JENNIE,17,0,17
1991,JENNIFER,968,0,968
1991,JENNY,69,0,69
1991,JERRICA,7,0,7
1991,JESSE,626,603,23
1991,JESSI,14,0,14
1991,JESSICA,2169,0,2169
1991,JESSICA-LYNN,8,0,8
1991,JESSIE,149,45,104
1991,JELENA,6,0,6
1991,JESSIKA,9,0,9
1991,JANETTE,7,0,7
1991,JANESSA,15,0,15
1991,HOLLY,170,0,170
1991,HOPE,25,0,25
1991,IDIL,7,0,7
1991,IESHA,12,0,12
1991,ILANA,11,0,11
1991,INGRID,9,0,9
1991,IRENE,26,0,26
1991,IRIS,7,0,7
1991,ISABEL,19,0,19
1991,ISABELLA,17,0,17
1991,ISABELLE,48,0,48
1991,IVANA,11,0,11
1991,IVY,6,0,6
1991,JACKLYN,17,0,17
1991,JANET,44,0,44
1991,JACLYN,109,0,109
1991,JACQUELYN,19,0,19
1991,JADE,98,7,91
1991,JAIME,57,14,43
1991,JAIMEE,11,0,11
1991,JAIMIE,16,0,16
1991,JAMI,10,0,10
1991,JAMIE,311,167,144
1991,JAMIE-LEE,15,0,15
1991,JAMIE-LYNN,8,0,8
1991,JAMILA,11,0,11
1991,JANA,9,0,9
1991,JANE,29,0,29
1991,JANEL,7,0,7
1991,JANELLE,54,0,54
1991,JACQUELINE,199,0,199
1991,JESSLYN,6,0,6
1991,JESSY,29,19,10
1991,JILL,30,0,30
1991,KAILEE,14,0,14
1991,KAILEIGH,14,0,14
1991,KAILEY,49,0,49
1991,KAILYN,11,0,11
1991,KAITLIN,151,0,151
1991,KAITLYN,344,0,344
1991,KAITLYNN,33,0,33
1991,KALA,6,0,6
1991,KALEIGH,36,0,36
1991,KALEY,6,0,6
1991,KALI,11,0,11
1991,KALLI,6,0,6
1991,KALLY,6,0,6
1991,KAMILA,6,0,6
1991,KAILA,34,0,34
1991,KANDACE,6,0,6
1991,KARA,81,0,81
1991,KAREN,111,0,111
1991,KARI,15,0,15
1991,KARIN,13,0,13
1991,KARINA,28,0,28
1991,KARINE,21,0,21
1991,KARISSA,19,0,19
1991,KARLA,24,0,24
1991,KARLEE,23,0,23
1991,KARLEIGH,6,0,6
1991,KARLEY,19,0,19
1991,KARLI,22,0,22
1991,KARLIE,16,0,16
1991,KARLY,28,0,28
1991,KANDICE,11,0,11
1991,KAELA,11,0,11
1991,KACIE,7,0,7
1991,KA,10,0,10
1991,JILLIAN,127,0,127
1991,JOANA,6,0,6
1991,JOANNA,100,0,100
1991,JOANNE,38,0,38
1991,JOCELYN,80,0,80
1991,JOCELYNE,15,0,15
1991,JODI,35,0,35
1991,JODIE,19,0,19
1991,JODY,16,9,7
1991,JOELLE,18,0,18
1991,JOHANNA,24,0,24
1991,JOLENE,21,0,21
1991,JORDAN,1211,1114,97
1991,JORDANA,24,0,24
1991,JORDEN,15,7,8
1991,JORDYN,21,0,21
1991,JOSEE,18,0,18
1991,JUSTINE,127,0,127
1991,JUSTINA,8,0,8
1991,JULIE,206,0,206
1991,JULIANNE,37,0,37
1991,JULIANNA,22,0,22
1991,JULIANA,23,0,23
1991,HOLLIE,15,0,15
1991,JULIA,365,0,365
1991,JUDITH,12,0,12
1991,JOYCE,14,0,14
1991,JOY,11,0,11
1991,JOSÉE,7,0,7
1991,JOSIE,11,0,11
1991,JOSEPHINE,31,0,31
1991,JUDY,19,0,19
1991,CORI,7,0,7
1991,HODAN,6,0,6
1991,HILARY,101,0,101
1991,DEVIN,175,149,26
1991,DEVON,202,142,60
1991,DEVYN,16,5,11
1991,DIANA,130,0,130
1991,DIANDRA,6,0,6
1991,DIANE,37,0,37
1991,DIANNA,17,0,17
1991,DIANNE,10,0,10
1991,DINA,11,0,11
1991,DOMINIQUE,59,13,46
1991,DONNA,35,0,35
1991,DORIS,7,0,7
1991,DOROTHY,19,0,19
1991,DREW,84,78,6
1991,DEVAN,29,16,13
1991,EBONY,6,0,6
1991,EDITH,7,0,7
1991,EDNA,8,0,8
1991,EILEEN,8,0,8
1991,ELAINE,34,0,34
1991,ELEANOR,14,0,14
1991,ELENA,33,0,33
1991,ELENI,8,0,8
1991,ELISA,28,0,28
1991,ELISABETH,21,0,21
1991,ELISE,31,0,31
1991,ELISHA,31,6,25
1991,ELISSA,17,0,17
1991,ELIZA,6,0,6
1991,ELIZABETH,464,0,464
1991,EDEN,16,0,16
1991,ELLA,9,0,9
1991,DESTINY,15,0,15
1991,DENISE,53,0,53
1991,CORINNE,32,0,32
1991,CORRINE,8,0,8
1991,CORTNEY,22,0,22
1991,CORY,188,182,6
1991,COURTNEY,424,11,413
1991,CRISTINA,49,0,49
1991,CRYSTAL,164,0,164
1991,CYNTHIA,69,0,69
1991,DAINA,7,0,7
1991,DAISY,10,0,10
1991,DAKOTA,63,44,19
1991,DALLAS,27,19,8
1991,DANA,97,8,89
1991,DANICA,23,0,23
1991,DESIREE,51,0,51
1991,DANIELA,70,0,70
1991,DANIELLE,588,0,588
1991,DANIKA,35,0,35
1991,DAPHNE,11,0,11
1991,DARCIE,6,0,6
1991,DARCY,54,42,12
1991,DARLENE,11,0,11
1991,DAWN,30,0,30
1991,DAYNA,40,0,40
1991,DEANA,8,0,8
1991,DEANNA,92,0,92
1991,DEBBIE,10,0,10
1991,DEIDRE,10,0,10
1991,DEIRDRE,7,0,7
1991,DEMI,8,0,8
1991,DANIELLA,37,0,37
1991,ELLEN,48,0,48
1991,ELSA,8,0,8
1991,ELYSE,33,0,33
1991,GABRIELLE,71,0,71
1991,GAIL,7,0,7
1991,GENEVIEVE,57,0,57
1991,GEORGIA,25,0,25
1991,GEORGINA,15,0,15
1991,GILLIAN,70,0,70
1991,GINA,15,0,15
1991,GIOVANNA,9,0,9
1991,GISELLE,8,0,8
1991,GIULIA,13,0,13
1991,GLORIA,35,0,35
1991,GRACE,72,0,72
1991,HAILEE,7,0,7
1991,HAILEY,82,0,82
1991,GABRIELLA,44,0,44
1991,HALEIGH,8,0,8
1991,HALIMA,7,0,7
1991,HANA,10,0,10
1991,HANNA,26,0,26
1991,HANNAH,185,0,185
1991,HARJOT,6,0,6
1991,HARPREET,18,6,12
1991,HAYLEE,6,0,6
1991,HAYLEY,102,0,102
1991,HAZEL,6,0,6
1991,HEATHER,332,0,332
1991,HEIDI,48,0,48
1991,HELEN,44,0,44
1991,HELENA,17,0,17
1991,HIBO,6,0,6
1991,HALEY,80,0,80
1991,GABRIELA,27,0,27
1991,FRANCESCA,26,0,26
1991,FRANCES,19,0,19
1991,ELYSHA,9,0,9
1991,ELYSIA,12,0,12
1991,ELYSSA,6,0,6
1991,EMILEE,9,0,9
1991,EMILIA,13,0,13
1991,EMILIE,83,0,83
1991,EMILY,874,0,874
1991,EMMA,263,0,263
1991,EMMA-LEE,6,0,6
1991,ERICA,193,0,193
1991,ERICKA,6,0,6
1991,ERIKA,131,0,131
1991,ERIN,370,0,370
1991,ERYN,6,0,6
1991,ESTHER,35,0,35
1991,EUNICE,9,0,9
1991,EVA,42,0,42
1991,FLORENCE,10,0,10
1991,FLORA,11,0,11
1991,FIONA,46,0,46
1991,FILOMENA,6,0,6
1991,FELICITY,7,0,7
1991,FELICIA,109,0,109
1991,HILLARY,50,0,50
1991,FATIMA,23,0,23
1991,FARAH,14,0,14
1991,FALLON,9,0,9
1991,FAITH,17,0,17
1991,EVELYN,22,0,22
1991,EVE,8,0,8
1991,EVANGELINE,6,0,6
1991,FARRAH,9,0,9
1991,ALLYSHA,6,0,6
1991,GURPREET,15,7,8
1991,REMI,5,5,0
1991,MATHIAS,8,8,0
1991,MATHIEU,125,125,0
1991,MATT,8,8,0
1991,MATTEO,6,6,0
1991,MATTHEW,2229,2229,0
1991,MATTHIAS,6,6,0
1991,MATTHIEU,16,16,0
1991,MAURICE,17,17,0
1991,MAURICIO,5,5,0
1991,MAVERICK,5,5,0
1991,MAX,37,37,0
1991,MATHEW,258,258,0
1991,MAXIM,13,13,0
1991,MAXWELL,78,78,0
1991,MELVIN,13,13,0
1991,MERVIN,6,6,0
1991,MICHAEL,2560,2560,0
1991,MICHAL,16,16,0
1991,MICHEAL,133,133,0
1991,MICHEL,64,64,0
1991,MIGUEL,22,22,0
1991,MIKAEL,7,7,0
1991,MIKE,18,18,0
1991,MIKHAIL,8,8,0
1991,MAXIMILIAN,15,15,0
1991,MATEUSZ,13,13,0
1991,MASSIMO,8,8,0
1991,MASON,52,52,0
1991,LUKAS,23,23,0
1991,LUKASZ,6,6,0
1991,LUKE,166,166,0
1991,LYLE,9,9,0
1991,MAHAD,6,6,0
1991,MAHDI,6,6,0
1991,MALCOLM,55,55,0
1991,MANUEL,11,11,0
1991,MARC,149,149,0
1991,MARC-ANDRE,13,13,0
1991,MARC-ANDRÉ,8,8,0
1991,MARCEL,20,20,0
1991,MARCELLO,6,6,0
1991,MARCO,70,70,0
1991,MARCOS,7,7,0
1991,MARCUS,103,103,0
1991,MAREK,6,6,0
1991,MARIO,50,50,0
1991,MARK,561,561,0
1991,MARKO,13,13,0
1991,MARKUS,12,12,0
1991,MARLON,30,30,0
1991,MARTEN,5,5,0
1991,MARTIN,144,144,0
1991,MARVIN,8,8,0
1991,MILAN,8,8,0
1991,LUKA,7,7,0
1991,MILES,15,15,0
1991,MITCH,6,6,0
1991,NICHOLAUS,6,6,0
1991,NICK,6,6,0
1991,NICKOLAS,31,31,0
1991,NICO,7,7,0
1991,NICOLAS,120,120,0
1991,NIGEL,53,53,0
1991,NIKOLA,15,15,0
1991,NIKOLAI,6,6,0
1991,NIKOLAOS,5,5,0
1991,NIKOLAS,28,28,0
1991,NIMA,6,6,0
1991,NICHOLAS,989,989,0
1991,NOAH,44,44,0
1991,NOLAN,70,70,0
1991,NORMAN,24,24,0
1991,NUNO,7,7,0
1991,OLIVER,49,49,0
1991,OLIVIER,10,10,0
1991,OMAR,59,59,0
1991,OMER,9,9,0
1991,OSCAR,17,17,0
1991,OSMAN,13,13,0
1991,OWEN,41,41,0
1991,PABLO,8,8,0
1991,NOEL,5,5,0
1991,NIALL,9,9,0
1991,NGUYEN,5,5,0
1991,NEVIN,9,9,0
1991,MITCHEL,17,17,0
1991,MITCHELL,368,368,0
1991,MOHAMAD,11,11,0
1991,MOHAMED,46,46,0
1991,MOHAMMAD,21,21,0
1991,MOHAMMED,33,33,0
1991,MORDECHAI,5,5,0
1991,MORRIS,5,5,0
1991,MOSES,8,8,0
1991,MOSHE,9,9,0
1991,MUHAMMAD,11,11,0
1991,MUHAMMED,5,5,0
1991,MURRAY,16,16,0
1991,MUSTAFA,8,8,0
1991,MYLES,63,63,0
1991,NABEEL,7,7,0
1991,NADER,10,10,0
1991,NATHAN,434,434,0
1991,NATHANAEL,13,13,0
1991,NATHANIAL,16,16,0
1991,NATHANIEL,126,126,0
1991,NAVDEEP,7,7,0
1991,NEAL,12,12,0
1991,NEIL,100,100,0
1991,NELSON,37,37,0
1991,MINH,5,5,0
1991,PAOLO,16,16,0
1991,LUIS,23,23,0
1991,LUCAS,199,199,0
1991,JULIEN,31,31,0
1991,JULIO,6,6,0
1991,JULIUS,8,8,0
1991,JUNAID,6,6,0
1991,JUSTIN,1131,1131,0
1991,JUSTYN,7,7,0
1991,K,6,6,0
1991,KADEEM,51,51,0
1991,KAI,7,7,0
1991,KALE,9,9,0
1991,KALEB,11,11,0
1991,JULIANO,7,7,0
1991,KALVIN,9,9,0
1991,KAMERON,6,6,0
1991,KAMIL,14,14,0
1991,KANE,7,7,0
1991,KARAN,6,6,0
1991,KAREEM,22,22,0
1991,KARIM,6,6,0
1991,KARL,29,29,0
1991,KARSTEN,7,7,0
1991,KEATON,13,13,0
1991,KEEGAN,53,53,0
1991,KEELAN,8,8,0
1991,KAMAL,8,8,0
1991,JULIAN,124,124,0
1991,JULES,5,5,0
1991,JUAN,13,13,0
1991,JOEY,50,50,0
1991,JOHAN,13,13,0
1991,JOHN,712,712,0
1991,JOHNATHAN,126,126,0
1991,JOHNATHON,53,53,0
1991,JOHNNY,17,17,0
1991,JOHNSON,10,10,0
1991,JOHNSTON,5,5,0
1991,JON,14,14,0
1991,JONAH,31,31,0
1991,JONAS,7,7,0
1991,JONATHAN,824,824,0
1991,JONATHON,90,90,0
1991,JORDON,68,68,0
1991,JORGE,16,16,0
1991,JORY,12,12,0
1991,JOSE,33,33,0
1991,JOSEF,9,9,0
1991,JOSEPH,963,963,0
1991,JOSH,15,15,0
1991,JOSHUA,1397,1397,0
1991,JOSIAH,22,22,0
1991,JOSUE,6,6,0
1991,JOURDAN,5,5,0
1991,JOVAN,5,5,0
1991,KEENAN,32,32,0
1991,LUIGI,10,10,0
1991,KEIFER,6,6,0
1991,KELVIN,35,35,0
1991,LANDON,22,22,0
1991,LARRY,9,9,0
1991,LAURENCE,6,6,0
1991,LAWRENCE,25,25,0
1991,LAWSON,5,5,0
1991,LEO,24,24,0
1991,LEON,8,8,0
1991,LEONARD,15,15,0
1991,LEONARDO,12,12,0
1991,LEROY,5,5,0
1991,LESTER,8,8,0
1991,LANCE,24,24,0
1991,LEVI,24,24,0
1991,LEWIS,16,16,0
1991,LIAM,87,87,0
1991,LIBAN,8,8,0
1991,LINCOLN,7,7,0
1991,LIONEL,7,7,0
1991,LLOYD,17,17,0
1991,LORENZO,5,5,0
1991,LORNE,17,17,0
1991,LOUIS,38,38,0
1991,LUC,37,37,0
1991,LUCA,19,19,0
1991,LEVON,5,5,0
1991,LAMAR,9,9,0
1991,KYLER,5,5,0
1991,KYLE,1352,1352,0
1991,KEN,7,7,0
1991,KENNETH,202,202,0
1991,KENNY,24,24,0
1991,KENT,13,13,0
1991,KEON,7,7,0
1991,KEVEN,10,10,0
1991,KEVIN,955,955,0
1991,KHALID,14,14,0
1991,KIEFER,17,17,0
1991,KIERAN,31,31,0
1991,KIRK,44,44,0
1991,KODI,11,11,0
1991,KODIE,7,7,0
1991,KODY,65,65,0
1991,KOFI,6,6,0
1991,KONRAD,13,13,0
1991,KOREY,9,9,0
1991,KORY,30,30,0
1991,KRIS,6,6,0
1991,KRISTIAN,27,27,0
1991,KRISTOFER,16,16,0
1991,KRISTOFFER,13,13,0
1991,KRISTOPHER,91,91,0
1991,KURT,37,37,0
1991,KURTIS,106,106,0
1991,KEITH,117,117,0
1991,PARKER,15,15,0
1991,PASCAL,13,13,0
1991,PASQUALE,9,9,0
1991,TEVIN,20,20,0
1991,THEODORE,24,24,0
1991,THOMAS,596,596,0
1991,TIAGO,8,8,0
1991,TIM,5,5,0
1991,TIMOTHY,325,325,0
1991,TOBIAS,9,9,0
1991,TODD,61,61,0
1991,TOM,16,16,0
1991,TOMAS,7,7,0
1991,TOMASZ,10,10,0
1991,TERRY,40,40,0
1991,TOMISLAV,7,7,0
1991,TONY,52,52,0
1991,TORIN,5,5,0
1991,TORY,6,6,0
1991,TRAVIS,327,327,0
1991,TRENT,26,26,0
1991,TRENTON,6,6,0
1991,TREVER,5,5,0
1991,TREVOR,283,283,0
1991,TRISTAN,96,96,0
1991,TRISTIN,6,6,0
1991,TRISTON,6,6,0
1991,TOMMY,14,14,0
1991,TERRENCE,23,23,0
1991,TERRELL,6,6,0
1991,TERRANCE,18,18,0
1991,STANLEY,23,23,0
1991,STEFAN,86,86,0
1991,STEFANO,23,23,0
1991,STEPHAN,30,30,0
1991,STEPHANE,37,37,0
1991,STEPHEN,467,467,0
1991,STEVAN,7,7,0
1991,STEVE,22,22,0
1991,STEVEN,712,712,0
1991,STEWART,26,26,0
1991,STORM,7,7,0
1991,STUART,66,66,0
1991,SUKHDEEP,6,6,0
1991,SUMEET,6,6,0
1991,SUNDEEP,5,5,0
1991,SUNNY,5,5,0
1991,SYED,7,7,0
1991,SYLVAIN,10,10,0
1991,TALON,6,6,0
1991,TANNER,72,72,0
1991,TAREK,7,7,0
1991,TARIQ,5,5,0
1991,TAVIS,5,5,0
1991,TED,6,6,0
1991,TERENCE,29,29,0
1991,TROY,96,96,0
1991,SOLOMON,8,8,0
1991,TRUNG,5,5,0
1991,TY,15,15,0
1991,WESTON,5,5,0
1991,WILFRED,7,7,0
1991,WILL,9,9,0
1991,WILLIAM,629,629,0
1991,WILLIE,6,6,0
1991,WILLIS,6,6,0
1991,WILSON,21,21,0
1991,WINSTON,9,9,0
1991,WYATT,15,15,0
1991,XAVIER,24,24,0
1991,YANNICK,9,9,0
1991,WESTLEY,5,5,0
1991,YEHUDA,6,6,0
1991,YVES,7,7,0
1991,ZACHARIAH,15,15,0
1991,ZACHARIE,10,10,0
1991,ZACHARY,514,514,0
1991,ZACHERY,17,17,0
1991,ZACKARY,24,24,0
1991,ZACKERY,8,8,0
1991,ZAIN,11,11,0
1991,ZAKARIA,6,6,0
1991,ZAKARY,7,7,0
1991,ZANE,13,13,0
1991,YUSUF,11,11,0
1991,WESLEY,159,159,0
1991,WAYNE,47,47,0
1991,WARREN,31,31,0
1991,TYE,7,7,0
1991,TYLER,1155,1155,0
1991,TYLOR,28,28,0
1991,TYREL,6,6,0
1991,TYRELL,16,16,0
1991,TYRONE,33,33,0
1991,TYSON,60,60,0
1991,UMAR,5,5,0
1991,USMAN,5,5,0
1991,VAN,5,5,0
1991,VARUN,5,5,0
1991,VASILIOS,5,5,0
1991,VERNON,7,7,0
1991,VICTOR,91,91,0
1991,VIKRAM,8,8,0
1991,VINCE,7,7,0
1991,VINCENT,125,125,0
1991,VINCENZO,21,21,0
1991,VINH,7,7,0
1991,VISHAL,6,6,0
1991,VITO,9,9,0
1991,VIVEK,5,5,0
1991,WADE,21,21,0
1991,WALEED,5,5,0
1991,WALTER,28,28,0
1991,TRUONG,5,5,0
1991,SKYLER,19,19,0
1991,SIMON,123,123,0
1991,SILVIO,5,5,0
1991,RAHUL,14,14,0
1991,RAJAN,7,7,0
1991,RALPH,6,6,0
1991,RAMI,5,5,0
1991,RAMY,5,5,0
1991,RANDALL,19,19,0
1991,RANDOLPH,8,8,0
1991,RANDY,94,94,0
1991,RAPHAEL,20,20,0
1991,RASHID,5,5,0
1991,RAUL,5,5,0
1991,RAHIM,6,6,0
1991,RAVI,11,11,0
1991,RAY,9,9,0
1991,RAYMOND,107,107,0
1991,REED,11,11,0
1991,REGINALD,11,11,0
1991,REID,28,28,0
1991,REUBEN,14,14,0
1991,RHYS,13,13,0
1991,RICARDO,29,29,0
1991,RICHARD,398,398,0
1991,RICK,10,10,0
1991,RICKY,28,28,0
1991,RAVINDER,6,6,0
1991,RAFFAELE,5,5,0
1991,RAFAEL,10,10,0
1991,QUOC,7,7,0
1991,PATRICK,607,607,0
1991,PAUL,404,404,0
1991,PAULO,13,13,0
1991,PAWEL,6,6,0
1991,PEDRAM,5,5,0
1991,PEDRO,10,10,0
1991,PERRY,16,16,0
1991,PETAR,7,7,0
1991,PETER,392,392,0
1991,PHILIP,198,198,0
1991,PHILIPPE,55,55,0
1991,PHILLIP,100,100,0
1991,PHILLIPE,10,10,0
1991,PIERCE,5,5,0
1991,PIERRE,18,18,0
1991,PIETRO,8,8,0
1991,PIOTR,5,5,0
1991,PRESTON,25,25,0
1991,PRINCE,6,6,0
1991,QUANG,5,5,0
1991,QUENTIN,6,6,0
1991,QUINCY,5,5,0
1991,QUINN,43,43,0
1991,QUINTIN,8,8,0
1991,QUINTON,22,22,0
1991,RISHI,9,9,0
1991,RITCHIE,6,6,0
1991,ROBBIE,6,6,0
1991,ROBERT,913,913,0
1991,SAMIR,6,6,0
1991,SAMMY,9,9,0
1991,SAMUEL,302,302,0
1991,SANG,6,6,0
1991,SANJAY,6,6,0
1991,SCOTT,537,537,0
1991,SCOTTY,7,7,0
1991,SEAMUS,5,5,0
1991,SEAN,435,435,0
1991,SEBASTIAN,58,58,0
1991,SEBASTIEN,50,50,0
1991,SÉBASTIEN,7,7,0
1991,SERGE,8,8,0
1991,SERGIO,11,11,0
1991,SETH,30,30,0
1991,SHAMAR,5,5,0
1991,SHAN,6,6,0
1991,SHANE,296,296,0
1991,SHAQUILLE,5,5,0
1991,SHAUN,50,50,0
1991,SHAWN,294,294,0
1991,SHAYNE,63,63,0
1991,SHELDON,69,69,0
1991,SHLOMO,5,5,0
1991,SIDNEY,5,5,0
1991,SAMI,8,8,0
1991,JOEL,228,228,0
1991,SAMER,5,5,0
1991,SAM,29,29,0
1991,ROBERTO,34,34,0
1991,ROCCO,9,9,0
1991,ROCH,10,10,0
1991,RODERICK,8,8,0
1991,RODNEY,16,16,0
1991,ROGER,39,39,0
1991,ROHAN,10,10,0
1991,ROLAND,14,14,0
1991,ROMAN,12,12,0
1991,RONALD,80,80,0
1991,RORY,42,42,0
1991,ROSS,35,35,0
1991,ROWAN,5,5,0
1991,ROY,23,23,0
1991,RUBEN,7,7,0
1991,RUSSELL,61,61,0
1991,RYLAN,6,6,0
1991,RYLEY,9,9,0
1991,SACHA,5,5,0
1991,SAEED,5,5,0
1991,SAHIL,11,11,0
1991,SAID,6,6,0
1991,SALEEM,5,5,0
1991,SALMAN,8,8,0
1991,SALVATORE,28,28,0
1991,SAMEER,9,9,0
1991,JOE,11,11,0
1991,MARSHALL,35,35,0
1991,JIM,6,6,0
1991,CHADWICK,17,17,0
1991,CHANCE,6,6,0
1991,CHARLES,181,181,0
1991,CHARLIE,7,7,0
1991,CHASE,51,51,0
1991,CHI,9,9,0
1991,CHRIS,19,19,0
1991,CHRISTIAN,243,243,0
1991,CHRISTOPHE,7,7,0
1991,CHRISTOPHER,1710,1710,0
1991,CHUN,5,5,0
1991,CHADD,5,5,0
1991,CLARENCE,5,5,0
1991,CLARKE,8,8,0
1991,CLAUDE,6,6,0
1991,CLAUDIO,9,9,0
1991,CLAYTON,63,63,0
1991,CLIFFORD,12,12,0
1991,CLIFTON,5,5,0
1991,CLINT,12,12,0
1991,CLINTON,24,24,0
1991,CODEY,11,11,0
1991,CODI,9,9,0
1991,CODIE,9,9,0
1991,CLARK,12,12,0
1991,CHAD,138,138,0
1991,CEDRIC,11,11,0
1991,CARTER,26,26,0
1991,BRIAN,351,351,0
1991,BROCK,93,93,0
1991,BRODIE,21,21,0
1991,BRODY,24,24,0
1991,BRONSON,12,12,0
1991,BRUCE,40,40,0
1991,BRUNO,18,18,0
1991,BRYAN,175,175,0
1991,BRYCE,44,44,0
1991,BRYDEN,6,6,0
1991,BRYDON,7,7,0
1991,BRYN,7,7,0
1991,BRYON,7,7,0
1991,BYRON,14,14,0
1991,CALE,15,15,0
1991,CALEB,66,66,0
1991,CALLUM,16,16,0
1991,CALUM,5,5,0
1991,CALVIN,81,81,0
1991,CAMERON,332,332,0
1991,CARL,41,41,0
1991,CARLO,14,14,0
1991,CARLOS,37,37,0
1991,CARMINE,8,8,0
1991,CARSON,36,36,0
1991,COLBY,13,13,0
1991,BRETT,242,242,0
1991,COLE,111,111,0
1991,COLIN,293,293,0
1991,DARCEY,5,5,0
1991,D'ARCY,9,9,0
1991,DAREN,6,6,0
1991,DARIN,10,10,0
1991,DARIO,8,8,0
1991,DARNELL,10,10,0
1991,DARREL,5,5,0
1991,DARRELL,10,10,0
1991,DARREN,98,98,0
1991,DARRIN,9,9,0
1991,DARRYL,31,31,0
1991,DANTE,13,13,0
1991,DARWIN,5,5,0
1991,DAVE,6,6,0
1991,DAVID,1204,1204,0
1991,DAVIDE,5,5,0
1991,DAVIN,11,11,0
1991,DAVIS,10,10,0
1991,DAWSON,9,9,0
1991,DAYNE,8,8,0
1991,DAYTON,8,8,0
1991,DEAN,73,73,0
1991,DECLAN,5,5,0
1991,DENIS,18,18,0
1991,DARYL,28,28,0
1991,DANNY,65,65,0
1991,DANILO,5,5,0
1991,DANIELE,24,24,0
1991,COLLIN,40,40,0
1991,COLT,5,5,0
1991,COLTEN,8,8,0
1991,COLTON,54,54,0
1991,CONNER,10,10,0
1991,CONNOR,209,209,0
1991,CONOR,68,68,0
1991,CONRAD,22,22,0
1991,COOPER,9,9,0
1991,CORBIN,6,6,0
1991,CORNELIUS,6,6,0
1991,CRAIG,146,146,0
1991,CRISTIAN,6,6,0
1991,CURTIS,190,190,0
1991,CYLE,5,5,0
1991,CYRUS,6,6,0
1991,DALE,42,42,0
1991,DALTON,58,58,0
1991,DAMIAN,33,33,0
1991,DAMIEN,17,17,0
1991,DAMON,18,18,0
1991,DAN,5,5,0
1991,DANE,35,35,0
1991,DANIAL,6,6,0
1991,DANIEL,1415,1415,0
1991,COLEMAN,5,5,0
1991,BRET,12,12,0
1991,BRENT,141,141,0
1991,BRENNEN,5,5,0
1991,ALESSANDRO,32,32,0
1991,ALEXANDER,1031,1031,0
1991,ALEXANDRE,98,98,0
1991,ALFRED,13,13,0
1991,ALFREDO,7,7,0
1991,ALLAN,69,69,0
1991,ALLEN,32,32,0
1991,ALVIN,25,25,0
1991,AMAN,9,9,0
1991,AMIR,21,21,0
1991,AMIT,5,5,0
1991,ALEKSANDER,9,9,0
1991,AMRIT,12,12,0
1991,ANDRE,111,111,0
1991,ANDRÉ,11,11,0
1991,ANDREAS,16,16,0
1991,ANDRES,9,9,0
1991,ANDREW,1616,1616,0
1991,ANDY,53,53,0
1991,ANGELO,28,28,0
1991,ANGUS,10,10,0
1991,ANIL,5,5,0
1991,ANTHONY,559,559,0
1991,ANTOINE,9,9,0
1991,ANASTASIOS,5,5,0
1991,ALEKSANDAR,8,8,0
1991,ALEJANDRO,8,8,0
1991,ALEEM,5,5,0
1991,AARON,508,508,0
1991,ABDIRAHMAN,12,12,0
1991,ABDUL,6,6,0
1991,ABDULLAH,8,8,0
1991,ABDULLAHI,8,8,0
1991,ABRAHAM,17,17,0
1991,ABRAM,14,14,0
1991,ADAM,910,910,0
1991,ADDISON,11,11,0
1991,ADIL,6,6,0
1991,ADRIAN,185,185,0
1991,ADRIANO,14,14,0
1991,ADRIEN,12,12,0
1991,AHMAD,23,23,0
1991,AHMED,40,40,0
1991,AIDAN,37,37,0
1991,AIDEN,5,5,0
1991,AJAY,5,5,0
1991,AKEEM,14,14,0
1991,ALAIN,19,19,0
1991,ALAN,74,74,0
1991,ALASTAIR,7,7,0
1991,ALBERT,31,31,0
1991,ALBERTO,8,8,0
1991,ALEC,19,19,0
1991,ANTON,7,7,0
1991,ANTONINO,6,6,0
1991,ANTONIO,49,49,0
1991,ANTONIOS,5,5,0
1991,BILLY,10,10,0
1991,BLAINE,10,10,0
1991,BLAKE,119,119,0
1991,JIMMY,28,28,0
1991,BO,9,9,0
1991,BOBBY,13,13,0
1991,BORIS,6,6,0
1991,BRAD,10,10,0
1991,BRADEN,43,43,0
1991,BRADLEY,459,459,0
1991,BRADLY,8,8,0
1991,BRADY,34,34,0
1991,BRAEDEN,13,13,0
1991,BRAEDON,8,8,0
1991,BRANDAN,13,13,0
1991,BRANDEN,59,59,0
1991,BRANDIN,6,6,0
1991,BRANDON,1233,1233,0
1991,BRANDYN,12,12,0
1991,BRANT,6,6,0
1991,BRAYDEN,14,14,0
1991,BRENDAN,265,265,0
1991,BRENDEN,30,30,0
1991,BRENDON,57,57,0
1991,BRENNAN,52,52,0
1991,BILL,5,5,0
1991,DENNIS,58,58,0
1991,BILAL,8,8,0
1991,BENSON,9,9,0
1991,ANTONY,5,5,0
1991,ARI,7,7,0
1991,ARIC,5,5,0
1991,ARJUN,10,10,0
1991,ARMANDO,6,6,0
1991,ARMEN,5,5,0
1991,ARNOLD,13,13,0
1991,ARON,13,13,0
1991,ARRON,7,7,0
1991,ARTHUR,46,46,0
1991,ARYEH,5,5,0
1991,ASAD,5,5,0
1991,AUSTEN,6,6,0
1991,AUSTIN,79,79,0
1991,AVRAHAM,6,6,0
1991,AVROHOM,6,6,0
1991,AXEL,6,6,0
1991,BARRY,25,25,0
1991,BEAU,14,14,0
1991,BEN,18,18,0
1991,BENEDICT,5,5,0
1991,BENJAMIN,572,572,0
1991,BENNETT,8,8,0
1991,BENNY,6,6,0
1991,BENOIT,28,28,0
1991,BERNARD,13,13,0
1991,DENVER,6,6,0
1991,BLAYNE,5,5,0
1991,DEREK,337,337,0
1991,HARRIS,8,8,0
1991,HARRISON,47,47,0
1991,HARRY,27,27,0
1991,HASAN,5,5,0
1991,HASSAN,19,19,0
1991,HAYDEN,34,34,0
1991,HENRY,52,52,0
1991,HERBERT,6,6,0
1991,HERMAN,9,9,0
1991,HO,5,5,0
1991,HOLDEN,5,5,0
1991,HAROLD,13,13,0
1991,HOWARD,8,8,0
1991,HUGO,16,16,0
1991,HUNTER,23,23,0
1991,HUSSEIN,10,10,0
1991,HUY,7,7,0
1991,IAIN,20,20,0
1991,IAN,254,254,0
1991,IBRAHIM,16,16,0
1991,IMRAN,12,12,0
1991,INDERPREET,5,5,0
1991,ISAAC,53,53,0
1991,ISAIAH,5,5,0
1991,HUGH,15,15,0
1991,HARMAN,5,5,0
1991,HARLEY,20,20,0
1991,HARDEEP,5,5,0
1991,GIANLUCA,15,15,0
1991,GIDEON,7,7,0
1991,GILBERT,12,12,0
1991,GILLES,7,7,0
1991,GINO,5,5,0
1991,GIORGIO,5,5,0
1991,GIOVANNI,19,19,0
1991,GIUSEPPE,27,27,0
1991,GLEN,16,16,0
1991,GLENN,22,22,0
1991,GORDON,71,71,0
1991,GRAEME,53,53,0
1991,GRAHAM,125,125,0
1991,GRANT,86,86,0
1991,GRAYDON,9,9,0
1991,GREG,8,8,0
1991,GREGORY,310,310,0
1991,GRIFFIN,13,13,0
1991,GUILLAUME,13,13,0
1991,GULED,8,8,0
1991,GURBIR,5,5,0
1991,GUSTAVO,6,6,0
1991,GUY,12,12,0
1991,HAMZA,6,6,0
1991,HANS,8,8,0
1991,ISIAH,5,5,0
1991,ISMAEL,7,7,0
1991,IVAN,37,37,0
1991,J,5,5,0
1991,JASPER,10,10,0
1991,JAVIER,8,8,0
1991,JAVON,5,5,0
1991,JAY,39,39,0
1991,JAYDEN,8,8,0
1991,JAYSON,20,20,0
1991,JEAN-FRANCOIS,8,8,0
1991,JEAN-LUC,7,7,0
1991,JEAN-MARC,9,9,0
1991,JEAN-PAUL,10,10,0
1991,JEAN-PHILIPPE,12,12,0
1991,JEAN-SEBASTIEN,5,5,0
1991,JEFF,13,13,0
1991,JEFFERY,76,76,0
1991,JEFFREY,499,499,0
1991,JEREMIAH,16,16,0
1991,JEREMIE,15,15,0
1991,JEREMY,336,336,0
1991,JERMAINE,27,27,0
1991,JEROME,30,30,0
1991,JERRY,12,12,0
1991,JESS,5,5,0
1991,JESSEY,5,5,0
1991,JEVON,6,6,0
1991,DERECK,5,5,0
1991,JASON,558,558,0
1991,GIANCARLO,18,18,0
1991,JASDEEP,8,8,0
1991,JARRETT,26,26,0
1991,JACE,5,5,0
1991,JACK,60,60,0
1991,JACKIE,6,6,0
1991,JACKSON,40,40,0
1991,JACKY,13,13,0
1991,JACOB,630,630,0
1991,JACQUES,11,11,0
1991,JAD,5,5,0
1991,JAGDEEP,7,7,0
1991,JAKE,162,162,0
1991,JAKOB,13,13,0
1991,JAKUB,8,8,0
1991,JALEEL,5,5,0
1991,JAMAAL,5,5,0
1991,JAMAL,40,40,0
1991,JAMAR,5,5,0
1991,JAMES,1033,1033,0
1991,JAMESON,11,11,0
1991,JAMIESON,9,9,0
1991,JAMIL,8,8,0
1991,JAN,11,11,0
1991,JARED,111,111,0
1991,JARON,5,5,0
1991,JARRED,7,7,0
1991,JARRET,9,9,0
1991,JARROD,15,15,0
1991,GIACOMO,6,6,0
1991,JADEN,8,8,0
1991,GERARD,13,13,0
1991,DUSTIN,223,223,0
1991,DUSTYN,8,8,0
1991,DWAYNE,32,32,0
1991,DWIGHT,9,9,0
1991,DYLAN,683,683,0
1991,DYLLAN,6,6,0
1991,DYLON,20,20,0
1991,EARL,5,5,0
1991,EDGAR,9,9,0
1991,EDMUND,6,6,0
1991,EDUARDO,5,5,0
1991,DUNCAN,34,34,0
1991,EDWARD,114,114,0
1991,ELI,20,20,0
1991,ELIAS,23,23,0
1991,ELIE,10,10,0
1991,ELIJAH,21,21,0
1991,ELLIOT,18,18,0
1991,ELLIOTT,38,38,0
1991,ELLIS,5,5,0
1991,EMANUEL,6,6,0
1991,EMERSON,8,8,0
1991,EMIL,5,5,0
1991,EMILE,5,5,0
1991,EDWIN,20,20,0
1991,DUC,5,5,0
1991,DUANE,9,9,0
1991,DRAKE,11,11,0
1991,DERICK,13,13,0
1991,GERRIT,9,9,0
1991,DERREK,9,9,0
1991,DERRICK,41,41,0
1991,DESMOND,22,22,0
1991,DEVEN,10,10,0
1991,DEXTER,14,14,0
1991,DIEGO,10,10,0
1991,DILLAN,22,22,0
1991,DILLON,163,163,0
1991,DIMITRI,8,8,0
1991,DIMITRIOS,5,5,0
1991,DINESH,7,7,0
1991,DION,6,6,0
1991,DOMENIC,20,20,0
1991,DOMENICO,17,17,0
1991,DOMINIC,44,44,0
1991,DOMINICK,5,5,0
1991,DOMINIK,6,6,0
1991,DON,11,11,0
1991,DONALD,94,94,0
1991,DONATO,6,6,0
1991,DONAVAN,7,7,0
1991,DONOVAN,21,21,0
1991,DOUGLAS,117,117,0
1991,EMILIO,13,13,0
1991,EMMANUEL,19,19,0
1991,DORIAN,9,9,0
1991,ERIC,817,817,0
1991,FRANCISCO,8,8,0
1991,FRANCO,7,7,0
1991,FRANCOIS,14,14,0
1991,FRANK,64,64,0
1991,FRANKIE,8,8,0
1991,FRANKLIN,14,14,0
1991,FRASER,33,33,0
1991,FRED,5,5,0
1991,FREDERIC,10,10,0
1991,FREDERICK,26,26,0
1991,GABRIEL,115,115,0
1991,GAGANDEEP,5,5,0
1991,GAGE,14,14,0
1991,GALEN,7,7,0
1991,GARETH,17,17,0
1991,GARRET,17,17,0
1991,GARRETT,76,76,0
1991,GARRY,9,9,0
1991,GARY,54,54,0
1991,GATLIN,5,5,0
1991,GAVIN,43,43,0
1991,GEOFFREY,108,108,0
1991,EMMETT,9,9,0
1991,GEORGE,123,123,0
1991,GERALD,41,41,0
1991,FRANCIS,66,66,0
1991,FRANCESCO,46,46,0
1991,GAETANO,6,6,0
1991,FILIPPO,5,5,0
1991,ERIK,143,143,0
1991,FLOYD,5,5,0
1991,ERICH,13,13,0
1991,ERNEST,11,11,0
1991,ERNESTO,7,7,0
1991,ESTEBAN,6,6,0
1991,ETHAN,145,145,0
1991,ERICK,19,19,0
1991,EUGENE,17,17,0
1991,EVAN,272,272,0
1991,EVANS,5,5,0
1991,EVERETT,9,9,0
1991,ETIENNE,6,6,0
1991,FILIPE,6,6,0
1991,EZRA,6,6,0
1991,FABIAN,10,10,0
1991,FABIEN,6,6,0
1991,FABIO,19,19,0
1991,FAISAL,6,6,0
1991,FARHAN,8,8,0
1991,FILIP,9,9,0
1991,FELIX,18,18,0
1991,FERNANDO,8,8,0
1991,EVERTON,5,5,0
1992,EMMA,354,0,354
1992,EMILY,964,0,964
1992,EVA,33,0,33
1992,ERICA,237,0,237
1992,EMILEE,13,0,13
1992,EMILIE,75,0,75
1992,EMILIA,15,0,15
1992,EVELYN,35,0,35
1992,ERIN,322,0,322
1992,ERYN,14,0,14
1992,EVE,13,0,13
1992,ESTHER,41,0,41
1992,EUNICE,7,0,7
1992,ERIKA,142,0,142
1992,EMAN,8,0,8
1992,ELISE,40,0,40
1992,ELYSIA,16,0,16
1992,ELENI,17,0,17
1992,ELICIA,6,0,6
1992,FAITH,29,0,29
1992,ELENA,23,0,23
1992,ELEANOR,13,0,13
1992,ELISA,26,0,26
1992,ELYSSA,8,0,8
1992,ELISABETH,21,0,21
1992,ELISSA,19,0,19
1992,ELIZA,11,0,11
1992,ELIZABETH,373,0,373
1992,ELLEN,57,0,57
1992,ELSA,7,0,7
1992,ELYSE,34,0,34
1992,ELISHA,16,0,16
1992,FALLON,6,0,6
1992,GINA,26,0,26
1992,FARRAH,12,0,12
1992,GWENDOLYN,6,0,6
1992,GURPREET,27,17,10
1992,ELANA,9,0,9
1992,HAILEY,114,0,114
1992,GRACE,69,0,69
1992,GLORIA,16,0,16
1992,GIUSEPPINA,9,0,9
1992,GIULIANA,6,0,6
1992,GIULIA,16,0,16
1992,GILLIAN,68,0,68
1992,GEORGINA,9,0,9
1992,GEORGIA,16,0,16
1992,GENNA,6,0,6
1992,GENEVIÈVE,8,0,8
1992,GENEVIEVE,41,0,41
1992,GEMMA,10,0,10
1992,GABRIELLE,92,0,92
1992,FATIMA,43,0,43
1992,FELECIA,6,0,6
1992,FELICIA,88,0,88
1992,FELICITY,9,0,9
1992,FELISHA,9,0,9
1992,FEVEN,6,0,6
1992,FARAH,14,0,14
1992,FIONA,48,0,48
1992,FLORENCE,12,0,12
1992,FRANCE,9,0,9
1992,FRANCES,32,0,32
1992,FRANCESCA,43,0,43
1992,GABRIELA,28,0,28
1992,GABRIELLA,25,0,25
1992,FLORA,9,0,9
1992,ELAINE,41,0,41
1992,CORRINE,9,0,9
1992,EDITH,7,0,7
1992,DANNIELLE,7,0,7
1992,DANIKA,15,0,15
1992,DANIELLE,639,0,639
1992,DANIELLA,45,0,45
1992,DANIELA,64,0,64
1992,DANICA,25,0,25
1992,DANA,116,10,106
1992,DALLAS,25,19,6
1992,DAKOTA,102,73,29
1992,DAISY,6,0,6
1992,CYNTHIA,81,0,81
1992,CYDNEY,6,0,6
1992,CRYSTAL,128,0,128
1992,CRISTINA,52,0,52
1992,COURTNEY,401,8,393
1992,CORTNEY,9,0,9
1992,CORINNE,15,0,15
1992,CLAUDIA,49,0,49
1992,CLARISSA,18,0,18
1992,HALEIGH,9,0,9
1992,CODY,698,689,9
1992,COLLEEN,106,0,106
1992,CONCETTA,8,0,8
1992,DANYELLE,6,0,6
1992,CONNIE,17,0,17
1992,CORA,8,0,8
1992,CORAL,7,0,7
1992,COREY,187,178,9
1992,CORI,8,0,8
1992,CORINA,6,0,6
1992,CORINNA,6,0,6
1992,CONSTANCE,7,0,7
1992,EILEEN,8,0,8
1992,DAPHNE,7,0,7
1992,DARCY,45,33,12
1992,EDEN,15,0,15
1992,DOROTHY,16,0,16
1992,DONNA,18,0,18
1992,DOMINIQUE,76,10,66
1992,DIVYA,7,0,7
1992,DINA,10,0,10
1992,DIANNE,7,0,7
1992,DIANNA,10,0,10
1992,DIANE,23,0,23
1992,DIANA,111,0,111
1992,DEVYN,18,10,8
1992,DEVON,191,148,43
1992,DEVIN,204,191,13
1992,DEVAN,44,33,11
1992,DESTINY,24,0,24
1992,DESIREE,52,0,52
1992,DENISE,37,0,37
1992,DARIAN,14,5,9
1992,DARLENE,9,0,9
1992,DAVINA,6,0,6
1992,DAWN,26,0,26
1992,DAYNA,40,0,40
1992,DEANA,8,0,8
1992,DARBY,7,0,7
1992,DEANDRA,7,0,7
1992,DEANNE,7,0,7
1992,DEBORAH,29,0,29
1992,DEBRA,6,0,6
1992,DEIDRE,15,0,15
1992,DELANEY,10,0,10
1992,DEMI,7,0,7
1992,DEANNA,119,0,119
1992,HALEY,92,0,92
1992,KADESHA,6,0,6
1992,HANNA,25,0,25
1992,JUDITH,12,0,12
1992,JOYCE,12,0,12
1992,JOY,19,0,19
1992,JOSÉE,9,0,9
1992,JOSIE,10,0,10
1992,JOSIANNE,6,0,6
1992,JOSEPHINE,24,0,24
1992,JOSEE,34,0,34
1992,JORDYN,22,0,22
1992,JORDON,48,42,6
1992,JORDANA,18,0,18
1992,JORDAN,1060,938,122
1992,JOLENE,13,0,13
1992,JOHANNA,25,0,25
1992,JOELLE,18,0,18
1992,JODY,16,0,16
1992,JODIE,28,0,28
1992,JESSALYN,7,0,7
1992,JESSE,618,599,19
1992,JESSICA,1846,0,1846
1992,JESSIE,138,59,79
1992,JESSIKA,10,0,10
1992,JESSY,34,26,8
1992,JUDY,18,0,18
1992,JILL,18,0,18
1992,JOAN,8,0,8
1992,JOANNA,92,0,92
1992,JOANNE,55,0,55
1992,JOCELYN,89,0,89
1992,JOCELYNE,13,0,13
1992,JODI,21,0,21
1992,JILLIAN,111,0,111
1992,JESSA,6,0,6
1992,JULIA,374,0,374
1992,JULIANNA,20,0,20
1992,KARLI,23,0,23
1992,CLARE,23,0,23
1992,KARLEY,18,0,18
1992,KARLEIGH,8,0,8
1992,KARLEE,22,0,22
1992,KARLA,15,0,15
1992,KARISSA,22,0,22
1992,KARISHMA,6,0,6
1992,KARINE,15,0,15
1992,KARINA,28,0,28
1992,KARI,8,0,8
1992,KAREN,102,0,102
1992,KARA,72,0,72
1992,KANDACE,9,0,9
1992,KALI,11,0,11
1992,KALEY,11,0,11
1992,KALEIGH,17,0,17
1992,JULIANNE,19,0,19
1992,JULIE,190,0,190
1992,JUSTINA,15,0,15
1992,JUSTINE,119,0,119
1992,JUSTYNA,6,0,6
1992,KAELA,9,0,9
1992,JULIANA,20,0,20
1992,KAILA,24,0,24
1992,KAILEIGH,7,0,7
1992,KAILEY,38,0,38
1992,KAILYN,7,0,7
1992,KAITLIN,186,0,186
1992,KAITLYN,369,0,369
1992,KAITLYNN,34,0,34
1992,KAILEE,10,0,10
1992,HANA,11,0,11
1992,JERRICA,7,0,7
1992,JENNIFER,896,0,896
1992,IVY,14,0,14
1992,IVANA,12,0,12
1992,ISHA,6,0,6
1992,ISABELLE,39,0,39
1992,ISABELLA,21,0,21
1992,ISABEL,22,0,22
1992,IRIS,6,0,6
1992,IRENE,19,0,19
1992,INGRID,9,0,9
1992,IMAN,7,0,7
1992,ILANA,7,0,7
1992,IFRAH,6,0,6
1992,IESHA,10,0,10
1992,IDIL,8,0,8
1992,HOPE,19,0,19
1992,HOLLY,178,0,178
1992,HOLLIE,15,0,15
1992,HANNAH,216,0,216
1992,HARLEEN,9,0,9
1992,HARLEY,32,23,9
1992,HARPREET,23,6,17
1992,HASINA,7,0,7
1992,HAYLEE,10,0,10
1992,JACKIE,10,0,10
1992,HAYLEY,126,0,126
1992,HEIDI,33,0,33
1992,HELEN,58,0,58
1992,HELENA,29,0,29
1992,HILARY,124,0,124
1992,HILLARY,92,0,92
1992,HODAN,6,0,6
1992,HEATHER,294,0,294
1992,JENNY,51,0,51
1992,JACKLYN,12,0,12
1992,JACQUELINE,192,0,192
1992,JENNIE,14,0,14
1992,JENNA,366,0,366
1992,JENIFER,7,0,7
1992,JENELLE,13,0,13
1992,JENA,16,0,16
1992,JEANETTE,9,0,9
1992,JEAN,31,24,7
1992,JAZMINE,15,0,15
1992,JAZMIN,11,0,11
1992,JAYNE,9,0,9
1992,JAYMIE,8,0,8
1992,JAYME,35,5,30
1992,JAYDE,9,0,9
1992,JASPREET,27,5,22
1992,JASMINE,180,0,180
1992,JASMIN,21,0,21
1992,JASMEEN,7,0,7
1992,JACQUELYN,24,0,24
1992,JADE,113,0,113
1992,JAIME,51,13,38
1992,JAIMEE,11,0,11
1992,JAIMIE,15,0,15
1992,JAMIE,318,163,155
1992,JACLYN,103,0,103
1992,JAMIE-LEE,18,0,18
1992,JANE,26,0,26
1992,JANELLE,71,0,71
1992,JANESSA,8,0,8
1992,JANET,31,0,31
1992,JANICE,33,0,33
1992,JANINE,28,0,28
1992,JANA,8,0,8
1992,CLARA,18,0,18
1992,LINDA,42,0,42
1992,CINDY,65,0,65
1992,ANJELICA,7,0,7
1992,ANJALI,11,0,11
1992,ANITA,44,0,44
1992,ANISSA,6,0,6
1992,ANISHA,7,0,7
1992,ANISA,7,0,7
1992,ANIKA,17,0,17
1992,ANIK,7,0,7
1992,ANGIE,11,0,11
1992,ANGELIQUE,14,0,14
1992,ANGELINE,6,0,6
1992,ANGELINA,28,0,28
1992,ANGELICA,35,0,35
1992,ANGELE,13,0,13
1992,ANGELA,193,0,193
1992,ANGEL,25,0,25
1992,ANDREA,323,0,323
1992,AMANDEEP,24,12,12
1992,AMBER,292,0,292
1992,AMBER-LEE,9,0,9
1992,AMBER-LYNN,9,0,9
1992,AMELIA,65,0,65
1992,AMELIE,13,0,13
1992,ANN,18,0,18
1992,AMIE,15,0,15
1992,AMNA,6,0,6
1992,AMRITA,8,0,8
1992,AMY,311,0,311
1992,AMÉLIE,6,0,6
1992,ANA,20,0,20
1992,ANASTASIA,45,0,45
1992,AMINA,13,0,13
1992,AMANDA,1188,0,1188
1992,ANN-MARIE,6,0,6
1992,ANNA-MARIA,6,0,6
1992,AUTUMN,19,0,19
1992,AURORA,10,0,10
1992,AUNDREA,7,0,7
1992,AUDREY,20,0,20
1992,ATHENA,13,0,13
1992,ASMA,8,0,8
1992,ASIA,6,0,6
1992,ASHTON,41,27,14
1992,ASHLYNN,6,0,6
1992,ASHLYN,17,0,17
1992,ASHLY,7,0,7
1992,ASHLIE,6,0,6
1992,ASHLEY-ANN,6,0,6
1992,ASHLEY,1131,0,1131
1992,ASHLEIGH,43,0,43
1992,ASHLEE,31,0,31
1992,ASHLEA,7,0,7
1992,ANNALISA,6,0,6
1992,ANNE,45,0,45
1992,ANNE-MARIE,23,0,23
1992,ANNETTE,9,0,9
1992,ANNIE,40,0,40
1992,ANTONIA,7,0,7
1992,ANNA,188,0,188
1992,APRIL,78,0,78
1992,ARIANE,9,0,9
1992,ARIANNA,13,0,13
1992,ARIANNE,8,0,8
1992,ARIEL,66,12,54
1992,ARIELLE,40,0,40
1992,ASHA,19,0,19
1992,ARIANA,31,0,31
1992,AVA,6,0,6
1992,AMAL,16,0,16
1992,ALYSSA,368,0,368
1992,ALESHIA,6,0,6
1992,ALESHA,11,0,11
1992,ALENA,9,0,9
1992,ALEKSANDRA,14,0,14
1992,ALEISHA,7,0,7
1992,ALEESHA,6,0,6
1992,ALECIA,6,0,6
1992,ALAYNA,6,0,6
1992,ALANNAH,41,0,41
1992,ALANNA,82,0,82
1992,ALANAH,10,0,10
1992,ALANA,88,0,88
1992,ALAINA,16,0,16
1992,ALAA,6,0,6
1992,AISLINN,7,0,7
1992,AISLING,6,0,6
1992,AISHA,27,0,27
1992,KARLIE,16,0,16
1992,ABBY,6,0,6
1992,ABIGAIL,41,0,41
1992,ADA,7,0,7
1992,ADELAIDE,6,0,6
1992,ADELE,8,0,8
1992,ALESSANDRA,34,0,34
1992,ADINA,8,0,8
1992,ADRIANNA,33,0,33
1992,ADRIENNE,48,0,48
1992,AGATHA,7,0,7
1992,AGNES,10,0,10
1992,AIMEE,25,0,25
1992,AINSLEY,16,0,16
1992,ADRIANA,48,0,48
1992,ALYSSIA,10,0,10
1992,ALESSIA,37,0,37
1992,ALEXA,60,0,60
1992,ALYSON,21,0,21
1992,ALYSIA,18,0,18
1992,ALYSHIA,12,0,12
1992,ALYSHA,77,0,77
1992,ALYSE,10,0,10
1992,ALYSA,7,0,7
1992,ALYCIA,25,0,25
1992,ALLYSSA,15,0,15
1992,ALLYSON,23,0,23
1992,ALLISON,188,0,188
1992,ALLIE,10,0,10
1992,ALLANA,6,0,6
1992,ALIZA,6,0,6
1992,ALIYA,11,0,11
1992,ALIX,8,0,8
1992,ALISSA,32,0,32
1992,ALISON,110,0,110
1992,ALEXANDRA,691,0,691
1992,ALEXANDREA,22,0,22
1992,ALEXANDRIA,90,0,90
1992,ALEXIA,13,0,13
1992,ALEXIS,101,5,96
1992,ALIA,15,0,15
1992,ALEX,182,171,11
1992,ALICE,34,0,34
1992,ALICJA,9,0,9
1992,ALIDA,9,0,9
1992,ALINA,15,0,15
1992,ALINE,7,0,7
1992,ALISA,16,0,16
1992,ALISHA,91,0,91
1992,ALICIA,246,0,246
1992,CLAIRE,77,0,77
1992,AVERY,34,10,24
1992,AYESHA,12,0,12
1992,CHANDLER,7,0,7
1992,CELINE,56,0,56
1992,CELINA,22,0,22
1992,CELIA,7,0,7
1992,CELESTE,17,0,17
1992,CECILIA,17,0,17
1992,CECELIA,6,0,6
1992,CEARA,8,0,8
1992,CAYLA,13,0,13
1992,CATRIONA,6,0,6
1992,CATRINA,9,0,9
1992,CATHY,20,0,20
1992,CATHERINE,216,0,216
1992,CATHARINE,12,0,12
1992,CATERINA,9,0,9
1992,CASSONDRA,11,0,11
1992,CASSIE,27,0,27
1992,CARLY,209,0,209
1992,CARMELA,9,0,9
1992,CARMEN,59,7,52
1992,CAROL,22,0,22
1992,CAROLINA,7,0,7
1992,CAROLINE,131,0,131
1992,CHANEL,46,0,46
1992,CAROLYN,93,0,93
1992,CAROLYNN,7,0,7
1992,CARRIE,30,0,30
1992,CASANDRA,30,0,30
1992,CASEY,92,45,47
1992,CASSANDRA,455,0,455
1992,CASSIDY,23,6,17
1992,CAROLYNE,11,0,11
1992,CARLING,7,0,7
1992,CHANELLE,33,0,33
1992,CHANTAL,130,0,130
1992,CIERRA,8,0,8
1992,CIARA,20,0,20
1992,CHRYSTAL,7,0,7
1992,CHRISTY,14,0,14
1992,CHRISTINE,302,0,302
1992,CHRISTINA,356,0,356
1992,CHRISTIE,20,0,20
1992,CHRISTA,9,0,9
1992,CHLOÉ,6,0,6
1992,CHLOE,122,0,122
1992,CHIARA,9,0,9
1992,CHEYENNE,51,0,51
1992,CHEYANNE,7,0,7
1992,CHERYL,45,0,45
1992,CHERISE,10,0,10
1992,CHENISE,7,0,7
1992,CHELSY,7,0,7
1992,CHANTALE,8,0,8
1992,CHANTALLE,8,0,8
1992,CHANTEL,85,0,85
1992,CHANTELL,7,0,7
1992,CHANTELLE,72,0,72
1992,CHARISSA,7,0,7
1992,CHANICE,10,0,10
1992,CHARITY,7,0,7
1992,CHARLOTTE,91,0,91
1992,CHARMAINE,9,0,9
1992,CHELSEA,480,0,480
1992,CHELSEY,106,0,106
1992,CHELSI,7,0,7
1992,CHELSIE,23,0,23
1992,CHARLENE,36,0,36
1992,AYAN,9,0,9
1992,CARLIE,30,0,30
1992,CARLEY,55,0,55
1992,BRIANNE,78,0,78
1992,BRIANNA,148,0,148
1992,BRIANA,26,0,26
1992,BRIA,9,0,9
1992,BRENNA,27,0,27
1992,BRENDA,40,0,40
1992,BREANNE,53,0,53
1992,BREANNA,62,0,62
1992,BREANN,9,0,9
1992,BRANDY,27,0,27
1992,BRANDIE,7,0,7
1992,BRANDI,26,0,26
1992,BONNIE,29,0,29
1992,BOBBI,10,0,10
1992,BLYTHE,6,0,6
1992,BLAIRE,7,0,7
1992,BLAIR,49,43,6
1992,AYLA,9,0,9
1992,AYSHA,6,0,6
1992,AZIZA,6,0,6
1992,BABY,33,19,14
1992,BAILEY,79,0,79
1992,BARBARA,28,0,28
1992,BRIAR,8,0,8
1992,BEATRICE,15,0,15
1992,BELINDA,14,0,14
1992,BERNADETTE,6,0,6
1992,BETH,10,0,10
1992,BETHANY,81,0,81
1992,BEVERLY,27,0,27
1992,BIANCA,100,0,100
1992,BECKY,10,0,10
1992,CARLI,12,0,12
1992,BRIDGET,24,0,24
1992,BRITANY,7,0,7
1992,CARLENE,7,0,7
1992,CARLEIGH,11,0,11
1992,CARLEE,18,0,18
1992,CARLA,32,0,32
1992,CARISSA,21,0,21
1992,CARINA,19,0,19
1992,CARA,44,0,44
1992,CANDICE,87,0,87
1992,CANDACE,66,0,66
1992,CAMILLE,44,0,44
1992,CAMILLA,10,0,10
1992,CALLIE,14,0,14
1992,CALEIGH,9,0,9
1992,CAITLYNN,9,0,9
1992,CAITLYN,100,0,100
1992,CAITLIN,264,0,264
1992,CAILEY,9,0,9
1992,BRITNEY,38,0,38
1992,BRITTANI,7,0,7
1992,BRITTANIE,10,0,10
1992,BRITTANY,853,0,853
1992,BRITTNEY,120,0,120
1992,BRITTNI,10,0,10
1992,BRIGITTE,12,0,12
1992,BRITTNY,8,0,8
1992,BRONWEN,8,0,8
1992,BRONWYN,13,0,13
1992,BROOKE,176,0,176
1992,BROOKLYN,15,0,15
1992,BRYANNA,17,0,17
1992,BRYANNE,12,0,12
1992,BRONTE,11,0,11
1992,KARLY,38,0,38
1992,STEPHANIE,1153,0,1153
1992,KARYN,10,0,10
1992,SCARLETT,6,0,6
1992,SAVANNAH,26,0,26
1992,SASHA,63,10,53
1992,SARINA,15,0,15
1992,SARAH,1497,0,1497
1992,SARA,371,0,371
1992,SANTANA,11,0,11
1992,SANDY,22,0,22
1992,SANDRA,89,0,89
1992,SANDEEP,22,9,13
1992,SAMIRA,8,0,8
1992,SAMARA,17,0,17
1992,SAMANTHA,1264,0,1264
1992,SALMA,8,0,8
1992,SELENA,14,0,14
1992,SALLY,19,0,19
1992,SAHRA,6,0,6
1992,SAGAL,8,0,8
1992,SADIE,20,0,20
1992,SADIA,8,0,8
1992,SADE,6,0,6
1992,SACHA,6,0,6
1992,SABRINA,182,0,182
1992,SABINA,10,0,10
1992,RYLEE,8,0,8
1992,RUTH,39,0,39
1992,RUBY,14,0,14
1992,ROXANNE,42,0,42
1992,ROSEMARY,29,0,29
1992,ROSE,26,0,26
1992,SALINA,8,0,8
1992,SELINA,20,0,20
1992,SERENA,45,0,45
1992,SHAINA,10,0,10
1992,SHERRY,8,0,8
1992,SHERRI,6,0,6
1992,SHELLY,16,0,16
1992,SHELLEY,18,0,18
1992,SHELBY,252,6,246
1992,SHELBIE,7,0,7
1992,SHEILA,26,0,26
1992,SHEENA,18,0,18
1992,SHAYNA,36,0,36
1992,SHAYLENE,7,0,7
1992,SHAYLA,21,0,21
1992,SHAWNNA,6,0,6
1992,SHAWNA,69,0,69
1992,SHAUNNA,7,0,7
1992,SHAUNA,51,0,51
1992,SHARON,32,0,32
1992,SHANYCE,8,0,8
1992,SHAKIRA,7,0,7
1992,SHANA,10,0,10
1992,SHANEL,8,0,8
1992,SHANELLE,10,0,10
1992,SHANICE,95,0,95
1992,SHANIECE,7,0,7
1992,ROSALYN,6,0,6
1992,SHANIKA,9,0,9
1992,SHANIQUE,6,0,6
1992,SHANNA,14,0,14
1992,SHANNEN,16,0,16
1992,SHANNON,314,0,314
1992,SHANTEL,25,0,25
1992,SHANTELLE,11,0,11
1992,SHANIQUA,7,0,7
1992,ROSA,11,0,11
1992,ROCHELLE,41,0,41
1992,ROBYN,113,0,113
1992,POOJA,10,0,10
1992,PHYLLIS,7,0,7
1992,PHUONG,7,0,7
1992,PHOEBE,9,0,9
1992,PEYTON,6,0,6
1992,PETRA,6,0,6
1992,PEGGY,6,0,6
1992,PEARL,8,0,8
1992,PAULINE,25,0,25
1992,PAULINA,35,0,35
1992,PAULA,44,0,44
1992,PATRICIA,133,0,133
1992,PASCALE,17,0,17
1992,PAMELA,53,0,53
1992,PAISLEY,7,0,7
1992,PAIGE,179,0,179
1992,OLIVIA,322,0,322
1992,NGOC,11,5,6
1992,NICHOLE,33,0,33
1992,NICOLA,34,13,21
1992,NICOLE,1041,0,1041
1992,NICOLETTE,17,0,17
1992,NICOLLE,16,0,16
1992,PORTIA,6,0,6
1992,NIKITA,22,0,22
1992,NIKOLE,6,0,6
1992,NINA,31,0,31
1992,NISHA,12,0,12
1992,NOELLE,10,0,10
1992,NORA,17,0,17
1992,NOUR,6,0,6
1992,NIKKI,30,0,30
1992,SHIRA,7,0,7
1992,PRISCILLA,33,0,33
1992,PRIYANKA,11,0,11
1992,ROBIN,96,31,65
1992,ROBERTA,17,0,17
1992,RITA,15,0,15
1992,RIMA,9,0,9
1992,RILEY,118,84,34
1992,RIKKI,10,0,10
1992,RICHELLE,18,0,18
1992,RHONDA,12,0,12
1992,RHIANNON,19,0,19
1992,RHIANNA,7,0,7
1992,RENÉE,7,0,7
1992,RENEE,77,0,77
1992,RENE,19,11,8
1992,RENATA,9,0,9
1992,REILLY,15,8,7
1992,REGAN,14,8,6
1992,REBEKAH,57,0,57
1992,QUINN,33,27,6
1992,RACHAEL,92,0,92
1992,RACHEAL,7,0,7
1992,RACHEL,642,0,642
1992,RACHELLE,51,0,51
1992,RAEANNE,6,0,6
1992,PRIYA,26,0,26
1992,RANDI,22,0,22
1992,RAVEN,29,0,29
1992,RAVNEET,7,0,7
1992,RAYNA,6,0,6
1992,REANNE,6,0,6
1992,REBECA,12,0,12
1992,REBECCA,860,0,860
1992,RAQUEL,26,0,26
1992,SHIREEN,6,0,6
1992,SHIRLEY,25,0,25
1992,SHIVANI,6,0,6
1992,TRISTA,11,0,11
1992,TRISHA,34,0,34
1992,TRINA,15,0,15
1992,TRICIA,14,0,14
1992,TRACY,53,0,53
1992,TRACEY,24,0,24
1992,TORI,21,0,21
1992,TONYA,22,0,22
1992,TONISHA,6,0,6
1992,TONI,16,0,16
1992,TINA,59,0,59
1992,TIFFANY,228,0,228
1992,TIFFANIE,9,0,9
1992,TIARA,7,0,7
1992,TIANNA,22,0,22
1992,TIANA,22,0,22
1992,TIA,26,0,26
1992,TENISHA,7,0,7
1992,TERESA,56,0,56
1992,TERI,9,0,9
1992,TERRA,8,0,8
1992,TERRI,13,0,13
1992,TESLA,6,0,6
1992,TRISTAN,96,89,7
1992,TESS,27,0,27
1992,THALIA,12,0,12
1992,THANH,16,10,6
1992,THEA,10,0,10
1992,THERESA,33,0,33
1992,THI,20,0,20
1992,THUY,8,0,8
1992,TESSA,60,0,60
1992,TEGAN,18,0,18
1992,TRUDY,6,0,6
1992,VALENTINA,10,0,10
1992,ZOEY,15,0,15
1992,ZOE,61,0,61
1992,ZEINAB,6,0,6
1992,ZARA,8,0,8
1992,ZAINAB,13,0,13
1992,ZAHRA,21,0,21
1992,YVONNE,34,0,34
1992,YOLANDA,6,0,6
1992,YESENIA,6,0,6
1992,YASMINE,6,0,6
1992,YASMIN,19,0,19
1992,YASMEEN,9,0,9
1992,YAEL,8,0,8
1992,WHITNEY,37,0,37
1992,WENDY,33,0,33
1992,VÉRONIQUE,6,0,6
1992,VIVIEN,9,0,9
1992,VALERIE,87,0,87
1992,VALÉRIE,13,0,13
1992,VANESSA,368,0,368
1992,VASILIKI,6,0,6
1992,VENESSA,8,0,8
1992,VERONICA,87,0,87
1992,TYLER,1254,1244,10
1992,VERONIKA,8,0,8
1992,VICKY,17,0,17
1992,VICTORIA,689,0,689
1992,VIOLET,8,0,8
1992,VIRGINIA,30,0,30
1992,VITTORIA,6,0,6
1992,VIVIAN,54,0,54
1992,VERONIQUE,19,0,19
1992,NAVJOT,7,0,7
1992,TEAGAN,7,0,7
1992,TAYLER,30,8,22
1992,STEFANIA,19,0,19
1992,STEFANI,12,0,12
1992,STACY,27,0,27
1992,STACIE,10,0,10
1992,STACI,12,0,12
1992,STACEY,80,0,80
1992,SPENCER,280,274,6
1992,SOPHIE,64,0,64
1992,SOPHIA,61,0,61
1992,SONYA,37,0,37
1992,SONJA,16,0,16
1992,SONIA,52,0,52
1992,SONAM,8,0,8
1992,SOFIA,25,0,25
1992,SKYLER,35,29,6
1992,SKYLAR,39,25,14
1992,SKYLA,6,0,6
1992,SHONA,7,0,7
1992,SHUKRI,6,0,6
1992,SHYANNE,8,0,8
1992,SHYLA,6,0,6
1992,SIDNEY,13,6,7
1992,SIENNA,6,0,6
1992,STEFANIE,73,0,73
1992,SIERRA,43,0,43
1992,SIMONA,7,0,7
1992,SIMONE,37,0,37
1992,SIMRAN,10,0,10
1992,SINEAD,6,0,6
1992,SIOBHAN,30,0,30
1992,SKYE,21,0,21
1992,SILVIA,11,0,11
1992,TAYLOR,794,351,443
1992,STEFANY,6,0,6
1992,ABBIE,6,0,6
1992,TAYLAR,6,0,6
1992,TAWNYA,6,0,6
1992,TATYANA,6,0,6
1992,TATIANA,17,0,17
1992,TASNEEM,8,0,8
1992,TASHA,45,0,45
1992,TARYN,40,0,40
1992,TARAH,7,0,7
1992,TARA,129,0,129
1992,TANYA,87,0,87
1992,TANISHA,32,0,32
1992,TANIA,34,0,34
1992,TAMMY,28,0,28
1992,TAMIKA,10,0,10
1992,TAMARA,93,0,93
1992,TAMAR,12,0,12
1992,TALIA,28,0,28
1992,STEPHANY,13,0,13
1992,STEVIE,11,0,11
1992,STÉPHANIE,15,0,15
1992,SUKHPREET,8,0,8
1992,SUMMER,8,0,8
1992,SUSAN,43,0,43
1992,STELLA,7,0,7
1992,SUSANA,15,0,15
1992,SUZANNE,25,0,25
1992,SYDNEY,124,12,112
1992,SYLVIA,31,0,31
1992,SYLVIE,12,0,12
1992,TABATHA,11,0,11
1992,TABITHA,31,0,31
1992,SUSIE,11,0,11
1992,NAVDEEP,16,5,11
1992,NATHALIE,40,0,40
1992,NATASHA,388,0,388
1992,KYLIE,59,0,59
1992,KYLEIGH,8,0,8
1992,KYLEE,17,0,17
1992,KYLA,63,0,63
1992,KRYSTYNA,8,0,8
1992,KRYSTYN,6,0,6
1992,KRYSTLE,9,0,9
1992,KRYSTINA,14,0,14
1992,KRYSTEN,10,0,10
1992,KRYSTAL,78,0,78
1992,KRYSTA,17,0,17
1992,KRISTYN,13,0,13
1992,KRISTY,57,0,57
1992,KRISTINE,72,0,72
1992,KRISTINA,120,0,120
1992,KRISTIN,94,0,94
1992,KRISTIE,31,0,31
1992,KIMBERLY,197,0,197
1992,KIRA,35,0,35
1992,KIRAN,9,0,9
1992,KIRSTEN,122,0,122
1992,KIRSTI,9,0,9
1992,KIRSTIE,16,0,16
1992,KYRA,28,0,28
1992,KIRSTIN,6,0,6
1992,KORTNEY,6,0,6
1992,KOURTNEY,12,0,12
1992,KRISTA,141,0,141
1992,KRISTAL,13,0,13
1992,KRISTEN,295,0,295
1992,KRISTI,30,0,30
1992,KIRSTYN,12,0,12
1992,KIMBERLEY,62,0,62
1992,LACEY,45,0,45
1992,LANA,15,0,15
1992,LILIANA,6,0,6
1992,LIANNE,11,0,11
1992,LIANNA,8,0,8
1992,LIANE,7,0,7
1992,LIANA,11,0,11
1992,LIA,16,0,16
1992,LETITIA,6,0,6
1992,LESLIE,52,11,41
1992,LESLEY,16,0,16
1992,LEONA,6,0,6
1992,LENA,13,0,13
1992,LEILA,8,0,8
1992,LEIGHA,9,0,9
1992,LEIGH,23,0,23
1992,LEENA,6,0,6
1992,LEEANN,7,0,7
1992,LEE,52,37,15
1992,LARA,20,0,20
1992,LARISSA,57,0,57
1992,LATISHA,7,0,7
1992,LAURA,620,0,620
1992,LAUREL,27,0,27
1992,LAUREN,488,0,488
1992,LAILA,8,0,8
1992,LAURENCE,14,8,6
1992,LAURYN,6,0,6
1992,LAYLA,10,0,10
1992,LEA,14,0,14
1992,LEAH,136,0,136
1992,LEANNA,32,0,32
1992,LEANNE,48,0,48
1992,LAURIE,20,0,20
1992,LILLIAN,20,0,20
1992,KIM,23,0,23
1992,KIERA,9,0,9
1992,KAYLA,682,0,682
1992,KAVITA,10,0,10
1992,KATY,8,0,8
1992,KATRYNA,8,0,8
1992,KATRINE,8,0,8
1992,KATRINA,222,0,222
1992,KATLYN,21,0,21
1992,KATLIN,8,0,8
1992,KATIE,169,0,169
1992,KATHY,25,0,25
1992,KATHRYN,205,0,205
1992,KATHRINE,8,0,8
1992,KATHLEEN,220,0,220
1992,KATHERINE,401,0,401
1992,KATHARINE,41,0,41
1992,KATHARINA,6,0,6
1992,KATERINA,15,0,15
1992,KASANDRA,11,0,11
1992,KASEY,19,0,19
1992,KASIA,6,0,6
1992,KASSANDRA,92,0,92
1992,KASSIDY,6,0,6
1992,KASSONDRA,6,0,6
1992,KAYLEA,11,0,11
1992,KATARINA,32,0,32
1992,KATE,54,0,54
1992,KATE-LYNN,13,0,13
1992,KATELIN,14,0,14
1992,KATELYN,274,0,274
1992,KATELYNN,46,0,46
1992,KATELYNNE,8,0,8
1992,KATARZYNA,10,0,10
1992,KIERSTEN,17,0,17
1992,KAYLEE,37,0,37
1992,KAYLEY,16,0,16
1992,KIARA,11,0,11
1992,KIANNA,6,0,6
1992,KIANA,9,0,9
1992,KHADIJAH,6,0,6
1992,KHADIJA,7,0,7
1992,KEZIAH,6,0,6
1992,KESHIA,8,0,8
1992,KERRY,21,6,15
1992,KERRI,31,0,31
1992,KERI,11,0,11
1992,KENZIE,7,0,7
1992,KENISHA,7,0,7
1992,KENDRA,120,0,120
1992,KENDALL,15,0,15
1992,KELSIE,29,0,29
1992,KELSI,9,0,9
1992,KELSEY,404,5,399
1992,KAYLIE,10,0,10
1992,KAYLYN,6,0,6
1992,KAYTLIN,6,0,6
1992,KAYTLYN,6,0,6
1992,KEELY,9,0,9
1992,KEIRA,8,0,8
1992,KAYLEIGH,24,0,24
1992,KEISHA,19,0,19
1992,KELLEY,10,0,10
1992,KELLI,12,0,12
1992,KELLIE,27,0,27
1992,KELLY,286,23,263
1992,KELLY-ANN,8,0,8
1992,KELSEA,12,0,12
1992,KELCIE,6,0,6
1992,KAROLINA,15,0,15
1992,LILY,20,0,20
1992,LINDSAY,369,0,369
1992,MICAELA,7,0,7
1992,MIA,12,0,12
1992,MERISSA,6,0,6
1992,MEREDITH,32,0,32
1992,MERCEDES,38,0,38
1992,MELODY,39,0,39
1992,MELODIE,10,0,10
1992,MELISSA,773,0,773
1992,MELISA,7,0,7
1992,MELINDA,30,0,30
1992,MELINA,21,0,21
1992,MELANIE,289,0,289
1992,MEGHAN,279,0,279
1992,MEGAN,682,0,682
1992,MEAGHAN,109,0,109
1992,MEAGAN,161,0,161
1992,MCKENZIE,23,9,14
1992,MARTA,21,0,21
1992,MARTHA,31,0,31
1992,MARTINA,28,0,28
1992,MARTINE,13,0,13
1992,MARWA,7,0,7
1992,MARY,202,0,202
1992,MICHAELA,39,0,39
1992,MARYAM,15,0,15
1992,MARYANNE,6,0,6
1992,MAURA,7,0,7
1992,MAUREEN,11,0,11
1992,MAXIME,48,37,11
1992,MAXINE,28,0,28
1992,MAYA,24,0,24
1992,MARYANN,7,0,7
1992,MARSHA,10,0,10
1992,MICHELE,42,9,33
1992,MIKAELA,14,0,14
1992,NATALYA,10,0,10
1992,NATALIE,356,0,356
1992,NATALIA,33,0,33
1992,NAOMI,64,0,64
1992,NANCY,59,0,59
1992,NAKITA,6,0,6
1992,NADINE,48,0,48
1992,NADIA,66,0,66
1992,NADA,7,0,7
1992,MÉLISSA,6,0,6
1992,MÉLANIE,10,0,10
1992,MYRANDA,7,0,7
1992,MORIAH,7,0,7
1992,MORGAN,163,40,123
1992,MONTANA,14,0,14
1992,MONIQUE,67,0,67
1992,MONIKA,52,0,52
1992,MIKAYLA,13,0,13
1992,MILENA,9,0,9
1992,MINA,8,0,8
1992,MINDY,9,0,9
1992,MIRA,13,0,13
1992,MIRANDA,143,0,143
1992,MICHELLE,766,0,766
1992,MIREILLE,11,0,11
1992,MISHA,9,0,9
1992,MISTY,8,0,8
1992,MOLLIE,9,0,9
1992,MOLLY,66,0,66
1992,MONA,8,0,8
1992,MONICA,132,0,132
1992,MIRIAM,35,0,35
1992,LINA,10,0,10
1992,MARNIE,9,0,9
1992,MARLENE,8,0,8
1992,MAGDALENA,12,0,12
1992,MAEGAN,13,0,13
1992,MADISON,158,5,153
1992,MADELYN,8,0,8
1992,MADELINE,73,0,73
1992,MADELEINE,59,0,59
1992,MADELAINE,21,0,21
1992,MADDISON,24,0,24
1992,MACKENZIE,225,128,97
1992,LYNSEY,8,0,8
1992,LYNNE,6,0,6
1992,LYNN,15,0,15
1992,LYNDSEY,10,0,10
1992,LYNDSAY,32,0,32
1992,LYDIA,33,0,33
1992,LUCY,20,0,20
1992,LUCILLE,9,0,9
1992,LINDSEY,105,0,105
1992,LINDY,8,0,8
1992,LINNEA,16,0,16
1992,LISA,268,0,268
1992,LIZA,8,0,8
1992,LOGAN,110,96,14
1992,MAGGIE,42,0,42
1992,LORA,9,0,9
1992,LORETTA,11,0,11
1992,LORI,15,0,15
1992,LORRAINE,14,0,14
1992,LOUISA,15,0,15
1992,LOUISE,13,0,13
1992,LUCIA,11,0,11
1992,LORENA,6,0,6
1992,MARLEY,13,0,13
1992,MAIJA,6,0,6
1992,MANAL,8,0,8
1992,MARLENA,15,0,15
1992,MARLEE,18,0,18
1992,MARLA,7,0,7
1992,MARJORIE,8,0,8
1992,MARISSA,101,0,101
1992,MARISA,37,0,37
1992,MARION,10,0,10
1992,MARINA,43,0,43
1992,MARILYN,10,0,10
1992,MARIKA,18,0,18
1992,MARIELLE,6,0,6
1992,MARIE-PIER,10,0,10
1992,MARIE-EVE,9,0,9
1992,MARIE,352,0,352
1992,MARIANNE,27,0,27
1992,MARIANNA,6,0,6
1992,MARIANA,10,0,10
1992,MANDEEP,16,5,11
1992,MANDY,32,0,32
1992,MANON,7,0,7
1992,MANPREET,25,7,18
1992,MARA,7,0,7
1992,MARCIA,10,0,10
1992,MALLORY,45,0,45
1992,MARCY,10,0,10
1992,MARGARITA,7,0,7
1992,MARGOT,7,0,7
1992,MARIA,163,0,163
1992,MARIAH,69,0,69
1992,MARIAM,41,0,41
1992,MARIAN,10,0,10
1992,MARGARET,83,0,83
1992,ABBEY,11,0,11
1992,SERGIO,14,14,0
1992,OLIVIER,27,27,0
1992,SALMAN,10,10,0
1992,SAHIL,7,7,0
1992,SAGAR,5,5,0
1992,SACHIN,6,6,0
1992,RYLEY,11,11,0
1992,RYLAND,6,6,0
1992,RYLAN,12,12,0
1992,RYAN,1569,1569,0
1992,RUSSELL,63,63,0
1992,RUDY,7,7,0
1992,RUBEN,11,11,0
1992,ROY,26,26,0
1992,ROWAN,8,8,0
1992,ROSS,39,39,0
1992,ROSHAN,6,6,0
1992,ROSARIO,6,6,0
1992,RORY,18,18,0
1992,RONALD,69,69,0
1992,RON,6,6,0
1992,ROMAN,16,16,0
1992,ROLAND,14,14,0
1992,ROHIT,8,8,0
1992,ROHIN,5,5,0
1992,ROHAN,12,12,0
1992,ROGER,25,25,0
1992,SALVATORE,21,21,0
1992,SAM,36,36,0
1992,SAMEER,8,8,0
1992,SAMER,9,9,0
1992,SHELDON,72,72,0
1992,SHEA,5,5,0
1992,SHAYNE,68,68,0
1992,SHAWN,271,271,0
1992,SHAUN,56,56,0
1992,SHARMARKE,5,5,0
1992,SHAQUILLE,23,23,0
1992,SHANE,278,278,0
1992,SHAMAR,5,5,0
1992,SETH,26,26,0
1992,JEREMY,335,335,0
1992,SERGE,9,9,0
1992,RODNEY,18,18,0
1992,SÉBASTIEN,10,10,0
1992,SEBASTIAN,71,71,0
1992,SEAN,433,433,0
1992,SEAMUS,8,8,0
1992,SCOTT,502,502,0
1992,SCOT,8,8,0
1992,SAWYER,6,6,0
1992,SAVERIO,5,5,0
1992,SANJAY,11,11,0
1992,SAMUEL,304,304,0
1992,SAMUAL,5,5,0
1992,SAMSON,8,8,0
1992,SAMIR,6,6,0
1992,SEBASTIEN,40,40,0
1992,SHIVAM,5,5,0
1992,RODERICK,9,9,0
1992,ROCCO,12,12,0
1992,RAFI,5,5,0
1992,RAFFI,6,6,0
1992,RAFAEL,6,6,0
1992,QUOC,9,9,0
1992,QUINTON,19,19,0
1992,QUINTIN,5,5,0
1992,QUINCY,6,6,0
1992,QUENTIN,10,10,0
1992,PUNEET,5,5,0
1992,PRESTON,12,12,0
1992,PIOTR,7,7,0
1992,PIETRO,8,8,0
1992,PIETER,6,6,0
1992,PIERRE,24,24,0
1992,PIERCE,12,12,0
1992,PHILLIP,97,97,0
1992,PHILIPPE,40,40,0
1992,PHILIP,151,151,0
1992,PETER,334,334,0
1992,PERRY,7,7,0
1992,PEDRO,15,15,0
1992,PAWEL,10,10,0
1992,PAULO,9,9,0
1992,PAUL,323,323,0
1992,PATRICK,638,638,0
1992,RAHIM,7,7,0
1992,RAHUL,15,15,0
1992,RAJAN,5,5,0
1992,RALPH,6,6,0
1992,ROBERTSON,5,5,0
1992,ROBERTO,32,32,0
1992,ROBERT,846,846,0
1992,ROBBIE,6,6,0
1992,RISHI,10,10,0
1992,RICKY,31,31,0
1992,RICK,12,12,0
1992,RICHARD,369,369,0
1992,RICARDO,47,47,0
1992,RHYS,12,12,0
1992,REUBEN,5,5,0
1992,REMY,10,10,0
1992,ROCH,6,6,0
1992,REMI,9,9,0
1992,REGINALD,6,6,0
1992,REED,9,9,0
1992,RAYMOND,115,115,0
1992,RAY,7,7,0
1992,RAVI,9,9,0
1992,RAUL,8,8,0
1992,RASHAD,5,5,0
1992,RAPHAEL,10,10,0
1992,RANDY,72,72,0
1992,RANDALL,18,18,0
1992,RAMSEY,8,8,0
1992,RAMI,7,7,0
1992,REID,31,31,0
1992,PASCAL,11,11,0
1992,SIMEON,5,5,0
1992,SONNY,8,8,0
1992,WINSON,5,5,0
1992,WILSON,23,23,0
1992,WILLIAM,626,626,0
1992,WILLEM,5,5,0
1992,WILHELM,6,6,0
1992,WILFRED,5,5,0
1992,WESLEY,146,146,0
1992,WAYNE,39,39,0
1992,WARREN,47,47,0
1992,WALTER,23,23,0
1992,WAI,6,6,0
1992,WADE,30,30,0
1992,VLADIMIR,6,6,0
1992,VIVEK,7,7,0
1992,VITO,6,6,0
1992,VISHAL,9,9,0
1992,VINCENZO,20,20,0
1992,VINCENT,122,122,0
1992,VIKRAM,5,5,0
1992,VICTOR,89,89,0
1992,VAUGHN,5,5,0
1992,VAN,10,10,0
1992,USMAN,8,8,0
1992,TYSON,41,41,0
1992,TYRONE,16,16,0
1992,WINSTON,22,22,0
1992,WYATT,16,16,0
1992,XAVIER,14,14,0
1992,YANICK,5,5,0
1992,JEAN-LUC,14,14,0
1992,JEAN-MARC,6,6,0
1992,JEAN-MICHEL,5,5,0
1992,JEAN-PHILIPPE,7,7,0
1992,JEFF,6,6,0
1992,JEFFERSON,8,8,0
1992,JEFFERY,57,57,0
1992,JEFFREY,431,431,0
1992,JEREMIAH,24,24,0
1992,JEREMIE,17,17,0
1992,ZENON,6,6,0
1992,ZANE,11,11,0
1992,TYRELL,24,24,0
1992,ZAKARY,8,8,0
1992,ZAID,5,5,0
1992,ZACKERY,21,21,0
1992,ZACKARY,41,41,0
1992,ZACK,6,6,0
1992,ZACHERY,31,31,0
1992,ZACHARY,614,614,0
1992,ZACHARIE,15,15,0
1992,ZACHARIAH,25,25,0
1992,YVES,8,8,0
1992,YUSUF,13,13,0
1992,YONATHAN,5,5,0
1992,YANNICK,12,12,0
1992,ZAIN,10,10,0
1992,SIMON,131,131,0
1992,TYREL,10,10,0
1992,TYE,5,5,0
1992,TERENCE,23,23,0
1992,TED,7,7,0
1992,TATE,6,6,0
1992,TARIQ,5,5,0
1992,TARAN,6,6,0
1992,TANNER,111,111,0
1992,TALON,7,7,0
1992,SYLVAIN,11,11,0
1992,SYED,8,8,0
1992,SUNNY,8,8,0
1992,SUNIL,5,5,0
1992,SUNDEEP,6,6,0
1992,SUMEET,12,12,0
1992,STUART,62,62,0
1992,STORM,8,8,0
1992,STEWART,19,19,0
1992,STEVEN,660,660,0
1992,STEVE,32,32,0
1992,STERLING,12,12,0
1992,STEPHEN,444,444,0
1992,STEPHANE,31,31,0
1992,STEPHAN,26,26,0
1992,STEFANO,29,29,0
1992,STEFAN,84,84,0
1992,STANLEY,23,23,0
1992,TERRANCE,12,12,0
1992,TERRENCE,24,24,0
1992,TERRY,31,31,0
1992,TEVIN,26,26,0
1992,TY,10,10,0
1992,TUAN,6,6,0
1992,TROY,92,92,0
1992,TREY,9,9,0
1992,TREVOR,307,307,0
1992,TREVON,5,5,0
1992,TRENTON,7,7,0
1992,TRENT,21,21,0
1992,TRE,6,6,0
1992,TRAVIS,296,296,0
1992,TORY,6,6,0
1992,TONY,53,53,0
1992,TYLOR,27,27,0
1992,TOMMY,14,14,0
1992,TOMASZ,13,13,0
1992,TOMAS,6,6,0
1992,TOM,13,13,0
1992,TODD,56,56,0
1992,TOBIAS,7,7,0
1992,TIMOTHY,293,293,0
1992,TIM,8,8,0
1992,TIAGO,9,9,0
1992,THOMAS,552,552,0
1992,THIERRY,5,5,0
1992,THIEN,5,5,0
1992,THEODORE,29,29,0
1992,TOMISLAV,5,5,0
1992,PARKER,23,23,0
1992,PAOLO,18,18,0
1992,PABLO,9,9,0
1992,KODIE,7,7,0
1992,KODI,6,6,0
1992,KISHAN,6,6,0
1992,KIRK,33,33,0
1992,KIRBY,6,6,0
1992,KIERAN,29,29,0
1992,KIEFFER,5,5,0
1992,KIEFER,17,17,0
1992,KHALID,15,15,0
1992,KHALED,6,6,0
1992,KEVIN,852,852,0
1992,KEVEN,9,9,0
1992,KEVAN,8,8,0
1992,KENT,17,17,0
1992,KENNY,18,18,0
1992,KENNETH,154,154,0
1992,KENNEDY,5,5,0
1992,KEN,10,10,0
1992,KELVIN,36,36,0
1992,KEITH,96,96,0
1992,KEIFER,5,5,0
1992,KEENEN,9,9,0
1992,KEENAN,22,22,0
1992,KEEGAN,59,59,0
1992,KEATON,10,10,0
1992,KODY,60,60,0
1992,KONRAD,12,12,0
1992,KOREY,10,10,0
1992,KORY,22,22,0
1992,LIAM,101,101,0
1992,LEWIS,13,13,0
1992,LEVI,27,27,0
1992,LESTER,8,8,0
1992,LEROY,9,9,0
1992,LEONARDO,8,8,0
1992,LEONARD,13,13,0
1992,LEON,12,12,0
1992,LEO,18,18,0
1992,LAWRENCE,34,34,0
1992,LARRY,14,14,0
1992,LANDON,20,20,0
1992,KAROL,5,5,0
1992,LANCE,28,28,0
1992,KYLER,6,6,0
1992,KYLE,1230,1230,0
1992,KURTIS,91,91,0
1992,KURT,42,42,0
1992,KUNAL,7,7,0
1992,KRZYSZTOF,6,6,0
1992,KRYSTIAN,7,7,0
1992,KRISTOPHER,77,77,0
1992,KRISTOFF,5,5,0
1992,KRISTOFER,13,13,0
1992,KRISTIAN,16,16,0
1992,KRIS,7,7,0
1992,KYRON,5,5,0
1992,LIBAN,10,10,0
1992,KARL,36,36,0
1992,KAREEM,14,14,0
1992,JORGE,15,15,0
1992,JORDEN,13,13,0
1992,JONATHON,93,93,0
1992,JONATHAN,733,733,0
1992,JONAS,11,11,0
1992,JONAH,17,17,0
1992,JON,17,17,0
1992,JOHNSON,15,15,0
1992,JOHN-PAUL,6,6,0
1992,JOHNNY,31,31,0
1992,JOHNATHON,32,32,0
1992,JOHNATHAN,103,103,0
1992,JOHN,669,669,0
1992,JOHAN,12,12,0
1992,JOEY,42,42,0
1992,JOESPH,6,6,0
1992,JOEL,233,233,0
1992,JOE,10,10,0
1992,JOAO,5,5,0
1992,JIMMY,31,31,0
1992,JIM,6,6,0
1992,JIBRIL,5,5,0
1992,JEVON,5,5,0
1992,JESSEY,7,7,0
1992,JESS,7,7,0
1992,JORY,11,11,0
1992,JOSE,34,34,0
1992,JOSEF,5,5,0
1992,JOSEPH,944,944,0
1992,KARAN,5,5,0
1992,KANE,11,11,0
1992,KAMIL,11,11,0
1992,KAMERON,9,9,0
1992,KAMAL,5,5,0
1992,KALVIN,6,6,0
1992,KALEB,5,5,0
1992,KALE,8,8,0
1992,KAIN,5,5,0
1992,KAI,15,15,0
1992,KADEEM,35,35,0
1992,KA,8,8,0
1992,KARIM,11,11,0
1992,JUSTYN,8,8,0
1992,JUSTEN,7,7,0
1992,JULIUS,5,5,0
1992,JULIEN,42,42,0
1992,JULIAN,134,134,0
1992,JULES,5,5,0
1992,JUAN,14,14,0
1992,JOSUE,6,6,0
1992,JOSIP,7,7,0
1992,JOSIAH,21,21,0
1992,JOSHUAH,5,5,0
1992,JOSHUA,1303,1303,0
1992,JOSH,12,12,0
1992,JUSTIN,1050,1050,0
1992,LINCOLN,6,6,0
1992,LIONEL,5,5,0
1992,LLOYD,14,14,0
1992,NANA,5,5,0
1992,NABIL,6,6,0
1992,MYLES,71,71,0
1992,MUSTAFA,7,7,0
1992,MURRAY,7,7,0
1992,MUHAMMAD,13,13,0
1992,MOSTAFA,6,6,0
1992,MOSES,6,6,0
1992,MOHAMMED,26,26,0
1992,MOHAMMAD,35,35,0
1992,MOHAMED,59,59,0
1992,MOHAMAD,17,17,0
1992,MITCHELL,382,382,0
1992,MITCHEL,24,24,0
1992,MINH,8,8,0
1992,MILES,25,25,0
1992,MILAN,7,7,0
1992,MIKHAIL,7,7,0
1992,MIKE,14,14,0
1992,MIKAEL,7,7,0
1992,MIGUEL,22,22,0
1992,MICHEL,52,52,0
1992,MICHEAL,134,134,0
1992,MICHAL,21,21,0
1992,MICHAEL,2218,2218,0
1992,NATHAN,413,413,0
1992,NATHANAEL,22,22,0
1992,NATHANIAL,11,11,0
1992,NATHANIEL,121,121,0
1992,OWEN,64,64,0
1992,OSMAN,6,6,0
1992,OSCAR,19,19,0
1992,OREN,5,5,0
1992,OMAR,75,75,0
1992,JERMAINE,25,25,0
1992,OLIVER,56,56,0
1992,NORMAN,15,15,0
1992,NOLAN,74,74,0
1992,NOEL,8,8,0
1992,NOAH,57,57,0
1992,NIMA,9,9,0
1992,MICAH,10,10,0
1992,NIKOLAS,25,25,0
1992,NIKHIL,8,8,0
1992,NIGEL,53,53,0
1992,NICOLAS,119,119,0
1992,NICO,8,8,0
1992,NICKOLAS,37,37,0
1992,NICHOLAS,1069,1069,0
1992,NIALL,6,6,0
1992,NEVIN,9,9,0
1992,NELSON,27,27,0
1992,NEIL,93,93,0
1992,NEAL,12,12,0
1992,NAVID,5,5,0
1992,NIKOLA,9,9,0
1992,MELVIN,10,10,0
1992,MAXWELL,64,64,0
1992,MAXIMILLIAN,9,9,0
1992,MARC-ANDRÉ,7,7,0
1992,MARC-ANDRE,14,14,0
1992,MARC,129,129,0
1992,MANVIR,9,9,0
1992,MANUEL,14,14,0
1992,MANRAJ,5,5,0
1992,MANINDER,5,5,0
1992,MAN,5,5,0
1992,MALIK,7,7,0
1992,MALCOLM,45,45,0
1992,MAHMOUD,5,5,0
1992,MAHDI,5,5,0
1992,MARC-ANTOINE,8,8,0
1992,MAHAD,9,9,0
1992,LYNDON,6,6,0
1992,LYLE,14,14,0
1992,LUKE,258,258,0
1992,LUKAS,31,31,0
1992,LUIS,22,22,0
1992,LUIGI,17,17,0
1992,LUCAS,266,266,0
1992,LUCA,25,25,0
1992,LUC,34,34,0
1992,LOUIS,22,22,0
1992,LORNE,17,17,0
1992,LORENZO,7,7,0
1992,MACIEJ,8,8,0
1992,JEAN-FRANCOIS,9,9,0
1992,MARCEL,24,24,0
1992,MARCO,76,76,0
1992,MAXIMILIAN,20,20,0
1992,MAXIM,7,7,0
1992,MAX,42,42,0
1992,MAVERICK,8,8,0
1992,MAURICIO,10,10,0
1992,MAURICE,12,12,0
1992,MATTHIEU,23,23,0
1992,MATTHIAS,6,6,0
1992,MATTHEW,2032,2032,0
1992,MATTEO,10,10,0
1992,MATT,6,6,0
1992,MATHIEU,95,95,0
1992,MARCIN,9,9,0
1992,MATHEW,219,219,0
1992,MASSIMO,11,11,0
1992,MASON,49,49,0
1992,MARVIN,17,17,0
1992,MARTIN,142,142,0
1992,MARSHALL,38,38,0
1992,MARLON,18,18,0
1992,MARKUS,8,8,0
1992,MARKO,14,14,0
1992,MARK,502,502,0
1992,MARIO,49,49,0
1992,MAREK,10,10,0
1992,MARCUS,91,91,0
1992,MATEUSZ,8,8,0
1992,JERRY,20,20,0
1992,JEAN-CLAUDE,5,5,0
1992,JAYDEN,10,10,0
1992,CALEB,82,82,0
1992,CALLUM,21,21,0
1992,CALUM,11,11,0
1992,CALVIN,91,91,0
1992,CAMERON,346,346,0
1992,CAMPBELL,5,5,0
1992,CAREY,5,5,0
1992,CARL,45,45,0
1992,CARLO,17,17,0
1992,CARLOS,38,38,0
1992,CARLTON,7,7,0
1992,CARMINE,5,5,0
1992,CARSON,45,45,0
1992,CARTER,33,33,0
1992,CEDRIC,10,10,0
1992,CESAR,5,5,0
1992,CHAD,149,149,0
1992,CHADWICK,9,9,0
1992,CHANCE,8,8,0
1992,CHARLES,157,157,0
1992,CHARLIE,11,11,0
1992,CHASE,40,40,0
1992,CHESTER,5,5,0
1992,CHRIS,22,22,0
1992,CHRISTIAN,257,257,0
1992,CALE,8,8,0
1992,CHRISTOPHER,1658,1658,0
1992,CADEN,8,8,0
1992,BRYSON,9,9,0
1992,BRANDIN,5,5,0
1992,BRANDON,1465,1465,0
1992,BRANDYN,11,11,0
1992,BRANT,5,5,0
1992,BRAYDEN,33,33,0
1992,BRAYDON,13,13,0
1992,BRENDAN,238,238,0
1992,BRENDEN,38,38,0
1992,BRENDON,41,41,0
1992,BRENNAN,43,43,0
1992,BRENT,142,142,0
1992,BRENTON,5,5,0
1992,BRET,13,13,0
1992,BRETT,228,228,0
1992,BRIAN,339,339,0
1992,BROCK,72,72,0
1992,BRODERICK,6,6,0
1992,BRODIE,38,38,0
1992,BRODY,41,41,0
1992,BRONSON,10,10,0
1992,BRUCE,22,22,0
1992,BRUNO,14,14,0
1992,BRYAN,171,171,0
1992,BRYCE,64,64,0
1992,BRYDEN,5,5,0
1992,BYRON,11,11,0
1992,BRANDEN,56,56,0
1992,CHRISTOS,10,10,0
1992,CLARENCE,9,9,0
1992,CORY,167,167,0
1992,COSIMO,6,6,0
1992,COTY,7,7,0
1992,CRAIG,121,121,0
1992,CRISTIAN,14,14,0
1992,CRISTOPHER,6,6,0
1992,CULLEN,9,9,0
1992,CURTIS,181,181,0
1992,CYRUS,9,9,0
1992,DALE,41,41,0
1992,DALTON,93,93,0
1992,DAMIAN,37,37,0
1992,DAMIEN,28,28,0
1992,DAMION,7,7,0
1992,DAMON,19,19,0
1992,DAN,8,8,0
1992,DANE,26,26,0
1992,DANIAL,6,6,0
1992,DANIEL,1379,1379,0
1992,DANIELE,16,16,0
1992,DANIK,6,6,0
1992,DANNY,62,62,0
1992,JAYSON,17,17,0
1992,D'ARCY,8,8,0
1992,DARIUS,6,6,0
1992,CORRADO,12,12,0
1992,CIARAN,7,7,0
1992,CORNELL,6,6,0
1992,CORDELL,7,7,0
1992,CLARK,12,12,0
1992,CLAUDE,7,7,0
1992,CLAUDIO,7,7,0
1992,CLAYTON,51,51,0
1992,CLEMENT,8,8,0
1992,CLIFFORD,10,10,0
1992,CLINTON,33,33,0
1992,CLIVE,5,5,0
1992,COADY,5,5,0
1992,CODEY,12,12,0
1992,CODI,5,5,0
1992,CODIE,11,11,0
1992,COLBY,12,12,0
1992,COLE,128,128,0
1992,COLIN,279,279,0
1992,COLLIN,35,35,0
1992,COLTEN,10,10,0
1992,COLTON,67,67,0
1992,CONNER,24,24,0
1992,CONNOR,342,342,0
1992,CONOR,67,67,0
1992,CONRAD,25,25,0
1992,CONSTANTINE,7,7,0
1992,COOPER,12,12,0
1992,CORBIN,19,19,0
1992,CORNELIUS,8,8,0
1992,DARNELL,5,5,0
1992,BRANDAN,18,18,0
1992,BRAEDON,6,6,0
1992,ALBERTO,8,8,0
1992,ALEC,32,32,0
1992,ALEJANDRO,10,10,0
1992,ALEKSANDAR,10,10,0
1992,ALESSANDRO,37,37,0
1992,ALEXANDER,1183,1183,0
1992,ALEXANDRE,98,98,0
1992,ALEXANDROS,5,5,0
1992,ALFONSO,5,5,0
1992,ALFRED,12,12,0
1992,ALI,54,54,0
1992,ALISTAIR,8,8,0
1992,ALLAN,55,55,0
1992,ALLEN,22,22,0
1992,ALLISTER,6,6,0
1992,ALVIN,18,18,0
1992,AMAN,10,10,0
1992,AMAR,10,10,0
1992,AMEER,5,5,0
1992,AMIN,6,6,0
1992,AMIR,10,10,0
1992,AMIT,18,18,0
1992,AMOS,5,5,0
1992,AMRIT,5,5,0
1992,ANASTASIOS,6,6,0
1992,ALBERT,31,31,0
1992,ANDRE,104,104,0
1992,ALASTAIR,9,9,0
1992,ALAIN,26,26,0
1992,AAMIR,7,7,0
1992,AARON,480,480,0
1992,ABBAS,6,6,0
1992,ABDALLAH,7,7,0
1992,ABDIRAHMAN,9,9,0
1992,ABDUL,11,11,0
1992,ABDULLAH,6,6,0
1992,ABDULLAHI,6,6,0
1992,ABEL,6,6,0
1992,ABRAHAM,13,13,0
1992,ABRAM,7,7,0
1992,ADAM,894,894,0
1992,ADDISON,7,7,0
1992,ADIL,11,11,0
1992,ADNAN,7,7,0
1992,ADRIAN,199,199,0
1992,ADRIANO,11,11,0
1992,ADRIEN,8,8,0
1992,AHMAD,23,23,0
1992,AHMED,43,43,0
1992,AIDAN,37,37,0
1992,AIDEN,11,11,0
1992,AJAY,9,9,0
1992,AKASH,11,11,0
1992,AKEEM,5,5,0
1992,ALAN,59,59,0
1992,BRAM,6,6,0
1992,ANDRÉ,6,6,0
1992,ANDRES,18,18,0
1992,BARRETT,5,5,0
1992,BARRY,18,18,0
1992,BASHIR,5,5,0
1992,BEAU,8,8,0
1992,BEN,24,24,0
1992,BENEDICT,6,6,0
1992,BENJAMIN,563,563,0
1992,BENNETT,8,8,0
1992,BENOIT,16,16,0
1992,BENSON,6,6,0
1992,BERNARD,13,13,0
1992,BILAL,12,12,0
1992,BILL,10,10,0
1992,BILLY,15,15,0
1992,BLAINE,12,12,0
1992,BLAKE,114,114,0
1992,BOBBY,21,21,0
1992,BORIS,5,5,0
1992,BOYD,5,5,0
1992,BRAD,10,10,0
1992,BRADEN,48,48,0
1992,BRADLEY,406,406,0
1992,BRADLY,17,17,0
1992,BRADY,61,61,0
1992,BRAEDEN,36,36,0
1992,AVRAHAM,6,6,0
1992,ANDREAS,9,9,0
1992,AVINASH,5,5,0
1992,AUSTEN,6,6,0
1992,ANDREW,1476,1476,0
1992,ANDY,52,52,0
1992,ANGELO,34,34,0
1992,ANGUS,17,17,0
1992,ANISH,6,6,0
1992,ANKIT,5,5,0
1992,ANSON,5,5,0
1992,ANTHONY,551,551,0
1992,ANTOINE,8,8,0
1992,ANTON,8,8,0
1992,ANTONIO,51,51,0
1992,ARI,7,7,0
1992,ARIC,5,5,0
1992,ARJUN,15,15,0
1992,ARMAN,5,5,0
1992,ARNOLD,6,6,0
1992,ARON,9,9,0
1992,ARRON,5,5,0
1992,ARTHUR,59,59,0
1992,ARTUR,6,6,0
1992,ARUN,11,11,0
1992,ARVIN,5,5,0
1992,ASA,5,5,0
1992,ASHKAN,5,5,0
1992,ASIF,5,5,0
1992,AUSTIN,123,123,0
1992,DARREL,8,8,0
1992,DANTE,15,15,0
1992,DARREN,100,100,0
1992,GRAHAM,102,102,0
1992,GRANT,70,70,0
1992,GRAYDON,7,7,0
1992,GRAYSON,8,8,0
1992,GREG,10,10,0
1992,GREGORY,287,287,0
1992,GRIFFIN,12,12,0
1992,GUILLAUME,12,12,0
1992,GURINDER,5,5,0
1992,GUSTAVO,5,5,0
1992,GUY,13,13,0
1992,GRAEME,52,52,0
1992,HAMID,5,5,0
1992,HANS,5,5,0
1992,HARJOT,6,6,0
1992,HARMAN,11,11,0
1992,HAROLD,11,11,0
1992,HARRIS,6,6,0
1992,HARRISON,50,50,0
1992,HARRY,13,13,0
1992,HARSIMRAN,5,5,0
1992,HASSAN,25,25,0
1992,HAYDEN,42,42,0
1992,HECTOR,8,8,0
1992,HAMZA,17,17,0
1992,GORDON,63,63,0
1992,GLENN,25,25,0
1992,GLEN,18,18,0
1992,GAGANDEEP,12,12,0
1992,GAGE,28,28,0
1992,DARRELL,9,9,0
1992,GARETH,14,14,0
1992,GARETT,16,16,0
1992,GARNET,11,11,0
1992,GARRET,15,15,0
1992,GARRETT,82,82,0
1992,GARTH,7,7,0
1992,GARY,46,46,0
1992,GAURAV,6,6,0
1992,GAVIN,58,58,0
1992,GEOFFREY,85,85,0
1992,GEORGE,107,107,0
1992,GERALD,27,27,0
1992,GERARD,14,14,0
1992,GERRIT,11,11,0
1992,GIANCARLO,20,20,0
1992,GIANLUCA,15,15,0
1992,GIDEON,8,8,0
1992,GILBERT,9,9,0
1992,GILLES,7,7,0
1992,GIOVANNI,27,27,0
1992,GIULIANO,6,6,0
1992,GIUSEPPE,20,20,0
1992,HEINRICH,8,8,0
1992,HENRY,64,64,0
1992,HERBERT,7,7,0
1992,HERMAN,11,11,0
1992,JAKUB,5,5,0
1992,JALEEL,8,8,0
1992,JALEN,7,7,0
1992,JAMAAL,8,8,0
1992,JAMAL,45,45,0
1992,JAMAR,7,7,0
1992,JAMEEL,9,9,0
1992,JAMES,1042,1042,0
1992,JAMESON,8,8,0
1992,JAMIESON,12,12,0
1992,JAMIL,5,5,0
1992,JAMISON,5,5,0
1992,JAN,10,10,0
1992,JARED,106,106,0
1992,JAROD,6,6,0
1992,JARRED,8,8,0
1992,JARRET,6,6,0
1992,JARRETT,19,19,0
1992,JARROD,9,9,0
1992,JASDEEP,8,8,0
1992,JASKARAN,5,5,0
1992,JASON,523,523,0
1992,JASPER,11,11,0
1992,JAVIER,10,10,0
1992,JAY,33,33,0
1992,JAKOB,23,23,0
1992,GAETANO,5,5,0
1992,JAKE,192,192,0
1992,JADEN,6,6,0
1992,HO,5,5,0
1992,HOANG,8,8,0
1992,HOLDEN,12,12,0
1992,HOWARD,14,14,0
1992,HUGH,16,16,0
1992,HUGO,10,10,0
1992,HUNTER,30,30,0
1992,HUSSEIN,23,23,0
1992,HUY,7,7,0
1992,IAIN,27,27,0
1992,IAN,267,267,0
1992,IBRAHIM,15,15,0
1992,IMRAN,13,13,0
1992,ISAAC,72,72,0
1992,ISAAK,7,7,0
1992,ISAIAH,13,13,0
1992,ISMAIL,7,7,0
1992,ISSA,5,5,0
1992,IVAN,38,38,0
1992,JACK,59,59,0
1992,JACKSON,42,42,0
1992,JACKY,6,6,0
1992,JACOB,724,724,0
1992,JACQUES,13,13,0
1992,JAD,5,5,0
1992,JAHMAL,5,5,0
1992,GABRIEL,90,90,0
1992,GALEN,6,6,0
1992,FRÉDÉRIC,5,5,0
1992,DILLAN,11,11,0
1992,DILLION,8,8,0
1992,DILLON,234,234,0
1992,DIMITRI,10,10,0
1992,DIMITRIOS,9,9,0
1992,DION,8,8,0
1992,DOMENIC,26,26,0
1992,DOMENICO,21,21,0
1992,DOMINIC,56,56,0
1992,DOMINICK,11,11,0
1992,DOMINIK,16,16,0
1992,DONALD,71,71,0
1992,DONAVAN,5,5,0
1992,DONOVAN,25,25,0
1992,DORIAN,9,9,0
1992,DOUGLAS,122,122,0
1992,DRAKE,14,14,0
1992,DREW,71,71,0
1992,DUANE,7,7,0
1992,DUNCAN,37,37,0
1992,DUSTIN,211,211,0
1992,FREDERICK,32,32,0
1992,DWAYNE,31,31,0
1992,DWIGHT,10,10,0
1992,DYLAN,1107,1107,0
1992,DILAN,6,6,0
1992,DYLLAN,8,8,0
1992,DIEGO,9,9,0
1992,DEVONTE,5,5,0
1992,DARRIN,9,9,0
1992,DARRYL,43,43,0
1992,DARYL,28,28,0
1992,DAVE,14,14,0
1992,DAVID,1134,1134,0
1992,DAVIDE,8,8,0
1992,DAVIN,6,6,0
1992,DAVIS,16,16,0
1992,DAWSON,13,13,0
1992,DAYNE,7,7,0
1992,DAYTON,10,10,0
1992,DEAN,94,94,0
1992,DECLAN,9,9,0
1992,DEMETRIOS,5,5,0
1992,DENIS,20,20,0
1992,DENNIS,58,58,0
1992,DENNY,5,5,0
1992,DENVER,8,8,0
1992,DENZEL,8,8,0
1992,DEREK,321,321,0
1992,DERICK,9,9,0
1992,DERRICK,38,38,0
1992,DESMOND,33,33,0
1992,DEVANTE,8,8,0
1992,DEVEN,7,7,0
1992,DEXTER,14,14,0
1992,DYLLON,5,5,0
1992,DUY,5,5,0
1992,EARL,9,9,0
1992,ETHAN,119,119,0
1992,EUGENE,15,15,0
1992,DYLON,30,30,0
1992,EVERETT,5,5,0
1992,EZRA,6,6,0
1992,FABIAN,12,12,0
1992,FABIO,10,10,0
1992,FADI,5,5,0
1992,FAISAL,8,8,0
1992,FELIX,13,13,0
1992,FERNANDO,15,15,0
1992,FILIP,11,11,0
1992,FILIPE,11,11,0
1992,FORREST,10,10,0
1992,FRANCESCO,61,61,0
1992,FRANCIS,56,56,0
1992,FRANCISCO,7,7,0
1992,FRANCO,14,14,0
1992,FRANCOIS,13,13,0
1992,FRANK,53,53,0
1992,FRANKIE,6,6,0
1992,FRANKLIN,13,13,0
1992,FRANZ,6,6,0
1992,FRASER,28,28,0
1992,FREDERIC,11,11,0
1992,ERROL,7,7,0
1992,ERNESTO,5,5,0
1992,EVAN,356,356,0
1992,ERIK,126,126,0
1992,EDDIE,6,6,0
1992,EDDY,5,5,0
1992,EDGAR,10,10,0
1992,EDMOND,8,8,0
1992,EDMUND,9,9,0
1992,EDUARDO,11,11,0
1992,EDWARD,129,129,0
1992,EDWIN,17,17,0
1992,ERNEST,11,11,0
1992,ELIAS,19,19,0
1992,ELIJAH,27,27,0
1992,ELIOT,6,6,0
1992,ELI,21,21,0
1992,ELLIOTT,29,29,0
1992,ERICK,12,12,0
1992,ELLIOT,21,21,0
1992,ERIC,777,777,0
1992,EMMANUEL,26,26,0
1992,EMILIO,13,13,0
1992,EMILE,6,6,0
1992,ERICH,7,7,0
1992,EMERSON,9,9,0
1992,EMANUEL,14,14,0
1992,ELTON,5,5,0
1992,ELLIS,5,5,0
1992,EMIL,7,7,0
1992,JEROME,39,39,0
1993,JEROME,31,31,0
1993,ABBEY,20,0,20
1993,ABBY,23,0,23
1993,ABIGAIL,82,0,82
1993,ADELE,9,0,9
1993,ADINA,10,0,10
1993,ADRIANA,55,0,55
1993,ADRIANNA,26,0,26
1993,ADRIENNE,44,0,44
1993,AGNES,6,0,6
1993,ROCCO,9,9,0
1993,AIDAN,72,66,6
1993,MARKO,24,24,0
1993,MARK,478,478,0
1993,MARIO,48,48,0
1993,MAREK,11,11,0
1993,MARCUS,94,94,0
1993,MARCO,77,77,0
1993,MARCIN,11,11,0
1993,MARCEL,19,19,0
1993,MARC-ANTOINE,5,5,0
1993,MARC-ANDRÉ,5,5,0
1993,MARC-ANDRE,9,9,0
1993,MARC,129,129,0
1993,MARKUS,10,10,0
1993,MANVIR,9,9,0
1993,MANUEL,14,14,0
1993,MANRAJ,5,5,0
1993,MALIK,11,11,0
1993,MALCOLM,42,42,0
1993,MAHMOUD,6,6,0
1993,MAHAD,17,17,0
1993,MACLEAN,5,5,0
1993,LYNDON,10,10,0
1993,LYNDEN,5,5,0
1993,LYLE,13,13,0
1993,LUKE,239,239,0
1993,LUKASZ,5,5,0
1993,MANVEER,5,5,0
1993,LUKAS,45,45,0
1993,MARLON,12,12,0
1993,MARTIN,134,134,0
1993,MICHEL,31,31,0
1993,MICHEAL,106,106,0
1993,MICHAL,17,17,0
1993,MICHAEL,2027,2027,0
1993,MICAH,14,14,0
1993,MELVIN,8,8,0
1993,MEIR,5,5,0
1993,MAXWELL,63,63,0
1993,MAXIMILIAN,11,11,0
1993,MAXIME,32,32,0
1993,MAXIM,21,21,0
1993,MAX,49,49,0
1993,MARSHALL,23,23,0
1993,MAVERICK,6,6,0
1993,MATTHIEU,25,25,0
1993,MATTHEW,1902,1902,0
1993,MATTEO,12,12,0
1993,MATT,6,6,0
1993,MATIAS,5,5,0
1993,MATHIEU,97,97,0
1993,MATHEW,192,192,0
1993,MATEUSZ,11,11,0
1993,MASSIMO,10,10,0
1993,MASON,58,58,0
1993,MARVIN,24,24,0
1993,MARTY,6,6,0
1993,MAURICE,11,11,0
1993,LUKA,9,9,0
1993,LUIS,19,19,0
1993,LUIGI,15,15,0
1993,KRISTOFFER,7,7,0
1993,KRISTOFF,6,6,0
1993,KRISTOFER,19,19,0
1993,KRISTIAN,41,41,0
1993,KORY,23,23,0
1993,KOREY,14,14,0
1993,KONRAD,12,12,0
1993,KOLTON,7,7,0
1993,KOLE,7,7,0
1993,KODY,48,48,0
1993,KIRK,18,18,0
1993,KINGSLEY,7,7,0
1993,KRISTOPHER,70,70,0
1993,KIERAN,49,49,0
1993,KHALIL,6,6,0
1993,KHALID,18,18,0
1993,KEVIN,828,828,0
1993,KEVEN,5,5,0
1993,KEVAN,7,7,0
1993,KEON,5,5,0
1993,KENTON,10,10,0
1993,KENT,18,18,0
1993,KENNY,13,13,0
1993,KENNETH,131,131,0
1993,KEN,5,5,0
1993,KELVIN,35,35,0
1993,KIEFER,9,9,0
1993,KUNAL,7,7,0
1993,KURT,31,31,0
1993,KURTIS,99,99,0
1993,LUCAS,280,280,0
1993,LUCA,36,36,0
1993,LUC,34,34,0
1993,LOUIS,32,32,0
1993,LORNE,7,7,0
1993,LORENZO,14,14,0
1993,LONG,7,7,0
1993,LLOYD,13,13,0
1993,LINCOLN,5,5,0
1993,LIBAN,18,18,0
1993,LIAM,104,104,0
1993,LEWIS,14,14,0
1993,LEVI,25,25,0
1993,LEROY,6,6,0
1993,LEONARD,22,22,0
1993,LEON,9,9,0
1993,LEO,10,10,0
1993,LAWRENCE,26,26,0
1993,LAVERNE,5,5,0
1993,LAURENT,5,5,0
1993,LARRY,11,11,0
1993,LANDON,19,19,0
1993,LANCE,20,20,0
1993,LAMAR,6,6,0
1993,KYLER,10,10,0
1993,KYLE,1144,1144,0
1993,KWAME,9,9,0
1993,MIGUEL,29,29,0
1993,MIKAEL,6,6,0
1993,MIKE,7,7,0
1993,MILAN,6,6,0
1993,RAFAL,6,6,0
1993,RAFAEL,6,6,0
1993,QUINTON,17,17,0
1993,QUINTIN,7,7,0
1993,QUINCY,16,16,0
1993,QUENTIN,6,6,0
1993,QUANG,6,6,0
1993,PRESTON,7,7,0
1993,PRAVIN,6,6,0
1993,PRASHANTH,5,5,0
1993,PIOTR,16,16,0
1993,PIETRO,5,5,0
1993,RAFFAELE,10,10,0
1993,PIETER,6,6,0
1993,PIERCE,10,10,0
1993,PHONG,6,6,0
1993,PHILLIPE,8,8,0
1993,PHILLIP,86,86,0
1993,PHILIPPE,41,41,0
1993,PHILIP,181,181,0
1993,PETER,308,308,0
1993,PETAR,8,8,0
1993,PERRY,10,10,0
1993,PAWEL,6,6,0
1993,PAUL,307,307,0
1993,PATRYK,8,8,0
1993,PIERRE,24,24,0
1993,RAHEEM,14,14,0
1993,RAHIM,7,7,0
1993,RAHUL,13,13,0
1993,ROBERTO,34,34,0
1993,ROBERT,764,764,0
1993,ROBBIE,5,5,0
1993,RISHI,10,10,0
1993,RICKY,39,39,0
1993,RICK,7,7,0
1993,RICHIE,7,7,0
1993,RICHARD,299,299,0
1993,RICARDO,28,28,0
1993,RHYS,12,12,0
1993,REUBEN,17,17,0
1993,REMI,6,6,0
1993,REID,37,37,0
1993,REGINALD,11,11,0
1993,REESE,5,5,0
1993,REED,9,9,0
1993,REECE,10,10,0
1993,RAYMOND,103,103,0
1993,RAY,5,5,0
1993,RAVINDER,5,5,0
1993,RAVI,5,5,0
1993,RAUL,5,5,0
1993,RAPHAEL,16,16,0
1993,RANDY,51,51,0
1993,RANDALL,13,13,0
1993,RAMI,6,6,0
1993,RALPH,7,7,0
1993,PATRICK,545,545,0
1993,KELLEN,6,6,0
1993,PATRICE,8,8,0
1993,PARTH,5,5,0
1993,NAVIN,6,6,0
1993,NATHEN,8,8,0
1993,NATHANIEL,150,150,0
1993,NATHANIAL,24,24,0
1993,NATHANAEL,22,22,0
1993,NATHAN,403,403,0
1993,NADER,7,7,0
1993,NADEEM,5,5,0
1993,NABIL,8,8,0
1993,NABEEL,6,6,0
1993,MYLES,67,67,0
1993,MUSTAPHA,5,5,0
1993,NEAL,10,10,0
1993,MUSTAFA,12,12,0
1993,MUHAMMAD,15,15,0
1993,MOSHE,8,8,0
1993,MOSES,9,9,0
1993,MOISES,5,5,0
1993,MOHAMMED,36,36,0
1993,MOHAMMAD,38,38,0
1993,MOHAMED,69,69,0
1993,MOHAMAD,17,17,0
1993,MITCHELL,528,528,0
1993,MITCHEL,30,30,0
1993,MINH,8,8,0
1993,MILES,24,24,0
1993,MURRAY,6,6,0
1993,NEIL,75,75,0
1993,NELSON,43,43,0
1993,NIALL,5,5,0
1993,PARKER,21,21,0
1993,PAOLO,15,15,0
1993,OWEN,51,51,0
1993,OSMAN,6,6,0
1993,OSCAR,13,13,0
1993,ORLANDO,7,7,0
1993,O'NEIL,5,5,0
1993,OMID,5,5,0
1993,OMAR,67,67,0
1993,OLIVIER,17,17,0
1993,OLIVER,51,51,0
1993,OCEAN,5,5,0
1993,NORMAN,10,10,0
1993,NOLAN,54,54,0
1993,NOEL,16,16,0
1993,NOAH,40,40,0
1993,NIKOLAUS,6,6,0
1993,NIKOLAS,29,29,0
1993,NIKOLA,19,19,0
1993,NIKESH,5,5,0
1993,NIGEL,40,40,0
1993,NICOLAS,144,144,0
1993,NICOLAAS,6,6,0
1993,NICO,8,8,0
1993,NICKOLAS,41,41,0
1993,NICK,10,10,0
1993,NICHOLAS,1124,1124,0
1993,PASCAL,11,11,0
1993,KEITH,71,71,0
1993,KEENAN,28,28,0
1993,KEEGAN,57,57,0
1993,WILLY,5,5,0
1993,WILLIAM,617,617,0
1993,WILLEM,7,7,0
1993,WILL,6,6,0
1993,WESLEY,147,147,0
1993,WENDEL,5,5,0
1993,WAYNE,33,33,0
1993,WASEEM,6,6,0
1993,WARREN,35,35,0
1993,WALTER,32,32,0
1993,WALKER,6,6,0
1993,WAI,5,5,0
1993,WILSON,18,18,0
1993,WADE,25,25,0
1993,VITTORIO,8,8,0
1993,VITO,11,11,0
1993,VISHAL,12,12,0
1993,VINCENZO,16,16,0
1993,VINCENT,124,124,0
1993,VIKRAM,5,5,0
1993,VICTOR,89,89,0
1993,VERNON,6,6,0
1993,VARUN,8,8,0
1993,VAN,5,5,0
1993,USMAN,5,5,0
1993,TYSON,46,46,0
1993,VIVEK,7,7,0
1993,WINSTON,13,13,0
1993,WYATT,20,20,0
1993,XAVIER,20,20,0
1993,SONNY,8,8,0
1993,STANLEY,25,25,0
1993,STEFAN,85,85,0
1993,STEFANO,24,24,0
1993,STEPHAN,27,27,0
1993,ZIAD,5,5,0
1993,ZECHARIAH,6,6,0
1993,ZANE,11,11,0
1993,ZAKERY,5,5,0
1993,ZAKARY,10,10,0
1993,ZAKARIYA,5,5,0
1993,ZAKARIA,7,7,0
1993,ZAIN,7,7,0
1993,ZAID,6,6,0
1993,ZACKERY,38,38,0
1993,ZACKARY,47,47,0
1993,ZACK,5,5,0
1993,ZACHERY,46,46,0
1993,ZACHARY,637,637,0
1993,ZACHARIE,8,8,0
1993,ZACHARIAH,26,26,0
1993,YVES,5,5,0
1993,YUSUF,17,17,0
1993,YOSEF,6,6,0
1993,YASSIN,5,5,0
1993,YANNICK,8,8,0
1993,YAHYA,6,6,0
1993,TYRONE,20,20,0
1993,SOLOMON,9,9,0
1993,TYRELL,31,31,0
1993,TYLOR,18,18,0
1993,THOMAS,590,590,0
1993,THEODORE,25,25,0
1993,THADDEUS,5,5,0
1993,TEVON,6,6,0
1993,TEVIN,19,19,0
1993,TERRENCE,18,18,0
1993,TERRELL,12,12,0
1993,TERRANCE,14,14,0
1993,TERENCE,22,22,0
1993,TED,5,5,0
1993,TARIQ,8,8,0
1993,TARAN,7,7,0
1993,TIAGO,8,8,0
1993,TANVEER,5,5,0
1993,TALON,6,6,0
1993,SYLVAIN,8,8,0
1993,SYED,16,16,0
1993,SURAJ,7,7,0
1993,SUNNY,7,7,0
1993,SUMEET,5,5,0
1993,STUART,64,64,0
1993,STEWART,23,23,0
1993,STEVEN,518,518,0
1993,STEVE,25,25,0
1993,STEVAN,5,5,0
1993,STERLING,11,11,0
1993,TANNER,113,113,0
1993,TIM,6,6,0
1993,TIMOTHY,238,238,0
1993,TOBIAS,7,7,0
1993,TYE,6,6,0
1993,TY,6,6,0
1993,TURNER,11,11,0
1993,TUAN,6,6,0
1993,TRUNG,7,7,0
1993,TROY,96,96,0
1993,TRISTON,8,8,0
1993,TRISTEN,5,5,0
1993,TRISTAN,74,74,0
1993,TREY,21,21,0
1993,TREVOR,238,238,0
1993,TREVON,5,5,0
1993,TRENTON,7,7,0
1993,TRENT,27,27,0
1993,TREMAINE,8,8,0
1993,TRE,7,7,0
1993,TRAVIS,274,274,0
1993,TRAE,5,5,0
1993,TORY,5,5,0
1993,TONY,51,51,0
1993,TOMMY,16,16,0
1993,TOMISLAV,7,7,0
1993,TOMASZ,12,12,0
1993,TOMAS,17,17,0
1993,TOM,9,9,0
1993,TODD,40,40,0
1993,TOBY,5,5,0
1993,TYREL,6,6,0
1993,ROCH,7,7,0
1993,SKYLER,21,21,0
1993,SIMEON,6,6,0
1993,JOSE,30,30,0
1993,JORY,6,6,0
1993,JORGE,10,10,0
1993,JORDY,9,9,0
1993,JORDON,48,48,0
1993,JORDI,6,6,0
1993,JONATHON,61,61,0
1993,JONATHAN,742,742,0
1993,JONAS,12,12,0
1993,JONAH,27,27,0
1993,JON,13,13,0
1993,JOHNSON,10,10,0
1993,JOSEF,10,10,0
1993,JOHN-PAUL,9,9,0
1993,JOHNATHON,43,43,0
1993,JOHNATHAN,99,99,0
1993,JOHN,616,616,0
1993,JOHAN,10,10,0
1993,JOËL,6,6,0
1993,JOEL,186,186,0
1993,JOE,7,7,0
1993,JOAO,5,5,0
1993,JIMMY,42,42,0
1993,JIM,5,5,0
1993,JEVON,16,16,0
1993,JESUS,5,5,0
1993,JOHNNY,33,33,0
1993,JOSEPH,903,903,0
1993,JOSH,8,8,0
1993,JOSHUA,1269,1269,0
1993,KEATON,12,12,0
1993,KAVIN,6,6,0
1993,KARL,41,41,0
1993,KARIM,9,9,0
1993,KAREEM,19,19,0
1993,KARAN,13,13,0
1993,KAMRAN,5,5,0
1993,KAMIL,12,12,0
1993,KAMAL,6,6,0
1993,KALVIN,11,11,0
1993,KALEB,14,14,0
1993,KALE,5,5,0
1993,KAI,14,14,0
1993,KADEEM,20,20,0
1993,JUSTYN,8,8,0
1993,JUSTIN,947,947,0
1993,JUSTICE,9,9,0
1993,JUSTEN,5,5,0
1993,JUNIOR,5,5,0
1993,JULIUS,14,14,0
1993,JULIO,5,5,0
1993,JULIEN,30,30,0
1993,JULIAN,133,133,0
1993,JUAN,20,20,0
1993,JOVAN,11,11,0
1993,JOSIAH,13,13,0
1993,JOSHUAH,5,5,0
1993,JESSY,26,26,0
1993,SIMON,148,148,0
1993,JESSEE,5,5,0
1993,ROCKY,8,8,0
1993,SAMI,8,8,0
1993,SAMIR,10,10,0
1993,SAMMY,10,10,0
1993,SAMSON,8,8,0
1993,SAMUEL,330,330,0
1993,SANJAY,8,8,0
1993,SCOTT,475,475,0
1993,SEAMUS,5,5,0
1993,SEAN,397,397,0
1993,SEBASTIAN,96,96,0
1993,SEBASTIEN,42,42,0
1993,SÉBASTIEN,8,8,0
1993,SAMEER,14,14,0
1993,SERGIO,5,5,0
1993,SHAAN,5,5,0
1993,SHAMAR,6,6,0
1993,SHAN,6,6,0
1993,SHANE,197,197,0
1993,SHAQUILLE,80,80,0
1993,SHARMARKE,5,5,0
1993,SHAUN,52,52,0
1993,SHAWN,234,234,0
1993,SHAYAN,5,5,0
1993,SHAYNE,41,41,0
1993,SHELDON,70,70,0
1993,SHIVAM,5,5,0
1993,SETH,35,35,0
1993,SAMATAR,7,7,0
1993,SAM,34,34,0
1993,SALVATORE,21,21,0
1993,RODERICK,5,5,0
1993,RODNEY,23,23,0
1993,RODRIGO,5,5,0
1993,ROGER,28,28,0
1993,ROHAN,10,10,0
1993,ROHIT,8,8,0
1993,ROLAND,10,10,0
1993,ROMAN,15,15,0
1993,RON,7,7,0
1993,RONALD,46,46,0
1993,RORY,40,40,0
1993,ROSHAN,5,5,0
1993,ROSS,34,34,0
1993,ROY,24,24,0
1993,ROYCE,8,8,0
1993,RUBEN,8,8,0
1993,RUDY,6,6,0
1993,RUSSELL,54,54,0
1993,RYAN,1573,1573,0
1993,RYDER,5,5,0
1993,RYLAN,11,11,0
1993,RYLAND,5,5,0
1993,RYLEY,15,15,0
1993,SABASTIAN,5,5,0
1993,SAHIL,6,6,0
1993,SAID,5,5,0
1993,SALMAN,11,11,0
1993,JERRY,17,17,0
1993,AILEEN,7,0,7
1993,ROBERTA,10,0,10
1993,AINSLEY,15,0,15
1993,THUY,7,0,7
1993,THI,17,0,17
1993,THERESE,6,0,6
1993,THERESA,34,0,34
1993,THEA,6,0,6
1993,THANH,19,7,12
1993,THALIA,13,0,13
1993,TESSA,56,0,56
1993,TESS,24,0,24
1993,TERRY,37,30,7
1993,TERRI-LYNN,7,0,7
1993,TERRI,14,0,14
1993,TERI,7,0,7
1993,TERESA,35,0,35
1993,TENISHA,11,0,11
1993,TEGAN,9,0,9
1993,TEALA,6,0,6
1993,TEAGAN,13,5,8
1993,TAYLOR,1065,351,714
1993,TAYLER,38,9,29
1993,TAYLAR,6,0,6
1993,TIA,33,0,33
1993,TATYANA,6,0,6
1993,TIANA,22,0,22
1993,TIFFANI,7,0,7
1993,VERA,7,0,7
1993,VENESSA,9,0,9
1993,VANESSA,407,0,407
1993,VALÉRIE,9,0,9
1993,VALERIE,105,0,105
1993,VALERIA,6,0,6
1993,VALENTINA,11,0,11
1993,TYLER,1207,1198,9
1993,TYANNA,8,0,8
1993,TRISTA,12,0,12
1993,TRISHA,29,0,29
1993,TRINA,8,0,8
1993,TRICIA,6,0,6
1993,TRACY,39,0,39
1993,TRACEY,16,0,16
1993,TORI,52,0,52
1993,TONYA,16,0,16
1993,TONI,26,0,26
1993,TISHA,6,0,6
1993,TINA,70,0,70
1993,TIFFANY,191,0,191
1993,TIANNA,30,0,30
1993,VERONICA,90,0,90
1993,TATIANA,27,0,27
1993,TASHA,45,0,45
1993,STEVIE,17,5,12
1993,STEPHANIE,1037,0,1037
1993,STELLA,12,0,12
1993,STEFANIE,59,0,59
1993,STEFANIA,16,0,16
1993,STEFANI,10,0,10
1993,STARR,6,0,6
1993,STACY,31,0,31
1993,STACIE,13,0,13
1993,STACI,7,0,7
1993,STACEY,59,0,59
1993,SPENCER,293,287,6
1993,SOPHIE,75,0,75
1993,SOPHIA,54,0,54
1993,SONYA,25,0,25
1993,SONJA,8,0,8
1993,SONIA,39,0,39
1993,SOFIA,23,0,23
1993,SKYLAR,49,28,21
1993,SKYE,23,0,23
1993,SKY,8,0,8
1993,STORM,11,5,6
1993,TASNEEM,6,0,6
1993,STÉPHANIE,15,0,15
1993,SUSAN,41,0,41
1993,TARYN,53,0,53
1993,TARA,111,0,111
1993,TANYA,83,0,83
1993,TANISHA,28,0,28
1993,TANIA,23,0,23
1993,TAMMY,17,0,17
1993,TAMIKA,8,0,8
1993,TAMARA,88,0,88
1993,TAMAR,10,0,10
1993,TALIA,22,0,22
1993,TABITHA,29,0,29
1993,TABATHA,7,0,7
1993,SYLVIE,15,0,15
1993,SYLVIA,26,0,26
1993,SYDNEY,159,6,153
1993,SUZANNE,25,0,25
1993,SUZANNA,7,0,7
1993,SUSIE,7,0,7
1993,SUSANNE,7,0,7
1993,SUSANNA,14,0,14
1993,SUSANA,10,0,10
1993,SUMMER,43,0,43
1993,VERONIKA,8,0,8
1993,VERONIQUE,20,0,20
1993,VICKY,14,0,14
1993,JACK,77,77,0
1993,JACKSON,50,50,0
1993,JACKY,23,23,0
1993,JACOB,845,845,0
1993,JACQUES,9,9,0
1993,JAD,7,7,0
1993,JAGDEEP,5,5,0
1993,JAGGER,8,8,0
1993,JAHMAL,6,6,0
1993,JAKE,196,196,0
1993,JAKOB,30,30,0
1993,JAKUB,11,11,0
1993,JALEEL,6,6,0
1993,JALEN,12,12,0
1993,JAMAAL,5,5,0
1993,JAMAL,49,49,0
1993,JAMAR,9,9,0
1993,JAMEEL,6,6,0
1993,JAMES,890,890,0
1993,JAMESON,7,7,0
1993,JAMIESON,13,13,0
1993,JACE,6,6,0
1993,JAMIL,7,7,0
1993,J,5,5,0
1993,ISSAC,5,5,0
1993,HAYDN,6,6,0
1993,HENRY,60,60,0
1993,HERMAN,6,6,0
1993,HOANG,5,5,0
1993,HOLDEN,6,6,0
1993,HOWARD,7,7,0
1993,HUDSON,6,6,0
1993,HUGH,12,12,0
1993,HUGO,8,8,0
1993,HUNG,5,5,0
1993,HUSSEIN,28,28,0
1993,IAIN,19,19,0
1993,IAN,245,245,0
1993,IBRAHIM,19,19,0
1993,IMRAN,15,15,0
1993,IRVIN,5,5,0
1993,ISAAC,94,94,0
1993,ISAAK,6,6,0
1993,ISAIAH,8,8,0
1993,ISMAIL,9,9,0
1993,ISRAEL,5,5,0
1993,IVAN,48,48,0
1993,JAN,13,13,0
1993,JARED,145,145,0
1993,JARETT,5,5,0
1993,ZOE,71,0,71
1993,ZEINAB,10,0,10
1993,ZARA,7,0,7
1993,ZAINAB,13,0,13
1993,ZAHRA,15,0,15
1993,YVONNE,19,0,19
1993,YVETTE,8,0,8
1993,YUSRA,8,0,8
1993,YOLANDA,7,0,7
1993,YASMINE,12,0,12
1993,YASMIN,20,0,20
1993,YASMEEN,10,0,10
1993,WINNIE,11,0,11
1993,WING,6,0,6
1993,WHITNEY,40,0,40
1993,WENDY,23,0,23
1993,VIVIAN,56,0,56
1993,VITTORIA,7,0,7
1993,VIRGINIA,29,0,29
1993,VIOLET,7,0,7
1993,VICTORIA,732,0,732
1993,ÉMILIE,6,0,6
1993,JERMAINE,18,18,0
1993,JEREMY,336,336,0
1993,JEREMIE,22,22,0
1993,JARON,8,8,0
1993,JARRED,10,10,0
1993,JARRET,9,9,0
1993,JARRETT,27,27,0
1993,JARROD,12,12,0
1993,JASDEEP,7,7,0
1993,JASKARAN,5,5,0
1993,JASON,473,473,0
1993,JASPER,6,6,0
1993,JAVED,5,5,0
1993,SIOBHAN,29,0,29
1993,JAVON,7,7,0
1993,JAYDEN,8,8,0
1993,JAYSON,25,25,0
1993,JEAN,23,23,0
1993,JEAN-LUC,16,16,0
1993,JEAN-MARC,8,8,0
1993,JEAN-PHILIPPE,6,6,0
1993,JEFFERSON,7,7,0
1993,JEFFERY,42,42,0
1993,JEFFREY,373,373,0
1993,JEREMIAH,20,20,0
1993,JAY,36,36,0
1993,SINEAD,7,0,7
1993,SIMRAT,6,0,6
1993,SIMRAN,12,5,7
1993,PRIYA,31,0,31
1993,PRISCILLA,24,0,24
1993,POOJA,7,0,7
1993,PHYLICIA,6,0,6
1993,PHOEBE,17,0,17
1993,PEYTON,10,0,10
1993,PENNY,8,0,8
1993,PAYTON,12,5,7
1993,PAULINE,22,0,22
1993,PAULINA,29,0,29
1993,PAULA,37,0,37
1993,PATRICIA,113,0,113
1993,PASCALE,8,0,8
1993,PARIS,8,0,8
1993,PAMELA,52,0,52
1993,PAISLEY,9,0,9
1993,PAIGE,197,0,197
1993,OLIVIA,304,0,304
1993,OLGA,7,0,7
1993,OKSANA,7,0,7
1993,NOUR,7,0,7
1993,PRIYANKA,8,0,8
1993,NORAH,6,0,6
1993,QUEENIE,6,0,6
1993,RACHAEL,108,0,108
1993,REGAN,14,6,8
1993,REENA,6,0,6
1993,REEMA,6,0,6
1993,REEM,13,0,13
1993,REBEKKA,8,0,8
1993,REBEKAH,61,0,61
1993,REBEKA,6,0,6
1993,REBECCA,831,0,831
1993,REBECA,10,0,10
1993,RAVEN,26,0,26
1993,RAQUEL,39,0,39
1993,RANDI,20,0,20
1993,RANA,10,0,10
1993,RAMONA,6,0,6
1993,RAMANDEEP,6,0,6
1993,RAEANNE,6,0,6
1993,RADHIKA,6,0,6
1993,RACQUEL,10,0,10
1993,RACHELLE,64,0,64
1993,RACHEL,642,0,642
1993,RACHEAL,13,0,13
1993,QUINN,52,39,13
1993,NORA,13,0,13
1993,NOOR,9,0,9
1993,NOELLE,11,0,11
1993,MÉLANIE,12,0,12
1993,MYRIAM,6,0,6
1993,MYRANDA,8,0,8
1993,MORGAN,204,38,166
1993,MONTANA,17,0,17
1993,MONIQUE,55,0,55
1993,MONIKA,53,0,53
1993,MONICA,113,0,113
1993,MONA,13,0,13
1993,MOLLY,68,0,68
1993,MOLLIE,7,0,7
1993,MOIRA,7,0,7
1993,MIRIAM,32,0,32
1993,MIREILLE,8,0,8
1993,MIRANDA,100,0,100
1993,MINDY,7,0,7
1993,MINA,7,0,7
1993,MIKAYLA,32,0,32
1993,MIKAELA,23,0,23
1993,MICHELLE,703,0,703
1993,MICHELINE,6,0,6
1993,MÉLISSA,8,0,8
1993,NADA,9,0,9
1993,NADIA,75,0,75
1993,NADINE,36,0,36
1993,NISHA,10,0,10
1993,NINA,35,0,35
1993,NIKOLE,6,0,6
1993,NIKKI,26,0,26
1993,NIKITA,31,0,31
1993,NIKI,10,0,10
1993,NICOLLE,8,0,8
1993,NICOLETTE,35,0,35
1993,NICOLE,1004,0,1004
1993,NICOLA,36,9,27
1993,REGINA,9,0,9
1993,NICHOLE,25,0,25
1993,NEHA,8,0,8
1993,NAVDEEP,7,0,7
1993,NATHALIE,20,0,20
1993,NATASHA,312,0,312
1993,NATALIE,331,0,331
1993,NATALIA,38,0,38
1993,NATACHA,7,0,7
1993,NAOMI,71,0,71
1993,NANCY,49,0,49
1993,NANA,7,0,7
1993,NGOC,10,0,10
1993,HAYDEN,79,79,0
1993,REILLY,13,7,6
1993,RENATA,7,0,7
1993,SHANTE,9,0,9
1993,SHANTAL,7,0,7
1993,SHANNON,389,6,383
1993,SHANNEN,19,0,19
1993,SHANNA,17,0,17
1993,SHANIQUE,9,0,9
1993,SHANIKA,8,0,8
1993,SHANICE,46,0,46
1993,SHANELLE,23,0,23
1993,SHANA,6,0,6
1993,SHAINA,17,0,17
1993,SHAHANA,7,0,7
1993,SERENA,36,0,36
1993,SELINA,19,0,19
1993,SELENA,23,0,23
1993,SEEMA,7,0,7
1993,SCARLETT,11,0,11
1993,SAVANNAH,50,0,50
1993,SAVANNA,11,0,11
1993,SAVANAH,6,0,6
1993,SASKIA,7,0,7
1993,SHANTEL,17,0,17
1993,SASHA,48,8,40
1993,SHARON,44,0,44
1993,SHAWNA,61,0,61
1993,SIMONE,41,0,41
1993,SIMONA,6,0,6
1993,SIERRA,66,0,66
1993,SIDNEY,14,7,7
1993,SHYLA,8,0,8
1993,SHYANNE,7,0,7
1993,SHONA,6,0,6
1993,SHIVANI,9,0,9
1993,SHIRLEY,27,0,27
1993,SHIRA,7,0,7
1993,SHIANNE,7,0,7
1993,SHERRY,14,0,14
1993,SHERRI,6,0,6
1993,SHEREEN,6,0,6
1993,SHELLY,6,0,6
1993,SHELLEY,13,0,13
1993,SHELBY,220,12,208
1993,SHEILA,12,0,12
1993,SHAYNA,45,0,45
1993,SHAYLA,17,0,17
1993,SHAWNEE,6,0,6
1993,SHAUNA,56,0,56
1993,SARINA,11,0,11
1993,SARAH,1438,0,1438
1993,SARA,357,0,357
1993,ROSEMARY,12,0,12
1993,ROSEMARIE,6,0,6
1993,ROSE,15,0,15
1993,ROSALIE,6,0,6
1993,ROSA,17,0,17
1993,ROCHELLE,32,0,32
1993,ROBYN,95,0,95
1993,ROBIN,74,31,43
1993,STEPHEN,342,342,0
1993,RITA,21,0,21
1993,RIMA,6,0,6
1993,RILEY,159,112,47
1993,RIKKI,6,0,6
1993,RICHELLE,14,0,14
1993,RHONDA,10,0,10
1993,RHIANNON,26,0,26
1993,RHIANNA,6,0,6
1993,RHEA,9,0,9
1993,RENÉE,10,0,10
1993,RENEE,60,0,60
1993,RENE,18,11,7
1993,ROWAN,17,7,10
1993,ROXANNE,27,0,27
1993,RUBY,15,0,15
1993,RUTH,32,0,32
1993,SANTANA,7,0,7
1993,SANDY,20,0,20
1993,SANDRA,72,0,72
1993,SANDEEP,24,16,8
1993,SANA,15,0,15
1993,SAMIRA,13,0,13
1993,SAMIA,8,0,8
1993,SAMARA,13,0,13
1993,SAMAR,7,0,7
1993,SAMANTHA,1211,0,1211
1993,RENAE,7,0,7
1993,SALMA,14,0,14
1993,SALINA,7,0,7
1993,SAHRA,7,0,7
1993,SAHAR,9,0,9
1993,SAGE,10,0,10
1993,SAGAL,8,0,8
1993,SADIE,22,0,22
1993,SADE,12,0,12
1993,SADAF,6,0,6
1993,SABRINA,221,0,221
1993,RYLEE,8,0,8
1993,SALLY,25,0,25
1993,HASSAN,28,28,0
1993,HARRY,21,21,0
1993,HARRISON,64,64,0
1993,BRETTON,6,6,0
1993,BRIAN,307,307,0
1993,BROCK,52,52,0
1993,BRODERICK,6,6,0
1993,BRODEY,5,5,0
1993,BRODIE,44,44,0
1993,BRODY,47,47,0
1993,BRONSON,13,13,0
1993,BROOKS,8,8,0
1993,BRUCE,31,31,0
1993,BRUNO,18,18,0
1993,BRYAN,180,180,0
1993,BRYCE,55,55,0
1993,BRYDEN,7,7,0
1993,BRYDON,5,5,0
1993,BRYN,6,6,0
1993,BRYSON,12,12,0
1993,BYRON,11,11,0
1993,CADE,5,5,0
1993,CAIN,6,6,0
1993,CALE,9,9,0
1993,BRETT,247,247,0
1993,CALEB,94,94,0
1993,BRET,9,9,0
1993,BRENNEN,5,5,0
1993,BLAKE,141,141,0
1993,BOBBY,12,12,0
1993,BORIS,9,9,0
1993,BRAD,18,18,0
1993,BRADEN,61,61,0
1993,BRADLEY,429,429,0
1993,BRADLY,10,10,0
1993,BRADY,103,103,0
1993,BRAEDAN,10,10,0
1993,BRAEDEN,27,27,0
1993,BRAEDON,14,14,0
1993,BRANDAN,23,23,0
1993,BRANDEN,43,43,0
1993,BRANDON,1337,1337,0
1993,BRANDYN,9,9,0
1993,BRAYDEN,29,29,0
1993,BRAYDON,19,19,0
1993,BRENDAN,216,216,0
1993,BRENDEN,40,40,0
1993,BRENDON,38,38,0
1993,BRENNAN,44,44,0
1993,BRENT,101,101,0
1993,CALLUM,27,27,0
1993,CALUM,11,11,0
1993,CALVIN,94,94,0
1993,CLARENCE,14,14,0
1993,CLARK,12,12,0
1993,CLAUDIO,11,11,0
1993,CLAY,5,5,0
1993,CLAYTON,59,59,0
1993,CLEMENT,7,7,0
1993,CLIFFORD,15,15,0
1993,CLINT,6,6,0
1993,CLINTON,47,47,0
1993,CODEY,12,12,0
1993,CODI,5,5,0
1993,CODIE,15,15,0
1993,CODY,608,608,0
1993,COLBY,16,16,0
1993,COLE,181,181,0
1993,COLEMAN,5,5,0
1993,COLIN,270,270,0
1993,COLLIN,52,52,0
1993,COLTON,61,61,0
1993,CONNER,37,37,0
1993,CONOR,63,63,0
1993,CIARAN,6,6,0
1993,CHRISTOS,6,6,0
1993,CHRISTOPHER,1384,1384,0
1993,CHRISTIAN,253,253,0
1993,CAMDEN,6,6,0
1993,CAMERON,411,411,0
1993,CAMPBELL,11,11,0
1993,CARL,45,45,0
1993,CARLO,13,13,0
1993,CARLOS,27,27,0
1993,CARMELO,8,8,0
1993,CARMINE,6,6,0
1993,CARSON,36,36,0
1993,CARTER,48,48,0
1993,BLAINE,17,17,0
1993,CEDRIC,13,13,0
1993,CHAD,150,150,0
1993,CHADWICK,15,15,0
1993,CHAIM,5,5,0
1993,CHANCE,8,8,0
1993,CHARLES,142,142,0
1993,CHARLIE,5,5,0
1993,CHASE,58,58,0
1993,CHETAN,5,5,0
1993,CHI,8,8,0
1993,CHRIS,17,17,0
1993,CESAR,8,8,0
1993,CONRAD,29,29,0
1993,BILLY,19,19,0
1993,BILAL,11,11,0
1993,AKSHAY,5,5,0
1993,ALAIN,19,19,0
1993,ALAN,56,56,0
1993,ALASTAIR,7,7,0
1993,ALBERT,42,42,0
1993,ALEC,37,37,0
1993,ALEJANDRO,16,16,0
1993,ALEKSANDAR,10,10,0
1993,ALESSANDRO,27,27,0
1993,ALEXANDER,1257,1257,0
1993,ALEXANDRE,142,142,0
1993,ALFRED,17,17,0
1993,ALI,72,72,0
1993,ALISTAIR,6,6,0
1993,ALLAN,49,49,0
1993,ALLEN,33,33,0
1993,ALVIN,26,26,0
1993,ALY,6,6,0
1993,AMAN,13,13,0
1993,AMIR,26,26,0
1993,AMIT,9,9,0
1993,AKIL,6,6,0
1993,AMOS,5,5,0
1993,AKASH,8,8,0
1993,AIDEN,12,12,0
1993,AARON,515,515,0
1993,ABBAS,5,5,0
1993,ABDIRAHMAN,5,5,0
1993,ABDUL,13,13,0
1993,ABDULLAH,10,10,0
1993,ABDULLAHI,17,17,0
1993,ABE,5,5,0
1993,ABEL,5,5,0
1993,ABRAHAM,16,16,0
1993,ABRAM,6,6,0
1993,ADAM,839,839,0
1993,ADDISON,8,8,0
1993,ADEEL,8,8,0
1993,ADEL,5,5,0
1993,ADEN,5,5,0
1993,ADIL,10,10,0
1993,ADRIAN,182,182,0
1993,ADRIANO,14,14,0
1993,ADRIEN,16,16,0
1993,AHMAD,23,23,0
1993,AHMED,36,36,0
1993,AJAY,8,8,0
1993,AMRIT,13,13,0
1993,ANASTASIOS,7,7,0
1993,ANDERSON,7,7,0
1993,AUBREY,8,8,0
1993,AUSTEN,14,14,0
1993,AUSTIN,238,238,0
1993,AUSTYN,7,7,0
1993,AVI,5,5,0
1993,AVINASH,5,5,0
1993,AXEL,9,9,0
1993,AYUB,5,5,0
1993,BALTEJ,6,6,0
1993,BARRINGTON,5,5,0
1993,BARRY,15,15,0
1993,BARTOSZ,6,6,0
1993,BEAU,11,11,0
1993,BEN,24,24,0
1993,BENEDICT,5,5,0
1993,BENITO,6,6,0
1993,BENJAMIN,531,531,0
1993,BENNETT,9,9,0
1993,BENOIT,16,16,0
1993,BENSON,8,8,0
1993,BERNARD,13,13,0
1993,ASHWIN,5,5,0
1993,ASHER,5,5,0
1993,ARUN,10,10,0
1993,ARTHUR,39,39,0
1993,ANDRE,98,98,0
1993,ANDRÉ,7,7,0
1993,ANDREAS,23,23,0
1993,ANDRES,17,17,0
1993,ANDREW,1196,1196,0
1993,ANDY,51,51,0
1993,ANGELO,26,26,0
1993,ANGUS,11,11,0
1993,ANIL,5,5,0
1993,ANTHONY,487,487,0
1993,BILL,9,9,0
1993,ANTOINE,8,8,0
1993,ANTONIO,38,38,0
1993,ANTONY,12,12,0
1993,ARI,7,7,0
1993,ARIC,5,5,0
1993,ARJUN,13,13,0
1993,ARMEN,6,6,0
1993,ARNOLD,9,9,0
1993,ARON,11,11,0
1993,ARRAN,5,5,0
1993,ARRON,7,7,0
1993,ANTON,7,7,0
1993,MICHELE,39,11,28
1993,COOPER,20,20,0
1993,CORIN,5,5,0
1993,FAHAD,5,5,0
1993,FARAZ,8,8,0
1993,FARHAN,6,6,0
1993,FELIPE,5,5,0
1993,FELIX,19,19,0
1993,FERDINANDO,5,5,0
1993,FERNANDO,9,9,0
1993,FILIP,13,13,0
1993,FILIPE,7,7,0
1993,FORREST,14,14,0
1993,FRANCESCO,41,41,0
1993,FRANCIS,57,57,0
1993,FRANCISCO,5,5,0
1993,FRANCO,15,15,0
1993,FRANCOIS,17,17,0
1993,FRANÇOIS,5,5,0
1993,FRANK,62,62,0
1993,FRANKIE,6,6,0
1993,FRANKLIN,6,6,0
1993,FRASER,33,33,0
1993,FREDERIC,8,8,0
1993,FADI,6,6,0
1993,FREDERICK,19,19,0
1993,FABIO,16,16,0
1993,EZRA,8,8,0
1993,ELLIOTT,20,20,0
1993,EMANUEL,9,9,0
1993,EMERSON,19,19,0
1993,EMIL,6,6,0
1993,EMILIO,10,10,0
1993,EMMANUEL,33,33,0
1993,EMMETT,9,9,0
1993,ENOCH,7,7,0
1993,ENRICO,9,9,0
1993,ERIC,775,775,0
1993,ERICH,12,12,0
1993,ERICK,16,16,0
1993,ERIK,119,119,0
1993,ERNEST,17,17,0
1993,ESTEBAN,7,7,0
1993,ETHAN,100,100,0
1993,ETIENNE,9,9,0
1993,EUGENE,7,7,0
1993,EVAN,293,293,0
1993,EVANGELOS,9,9,0
1993,EVERETT,15,15,0
1993,FABIAN,10,10,0
1993,FREDRICK,5,5,0
1993,GABRIEL,100,100,0
1993,GABRIELE,6,6,0
1993,GLEN,14,14,0
1993,GLENN,25,25,0
1993,GORDON,61,61,0
1993,GRAEME,43,43,0
1993,GRAHAM,97,97,0
1993,GRANT,65,65,0
1993,GRAYDON,8,8,0
1993,GRAYSON,6,6,0
1993,GREGORY,270,270,0
1993,GRIFFIN,18,18,0
1993,GUILLAUME,7,7,0
1993,GULED,9,9,0
1993,GUY,10,10,0
1993,HAMZA,14,14,0
1993,HANAD,9,9,0
1993,HARINDER,5,5,0
1993,HARIS,5,5,0
1993,HARMAN,9,9,0
1993,HARMANDEEP,6,6,0
1993,HAROLD,8,8,0
1993,HARRIS,10,10,0
1993,GIUSEPPE,32,32,0
1993,GIOVANNI,23,23,0
1993,GIORDANO,6,6,0
1993,GILLES,5,5,0
1993,GAETAN,6,6,0
1993,GAGANDEEP,10,10,0
1993,GAGE,23,23,0
1993,GALEN,8,8,0
1993,GARETH,14,14,0
1993,GARETT,6,6,0
1993,GARNET,7,7,0
1993,GARRET,24,24,0
1993,GARRETT,66,66,0
1993,GARRY,6,6,0
1993,ELLIOT,20,20,0
1993,GARTH,7,7,0
1993,GAVIN,52,52,0
1993,GEOFFREY,61,61,0
1993,GEORGE,126,126,0
1993,GERALD,15,15,0
1993,GERRIT,5,5,0
1993,GIACOMO,9,9,0
1993,GIANCARLO,23,23,0
1993,GIANLUCA,11,11,0
1993,GIANMARCO,5,5,0
1993,GILBERT,10,10,0
1993,GARY,44,44,0
1993,CORBIN,19,19,0
1993,ELIJAH,34,34,0
1993,ELIAS,20,20,0
1993,DARIUS,5,5,0
1993,DARNELL,12,12,0
1993,DARRELL,13,13,0
1993,DARREN,110,110,0
1993,DARRIN,7,7,0
1993,DARRYL,17,17,0
1993,DARSHAN,6,6,0
1993,DARWIN,5,5,0
1993,DARYL,12,12,0
1993,DAVE,6,6,0
1993,DAVID,1019,1019,0
1993,DAVIN,7,7,0
1993,DAVINDER,5,5,0
1993,DAVIS,19,19,0
1993,DAWSON,14,14,0
1993,DEAN,64,64,0
1993,DECLAN,9,9,0
1993,DENIS,16,16,0
1993,DENNIS,57,57,0
1993,DENNY,5,5,0
1993,DENVER,14,14,0
1993,DARIN,5,5,0
1993,DENZEL,19,19,0
1993,DARIEN,9,9,0
1993,DANNY,51,51,0
1993,CORNELIUS,11,11,0
1993,CORY,169,169,0
1993,COSIMO,5,5,0
1993,COTY,5,5,0
1993,CRAIG,100,100,0
1993,CRISTIAN,7,7,0
1993,CULLEN,8,8,0
1993,CURTIS,224,224,0
1993,CYRUS,11,11,0
1993,DALE,44,44,0
1993,DALTON,93,93,0
1993,DAMIAN,35,35,0
1993,DAMIEN,27,27,0
1993,DAMION,6,6,0
1993,DAMON,22,22,0
1993,DAN,9,9,0
1993,DANE,27,27,0
1993,DANIAL,10,10,0
1993,DANIEL,1294,1294,0
1993,DANIELE,9,9,0
1993,DANILO,5,5,0
1993,DANTE,7,7,0
1993,DEREK,236,236,0
1993,DERICK,15,15,0
1993,DERREK,6,6,0
1993,DORIAN,7,7,0
1993,DOUGLAS,109,109,0
1993,DRAKE,21,21,0
1993,DUANE,8,8,0
1993,DUNCAN,47,47,0
1993,DUSTIN,195,195,0
1993,DWAYNE,10,10,0
1993,DWIGHT,10,10,0
1993,DYLAN,882,882,0
1993,DYLON,17,17,0
1993,EARL,5,5,0
1993,EASTON,7,7,0
1993,EDDIE,8,8,0
1993,EDGAR,7,7,0
1993,EDMOND,9,9,0
1993,EDMUND,7,7,0
1993,EDUARDO,10,10,0
1993,EDWARD,97,97,0
1993,EDWIN,23,23,0
1993,EITAN,5,5,0
1993,ELI,25,25,0
1993,DONOVAN,26,26,0
1993,DONALD,79,79,0
1993,DON,10,10,0
1993,DOMINIK,13,13,0
1993,DERRICK,45,45,0
1993,DERYK,5,5,0
1993,DESHAWN,11,11,0
1993,DESMOND,20,20,0
1993,DEVANTE,5,5,0
1993,DEVEN,12,12,0
1993,DEVONTE,9,9,0
1993,DEVYN,9,9,0
1993,DEXTER,13,13,0
1993,DICKSON,5,5,0
1993,ELIE,8,8,0
1993,DIEGO,8,8,0
1993,DILLAN,17,17,0
1993,DILLON,159,159,0
1993,DIMITRI,14,14,0
1993,DIMITRIOS,6,6,0
1993,DIOGO,5,5,0
1993,DION,6,6,0
1993,DOMENIC,21,21,0
1993,DOMENICO,24,24,0
1993,DOMINIC,67,67,0
1993,DOMINICK,8,8,0
1993,DILAN,6,6,0
1993,MICHAELLA,7,0,7
1993,MICHAELA,50,0,50
1993,MICAELA,7,0,7
1993,CORA,14,0,14
1993,CONNOR,515,506,9
1993,CONNIE,15,0,15
1993,COLLEEN,62,0,62
1993,COLETTE,6,0,6
1993,CLAUDIA,51,0,51
1993,CLARISSA,37,0,37
1993,CLARE,21,0,21
1993,CLARA,14,0,14
1993,CLAIRE,99,0,99
1993,CINDY,59,0,59
1993,CIERRA,8,0,8
1993,CIERA,6,0,6
1993,CIARA,22,0,22
1993,CHRISTY,17,0,17
1993,CHRISTINE,265,0,265
1993,CHRISTINA,308,0,308
1993,CHRISTIE,22,0,22
1993,CHRISTIANA,9,0,9
1993,CHRISTA,11,0,11
1993,CHLOÉ,7,0,7
1993,CORAL,9,0,9
1993,CHLOE,114,0,114
1993,COREY,194,187,7
1993,CORINA,7,0,7
1993,DARCI,6,0,6
1993,DAPHNE,12,0,12
1993,DANYA,6,0,6
1993,DANIKA,34,0,34
1993,DANIELLE,586,0,586
1993,DANIELLA,45,0,45
1993,DANIELA,72,0,72
1993,DANICA,19,0,19
1993,DANA,103,7,96
1993,DALLAS,53,44,9
1993,DALIA,7,0,7
1993,DAKOTA,129,97,32
1993,DAISY,10,0,10
1993,CYNTHIA,79,0,79
1993,CRYSTAL,130,0,130
1993,CRISTINA,41,0,41
1993,COURTNEY,420,7,413
1993,CORTNEY,9,0,9
1993,CORRINE,7,0,7
1993,CORINNE,23,0,23
1993,CORINNA,8,0,8
1993,CORI,6,0,6
1993,CHIARA,9,0,9
1993,CHEYENNE,50,0,50
1993,CHEYANNE,14,0,14
1993,CAYLEY,6,0,6
1993,CAYLA,10,0,10
1993,CATRINA,11,0,11
1993,CATHY,18,0,18
1993,CATHERINE,207,0,207
1993,CATHARINE,7,0,7
1993,CATERINA,12,0,12
1993,CATARINA,10,0,10
1993,CASSY,6,0,6
1993,CASSONDRA,8,0,8
1993,CASSIE,15,0,15
1993,CASSIDY,41,8,33
1993,CASSAUNDRA,8,0,8
1993,CASSANDRA,441,0,441
1993,CASEY,83,39,44
1993,CASANDRA,28,0,28
1993,CARRIE,23,0,23
1993,CAROLYN,64,0,64
1993,CAROLINE,107,0,107
1993,CAROLINA,16,0,16
1993,CAROLE,7,0,7
1993,CECILIA,11,0,11
1993,CEILIDH,8,0,8
1993,CELESTE,33,0,33
1993,CELIA,10,0,10
1993,CHERYL,23,0,23
1993,CHERISE,10,0,10
1993,CHELSIE,22,0,22
1993,CHELSI,6,0,6
1993,CHELSEY,106,0,106
1993,CHELSEA,412,0,412
1993,CHAYA,7,0,7
1993,CHARMAINE,8,0,8
1993,CHARLOTTE,95,0,95
1993,CHARLENE,24,0,24
1993,DARCIE,6,0,6
1993,CHANTELLE,76,0,76
1993,CHANTEL,83,0,83
1993,CHANTE,9,0,9
1993,CHANTALE,10,0,10
1993,CHANTAL,106,0,106
1993,CHANICE,7,0,7
1993,CHANELLE,41,0,41
1993,CHANEL,46,0,46
1993,CHANDLER,6,0,6
1993,CELINE,48,0,48
1993,CELINA,17,0,17
1993,CHANTELL,7,0,7
1993,CAROL,17,0,17
1993,DARCY,45,36,9
1993,DARLENE,12,0,12
1993,EUNICE,9,0,9
1993,EUGENIA,6,0,6
1993,ESTHER,35,0,35
1993,ESTELLE,12,0,12
1993,ERYN,6,0,6
1993,ERIN,339,0,339
1993,ERIKA,145,0,145
1993,ERICA,197,0,197
1993,EMMA,404,0,404
1993,EMILY,1186,0,1186
1993,EMILIE,116,0,116
1993,EMILIA,18,0,18
1993,EMILEE,15,0,15
1993,EMERALD,7,0,7
1993,EMAN,10,0,10
1993,ELYSSA,6,0,6
1993,ELYSIA,11,0,11
1993,ELYSE,33,0,33
1993,ELORA,8,0,8
1993,ELLEN,52,0,52
1993,ELLA,11,0,11
1993,EVA,37,0,37
1993,ELIZABETH,378,0,378
1993,EVE,17,0,17
1993,FAITH,30,0,30
1993,GEORGINA,12,0,12
1993,GEORGIA,33,0,33
1993,GENNA,6,0,6
1993,GENEVIEVE,45,0,45
1993,GEMMA,8,0,8
1993,GABRIELLE,83,0,83
1993,GABRIELLA,30,0,30
1993,GABRIELA,32,0,32
1993,FRANCINE,9,0,9
1993,FRANCESCA,37,0,37
1993,FRANCES,30,0,30
1993,FRANCE,6,0,6
1993,FLORENCE,10,0,10
1993,FLORA,8,0,8
1993,FIONA,40,0,40
1993,FELISHA,10,0,10
1993,FELICIA,87,0,87
1993,FATIMA,47,0,47
1993,FARAH,17,0,17
1993,FALLON,9,0,9
1993,FAIZA,6,0,6
1993,EVELYN,37,0,37
1993,ELIZA,13,0,13
1993,ELISSA,18,0,18
1993,ELISHA,26,0,26
1993,DEVON,201,178,23
1993,DEVIN,199,184,15
1993,DEVAN,41,34,7
1993,DESTINY,29,0,29
1993,DESIREE,49,0,49
1993,DENISE,39,0,39
1993,DENA,10,0,10
1993,DEMI,10,0,10
1993,DELPHINE,6,0,6
1993,DELIA,7,0,7
1993,DELANEY,16,0,16
1993,DEIDRE,6,0,6
1993,DEENA,6,0,6
1993,DEBRA,7,0,7
1993,DEBORAH,29,0,29
1993,DEBBIE,7,0,7
1993,DEANNE,7,0,7
1993,DEANNA,103,0,103
1993,DEANDRA,7,0,7
1993,DAYNA,43,0,43
1993,DAWN,28,0,28
1993,DIANA,101,0,101
1993,DIANDRA,9,0,9
1993,DIANE,23,0,23
1993,DIANNA,9,0,9
1993,ELISE,28,0,28
1993,ELISABETH,20,0,20
1993,ELISA,30,0,30
1993,ELIANA,7,0,7
1993,ELENI,10,0,10
1993,ELENA,21,0,21
1993,ELEANOR,12,0,12
1993,ELAINE,34,0,34
1993,EILISH,7,0,7
1993,EILEEN,11,0,11
1993,DARIAN,24,11,13
1993,EDNA,8,0,8
1993,EBONY,9,0,9
1993,DREW,81,75,6
1993,DOROTHY,13,0,13
1993,DORIS,10,0,10
1993,DONNA,21,0,21
1993,DOMINIQUE,54,10,44
1993,DOMENICA,6,0,6
1993,DIVYA,11,0,11
1993,DINA,9,0,9
1993,DIANNE,8,0,8
1993,EDEN,17,0,17
1993,GILLIAN,64,0,64
1993,CARMEN,42,0,42
1993,CARLING,8,0,8
1993,ANGEL,25,0,25
1993,ANEESA,9,0,9
1993,ANDRIA,8,0,8
1993,ANDREIA,9,0,9
1993,ANDREA,262,8,254
1993,ANASTASIA,25,0,25
1993,ANA,29,0,29
1993,AMY,291,0,291
1993,AMRITA,10,0,10
1993,AMIRA,9,0,9
1993,AMINA,18,0,18
1993,AMIE,6,0,6
1993,AMELIE,7,0,7
1993,AMELIA,49,0,49
1993,AMBERLEY,7,0,7
1993,AMBER-LYNN,9,0,9
1993,AMBER,282,0,282
1993,AMANPREET,9,0,9
1993,AMANI,6,0,6
1993,AMANDEEP,17,11,6
1993,AMANDA,960,0,960
1993,ANGELA,167,0,167
1993,AMAL,16,0,16
1993,ANGELICA,34,0,34
1993,ANGELINA,25,0,25
1993,ARDEN,6,0,6
1993,APRIL,88,0,88
1993,ANTONIA,10,0,10
1993,ANNIKA,6,0,6
1993,ANNIE,45,0,45
1993,ANNETTE,11,0,11
1993,ANNE-MARIE,9,0,9
1993,ANNE,53,0,53
1993,ANNALISE,7,0,7
1993,ANNALISA,6,0,6
1993,ANNABELLE,10,0,10
1993,ANNA,161,0,161
1993,ANN-MARIE,6,0,6
1993,ANN,26,0,26
1993,ANITA,37,0,37
1993,ANISSA,15,0,15
1993,ANISHA,12,0,12
1993,ANISA,6,0,6
1993,ANIKA,11,0,11
1993,ANGIE,15,0,15
1993,ANGELIQUE,14,0,14
1993,ANGELIKA,6,0,6
1993,ALYSSIA,7,0,7
1993,ALYSSA,389,0,389
1993,ALYSON,30,0,30
1993,ALEXANDREA,14,0,14
1993,ALEXANDRA,716,0,716
1993,ALEXA,78,0,78
1993,ALEX,190,177,13
1993,ALESSIA,32,0,32
1993,ALESSANDRA,36,0,36
1993,ALENA,10,0,10
1993,ALEKSANDRA,20,0,20
1993,ALEJANDRA,7,0,7
1993,ALEISHA,11,0,11
1993,ALEESHA,8,0,8
1993,ALEENA,6,0,6
1993,ALECIA,8,0,8
1993,ALANNAH,56,0,56
1993,ALANNA,108,0,108
1993,ALANAH,14,0,14
1993,ALANA,82,0,82
1993,ALAINA,12,0,12
1993,ALAA,6,0,6
1993,AISLINN,7,0,7
1993,AISHA,26,0,26
1993,ALEXANDRIA,108,0,108
1993,ALEXIA,23,0,23
1993,ALEXIE,6,0,6
1993,ALEXIS,124,0,124
1993,ALYSIA,9,0,9
1993,ALYSHIA,9,0,9
1993,ALYSHA,81,0,81
1993,ALYSA,7,0,7
1993,ALYCIA,31,0,31
1993,ALLYSSA,16,0,16
1993,ALLYSON,35,0,35
1993,ALLYSHA,7,0,7
1993,ALLISON,190,0,190
1993,ALLIE,9,0,9
1993,ARIANA,27,0,27
1993,ALIZA,9,0,9
1993,ALIX,11,0,11
1993,ALISSA,36,0,36
1993,ALISON,125,0,125
1993,ALISIA,7,0,7
1993,ALISHA,98,0,98
1993,ALISA,18,0,18
1993,ALINA,12,0,12
1993,ALICIA,272,0,272
1993,ALICE,26,0,26
1993,ALIA,7,0,7
1993,ALIYA,14,0,14
1993,CARLY,191,0,191
1993,ARIANE,13,0,13
1993,ARIANNE,7,0,7
1993,BRYANNA,23,0,23
1993,BROOKLYNN,10,0,10
1993,BROOKLYN,24,0,24
1993,BROOKE,210,0,210
1993,BROOK,10,0,10
1993,BRONWYN,20,0,20
1993,BRONTE,10,0,10
1993,BRITTNI,6,0,6
1993,BRITTNEY,131,0,131
1993,BRITTANY,781,0,781
1993,BRITTANI,10,0,10
1993,BRITTANEY,8,0,8
1993,BRITNEY,44,0,44
1993,BRITANY,7,0,7
1993,BRIGITTE,26,0,26
1993,BRIDGETTE,9,0,9
1993,BRIDGET,33,0,33
1993,BRIAR,14,5,9
1993,BRIANNE,71,0,71
1993,BRIANNA,188,0,188
1993,BRIANA,24,0,24
1993,BRYANNE,9,0,9
1993,BRIA,13,0,13
1993,BRYNN,12,0,12
1993,CAILEY,12,0,12
1993,CARLIE,27,0,27
1993,CARLI,6,0,6
1993,CARLEY,66,0,66
1993,CARLENE,8,0,8
1993,CARLEIGH,17,0,17
1993,CARLEE,18,0,18
1993,CARLA,24,0,24
1993,CARISSA,31,0,31
1993,CARINA,15,0,15
1993,CARA,43,0,43
1993,CANDICE,62,0,62
1993,CANDACE,56,0,56
1993,CAMILLE,49,0,49
1993,CAMILLA,8,0,8
1993,CAMILA,6,0,6
1993,CALLIE,14,0,14
1993,CALLA,6,0,6
1993,CAITLYNN,7,0,7
1993,CAITLYN,73,0,73
1993,CAITLIN,215,0,215
1993,CAILIN,9,0,9
1993,CAILEIGH,6,0,6
1993,BRENNA,22,0,22
1993,BRENDA,44,0,44
1993,BREANNE,67,0,67
1993,AYAN,12,0,12
1993,AVERY,65,36,29
1993,AVALON,7,0,7
1993,AUTUMN,18,0,18
1993,AURORA,12,0,12
1993,AUDREY,33,0,33
1993,ATHENA,11,0,11
1993,ASMA,6,0,6
1993,ASIA,7,0,7
1993,ASHTON,30,23,7
1993,ASHLYNN,7,0,7
1993,ASHLYN,19,0,19
1993,ASHLY,11,0,11
1993,ASHLEY,978,0,978
1993,ASHLEIGH,45,0,45
1993,ASHLEE,34,0,34
1993,ASHA,22,0,22
1993,ARLENE,9,0,9
1993,ARIELLE,23,0,23
1993,ARIELLA,10,0,10
1993,ARIEL,47,14,33
1993,AYESHA,7,0,7
1993,AYLA,10,0,10
1993,AYSHA,7,0,7
1993,AZIZA,6,0,6
1993,BREANNA,78,0,78
1993,BREANN,9,0,9
1993,BREANA,6,0,6
1993,BRANDY,20,0,20
1993,BRANDIE,6,0,6
1993,BRANDI,42,0,42
1993,BONNIE,28,0,28
1993,BOBBI,6,0,6
1993,BLAIRE,9,0,9
1993,BLAIR,49,34,15
1993,ARIANNA,9,0,9
1993,BIANCA,119,0,119
1993,BETTY,15,0,15
1993,BETHANY,81,0,81
1993,BETH,10,0,10
1993,BELINDA,14,0,14
1993,BECKY,7,0,7
1993,BEATRICE,9,0,9
1993,BARBARA,27,0,27
1993,BAILEY,75,0,75
1993,BAILEE,6,0,6
1993,BABY,51,25,26
1993,BEVERLY,11,0,11
1993,AIMEE,28,0,28
1993,GINA,18,0,18
1993,GISELLE,8,0,8
1993,LAYLA,18,0,18
1993,LAURYN,8,0,8
1993,LAURIE,8,0,8
1993,LAUREN,454,0,454
1993,LAUREL,16,0,16
1993,LAURA,556,0,556
1993,LATISHA,16,0,16
1993,LARISSA,59,0,59
1993,LARA,33,0,33
1993,LANA,20,0,20
1993,LAILA,10,0,10
1993,LADAN,6,0,6
1993,LACEY,37,0,37
1993,KYRA,22,0,22
1993,KYLIE,50,0,50
1993,KYLEE,20,0,20
1993,KYLA,48,0,48
1993,KRYSTYNA,6,0,6
1993,KRYSTLE,6,0,6
1993,KRYSTIN,10,0,10
1993,KRYSTEN,7,0,7
1993,LE,9,0,9
1993,KRYSTAL,78,0,78
1993,LEA,9,0,9
1993,LEANDRA,6,0,6
1993,LINDA,59,0,59
1993,LINA,12,0,12
1993,LILY,25,0,25
1993,LILLIAN,27,0,27
1993,LILIAN,7,0,7
1993,LILA,6,0,6
1993,LIANNE,13,0,13
1993,LIANNA,8,0,8
1993,LIANE,14,0,14
1993,LIANA,15,0,15
1993,LIA,6,0,6
1993,LESLIE,53,11,42
1993,LESLEY,10,0,10
1993,LEORA,6,0,6
1993,LENA,17,0,17
1993,LEILA,13,0,13
1993,LEIGH,17,0,17
1993,LEEANNE,8,0,8
1993,LEE,50,38,12
1993,LEANNE,64,0,64
1993,LEANNA,23,0,23
1993,LEAH,159,0,159
1993,KRYSTA,16,0,16
1993,KRISTYN,21,0,21
1993,KRISTY,34,0,34
1993,KEZIA,7,0,7
1993,KESHIA,6,0,6
1993,KERRY,13,0,13
1993,KERRI,18,0,18
1993,KENZIE,6,0,6
1993,KENISHA,6,0,6
1993,KENDRA,126,0,126
1993,KENDALL,17,0,17
1993,KELSY,11,0,11
1993,KELSIE,27,0,27
1993,KELSI,11,0,11
1993,KELSEY,414,8,406
1993,KELSEA,14,0,14
1993,KELLY,237,22,215
1993,KELLIE,13,0,13
1993,KELLI,7,0,7
1993,KELLEY,6,0,6
1993,KEISHA,20,0,20
1993,KEIRA,15,0,15
1993,KEELY,6,0,6
1993,KAYTLIN,6,0,6
1993,KHADIJA,8,0,8
1993,KHADIJAH,10,0,10
1993,KIA,7,0,7
1993,KIANA,11,0,11
1993,KRISTINE,36,0,36
1993,KRISTINA,126,0,126
1993,KRISTIN,76,0,76
1993,KRISTIE,21,0,21
1993,KRISTI,23,0,23
1993,KRISTEN,276,0,276
1993,KRISTA,117,0,117
1993,KOURTNEY,11,0,11
1993,KOMAL,9,0,9
1993,KIRSTIN,14,0,14
1993,LINDSAY,319,0,319
1993,KIRSTIE,14,0,14
1993,KIRBY,13,6,7
1993,KIRANDEEP,7,0,7
1993,KIRAN,9,0,9
1993,KIRA,35,0,35
1993,KIMBERLY,166,0,166
1993,KIMBERLEY,51,0,51
1993,KIM,17,0,17
1993,KIERSTEN,11,0,11
1993,KIERA,20,0,20
1993,KIARA,7,0,7
1993,KIRSTEN,84,0,84
1993,KAYLYN,10,0,10
1993,LINDSEY,83,0,83
1993,LISA,209,0,209
1993,MARYAM,12,0,12
1993,MARY,172,0,172
1993,MARTINE,15,0,15
1993,MARTINA,15,0,15
1993,MARTHA,14,0,14
1993,MARTA,12,0,12
1993,MARNIE,6,0,6
1993,MARLEY,15,0,15
1993,MARLENA,15,0,15
1993,MARLEE,19,0,19
1993,MARLA,9,0,9
1993,MARJORIE,6,0,6
1993,MARISSA,130,0,130
1993,MARISA,41,0,41
1993,MARION,6,0,6
1993,MARINA,62,0,62
1993,MARILYN,12,0,12
1993,MARIKA,10,0,10
1993,MARIELLE,10,0,10
1993,MARIE-PIER,13,0,13
1993,MARIE-FRANCE,8,0,8
1993,MARYANN,12,0,12
1993,MARIE,295,0,295
1993,MARYSE,8,0,8
1993,MAXINE,18,0,18
1993,MIA,10,0,10
1993,MERISSA,7,0,7
1993,MEREDITH,30,0,30
1993,MERCEDES,54,0,54
1993,MELYSSA,6,0,6
1993,MELODY,27,0,27
1993,MELODIE,11,0,11
1993,MELLISSA,7,0,7
1993,MELISSA,698,0,698
1993,MELISA,11,0,11
1993,MELINDA,23,0,23
1993,MELINA,17,0,17
1993,MELANY,6,0,6
1993,MELANIE,237,0,237
1993,MEGHAN,210,0,210
1993,MEGAN,621,0,621
1993,MEERA,6,0,6
1993,MEAGHAN,114,0,114
1993,MEAGAN,123,0,123
1993,MCKENZIE,22,7,15
1993,MAYA,34,0,34
1993,MAUREEN,12,0,12
1993,MARIANNE,12,0,12
1993,MARIANNA,12,0,12
1993,MARIANA,7,0,7
1993,MADELEINE,71,0,71
1993,MADELAINE,32,0,32
1993,MADDISON,21,0,21
1993,MACKENZIE,312,159,153
1993,MACEY,7,0,7
1993,LYNSEY,14,0,14
1993,LYNN,17,0,17
1993,LYNDSEY,15,0,15
1993,LYNDSAY,23,0,23
1993,LYNDA,7,0,7
1993,LYDIA,43,0,43
1993,LUCY,23,0,23
1993,LUCIA,12,0,12
1993,LOUISE,12,0,12
1993,LOUISA,7,0,7
1993,LORRAINE,7,0,7
1993,LORISSA,6,0,6
1993,LORI,18,0,18
1993,LORETTA,12,0,12
1993,LORA,6,0,6
1993,LOGAN,129,103,26
1993,MADELINE,72,0,72
1993,MADELYN,7,0,7
1993,MADISON,210,8,202
1993,MAEGAN,21,0,21
1993,MARIAN,10,0,10
1993,MARIAM,37,0,37
1993,MARIAH,68,0,68
1993,MARIA,143,0,143
1993,MARGOT,9,0,9
1993,MARGARET,97,0,97
1993,MARANDA,8,0,8
1993,MARA,11,0,11
1993,MANUELA,6,0,6
1993,MANPREET,15,6,9
1993,LINNEA,6,0,6
1993,MANDY,18,0,18
1993,MANAL,6,0,6
1993,MALLORY,52,0,52
1993,MALISSA,6,0,6
1993,MALIKA,7,0,7
1993,MAKENZIE,6,0,6
1993,MAKAYLA,6,0,6
1993,MAI,6,0,6
1993,MAGGIE,29,0,29
1993,MAGDALENA,13,0,13
1993,MAEVE,7,0,7
1993,MANDEEP,18,7,11
1993,GIOVANNA,6,0,6
1993,KAYLIN,16,0,16
1993,KAYLENE,10,0,10
1993,JANNA,10,0,10
1993,JANINE,29,0,29
1993,JANICE,29,0,29
1993,JANET,32,0,32
1993,JANESSA,12,0,12
1993,JANELLE,61,0,61
1993,JANEL,7,0,7
1993,JANE,27,0,27
1993,JANA,10,0,10
1993,JAMIE-LEE,7,0,7
1993,JAMIE,275,128,147
1993,JAMI,10,0,10
1993,JAIMIE,21,0,21
1993,JAIMEE,10,0,10
1993,JAIME,44,8,36
1993,JADEN,17,9,8
1993,JADE,119,11,108
1993,JACQUELYN,14,0,14
1993,JACQUELINE,181,0,181
1993,JACLYN,76,0,76
1993,JACKLYN,20,0,20
1993,JASKIRAN,8,0,8
1993,JACKIE,16,7,9
1993,JASMEET,10,0,10
1993,JASMINE,241,0,241
1993,JESSA,6,0,6
1993,JESICA,6,0,6
1993,JERRICA,6,0,6
1993,JENNY,55,0,55
1993,JENNIFER,708,0,708
1993,JENNIE,12,0,12
1993,JENNA,311,0,311
1993,JENIFER,7,0,7
1993,JENELLE,12,0,12
1993,JENA,15,0,15
1993,JEMMA,7,0,7
1993,JELENA,8,0,8
1993,JEANNINE,7,0,7
1993,JEANETTE,6,0,6
1993,JAZMYN,10,0,10
1993,JAZMINE,18,0,18
1993,JAZMIN,11,0,11
1993,JAYME,21,0,21
1993,JAYCEE,8,0,8
1993,JASPREET,21,7,14
1993,JASMYN,7,0,7
1993,JASMIN,35,0,35
1993,JACEY,10,0,10
1993,IVY,8,0,8
1993,IVANA,10,0,10
1993,HARMONY,7,0,7
1993,HARLEY,30,19,11
1993,HARLEEN,10,0,10
1993,HARJOT,10,0,10
1993,HANNAH,252,0,252
1993,HANNA,23,0,23
1993,HANAN,10,0,10
1993,HANA,14,0,14
1993,HALLE,8,0,8
1993,HALIMA,8,0,8
1993,HALEY,138,0,138
1993,HALEIGH,9,0,9
1993,HAILY,6,0,6
1993,HAILEY,138,0,138
1993,HAFSA,6,0,6
1993,GWENDOLYN,13,0,13
1993,GURPREET,23,11,12
1993,GRACE,79,0,79
1993,GLORIA,26,0,26
1993,GIULIANA,6,0,6
1993,GIULIA,12,0,12
1993,HARPREET,20,6,14
1993,HAYLEE,8,0,8
1993,HAYLEY,151,0,151
1993,HAZEL,6,0,6
1993,ISABELLE,43,0,43
1993,ISABELLA,37,0,37
1993,ISABEL,29,0,29
1993,IRIS,16,0,16
1993,IRENE,24,0,24
1993,INGRID,8,0,8
1993,IMAN,14,0,14
1993,IDA,6,0,6
1993,HUNTER,62,49,13
1993,HOPE,24,0,24
1993,JESSALYN,6,0,6
1993,HOLLY,184,0,184
1993,HODAN,7,0,7
1993,HILLARY,102,0,102
1993,HILARY,87,0,87
1993,HIBA,8,0,8
1993,HENNA,11,0,11
1993,HELENA,24,0,24
1993,HELEN,46,0,46
1993,HEIDI,42,0,42
1993,HEBA,7,0,7
1993,HEATHER,288,0,288
1993,HOLLIE,10,0,10
1993,KAYLEY,8,0,8
1993,JESSE,626,598,28
1993,JESSICA,1708,0,1708
1993,KATARINA,27,0,27
1993,KASSANDRA,93,0,93
1993,KASIA,6,0,6
1993,KASEY,18,7,11
1993,KASANDRA,18,0,18
1993,KARYN,12,0,12
1993,KAROLINA,11,0,11
1993,KARLY,43,0,43
1993,KARLIE,13,0,13
1993,KARLI,12,0,12
1993,KARLEY,26,0,26
1993,KARLEE,16,0,16
1993,KARLA,16,0,16
1993,KARISSA,26,0,26
1993,KARISHMA,6,0,6
1993,KARINE,22,0,22
1993,KARINA,35,0,35
1993,KARI,11,0,11
1993,KAREN,82,0,82
1993,KARA,60,0,60
1993,KANDICE,9,0,9
1993,KATARZYNA,7,0,7
1993,KAMILA,7,0,7
1993,KATE,56,0,56
1993,KATELIN,17,0,17
1993,KAYLEIGH,25,0,25
1993,KAYLEE,32,0,32
1993,KAYLA,596,0,596
1993,KAVITA,6,0,6
1993,KATYA,8,0,8
1993,KATY,9,0,9
1993,KATRINA,187,0,187
1993,KATLYN,34,0,34
1993,KATLIN,9,0,9
1993,KATIE,146,0,146
1993,KATHY,14,0,14
1993,KATHRYN,150,0,150
1993,KATHRINE,11,0,11
1993,KATHLEEN,230,0,230
1993,KATHERINE,371,0,371
1993,KATHARINE,32,0,32
1993,KATHARINA,9,0,9
1993,KATERINA,24,0,24
1993,KATELYNNE,6,0,6
1993,KATELYNN,39,0,39
1993,KATELYN,268,0,268
1993,KATE-LYNN,11,0,11
1993,KALI,10,0,10
1993,KALENE,10,0,10
1993,KALEIGH,24,0,24
1993,JOSEE,28,0,28
1993,JORDYN,44,0,44
1993,JORDANA,13,0,13
1993,JORDAN,1143,995,148
1993,JOLENE,17,0,17
1993,JOHANNA,17,0,17
1993,JOEY,53,44,9
1993,JOELLE,24,0,24
1993,JODY,25,9,16
1993,JODIE,15,0,15
1993,JODI,35,0,35
1993,JOCELYNN,6,0,6
1993,JOCELYN,82,0,82
1993,JOANNE,40,0,40
1993,JOANNA,66,0,66
1993,JILLIAN,112,0,112
1993,JILL,21,0,21
1993,JESSLYN,6,0,6
1993,JESSIKA,10,0,10
1993,JESSIE,136,53,83
1993,JESSICA-LYNN,6,0,6
1993,JOSEPHINE,30,0,30
1993,JOSIE,15,0,15
1993,JOSÉE,10,0,10
1993,JOY,11,0,11
1993,KALA,6,0,6
1993,KAITLYNN,28,0,28
1993,KAITLYN,386,0,386
1993,KAITLIN,177,0,177
1993,KAILYN,9,0,9
1993,KAILEY,26,0,26
1993,KAILEIGH,6,0,6
1993,KAILEE,8,0,8
1993,KAILA,15,0,15
1993,KAELA,9,0,9
1993,JESSI,8,0,8
1993,KA,12,5,7
1993,JUSTINA,10,0,10
1993,JULIE-ANNE,7,0,7
1993,JULIE,167,0,167
1993,JULIANNE,17,0,17
1993,JULIANNA,15,0,15
1993,JULIANA,31,0,31
1993,JULIA,345,0,345
1993,JUDY,17,0,17
1993,JUDITH,16,0,16
1993,JOYCE,20,0,20
1993,JUSTINE,119,0,119
1993,STEPHANE,28,28,0
1994,GARRETT,97,97,0
1994,ABDI,6,6,0
1994,TAMARA,85,0,85
1994,TALIA,13,0,13
1994,TALA,6,0,6
1994,TABITHA,33,0,33
1994,TABATHA,11,0,11
1994,SYLVIE,9,0,9
1994,SYLVIA,34,0,34
1994,SYDNIE,10,0,10
1994,SYDNEY,239,8,231
1994,SUZANNE,19,0,19
1994,SUZANNA,6,0,6
1994,SUSANA,10,0,10
1994,SUSAN,42,0,42
1994,SUMMER,53,0,53
1994,TAMMY,7,0,7
1994,SUMAYA,12,0,12
1994,STEVIE,6,0,6
1994,STEPHANIE,880,0,880
1994,STEFANIE,53,0,53
1994,STEFANIA,10,0,10
1994,STEFANI,9,0,9
1994,STACY,6,0,6
1994,STACIE,8,0,8
1994,STACEY,64,0,64
1994,SPENCER,298,291,7
1994,SOPHIE,76,0,76
1994,SOPHIA,72,0,72
1994,SONYA,32,0,32
1994,SONJA,7,0,7
1994,SONIA,43,0,43
1994,STÉPHANIE,7,0,7
1994,SONDRA,6,0,6
1994,TANIA,20,0,20
1994,TANISHA,29,0,29
1994,TIARA,7,0,7
1994,TIANNA,32,0,32
1994,TIANA,31,0,31
1994,TIA,45,0,45
1994,THUY,8,0,8
1994,THI,17,0,17
1994,THERESA,32,0,32
1994,THEA,8,0,8
1994,THANH,12,6,6
1994,THALIA,7,0,7
1994,TESSA,66,0,66
1994,TESS,28,0,28
1994,TERRI,7,0,7
1994,TERRA,7,0,7
1994,TANIS,6,0,6
1994,TERESA,43,0,43
1994,TEGAN,15,0,15
1994,TEAGAN,9,0,9
1994,TAYLOR,1030,284,746
1994,TAYLER,40,8,32
1994,TAYLAR,7,0,7
1994,TAWNY,6,0,6
1994,TAVIA,6,0,6
1994,TATIANA,11,0,11
1994,TASNIM,6,0,6
1994,TASHANA,6,0,6
1994,TASHA,43,0,43
1994,TARYN,26,0,26
1994,TARA,105,0,105
1994,TANYA,43,0,43
1994,TENISHA,9,0,9
1994,TIFFANIE,6,0,6
1994,SOMMER,10,0,10
1994,SKYLER,39,31,8
1994,SHANNEN,8,0,8
1994,SHANNA,12,0,12
1994,SHANIQUE,7,0,7
1994,SHANIKA,8,0,8
1994,SHANICE,30,0,30
1994,SHANELLE,18,0,18
1994,SHANEL,6,0,6
1994,SHANDA,6,0,6
1994,SHANA,6,0,6
1994,SHAINA,15,0,15
1994,SHAELYN,8,0,8
1994,SHAE-LYNN,9,0,9
1994,SERENITY,6,0,6
1994,SERENA,52,0,52
1994,SHANNON,312,0,312
1994,SELINA,21,0,21
1994,SEAN,371,365,6
1994,SCARLETT,7,0,7
1994,SAVANNAH,64,0,64
1994,SAVANNA,21,0,21
1994,SASHA,48,10,38
1994,SARINA,11,0,11
1994,SARAH,1312,0,1312
1994,SARA,363,0,363
1994,SAPNA,6,0,6
1994,SANTANA,12,0,12
1994,SANDY,16,0,16
1994,SANDRA,81,0,81
1994,SANDEEP,17,10,7
1994,SANA,11,0,11
1994,SELENA,19,0,19
1994,SOFIA,34,0,34
1994,SHANTEL,14,0,14
1994,SHAUNA,35,0,35
1994,SKYLAR,39,18,21
1994,SKYE,23,0,23
1994,SIOBHAN,26,0,26
1994,SIMRAN,12,0,12
1994,SIMONE,33,0,33
1994,SIMONA,11,0,11
1994,SILVIA,12,0,12
1994,SIERRA,87,0,87
1994,SIDNEY,25,8,17
1994,SHYLA,9,0,9
1994,SHYANNE,10,0,10
1994,SHOSHANA,10,0,10
1994,SHIVANI,12,0,12
1994,SHIRLEY,24,0,24
1994,SHARON,40,0,40
1994,SHIRA,7,0,7
1994,SHERYL,7,0,7
1994,SHERRY,16,0,16
1994,SHELLY,10,0,10
1994,SHELLEY,11,0,11
1994,SHELBY,229,8,221
1994,SHELBIE,6,0,6
1994,SHEILA,12,0,12
1994,SHEENA,8,0,8
1994,SHEA,17,7,10
1994,SHAYNA,30,0,30
1994,SHAYLYN,6,0,6
1994,SHAYLA,21,0,21
1994,SHAWNEE,6,0,6
1994,SHAWNA,52,0,52
1994,SHIANNE,8,0,8
1994,SAMIRA,17,0,17
1994,TIFFANY,226,0,226
1994,TONI,15,0,15
1994,TYE,6,6,0
1994,TYLAR,5,5,0
1994,TYLOR,27,27,0
1994,TYREL,5,5,0
1994,TYRELL,26,26,0
1994,TYRELLE,5,5,0
1994,TYRONE,26,26,0
1994,TYSON,62,62,0
1994,UMAR,5,5,0
1994,VARUN,6,6,0
1994,VAUGHN,7,7,0
1994,VICTOR,91,91,0
1994,VINAY,5,5,0
1994,VINCE,5,5,0
1994,TY,25,25,0
1994,VINCENT,129,129,0
1994,VISHAL,15,15,0
1994,VITO,5,5,0
1994,VITTORIO,7,7,0
1994,WADE,27,27,0
1994,WAI,5,5,0
1994,WALEED,6,6,0
1994,WALID,6,6,0
1994,WALKER,8,8,0
1994,WALTER,22,22,0
1994,WARREN,32,32,0
1994,WAYNE,34,34,0
1994,WENDEL,10,10,0
1994,WESLEY,132,132,0
1994,WESTON,5,5,0
1994,VINCENZO,18,18,0
1994,WILFRED,6,6,0
1994,TURNER,10,10,0
1994,TROY,122,122,0
1994,TERENCE,18,18,0
1994,TERRANCE,19,19,0
1994,TERRELL,9,9,0
1994,TERRENCE,19,19,0
1994,TERRY,23,23,0
1994,TEVIN,22,22,0
1994,THANUSHAN,6,6,0
1994,THEODORE,20,20,0
1994,THOMAS,513,513,0
1994,TIAGO,14,14,0
1994,TIM,6,6,0
1994,TIMOTHY,258,258,0
1994,TOBIAS,8,8,0
1994,TOBY,5,5,0
1994,TUAN,6,6,0
1994,TODD,51,51,0
1994,TOMAS,15,15,0
1994,TOMASZ,9,9,0
1994,TOMISLAV,10,10,0
1994,TOMMY,23,23,0
1994,TONY,52,52,0
1994,TRAVIS,237,237,0
1994,TRE,7,7,0
1994,TREMAINE,8,8,0
1994,TRENT,35,35,0
1994,TRENTON,11,11,0
1994,TREVON,8,8,0
1994,TREVOR,226,226,0
1994,TREY,20,20,0
1994,TRISTON,5,5,0
1994,TOM,17,17,0
1994,TINA,61,0,61
1994,WILLIAM,622,622,0
1994,WINSTON,13,13,0
1994,YASMEEN,7,0,7
1994,WINNIE,12,0,12
1994,WILLOW,6,0,6
1994,WHITNEY,35,0,35
1994,WENDY,24,0,24
1994,VIVIAN,57,0,57
1994,VIRGINIA,16,0,16
1994,VICTORIA,666,0,666
1994,VICKY,16,0,16
1994,VICKI,6,0,6
1994,VERONIQUE,18,0,18
1994,VERONICA,93,0,93
1994,VENESSA,13,0,13
1994,VASILIKI,8,0,8
1994,YASMIN,32,0,32
1994,VANESSA,351,0,351
1994,VALERIE,81,0,81
1994,VALENTINA,14,0,14
1994,TYRA,7,0,7
1994,TYLER,1283,1276,7
1994,TRISTAN,65,59,6
1994,TRISHA,29,0,29
1994,TRINA,9,0,9
1994,TRICIA,7,0,7
1994,TRANG,6,0,6
1994,TRACY,34,0,34
1994,TRACEY,7,0,7
1994,TORY,8,0,8
1994,TORI,60,0,60
1994,TONYA,8,0,8
1994,VALÉRIE,8,0,8
1994,WILSON,20,20,0
1994,YASMINE,17,0,17
1994,YVETTE,6,0,6
1994,WYATT,39,39,0
1994,XAVIER,29,29,0
1994,YAHYE,5,5,0
1994,YANNICK,13,13,0
1994,YASIN,9,9,0
1994,YEHUDA,7,7,0
1994,YOHAN,6,6,0
1994,YOUSSEF,10,10,0
1994,YU,5,5,0
1994,YUSUF,20,20,0
1994,ZACHARIAH,26,26,0
1994,ZACHARIE,13,13,0
1994,ZACHARY,718,718,0
1994,ZACHERY,48,48,0
1994,YOLANDA,9,0,9
1994,ZACKARY,54,54,0
1994,ZAID,8,8,0
1994,ZAIN,8,8,0
1994,ZAK,7,7,0
1994,ZAKARIA,14,14,0
1994,ZAKARIYA,5,5,0
1994,ZAKARY,11,11,0
1994,ZANE,7,7,0
1994,ZOEY,6,0,6
1994,ZOE,71,0,71
1994,ZEINAB,7,0,7
1994,ZAYNAB,10,0,10
1994,ZAINAB,10,0,10
1994,ZAHRA,20,0,20
1994,YVONNE,20,0,20
1994,ZACKERY,40,40,0
1994,TERANCE,5,5,0
1994,SAMANTHA,1068,0,1068
1994,SALLY,24,0,24
1994,MEAGAN,132,0,132
1994,MCKENZIE,27,7,20
1994,MCKENNA,10,0,10
1994,MAYA,38,0,38
1994,MAXINE,23,0,23
1994,MAXIME,40,30,10
1994,MAUREEN,10,0,10
1994,MARYSSA,7,0,7
1994,MARYSE,6,0,6
1994,MARYANNE,9,0,9
1994,MARYAN,7,0,7
1994,MARYAM,22,0,22
1994,MARY,185,0,185
1994,MARTINE,6,0,6
1994,MEAGHAN,109,0,109
1994,MARTINA,25,0,25
1994,MARTA,10,0,10
1994,MARLEY,14,0,14
1994,MARLENE,12,0,12
1994,MARLEE,13,0,13
1994,MARLAINA,6,0,6
1994,MARLA,8,0,8
1994,MARISSA,159,0,159
1994,MARISHA,7,0,7
1994,MARISA,67,0,67
1994,MARION,8,0,8
1994,MARINA,70,0,70
1994,MARILYN,10,0,10
1994,MARIKA,12,0,12
1994,MARIELLE,7,0,7
1994,MARTHA,27,0,27
1994,MARIE-PIER,6,0,6
1994,MEG,10,0,10
1994,MEGHAN,222,0,222
1994,MONICA,88,0,88
1994,MONA,8,0,8
1994,MOLLY,62,0,62
1994,MISTY,7,0,7
1994,MISHA,7,0,7
1994,MIRIAM,33,0,33
1994,MIREILLE,8,0,8
1994,MIRANDA,152,0,152
1994,MIRA,7,0,7
1994,MINA,12,0,12
1994,MIKAYLA,46,0,46
1994,MIKAILA,11,0,11
1994,MIKAELA,37,0,37
1994,MICHELLE,604,0,604
1994,MEGAN,638,0,638
1994,MICHELE,22,10,12
1994,MICAELA,11,0,11
1994,MIA,15,0,15
1994,MERISSA,10,0,10
1994,MEREDITH,27,0,27
1994,MERCEDES,41,0,41
1994,MELYSSA,6,0,6
1994,MELODY,30,0,30
1994,MELODIE,11,0,11
1994,MELISSA,605,0,605
1994,MELISA,8,0,8
1994,MELINDA,22,0,22
1994,MELINA,16,0,16
1994,MELANIE,193,0,193
1994,MEGHANN,6,0,6
1994,MICHAELA,99,0,99
1994,MONIKA,42,0,42
1994,MARIE-FRANCE,6,0,6
1994,MARIANNE,13,0,13
1994,MADELAINE,33,0,33
1994,MADDISON,28,0,28
1994,MACKENZIE,346,162,184
1994,MACEY,6,0,6
1994,LYNSEY,7,0,7
1994,LYNN,14,0,14
1994,LYNETTE,7,0,7
1994,LYNDSEY,11,0,11
1994,LYNDSAY,20,0,20
1994,LYNDA,6,0,6
1994,LYDIA,58,0,58
1994,LUCY,28,0,28
1994,LUCIA,17,0,17
1994,LOUISE,16,0,16
1994,MADELEINE,90,0,90
1994,LOUISA,9,0,9
1994,LORETTA,6,0,6
1994,LOIS,6,0,6
1994,LOGAN,126,102,24
1994,LISA,199,0,199
1994,LINNEA,7,0,7
1994,LINDSEY,75,0,75
1994,LINDSAY,251,0,251
1994,LINDA,41,0,41
1994,LINA,16,0,16
1994,LILY,28,0,28
1994,LILLIAN,22,0,22
1994,LILIANA,6,0,6
1994,LILIAN,9,0,9
1994,LIDIA,9,0,9
1994,LORI,19,0,19
1994,MARIE,269,0,269
1994,MADELINE,103,0,103
1994,MADISEN,7,0,7
1994,MARIANA,10,0,10
1994,MARIAN,7,0,7
1994,MARIAM,45,0,45
1994,MARIAH,86,0,86
1994,MARIA,174,0,174
1994,MARGUERITE,7,0,7
1994,MARGOT,8,0,8
1994,MARGARITA,6,0,6
1994,MARGARETHA,6,0,6
1994,MARGARET,81,0,81
1994,MARCY,6,0,6
1994,MARCIE,8,0,8
1994,MARCIA,7,0,7
1994,MARANDA,9,0,9
1994,MADELYN,7,0,7
1994,MARA,16,0,16
1994,MANPREET,23,5,18
1994,MANISHA,9,0,9
1994,MANDY,16,0,16
1994,MANDEEP,14,6,8
1994,MALLORY,42,0,42
1994,MALISSA,6,0,6
1994,MAKAYLA,17,0,17
1994,MAIA,6,0,6
1994,MAHLET,6,0,6
1994,MAGGIE,47,0,47
1994,MAGDALENE,8,0,8
1994,MAGDALENA,13,0,13
1994,MAEGAN,15,0,15
1994,MADISON,287,10,277
1994,MANUELA,6,0,6
1994,SALMA,10,0,10
1994,MONIQUE,36,0,36
1994,MONTANNA,6,0,6
1994,RHIANNA,6,0,6
1994,RHEA,9,0,9
1994,RENÉE,8,0,8
1994,RENEE,59,0,59
1994,RENAE,7,0,7
1994,REGAN,22,6,16
1994,REEMA,6,0,6
1994,REEM,9,0,9
1994,REBEKAH,39,0,39
1994,REBECCA,725,0,725
1994,REBECA,7,0,7
1994,REANNA,16,0,16
1994,RAVNEET,7,0,7
1994,RAVEN,37,0,37
1994,RHIANNON,18,0,18
1994,RAVEENA,7,0,7
1994,RANDI,29,0,29
1994,RANA,10,0,10
1994,RAMANDEEP,17,5,12
1994,RACHELLE,39,0,39
1994,RACHEL,683,0,683
1994,RACHEAL,8,0,8
1994,RACHAEL,98,0,98
1994,RABIA,11,0,11
1994,QUINN,57,44,13
1994,PUNEET,9,0,9
1994,PRIYANKA,16,0,16
1994,PRIYA,17,0,17
1994,PRISCILLA,32,0,32
1994,PRINCESS,6,0,6
1994,RAQUEL,35,0,35
1994,PRECIOUS,6,0,6
1994,RHONDA,7,0,7
1994,RICHELLE,15,0,15
1994,SALINA,6,0,6
1994,SAHRA,7,0,7
1994,SAHAR,13,0,13
1994,SAGAL,12,0,12
1994,SAFIA,7,0,7
1994,SADIE,19,0,19
1994,AARON,567,567,0
1994,SACHA,7,0,7
1994,SABRINA,204,0,204
1994,SABINA,10,0,10
1994,RYLIE,8,0,8
1994,RYLEY,29,18,11
1994,RYLEE,12,0,12
1994,RUTH,21,0,21
1994,RIANNA,6,0,6
1994,RUBY,10,0,10
1994,ROXANNE,23,0,23
1994,ROWAN,18,9,9
1994,ROSEMARY,10,0,10
1994,ROSEMARIE,8,0,8
1994,ROSE,19,0,19
1994,ROSA,10,0,10
1994,ROCHELLE,31,0,31
1994,ROBYN,114,0,114
1994,ROBIN,78,30,48
1994,ROBERTA,8,0,8
1994,RITA,17,0,17
1994,RIMA,6,0,6
1994,RILEY,199,145,54
1994,RIKKI,13,0,13
1994,ROYA,7,0,7
1994,MONTANA,29,0,29
1994,POOJA,14,0,14
1994,PHOENIX,7,0,7
1994,NICOLE,1056,0,1056
1994,NICOLA,35,10,25
1994,NICHOLE,13,0,13
1994,NICHELLE,7,0,7
1994,NGOC,14,0,14
1994,NEHA,15,0,15
1994,NEELAM,6,0,6
1994,NAVNEET,9,0,9
1994,NAVJOT,6,0,6
1994,NATHALIE,42,0,42
1994,NATASHA,348,0,348
1994,NATALIE,361,0,361
1994,NATALIA,32,0,32
1994,NATACHA,6,0,6
1994,NICOLETTE,22,0,22
1994,NASRA,6,0,6
1994,NANCY,58,0,58
1994,NAKITA,7,0,7
1994,NAJMA,8,0,8
1994,NADINE,45,0,45
1994,NADIA,73,0,73
1994,NADA,7,0,7
1994,MÉLANIE,6,0,6
1994,MYRIAM,16,0,16
1994,MYRANDA,6,0,6
1994,MYLENE,7,0,7
1994,MYA,6,0,6
1994,MUNIRA,7,0,7
1994,MUNA,13,0,13
1994,MORGAN,251,58,193
1994,NAOMI,61,0,61
1994,PHUONG,9,0,9
1994,NICOLLE,6,0,6
1994,NIKI,7,0,7
1994,PHOEBE,11,0,11
1994,PEYTON,8,0,8
1994,PETRA,6,0,6
1994,PEARL,7,0,7
1994,PAYTON,11,0,11
1994,PAYAL,6,0,6
1994,PAULINE,24,0,24
1994,PAULINA,16,0,16
1994,PAULA,27,0,27
1994,PATRICIA,100,0,100
1994,PASCALE,10,0,10
1994,PAMELA,35,0,35
1994,PAISLEY,9,0,9
1994,PAIGE,226,0,226
1994,NIDA,6,0,6
1994,PAGE,9,0,9
1994,OKSANA,10,0,10
1994,OCEAN,8,0,8
1994,NOVA,6,0,6
1994,GARETT,9,9,0
1994,NORA,11,0,11
1994,NOOR,6,0,6
1994,NOELLE,19,0,19
1994,NIVETHA,7,0,7
1994,NISHA,8,0,8
1994,NINA,37,0,37
1994,NIKOLINA,6,0,6
1994,NIKOLE,7,0,7
1994,NIKKI,35,0,35
1994,NIKITA,26,0,26
1994,OLIVIA,365,0,365
1994,LIANNE,10,0,10
1994,TEDDY,5,5,0
1994,TARIQ,6,6,0
1994,JULIAN,128,128,0
1994,JULIANO,5,5,0
1994,JULIEN,33,33,0
1994,JULIO,6,6,0
1994,JULIUS,10,10,0
1994,JUNAID,5,5,0
1994,JUSTIN,972,972,0
1994,KABIR,6,6,0
1994,KADEEM,16,16,0
1994,KAELAN,10,10,0
1994,KAI,12,12,0
1994,KALE,5,5,0
1994,KALEB,15,15,0
1994,KALVIN,12,12,0
1994,JULES,6,6,0
1994,KAMAL,5,5,0
1994,KANE,16,16,0
1994,KARAN,18,18,0
1994,KARANVIR,5,5,0
1994,KAREEM,13,13,0
1994,KARIM,6,6,0
1994,KARL,33,33,0
1994,KAYNE,6,6,0
1994,KEANU,5,5,0
1994,KEATON,13,13,0
1994,KEEGAN,62,62,0
1994,KEELAN,5,5,0
1994,KEENAN,25,25,0
1994,KEIFER,10,10,0
1994,KEITH,68,68,0
1994,KAMIL,15,15,0
1994,KELVIN,33,33,0
1994,JUDE,6,6,0
1994,JOVAN,6,6,0
1994,JIM,5,5,0
1994,JIMMY,37,37,0
1994,JOE,16,16,0
1994,JOEL,197,197,0
1994,JOHAN,11,11,0
1994,JOHANN,6,6,0
1994,JOHN,626,626,0
1994,JOHNATHAN,84,84,0
1994,JOHNATHON,59,59,0
1994,JOHNNY,32,32,0
1994,JOHNSON,12,12,0
1994,JOHNY,5,5,0
1994,JON,7,7,0
1994,JONAH,87,87,0
1994,JUAN,21,21,0
1994,JONAS,9,9,0
1994,JONATHON,76,76,0
1994,JORDEN,7,7,0
1994,JORDI,5,5,0
1994,JORDON,45,45,0
1994,JORGE,13,13,0
1994,JORY,6,6,0
1994,JOSE,21,21,0
1994,JOSEF,9,9,0
1994,JOSEPH,796,796,0
1994,JOSH,15,15,0
1994,JOSHUA,1262,1262,0
1994,JOSIAH,19,19,0
1994,JOSIP,5,5,0
1994,JOSUE,8,8,0
1994,JONATHAN,649,649,0
1994,JEVON,8,8,0
1994,KEN,13,13,0
1994,KENNETH,113,113,0
1994,LANCE,30,30,0
1994,LANDON,24,24,0
1994,LANE,5,5,0
1994,LARRY,18,18,0
1994,LAWRENCE,21,21,0
1994,LAZAR,5,5,0
1994,LEANDRO,6,6,0
1994,LEIF,6,6,0
1994,LEO,12,12,0
1994,LEON,12,12,0
1994,LEONARD,8,8,0
1994,LESTER,7,7,0
1994,LEVI,37,37,0
1994,LEWIS,11,11,0
1994,LAMAR,6,6,0
1994,LIAM,188,188,0
1994,LLOYD,14,14,0
1994,LORENZO,11,11,0
1994,LORNE,7,7,0
1994,LOUIS,28,28,0
1994,LUC,35,35,0
1994,LUCA,32,32,0
1994,LUCAS,397,397,0
1994,LUCUS,6,6,0
1994,LUIGI,10,10,0
1994,LUIS,18,18,0
1994,LUKAS,49,49,0
1994,LUKE,240,240,0
1994,LYLE,11,11,0
1994,LYNDON,5,5,0
1994,LIBAN,20,20,0
1994,KENDRICK,5,5,0
1994,KYLER,14,14,0
1994,KURTIS,92,92,0
1994,KENNY,20,20,0
1994,KENT,16,16,0
1994,KENTON,8,8,0
1994,KEVAN,6,6,0
1994,KEVEN,8,8,0
1994,KEVIN,778,778,0
1994,KEVON,5,5,0
1994,KHALED,9,9,0
1994,KHALID,27,27,0
1994,KHALIL,14,14,0
1994,KIEFER,14,14,0
1994,KIERAN,40,40,0
1994,KIRK,36,36,0
1994,KISHAN,7,7,0
1994,KYLE,1013,1013,0
1994,KODI,5,5,0
1994,KOLE,11,11,0
1994,KONNOR,5,5,0
1994,KONRAD,10,10,0
1994,KOREY,15,15,0
1994,KORY,12,12,0
1994,KRISHAN,7,7,0
1994,KRISHNA,5,5,0
1994,KRISTJAN,6,6,0
1994,KRISTOFER,14,14,0
1994,KRISTOFFER,9,9,0
1994,KRISTOPHER,54,54,0
1994,KRYSTIAN,6,6,0
1994,KUNAL,6,6,0
1994,KURT,45,45,0
1994,KODY,35,35,0
1994,MAHAD,14,14,0
1994,JESSY,28,28,0
1994,JERRY,10,10,0
1994,GURBIR,5,5,0
1994,GURINDER,5,5,0
1994,GURJOT,7,7,0
1994,GURVIR,7,7,0
1994,HADI,6,6,0
1994,HAKEEM,5,5,0
1994,HAMZA,15,15,0
1994,HANAD,5,5,0
1994,HARDEEP,6,6,0
1994,HARMAN,9,9,0
1994,HARMANDEEP,5,5,0
1994,HAROLD,9,9,0
1994,HAROON,6,6,0
1994,HARRIS,8,8,0
1994,GULED,5,5,0
1994,HARRISON,76,76,0
1994,HARVIR,5,5,0
1994,HASAN,10,10,0
1994,HASSAN,34,34,0
1994,HAYDEN,98,98,0
1994,HEINRICH,5,5,0
1994,HENRY,65,65,0
1994,HIEU,5,5,0
1994,HOANG,7,7,0
1994,HOLDEN,15,15,0
1994,HOWARD,8,8,0
1994,HUDSON,8,8,0
1994,HUGH,12,12,0
1994,HUGO,14,14,0
1994,HUSSEIN,18,18,0
1994,HARRY,22,22,0
1994,HUY,6,6,0
1994,GUILLAUME,14,14,0
1994,GREGORY,244,244,0
1994,GARTH,5,5,0
1994,GARY,37,37,0
1994,GAURAV,5,5,0
1994,GAVIN,82,82,0
1994,GEOFFREY,56,56,0
1994,GEORDIE,6,6,0
1994,GEORGE,107,107,0
1994,GERALD,23,23,0
1994,GERARD,6,6,0
1994,GERRY,5,5,0
1994,GIAN,7,7,0
1994,GIANCARLO,13,13,0
1994,GIANFRANCO,7,7,0
1994,GIANLUCA,25,25,0
1994,GRIFFIN,11,11,0
1994,GIDEON,10,10,0
1994,GILLES,5,5,0
1994,GINO,6,6,0
1994,GIOVANNI,27,27,0
1994,GIULIANO,11,11,0
1994,GIUSEPPE,28,28,0
1994,GLEN,16,16,0
1994,GLENN,20,20,0
1994,GORDON,49,49,0
1994,GRAEME,46,46,0
1994,GRAHAM,102,102,0
1994,GRANT,61,61,0
1994,GRAYDON,9,9,0
1994,GRAYSON,12,12,0
1994,GREG,5,5,0
1994,GILBERT,9,9,0
1994,JESSEY,6,6,0
1994,IAIN,21,21,0
1994,IBRAHIM,27,27,0
1994,JARVIS,8,8,0
1994,JASDEEP,9,9,0
1994,JASKARAN,16,16,0
1994,JASKARN,5,5,0
1994,JASON,508,508,0
1994,JASPER,13,13,0
1994,JAVIER,14,14,0
1994,JAWAD,6,6,0
1994,JAY,41,41,0
1994,JAYDEN,16,16,0
1994,JAYLEN,5,5,0
1994,JAYSON,16,16,0
1994,JEAN-CLAUDE,9,9,0
1994,JEAN-FRANCOIS,5,5,0
1994,JARROD,8,8,0
1994,JEAN-LUC,13,13,0
1994,JEAN-MICHEL,6,6,0
1994,JEAN-PAUL,9,9,0
1994,JEAN-PHILIPPE,7,7,0
1994,JEAN-PIERRE,7,7,0
1994,JED,5,5,0
1994,JEFF,6,6,0
1994,JEFFERSON,6,6,0
1994,JEFFERY,48,48,0
1994,JEFFREY,278,278,0
1994,JEREMIAH,35,35,0
1994,JEREMIE,10,10,0
1994,JEREMY,341,341,0
1994,JERMAINE,10,10,0
1994,JEROME,20,20,0
1994,JEAN-MARC,5,5,0
1994,IAN,197,197,0
1994,JARRETT,28,28,0
1994,JARRED,18,18,0
1994,IMRAN,17,17,0
1994,ISAAC,93,93,0
1994,ISAAK,7,7,0
1994,ISAIAH,41,41,0
1994,ISMAIL,13,13,0
1994,ISSA,5,5,0
1994,IVAN,29,29,0
1994,JACEK,6,6,0
1994,JACK,120,120,0
1994,JACKSON,58,58,0
1994,JACKY,18,18,0
1994,JACOB,920,920,0
1994,JACQUES,7,7,0
1994,JAD,8,8,0
1994,JARRET,11,11,0
1994,JADON,6,6,0
1994,JAIDEN,11,11,0
1994,JAKE,240,240,0
1994,JAKOB,22,22,0
1994,JAKUB,10,10,0
1994,JALEN,21,21,0
1994,JAMAAL,11,11,0
1994,JAMAL,42,42,0
1994,JAMES,841,841,0
1994,JAMESON,5,5,0
1994,JAMIESON,7,7,0
1994,JAMISON,5,5,0
1994,JAN,10,10,0
1994,JARED,140,140,0
1994,JARON,5,5,0
1994,JAGGER,11,11,0
1994,TAVIS,5,5,0
1994,MAHMOUD,6,6,0
1994,MALCOLM,49,49,0
1994,ROBBIE,6,6,0
1994,ROBEL,6,6,0
1994,ROBERT,699,699,0
1994,ROBERTO,40,40,0
1994,ROCH,7,7,0
1994,RODERICK,5,5,0
1994,RODNEY,14,14,0
1994,ROGER,17,17,0
1994,ROHAN,18,18,0
1994,ROHIT,6,6,0
1994,ROLAND,13,13,0
1994,ROLANDO,6,6,0
1994,ROMAN,13,13,0
1994,ROMARIO,11,11,0
1994,RIVER,9,9,0
1994,RONALD,48,48,0
1994,RONNIE,6,6,0
1994,RORY,22,22,0
1994,ROSHAN,8,8,0
1994,ROSS,35,35,0
1994,ROY,15,15,0
1994,ROYCE,7,7,0
1994,RUBEN,8,8,0
1994,RUDY,7,7,0
1994,RUI,5,5,0
1994,RUSSEL,5,5,0
1994,RUSSELL,54,54,0
1994,RYAN,1396,1396,0
1994,RYEN,5,5,0
1994,RYLAN,5,5,0
1994,RONAN,5,5,0
1994,RYLAND,7,7,0
1994,RISHI,12,12,0
1994,RICK,10,10,0
1994,PRINCE,8,8,0
1994,QUANG,5,5,0
1994,QUENTIN,11,11,0
1994,QUINCY,12,12,0
1994,QUINLAN,6,6,0
1994,QUINTIN,12,12,0
1994,QUINTON,46,46,0
1994,QUOC,7,7,0
1994,RAFAEL,12,12,0
1994,RAFFAELE,6,6,0
1994,RAHEEM,10,10,0
1994,RAHUL,17,17,0
1994,RALPH,8,8,0
1994,RANDALL,15,15,0
1994,RICKY,38,38,0
1994,RANDY,71,71,0
1994,RASHAD,6,6,0
1994,RAVI,10,10,0
1994,RAY,13,13,0
1994,RAYMOND,103,103,0
1994,REECE,5,5,0
1994,REED,13,13,0
1994,REESE,8,8,0
1994,REGINALD,17,17,0
1994,REID,41,41,0
1994,RENE,9,9,0
1994,REUBEN,13,13,0
1994,RHYS,17,17,0
1994,RICARDO,20,20,0
1994,RICHARD,305,305,0
1994,RAPHAEL,20,20,0
1994,PRESTON,24,24,0
1994,SAGAR,7,7,0
1994,SAIF,7,7,0
1994,SILVIO,5,5,0
1994,SIMEON,6,6,0
1994,SIMON,123,123,0
1994,SINA,5,5,0
1994,SOHAIL,7,7,0
1994,SONNY,5,5,0
1994,STANLEY,26,26,0
1994,STEFAN,76,76,0
1994,STEFANO,27,27,0
1994,STEPHAN,24,24,0
1994,STEPHANE,31,31,0
1994,STEPHEN,316,316,0
1994,STERLING,6,6,0
1994,STEVE,19,19,0
1994,SHELDON,62,62,0
1994,STEVEN,499,499,0
1994,STUART,67,67,0
1994,SUKHPREET,5,5,0
1994,SUKHRAJ,5,5,0
1994,SUNDEEP,5,5,0
1994,SUNNY,7,7,0
1994,SURAJ,6,6,0
1994,SYED,19,19,0
1994,SYLVAIN,16,16,0
1994,TALON,6,6,0
1994,TANNER,122,122,0
1994,TANVIR,7,7,0
1994,TARAN,6,6,0
1994,TAREK,7,7,0
1994,TARIK,5,5,0
1994,STEWART,24,24,0
1994,SAHIL,13,13,0
1994,SHAYNE,41,41,0
1994,SHAWN,216,216,0
1994,SALAH,7,7,0
1994,SALMAN,6,6,0
1994,SALVATORE,26,26,0
1994,SAM,35,35,0
1994,SAMATAR,8,8,0
1994,SAMEER,8,8,0
1994,SAMER,11,11,0
1994,SAMI,5,5,0
1994,SAMIR,15,15,0
1994,SAMMY,6,6,0
1994,SAMSON,13,13,0
1994,SAMUEL,335,335,0
1994,SANDRO,5,5,0
1994,SANJAY,11,11,0
1994,SHAYAN,8,8,0
1994,SANTINO,5,5,0
1994,SCOTT,361,361,0
1994,SEAMUS,7,7,0
1994,SEBASTIAN,92,92,0
1994,SEBASTIANO,5,5,0
1994,SEBASTIEN,37,37,0
1994,SÉBASTIEN,12,12,0
1994,SERGIO,11,11,0
1994,SETH,31,31,0
1994,SHAKEEL,6,6,0
1994,SHAMAR,7,7,0
1994,SHANE,222,222,0
1994,SHAQUAN,5,5,0
1994,SHAQUILLE,53,53,0
1994,SHAUN,41,41,0
1994,SAWYER,16,16,0
1994,MALACHI,5,5,0
1994,PRESLEY,5,5,0
1994,PIOTR,12,12,0
1994,MAXIMILLIAN,8,8,0
1994,MAXWELL,54,54,0
1994,MEHMET,9,9,0
1994,MELVIN,8,8,0
1994,MENACHEM,6,6,0
1994,MERRICK,5,5,0
1994,MERVIN,7,7,0
1994,MICAH,22,22,0
1994,MICHAEL,1839,1839,0
1994,MICHAL,13,13,0
1994,MICHEAL,86,86,0
1994,MICHEL,26,26,0
1994,MIGUEL,32,32,0
1994,MIHAILO,5,5,0
1994,MAXIMILIAN,11,11,0
1994,MIKAEL,6,6,0
1994,MILAN,7,7,0
1994,MILES,11,11,0
1994,MINH,8,8,0
1994,MITCH,8,8,0
1994,MITCHEL,34,34,0
1994,MITCHELL,578,578,0
1994,MOHAMAD,16,16,0
1994,MOHAMED,104,104,0
1994,MOHAMMAD,51,51,0
1994,MOHAMMED,51,51,0
1994,MOHIT,5,5,0
1994,MOISES,5,5,0
1994,MOSES,11,11,0
1994,MOSHE,5,5,0
1994,MIKE,15,15,0
1994,MOUHAMED,5,5,0
1994,MAXIM,9,9,0
1994,MAURICIO,7,7,0
1994,MALIK,7,7,0
1994,MANJOT,6,6,0
1994,MANUEL,12,12,0
1994,MANVIR,18,18,0
1994,MARC,104,104,0
1994,MARC-ANDRE,11,11,0
1994,MARCEL,26,26,0
1994,MARCELLO,6,6,0
1994,MARCIN,5,5,0
1994,MARCO,85,85,0
1994,MARCUS,112,112,0
1994,MAREK,5,5,0
1994,MARIO,49,49,0
1994,MARK,366,366,0
1994,MAX,37,37,0
1994,MARKO,26,26,0
1994,MARLON,23,23,0
1994,MARSHALL,36,36,0
1994,MARTIN,114,114,0
1994,MARVIN,20,20,0
1994,MASON,68,68,0
1994,MASSIMO,16,16,0
1994,MATEUSZ,11,11,0
1994,MATHEW,178,178,0
1994,MATHIAS,7,7,0
1994,MATHIEU,92,92,0
1994,MATTEO,12,12,0
1994,MATTHEW,1831,1831,0
1994,MATTHIEU,16,16,0
1994,MAURICE,9,9,0
1994,MARKUS,16,16,0
1994,PRAVEEN,5,5,0
1994,MUHAMMAD,12,12,0
1994,MUSTAFA,18,18,0
1994,OLIVER,42,42,0
1994,OLIVIER,16,16,0
1994,OMAR,55,55,0
1994,OMER,7,7,0
1994,O'NEIL,5,5,0
1994,OSAMA,5,5,0
1994,OSCAR,28,28,0
1994,OSMAN,9,9,0
1994,OWEN,52,52,0
1994,PABLO,5,5,0
1994,PAOLO,20,20,0
1994,PARKER,22,22,0
1994,PASCAL,7,7,0
1994,PASQUALE,9,9,0
1994,NORMAN,25,25,0
1994,PATRICE,7,7,0
1994,PATRYK,12,12,0
1994,PAUL,294,294,0
1994,PAULO,8,8,0
1994,PAWEL,8,8,0
1994,PERRY,8,8,0
1994,PETAR,8,8,0
1994,PETER,328,328,0
1994,PHILIP,150,150,0
1994,PHILIPPE,40,40,0
1994,PHILLIP,81,81,0
1994,PHILLIPE,6,6,0
1994,PIERCE,7,7,0
1994,PIERRE,18,18,0
1994,PIETRO,6,6,0
1994,PATRICK,540,540,0
1994,MURRAY,5,5,0
1994,NOLAN,52,52,0
1994,NOAH,55,55,0
1994,MYLES,39,39,0
1994,NABEEL,7,7,0
1994,NABIL,6,6,0
1994,NAM,5,5,0
1994,NANA,6,6,0
1994,NATHAN,429,429,0
1994,NATHANAEL,13,13,0
1994,NATHANIAL,8,8,0
1994,NATHANIEL,158,158,0
1994,NAVDEEP,5,5,0
1994,NAVEEN,5,5,0
1994,NEAL,10,10,0
1994,NEIL,67,67,0
1994,NELSON,31,31,0
1994,NOEL,8,8,0
1994,NEVIN,11,11,0
1994,NIALL,7,7,0
1994,NICHOLAS,1225,1225,0
1994,NICK,7,7,0
1994,NICKOLAS,29,29,0
1994,NICO,8,8,0
1994,NICOLAS,118,118,0
1994,NIGEL,44,44,0
1994,NIKHIL,7,7,0
1994,NIKO,7,7,0
1994,NIKOLA,22,22,0
1994,NIKOLAOS,6,6,0
1994,NIKOLAS,29,29,0
1994,NIMA,7,7,0
1994,NIROSHAN,9,9,0
1994,NGUYEN,6,6,0
1994,LIANE,6,0,6
1994,SADE,9,0,9
1994,LIA,14,0,14
1994,ALISHA,97,0,97
1994,ALISHIA,6,0,6
1994,ALISON,132,0,132
1994,ALISSA,33,0,33
1994,ALIX,9,0,9
1994,ALIYA,15,0,15
1994,ALIYAH,11,0,11
1994,ALLIE,8,0,8
1994,ALLISON,201,0,201
1994,ALLYSON,33,0,33
1994,ALLYSSA,11,0,11
1994,ALORA,6,0,6
1994,ALYCIA,20,0,20
1994,ALYSHA,70,0,70
1994,ALYSHIA,6,0,6
1994,ALISA,15,0,15
1994,ALINA,12,0,12
1994,ALICIA,248,0,248
1994,ALICE,28,0,28
1994,ALEISHA,8,0,8
1994,ALEJANDRA,6,0,6
1994,ALEKSANDRA,12,0,12
1994,ALENA,9,0,9
1994,ALESHA,8,0,8
1994,ALESSANDRA,42,0,42
1994,ALESSIA,30,0,30
1994,ALYSIA,12,0,12
1994,ALEX,202,184,18
1994,ALEXANDRA,661,0,661
1994,ALEXANDREA,24,0,24
1994,ALEXANDRIA,118,0,118
1994,ALEXIA,31,0,31
1994,ALEXIE,8,0,8
1994,ALEXIS,154,8,146
1994,ALI,82,74,8
1994,ALEXA,79,0,79
1994,ALYSON,18,0,18
1994,ALYSSA,379,0,379
1994,ALYSSIA,7,0,7
1994,ANGELICA,34,0,34
1994,ANGELIKA,6,0,6
1994,ANGELINA,25,0,25
1994,ANGELINE,7,0,7
1994,ANGELIQUE,16,0,16
1994,ANGIE,14,0,14
1994,ANH,14,8,6
1994,ANGELA,148,0,148
1994,ANIKA,15,0,15
1994,ANISHA,17,0,17
1994,ANISSA,15,0,15
1994,ANITA,35,0,35
1994,ANJA,6,0,6
1994,ANJALI,9,0,9
1994,ANJELICA,6,0,6
1994,ANN,12,0,12
1994,ANISA,11,0,11
1994,ALEESHA,7,0,7
1994,ANGEL,40,6,34
1994,ANDREE,6,0,6
1994,AMAL,25,0,25
1994,AMANDA,830,0,830
1994,AMANDEEP,25,14,11
1994,AMARA,11,0,11
1994,AMBER,277,0,277
1994,AMBER-LYNN,8,0,8
1994,AMBERLY,6,0,6
1994,ANEESA,7,0,7
1994,AMELIA,74,0,74
1994,AMIRA,7,0,7
1994,AMRIT,23,15,8
1994,AMRITA,9,0,9
1994,AMY,272,0,272
1994,ANA,27,0,27
1994,ANASTASIA,37,0,37
1994,ANDREA,275,12,263
1994,AMINA,28,0,28
1994,ALECIA,11,0,11
1994,ALAYNA,8,0,8
1994,ALANNAH,47,0,47
1994,FABIAN,15,15,0
1994,FABIO,22,22,0
1994,FAISAL,5,5,0
1994,FAIZAN,9,9,0
1994,FARHAN,9,9,0
1994,FELIX,34,34,0
1994,FERNANDO,10,10,0
1994,EZRA,8,8,0
1994,FILIP,19,19,0
1994,FORREST,14,14,0
1994,FOSTER,5,5,0
1994,FRANCESCO,40,40,0
1994,FRANCIS,47,47,0
1994,FRANCISCO,5,5,0
1994,FRANCO,7,7,0
1994,FRANCOIS,16,16,0
1994,FLOYD,5,5,0
1994,FRANK,50,50,0
1994,EVERETT,9,9,0
1994,EUGENE,21,21,0
1994,EMANUEL,15,15,0
1994,EMERSON,18,18,0
1994,EMIL,5,5,0
1994,EMILE,5,5,0
1994,EMILIO,14,14,0
1994,EMMANUEL,19,19,0
1994,EMMETT,10,10,0
1994,EVAN,300,300,0
1994,ENOCH,6,6,0
1994,ERICH,9,9,0
1994,ERICK,13,13,0
1994,ERIK,129,129,0
1994,ERNEST,18,18,0
1994,ESTEBAN,5,5,0
1994,ETHAN,110,110,0
1994,ETIENNE,6,6,0
1994,ERIC,704,704,0
1994,ANNA,204,0,204
1994,FRANKLIN,9,9,0
1994,FRAZER,5,5,0
1994,ADINA,7,0,7
1994,ADRIANA,43,0,43
1994,ADRIANNA,25,0,25
1994,ADRIENNE,36,0,36
1994,AGATHA,14,0,14
1994,AGNES,11,0,11
1994,AIDAN,93,84,9
1994,ADELE,8,0,8
1994,AILEEN,6,0,6
1994,AINSLEY,19,0,19
1994,AISHA,32,0,32
1994,ALAA,10,0,10
1994,ALAINA,19,0,19
1994,ALANA,93,0,93
1994,ALANAH,15,0,15
1994,ALANNA,82,0,82
1994,AIMEE,24,0,24
1994,FRASER,19,19,0
1994,ADA,7,0,7
1994,ABIGAIL,130,0,130
1994,FRED,5,5,0
1994,FREDERIC,6,6,0
1994,FREDERICK,28,28,0
1994,FREDRICK,6,6,0
1994,GABRIEL,130,130,0
1994,GABRIELE,5,5,0
1994,GAGAN,5,5,0
1994,ABIGAYLE,7,0,7
1994,GAGE,34,34,0
1994,GALEN,8,8,0
1994,GARETH,11,11,0
1994,GARRET,12,12,0
1994,AALIYAH,6,0,6
1994,ABBEY,19,0,19
1994,ABBIE,8,0,8
1994,ABBY,37,0,37
1994,GAIGE,5,5,0
1994,ANNE,55,0,55
1994,ANNE-MARIE,13,0,13
1994,ANNETTE,6,0,6
1994,CARLIE,22,0,22
1994,CARLING,6,0,6
1994,CARLY,225,0,225
1994,CARMELA,8,0,8
1994,CARMEN,35,7,28
1994,CAROL,16,0,16
1994,CAROLINA,20,0,20
1994,CARLI,7,0,7
1994,CAROLINE,118,0,118
1994,CAROLYNE,6,0,6
1994,CARRIE,20,0,20
1994,CARYN,6,0,6
1994,CASANDRA,21,0,21
1994,CASEY,77,38,39
1994,CASSANDRA,488,0,488
1994,CASSIDY,105,7,98
1994,CAROLYN,60,0,60
1994,CASSIE,15,0,15
1994,CARLEY,58,0,58
1994,CARLEIGH,12,0,12
1994,BROOKLYN,25,0,25
1994,BRYANNA,18,0,18
1994,CAILIN,6,0,6
1994,CAITLIN,180,0,180
1994,CAITLYN,72,0,72
1994,CALEIGH,11,0,11
1994,CAMILA,6,0,6
1994,CARLENE,9,0,9
1994,CAMILLA,15,0,15
1994,CANDACE,33,0,33
1994,CANDICE,61,0,61
1994,CARA,32,0,32
1994,CARINA,16,0,16
1994,CARISSA,27,0,27
1994,CARLA,16,0,16
1994,CARLEE,21,0,21
1994,CAMILLE,47,0,47
1994,BROOKE,216,0,216
1994,CASSONDRA,6,0,6
1994,CATERINA,14,0,14
1994,CHARITY,6,0,6
1994,CHARLENE,33,0,33
1994,CHARLOTTE,106,0,106
1994,CHARMAINE,21,0,21
1994,CHAYA,6,0,6
1994,CHELSEA,349,0,349
1994,CHELSEY,90,0,90
1994,CHARISSA,9,0,9
1994,CHELSIE,16,0,16
1994,CHEYANNE,16,0,16
1994,CHEYENNE,65,0,65
1994,CHIARA,11,0,11
1994,CHLOE,114,0,114
1994,CHRISTA,14,0,14
1994,CHRISTIANA,7,0,7
1994,CHRISTIE,24,0,24
1994,CHERYL,24,0,24
1994,CATARINA,13,0,13
1994,CHANTELLE,70,0,70
1994,CHANTE,6,0,6
1994,CATHARINE,8,0,8
1994,CATHERINE,189,0,189
1994,CATHY,9,0,9
1994,CAYLA,7,0,7
1994,CECILIA,27,0,27
1994,CEILIDH,11,0,11
1994,CELESTE,41,0,41
1994,CHANTEL,67,0,67
1994,CELIA,9,0,9
1994,CELINE,50,0,50
1994,CHANA,7,0,7
1994,CHANCE,22,16,6
1994,CHANEL,42,0,42
1994,CHANELLE,35,0,35
1994,CHANTAL,93,0,93
1994,CHANTALE,9,0,9
1994,CELINA,32,0,32
1994,ELMER,5,5,0
1994,BRONWYN,22,0,22
1994,BRITTNI,7,0,7
1994,ASIA,10,0,10
1994,ASMA,11,0,11
1994,ATHENA,16,0,16
1994,AUDREY,36,0,36
1994,AURORA,7,0,7
1994,AUTUMN,35,0,35
1994,AVA,12,0,12
1994,ASHTON,42,27,15
1994,AVERY,91,56,35
1994,AYESHA,8,0,8
1994,AYLA,16,0,16
1994,AYSHA,9,0,9
1994,BABY,29,14,15
1994,BAILEY,100,5,95
1994,BARBARA,27,0,27
1994,BATOUL,6,0,6
1994,AYAN,16,0,16
1994,BEATRICE,6,0,6
1994,ASHLYNN,11,0,11
1994,ASHLY,10,0,10
1994,ANNIE,30,0,30
1994,ANTONIA,9,0,9
1994,APRIL,72,0,72
1994,ARIANA,29,0,29
1994,ARIANE,6,0,6
1994,ARIANNA,23,0,23
1994,ARIANNE,9,0,9
1994,ASHLYN,17,0,17
1994,ARIEL,45,8,37
1994,ARIELLE,35,0,35
1994,ARLENE,6,0,6
1994,ARYN,8,0,8
1994,ASHA,24,0,24
1994,ASHLEE,26,0,26
1994,ASHLEIGH,25,0,25
1994,ASHLEY,949,5,944
1994,ARIELLA,6,0,6
1994,BRONTE,7,0,7
1994,BECKY,6,0,6
1994,BETH,9,0,9
1994,BRENNA,32,0,32
1994,BRETT,257,251,6
1994,BRIA,6,0,6
1994,BRIANA,30,0,30
1994,BRIANNA,192,0,192
1994,BRIANNE,82,0,82
1994,BRIDGET,49,0,49
1994,BRENDA,46,0,46
1994,BRIDGETTE,8,0,8
1994,BRIGITTE,27,0,27
1994,BRITANY,7,0,7
1994,BRITNEY,34,0,34
1994,BRITTANI,14,0,14
1994,BRITTANIE,6,0,6
1994,BRITTANY,657,0,657
1994,BRITTNEY,127,0,127
1994,BRIEANNE,7,0,7
1994,BERNADETTE,6,0,6
1994,BREEANNA,6,0,6
1994,BREANNE,46,0,46
1994,BETHANY,69,0,69
1994,BETTY,10,0,10
1994,BEVERLEY,10,0,10
1994,BEVERLY,8,0,8
1994,BIANCA,120,0,120
1994,BIBI,7,0,7
1994,BILLIE,13,0,13
1994,BREE,7,0,7
1994,BLAIR,52,41,11
1994,BOBBI,9,0,9
1994,BOBBIE,6,0,6
1994,BONNIE,12,0,12
1994,BRANDI,33,0,33
1994,BRANDY,26,0,26
1994,BREANN,6,0,6
1994,BREANNA,80,0,80
1994,BLAIRE,11,0,11
1994,CHRISTIN,8,0,8
1994,ELLIOTT,32,32,0
1994,ELIYAHU,5,5,0
1994,BARRY,17,17,0
1994,BEAU,13,13,0
1994,BEN,17,17,0
1994,BENEDICT,5,5,0
1994,BENJAMIN,506,506,0
1994,BENNETT,10,10,0
1994,BENNY,10,10,0
1994,BENOIT,20,20,0
1994,BENSON,8,8,0
1994,BERNARD,10,10,0
1994,BILAL,22,22,0
1994,BILL,8,8,0
1994,BILLY,22,22,0
1994,BLAINE,13,13,0
1994,BLAISE,5,5,0
1994,BALTEJ,6,6,0
1994,AYUB,12,12,0
1994,AYRTON,6,6,0
1994,AVRAHAM,5,5,0
1994,ARMAN,8,8,0
1994,ARMAND,5,5,0
1994,ARMIN,6,6,0
1994,ARNOLD,7,7,0
1994,ARON,9,9,0
1994,ARRON,10,10,0
1994,ARTHUR,38,38,0
1994,BLAKE,112,112,0
1994,ARUN,11,11,0
1994,ASAD,5,5,0
1994,ASHER,6,6,0
1994,ASIF,6,6,0
1994,AUSTIN,423,423,0
1994,AUSTYN,7,7,0
1994,AVI,5,5,0
1994,AVINASH,5,5,0
1994,ARVIND,6,6,0
1994,BLAYNE,6,6,0
1994,BLAZE,7,7,0
1994,BOBBY,14,14,0
1994,BRENNAN,43,43,0
1994,BRENNEN,6,6,0
1994,BRENT,93,93,0
1994,BRENTON,8,8,0
1994,BRET,5,5,0
1994,BRIAN,264,264,0
1994,BROCK,57,57,0
1994,BRENDON,29,29,0
1994,BRODERICK,5,5,0
1994,BRODY,66,66,0
1994,BRONSON,14,14,0
1994,BROOK,5,5,0
1994,BRUCE,28,28,0
1994,BRUNO,13,13,0
1994,BRYAN,154,154,0
1994,BRYCE,51,51,0
1994,BRODIE,37,37,0
1994,ARJUN,21,21,0
1994,BRENDEN,37,37,0
1994,BRAYDON,27,27,0
1994,BRAD,6,6,0
1994,BRADEN,65,65,0
1994,BRADLEY,393,393,0
1994,BRADLY,11,11,0
1994,BRADY,114,114,0
1994,BRAEDAN,9,9,0
1994,BRAEDEN,42,42,0
1994,BRENDAN,216,216,0
1994,BRAEDON,20,20,0
1994,BRANDAN,22,22,0
1994,BRANDEN,47,47,0
1994,BRANDIN,6,6,0
1994,BRANDON,1404,1404,0
1994,BRANDYN,13,13,0
1994,BRANSON,5,5,0
1994,BRAYDEN,52,52,0
1994,BRAIDEN,9,9,0
1994,ARIAN,5,5,0
1994,ARI,8,8,0
1994,ARASH,6,6,0
1994,AJAY,13,13,0
1994,AKASH,6,6,0
1994,AKIL,5,5,0
1994,AKRAM,5,5,0
1994,AKSHAY,6,6,0
1994,ALAIN,9,9,0
1994,ALAN,56,56,0
1994,AIDEN,19,19,0
1994,ALASTAIR,5,5,0
1994,ALBERTO,7,7,0
1994,ALDEN,5,5,0
1994,ALDO,5,5,0
1994,ALEC,33,33,0
1994,ALEJANDRO,11,11,0
1994,ALEKSANDAR,17,17,0
1994,ALEKSANDER,9,9,0
1994,ALBERT,47,47,0
1994,ALESSANDRO,34,34,0
1994,AHMED,59,59,0
1994,ADRIEN,12,12,0
1994,ABDIRAHMAN,16,16,0
1994,ABDUL,10,10,0
1994,ABDULLAH,19,19,0
1994,ABDULLAHI,18,18,0
1994,ABDULRAHMAN,8,8,0
1994,ABEL,11,11,0
1994,ABRAHAM,13,13,0
1994,AHMAD,39,39,0
1994,ABRAM,12,12,0
1994,ADDISON,12,12,0
1994,ADEN,5,5,0
1994,ADIL,10,10,0
1994,ADNAN,10,10,0
1994,ADRIAN,173,173,0
1994,ADRIANO,14,14,0
1994,ADRIEL,5,5,0
1994,ADAM,784,784,0
1994,BRYN,7,7,0
1994,ALEXANDER,1175,1175,0
1994,ALEXEI,5,5,0
1994,ANDREW,1189,1189,0
1994,ANDY,60,60,0
1994,ANGELO,27,27,0
1994,ANGUS,21,21,0
1994,ANIL,7,7,0
1994,ANOJAN,6,6,0
1994,ANSON,6,6,0
1994,ANDRES,13,13,0
1994,ANTE,5,5,0
1994,ANTON,13,13,0
1994,ANTONINO,5,5,0
1994,ANTONIO,54,54,0
1994,ANTONY,11,11,0
1994,ANUJ,6,6,0
1994,ANUJAN,5,5,0
1994,ANWAR,9,9,0
1994,ANTHONY,498,498,0
1994,ALEXANDRE,132,132,0
1994,ANDREAS,16,16,0
1994,ANASTASIOS,6,6,0
1994,ALFRED,10,10,0
1994,ALFREDO,5,5,0
1994,ALISTAIR,7,7,0
1994,ALLAN,60,60,0
1994,ALLEN,20,20,0
1994,ALTON,5,5,0
1994,ALVIN,19,19,0
1994,ANDRE,104,104,0
1994,AMAN,11,11,0
1994,AMEER,6,6,0
1994,AMIN,6,6,0
1994,AMIR,14,14,0
1994,AMIT,11,11,0
1994,AMOS,6,6,0
1994,ANAND,6,6,0
1994,ANAS,5,5,0
1994,AMAR,6,6,0
1994,BRYSON,28,28,0
1994,BRYTON,8,8,0
1994,BYRON,17,17,0
1994,DENVER,11,11,0
1994,DENZEL,10,10,0
1994,DEREK,262,262,0
1994,DERICK,16,16,0
1994,DERREK,6,6,0
1994,DERRICK,26,26,0
1994,DESHAUN,5,5,0
1994,DENNIS,53,53,0
1994,DESHAWN,7,7,0
1994,DEVANTE,9,9,0
1994,DEVEN,15,15,0
1994,DEVLIN,8,8,0
1994,DEVONTE,11,11,0
1994,DEVYN,12,12,0
1994,DEXTER,8,8,0
1994,DICKSON,5,5,0
1994,DESMOND,20,20,0
1994,DIEGO,13,13,0
1994,DENIS,21,21,0
1994,DECLAN,13,13,0
1994,DARIN,5,5,0
1994,DARIO,7,7,0
1994,DARIUS,11,11,0
1994,DARNELL,23,23,0
1994,DARREN,102,102,0
1994,DARRIN,13,13,0
1994,DARRYL,21,21,0
1994,DEEPAK,8,8,0
1994,DARWIN,7,7,0
1994,DARYN,5,5,0
1994,DAULTON,7,7,0
1994,DAVE,10,10,0
1994,DAVID,974,974,0
1994,DAVIS,26,26,0
1994,DAWSON,18,18,0
1994,DEAN,55,55,0
1994,DARYL,19,19,0
1994,DAREN,5,5,0
1994,DILLAN,14,14,0
1994,DIMITRI,13,13,0
1994,DWAYNE,20,20,0
1994,DWIGHT,7,7,0
1994,DYLLAN,7,7,0
1994,DYLON,11,11,0
1994,EAMON,5,5,0
1994,EARL,5,5,0
1994,EDDY,7,7,0
1994,DUSTYN,6,6,0
1994,EDMOND,7,7,0
1994,EDUARDO,6,6,0
1994,EDWARD,98,98,0
1994,EDWIN,20,20,0
1994,ELI,24,24,0
1994,ELIAS,23,23,0
1994,ELIE,6,6,0
1994,ELIJAH,53,53,0
1994,EDMUND,6,6,0
1994,DILLON,101,101,0
1994,DUSTIN,180,180,0
1994,DUANE,5,5,0
1994,DIMITRIOS,8,8,0
1994,DINESH,5,5,0
1994,DION,8,8,0
1994,DOMENIC,21,21,0
1994,DOMENICO,11,11,0
1994,DOMINIC,65,65,0
1994,DOMINICK,11,11,0
1994,DUNCAN,46,46,0
1994,DOMINIK,12,12,0
1994,DONALD,61,61,0
1994,DONAVON,5,5,0
1994,DONOVAN,28,28,0
1994,DORIAN,11,11,0
1994,DOUGLAS,81,81,0
1994,DRAKE,39,39,0
1994,DREW,65,65,0
1994,DON,6,6,0
1994,ELLIOT,29,29,0
1994,D'ARCY,7,7,0
1994,DANTE,18,18,0
1994,CHASE,54,54,0
1994,CHI,5,5,0
1994,CHRIS,22,22,0
1994,CHRISTIAN,278,278,0
1994,CHRISTOPHER,1229,1229,0
1994,CHRISTOS,5,5,0
1994,CHUN,5,5,0
1994,CHARLIE,6,6,0
1994,CIARAN,5,5,0
1994,CLARK,11,11,0
1994,CLAUDE,5,5,0
1994,CLAUDIO,11,11,0
1994,CLAY,7,7,0
1994,CLAYTON,66,66,0
1994,CLEMENT,5,5,0
1994,CLIFFORD,8,8,0
1994,CLARENCE,7,7,0
1994,CLINT,8,8,0
1994,CHARLES,116,116,0
1994,CHANDLER,6,6,0
1994,CAIN,6,6,0
1994,CALE,10,10,0
1994,CALEB,109,109,0
1994,CALLUM,27,27,0
1994,CALUM,11,11,0
1994,CALVIN,115,115,0
1994,CAMERON,417,417,0
1994,CHARBEL,5,5,0
1994,CARL,33,33,0
1994,CARLOS,32,32,0
1994,CARMINE,7,7,0
1994,CARSON,36,36,0
1994,CARTER,54,54,0
1994,CEDRIC,10,10,0
1994,CHAD,109,109,0
1994,CHADWICK,6,6,0
1994,CARLO,15,15,0
1994,DANY,5,5,0
1994,CLINTON,24,24,0
1994,CODIE,12,12,0
1994,CUYLER,5,5,0
1994,CYRUS,7,7,0
1994,DAKODA,9,9,0
1994,DALE,40,40,0
1994,DALTON,124,124,0
1994,DAMIAN,50,50,0
1994,DAMIEN,38,38,0
1994,CURTIS,199,199,0
1994,DAMION,6,6,0
1994,DAN,8,8,0
1994,D'ANDRE,5,5,0
1994,DANE,12,12,0
1994,DANIAL,8,8,0
1994,DANIEL,1352,1352,0
1994,DANIELE,10,10,0
1994,DANNY,44,44,0
1994,DAMON,30,30,0
1994,CODEY,8,8,0
1994,CULLEN,11,11,0
1994,CRAIG,109,109,0
1994,CODY,576,576,0
1994,COLBY,17,17,0
1994,COLE,286,286,0
1994,COLEMAN,5,5,0
1994,COLIN,288,288,0
1994,COLLIN,36,36,0
1994,COLT,7,7,0
1994,CRISTIAN,13,13,0
1994,COLTON,66,66,0
1994,CONOR,58,58,0
1994,CONRAD,26,26,0
1994,CONSTANTINE,6,6,0
1994,COOPER,26,26,0
1994,CORBIN,9,9,0
1994,CORDELL,7,7,0
1994,COTY,6,6,0
1994,CONNER,39,39,0
1994,LIANA,11,0,11
1994,NOREEN,6,0,6
1994,JACQUELINE,210,0,210
1994,GENEVIEVE,49,0,49
1994,GENEVIÈVE,6,0,6
1994,GEORGIA,19,0,19
1994,GEORGINA,7,0,7
1994,GILLIAN,56,0,56
1994,GINA,23,0,23
1994,GIOVANNA,6,0,6
1994,GISELLE,11,0,11
1994,GIULIA,10,0,10
1994,GIULIANA,13,0,13
1994,GLORIA,20,0,20
1994,GENEVA,8,0,8
1994,GRACE,112,0,112
1994,GURPREET,22,10,12
1994,HAFSA,7,0,7
1994,HAILEY,164,0,164
1994,HAILY,6,0,6
1994,HALEIGH,6,0,6
1994,HALEY,158,0,158
1994,HALLE,8,0,8
1994,HAMDA,6,0,6
1994,HAMDI,7,0,7
1994,HANA,15,0,15
1994,HANAN,7,0,7
1994,GURLEEN,7,0,7
1994,HANNA,42,0,42
1994,GEMMA,9,0,9
1994,GABRIELLE,142,0,142
1994,ERIKA,127,0,127
1994,ERIN,323,0,323
1994,ERINN,7,0,7
1994,ERYN,14,0,14
1994,ESTHER,51,0,51
1994,EUNICE,9,0,9
1994,EVA,34,0,34
1994,EVE,7,0,7
1994,EVELYN,37,0,37
1994,FAITH,42,0,42
1994,FALLON,8,0,8
1994,GAGANDEEP,24,13,11
1994,FANNY,6,0,6
1994,FARRAH,8,0,8
1994,FATEMA,7,0,7
1994,FATIMA,37,0,37
1994,FELICIA,77,0,77
1994,FELICITY,10,0,10
1994,FIONA,46,0,46
1994,FRANCES,24,0,24
1994,FRANCESCA,27,0,27
1994,FRANCINE,6,0,6
1994,GABRIELA,33,0,33
1994,GABRIELLA,39,0,39
1994,FARAH,14,0,14
1994,ERICKA,6,0,6
1994,HANNAH,258,0,258
1994,HARLEEN,10,0,10
1994,IRIS,10,0,10
1994,ISABEL,16,0,16
1994,ISABELLA,58,0,58
1994,ISABELLE,57,0,57
1994,IVANA,13,0,13
1994,IVY,12,0,12
1994,JACKIE,21,7,14
1994,JACKLYN,20,0,20
1994,JACLYN,74,0,74
1994,JACQUELYN,15,0,15
1994,JADE,147,15,132
1994,IRENE,26,0,26
1994,JADEN,31,21,10
1994,JAIMEE,9,0,9
1994,JAIMIE,15,0,15
1994,JAMI,13,0,13
1994,JAMIE,257,123,134
1994,JAMIE-LEE,7,0,7
1994,JANA,7,0,7
1994,JANE,24,0,24
1994,JANELLE,51,0,51
1994,JANESSA,9,0,9
1994,JANET,26,0,26
1994,JANICE,43,0,43
1994,JAIME,48,8,40
1994,HARJOT,19,7,12
1994,IQRA,6,0,6
1994,IMAN,15,0,15
1994,HARLEY,56,35,21
1994,HARMONY,7,0,7
1994,HARNEET,6,0,6
1994,HARPREET,23,11,12
1994,HAYLEE,12,0,12
1994,HAYLEY,150,0,150
1994,HEATHER,268,0,268
1994,HEAVEN,6,0,6
1994,HEIDI,34,0,34
1994,HELEN,48,0,48
1994,HELENA,26,0,26
1994,INGRID,8,0,8
1994,HILARY,51,0,51
1994,HODAN,7,0,7
1994,HOLLI,6,0,6
1994,HOLLIE,13,0,13
1994,HOLLY,195,0,195
1994,HOPE,34,0,34
1994,HUNTER,78,60,18
1994,IDA,7,0,7
1994,IDIL,12,0,12
1994,IKRAM,6,0,6
1994,ILANA,6,0,6
1994,ILHAN,6,0,6
1994,HILLARY,62,0,62
1994,ERICA,216,0,216
1994,EMMA,431,0,431
1994,EMILY,1121,0,1121
1994,CRYSTAL,123,0,123
1994,CYDNEY,7,0,7
1994,CYNTHIA,85,0,85
1994,CÉLINE,6,0,6
1994,DAISY,11,0,11
1994,DAKOTA,147,115,32
1994,DALLAS,68,47,21
1994,DANA,99,8,91
1994,DANIA,8,0,8
1994,DANICA,27,0,27
1994,DANIELA,59,0,59
1994,CRISTINA,42,0,42
1994,DANIELLA,66,0,66
1994,DANIKA,40,0,40
1994,DAPHNE,18,0,18
1994,DARA,6,0,6
1994,DARBY,11,0,11
1994,DARCY,27,21,6
1994,DARIA,6,0,6
1994,DARIAN,36,20,16
1994,DARIEN,27,17,10
1994,DARLENE,7,0,7
1994,DAWN,21,0,21
1994,DAYNA,40,0,40
1994,DANIELLE,563,0,563
1994,DEANNA,94,0,94
1994,COURTNEY,376,7,369
1994,CORTNEY,10,0,10
1994,CHRISTINA,323,0,323
1994,CHRISTINE,221,0,221
1994,CHRISTY,24,0,24
1994,CHRYSTAL,6,0,6
1994,CIARA,17,0,17
1994,CIERA,6,0,6
1994,CIERRA,15,0,15
1994,CINDY,55,0,55
1994,CLAIRE,93,0,93
1994,CLARA,29,0,29
1994,CLARE,22,0,22
1994,CORY,153,147,6
1994,CLARISSA,27,0,27
1994,COLLEEN,83,0,83
1994,COLLETTE,6,0,6
1994,CONNIE,16,0,16
1994,CONNOR,512,506,6
1994,CONSTANCE,7,0,7
1994,CORA,9,0,9
1994,CORAL,14,0,14
1994,COREY,158,152,6
1994,CORI,7,0,7
1994,CORINA,11,0,11
1994,CORINNE,14,0,14
1994,CLAUDIA,68,0,68
1994,DEBBIE,8,0,8
1994,DEBORAH,21,0,21
1994,DEENA,6,0,6
1994,ELAINE,31,0,31
1994,ELEANOR,16,0,16
1994,ELENA,32,0,32
1994,ELENI,14,0,14
1994,ELIANA,6,0,6
1994,ELICIA,7,0,7
1994,ELIF,6,0,6
1994,ELISA,19,0,19
1994,ELISABETH,22,0,22
1994,ELISE,37,0,37
1994,ELISHA,18,0,18
1994,EILEEN,10,0,10
1994,ELISSA,12,0,12
1994,ELIZABETH,325,0,325
1994,ELLA,20,0,20
1994,ELLEN,52,0,52
1994,ELLIE,11,0,11
1994,ELORA,7,0,7
1994,ELYSE,31,0,31
1994,EMERALD,6,0,6
1994,EMILEE,15,0,15
1994,EMILIA,23,0,23
1994,EMILIE,99,0,99
1994,EMILIJA,6,0,6
1994,ELIZA,12,0,12
1994,EDNA,7,0,7
1994,EDITH,6,0,6
1994,EDEN,25,0,25
1994,DELANEY,18,0,18
1994,DEMI,11,0,11
1994,DENISE,35,0,35
1994,DENISHA,6,0,6
1994,DESIRAE,10,0,10
1994,DESIREE,41,0,41
1994,DESTINY,49,0,49
1994,DEVAN,33,27,6
1994,DEVIN,190,171,19
1994,DEVON,240,214,26
1994,DIANA,85,0,85
1994,DIANDRA,8,0,8
1994,DIANE,25,0,25
1994,DIANNA,12,0,12
1994,DINA,6,0,6
1994,DIVYA,12,0,12
1994,DOMINIKA,6,0,6
1994,DOMINIQUE,61,8,53
1994,DONNA,17,0,17
1994,DOREEN,6,0,6
1994,DORIS,8,0,8
1994,DOROTHY,14,0,14
1994,DYLAN,776,769,7
1994,EBONY,11,0,11
1994,EBYAN,6,0,6
1994,JANINE,30,0,30
1994,JANNA,10,0,10
1994,JAMIE-LYNN,10,0,10
1994,JASMIN,27,0,27
1994,KENDALL,32,5,27
1994,KENDRA,120,0,120
1994,KENISHA,8,0,8
1994,KENNEDY,17,0,17
1994,KENYA,7,0,7
1994,KENZIE,10,0,10
1994,KERI,7,0,7
1994,KERRI,10,0,10
1994,KERRIE,7,0,7
1994,KERRY,13,0,13
1994,KHADIJA,11,0,11
1994,KENDAL,10,0,10
1994,KHADIJAH,38,0,38
1994,KIANNA,7,0,7
1994,KIARA,16,0,16
1994,KIERA,20,0,20
1994,KIERSTEN,12,0,12
1994,KIM,19,0,19
1994,KIMBERLEE,6,0,6
1994,KIMBERLEY,39,0,39
1994,KIMBERLY,174,0,174
1994,KIRA,49,0,49
1994,KIRAN,15,0,15
1994,KIRANDEEP,7,0,7
1994,KIANA,21,0,21
1994,KELSY,9,0,9
1994,KELSIE,28,0,28
1994,KELSI,8,0,8
1994,KATIE-LYNN,8,0,8
1994,KATLIN,8,0,8
1994,KATLYN,26,0,26
1994,KATLYNN,7,0,7
1994,KATRINA,184,0,184
1994,JASLEEN,14,0,14
1994,KATYA,9,0,9
1994,KAYA,8,0,8
1994,KAYLA,573,0,573
1994,KAYLEE,38,0,38
1994,KAYLEIGH,37,0,37
1994,KAYLEY,14,0,14
1994,KAYLIE,13,0,13
1994,KAYLIN,11,0,11
1994,KAYLYN,10,0,10
1994,KEARA,9,0,9
1994,KEELY,8,0,8
1994,KEERTHANA,6,0,6
1994,KEIRA,20,0,20
1994,KEISHA,13,0,13
1994,KELLI,10,0,10
1994,KELLIE,15,0,15
1994,KELLY,189,12,177
1994,KELSEA,14,0,14
1994,KELSEY,376,9,367
1994,KIRSTEN,92,0,92
1994,KATIE,130,0,130
1994,KIRSTIE,6,0,6
1994,KIRSTYN,6,0,6
1994,LARISSA,75,0,75
1994,LARYSSA,6,0,6
1994,LATISHA,10,0,10
1994,LAURA,505,0,505
1994,LAUREL,15,0,15
1994,LAUREN,478,0,478
1994,LAURIE,13,0,13
1994,LAYLA,17,0,17
1994,LE,6,0,6
1994,LEA,12,0,12
1994,LEAH,180,0,180
1994,LARA,21,0,21
1994,LEANDRA,9,0,9
1994,LEANNE,54,0,54
1994,LEE,40,31,9
1994,LEENA,8,0,8
1994,LEIGH,15,0,15
1994,LEIGHA,9,0,9
1994,LEILA,11,0,11
1994,LENA,15,0,15
1994,LEONA,6,0,6
1994,LESLEY,7,0,7
1994,LESLIE,41,13,28
1994,LEXIE,7,0,7
1994,LEANNA,22,0,22
1994,LANA,6,0,6
1994,LAILA,12,0,12
1994,LADAN,7,0,7
1994,KORI,12,0,12
1994,KORTNEY,7,0,7
1994,KOURTNEY,21,0,21
1994,KRISTA,98,0,98
1994,KRISTAL,9,0,9
1994,KRISTEN,285,0,285
1994,KRISTI,15,0,15
1994,KRISTIAN,35,27,8
1994,KRISTIE,15,0,15
1994,KRISTIN,74,0,74
1994,KRISTINA,120,0,120
1994,KRISTINE,33,0,33
1994,KRISTY,30,0,30
1994,KRISTYN,16,0,16
1994,KRYSTA,10,0,10
1994,KRYSTAL,48,0,48
1994,KRYSTEN,12,0,12
1994,KRYSTINA,14,0,14
1994,KRYSTLE,6,0,6
1994,KRYSTYNA,8,0,8
1994,KYLA,60,0,60
1994,KYLEE,7,0,7
1994,KYLIE,54,0,54
1994,KYRA,42,0,42
1994,LACEY,24,0,24
1994,KIRSTIN,10,0,10
1994,KATIA,9,0,9
1994,KATY,7,0,7
1994,KATHRYN,121,0,121
1994,JOANNE,42,0,42
1994,JOCELYN,105,0,105
1994,JOCELYNE,9,0,9
1994,JODI,22,0,22
1994,JODIE,21,0,21
1994,JODY,20,11,9
1994,JOELLE,25,0,25
1994,JOEY,58,50,8
1994,JOHANNA,18,0,18
1994,JOLENE,16,0,16
1994,JOLINE,6,0,6
1994,JOANNA,82,0,82
1994,JORDAN,1089,969,120
1994,JORDANNE,7,0,7
1994,JORDYN,65,5,60
1994,JOSEE,28,0,28
1994,JOSEPHINE,28,0,28
1994,KATHY,24,0,24
1994,JOSÉE,11,0,11
1994,JOY,15,0,15
1994,JOYCE,16,0,16
1994,JUDITH,10,0,10
1994,JUDY,12,0,12
1994,JULIA,345,0,345
1994,JORDANA,20,0,20
1994,JULIANA,33,0,33
1994,JOAN,7,0,7
1994,JILL,18,0,18
1994,JASMINE,209,0,209
1994,JASPREET,18,6,12
1994,JAYDE,11,0,11
1994,JAYME,17,0,17
1994,JAYMEE,6,0,6
1994,JAYMIE,7,0,7
1994,JAZMIN,9,0,9
1994,JAZMINE,17,0,17
1994,JEAN,39,33,6
1994,JEANETTE,13,0,13
1994,JELENA,10,0,10
1994,JILLIAN,97,0,97
1994,JENA,13,0,13
1994,JENNA,297,0,297
1994,JENNA-LEE,6,0,6
1994,JENNICA,6,0,6
1994,JENNIE,10,0,10
1994,JENNIFER,664,0,664
1994,JENNY,69,0,69
1994,JESSE,677,657,20
1994,JESSICA,1710,0,1710
1994,JESSICA-LYNN,7,0,7
1994,JESSIE,153,63,90
1994,JESSIKA,18,0,18
1994,JENELLE,11,0,11
1994,JULIANNA,28,0,28
1994,JOSIE,18,0,18
1994,JULIE,151,0,151
1994,KARLEE,39,0,39
1994,KARLEIGH,14,0,14
1994,KARLEY,32,0,32
1994,KARLI,16,0,16
1994,KARLIE,22,0,22
1994,KARLY,42,0,42
1994,JULIANNE,25,0,25
1994,KASANDRA,15,0,15
1994,KASEY,22,6,16
1994,KASIA,6,0,6
1994,KASSANDRA,97,0,97
1994,KARLA,13,0,13
1994,KASSIDY,19,0,19
1994,KATARZYNA,8,0,8
1994,KATE,64,0,64
1994,KATE-LYNN,8,0,8
1994,KATELIN,16,0,16
1994,KATELYN,217,0,217
1994,KATELYNN,37,0,37
1994,KATERINA,28,0,28
1994,KATHARINA,7,0,7
1994,KATHARINE,25,0,25
1994,KATHERINE,288,0,288
1994,KATHLEEN,175,0,175
1994,KATARINA,49,0,49
1994,KARISSA,34,0,34
1994,KAROLINA,17,0,17
1994,KARINE,18,0,18
1994,JULIET,7,0,7
1994,JUNE,7,0,7
1994,JUSTICE,31,19,12
1994,JUSTINA,21,0,21
1994,JUSTINE,99,0,99
1994,KARISHMA,6,0,6
1994,KAELA,6,0,6
1994,KAILA,18,0,18
1994,KAILEE,11,0,11
1994,KAILEIGH,6,0,6
1994,KAILEY,34,0,34
1994,KAITLIN,157,0,157
1994,KA,14,8,6
1994,KAITLYNN,29,0,29
1994,KAITLYN,360,0,360
1994,KARINA,35,0,35
1994,KARI,9,0,9
1994,KAREN,94,0,94
1994,KANDICE,7,0,7
1994,KANDACE,6,0,6
1994,KARA,54,0,54
1994,KALI,10,0,10
1994,KALEIGH,20,0,20
1994,KALA,7,0,7
1994,KAMILA,7,0,7
1995,JOHANNES,5,5,0
1995,JIM,7,7,0
1995,JOHN,558,558,0
1995,JOHAN,15,15,0
1995,JOEL,195,195,0
1995,JOE,15,15,0
1995,JIMMY,27,27,0
1995,JEVON,6,6,0
1995,JÉRÉMIE,5,5,0
1995,JERRY,9,9,0
1995,JEROME,21,21,0
1995,JERMAINE,11,11,0
1995,JEREMY,301,301,0
1995,JEREMIE,19,19,0
1995,JOHNATHAN,104,104,0
1995,JEREMIAH,23,23,0
1995,JETHRO,5,5,0
1995,JOHNATHON,34,34,0
1995,EUGENE,8,8,0
1995,JOHN-PAUL,5,5,0
1995,JELANI,5,5,0
1995,JOSIAH,35,35,0
1995,JOSHUA,1267,1267,0
1995,JOSH,11,11,0
1995,JOSEPH,767,767,0
1995,JOSEF,9,9,0
1995,JOSE,23,23,0
1995,JOHNNY,27,27,0
1995,JORGE,7,7,0
1995,JORDEN,7,7,0
1995,JONATHON,68,68,0
1995,JONATHAN,592,592,0
1995,JONAS,12,12,0
1995,JONAH,64,64,0
1995,JON,14,14,0
1995,JOHNSON,13,13,0
1995,JORDON,58,58,0
1995,EVAN,353,353,0
1995,JEFFREY,245,245,0
1995,JEFF,8,8,0
1995,CHAZ,5,5,0
1995,CHASE,71,71,0
1995,CHARLES,138,138,0
1995,CHANCE,25,25,0
1995,CHAIM,5,5,0
1995,CHADWICK,6,6,0
1995,CHAD,109,109,0
1995,CESAR,5,5,0
1995,CEDRIC,19,19,0
1995,CAYDEN,5,5,0
1995,CARY,5,5,0
1995,CARTER,66,66,0
1995,CHRIS,16,16,0
1995,CARSON,38,38,0
1995,EVERETT,7,7,0
1995,CARLO,12,12,0
1995,CARL,32,32,0
1995,CAMPBELL,5,5,0
1995,CAMERON,389,389,0
1995,CAMDEN,5,5,0
1995,CALVIN,100,100,0
1995,CALUM,15,15,0
1995,CALLUM,42,42,0
1995,CALEB,120,120,0
1995,CAELAN,7,7,0
1995,BYRON,16,16,0
1995,CARLTON,6,6,0
1995,CHRISTIAN,327,327,0
1995,CHRISTIEN,7,7,0
1995,CHRISTOPHER,1052,1052,0
1995,CONRAD,13,13,0
1995,CONOR,64,64,0
1995,CONNER,47,47,0
1995,COLTON,77,77,0
1995,COLTEN,10,10,0
1995,COLT,7,7,0
1995,COLLIN,38,38,0
1995,COLIN,267,267,0
1995,COLETON,5,5,0
1995,COLE,233,233,0
1995,COLBY,9,9,0
1995,CODY,536,536,0
1995,CODIE,10,10,0
1995,CODI,7,7,0
1995,CODEY,6,6,0
1995,CLYDE,5,5,0
1995,CLINTON,21,21,0
1995,CLINT,6,6,0
1995,CLIFFORD,13,13,0
1995,CLEMENT,11,11,0
1995,CLAYTON,80,80,0
1995,CLAY,10,10,0
1995,CLAUDIO,10,10,0
1995,CLAUDE,9,9,0
1995,CLARK,11,11,0
1995,CIARAN,6,6,0
1995,CHUN,12,12,0
1995,BRYTON,10,10,0
1995,CONSTANTINE,5,5,0
1995,BRYSON,22,22,0
1995,BRYDEN,6,6,0
1995,BRADY,111,111,0
1995,BRADLY,10,10,0
1995,BRADLEY,337,337,0
1995,BRADEN,64,64,0
1995,BRAD,8,8,0
1995,BORIS,7,7,0
1995,BOBBY,15,15,0
1995,BLAZE,6,6,0
1995,BLAYNE,6,6,0
1995,BLANE,6,6,0
1995,BLAKE,135,135,0
1995,BLAISE,6,6,0
1995,BRAEDEN,37,37,0
1995,BLAINE,7,7,0
1995,BILL,5,5,0
1995,BILAL,21,21,0
1995,BERNARD,10,10,0
1995,BENSON,10,10,0
1995,BENOIT,9,9,0
1995,BENNY,7,7,0
1995,BENNETT,8,8,0
1995,BENJAMIN,578,578,0
1995,BENEDICT,7,7,0
1995,BEN,17,17,0
1995,BEAU,9,9,0
1995,BAYLEY,5,5,0
1995,BILLY,20,20,0
1995,BRAEDON,18,18,0
1995,BRAIDEN,11,11,0
1995,BRANDAN,16,16,0
1995,BRYCE,76,76,0
1995,BRYANT,5,5,0
1995,BRYAN,125,125,0
1995,BRUNO,13,13,0
1995,BRUCE,25,25,0
1995,BRONSON,13,13,0
1995,BRODY,89,89,0
1995,BRODIE,46,46,0
1995,BRODERICK,10,10,0
1995,BROCK,68,68,0
1995,BRICE,5,5,0
1995,BRIAN,298,298,0
1995,BRET,7,7,0
1995,BRENTON,9,9,0
1995,BRENT,98,98,0
1995,BRENNEN,9,9,0
1995,BRENNAN,47,47,0
1995,BRENDON,32,32,0
1995,BRENDEN,43,43,0
1995,BRENDAN,189,189,0
1995,BRAYDON,33,33,0
1995,BRAYDEN,68,68,0
1995,BRAXTON,7,7,0
1995,BRANT,6,6,0
1995,BRANDYN,16,16,0
1995,BRANDON,1114,1114,0
1995,BRANDEN,42,42,0
1995,BRYDON,5,5,0
1995,BASIL,5,5,0
1995,COOPER,21,21,0
1995,CORDELL,13,13,0
1995,DYLON,10,10,0
1995,DYLAN,688,688,0
1995,DWIGHT,10,10,0
1995,DWAYNE,14,14,0
1995,DUSTIN,166,166,0
1995,DUNCAN,47,47,0
1995,DRAVEN,6,6,0
1995,DRAKE,48,48,0
1995,DOUGLAS,59,59,0
1995,DORIAN,18,18,0
1995,DONOVAN,21,21,0
1995,DONDRE,7,7,0
1995,EDDIE,7,7,0
1995,DONALD,48,48,0
1995,DOMINIK,10,10,0
1995,DOMINICK,6,6,0
1995,DOMINIC,66,66,0
1995,DOMENICO,19,19,0
1995,DOMENIC,20,20,0
1995,DION,11,11,0
1995,DIMITRIOS,5,5,0
1995,DIMITRI,18,18,0
1995,DILLON,82,82,0
1995,DILLAN,8,8,0
1995,DILAN,5,5,0
1995,DIEGO,10,10,0
1995,DON,7,7,0
1995,EDGAR,7,7,0
1995,EDMOND,10,10,0
1995,EDMUND,10,10,0
1995,ETIENNE,9,9,0
1995,ETHAN,160,160,0
1995,ERWIN,7,7,0
1995,ERNEST,14,14,0
1995,ERIK,112,112,0
1995,ERICK,19,19,0
1995,ERICH,9,9,0
1995,ERIC,685,685,0
1995,ENOCH,7,7,0
1995,EMMETT,22,22,0
1995,EMMANUEL,26,26,0
1995,EMILIO,13,13,0
1995,EMILE,6,6,0
1995,EMERY,5,5,0
1995,EMERSON,17,17,0
1995,EMANUEL,10,10,0
1995,ELVIS,7,7,0
1995,ELVIN,8,8,0
1995,ELLIOTT,24,24,0
1995,ELLIOT,25,25,0
1995,ELIJAH,73,73,0
1995,ELIE,7,7,0
1995,ELIAS,19,19,0
1995,ELI,9,9,0
1995,EDWIN,19,19,0
1995,EDWARD,115,115,0
1995,EDUARDO,9,9,0
1995,DEXTER,16,16,0
1995,CORBIN,12,12,0
1995,DEVONTE,8,8,0
1995,DEVANTE,12,12,0
1995,DANY,8,8,0
1995,DANTE,29,29,0
1995,DANNY,64,64,0
1995,DANIELE,14,14,0
1995,DANIEL,1273,1273,0
1995,DANIAL,8,8,0
1995,DANE,22,22,0
1995,DAN,9,9,0
1995,DAMON,36,36,0
1995,DAMION,7,7,0
1995,DAMIEN,37,37,0
1995,DAMIAN,63,63,0
1995,DARIN,12,12,0
1995,DAMEN,5,5,0
1995,DALE,21,21,0
1995,DAKOTAH,5,5,0
1995,DAKODA,6,6,0
1995,CYRUS,13,13,0
1995,CURTIS,179,179,0
1995,CULLEN,15,15,0
1995,CRISTIAN,14,14,0
1995,CRAIG,76,76,0
1995,COSIMO,5,5,0
1995,CORY,111,111,0
1995,CORRADO,5,5,0
1995,CORNELIUS,16,16,0
1995,DALTON,119,119,0
1995,DARIO,5,5,0
1995,DARIUS,6,6,0
1995,DARNELL,10,10,0
1995,DESMOND,17,17,0
1995,DESHAWN,11,11,0
1995,DESHAUN,5,5,0
1995,DERRICK,20,20,0
1995,DEREK,193,193,0
1995,DEON,6,6,0
1995,DENZEL,11,11,0
1995,DENVER,11,11,0
1995,DENNIS,59,59,0
1995,DENIS,16,16,0
1995,DEION,11,11,0
1995,DECLAN,13,13,0
1995,DEANDRE,7,7,0
1995,DEAN,52,52,0
1995,DEACON,5,5,0
1995,DAYNE,7,7,0
1995,DAWSON,20,20,0
1995,DAVIS,36,36,0
1995,DAVIN,9,9,0
1995,DAVID,797,797,0
1995,DAVE,8,8,0
1995,DARYL,11,11,0
1995,DARWIN,12,12,0
1995,DARRYL,15,15,0
1995,DARRIN,7,7,0
1995,DARREN,99,99,0
1995,DARRELL,7,7,0
1995,DEVEN,16,16,0
1995,JEFFERY,36,36,0
1995,BARRY,8,8,0
1995,AYRTON,5,5,0
1995,GRIFFIN,21,21,0
1995,GUILLAUME,8,8,0
1995,GULED,8,8,0
1995,GURJOT,7,7,0
1995,GURVIR,7,7,0
1995,GUY,5,5,0
1995,HAI,5,5,0
1995,HAKEEM,8,8,0
1995,HAMZA,26,26,0
1995,HAMZAH,7,7,0
1995,HANAD,6,6,0
1995,HARIS,7,7,0
1995,GREGORY,214,214,0
1995,HARJIT,5,5,0
1995,HAROLD,6,6,0
1995,HARRIS,11,11,0
1995,HARRISON,68,68,0
1995,HARRY,19,19,0
1995,HASSAN,34,34,0
1995,HAYDEN,115,115,0
1995,HECTOR,9,9,0
1995,HEINRICH,6,6,0
1995,HENDRIK,5,5,0
1995,HENRY,78,78,0
1995,HERMAN,7,7,0
1995,HO,6,6,0
1995,HARMANDEEP,6,6,0
1995,GREG,6,6,0
1995,GRAYSON,11,11,0
1995,GRAYDON,9,9,0
1995,GARRETT,94,94,0
1995,GARRICK,5,5,0
1995,GARRY,6,6,0
1995,GARY,33,33,0
1995,GAURAV,5,5,0
1995,GAVIN,62,62,0
1995,GEOFFREY,46,46,0
1995,GEORDIE,7,7,0
1995,GEORGE,97,97,0
1995,GERALD,17,17,0
1995,GERARD,6,6,0
1995,GERARDO,8,8,0
1995,GERRIT,8,8,0
1995,GIANCARLO,16,16,0
1995,GIANFRANCO,5,5,0
1995,GIANLUCA,23,23,0
1995,GIDEON,5,5,0
1995,GILBERT,5,5,0
1995,GIOVANNI,19,19,0
1995,GIULIANO,5,5,0
1995,GIUSEPPE,20,20,0
1995,GLEN,12,12,0
1995,GLENN,15,15,0
1995,GORDON,44,44,0
1995,GRAEME,46,46,0
1995,GRAHAM,89,89,0
1995,GRANT,57,57,0
1995,HOANG,7,7,0
1995,GARRET,12,12,0
1995,HOLDEN,12,12,0
1995,HUDSON,8,8,0
1995,JALEN,15,15,0
1995,JAMAAL,8,8,0
1995,JAMAL,47,47,0
1995,JAMAR,9,9,0
1995,JAMEEL,5,5,0
1995,JAMES,716,716,0
1995,JAMESON,15,15,0
1995,JAMIESON,5,5,0
1995,JAMIL,8,8,0
1995,JAN,14,14,0
1995,JARED,144,144,0
1995,JARETT,5,5,0
1995,JAKUB,9,9,0
1995,JARRED,9,9,0
1995,JARRETT,26,26,0
1995,JARROD,14,14,0
1995,JASKARAN,10,10,0
1995,JASON,418,418,0
1995,JAVIER,9,9,0
1995,JAVON,5,5,0
1995,JAY,35,35,0
1995,JAYSON,22,22,0
1995,JEAN-CLAUDE,6,6,0
1995,JEAN-LUC,9,9,0
1995,JEAN-MARC,6,6,0
1995,JEAN-SEBASTIEN,5,5,0
1995,JARRET,6,6,0
1995,JAKOB,41,41,0
1995,JAKE,233,233,0
1995,JAGGER,5,5,0
1995,HUGH,11,11,0
1995,HUGO,9,9,0
1995,HUMZA,6,6,0
1995,HUSSEIN,24,24,0
1995,HUY,5,5,0
1995,IAIN,27,27,0
1995,IAN,212,212,0
1995,IBRAHIM,36,36,0
1995,IMMANUEL,5,5,0
1995,IMRAN,17,17,0
1995,INDERVIR,5,5,0
1995,ISAAC,98,98,0
1995,ISAAK,5,5,0
1995,ISAIAH,39,39,0
1995,ISHAN,5,5,0
1995,ISMAIL,17,17,0
1995,ISRAEL,6,6,0
1995,ISSAC,5,5,0
1995,IVAN,40,40,0
1995,JABRIL,5,5,0
1995,JACK,128,128,0
1995,JACKSON,76,76,0
1995,JACKY,22,22,0
1995,JACOB,996,996,0
1995,JACQUES,12,12,0
1995,JAD,5,5,0
1995,JADON,5,5,0
1995,HOWARD,14,14,0
1995,AYUB,7,7,0
1995,GARETT,8,8,0
1995,GALEN,7,7,0
1995,ANDY,67,67,0
1995,ANDRIJ,7,7,0
1995,ANDREW,1154,1154,0
1995,ANDRES,14,14,0
1995,ANDREAS,16,16,0
1995,ANDRÉ,5,5,0
1995,ANDRE,119,119,0
1995,ANDERSON,5,5,0
1995,ANDERS,5,5,0
1995,ANAS,5,5,0
1995,ANAND,6,6,0
1995,AN,6,6,0
1995,ANGELO,27,27,0
1995,AMRITPAL,7,7,0
1995,AMIT,12,12,0
1995,AMIR,18,18,0
1995,AMIN,7,7,0
1995,AMAR,15,15,0
1995,AMANPREET,7,7,0
1995,AMAN,6,6,0
1995,ALVIN,19,19,0
1995,ALLEN,29,29,0
1995,ALLAN,46,46,0
1995,ALFREDO,7,7,0
1995,ALFRED,5,5,0
1995,ALEXI,6,6,0
1995,AMOS,8,8,0
1995,ANGUS,30,30,0
1995,ANIL,5,5,0
1995,ANISH,6,6,0
1995,AYDEN,9,9,0
1995,AXEL,5,5,0
1995,AVINASH,7,7,0
1995,AUSTYN,10,10,0
1995,AUSTIN,541,541,0
1995,AUSTEN,14,14,0
1995,ASAD,5,5,0
1995,ARVIN,7,7,0
1995,ARUN,8,8,0
1995,ARTHUR,28,28,0
1995,ARRON,9,9,0
1995,ARON,14,14,0
1995,ARNOLD,11,11,0
1995,ARMAND,6,6,0
1995,ARMAN,9,9,0
1995,ARMAAN,5,5,0
1995,ARJUN,15,15,0
1995,ARIC,5,5,0
1995,AREN,6,6,0
1995,ANUJ,8,8,0
1995,ANTONY,9,9,0
1995,ANTONIO,64,64,0
1995,ANTONINO,6,6,0
1995,ANTON,10,10,0
1995,ANTOINE,17,17,0
1995,ANTHONY,501,501,0
1995,ANSON,8,8,0
1995,ALEXANDRE,113,113,0
1995,GARETH,7,7,0
1995,ALEXANDER,1142,1142,0
1995,ALEKSANDER,6,6,0
1995,ABBAS,7,7,0
1995,EVIN,5,5,0
1995,EZRA,12,12,0
1995,FABIAN,8,8,0
1995,FABIO,14,14,0
1995,FAISAL,8,8,0
1995,FARHAN,5,5,0
1995,FELIX,29,29,0
1995,FERNANDO,8,8,0
1995,FILIP,16,16,0
1995,FILIPE,10,10,0
1995,FORREST,11,11,0
1995,ABDI,6,6,0
1995,FOSTER,10,10,0
1995,FRANCIS,54,54,0
1995,FRANCISCO,11,11,0
1995,FRANCO,13,13,0
1995,FRANCOIS,16,16,0
1995,FRANK,55,55,0
1995,FRANKIE,8,8,0
1995,FRANKLIN,7,7,0
1995,FRASER,17,17,0
1995,FREDERIC,7,7,0
1995,FREDERICK,23,23,0
1995,GABRIEL,156,156,0
1995,GAGE,38,38,0
1995,FRANCESCO,33,33,0
1995,ABDIFATAH,7,7,0
1995,ABDIRAHMAN,18,18,0
1995,ABDUL,14,14,0
1995,ALEKSANDAR,17,17,0
1995,ALEJANDRO,12,12,0
1995,ALEC,41,41,0
1995,ALBERT,49,49,0
1995,ALASTAIR,7,7,0
1995,ALAN,40,40,0
1995,ALAIN,15,15,0
1995,AKSHAY,15,15,0
1995,AJAY,12,12,0
1995,AJANTHAN,6,6,0
1995,AIDEN,21,21,0
1995,AHMED,76,76,0
1995,AHMAD,39,39,0
1995,ADRIEN,13,13,0
1995,ADRIANO,17,17,0
1995,ADRIAN,171,171,0
1995,ADIL,6,6,0
1995,ADEN,5,5,0
1995,ADDISON,13,13,0
1995,ADAMO,7,7,0
1995,ADAM,774,774,0
1995,ABRAM,9,9,0
1995,ABRAHAM,22,22,0
1995,ABEL,9,9,0
1995,ABDULLAHI,28,28,0
1995,ABDULLAH,15,15,0
1995,ABDULAHI,6,6,0
1995,ALESSANDRO,36,36,0
1995,CARLOS,39,39,0
1995,JOVAN,11,11,0
1995,JUDE,6,6,0
1995,EMILY,1215,0,1215
1995,EMMA,464,0,464
1995,ERICA,188,0,188
1995,ERICKA,7,0,7
1995,ERIKA,112,0,112
1995,ERIN,302,0,302
1995,EMILIE,94,0,94
1995,ERYN,11,0,11
1995,ESTHER,52,0,52
1995,EUNICE,7,0,7
1995,EVA,40,0,40
1995,EVANGELINE,6,0,6
1995,EVE,10,0,10
1995,EVELYN,27,0,27
1995,ESSENCE,6,0,6
1995,FAITH,45,0,45
1995,EMILIA,21,0,21
1995,ELYSSA,10,0,10
1995,ELISA,24,0,24
1995,ELISABETH,21,0,21
1995,ELISE,37,0,37
1995,ELISHA,14,0,14
1995,ELISHEVA,6,0,6
1995,ELISSA,13,0,13
1995,EMILEE,12,0,12
1995,ELIZA,14,0,14
1995,ELLA,8,0,8
1995,ELLEN,59,0,59
1995,ELLIE,7,0,7
1995,ELSA,8,0,8
1995,ELSIE,6,0,6
1995,ELYSE,16,0,16
1995,ELIZABETH,315,0,315
1995,FARAH,11,0,11
1995,FARHANA,10,0,10
1995,FATHIMA,7,0,7
1995,GEORGINA,12,0,12
1995,GILLIAN,52,0,52
1995,GINA,18,0,18
1995,GIOVANNA,9,0,9
1995,GISELLE,8,0,8
1995,GIULIA,11,0,11
1995,GEORGIA,20,0,20
1995,GLORIA,24,0,24
1995,GURLEEN,9,0,9
1995,GURPREET,22,11,11
1995,HAFSA,15,0,15
1995,HAILEE,11,0,11
1995,HAILEY,163,0,163
1995,HAJAR,7,0,7
1995,GRACE,99,0,99
1995,GENEVIÈVE,6,0,6
1995,GENEVIEVE,39,0,39
1995,GEMMA,12,0,12
1995,FATIMA,48,0,48
1995,FATIMAH,7,0,7
1995,FATMA,7,0,7
1995,FELICIA,50,0,50
1995,FELISHA,8,0,8
1995,FIONA,32,0,32
1995,FLORENCE,9,0,9
1995,FRANCES,26,0,26
1995,FRANCESCA,38,0,38
1995,FRANCINE,9,0,9
1995,GABRIELA,32,0,32
1995,GABRIELLA,53,0,53
1995,GABRIELLE,137,0,137
1995,GAGANDEEP,24,17,7
1995,GEENA,6,0,6
1995,ELENI,20,0,20
1995,HALEIGH,8,0,8
1995,ELENA,26,0,26
1995,ELANA,7,0,7
1995,CRYSTAL,90,0,90
1995,CYDNEY,8,0,8
1995,CYNTHIA,80,0,80
1995,DAISY,7,0,7
1995,DAKOTA,178,130,48
1995,DALIA,6,0,6
1995,CRISTINA,32,0,32
1995,DALLAS,79,67,12
1995,DANICA,19,0,19
1995,DANIELA,71,0,71
1995,DANIELLA,76,0,76
1995,DANIELLE,505,0,505
1995,DANIKA,39,0,39
1995,DANYELLE,6,0,6
1995,DANA,120,0,120
1995,DAPHNE,10,0,10
1995,CREE,6,0,6
1995,COURTENEY,12,0,12
1995,CLAUDIA,86,0,86
1995,COLLEEN,81,0,81
1995,CONNIE,16,0,16
1995,CONNOR,569,562,7
1995,CONSTANCE,8,0,8
1995,CORA,12,0,12
1995,COURTNEY,545,11,534
1995,CORAL,7,0,7
1995,CORINA,6,0,6
1995,CORINNA,7,0,7
1995,CORINNE,19,0,19
1995,CORRINA,15,0,15
1995,CORTNEY,7,0,7
1995,COURTENAY,6,0,6
1995,COREY,162,156,6
1995,DARBY,25,7,18
1995,DARCY,36,28,8
1995,DARIA,9,0,9
1995,DEVON,214,183,31
1995,DEVYN,20,13,7
1995,DIANA,75,0,75
1995,DIANE,21,0,21
1995,DINA,15,0,15
1995,DIVYA,9,0,9
1995,DEVIN,186,178,8
1995,DOMINIQUE,60,8,52
1995,DOROTHY,19,0,19
1995,DREW,100,79,21
1995,EBONY,6,0,6
1995,EDEN,36,0,36
1995,EILEEN,19,0,19
1995,ELAINE,30,0,30
1995,DONNA,20,0,20
1995,DEVAN,30,24,6
1995,DESTINY,71,0,71
1995,DESTINEE,9,0,9
1995,DARIAN,37,17,20
1995,DARIEN,36,21,15
1995,DAWN,25,0,25
1995,DAYNA,38,0,38
1995,DEANDRA,7,0,7
1995,DEANNA,104,0,104
1995,DEBORAH,14,0,14
1995,DEENA,10,0,10
1995,DEIRDRE,7,0,7
1995,DELANEY,20,0,20
1995,DEMI,6,0,6
1995,DENA,7,0,7
1995,DENISE,31,0,31
1995,DENISHA,8,0,8
1995,DESIREE,63,0,63
1995,ELEANOR,15,0,15
1995,HALEY,146,0,146
1995,HALLE,8,0,8
1995,HALLIE,6,0,6
1995,JESSICA-LYNN,7,0,7
1995,JESSIE,143,53,90
1995,JESSIKA,11,0,11
1995,JESSY,22,15,7
1995,JILL,14,0,14
1995,JILLIAN,97,0,97
1995,JESSICA,1494,0,1494
1995,JOAN,6,0,6
1995,JOANNE,21,0,21
1995,JOCELYN,85,0,85
1995,JOCELYNE,7,0,7
1995,JODI,17,0,17
1995,JODIE,26,0,26
1995,JODY,15,7,8
1995,JOANNA,82,0,82
1995,JOELLE,17,0,17
1995,JESSI,12,0,12
1995,JENSEN,7,0,7
1995,JAYMIE,6,0,6
1995,JAZMIN,12,0,12
1995,JAZMINE,9,0,9
1995,JEAN,34,22,12
1995,JEANETTE,10,0,10
1995,JEANNE,6,0,6
1995,JESSE,576,556,20
1995,JELENA,12,0,12
1995,JENELLE,9,0,9
1995,JENIFER,8,0,8
1995,JENNA,254,0,254
1995,JENNIE,6,0,6
1995,JENNIFER,541,0,541
1995,JENNY,76,0,76
1995,JENA,8,0,8
1995,JOEY,53,46,7
1995,JOHANNA,23,0,23
1995,JOLENE,12,0,12
1995,JUSTICE,40,16,24
1995,JUSTINA,16,0,16
1995,JUSTINE,120,0,120
1995,KAILA,21,0,21
1995,KAILEE,6,0,6
1995,KAILEY,34,0,34
1995,JULIETTE,9,0,9
1995,KAILYN,11,0,11
1995,KAITLYN,355,0,355
1995,KAITLYNN,31,0,31
1995,KAITLYNNE,7,0,7
1995,KAJAL,7,0,7
1995,KALEIGH,13,0,13
1995,KALEY,6,0,6
1995,KAITLIN,138,0,138
1995,JULIE,150,0,150
1995,JULIANNE,13,0,13
1995,JULIANNA,33,0,33
1995,JORDAN,932,799,133
1995,JORDANA,21,0,21
1995,JORDANNA,8,0,8
1995,JORDYN,56,7,49
1995,JOSEE,20,0,20
1995,JOSELYN,7,0,7
1995,JOSEPHINE,37,0,37
1995,JOSIE,18,0,18
1995,JOY,11,0,11
1995,JOYCE,33,0,33
1995,JUANITA,7,0,7
1995,JUDITH,12,0,12
1995,JUDY,21,0,21
1995,JULIA,452,0,452
1995,JULIANA,33,0,33
1995,JAYMI,6,0,6
1995,JAYMEE,6,0,6
1995,JAYME,21,0,21
1995,JAYDEN,34,28,6
1995,HILARY,49,0,49
1995,HILLARY,44,0,44
1995,HODA,7,0,7
1995,HOLLEY,6,0,6
1995,HOLLIE,9,0,9
1995,HOLLY,187,0,187
1995,HENNA,9,0,9
1995,HOPE,66,0,66
1995,IESHA,6,0,6
1995,IFRAH,8,0,8
1995,IKRAM,11,0,11
1995,IMAN,20,0,20
1995,INGRID,8,0,8
1995,IQRA,11,0,11
1995,HUNTER,120,91,29
1995,HELENA,26,0,26
1995,HELEN,63,0,63
1995,HEIDI,27,0,27
1995,HAMDA,7,0,7
1995,HANA,13,0,13
1995,HANAN,8,0,8
1995,HANNA,51,0,51
1995,HANNAH,393,0,393
1995,HARJOT,18,10,8
1995,HARLEEN,27,0,27
1995,HARLEY,35,21,14
1995,HARMAN,22,13,9
1995,HARMONY,6,0,6
1995,HARPREET,17,8,9
1995,HAYLEE,12,0,12
1995,HAYLEY,137,0,137
1995,HAZEL,7,0,7
1995,HEATHER,226,0,226
1995,IRENE,18,0,18
1995,CLARISSA,32,0,32
1995,IRIS,9,0,9
1995,ISABELLA,54,0,54
1995,JANA,11,0,11
1995,JANE,29,0,29
1995,JANEL,6,0,6
1995,JANELLE,58,0,58
1995,JANESSA,14,0,14
1995,JANET,28,0,28
1995,JAMILA,12,0,12
1995,JANICE,19,0,19
1995,JANNA,11,0,11
1995,JASDEEP,11,0,11
1995,JASLEEN,12,0,12
1995,JASMIN,24,0,24
1995,JASMINE,205,0,205
1995,JASPREET,22,7,15
1995,JANINE,20,0,20
1995,JAMIE-LEE,10,0,10
1995,JAMIE,271,121,150
1995,JAMI,9,0,9
1995,ISABELLE,57,0,57
1995,ISOBEL,6,0,6
1995,IVANA,12,0,12
1995,IVY,15,0,15
1995,JACKIE,14,7,7
1995,JACKLYN,17,0,17
1995,JACLYN,75,0,75
1995,JACQUELINE,158,0,158
1995,JACQUELYN,22,0,22
1995,JADA,7,0,7
1995,JADE,155,15,140
1995,JADEN,26,17,9
1995,JAIME,39,11,28
1995,JAIMEE,15,0,15
1995,JAIMIE,23,0,23
1995,ISABEL,31,0,31
1995,CLARE,23,0,23
1995,CLARA,41,0,41
1995,CLAIRE,130,0,130
1995,ANGELIKA,9,0,9
1995,ANGELINA,20,0,20
1995,ANGELINE,8,0,8
1995,ANGELIQUE,10,0,10
1995,ANGIE,14,0,14
1995,ANIK,9,0,9
1995,ANGELICA,51,0,51
1995,ANIKA,10,0,10
1995,ANISAH,6,0,6
1995,ANISHA,8,0,8
1995,ANISSA,7,0,7
1995,ANITA,39,0,39
1995,ANJALI,9,0,9
1995,ANJELICA,6,0,6
1995,ANISA,13,0,13
1995,ANN,21,0,21
1995,ANGELE,7,0,7
1995,ANGEL,37,0,37
1995,AMBERLY,7,0,7
1995,AMELIA,58,0,58
1995,AMELIE,14,0,14
1995,AMINA,16,0,16
1995,AMIRA,6,0,6
1995,AMNA,6,0,6
1995,ANGELA,141,0,141
1995,AMRIT,22,9,13
1995,ANA,15,0,15
1995,ANAM,6,0,6
1995,ANASTASIA,25,0,25
1995,ANDIE,10,0,10
1995,ANDREA,196,6,190
1995,ANEESA,10,0,10
1995,AMY,292,0,292
1995,ANN-MARIE,6,0,6
1995,ANNA,185,0,185
1995,ANNA-MARIE,7,0,7
1995,ARYN,7,0,7
1995,ASHA,19,0,19
1995,ASHLEE,21,0,21
1995,ASHLEIGH,23,0,23
1995,ASHLEY,859,0,859
1995,ASHLYN,29,0,29
1995,ARNELLE,7,0,7
1995,ASHLYNN,11,0,11
1995,ASIA,11,0,11
1995,ASMAA,8,0,8
1995,ATHENA,16,0,16
1995,AUBREY,6,0,6
1995,AUDREY,30,0,30
1995,AURORA,9,0,9
1995,ASHTON,52,39,13
1995,ARLENE,8,0,8
1995,ARIELLE,18,0,18
1995,ARIELLA,6,0,6
1995,ANNE,52,0,52
1995,ANNE-MARIE,7,0,7
1995,ANNETTE,12,0,12
1995,ANNIE,51,0,51
1995,ANNIKA,6,0,6
1995,ANTONIA,8,0,8
1995,AOIFE,6,0,6
1995,APRIL,61,0,61
1995,ARDEN,8,0,8
1995,ARIA,6,0,6
1995,ARIANA,24,0,24
1995,ARIANE,9,0,9
1995,ARIANNA,9,0,9
1995,ARIANNE,12,0,12
1995,ARIEL,57,15,42
1995,AMBER-LYNN,6,0,6
1995,AMBER,256,0,256
1995,AMARA,6,0,6
1995,AMANDEEP,16,10,6
1995,AISHA,37,0,37
1995,ALAINA,14,0,14
1995,ALANA,70,0,70
1995,ALANAH,11,0,11
1995,ALANNA,81,0,81
1995,ALANNAH,39,0,39
1995,AINSLEY,18,0,18
1995,ALECIA,12,0,12
1995,ALEISHA,14,0,14
1995,ALEKSANDRA,17,0,17
1995,ALESHA,6,0,6
1995,ALESSANDRA,28,0,28
1995,ALESSIA,56,0,56
1995,ALEX,223,206,17
1995,ALEESHA,9,0,9
1995,AIMEE,21,0,21
1995,AIDAN,134,124,10
1995,AIDA,6,0,6
1995,ABBEY,18,0,18
1995,ABBIE,8,0,8
1995,ABBY,32,0,32
1995,ABIGAIL,146,0,146
1995,ABIGAYLE,8,0,8
1995,ADELAIDE,6,0,6
1995,ADELE,7,0,7
1995,ADINA,11,0,11
1995,ADRIANA,45,0,45
1995,ADRIANNA,26,0,26
1995,ADRIENNE,40,0,40
1995,AGANETHA,7,0,7
1995,AGATA,6,0,6
1995,AGATHA,7,0,7
1995,AGNES,9,0,9
1995,ALEXA,96,0,96
1995,AUTUMN,42,0,42
1995,ALEXANDRA,695,0,695
1995,ALEXANDRIA,125,0,125
1995,ALLISON,214,0,214
1995,ALLYSA,6,0,6
1995,ALLYSON,28,0,28
1995,ALLYSSA,9,0,9
1995,ALORA,8,0,8
1995,ALYCIA,29,0,29
1995,ALLANAH,7,0,7
1995,ALYSHA,82,0,82
1995,ALYSIA,11,0,11
1995,ALYSON,28,0,28
1995,ALYSSA,342,0,342
1995,ALYSSIA,9,0,9
1995,AMAL,18,0,18
1995,AMANDA,724,0,724
1995,ALYSHIA,8,0,8
1995,ALLANA,8,0,8
1995,ALIZA,7,0,7
1995,ALIYAH,20,0,20
1995,ALEXIA,29,0,29
1995,ALEXIE,6,0,6
1995,ALEXIS,194,6,188
1995,ALI,85,78,7
1995,ALIA,14,0,14
1995,ALICE,31,0,31
1995,ALICIA,194,0,194
1995,ALINA,15,0,15
1995,ALINE,9,0,9
1995,ALISA,9,0,9
1995,ALISHA,87,0,87
1995,ALISON,109,0,109
1995,ALISSA,31,0,31
1995,ALIX,10,0,10
1995,ALIYA,13,0,13
1995,ALEXANDREA,19,0,19
1995,KALI,21,0,21
1995,AVA,9,0,9
1995,AVERY,96,57,39
1995,CARRIE,27,0,27
1995,CASANDRA,22,0,22
1995,CASEY,81,36,45
1995,CASSANDRA,451,0,451
1995,CASSIA,7,0,7
1995,CASSIDY,132,0,132
1995,CAROLYNE,7,0,7
1995,CASSIE,9,0,9
1995,CATERINA,6,0,6
1995,CATHERINE,158,0,158
1995,CATHY,11,0,11
1995,CATRINA,8,0,8
1995,CAYLA,8,0,8
1995,CECILIA,17,0,17
1995,CATARINA,12,0,12
1995,CELENA,6,0,6
1995,CAROLYN,55,0,55
1995,CAROLINA,10,0,10
1995,CARINA,14,0,14
1995,CARISSA,31,0,31
1995,CARLA,18,0,18
1995,CARLEE,7,0,7
1995,CARLEIGH,10,0,10
1995,CARLENE,6,0,6
1995,CAROLINE,115,0,115
1995,CARLEY,48,0,48
1995,CARLIE,15,0,15
1995,CARLING,11,0,11
1995,CARLY,169,0,169
1995,CARLYN,6,0,6
1995,CARMEN,43,5,38
1995,CAROL,16,0,16
1995,CARLI,11,0,11
1995,CELESTE,52,0,52
1995,CELIA,11,0,11
1995,CELINA,37,0,37
1995,CHERYL,22,0,22
1995,CHEYANNE,13,0,13
1995,CHEYENNE,61,0,61
1995,CHIARA,8,0,8
1995,CHLOE,107,0,107
1995,CHRISTA,8,0,8
1995,CHERIE,6,0,6
1995,CHRISTIANA,6,0,6
1995,CHRISTINA,308,0,308
1995,CHRISTINE,203,0,203
1995,CHRISTY,18,0,18
1995,CIARA,25,0,25
1995,CIERRA,14,0,14
1995,CINDY,76,0,76
1995,CHRISTIE,15,0,15
1995,CHELSIE,10,0,10
1995,CHELSI,6,0,6
1995,CHELSEY,84,0,84
1995,CELINE,49,0,49
1995,CHANDLER,27,21,6
1995,CHANEL,33,0,33
1995,CHANELLE,31,0,31
1995,CHANTAL,102,0,102
1995,CHANTE,10,0,10
1995,CHANTEL,80,0,80
1995,CHANTELLE,69,0,69
1995,CHARISSA,7,0,7
1995,CHARLENE,26,0,26
1995,CHARLIE,20,14,6
1995,CHARLOTTE,99,0,99
1995,CHARMAINE,13,0,13
1995,CHAYA,10,0,10
1995,CHELSEA,289,0,289
1995,CARA,21,0,21
1995,CANDICE,51,0,51
1995,CANDACE,36,0,36
1995,CAMILLE,59,0,59
1995,BIANCA,97,0,97
1995,BILLIE,10,0,10
1995,BLAIR,44,35,9
1995,BOBBI,6,0,6
1995,BONNIE,26,0,26
1995,BRANDI,30,0,30
1995,BEVERLY,14,0,14
1995,BRANDIE,6,0,6
1995,BREANA,8,0,8
1995,BREANNA,103,0,103
1995,BREANNE,72,0,72
1995,BRENDA,39,0,39
1995,BRENNA,18,0,18
1995,BRETT,242,233,9
1995,BRANDY,20,0,20
1995,BETTY,9,0,9
1995,BETHLEHEM,6,0,6
1995,BETHANY,68,0,68
1995,AVNEET,9,0,9
1995,AYAN,8,0,8
1995,AYESHA,10,0,10
1995,AYLA,16,0,16
1995,AYSHA,10,0,10
1995,BABY,20,13,7
1995,BAILEE,9,0,9
1995,BAILEY,186,34,152
1995,BARBARA,33,0,33
1995,BAYLEE,13,0,13
1995,BEATRICE,13,0,13
1995,BECKY,8,0,8
1995,BELINDA,8,0,8
1995,BERNADETTE,13,0,13
1995,BETH,16,0,16
1995,BRIA,12,0,12
1995,AVALON,7,0,7
1995,BRIANA,34,0,34
1995,BRIANNE,73,0,73
1995,BRYANA,8,0,8
1995,BRYANNA,27,0,27
1995,BRYANNE,9,0,9
1995,BRYNN,6,0,6
1995,CADENCE,6,0,6
1995,CAILEY,9,0,9
1995,BROOKLYNN,13,0,13
1995,CAILIN,7,0,7
1995,CAITLYN,67,0,67
1995,CAITLYNN,7,0,7
1995,CALEIGH,7,0,7
1995,CALLIE,10,0,10
1995,CAMILA,8,0,8
1995,CAMILLA,11,0,11
1995,CAITLIN,167,0,167
1995,BROOKLYN,36,0,36
1995,BROOKE-LYNN,6,0,6
1995,BROOKE,279,0,279
1995,BRIAR,13,0,13
1995,BRIDGET,44,0,44
1995,BRIDGETTE,16,0,16
1995,BRIGITTE,10,0,10
1995,BRITNEY,33,0,33
1995,BRITTANEY,7,0,7
1995,BRITTANI,10,0,10
1995,BRITTANY,622,0,622
1995,BRITTNEY,113,0,113
1995,BRITTNI,6,0,6
1995,BRITTNY,8,0,8
1995,BRONTE,10,0,10
1995,BRONWEN,7,0,7
1995,BRONWYN,23,0,23
1995,BROOK,15,5,10
1995,BRIANNA,233,0,233
1995,KALINA,8,0,8
1995,KANDACE,6,0,6
1995,KANDICE,8,0,8
1995,RUBY,12,0,12
1995,RUTH,29,0,29
1995,RYANN,8,0,8
1995,RYLEE,10,0,10
1995,RYLIE,6,0,6
1995,SABA,8,0,8
1995,ROXANNE,30,0,30
1995,SABINA,10,0,10
1995,SABRINA,236,0,236
1995,SADIE,29,0,29
1995,SAFIA,13,0,13
1995,SAFIYA,6,0,6
1995,SAGAL,8,0,8
1995,SAGE,12,0,12
1995,SABINE,6,0,6
1995,SAHAR,10,0,10
1995,ROWAN,35,19,16
1995,ROSE,35,0,35
1995,RHIANNA,6,0,6
1995,RHIANNON,18,0,18
1995,RICHELLE,13,0,13
1995,RICKI,6,0,6
1995,RIKKI,8,0,8
1995,RILEY,250,195,55
1995,ROSEMARY,9,0,9
1995,RIMA,7,0,7
1995,RIVKA,7,0,7
1995,ROBIN,58,21,37
1995,ROBYN,95,0,95
1995,ROCHELLE,22,0,22
1995,ROSA,15,0,15
1995,ROSALYN,6,0,6
1995,RITA,12,0,12
1995,SAHRA,16,0,16
1995,SALINA,12,0,12
1995,SALLY,19,0,19
1995,SERENA,66,0,66
1995,SHABNAM,7,0,7
1995,SHAE-LYNN,9,0,9
1995,SHAELYN,14,0,14
1995,SHAINA,12,0,12
1995,SHANEL,8,0,8
1995,SELINA,28,0,28
1995,SHANELLE,20,0,20
1995,SHANICE,34,0,34
1995,SHANIECE,7,0,7
1995,SHANNA,14,0,14
1995,SHANNEN,9,0,9
1995,SHANNON,323,0,323
1995,SHANTEL,17,0,17
1995,SHANIA,54,0,54
1995,SELENA,37,0,37
1995,SEEMA,7,0,7
1995,SCARLETT,6,0,6
1995,SALMA,8,0,8
1995,SAMANTHA,1015,0,1015
1995,SAMARA,11,0,11
1995,SAMIRA,17,0,17
1995,SANA,18,0,18
1995,SANDRA,74,0,74
1995,SANDY,24,0,24
1995,SANTANA,7,0,7
1995,SARA,335,0,335
1995,SARAH,1297,0,1297
1995,SARINA,12,0,12
1995,SASHA,61,13,48
1995,SAVANAH,7,0,7
1995,SAVANNA,14,0,14
1995,SAVANNAH,66,0,66
1995,RHEANNA,9,0,9
1995,RHEA,9,0,9
1995,RENÉE,8,0,8
1995,RENEE,71,0,71
1995,NOUR,11,0,11
1995,OCEAN,6,0,6
1995,OKSANA,8,0,8
1995,OLIVIA,388,0,388
1995,PAIGE,267,0,267
1995,PAISLEY,9,0,9
1995,NORA,17,0,17
1995,PAMELA,31,0,31
1995,PASCALE,13,0,13
1995,PATIENCE,6,0,6
1995,PATRICIA,89,0,89
1995,PATRYCJA,7,0,7
1995,PAULA,31,0,31
1995,PAULINA,24,0,24
1995,PARIS,10,0,10
1995,NOOR,12,0,12
1995,NOELLE,9,0,9
1995,NISHA,11,0,11
1995,NATALIA,51,0,51
1995,NATALIE,319,0,319
1995,NATASHA,294,0,294
1995,NATHALIE,32,0,32
1995,NAVJOT,7,0,7
1995,NECHAMA,7,0,7
1995,NGOC,10,0,10
1995,NICHOLE,26,0,26
1995,NICOLA,32,10,22
1995,NICOLE,999,0,999
1995,NICOLETTE,15,0,15
1995,NIKI,8,0,8
1995,NIKITA,24,0,24
1995,NIKKI,39,0,39
1995,NINA,33,0,33
1995,PAULINE,19,0,19
1995,SHANTELLE,8,0,8
1995,PAYTON,25,8,17
1995,PHOEBE,17,0,17
1995,RAVEN,32,0,32
1995,RAWAN,7,0,7
1995,RAYAN,8,0,8
1995,REAGAN,6,0,6
1995,REBECA,9,0,9
1995,REBECCA,650,0,650
1995,RAVEENA,8,0,8
1995,REBECKA,6,0,6
1995,REBEKKA,6,0,6
1995,REEM,13,0,13
1995,REGAN,22,7,15
1995,REGINA,6,0,6
1995,REILLY,17,10,7
1995,RENE,20,13,7
1995,REBEKAH,72,0,72
1995,RAQUEL,34,0,34
1995,RANDI,25,0,25
1995,RANA,7,0,7
1995,PHUONG,6,0,6
1995,POOJA,10,0,10
1995,PRESLEY,8,0,8
1995,PRINCESS,7,0,7
1995,PRISCILLA,36,0,36
1995,PRIYA,18,0,18
1995,PRIYANKA,8,0,8
1995,QUINN,67,50,17
1995,RACHAEL,100,0,100
1995,RACHEAL,10,0,10
1995,RACHEL,772,0,772
1995,RACHELE,8,0,8
1995,RACHELLE,46,0,46
1995,RACQUEL,10,0,10
1995,RAMANDEEP,17,6,11
1995,PETRA,7,0,7
1995,NAOMI,64,0,64
1995,SHARON,43,0,43
1995,SHAWNA,53,0,53
1995,TONI,18,0,18
1995,TONYA,6,0,6
1995,TORI,64,0,64
1995,TRACEY,12,0,12
1995,TRACY,30,0,30
1995,TRANG,6,0,6
1995,TISHANA,8,0,8
1995,TRICIA,11,0,11
1995,TRISHA,31,0,31
1995,TRISTA,6,0,6
1995,TRISTAN,199,186,13
1995,TRISTEN,33,24,9
1995,TYANNA,8,0,8
1995,TYLER,1203,1196,7
1995,TRINA,8,0,8
1995,TYRA,10,0,10
1995,TINA,66,0,66
1995,TIFFANI,10,0,10
1995,TEAGAN,14,0,14
1995,TEGAN,10,0,10
1995,TERESA,33,0,33
1995,TERI,6,0,6
1995,TESS,27,0,27
1995,TESSA,72,0,72
1995,TIFFANY,198,0,198
1995,THAO,8,0,8
1995,THERESA,38,0,38
1995,THI,18,0,18
1995,TIA,34,0,34
1995,TIANA,39,0,39
1995,TIANNA,42,0,42
1995,TIARA,7,0,7
1995,THEA,13,0,13
1995,VALENTINA,10,0,10
1995,VALERIA,8,0,8
1995,VALERIE,85,0,85
1995,WINNIE,12,0,12
1995,YASMEEN,14,0,14
1995,YASMIN,29,0,29
1995,YASMINE,14,0,14
1995,YOLANDA,11,0,11
1995,YVONNE,15,0,15
1995,WING,13,6,7
1995,ZAHRA,13,0,13
1995,ZEINAB,8,0,8
1995,ZOE,79,0,79
1995,ZOEY,9,0,9
1995,ÉMILIE,6,0,6
1995,JUAN,8,8,0
1995,JOSUE,8,8,0
1995,ZAINAB,20,0,20
1995,WHITNEY,39,0,39
1995,WENDY,19,0,19
1995,VÉRONIQUE,7,0,7
1995,VANESSA,359,0,359
1995,VANNESSA,6,0,6
1995,VENESSA,11,0,11
1995,VERA,6,0,6
1995,VERONICA,83,0,83
1995,VERONIKA,11,0,11
1995,VERONIQUE,22,0,22
1995,VICKI,8,0,8
1995,VICKY,12,0,12
1995,VICTORIA,679,0,679
1995,VIENNA,7,0,7
1995,VIOLET,6,0,6
1995,VIRGINIA,20,0,20
1995,VIVIAN,56,0,56
1995,VIVIEN,9,0,9
1995,TAYLOR,1033,250,783
1995,TAYLER,29,5,24
1995,TAYA,8,0,8
1995,TATYANA,18,0,18
1995,SIERRA,120,0,120
1995,SILKEN,7,0,7
1995,SILVIA,6,0,6
1995,SIMONA,7,0,7
1995,SIMONE,32,0,32
1995,SIMRAN,17,0,17
1995,SIENNA,10,0,10
1995,SIOBHAN,31,0,31
1995,SKYLAR,57,40,17
1995,SOFIA,20,0,20
1995,SOMMER,6,0,6
1995,SONIA,41,0,41
1995,SONJA,13,0,13
1995,SONYA,22,0,22
1995,SKYE,26,0,26
1995,SIDNEY,31,11,20
1995,SHYLA,6,0,6
1995,SHYANNE,17,0,17
1995,SHAWNEE,7,0,7
1995,SHAYLA,31,0,31
1995,SHAYLIN,9,0,9
1995,SHAYNA,33,0,33
1995,SHEALYN,7,0,7
1995,SHEENA,17,0,17
1995,SHELBY,231,7,224
1995,SHELLEY,8,0,8
1995,SHERIDAN,8,0,8
1995,SHIANNE,8,0,8
1995,SHIRA,7,0,7
1995,SHIRLEY,32,0,32
1995,SHIVANI,9,0,9
1995,SHOSHANA,9,0,9
1995,SHYANN,6,0,6
1995,SOPHIA,71,0,71
1995,SHAUNA,37,0,37
1995,SOPHIE,73,0,73
1995,STACI,7,0,7
1995,TABATHA,7,0,7
1995,TABITHA,36,0,36
1995,TALIA,24,0,24
1995,TAMARA,96,0,96
1995,TAMIKA,12,0,12
1995,TAMMY,14,0,14
1995,SYLVIE,11,0,11
1995,TANIA,24,0,24
1995,TANYA,56,0,56
1995,TARA,107,0,107
1995,TARAH,7,0,7
1995,TARYN,29,0,29
1995,TASHA,21,0,21
1995,TATIANA,20,0,20
1995,TANISHA,28,0,28
1995,SYLVIA,37,0,37
1995,SYDNIE,6,0,6
1995,SYDNEY,375,8,367
1995,STACY,16,0,16
1995,STEFANI,7,0,7
1995,STEFANIA,15,0,15
1995,STEFANIE,51,0,51
1995,STELLA,6,0,6
1995,STEPHANIE,688,0,688
1995,STEVIE,10,0,10
1995,SUMAYA,9,0,9
1995,SUMMER,59,0,59
1995,SUSAN,40,0,40
1995,SUSANA,8,0,8
1995,SUSANNA,6,0,6
1995,SUSIE,9,0,9
1995,SUZANNE,15,0,15
1995,SYDNEE,9,0,9
1995,STACEY,52,0,52
1995,AARON,485,479,6
1995,NANCY,61,0,61
1995,NAJMA,7,0,7
1995,KLAUDIA,6,0,6
1995,KORTNEY,10,0,10
1995,KOURTNEY,18,0,18
1995,KRISTA,89,0,89
1995,KRISTEN,259,0,259
1995,KRISTI,9,0,9
1995,KIRSTYN,9,0,9
1995,KRISTIE,10,0,10
1995,KRISTINA,116,0,116
1995,KRISTINE,28,0,28
1995,KRISTY,25,0,25
1995,KRISTYN,18,0,18
1995,KRYSTA,10,0,10
1995,KRYSTAL,56,0,56
1995,KRISTIN,63,0,63
1995,KRYSTEN,19,0,19
1995,KIRSTY,6,0,6
1995,KIRSTEN,94,0,94
1995,KHADIJA,14,0,14
1995,KHADIJAH,12,0,12
1995,KIANA,36,0,36
1995,KIANNA,11,0,11
1995,KIARA,8,0,8
1995,KIERA,19,0,19
1995,KIRSTIN,14,0,14
1995,KIERSTEN,17,0,17
1995,KIM,20,0,20
1995,KIMBERLEY,46,0,46
1995,KIMBERLY,140,0,140
1995,KIRA,40,0,40
1995,KIRAN,10,0,10
1995,KIRANDEEP,8,0,8
1995,KILEY,7,0,7
1995,KRYSTLE,6,0,6
1995,KYANNA,9,0,9
1995,KYLA,58,0,58
1995,LEAH,186,0,186
1995,LEANDRA,6,0,6
1995,LEANNA,20,0,20
1995,LEANNE,33,0,33
1995,LEE,48,38,10
1995,LEIGH,10,0,10
1995,LEA,15,0,15
1995,LEILA,14,0,14
1995,LESLIE,39,11,28
1995,LEXI,9,0,9
1995,LEXIE,9,0,9
1995,LEYLA,6,0,6
1995,LIA,11,0,11
1995,LIANA,14,0,14
1995,LENA,18,0,18
1995,LAYLA,7,0,7
1995,LAURYN,8,0,8
1995,LAURIE,6,0,6
1995,KYLEE,14,0,14
1995,KYLIE,74,0,74
1995,KYRA,34,0,34
1995,LACEY,19,0,19
1995,LADAN,9,0,9
1995,LAILA,8,0,8
1995,LAMA,7,0,7
1995,LANA,8,0,8
1995,LARA,23,0,23
1995,LARISSA,48,0,48
1995,LATISHA,9,0,9
1995,LAURA,475,0,475
1995,LAUREL,19,0,19
1995,LAUREN,430,0,430
1995,LAURENCE,12,5,7
1995,KEYANNA,7,0,7
1995,KESHIA,7,0,7
1995,KERRY,11,0,11
1995,KERRI,10,0,10
1995,KASSANDRA,89,0,89
1995,KASSIDY,25,0,25
1995,KATARINA,27,0,27
1995,KATARZYNA,6,0,6
1995,KATE,64,0,64
1995,KATE-LYNN,10,0,10
1995,KASEY,29,6,23
1995,KATELIN,13,0,13
1995,KATELYNN,41,0,41
1995,KATERINA,14,0,14
1995,KATHARINA,8,0,8
1995,KATHARINE,35,0,35
1995,KATHERINA,8,0,8
1995,KATHERINE,321,0,321
1995,KATELYN,196,0,196
1995,KASANDRA,17,0,17
1995,KAROLINA,12,0,12
1995,KARLY,25,0,25
1995,KARA,42,0,42
1995,KAREN,87,0,87
1995,KARI,8,0,8
1995,KARIN,6,0,6
1995,KARINA,22,0,22
1995,KARINE,22,0,22
1995,KARISHMA,7,0,7
1995,KARISSA,28,0,28
1995,KARLA,10,0,10
1995,KARLEE,24,0,24
1995,KARLEIGH,10,0,10
1995,KARLENE,8,0,8
1995,KARLEY,24,0,24
1995,KARLI,27,0,27
1995,KARLIE,21,0,21
1995,KATHLEEN,144,0,144
1995,LIANNA,9,0,9
1995,KATHRYN,108,0,108
1995,KATIA,7,0,7
1995,KEISHA,29,0,29
1995,KELLI,6,0,6
1995,KELLIE,9,0,9
1995,KELLY,189,7,182
1995,KELSEA,8,0,8
1995,KELSEY,289,0,289
1995,KEIRA,10,0,10
1995,KELSI,10,0,10
1995,KENDAL,8,0,8
1995,KENDALL,26,0,26
1995,KENDRA,128,0,128
1995,KENNEDY,59,6,53
1995,KENYA,6,0,6
1995,KERI,6,0,6
1995,KELSIE,21,0,21
1995,KEESHA,7,0,7
1995,KEELY,7,0,7
1995,KEARA,6,0,6
1995,KATIE,118,0,118
1995,KATLYN,17,0,17
1995,KATRINA,156,0,156
1995,KATRYNA,9,0,9
1995,KAVITA,8,0,8
1995,KAYLA,522,0,522
1995,KAYLEA,7,0,7
1995,KAYLEE,37,0,37
1995,KAYLEEN,6,0,6
1995,KAYLEIGH,31,0,31
1995,KAYLEY,11,0,11
1995,KAYLIE,7,0,7
1995,KAYLIN,9,0,9
1995,KAYLYN,8,0,8
1995,KEANNA,8,0,8
1995,KATHY,19,0,19
1995,NAKITA,10,0,10
1995,LIANNE,16,0,16
1995,LILIAN,7,0,7
1995,MCKENNA,8,0,8
1995,MCKENZIE,29,9,20
1995,MEAGAN,118,0,118
1995,MEAGHAN,83,0,83
1995,MEERA,8,0,8
1995,MEG,6,0,6
1995,MCKAYLA,9,0,9
1995,MEGAN,586,0,586
1995,MELANIE,225,0,225
1995,MELINA,12,0,12
1995,MELINDA,19,0,19
1995,MELISA,7,0,7
1995,MELISSA,527,0,527
1995,MELLISSA,7,0,7
1995,MEGHAN,213,0,213
1995,MELODIE,8,0,8
1995,MAYA,43,0,43
1995,MAXINE,17,0,17
1995,MARJORIE,7,0,7
1995,MARLA,12,0,12
1995,MARLEE,13,0,13
1995,MARLENA,6,0,6
1995,MARLEY,14,0,14
1995,MARTA,14,0,14
1995,MAY,8,0,8
1995,MARTHA,15,0,15
1995,MARTINE,11,0,11
1995,MARY,155,0,155
1995,MARYAM,24,0,24
1995,MARYAMA,7,0,7
1995,MARYANN,6,0,6
1995,MARYSE,6,0,6
1995,MARTINA,26,0,26
1995,MELODY,26,0,26
1995,MERCEDES,45,0,45
1995,MEREDITH,36,0,36
1995,MOLLY,45,0,45
1995,MONA,8,0,8
1995,MONICA,135,0,135
1995,MONIKA,48,0,48
1995,MONIQUE,61,0,61
1995,MONTANA,33,8,25
1995,MOLLIE,7,0,7
1995,MORGAN,291,68,223
1995,MUNA,15,0,15
1995,MYRANDA,8,0,8
1995,MYRIAM,9,0,9
1995,NADA,6,0,6
1995,NADIA,63,0,63
1995,NADINE,39,0,39
1995,MORIAH,6,0,6
1995,MISTY,12,0,12
1995,MIRIAM,31,0,31
1995,MIRANDA,170,0,170
1995,MERISSA,9,0,9
1995,MIA,22,0,22
1995,MICAELA,29,0,29
1995,MICAYLA,6,0,6
1995,MICHAELA,95,0,95
1995,MICHAELLA,6,0,6
1995,MICHELA,8,0,8
1995,MICHELE,38,14,24
1995,MICHELLE,480,0,480
1995,MIKAELA,57,0,57
1995,MIKAILA,8,0,8
1995,MIKALA,9,0,9
1995,MIKAYLA,87,0,87
1995,MILA,8,0,8
1995,MINA,14,0,14
1995,MARISSA,145,0,145
1995,MARISA,61,0,61
1995,MARINA,75,0,75
1995,MARILYN,12,0,12
1995,LUCIANA,9,0,9
1995,LUCILLE,9,0,9
1995,LUCY,20,0,20
1995,LYDIA,56,0,56
1995,LYNDSAY,19,0,19
1995,LYNDSEY,14,0,14
1995,LUCIA,10,0,10
1995,LYNN,13,0,13
1995,MACY,7,0,7
1995,MADDISON,27,0,27
1995,MADELAINE,21,0,21
1995,MADELEINE,101,0,101
1995,MADELINE,139,0,139
1995,MADELYN,18,0,18
1995,MACKENZIE,434,179,255
1995,LOUISE,7,0,7
1995,LOUISA,12,0,12
1995,LORRAINE,12,0,12
1995,LILLIAN,18,0,18
1995,LILY,20,0,20
1995,LINA,25,0,25
1995,LINDA,45,0,45
1995,LINDSAY,207,0,207
1995,LINDSEY,74,0,74
1995,LINNEA,7,0,7
1995,LISA,175,0,175
1995,LOGAN,150,120,30
1995,LOIS,7,0,7
1995,LORA,7,0,7
1995,LORENA,8,0,8
1995,LORETTA,9,0,9
1995,LORI,10,0,10
1995,LORNA,8,0,8
1995,MADISON,386,10,376
1995,LIDIA,6,0,6
1995,MADYSON,6,0,6
1995,MAEVE,7,0,7
1995,MARGARETHA,10,0,10
1995,MARI,6,0,6
1995,MARIA,133,0,133
1995,MARIAH,78,0,78
1995,MARIAM,53,0,53
1995,MARIAN,7,0,7
1995,MARGARET,94,0,94
1995,MARIANA,8,0,8
1995,MARIANNE,9,0,9
1995,MARIE,280,0,280
1995,MARIE-EVE,7,0,7
1995,MARIE-PIER,7,0,7
1995,MARIELLE,11,0,11
1995,MARIKA,9,0,9
1995,MARIANNA,8,0,8
1995,MARCIA,10,0,10
1995,MARANDA,10,0,10
1995,MARA,20,0,20
1995,MAGDALENA,10,0,10
1995,MAGDALENE,6,0,6
1995,MAGEN,6,0,6
1995,MAGGIE,66,0,66
1995,MAI,7,0,7
1995,MAIA,14,0,14
1995,MAJA,6,0,6
1995,MAKAYLA,22,0,22
1995,MAKENZIE,6,0,6
1995,MALIKA,11,0,11
1995,MALLORY,52,0,52
1995,MANDY,12,0,12
1995,MANON,7,0,7
1995,MANPREET,13,0,13
1995,MANUELA,10,0,10
1995,MAEGAN,16,0,16
1995,AALIYAH,18,0,18
1995,MARIEL,6,0,6
1995,RHYS,18,18,0
1995,SANJAY,8,8,0
1995,SANDEEP,10,10,0
1995,SAMUEL,376,376,0
1995,SAMSON,12,12,0
1995,SAMMY,8,8,0
1995,SAMIR,6,6,0
1995,SAMI,14,14,0
1995,SAMEER,6,6,0
1995,SAM,32,32,0
1995,SALVATORE,31,31,0
1995,SALMAN,7,7,0
1995,SAIF,8,8,0
1995,SAID,8,8,0
1995,SAHIL,15,15,0
1995,SACHIN,5,5,0
1995,SAAD,6,6,0
1995,RYLEY,17,17,0
1995,RYLAN,6,6,0
1995,RYAN,1331,1331,0
1995,RUSSELL,52,52,0
1995,RUDY,10,10,0
1995,RUBEN,13,13,0
1995,ROYCE,6,6,0
1995,ROY,22,22,0
1995,ROSS,27,27,0
1995,ROSARIO,8,8,0
1995,RORY,30,30,0
1995,SAUL,5,5,0
1995,RONALD,54,54,0
1995,SAWYER,19,19,0
1995,SEAMUS,8,8,0
1995,STANLEY,26,26,0
1995,SPENCER,266,266,0
1995,SOLOMON,7,7,0
1995,SKYLER,36,36,0
1995,SIMON,145,145,0
1995,SIMEON,5,5,0
1995,SILVIO,5,5,0
1995,SILAS,5,5,0
1995,SHEMAR,10,10,0
1995,SHELDON,64,64,0
1995,SHEA,9,9,0
1995,SHAYNE,33,33,0
1995,SHAYAN,8,8,0
1995,SHAWN,180,180,0
1995,SHAUN,30,30,0
1995,SHAQUILLE,23,23,0
1995,SHANE,189,189,0
1995,SHAMAR,9,9,0
1995,SHAKIR,6,6,0
1995,SHAKEEL,6,6,0
1995,SHAE,5,5,0
1995,SETH,35,35,0
1995,SERGIO,8,8,0
1995,SÉBASTIEN,10,10,0
1995,SEBASTIEN,37,37,0
1995,SEBASTIAN,93,93,0
1995,SEAN,338,338,0
1995,SCOTT,330,330,0
1995,RON,5,5,0
1995,ROMEO,6,6,0
1995,ROMAN,18,18,0
1995,RANDY,60,60,0
1995,RANDEEP,5,5,0
1995,RANDALL,13,13,0
1995,RAMY,5,5,0
1995,RAMI,5,5,0
1995,RALPH,10,10,0
1995,RAJAN,5,5,0
1995,RAJ,7,7,0
1995,RAHUL,17,17,0
1995,RAHEEM,11,11,0
1995,RAFFAELE,7,7,0
1995,RAFAEL,9,9,0
1995,QUINTON,43,43,0
1995,QUINTIN,15,15,0
1995,QUINTEN,14,14,0
1995,QUINLAN,5,5,0
1995,QUINCY,10,10,0
1995,QUENTIN,16,16,0
1995,PUNEET,6,6,0
1995,PRESTON,25,25,0
1995,PREM,5,5,0
1995,PRANAVAN,5,5,0
1995,PRABHJOT,6,6,0
1995,PIOTR,10,10,0
1995,PIETRO,11,11,0
1995,PIETER,5,5,0
1995,PIERRE-LUC,6,6,0
1995,RAPHAEL,15,15,0
1995,RASHAD,5,5,0
1995,RASHAWN,9,9,0
1995,RAUL,7,7,0
1995,ROLAND,11,11,0
1995,ROHIT,8,8,0
1995,ROHAN,9,9,0
1995,ROGER,19,19,0
1995,RODNEY,14,14,0
1995,ROCKY,8,8,0
1995,ROCH,7,7,0
1995,ROCCO,9,9,0
1995,ROBERTO,36,36,0
1995,ROBERT,603,603,0
1995,ROBEL,5,5,0
1995,ROBBIE,5,5,0
1995,RIVER,13,13,0
1995,STEFAN,75,75,0
1995,RISHI,9,9,0
1995,RICK,9,9,0
1995,RICHARD,254,254,0
1995,RICARDO,16,16,0
1995,REX,7,7,0
1995,REUBEN,12,12,0
1995,REMI,9,9,0
1995,REID,35,35,0
1995,REHAN,6,6,0
1995,REGINALD,8,8,0
1995,REED,5,5,0
1995,REECE,11,11,0
1995,RAYMOND,101,101,0
1995,RAY,6,6,0
1995,RICKY,24,24,0
1995,PIERRE,13,13,0
1995,STEFANO,20,20,0
1995,STEPHANE,16,16,0
1995,WESTON,6,6,0
1995,WESTLEY,6,6,0
1995,WESLEY,120,120,0
1995,WEI,5,5,0
1995,WAYNE,25,25,0
1995,WARREN,35,35,0
1995,WALTER,16,16,0
1995,WALKER,9,9,0
1995,WALID,5,5,0
1995,WALEED,6,6,0
1995,WADE,29,29,0
1995,VLADIMIR,7,7,0
1995,VITTORIO,6,6,0
1995,VITO,6,6,0
1995,VISHAL,11,11,0
1995,VINCENZO,20,20,0
1995,VINCENT,115,115,0
1995,VIKTOR,6,6,0
1995,VIJAY,5,5,0
1995,VICTOR,86,86,0
1995,VERNON,5,5,0
1995,VAUGHN,5,5,0
1995,VAUGHAN,5,5,0
1995,VAN,7,7,0
1995,USMAN,10,10,0
1995,TYSON,65,65,0
1995,TYRONE,23,23,0
1995,WILFRED,8,8,0
1995,TYRELL,28,28,0
1995,WILLEM,5,5,0
1995,WILLY,5,5,0
1995,ZIAD,5,5,0
1995,ZANE,7,7,0
1995,ZAKARY,13,13,0
1995,ZAKARIYA,5,5,0
1995,ZAKARIA,11,11,0
1995,ZAIN,10,10,0
1995,ZAID,5,5,0
1995,ZAHID,5,5,0
1995,ZACKERY,46,46,0
1995,ZACKARY,60,60,0
1995,ZACHERY,32,32,0
1995,ZACHARY,662,662,0
1995,ZACHARIE,20,20,0
1995,ZACHARIAH,19,19,0
1995,YUSUF,21,21,0
1995,YOUSSEF,5,5,0
1995,YOUSEF,10,10,0
1995,YONIS,13,13,0
1995,YASIN,6,6,0
1995,YANNICK,6,6,0
1995,YANICK,5,5,0
1995,YAHYA,5,5,0
1995,XAVIER,30,30,0
1995,WYATT,65,65,0
1995,WOLFGANG,7,7,0
1995,WINSTON,15,15,0
1995,WILSON,17,17,0
1995,WILLIAM,622,622,0
1995,TYREL,10,10,0
1995,TYLOR,27,27,0
1995,TYLER-JAMES,6,6,0
1995,TEVON,7,7,0
1995,TEVIN,12,12,0
1995,TERRY,27,27,0
1995,TERRENCE,12,12,0
1995,TERRELL,13,13,0
1995,TERRANCE,14,14,0
1995,TERENCE,16,16,0
1995,TED,5,5,0
1995,TATE,6,6,0
1995,TARIK,6,6,0
1995,TAREK,6,6,0
1995,TANNER,123,123,0
1995,TAHA,8,8,0
1995,SYLVESTER,6,6,0
1995,SYLVAIN,11,11,0
1995,SYED,17,17,0
1995,SURAJ,5,5,0
1995,SUNNY,9,9,0
1995,SUNIL,6,6,0
1995,SUMEET,6,6,0
1995,STUART,52,52,0
1995,STORM,7,7,0
1995,STEWART,20,20,0
1995,STEVEN,413,413,0
1995,STEVE,19,19,0
1995,STERLING,6,6,0
1995,STEPHEN,260,260,0
1995,THAI,7,7,0
1995,THANH,12,12,0
1995,THEO,6,6,0
1995,THEODORE,36,36,0
1995,TYE,8,8,0
1995,TY,36,36,0
1995,TURNER,9,9,0
1995,TUAN,6,6,0
1995,TRYSTAN,6,6,0
1995,TROY,115,115,0
1995,TRISTIN,11,11,0
1995,TREY,20,20,0
1995,TREVOR,232,232,0
1995,TREVON,15,15,0
1995,TRENTON,13,13,0
1995,TRENT,27,27,0
1995,TRE,9,9,0
1995,STEPHAN,27,27,0
1995,TRAVIS,246,246,0
1995,TONY,60,60,0
1995,TOMMY,23,23,0
1995,TOMISLAV,7,7,0
1995,TOMASZ,10,10,0
1995,TOMAS,12,12,0
1995,TOM,14,14,0
1995,TODD,40,40,0
1995,TOBIAS,6,6,0
1995,TIMOTHY,226,226,0
1995,TIAGO,12,12,0
1995,THOMPSON,5,5,0
1995,THOMAS,505,505,0
1995,THIEN,5,5,0
1995,TRAE,10,10,0
1995,PIERCE,12,12,0
1995,JULIANO,6,6,0
1995,PHILLIP,66,66,0
1995,LEON,14,14,0
1995,LEO,18,18,0
1995,LEMUEL,7,7,0
1995,LEIF,8,8,0
1995,LAWSON,5,5,0
1995,LAWRENCE,28,28,0
1995,LAUCHLIN,6,6,0
1995,LARRY,9,9,0
1995,LANE,9,9,0
1995,PHOENIX,8,8,0
1995,LANCE,18,18,0
1995,LAMAR,9,9,0
1995,LACHLAN,7,7,0
1995,KYLER,23,23,0
1995,KYLE,910,910,0
1995,KWAME,5,5,0
1995,KURTIS,106,106,0
1995,KURT,34,34,0
1995,KUNAL,7,7,0
1995,KRISTOPHER,59,59,0
1995,KRISTOFER,15,15,0
1995,KRISTIAN,35,35,0
1995,KRIS,5,5,0
1995,KORY,9,9,0
1995,KOREY,7,7,0
1995,KONSTANTINOS,5,5,0
1995,KONRAD,13,13,0
1995,LEONARD,20,20,0
1995,LEONARDO,10,10,0
1995,LESTER,5,5,0
1995,LEVI,39,39,0
1995,MANINDER,5,5,0
1995,MAN,6,6,0
1995,MALIK,51,51,0
1995,MALCOLM,60,60,0
1995,MAHMOUD,9,9,0
1995,MAHMOOD,5,5,0
1995,MAHDI,8,8,0
1995,MAHAD,12,12,0
1995,MAC,5,5,0
1995,LYNDON,7,7,0
1995,LYLE,7,7,0
1995,LUKE,242,242,0
1995,LUKASZ,5,5,0
1995,KONNER,5,5,0
1995,LUKAS,50,50,0
1995,LUIS,28,28,0
1995,LUIGI,9,9,0
1995,LUCIANO,6,6,0
1995,LUCAS,409,409,0
1995,LUCA,51,51,0
1995,LUC,26,26,0
1995,LOUIS,30,30,0
1995,LORNE,8,8,0
1995,LORENZO,16,16,0
1995,LLOYD,13,13,0
1995,LIBAN,11,11,0
1995,LIAM,354,354,0
1995,LEWIS,5,5,0
1995,LUKA,13,13,0
1995,MANRAJ,6,6,0
1995,KOLTON,5,5,0
1995,KLAYTON,6,6,0
1995,KARL,27,27,0
1995,KARIM,8,8,0
1995,KAREL,5,5,0
1995,KAREEM,18,18,0
1995,KARANVIR,5,5,0
1995,KARAN,16,16,0
1995,KAPILAN,5,5,0
1995,KANE,13,13,0
1995,KAMIL,17,17,0
1995,KAMERON,10,10,0
1995,KAMAL,7,7,0
1995,KALVIN,9,9,0
1995,KALEB,29,29,0
1995,KALE,7,7,0
1995,KAI,17,17,0
1995,KAELAN,12,12,0
1995,KADEN,7,7,0
1995,KADEEM,11,11,0
1995,KA,6,6,0
1995,JUSTYN,13,13,0
1995,JUSTUS,7,7,0
1995,JUSTIN,1031,1031,0
1995,JULIUS,6,6,0
1995,JULIO,8,8,0
1995,JULIEN,36,36,0
1995,JULIAN,137,137,0
1995,JULES,7,7,0
1995,KARSON,5,5,0
1995,KASHIF,5,5,0
1995,KASSEM,6,6,0
1995,KAYNE,11,11,0
1995,KIRKLAND,14,14,0
1995,KIRK,25,25,0
1995,KINGSLEY,5,5,0
1995,KIERAN,59,59,0
1995,KIEFER,11,11,0
1995,KIAN,5,5,0
1995,KHALIL,27,27,0
1995,KHALID,25,25,0
1995,KHALED,6,6,0
1995,KEYON,5,5,0
1995,KEVON,6,6,0
1995,KEVIN,683,683,0
1995,KEVEN,9,9,0
1995,KODY,49,49,0
1995,KEON,5,5,0
1995,KENT,15,15,0
1995,KENNY,20,20,0
1995,KENNETH,96,96,0
1995,KEN,5,5,0
1995,KELVIN,29,29,0
1995,KEITH,61,61,0
1995,KEIRAN,5,5,0
1995,KEENAN,39,39,0
1995,KEELAN,8,8,0
1995,KEEGAN,62,62,0
1995,KEATON,23,23,0
1995,KEANU,7,7,0
1995,KEAGAN,9,9,0
1995,KENTON,8,8,0
1995,MANUEL,13,13,0
1995,LANDON,28,28,0
1995,MARC,115,115,0
1995,NOLAN,63,63,0
1995,NOEL,15,15,0
1995,NOAH,126,126,0
1995,NIKOLAS,31,31,0
1995,NIKOLAI,5,5,0
1995,NIKOLA,15,15,0
1995,NIKO,6,6,0
1995,NIKLAS,8,8,0
1995,NIKHIL,8,8,0
1995,NIGEL,36,36,0
1995,NICOLAS,146,146,0
1995,NICKOLAUS,6,6,0
1995,NICKOLAS,54,54,0
1995,NICKLAUS,6,6,0
1995,NICK,10,10,0
1995,NICHOLAUS,5,5,0
1995,NICHOLAS,1353,1353,0
1995,NIALL,5,5,0
1995,NEVADA,5,5,0
1995,NELSON,30,30,0
1995,NEIL,70,70,0
1995,NEEL,5,5,0
1995,NEAL,12,12,0
1995,NAVEEN,6,6,0
1995,NATHANIEL,157,157,0
1995,NATHANIAL,16,16,0
1995,NATHANAEL,20,20,0
1995,NORMAN,16,16,0
1995,NATHAN,433,433,0
1995,OLIVER,46,46,0
1995,OMAR,62,62,0
1995,PHILIPPE,40,40,0
1995,PHILIP,129,129,0
1995,PETER,316,316,0
1995,PETAR,6,6,0
1995,PERRY,10,10,0
1995,PEDRO,5,5,0
1995,PAWEL,5,5,0
1995,PAULO,13,13,0
1995,PAUL,240,240,0
1995,PATRYK,8,8,0
1995,PATRICK,434,434,0
1995,PASCAL,15,15,0
1995,PARTH,5,5,0
1995,PARMVEER,5,5,0
1995,PARKER,22,22,0
1995,PAOLO,24,24,0
1995,PABLO,7,7,0
1995,MANVIR,5,5,0
1995,OSMAN,14,14,0
1995,OSKAR,6,6,0
1995,OSCAR,28,28,0
1995,OSAMA,7,7,0
1995,ORLANDO,6,6,0
1995,ONKAR,5,5,0
1995,O'NEIL,9,9,0
1995,OMER,9,9,0
1995,OMARI,6,6,0
1995,OLIVIER,17,17,0
1995,NANA,5,5,0
1995,OWEN,83,83,0
1995,MYLES,36,36,0
1995,MAXIME,40,40,0
1995,MAXIM,8,8,0
1995,MAX,32,32,0
1995,MAVERICK,13,13,0
1995,MAURICE,9,9,0
1995,MATTHIEU,10,10,0
1995,MATTHEW,1927,1927,0
1995,MATTEO,17,17,0
1995,MATHIEU,95,95,0
1995,MATHEW,180,180,0
1995,MATEUSZ,15,15,0
1995,MATEO,5,5,0
1995,MASSIMO,14,14,0
1995,MAXIMILIAN,12,12,0
1995,MASON,91,91,0
1995,MARTIN,81,81,0
1995,MARSHALL,33,33,0
1995,MARLON,10,10,0
1995,MARKO,22,22,0
1995,MARK,334,334,0
1995,MARIO,52,52,0
1995,MARCUS,150,150,0
1995,MARCOS,9,9,0
1995,MARCO,79,79,0
1995,MARCELLO,6,6,0
1995,MARCEL,20,20,0
1995,MARC-ANDRE,13,13,0
1995,NABIL,7,7,0
1995,MARVIN,19,19,0
1995,MAXIMILLIAN,9,9,0
1995,MARKUS,17,17,0
1995,MEHTAB,5,5,0
1995,MUSTAFA,18,18,0
1995,MAXWELL,79,79,0
1995,MURRAY,12,12,0
1995,MUHAMMED,7,7,0
1995,MUHAMMAD,14,14,0
1995,MOSES,7,7,0
1995,MOHAMUD,5,5,0
1995,MOHAMMED,52,52,0
1995,MOHAMMAD,48,48,0
1995,MOHAMED,97,97,0
1995,MOHAMAD,23,23,0
1995,MITCHELL,566,566,0
1995,MITCHEL,62,62,0
1995,MINH,7,7,0
1995,MOHIT,9,9,0
1995,MILAN,8,8,0
1995,MILES,21,21,0
1995,MELVIN,8,8,0
1995,MERVIN,12,12,0
1995,MICAH,14,14,0
1995,MENACHEM,10,10,0
1995,MICHAL,11,11,0
1995,MICHAEL,1620,1620,0
1995,MICHEL,34,34,0
1995,MIGUEL,42,42,0
1995,MIKAEL,11,11,0
1995,MIKE,8,8,0
1995,MICHEAL,83,83,0
1996,ANDY,58,58,0
1996,ANGAD,5,5,0
1996,ANDREW,1017,1017,0
1996,ANGELO,38,38,0
1996,ANDRES,12,12,0
1996,ANDREI,5,5,0
1996,ANDREAS,11,11,0
1996,ANDRE,86,86,0
1996,AMIT,11,11,0
1996,ANAS,8,8,0
1996,ANAND,5,5,0
1996,AMMAR,10,10,0
1996,AMIR,19,19,0
1996,AMIN,8,8,0
1996,AMAR,6,6,0
1996,ANGUS,20,20,0
1996,AMAN,11,11,0
1996,ALVIN,26,26,0
1996,ANDERSON,6,6,0
1996,ANSON,6,6,0
1996,ARMANDO,5,5,0
1996,ANTOINE,8,8,0
1996,ARVIND,5,5,0
1996,ALLEN,20,20,0
1996,ARVIN,5,5,0
1996,ARUNAN,5,5,0
1996,ARUN,13,13,0
1996,ARTHUR,37,37,0
1996,ARSHDEEP,9,9,0
1996,ARON,15,15,0
1996,ARMAN,10,10,0
1996,ARJUN,26,26,0
1996,ARIC,7,7,0
1996,ARIAN,5,5,0
1996,ARI,7,7,0
1996,AREN,5,5,0
1996,ANWAR,7,7,0
1996,ANUJAN,10,10,0
1996,ANTONY,8,8,0
1996,ANTONIO,73,73,0
1996,ANTON,12,12,0
1996,ANTHONY,467,467,0
1996,ALLAN,38,38,0
1996,ADAM,691,691,0
1996,ALIM,5,5,0
1996,ADNAN,12,12,0
1996,ADIL,5,5,0
1996,ADEN,7,7,0
1996,ADAMO,7,7,0
1996,ABRAM,9,9,0
1996,ABRAHAM,14,14,0
1996,ABEL,10,10,0
1996,ABDURAHMAN,5,5,0
1996,ADRIAN,166,166,0
1996,ABDULLAHI,23,23,0
1996,ABDULKADIR,5,5,0
1996,ABDULAHI,6,6,0
1996,ABDUL,18,18,0
1996,ABDIRAHMAN,13,13,0
1996,ABDALLAH,7,7,0
1996,ABBAS,6,6,0
1996,AARON,435,435,0
1996,ASAD,6,6,0
1996,ABDULLAH,23,23,0
1996,ADRIANO,15,15,0
1996,ADRIEN,10,10,0
1996,AHMAD,33,33,0
1996,ALI,69,69,0
1996,ALFRED,7,7,0
1996,ALEXANDRE,112,112,0
1996,ALEXANDER,1053,1053,0
1996,ALESSANDRO,36,36,0
1996,ALEKSANDER,14,14,0
1996,ALEKSANDAR,13,13,0
1996,ALEJANDRO,8,8,0
1996,ALEC,67,67,0
1996,ALDEN,5,5,0
1996,ALBERT,26,26,0
1996,ALAN,36,36,0
1996,ALAIN,8,8,0
1996,AKSHAY,7,7,0
1996,AKEEM,9,9,0
1996,AKASH,7,7,0
1996,AJAY,15,15,0
1996,AIDEN,38,38,0
1996,AHMED,61,61,0
1996,ALISTAIR,8,8,0
1996,MARKUS,15,15,0
1996,AUSTIN,690,690,0
1996,AUSTON,5,5,0
1996,JAMIESON,10,10,0
1996,JAMIL,5,5,0
1996,JAN,11,11,0
1996,JARED,156,156,0
1996,JARRED,6,6,0
1996,JARRET,11,11,0
1996,JAMESON,5,5,0
1996,JARRETT,25,25,0
1996,JASKARAN,21,21,0
1996,JASON,430,430,0
1996,JASPER,13,13,0
1996,JAVAN,5,5,0
1996,JAVIER,6,6,0
1996,JAVON,6,6,0
1996,JARROD,10,10,0
1996,JAY,23,23,0
1996,JAMES,660,660,0
1996,JAMAR,9,9,0
1996,IZAK,5,5,0
1996,JACE,7,7,0
1996,JACK,195,195,0
1996,JACKSON,94,94,0
1996,JACKY,19,19,0
1996,JACOB,1043,1043,0
1996,JAMEEL,7,7,0
1996,JACQUES,7,7,0
1996,JAIDEEP,5,5,0
1996,JAKE,221,221,0
1996,JAKOB,53,53,0
1996,JAKUB,6,6,0
1996,JALEN,10,10,0
1996,JAMAL,40,40,0
1996,JAGGER,5,5,0
1996,JAYDON,8,8,0
1996,JAYLEN,5,5,0
1996,JAYSON,17,17,0
1996,JOAO,5,5,0
1996,JOE,9,9,0
1996,JOEL,160,160,0
1996,JOËL,6,6,0
1996,JOEY,41,41,0
1996,JOHAN,16,16,0
1996,JIN,5,5,0
1996,JOHANN,7,7,0
1996,JOHNATHAN,75,75,0
1996,JOHNATHON,27,27,0
1996,JOHNNY,19,19,0
1996,JOHNSON,11,11,0
1996,JON,15,15,0
1996,JONAH,73,73,0
1996,JOHN,540,540,0
1996,JIMMY,37,37,0
1996,JEVON,7,7,0
1996,JESSY,19,19,0
1996,JEAN-LUC,9,9,0
1996,JEAN-MARC,6,6,0
1996,JEAN-PAUL,8,8,0
1996,JED,5,5,0
1996,JEFF,11,11,0
1996,JEFFERSON,5,5,0
1996,JEFFERY,38,38,0
1996,JEFFREY,199,199,0
1996,JEREMIAH,30,30,0
1996,JEREMIE,12,12,0
1996,JEREMY,270,270,0
1996,JERMAINE,9,9,0
1996,JEROME,25,25,0
1996,JERRY,19,19,0
1996,JESSEY,8,8,0
1996,IVAN,37,37,0
1996,JONAS,11,11,0
1996,ISSAC,6,6,0
1996,ISMAIL,12,12,0
1996,GULED,7,7,0
1996,GURINDER,9,9,0
1996,GURJOT,10,10,0
1996,GURKIRAT,8,8,0
1996,GURVIR,8,8,0
1996,GUY,5,5,0
1996,GUILLAUME,5,5,0
1996,HAKEEM,7,7,0
1996,HAMZAH,6,6,0
1996,HANAD,10,10,0
1996,HARIS,6,6,0
1996,HARJIT,5,5,0
1996,HARMAN,16,16,0
1996,HAROLD,7,7,0
1996,HAMZA,23,23,0
1996,HARRIS,5,5,0
1996,GRIFFIN,32,32,0
1996,GREGORY,155,155,0
1996,GILBERT,7,7,0
1996,GIORDANO,6,6,0
1996,GIOVANNI,25,25,0
1996,GIULIANO,5,5,0
1996,GIUSEPPE,26,26,0
1996,GLEN,10,10,0
1996,GRIFFEN,5,5,0
1996,GLENN,11,11,0
1996,GRAEME,50,50,0
1996,GRAHAM,79,79,0
1996,GRANT,75,75,0
1996,GRAYDON,9,9,0
1996,GRAYSON,17,17,0
1996,GREG,7,7,0
1996,GORDON,42,42,0
1996,HARRISON,64,64,0
1996,HARRY,13,13,0
1996,HARVEY,5,5,0
1996,IAIN,20,20,0
1996,IAN,187,187,0
1996,IBRAHIM,32,32,0
1996,IDRIS,6,6,0
1996,IGOR,5,5,0
1996,ILYAS,5,5,0
1996,HUSSEIN,17,17,0
1996,IMRAN,11,11,0
1996,ISAAC,143,143,0
1996,ISAAK,7,7,0
1996,ISAIAH,98,98,0
1996,ISHAAN,5,5,0
1996,ISHMAEL,5,5,0
1996,ISIAH,16,16,0
1996,IQBAL,7,7,0
1996,HUSSAIN,8,8,0
1996,HUMZA,5,5,0
1996,HUGO,12,12,0
1996,HARVIR,6,6,0
1996,HASAN,8,8,0
1996,HASSAN,39,39,0
1996,HAYDEN,112,112,0
1996,HAYDN,6,6,0
1996,HECTOR,6,6,0
1996,HEINRICH,8,8,0
1996,HENRY,68,68,0
1996,HERMAN,8,8,0
1996,HOLDEN,11,11,0
1996,HOUSTON,6,6,0
1996,HOWARD,8,8,0
1996,HUBERT,6,6,0
1996,HUDSON,15,15,0
1996,HUGH,13,13,0
1996,ISRAEL,5,5,0
1996,JONATHAN,589,589,0
1996,JONATHON,54,54,0
1996,JORDEN,16,16,0
1996,LARRY,9,9,0
1996,LARS,5,5,0
1996,LAURENT,5,5,0
1996,LAWRENCE,25,25,0
1996,LEANDRO,5,5,0
1996,LEO,25,25,0
1996,LANE,10,10,0
1996,LEON,11,11,0
1996,LEONARDO,5,5,0
1996,LEROY,6,6,0
1996,LESTER,6,6,0
1996,LEVI,28,28,0
1996,LEWIS,10,10,0
1996,LIAM,427,427,0
1996,LEONARD,7,7,0
1996,LIBAN,10,10,0
1996,LANDON,26,26,0
1996,LAMAR,6,6,0
1996,KORY,12,12,0
1996,KRIS,5,5,0
1996,KRISHNA,6,6,0
1996,KRISTIAN,33,33,0
1996,KRISTOFER,12,12,0
1996,KRISTOFFER,6,6,0
1996,LANCE,17,17,0
1996,KRISTOPHER,49,49,0
1996,KURT,35,35,0
1996,KURTIS,79,79,0
1996,KWABENA,5,5,0
1996,KYLE,736,736,0
1996,KYLER,23,23,0
1996,LACHLAN,5,5,0
1996,KUNAL,6,6,0
1996,LINCOLN,5,5,0
1996,LLOYD,11,11,0
1996,LONG,8,8,0
1996,MALIK,59,59,0
1996,MALIQUE,12,12,0
1996,MANDEEP,8,8,0
1996,MANRAJ,7,7,0
1996,MANUEL,11,11,0
1996,MANVIR,7,7,0
1996,MALCOLM,73,73,0
1996,MARC,90,90,0
1996,MARCEL,28,28,0
1996,MARCELLO,13,13,0
1996,MARCIN,5,5,0
1996,MARCO,85,85,0
1996,MARCUS,136,136,0
1996,MAREK,10,10,0
1996,MARC-ANDRE,7,7,0
1996,MALACHI,7,7,0
1996,MAHMOUD,9,9,0
1996,MAHDI,10,10,0
1996,LORENZO,15,15,0
1996,LORNE,8,8,0
1996,LOUIE,9,9,0
1996,LOUIS,37,37,0
1996,LUC,27,27,0
1996,LUCA,54,54,0
1996,LUCAS,394,394,0
1996,LUCIANO,8,8,0
1996,LUIGI,7,7,0
1996,LUIS,12,12,0
1996,LUKA,17,17,0
1996,LUKAS,53,53,0
1996,LUKE,228,228,0
1996,LYLE,6,6,0
1996,MAHAD,20,20,0
1996,KOREY,8,8,0
1996,KORDELL,5,5,0
1996,KONRAD,10,10,0
1996,KONNOR,7,7,0
1996,JUSTIS,6,6,0
1996,JUSTUS,10,10,0
1996,JUSTYN,11,11,0
1996,JUWAN,5,5,0
1996,KABIR,6,6,0
1996,KACEY,6,6,0
1996,JUSTIN,865,865,0
1996,KADEEM,5,5,0
1996,KALE,5,5,0
1996,KALEB,30,30,0
1996,KALEN,5,5,0
1996,KALVIN,6,6,0
1996,KAMAL,8,8,0
1996,KAMAR,6,6,0
1996,KAELAN,12,12,0
1996,JULIUS,14,14,0
1996,JULIO,5,5,0
1996,JULIEN,29,29,0
1996,JORDON,39,39,0
1996,JORGE,9,9,0
1996,JORY,7,7,0
1996,JOSE,24,24,0
1996,JOSEF,8,8,0
1996,JOSEPH,739,739,0
1996,JOSH,8,8,0
1996,JOSHUA,1193,1193,0
1996,JOSHUAH,7,7,0
1996,JOSIAH,34,34,0
1996,JOSIP,6,6,0
1996,JOSUE,6,6,0
1996,JUAN,14,14,0
1996,JUDE,6,6,0
1996,JULIAN,142,142,0
1996,KAMERON,12,12,0
1996,GIDEON,12,12,0
1996,KAMIL,15,15,0
1996,KARAN,21,21,0
1996,KEVAN,5,5,0
1996,KEVIN,560,560,0
1996,KEVON,5,5,0
1996,KHALED,5,5,0
1996,KHALEEL,5,5,0
1996,KHALID,25,25,0
1996,KEON,5,5,0
1996,KHALIL,15,15,0
1996,KIERAN,60,60,0
1996,KIRK,27,27,0
1996,KIRKLAND,7,7,0
1996,KODY,29,29,0
1996,KOLE,10,10,0
1996,KONNER,7,7,0
1996,KIEFER,10,10,0
1996,KENTON,7,7,0
1996,KENT,16,16,0
1996,KENNY,16,16,0
1996,KAREEM,19,19,0
1996,KARIM,15,15,0
1996,KARL,28,28,0
1996,KARSTEN,5,5,0
1996,KEAGAN,8,8,0
1996,KEANU,8,8,0
1996,KEATON,21,21,0
1996,KEENAN,34,34,0
1996,KEIRAN,9,9,0
1996,KEITH,58,58,0
1996,KELTON,6,6,0
1996,KELVIN,35,35,0
1996,KEN,10,10,0
1996,KENDRICK,7,7,0
1996,KENNETH,121,121,0
1996,KANE,8,8,0
1996,AUSTEN,21,21,0
1996,GIANLUCA,20,20,0
1996,GERRIT,6,6,0
1996,CHESTER,6,6,0
1996,CHI,12,12,0
1996,CHRIS,23,23,0
1996,CHRISTIAN,359,359,0
1996,CHRISTOPHER,999,999,0
1996,CLARENCE,7,7,0
1996,CHARLIE,11,11,0
1996,CLARK,11,11,0
1996,CLAY,7,7,0
1996,CLAYTON,68,68,0
1996,CLEMENT,11,11,0
1996,CLIFFORD,8,8,0
1996,CLINT,5,5,0
1996,CLINTON,19,19,0
1996,CLAUDIO,11,11,0
1996,CODEY,5,5,0
1996,CHARLES,127,127,0
1996,CHANCELLOR,5,5,0
1996,CALUM,13,13,0
1996,CALVIN,128,128,0
1996,CAMDEN,5,5,0
1996,CAMPBELL,9,9,0
1996,CARL,35,35,0
1996,CARLO,10,10,0
1996,CHANDLER,29,29,0
1996,CARLOS,37,37,0
1996,CARTER,89,89,0
1996,CEDRIC,9,9,0
1996,CHAD,94,94,0
1996,CHADWICK,5,5,0
1996,CHAIM,6,6,0
1996,CHANCE,32,32,0
1996,CARSON,52,52,0
1996,CODY,411,411,0
1996,COLBY,12,12,0
1996,COLE,257,257,0
1996,DAKODA,5,5,0
1996,DALE,22,22,0
1996,DALTON,92,92,0
1996,DAMIAN,78,78,0
1996,DAMIEN,20,20,0
1996,DAMION,14,14,0
1996,CYRUS,12,12,0
1996,DAMON,33,33,0
1996,D'ANDRE,8,8,0
1996,DANE,11,11,0
1996,DANIAL,7,7,0
1996,DANIEL,1125,1125,0
1996,DANIELE,13,13,0
1996,DANILO,6,6,0
1996,DAN,9,9,0
1996,CURTIS,166,166,0
1996,CULLEN,10,10,0
1996,CRISTIAN,16,16,0
1996,COLEMAN,6,6,0
1996,COLIN,270,270,0
1996,COLLIN,63,63,0
1996,COLT,6,6,0
1996,COLTON,88,88,0
1996,CONNER,43,43,0
1996,CONOR,48,48,0
1996,CONRAD,15,15,0
1996,COOPER,26,26,0
1996,CORBIN,10,10,0
1996,CORDELL,8,8,0
1996,CORNELIUS,9,9,0
1996,CORY,86,86,0
1996,COSIMO,5,5,0
1996,CRAIG,56,56,0
1996,CALLUM,40,40,0
1996,DANNY,30,30,0
1996,CALEB,120,120,0
1996,CALDER,6,6,0
1996,BILAL,22,22,0
1996,BILL,6,6,0
1996,BILLAL,5,5,0
1996,BILLY,14,14,0
1996,BLAINE,9,9,0
1996,BLAKE,102,102,0
1996,BERNHARD,5,5,0
1996,BOBBY,10,10,0
1996,BRADEN,65,65,0
1996,BRADLEY,385,385,0
1996,BRADLY,18,18,0
1996,BRADY,75,75,0
1996,BRADYN,5,5,0
1996,BRAEDAN,8,8,0
1996,BRAD,7,7,0
1996,BRAEDEN,61,61,0
1996,BERNARD,10,10,0
1996,BENOIT,10,10,0
1996,AUSTYN,15,15,0
1996,AVINASH,11,11,0
1996,AVNEET,5,5,0
1996,AVRAHAM,5,5,0
1996,AYUB,5,5,0
1996,BAO,6,6,0
1996,BENSON,7,7,0
1996,BARRY,5,5,0
1996,BEAU,10,10,0
1996,BEN,22,22,0
1996,BENEDICT,5,5,0
1996,BENJAMIN,606,606,0
1996,BENNETT,16,16,0
1996,BENNY,14,14,0
1996,BASHIR,6,6,0
1996,BRAEDON,24,24,0
1996,BRAIDEN,13,13,0
1996,BRANDAN,15,15,0
1996,BROCK,66,66,0
1996,BRODIE,41,41,0
1996,BRODY,89,89,0
1996,BRONSON,18,18,0
1996,BRUCE,23,23,0
1996,BRUNO,12,12,0
1996,BRIAN,205,205,0
1996,BRYAN,109,109,0
1996,BRYCE,84,84,0
1996,BRYCEN,5,5,0
1996,BRYDEN,10,10,0
1996,BRYSON,13,13,0
1996,BYRON,10,10,0
1996,CAELAN,5,5,0
1996,BRYANT,7,7,0
1996,BRETT,196,196,0
1996,BRET,6,6,0
1996,BRENTON,6,6,0
1996,BRANDEN,37,37,0
1996,BRANDON,1045,1045,0
1996,BRANDON-LEE,6,6,0
1996,BRANDYN,9,9,0
1996,BRANSON,6,6,0
1996,BRAXTON,5,5,0
1996,BRAYDAN,5,5,0
1996,BRAYDEN,90,90,0
1996,BRAYDON,32,32,0
1996,BRENDAN,172,172,0
1996,BRENDEN,45,45,0
1996,BRENDON,19,19,0
1996,BRENNAN,53,53,0
1996,BRENNEN,10,10,0
1996,BRENT,85,85,0
1996,CALE,10,10,0
1996,DANTE,26,26,0
1996,DANY,6,6,0
1996,DARIO,6,6,0
1996,ERIK,85,85,0
1996,ERNEST,16,16,0
1996,ETHAN,188,188,0
1996,ETIENNE,10,10,0
1996,EUGENE,13,13,0
1996,EVAN,310,310,0
1996,ERICK,15,15,0
1996,EVERETT,11,11,0
1996,EZEKIEL,7,7,0
1996,EZRA,6,6,0
1996,FABIAN,9,9,0
1996,FABIO,5,5,0
1996,FAHAD,6,6,0
1996,FAHIM,5,5,0
1996,EVIN,6,6,0
1996,FAISAL,6,6,0
1996,ERICH,8,8,0
1996,EMMETT,11,11,0
1996,EDMUND,6,6,0
1996,EDUARDO,5,5,0
1996,EDWARD,91,91,0
1996,EDWIN,23,23,0
1996,ELI,19,19,0
1996,ELIAS,27,27,0
1996,ERIC,594,594,0
1996,ELIJAH,72,72,0
1996,ELLIOTT,19,19,0
1996,ELTON,5,5,0
1996,EMANUEL,8,8,0
1996,EMERSON,18,18,0
1996,EMILIO,9,9,0
1996,EMMANUEL,23,23,0
1996,ELLIOT,19,19,0
1996,FARHAN,15,15,0
1996,FELIPE,5,5,0
1996,FELIX,39,39,0
1996,GAGAN,8,8,0
1996,GAGE,31,31,0
1996,GARETH,18,18,0
1996,GARNET,5,5,0
1996,GARRET,15,15,0
1996,GARRETT,86,86,0
1996,GAETANO,5,5,0
1996,GARTH,5,5,0
1996,GAVIN,70,70,0
1996,GEOFFREY,48,48,0
1996,GEORGE,85,85,0
1996,GEORGIOS,5,5,0
1996,GERALD,21,21,0
1996,GERARD,8,8,0
1996,GARY,29,29,0
1996,GABRIEL,144,144,0
1996,FREDRICK,6,6,0
1996,FREDERICK,22,22,0
1996,FERNANDO,14,14,0
1996,FILIP,19,19,0
1996,FILIPE,8,8,0
1996,FLETCHER,6,6,0
1996,FOSTER,6,6,0
1996,FOX,5,5,0
1996,FRANCESCO,43,43,0
1996,FRANCIS,44,44,0
1996,FRANCISCO,8,8,0
1996,FRANCO,10,10,0
1996,FRANCOIS,12,12,0
1996,FRANK,41,41,0
1996,FRANKIE,9,9,0
1996,FRANKLIN,9,9,0
1996,FRASER,22,22,0
1996,EDMOND,5,5,0
1996,EDISON,6,6,0
1996,EDGAR,8,8,0
1996,EDDIE,9,9,0
1996,DEANDRE,5,5,0
1996,DECLAN,16,16,0
1996,DEION,12,12,0
1996,DENIS,21,21,0
1996,DENNIS,40,40,0
1996,DENVER,11,11,0
1996,DEAN,62,62,0
1996,DENZEL,16,16,0
1996,DEREK,155,155,0
1996,DERIAN,6,6,0
1996,DERICK,10,10,0
1996,DERRICK,39,39,0
1996,DESHAUN,6,6,0
1996,DESHAWN,6,6,0
1996,DEON,6,6,0
1996,DAYTON,11,11,0
1996,DAYNE,5,5,0
1996,DAYLON,5,5,0
1996,DARION,6,6,0
1996,DARIUS,11,11,0
1996,DARNELL,14,14,0
1996,DARRELL,6,6,0
1996,DARREN,92,92,0
1996,DARRIN,7,7,0
1996,DARRYL,22,22,0
1996,DARWIN,5,5,0
1996,DARYL,7,7,0
1996,DAVE,10,10,0
1996,DAVID,757,757,0
1996,DAVIDE,5,5,0
1996,DAVINDER,7,7,0
1996,DAVIS,23,23,0
1996,DAWSON,24,24,0
1996,DESMOND,19,19,0
1996,GIANCARLO,13,13,0
1996,DEVANTE,8,8,0
1996,DEVONTE,10,10,0
1996,DORIAN,10,10,0
1996,DOUGLAS,89,89,0
1996,DRAKE,38,38,0
1996,DRYDEN,7,7,0
1996,DUNCAN,42,42,0
1996,DUSAN,5,5,0
1996,DONTE,6,6,0
1996,DUSTIN,133,133,0
1996,DWAYNE,9,9,0
1996,DWIGHT,7,7,0
1996,DYLAN,575,575,0
1996,DYLLAN,5,5,0
1996,DYLON,8,8,0
1996,EARL,11,11,0
1996,DUSTYN,6,6,0
1996,DONTAE,5,5,0
1996,DONOVAN,46,46,0
1996,DONALD,53,53,0
1996,DEXTER,6,6,0
1996,DIEGO,15,15,0
1996,DILAN,6,6,0
1996,DILLAN,6,6,0
1996,DILLON,84,84,0
1996,DIMITRI,9,9,0
1996,DIMITRIOS,6,6,0
1996,DINESH,5,5,0
1996,DION,10,10,0
1996,DOMENIC,15,15,0
1996,DOMENICO,12,12,0
1996,DOMINIC,63,63,0
1996,DOMINICK,12,12,0
1996,DOMINIK,18,18,0
1996,DON,5,5,0
1996,DEVEN,6,6,0
1996,AALIYAH,11,0,11
1996,ABBEY,18,0,18
1996,ABBIE,8,0,8
1996,MARIANNE,14,0,14
1996,MARIANNA,14,0,14
1996,MARIANA,8,0,8
1996,MARIAM,40,0,40
1996,MARIAH,80,0,80
1996,MARIA,144,0,144
1996,MARIE,207,0,207
1996,MARGUERITE,6,0,6
1996,MARGARET,99,0,99
1996,MARANDA,7,0,7
1996,MARA,22,0,22
1996,MANPREET,26,9,17
1996,MANJOT,13,7,6
1996,MANISHA,11,0,11
1996,MARGARETHA,7,0,7
1996,MANDY,21,0,21
1996,MARIE-EVE,12,0,12
1996,MARIJA,11,0,11
1996,MARTINA,15,0,15
1996,MARTHA,27,0,27
1996,MARTA,10,0,10
1996,MARLEY,14,0,14
1996,MARLENE,6,0,6
1996,MARLENA,9,0,9
1996,MARIELLE,9,0,9
1996,MARLEE,12,0,12
1996,MARISSA,129,0,129
1996,MARISA,68,0,68
1996,MARION,7,0,7
1996,MARINA,64,0,64
1996,MARILYN,17,0,17
1996,MARIKA,7,0,7
1996,MARJORIE,6,0,6
1996,MALLORY,34,0,34
1996,MALAIKA,6,0,6
1996,MAKENZIE,18,5,13
1996,MACKENZIE,482,176,306
1996,LYNN,7,0,7
1996,LYNETTE,6,0,6
1996,LYNDSEY,7,0,7
1996,LYNDSAY,20,0,20
1996,LYNDA,8,0,8
1996,MADALYN,6,0,6
1996,LYDIA,54,0,54
1996,LUCINDA,8,0,8
1996,LUCIA,20,0,20
1996,LOUISE,7,0,7
1996,LOUISA,6,0,6
1996,LORRAINE,6,0,6
1996,LORNA,6,0,6
1996,LUCY,25,0,25
1996,MADDISON,39,0,39
1996,MADELAINE,28,0,28
1996,MADELEINE,94,0,94
1996,MAKAYLA,38,0,38
1996,MAJA,7,0,7
1996,MAIREAD,6,0,6
1996,MAIA,10,0,10
1996,MAI,6,0,6
1996,MAHA,7,0,7
1996,MAGGIE,54,0,54
1996,MAGDALENA,10,0,10
1996,MAEVE,9,0,9
1996,MAEGAN,19,0,19
1996,MADYSON,8,0,8
1996,MADISYN,8,0,8
1996,MADISON,457,8,449
1996,MADELYN,20,0,20
1996,MADELINE,167,0,167
1996,MARTINE,12,0,12
1996,LORI,6,0,6
1996,MARWA,9,0,9
1996,MARYAM,30,0,30
1996,MORGAN,247,60,187
1996,MONTANA,39,7,32
1996,MONISHA,6,0,6
1996,MONIQUE,47,0,47
1996,MONIKA,50,0,50
1996,MONICA,186,0,186
1996,MORIAH,6,0,6
1996,MONA,9,0,9
1996,MOIRA,7,0,7
1996,MIRIAM,37,0,37
1996,MIREILLE,6,0,6
1996,MIRANDA,123,0,123
1996,MIRA,6,0,6
1996,MINA,12,0,12
1996,MOLLY,70,0,70
1996,MILENA,9,0,9
1996,MUNA,18,0,18
1996,MYKAYLA,6,0,6
1996,NAVJOT,16,7,9
1996,NATHALIE,37,0,37
1996,NATASHA,273,0,273
1996,NATALIE,313,0,313
1996,NATALIA,46,0,46
1996,NAOMI,69,0,69
1996,MY,9,0,9
1996,NANCY,41,0,41
1996,NAIMA,6,0,6
1996,NADINE,28,0,28
1996,NADIA,63,0,63
1996,MYRIAM,13,0,13
1996,MYRANDA,8,0,8
1996,MYRA,7,0,7
1996,NAJMA,9,0,9
1996,MILA,6,0,6
1996,MIKHAELA,6,0,6
1996,MIKAYLA,92,0,92
1996,MEGHA,7,0,7
1996,MEGAN,609,0,609
1996,MEG,7,0,7
1996,MEERA,8,0,8
1996,MEAGHAN,68,0,68
1996,MEAGAN,132,0,132
1996,MEGHAN,146,0,146
1996,MCKENZIE,33,12,21
1996,MAYA,43,0,43
1996,MAXINE,14,0,14
1996,MAXIME,45,39,6
1996,MAUREEN,7,0,7
1996,MATILDA,10,0,10
1996,MARYANN,6,0,6
1996,MCKAYLA,14,0,14
1996,MELANIE,170,0,170
1996,MELINA,13,0,13
1996,MELINDA,27,0,27
1996,MIKAELA,49,0,49
1996,MICHELLE,397,0,397
1996,MICHELE,27,14,13
1996,MICHELA,12,0,12
1996,MICHAELLA,6,0,6
1996,MICHAELA,122,0,122
1996,MICAELA,29,0,29
1996,MIA,36,0,36
1996,MERISSA,9,0,9
1996,MEREDITH,27,0,27
1996,MERCEDES,45,0,45
1996,MELODY,23,0,23
1996,MELODIE,7,0,7
1996,MELISSA,462,0,462
1996,MELISA,10,0,10
1996,MARY,166,0,166
1996,LOREN,6,0,6
1996,LOIS,6,0,6
1996,LOGAN,260,221,39
1996,KENDALL,19,0,19
1996,KENDAL,6,0,6
1996,KELSIE,17,0,17
1996,KELSI,6,0,6
1996,KELSEY,264,10,254
1996,KELLY,126,6,120
1996,KENDRA,137,0,137
1996,KELLIE,9,0,9
1996,KEISHA,39,0,39
1996,KEIRA,19,0,19
1996,KEESHA,13,0,13
1996,KEELY,17,0,17
1996,KEELEY,6,0,6
1996,KEEGAN,64,58,6
1996,KELLI,6,0,6
1996,KEARA,8,0,8
1996,KENNEDY,89,5,84
1996,KENZIE,10,0,10
1996,KIMBERLY,129,0,129
1996,KIMBERLEY,26,0,26
1996,KIM,25,0,25
1996,KIERSTEN,14,0,14
1996,KIERA,24,0,24
1996,KIARA,14,0,14
1996,KENYA,9,0,9
1996,KIANNA,13,0,13
1996,KHADIJAH,6,0,6
1996,KHADIJA,16,0,16
1996,KEZIA,6,0,6
1996,KERRY,9,0,9
1996,KERRI,7,0,7
1996,KERI,6,0,6
1996,KIANA,67,0,67
1996,KEANNA,11,0,11
1996,KEANA,8,0,8
1996,KAYLYN,10,0,10
1996,KATHERINE,312,0,312
1996,KATHARINE,25,0,25
1996,KATHARINA,10,0,10
1996,KATERINA,22,0,22
1996,KATELYNN,33,0,33
1996,KATELYN,167,0,167
1996,KATHLEEN,155,0,155
1996,KATELIN,11,0,11
1996,KATARZYNA,6,0,6
1996,KATARINA,37,0,37
1996,KASSIDY,21,0,21
1996,KASSANDRA,101,0,101
1996,KASEY,19,5,14
1996,KASANDRA,13,0,13
1996,KATE,81,0,81
1996,KATHRYN,97,0,97
1996,KATHY,28,0,28
1996,KATIA,7,0,7
1996,KAYLIN,9,0,9
1996,KAYLIE,14,0,14
1996,KAYLEY,10,0,10
1996,KAYLEIGH,18,0,18
1996,KAYLEEN,6,0,6
1996,KAYLEE,37,0,37
1996,KAYLEA,8,0,8
1996,KAYLA,409,0,409
1996,KAVITA,8,0,8
1996,KATYA,8,0,8
1996,KATRYNA,8,0,8
1996,KATRINA,145,0,145
1996,KATLYN,22,0,22
1996,KATLIN,12,0,12
1996,KATIE,110,0,110
1996,KIRA,31,0,31
1996,KIRAN,23,8,15
1996,KIRSTEN,108,0,108
1996,KIRSTIN,17,0,17
1996,LESLEY,6,0,6
1996,LEORA,6,0,6
1996,LEONA,7,0,7
1996,LENA,22,0,22
1996,LEILA,12,0,12
1996,LEIGHA,6,0,6
1996,LESLIE,29,9,20
1996,LEENA,8,0,8
1996,LEANNE,45,0,45
1996,LEANNA,12,0,12
1996,LEANDRA,8,0,8
1996,LEAH,176,0,176
1996,LEA,15,0,15
1996,LAURYN,8,0,8
1996,LEE,27,20,7
1996,LETICIA,6,0,6
1996,LEXI,9,0,9
1996,LEXIS,6,0,6
1996,LISA,163,0,163
1996,LINDSEY,58,0,58
1996,LINDSAY,186,0,186
1996,LINDA,41,0,41
1996,LINA,12,0,12
1996,LILY,32,0,32
1996,LILLIAN,21,0,21
1996,LILIANA,9,0,9
1996,LILIAN,12,0,12
1996,LILA,6,0,6
1996,LIDIA,7,0,7
1996,LIANNE,9,0,9
1996,LIANA,13,0,13
1996,LIA,15,0,15
1996,LEXUS,8,0,8
1996,LAURISSA,7,0,7
1996,NAVNEET,12,0,12
1996,LAURIE,9,0,9
1996,LAUREL,13,0,13
1996,KRYSTA,7,0,7
1996,KRISTYN,16,0,16
1996,KRISTY,30,0,30
1996,KRISTINE,26,0,26
1996,KRISTINA,104,0,104
1996,KRISTIN,58,0,58
1996,KRYSTAL,40,0,40
1996,KRISTIE,15,0,15
1996,KRISTEN,218,0,218
1996,KRISTA,66,0,66
1996,KOURTNEY,12,0,12
1996,KOMAL,8,0,8
1996,KLARA,6,0,6
1996,KIRSTYN,6,0,6
1996,KRISTI,7,0,7
1996,KRYSTEN,9,0,9
1996,KRYSTINA,9,0,9
1996,KSENIA,6,0,6
1996,LAURA,392,0,392
1996,LATISHA,6,0,6
1996,LATASHA,6,0,6
1996,LARYSA,6,0,6
1996,LARISSA,50,0,50
1996,LARA,27,0,27
1996,LANA,12,0,12
1996,LAKEN,7,0,7
1996,LAILA,13,0,13
1996,LADAN,10,0,10
1996,LACEY,11,0,11
1996,KYRA,54,0,54
1996,KYLIE,62,0,62
1996,KYLEE,14,0,14
1996,KYLA,56,0,56
1996,LAUREN,433,0,433
1996,KARYN,7,0,7
1996,NEHA,15,0,15
1996,NIA,8,0,8
1996,SUSANNAH,6,0,6
1996,SUSANNA,7,0,7
1996,SUSANA,15,0,15
1996,SUSAN,52,0,52
1996,SUMMER,64,0,64
1996,SUMAYA,7,0,7
1996,SUZANNE,13,0,13
1996,STEPHANY,7,0,7
1996,STELLA,6,0,6
1996,STEFANIE,44,0,44
1996,STEFANIA,7,0,7
1996,STEFANI,9,0,9
1996,STACY,12,0,12
1996,STACIE,6,0,6
1996,STEPHANIE,562,0,562
1996,STACEY,35,0,35
1996,SYDNEE,9,0,9
1996,SYEDA,7,0,7
1996,TARA,73,0,73
1996,TANYA,44,0,44
1996,TANISHA,18,0,18
1996,TANIA,22,0,22
1996,TANESHA,6,0,6
1996,TAMMY,16,0,16
1996,SYDNEY,358,10,348
1996,TAMIKA,11,0,11
1996,TAMAR,9,0,9
1996,TALIA,35,0,35
1996,TAIJA,6,0,6
1996,TABITHA,26,0,26
1996,SYLVIE,6,0,6
1996,SYLVIA,28,0,28
1996,TAMARA,78,0,78
1996,SOPHIE,89,0,89
1996,SOPHIA,80,0,80
1996,SONYA,15,0,15
1996,SHYANNA,8,0,8
1996,SHYANN,7,0,7
1996,SHUKRI,6,0,6
1996,SHONA,6,0,6
1996,SHIVANI,13,0,13
1996,SHIRLEY,21,0,21
1996,SHYANNE,22,0,22
1996,SHIRA,7,0,7
1996,SHERRY,6,0,6
1996,SHERIDAN,10,0,10
1996,SHENELLE,6,0,6
1996,SHELLY,8,0,8
1996,SHELLEY,8,0,8
1996,SHELBY,200,9,191
1996,SHIANNE,6,0,6
1996,SHYLA,7,0,7
1996,SIDNEY,29,11,18
1996,SIENNA,8,0,8
1996,SONJA,7,0,7
1996,SONIA,38,0,38
1996,SOMMER,8,0,8
1996,SOFIA,37,0,37
1996,SKYLER,41,33,8
1996,SKYLAR,54,27,27
1996,SKYE,25,7,18
1996,SKY,8,0,8
1996,SIOBHAN,19,0,19
1996,SINEAD,7,0,7
1996,SIMRIN,6,0,6
1996,SIMRAN,49,8,41
1996,SIMONE,25,0,25
1996,SIMONA,10,0,10
1996,SIERRA,145,0,145
1996,TARYN,32,0,32
1996,SHEILA,11,0,11
1996,TASHA,16,0,16
1996,TATIANA,27,0,27
1996,VIVIAN,56,0,56
1996,VIRGINIA,22,0,22
1996,VIENNA,7,0,7
1996,VICTORIA,644,0,644
1996,VICKY,16,0,16
1996,VERONIQUE,16,0,16
1996,VIVIEN,9,0,9
1996,VERONIKA,9,0,9
1996,VENESSA,12,0,12
1996,VANESSA,337,0,337
1996,VALERIE,82,0,82
1996,VALENTINA,13,0,13
1996,TYRA,20,0,20
1996,TRISTIN,25,18,7
1996,VERONICA,110,0,110
1996,TRISTEN,59,47,12
1996,WENDY,17,0,17
1996,WILLOW,10,0,10
1996,ZOEY,12,0,12
1996,ZOE,105,0,105
1996,ZEINAB,8,0,8
1996,ZARA,6,0,6
1996,ZAINAB,22,0,22
1996,ZAHRA,22,0,22
1996,WHITNEY,34,0,34
1996,YVONNE,13,0,13
1996,YASMINE,22,0,22
1996,YASMIN,20,0,20
1996,YASMEEN,15,0,15
1996,XENA,7,0,7
1996,WINNIE,15,0,15
1996,WING,7,0,7
1996,YVETTE,6,0,6
1996,TRISTAN,302,285,17
1996,TRISTA,9,0,9
1996,TRISHA,20,0,20
1996,THANH,7,0,7
1996,THALIA,9,0,9
1996,TESSA,59,0,59
1996,TESS,24,0,24
1996,TERI,7,0,7
1996,TERESA,28,0,28
1996,THAO,9,0,9
1996,TEIGHAN,6,0,6
1996,TEANNA,8,0,8
1996,TEAGAN,15,5,10
1996,TAYLOR,899,198,701
1996,TAYLER,39,14,25
1996,TATYANA,15,0,15
1996,TATIANNA,6,0,6
1996,TEGAN,9,0,9
1996,THEA,8,0,8
1996,THEODORA,6,0,6
1996,THERESA,30,0,30
1996,TRINITY,12,0,12
1996,TRICIA,12,0,12
1996,TRACY,26,0,26
1996,TRACEY,8,0,8
1996,TORI,50,0,50
1996,TONI,18,0,18
1996,TINA,54,0,54
1996,TIFFANY,174,0,174
1996,TIFFANI,9,0,9
1996,TIARA,13,0,13
1996,TIANNA,41,0,41
1996,TIANA,43,0,43
1996,TIA,27,0,27
1996,THUY,7,0,7
1996,THI,10,0,10
1996,TASNIM,8,0,8
1996,SHEENA,8,0,8
1996,SHAYNA,41,0,41
1996,SHAYLIN,6,0,6
1996,RAYNA,6,0,6
1996,RAVNEET,8,0,8
1996,RAVEN,37,0,37
1996,RAQUEL,34,0,34
1996,RANDI,12,0,12
1996,RANA,6,0,6
1996,REAGAN,12,0,12
1996,RAEANNE,7,0,7
1996,RACHELLE,52,0,52
1996,RACHEL,795,0,795
1996,RACHEAL,9,0,9
1996,RACHAEL,127,0,127
1996,QUINN,101,85,16
1996,PUNEET,16,6,10
1996,RADHIKA,6,0,6
1996,PRIYANKA,7,0,7
1996,REANNA,7,0,7
1996,REBECCA,589,0,589
1996,RHONDA,6,0,6
1996,RHIANNON,23,0,23
1996,RHEA,7,0,7
1996,RENEE,75,0,75
1996,RENA,6,0,6
1996,REGINA,6,0,6
1996,REBECA,8,0,8
1996,REGAN,28,8,20
1996,REEM,8,0,8
1996,REBEKKA,9,0,9
1996,REBEKAH,43,0,43
1996,REBEKA,6,0,6
1996,REBECKA,6,0,6
1996,REBECCA-LYNN,8,0,8
1996,REENA,8,0,8
1996,PRIYA,20,0,20
1996,PRISCILLA,21,0,21
1996,PIPER,6,0,6
1996,NORA,10,0,10
1996,NOOR,12,0,12
1996,NOELLE,13,0,13
1996,NOA,10,0,10
1996,NISHA,8,0,8
1996,NINA,31,0,31
1996,NOUR,11,0,11
1996,NIKKI,18,0,18
1996,NIKI,13,0,13
1996,NIDA,6,0,6
1996,NICOLETTE,18,0,18
1996,NICOLE,809,0,809
1996,NICOLA,30,12,18
1996,NICHOLE,20,0,20
1996,NIKITA,27,0,27
1996,OCEAN,14,0,14
1996,OKSANA,7,0,7
1996,OLIVIA,370,0,370
1996,PHOEBE,19,0,19
1996,PEYTON,7,0,7
1996,PAYTON,32,6,26
1996,PAULINE,16,0,16
1996,PAULINA,33,0,33
1996,PAULA,33,0,33
1996,PATRYCJA,6,0,6
1996,PATRICIA,81,0,81
1996,PASCALE,9,0,9
1996,PARIS,9,0,9
1996,PAOLA,8,0,8
1996,PAMELA,28,0,28
1996,PAISLEY,7,0,7
1996,PAIGE,233,0,233
1996,ORIANA,6,0,6
1996,RIANA,6,0,6
1996,RICHELLE,12,0,12
1996,RICKI,8,0,8
1996,RILEY,270,211,59
1996,SERENA,74,0,74
1996,SERA,7,0,7
1996,SELINA,31,0,31
1996,SELENA,55,0,55
1996,SAVANNAH,126,0,126
1996,SAVANNA,21,0,21
1996,SERINA,14,0,14
1996,SAVANAH,7,0,7
1996,SASHA,50,14,36
1996,SARINA,20,0,20
1996,SARAH,1201,0,1201
1996,SARA,330,0,330
1996,SANTANA,11,0,11
1996,SANDY,17,0,17
1996,SASKIA,6,0,6
1996,SHAE,6,0,6
1996,SHAE-LYNN,15,0,15
1996,SHAELYN,18,0,18
1996,SHAYLA,36,0,36
1996,SHAYE,8,0,8
1996,SHAWNA,48,0,48
1996,SHAUNA,33,0,33
1996,SHARON,48,0,48
1996,SHANTEL,16,0,16
1996,SHANNON,300,0,300
1996,SHANNAN,6,0,6
1996,SHANNA,14,0,14
1996,SHANICE,33,0,33
1996,SHANIA,127,0,127
1996,SHANELLE,12,0,12
1996,SHANA,10,0,10
1996,SHAINA,18,0,18
1996,SHAELYNN,6,0,6
1996,SANDRA,48,0,48
1996,NGOC,11,5,6
1996,SANA,15,0,15
1996,SAMIRA,11,0,11
1996,RYLEE,15,0,15
1996,RUTH,33,0,33
1996,RUBY,16,0,16
1996,ROXANNE,19,0,19
1996,ROWAN,30,19,11
1996,ROSEMARY,14,0,14
1996,RYLEIGH,10,0,10
1996,ROSE,19,0,19
1996,ROSA,7,0,7
1996,ROCHELLE,30,0,30
1996,ROBYN,84,0,84
1996,ROBIN,73,32,41
1996,ROBERTA,8,0,8
1996,RITA,15,0,15
1996,ROSALIE,11,0,11
1996,RYLEY,26,15,11
1996,SABINA,8,0,8
1996,SABREENA,6,0,6
1996,SAMARA,11,0,11
1996,SAMANTHA,976,0,976
1996,SALMA,15,0,15
1996,SALLY,12,0,12
1996,SALINA,12,0,12
1996,SAHRA,7,0,7
1996,SAHAR,9,0,9
1996,SAGE,12,0,12
1996,SAGAL,12,0,12
1996,SAFIYA,6,0,6
1996,SAFIA,8,0,8
1996,SAFA,7,0,7
1996,SADIE,33,0,33
1996,SABRYNA,7,0,7
1996,SABRINA,362,0,362
1996,SAMMI,6,0,6
1996,MARIO,44,44,0
1996,KAROLINA,14,0,14
1996,KARLIE,14,0,14
1996,CAITLYNN,6,0,6
1996,CAITLYN,75,0,75
1996,CAITLIN,160,0,160
1996,CAILEY,8,0,8
1996,BRYN,13,7,6
1996,BRYANNA,43,0,43
1996,CALEIGH,9,0,9
1996,BROOKLYNN,14,0,14
1996,BROOKE,274,0,274
1996,BROOK,11,0,11
1996,BRONWYN,25,0,25
1996,BRONTE,16,0,16
1996,BRITTNY,6,0,6
1996,BRITTNEY,93,0,93
1996,BROOKLYN,53,0,53
1996,BRITTANY,463,0,463
1996,CALEY,6,0,6
1996,CAMERON,396,387,9
1996,CARLI,8,0,8
1996,CARLEY,34,0,34
1996,CARLENE,7,0,7
1996,CARLEIGH,7,0,7
1996,CARLEE,10,0,10
1996,CARLA,15,0,15
1996,CALLIE,7,0,7
1996,CARISSA,30,0,30
1996,CARA,28,0,28
1996,CANDICE,31,0,31
1996,CANDACE,24,0,24
1996,CAMILLE,40,0,40
1996,CAMILLA,16,0,16
1996,CAMILA,7,0,7
1996,CARINA,15,0,15
1996,BRITNEY,29,0,29
1996,BRIGITTE,17,0,17
1996,BRIGETTE,6,0,6
1996,BLAIR,37,28,9
1996,BILLIE,10,0,10
1996,BIBI,7,0,7
1996,BIANKA,8,0,8
1996,BIANCA,102,0,102
1996,BEVERLY,8,0,8
1996,BONNIE,19,0,19
1996,BETTY,11,0,11
1996,BETH,8,0,8
1996,BERNICE,8,0,8
1996,BERNADETTE,6,0,6
1996,BELINDA,9,0,9
1996,BEATRICE,18,0,18
1996,BAYLEY,11,0,11
1996,BETHANY,73,0,73
1996,BRANDI,24,0,24
1996,BRANDIE,6,0,6
1996,BRANDY,19,0,19
1996,BRIELLE,11,0,11
1996,BRIEANNE,6,0,6
1996,BRIEANNA,6,0,6
1996,BRIDGETTE,8,0,8
1996,BRIDGET,58,0,58
1996,BRIAR,11,0,11
1996,BRIANNE,81,0,81
1996,BRIANNA,258,0,258
1996,BRIANA,37,0,37
1996,BRENNA,43,0,43
1996,BRENDA,29,0,29
1996,BREANNE,51,0,51
1996,BREANNA,101,0,101
1996,BREANN,11,0,11
1996,BREANA,7,0,7
1996,MARKO,30,30,0
1996,BAYLEE,15,0,15
1996,CARLING,9,0,9
1996,CARMEN,37,5,32
1996,CHRISTINE,162,0,162
1996,CHRISTINA,250,0,250
1996,CHRISTIE,21,0,21
1996,CHRISTIANA,7,0,7
1996,CHRISTA,11,0,11
1996,CHLOÉ,11,0,11
1996,CHRISTY,18,0,18
1996,CHLOE,147,0,147
1996,CHEYENNE,78,0,78
1996,CHEYANNE,28,0,28
1996,CHERYL,15,0,15
1996,CHELSIE,8,0,8
1996,CHELSEY,60,0,60
1996,CHELSEA,285,0,285
1996,CHIARA,12,0,12
1996,CHAYA,6,0,6
1996,CIARA,25,0,25
1996,CINDY,47,0,47
1996,CORI,12,0,12
1996,COREY,131,125,6
1996,CORAL,13,0,13
1996,CORA,10,0,10
1996,CONSTANCE,9,0,9
1996,CONNOR,571,563,8
1996,CIERRA,26,0,26
1996,CONNIE,11,0,11
1996,COLETTE,6,0,6
1996,CLAUDIA,78,0,78
1996,CLARISSA,19,0,19
1996,CLARE,19,0,19
1996,CLARA,30,0,30
1996,CLAIRE,123,0,123
1996,COLLEEN,58,0,58
1996,CHASE,75,69,6
1996,CHARMAINE,14,0,14
1996,CHARLOTTE,119,0,119
1996,CAYLA,7,0,7
1996,CATHY,20,0,20
1996,CATHERINE,138,0,138
1996,CATARINA,9,0,9
1996,CASSIE,6,0,6
1996,CASSIDY,132,7,125
1996,CAYLEY,6,0,6
1996,CASSANDRA,403,0,403
1996,CASANDRA,21,0,21
1996,CARRIE,24,0,24
1996,CAROLYN,45,0,45
1996,CAROLINE,119,0,119
1996,CAROLINA,15,0,15
1996,CAROL,15,0,15
1996,CASEY,81,34,47
1996,CECILE,7,0,7
1996,CECILIA,15,0,15
1996,CEILIDH,6,0,6
1996,CHARLENE,25,0,25
1996,CHARITY,8,0,8
1996,CHANTELLE,71,0,71
1996,CHANTEL,63,0,63
1996,CHANTE,6,0,6
1996,CHANTALLE,7,0,7
1996,CHANTALE,6,0,6
1996,CHANTAL,78,0,78
1996,CHANELLE,26,0,26
1996,CHANEL,28,0,28
1996,CELINE,48,0,48
1996,CELINA,52,0,52
1996,CELIA,8,0,8
1996,CELESTE,42,0,42
1996,CELENA,7,0,7
1996,CARLY,139,0,139
1996,BARBARA,24,0,24
1996,BAILEY,221,84,137
1996,BAILEE,6,0,6
1996,ALISA,11,0,11
1996,ALINA,15,0,15
1996,ALICIA,196,0,196
1996,ALICE,29,0,29
1996,ALIA,11,0,11
1996,ALEXUS,10,0,10
1996,ALISHA,67,0,67
1996,ALEXIS,198,6,192
1996,ALEXI,15,8,7
1996,ALEXANDRIA,115,0,115
1996,ALEXANDREA,19,0,19
1996,ALEXANDRA,657,0,657
1996,ALEXA,97,0,97
1996,ALEX,211,198,13
1996,ALEXIA,50,0,50
1996,ALESSIA,61,0,61
1996,ALISON,99,0,99
1996,ALIYA,11,0,11
1996,ALYSSIA,6,0,6
1996,ALYSSA,383,0,383
1996,ALYSON,17,0,17
1996,ALYSHIA,9,0,9
1996,ALYSHA,58,0,58
1996,ALYSA,11,0,11
1996,ALISSA,27,0,27
1996,ALYCIA,21,0,21
1996,ALLYSON,29,0,29
1996,ALLYSHA,8,0,8
1996,ALLISON,183,0,183
1996,ALLEGRA,9,0,9
1996,ALLANA,6,0,6
1996,ALIYAH,15,0,15
1996,ALMA,6,0,6
1996,ALESSANDRA,45,0,45
1996,ALESHA,8,0,8
1996,ALEKSANDRA,25,0,25
1996,AGATHA,8,0,8
1996,ADRIENNE,31,0,31
1996,ADRIANNA,33,0,33
1996,ADRIANA,48,0,48
1996,ADINA,6,0,6
1996,ADELE,8,0,8
1996,AGNES,7,0,7
1996,ADELAIDE,7,0,7
1996,ADA,8,0,8
1996,ABISHA,6,0,6
1996,ABIGAYLE,6,0,6
1996,ABIGAIL,170,0,170
1996,ABBY,25,0,25
1996,ABBIGAIL,8,0,8
1996,ADDISON,18,7,11
1996,AIDAN,174,164,10
1996,AIMEE,26,0,26
1996,AINSLEY,11,0,11
1996,ALEJANDRA,7,0,7
1996,ALEISHA,10,0,10
1996,ALEESHA,10,0,10
1996,ALECIA,8,0,8
1996,ALEASHA,6,0,6
1996,ALEAH,6,0,6
1996,ALANNAH,33,0,33
1996,ALANNA,63,0,63
1996,ALANIS,7,0,7
1996,ALANAH,8,0,8
1996,ALANA,84,0,84
1996,ALAINA,12,0,12
1996,ALAA,6,0,6
1996,AISLINN,6,0,6
1996,AISHA,38,0,38
1996,AMAL,21,0,21
1996,AMANDA,688,0,688
1996,AMANDEEP,25,16,9
1996,AMARA,11,0,11
1996,ASHLYN,24,0,24
1996,ASHLEY,681,0,681
1996,ASHLEIGH,33,0,33
1996,ASHLEE,21,0,21
1996,ASHA,23,0,23
1996,ARIELLE,26,0,26
1996,ASHLYNN,11,0,11
1996,ARIEL,40,11,29
1996,ARIANNA,12,0,12
1996,ARIANA,30,0,30
1996,ARDEN,12,0,12
1996,AQSA,6,0,6
1996,APRIL,42,0,42
1996,ANTONIA,8,0,8
1996,ARIANNE,7,0,7
1996,ASHNA,8,0,8
1996,ASHTON,36,27,9
1996,ASIA,8,0,8
1996,BABY,19,10,9
1996,AYLA,10,0,10
1996,AYESHA,15,0,15
1996,AYAN,19,0,19
1996,AYAH,7,0,7
1996,AYAAN,6,0,6
1996,AWO,6,0,6
1996,AVERY,78,45,33
1996,AVA,10,0,10
1996,AUTUMN,60,0,60
1996,AURORA,12,0,12
1996,AUDREY,29,0,29
1996,AUBREY,12,5,7
1996,ATHENA,11,0,11
1996,ASMA,15,0,15
1996,ANNIKA,13,0,13
1996,CORINA,6,0,6
1996,ANNIE,51,0,51
1996,ANNE-MARIE,9,0,9
1996,ANGEL,37,0,37
1996,ANEESA,6,0,6
1996,ANDREA,222,10,212
1996,ANASTASIA,33,0,33
1996,ANA,34,0,34
1996,AMY,308,0,308
1996,ANGELA,158,0,158
1996,AMRITA,7,0,7
1996,AMIRA,8,0,8
1996,AMINA,26,0,26
1996,AMIE,7,0,7
1996,AMELIE,9,0,9
1996,AMELIA,71,0,71
1996,AMBER,222,0,222
1996,AMRIT,26,14,12
1996,ANGELE,6,0,6
1996,ANGELICA,44,0,44
1996,ANGELIKA,10,0,10
1996,ANNE,66,0,66
1996,ANNABELLE,7,0,7
1996,ANNA,191,0,191
1996,ANN,13,0,13
1996,ANMOL,19,8,11
1996,ANJALI,10,0,10
1996,ANITA,43,0,43
1996,ANISSA,10,0,10
1996,ANISHA,16,0,16
1996,ANISA,16,0,16
1996,ANIKA,19,0,19
1996,ANH,14,6,8
1996,ANGELIQUE,13,0,13
1996,ANGELINE,10,0,10
1996,ANGELINA,21,0,21
1996,ANNETTE,7,0,7
1996,KARLY,27,0,27
1996,CORINNE,12,0,12
1996,CORTNEY,7,0,7
1996,JANICE,26,0,26
1996,JANET,21,0,21
1996,JANESSA,12,0,12
1996,JANELLE,45,0,45
1996,JANE,32,0,32
1996,JANA,13,0,13
1996,JANIE,7,0,7
1996,JAMILA,7,0,7
1996,JAMIE,226,94,132
1996,JAIMIE,12,0,12
1996,JAIMEE,9,0,9
1996,JAIME,44,7,37
1996,JADEN,29,19,10
1996,JADE,146,9,137
1996,JAMIE-LYNN,7,0,7
1996,JADA,13,0,13
1996,JANINE,16,0,16
1996,JASDEEP,17,11,6
1996,JEAN,32,26,6
1996,JAZMINE,15,0,15
1996,JAZMIN,13,0,13
1996,JAYNE,7,0,7
1996,JAYMIE,10,0,10
1996,JAYME,23,0,23
1996,JANNA,7,0,7
1996,JAYDEN,32,21,11
1996,JASPREET,19,5,14
1996,JASNEET,6,0,6
1996,JASMINE,210,0,210
1996,JASMIN,30,0,30
1996,JASMEEN,9,0,9
1996,JASLEEN,15,0,15
1996,JAYDE,18,0,18
1996,JACQUELYN,15,0,15
1996,JACQUELINE,154,0,154
1996,JACLYN,40,0,40
1996,HOLLIE,13,0,13
1996,HODAN,6,0,6
1996,HILLARY,36,0,36
1996,HILARY,39,0,39
1996,HELENA,32,0,32
1996,HELEN,42,0,42
1996,HOLLY,151,0,151
1996,HEIDI,30,0,30
1996,HEATHER,179,0,179
1996,HAYLIE,8,0,8
1996,HAYLEY,149,0,149
1996,HAYLEE,12,0,12
1996,HARPREET,18,7,11
1996,HARLEY,31,22,9
1996,HEAVEN,7,0,7
1996,HOPE,54,0,54
1996,HUDA,7,0,7
1996,HUNTER,109,80,29
1996,JACKLYN,17,0,17
1996,JACKIE,19,5,14
1996,IVY,18,0,18
1996,IVANA,17,0,17
1996,ISOBEL,6,0,6
1996,ISABELLE,70,0,70
1996,ISABELLA,63,0,63
1996,ISABEL,36,0,36
1996,IRIS,10,0,10
1996,IRENE,15,0,15
1996,INGRID,7,0,7
1996,IMAN,22,0,22
1996,IFRAH,6,0,6
1996,IESHA,7,0,7
1996,IDIL,9,0,9
1996,JELENA,13,0,13
1996,HARLEEN,13,0,13
1996,JENA,10,0,10
1996,JENESSA,6,0,6
1996,KAITLYNN,25,0,25
1996,KAITLYN,295,0,295
1996,KAITLIN,153,0,153
1996,KAILYN,8,0,8
1996,KAILEY,28,0,28
1996,KAILEE,11,0,11
1996,KAJAL,12,0,12
1996,KAILA,18,0,18
1996,KACIE,6,0,6
1996,KA,24,16,8
1996,JUSTINE,90,0,90
1996,JUSTINA,13,0,13
1996,JUSTICE,52,28,24
1996,JULIETTE,10,0,10
1996,KAI,18,12,6
1996,JULIET,6,0,6
1996,KALEIGH,19,0,19
1996,KALI,18,0,18
1996,KARLI,13,0,13
1996,KARLEY,19,0,19
1996,KARLEIGH,8,0,8
1996,KARLEE,20,0,20
1996,KARLA,12,0,12
1996,KARISSA,25,0,25
1996,KALEY,11,0,11
1996,KARINE,13,0,13
1996,KARI,11,0,11
1996,KAREN,73,0,73
1996,KARA,45,0,45
1996,KAMILA,7,0,7
1996,KALLIE,6,0,6
1996,KALIE,7,0,7
1996,KARINA,31,0,31
1996,JULIE,123,0,123
1996,JULIANNE,16,0,16
1996,JULIANNA,35,0,35
1996,JODI,21,0,21
1996,JOCELYN,72,5,67
1996,JOANNE,29,0,29
1996,JOANNA,59,0,59
1996,JILLIAN,96,0,96
1996,JILL,11,0,11
1996,JODIE,19,0,19
1996,JESSIKA,7,0,7
1996,JESSICA,1231,0,1231
1996,JESSE,457,442,15
1996,JENNY,56,0,56
1996,JENNIFER,446,0,446
1996,JENNIE,9,0,9
1996,JENNA,258,0,258
1996,JESSIE,127,37,90
1996,JODY,8,0,8
1996,JOELLE,21,0,21
1996,JOHANNA,19,0,19
1996,JULIANA,38,0,38
1996,JULIA,520,0,520
1996,JUDY,22,0,22
1996,JUDITH,8,0,8
1996,JOYCE,30,0,30
1996,JOY,10,0,10
1996,JOVANA,9,0,9
1996,JOSÉE,6,0,6
1996,JOSIE,24,0,24
1996,JOSEPHINE,31,0,31
1996,JOSEE,24,0,24
1996,JORDYN,35,6,29
1996,JORDANA,19,0,19
1996,JORDAN,848,745,103
1996,JOLENE,12,0,12
1996,JENELLE,8,0,8
1996,HARJOT,16,7,9
1996,HANNAH,471,0,471
1996,HANNA,42,0,42
1996,DORIS,6,0,6
1996,DONNA,20,0,20
1996,DOMINIQUE,82,16,66
1996,DOMINIKA,7,0,7
1996,DIVYA,10,0,10
1996,DINA,10,0,10
1996,DOROTHY,16,0,16
1996,DIANE,13,0,13
1996,DEVYN,10,0,10
1996,DEVON,167,151,16
1996,DEVIN,159,153,6
1996,DEVAN,23,17,6
1996,DESTINY,52,0,52
1996,DESTINEE,7,0,7
1996,DIANA,69,0,69
1996,DESIREE,40,0,40
1996,DREW,79,64,15
1996,EDEN,34,0,34
1996,ELISHA,23,6,17
1996,ELISE,41,0,41
1996,ELISABETH,20,0,20
1996,ELISA,26,0,26
1996,ELIANA,8,0,8
1996,ELENI,8,0,8
1996,EBONY,12,0,12
1996,ELENA,31,0,31
1996,ELANA,6,0,6
1996,ELAINE,27,0,27
1996,ELAINA,6,0,6
1996,EILISH,8,0,8
1996,EILEEN,10,0,10
1996,EDNA,7,0,7
1996,ELEANOR,13,0,13
1996,DENISE,28,0,28
1996,DEMI,6,0,6
1996,DELANEY,32,0,32
1996,DANIELLA,73,0,73
1996,DANIELA,62,0,62
1996,DANICA,26,0,26
1996,DANIA,8,0,8
1996,DANA,107,0,107
1996,DALLAS,57,47,10
1996,DANIELLE,414,0,414
1996,DALIA,6,0,6
1996,DAISY,12,0,12
1996,CYNTHIA,60,0,60
1996,CRYSTAL,87,0,87
1996,CRISTINA,18,0,18
1996,COURTNEY,467,7,460
1996,COURTENEY,7,0,7
1996,DAKOTA,175,134,41
1996,DANIKA,36,0,36
1996,DANYA,6,0,6
1996,DAPHNE,15,0,15
1996,DEIDRA,6,0,6
1996,DEBRA,9,0,9
1996,DEBORAH,21,0,21
1996,DEBBIE,7,0,7
1996,DEANNA,72,0,72
1996,DEANDRA,8,0,8
1996,DAYNA,44,0,44
1996,DAWN,15,0,15
1996,DARLENE,9,0,9
1996,DARIEN,15,9,6
1996,DARIAN,40,26,14
1996,DARIA,9,0,9
1996,DARCY,25,13,12
1996,DARBY,14,0,14
1996,DARA,6,0,6
1996,ELISSA,13,0,13
1996,ELIZA,17,0,17
1996,ELIZABETH,338,0,338
1996,ELLA,21,0,21
1996,GIULIA,16,0,16
1996,GIOVANNA,6,0,6
1996,GINA,15,0,15
1996,GILLIAN,56,0,56
1996,GERALDINE,8,0,8
1996,GEORGINA,15,0,15
1996,GIULIANA,8,0,8
1996,GEORGIA,25,0,25
1996,GENEVA,6,0,6
1996,GEMMA,9,0,9
1996,GEENA,6,0,6
1996,GAGANDEEP,26,12,14
1996,GABRIELLE,147,0,147
1996,GABRIELLA,64,0,64
1996,GENEVIEVE,36,0,36
1996,GLORIA,21,0,21
1996,GRACE,129,0,129
1996,GURLEEN,12,0,12
1996,HANAN,6,0,6
1996,HANA,11,0,11
1996,HAMDI,6,0,6
1996,HALLE,9,0,9
1996,HALIMA,6,0,6
1996,HALIE,6,0,6
1996,HALEY,143,0,143
1996,HALEIGH,11,0,11
1996,HAILIE,6,0,6
1996,HAILEY,229,0,229
1996,HAILEE,13,0,13
1996,HAFSA,15,0,15
1996,GWENDOLYN,11,0,11
1996,GURPREET,14,7,7
1996,GURNEET,6,0,6
1996,GABRIELA,25,0,25
1996,CORRINA,15,0,15
1996,FRANCESCA,34,0,34
1996,FLORENCE,10,0,10
1996,EMMA,529,0,529
1996,EMILY,1195,0,1195
1996,EMILLY,6,0,6
1996,EMILIE,111,0,111
1996,EMILIA,13,0,13
1996,EMILEE,20,0,20
1996,ERICA,159,0,159
1996,ELYSSA,8,0,8
1996,ELYSE,18,0,18
1996,ELSIE,6,0,6
1996,ELSA,7,0,7
1996,ELORA,8,0,8
1996,ELLIE,7,0,7
1996,ELLEN,40,0,40
1996,ELYSIA,7,0,7
1996,ERIKA,101,0,101
1996,ERIN,295,6,289
1996,ERYN,15,0,15
1996,FLORA,6,0,6
1996,FIONA,46,0,46
1996,FELICIA,48,0,48
1996,FAYE,7,0,7
1996,FATIMA,47,0,47
1996,FARDOWSA,8,0,8
1996,FARAH,16,0,16
1996,FAITH,55,0,55
1996,FADUMO,8,0,8
1996,EVELYN,31,0,31
1996,EVANGELINE,7,0,7
1996,EVA,40,0,40
1996,EUNICE,6,0,6
1996,EUGENIA,6,0,6
1996,ESTHER,43,0,43
1996,FRANCES,20,0,20
1996,MARK,315,315,0
1996,CARLIE,20,0,20
1996,MILES,9,9,0
1996,QUINLAN,5,5,0
1996,QUINTEN,14,14,0
1996,QUINTIN,30,30,0
1996,QUINTON,45,45,0
1996,RAFAEL,12,12,0
1996,RAHEEM,6,6,0
1996,RAHIM,7,7,0
1996,RAHUL,15,15,0
1996,QUINCY,10,10,0
1996,RAJAN,5,5,0
1996,RAMI,9,9,0
1996,RANDAL,5,5,0
1996,RANDALL,9,9,0
1996,RANDY,66,66,0
1996,RAPHAEL,11,11,0
1996,RASHAD,6,6,0
1996,RASHAWN,6,6,0
1996,RAVI,8,8,0
1996,RALPH,8,8,0
1996,RAY,6,6,0
1996,QUENTIN,28,28,0
1996,PRESTON,26,26,0
1996,PATRICK,407,407,0
1996,PAUL,208,208,0
1996,PAULO,6,6,0
1996,PAWEL,5,5,0
1996,PEARSON,5,5,0
1996,PEDRO,7,7,0
1996,PERRY,6,6,0
1996,PETAR,5,5,0
1996,PRINCE,6,6,0
1996,PETER,248,248,0
1996,PHILIPPE,29,29,0
1996,PHILLIP,73,73,0
1996,PHOENIX,9,9,0
1996,PIERCE,11,11,0
1996,PIERRE,17,17,0
1996,PIETER,5,5,0
1996,PIETRO,12,12,0
1996,PRAVEEN,5,5,0
1996,PHILIP,103,103,0
1996,PASQUALE,7,7,0
1996,RAYMOND,83,83,0
1996,REED,18,18,0
1996,ROCCO,14,14,0
1996,ROCH,6,6,0
1996,ROCKY,7,7,0
1996,RODERICK,5,5,0
1996,RODNEY,10,10,0
1996,ROGER,18,18,0
1996,ROHAN,12,12,0
1996,ROHIT,5,5,0
1996,ROBERTSON,5,5,0
1996,ROLAND,10,10,0
1996,ROMEO,5,5,0
1996,RON,7,7,0
1996,RONALD,50,50,0
1996,RORY,23,23,0
1996,ROSS,31,31,0
1996,ROY,9,9,0
1996,RUDY,6,6,0
1996,RUSSELL,45,45,0
1996,ROMAN,11,11,0
1996,REECE,10,10,0
1996,ROBERTO,20,20,0
1996,ROBBIE,5,5,0
1996,REESE,5,5,0
1996,REGINALD,6,6,0
1996,REHAN,6,6,0
1996,REID,37,37,0
1996,REILLY,13,13,0
1996,REMI,10,10,0
1996,RENE,8,8,0
1996,RENO,5,5,0
1996,ROBERT,538,538,0
1996,REUBEN,17,17,0
1996,RIAN,5,5,0
1996,RICARDO,22,22,0
1996,RICHARD,217,217,0
1996,RICHIE,6,6,0
1996,RICK,6,6,0
1996,RICKY,18,18,0
1996,RISHI,6,6,0
1996,RIVER,13,13,0
1996,RHYS,12,12,0
1996,PASCAL,6,6,0
1996,PARKER,35,35,0
1996,PAOLO,17,17,0
1996,MICHAEL,1497,1497,0
1996,MICHEAL,71,71,0
1996,MICHEL,18,18,0
1996,MIGUEL,34,34,0
1996,MIKAEL,7,7,0
1996,MIKE,11,11,0
1996,MIKHAIL,10,10,0
1996,MILAN,14,14,0
1996,MICAH,11,11,0
1996,MINH,5,5,0
1996,MITCHELL,507,507,0
1996,MOHAMAD,25,25,0
1996,MOHAMED,91,91,0
1996,MOHAMMAD,45,45,0
1996,MOHAMMED,36,36,0
1996,MOHAMUD,6,6,0
1996,MOHIT,7,7,0
1996,MORDECHAI,6,6,0
1996,MITCHEL,42,42,0
1996,MOSES,10,10,0
1996,MELVIN,7,7,0
1996,MAXWELL,72,72,0
1996,MASON,69,69,0
1996,MASSIMO,12,12,0
1996,MATEO,5,5,0
1996,MATEUSZ,10,10,0
1996,MATHEW,151,151,0
1996,MATHIAS,6,6,0
1996,MATHIEU,90,90,0
1996,MATIAS,5,5,0
1996,MEIR,5,5,0
1996,MATT,5,5,0
1996,MATTHEW,1800,1800,0
1996,MATTHIAS,8,8,0
1996,MATTHIEU,18,18,0
1996,MAURICIO,8,8,0
1996,MAVERICK,12,12,0
1996,MAX,41,41,0
1996,MAXIM,17,17,0
1996,MAXIMILIAN,13,13,0
1996,MATTEO,22,22,0
1996,MUHAMMAD,29,29,0
1996,MURRAY,6,6,0
1996,MUSTAFA,22,22,0
1996,NIKOLA,33,33,0
1996,NIKOLAOS,5,5,0
1996,NIKOLAS,41,41,0
1996,NIKOLAUS,6,6,0
1996,NIMA,9,9,0
1996,NOAH,199,199,0
1996,NOAM,6,6,0
1996,NOEL,11,11,0
1996,NIKLAS,6,6,0
1996,NOLAN,74,74,0
1996,OLIVER,43,43,0
1996,OLIVIER,15,15,0
1996,OMAR,72,72,0
1996,OSAMA,6,6,0
1996,OSCAR,14,14,0
1996,OSMAN,9,9,0
1996,OWEN,130,130,0
1996,PABLO,6,6,0
1996,NORMAN,18,18,0
1996,NIKHIL,9,9,0
1996,NIGEL,38,38,0
1996,NICOLAS,155,155,0
1996,MYLES,44,44,0
1996,NABIL,8,8,0
1996,NANA,9,9,0
1996,NASH,8,8,0
1996,NATHAN,462,462,0
1996,NATHANAEL,14,14,0
1996,NATHANIAL,7,7,0
1996,NATHANIEL,172,172,0
1996,NATHEN,6,6,0
1996,NAVIN,5,5,0
1996,NEAL,6,6,0
1996,NEIL,61,61,0
1996,NELSON,19,19,0
1996,NIALL,5,5,0
1996,NICHOLAS,1308,1308,0
1996,NICK,8,8,0
1996,NICKOLAS,64,64,0
1996,NICKOLAUS,6,6,0
1996,NICO,7,7,0
1996,RYAN,1210,1210,0
1996,RYLAN,7,7,0
1996,SACHIN,7,7,0
1996,SAEED,7,7,0
1996,TYLOR,23,23,0
1996,TYREL,5,5,0
1996,TYRELL,28,28,0
1996,TYRONE,19,19,0
1996,TYSON,63,63,0
1996,URIAH,5,5,0
1996,USMAN,6,6,0
1996,VARUN,9,9,0
1996,TYLER,1044,1044,0
1996,VAUGHN,6,6,0
1996,VICTOR,70,70,0
1996,VIKAS,5,5,0
1996,VIKRAM,8,8,0
1996,VINAY,6,6,0
1996,VINCE,7,7,0
1996,VINCENT,112,112,0
1996,VINCENZO,19,19,0
1996,VISHAL,13,13,0
1996,VERNON,9,9,0
1996,VISHNU,5,5,0
1996,TYLAR,10,10,0
1996,TY,49,49,0
1996,TOMASZ,11,11,0
1996,TOMISLAV,7,7,0
1996,TOMMY,29,29,0
1996,TONY,43,43,0
1996,TORIN,5,5,0
1996,TRAVIS,210,210,0
1996,TRE,10,10,0
1996,TRENT,39,39,0
1996,TYE,16,16,0
1996,TRENTON,17,17,0
1996,TREVOR,183,183,0
1996,TREY,10,10,0
1996,TRISTIAN,8,8,0
1996,TRISTON,8,8,0
1996,TROY,89,89,0
1996,TRYSTAN,5,5,0
1996,TUCKER,6,6,0
1996,TURNER,11,11,0
1996,TREVON,9,9,0
1996,VITHUSAN,6,6,0
1996,VITO,10,10,0
1996,WADE,33,33,0
1996,YASIN,7,7,0
1996,YASIR,6,6,0
1996,YEHUDA,5,5,0
1996,YOUSEF,8,8,0
1996,YOUSSEF,7,7,0
1996,YUSUF,22,22,0
1996,ZACHARIAH,17,17,0
1996,ZACHARIE,10,10,0
1996,YASH,6,6,0
1996,ZACHARY,623,623,0
1996,ZACKARY,61,61,0
1996,ZACKERY,36,36,0
1996,ZAID,5,5,0
1996,ZAIN,11,11,0
1996,ZAKARIA,13,13,0
1996,ZAKARY,8,8,0
1996,ZANE,15,15,0
1996,ZENON,5,5,0
1996,ZACHERY,36,36,0
1996,YANNICK,12,12,0
1996,YAHYA,6,6,0
1996,XAVIER,35,35,0
1996,WALEED,7,7,0
1996,WALID,5,5,0
1996,WALKER,15,15,0
1996,WALLACE,7,7,0
1996,WALTER,20,20,0
1996,WARREN,28,28,0
1996,WARSAME,5,5,0
1996,WASEEM,5,5,0
1996,WAYNE,15,15,0
1996,WENDELL,5,5,0
1996,WESLEY,94,94,0
1996,WESTON,8,8,0
1996,WILL,9,9,0
1996,WILLEM,9,9,0
1996,WILLIAM,641,641,0
1996,WILLY,7,7,0
1996,WILSON,20,20,0
1996,WINSTON,15,15,0
1996,WYATT,75,75,0
1996,TOMAS,17,17,0
1996,MARVIN,13,13,0
1996,TOM,9,9,0
1996,TOBY,5,5,0
1996,SEAMUS,6,6,0
1996,SEAN,307,307,0
1996,SEBASTIAN,81,81,0
1996,SEBASTIEN,43,43,0
1996,SÉBASTIEN,8,8,0
1996,SERGIO,9,9,0
1996,SETH,34,34,0
1996,SHAAN,7,7,0
1996,SCOTT,256,256,0
1996,SHAMAR,15,15,0
1996,SHANE,164,164,0
1996,SHAQUILLE,9,9,0
1996,SHAUN,33,33,0
1996,SHAWN,162,162,0
1996,SHAYAN,7,7,0
1996,SHAYNE,38,38,0
1996,SHELDON,76,76,0
1996,SHEMAR,33,33,0
1996,SHAN,6,6,0
1996,SHIVAM,7,7,0
1996,SAWYER,9,9,0
1996,SAVA,5,5,0
1996,SAGAR,9,9,0
1996,SAHIL,13,13,0
1996,SAID,9,9,0
1996,SAIF,7,7,0
1996,SALMAN,8,8,0
1996,SALVATORE,17,17,0
1996,SAM,33,33,0
1996,SAMATAR,8,8,0
1996,SAVERIO,5,5,0
1996,SAMEER,8,8,0
1996,SAMIR,8,8,0
1996,SAMMY,10,10,0
1996,SAMSON,8,8,0
1996,SAMUAL,8,8,0
1996,SAMUEL,405,405,0
1996,SANDEEP,12,12,0
1996,SANDRO,5,5,0
1996,SANJAY,9,9,0
1996,SAMI,12,12,0
1996,SILAS,6,6,0
1996,SIMEON,5,5,0
1996,SIMON,118,118,0
1996,TANNER,102,102,0
1996,TANVIR,5,5,0
1996,TARAN,6,6,0
1996,TARIQ,10,10,0
1996,TARUN,5,5,0
1996,TATE,7,7,0
1996,TAVON,6,6,0
1996,TERENCE,9,9,0
1996,TAN,5,5,0
1996,TERRANCE,12,12,0
1996,TERRENCE,13,13,0
1996,TERRY,30,30,0
1996,TEVIN,9,9,0
1996,THEO,7,7,0
1996,THEODORE,19,19,0
1996,THOMAS,490,490,0
1996,TIAGO,7,7,0
1996,TIMOTHY,223,223,0
1996,TERRELL,7,7,0
1996,TALON,7,7,0
1996,TALHA,7,7,0
1996,TAJAI,5,5,0
1996,SOLOMON,8,8,0
1996,SPENCER,272,272,0
1996,STANLEY,23,23,0
1996,STEFAN,83,83,0
1996,STEFANO,25,25,0
1996,STEPHAN,20,20,0
1996,STEPHANE,21,21,0
1996,STEPHEN,207,207,0
1996,STERLING,6,6,0
1996,STEVAN,5,5,0
1996,STEVE,16,16,0
1996,STEVEN,352,352,0
1996,STEWART,18,18,0
1996,STORM,7,7,0
1996,STUART,38,38,0
1996,SUNNY,10,10,0
1996,SYED,22,22,0
1996,SYLVAIN,8,8,0
1996,TAHA,6,6,0
1996,TODD,32,32,0
1996,MARTIN,101,101,0
1996,MAURICE,6,6,0
1996,MARLON,13,13,0
1996,MARSHALL,26,26,0
1997,ANGEL,45,5,40
1997,FARAH,16,0,16
1997,FATEMA,6,0,6
1997,FATIMA,48,0,48
1997,FELICIA,39,0,39
1997,FELICITY,10,0,10
1997,FIONA,50,0,50
1997,FRANCESCA,48,0,48
1997,FRANCINE,8,0,8
1997,GABRIELA,26,0,26
1997,GABRIELLA,56,0,56
1997,GABRIELLE,161,0,161
1997,GAGANDEEP,15,9,6
1997,FRANCES,17,0,17
1997,GEMMA,12,0,12
1997,FAITH,71,0,71
1997,EVELYN,27,0,27
1997,EMILY,1194,0,1194
1997,EMMA,595,0,595
1997,ENYA,7,0,7
1997,ERICA,151,0,151
1997,ERICKA,7,0,7
1997,ERIKA,100,0,100
1997,FADUMA,9,0,9
1997,ERIN,243,0,243
1997,ERYN,11,0,11
1997,ESTHER,45,0,45
1997,EUNICE,14,0,14
1997,EVA,47,0,47
1997,EVANGELINE,8,0,8
1997,EVE,12,0,12
1997,ERINN,8,0,8
1997,GENEVIEVE,37,0,37
1997,GENNA,7,0,7
1997,GEORGIA,39,0,39
1997,HARMONY,9,0,9
1997,HARLEY,25,13,12
1997,HARLEEN,10,0,10
1997,HARJOT,22,14,8
1997,HANNAH,517,0,517
1997,HANNA,70,0,70
1997,HANAN,7,0,7
1997,HANA,22,0,22
1997,HAMDI,8,0,8
1997,HALLE,16,0,16
1997,HALIMA,7,0,7
1997,HALIE,6,0,6
1997,HALEY,145,0,145
1997,HALEIGH,10,0,10
1997,EMILIE,91,0,91
1997,HAILY,7,0,7
1997,HAILEE,12,0,12
1997,HAFSA,15,0,15
1997,GURSIMRAN,6,0,6
1997,GURPREET,13,7,6
1997,GURNEET,7,0,7
1997,GURLEEN,21,0,21
1997,GRACE,122,0,122
1997,GLORIA,20,0,20
1997,GIULIA,13,0,13
1997,GISELLE,12,0,12
1997,GINA,18,0,18
1997,GILLIAN,82,0,82
1997,GERALDINE,7,0,7
1997,GEORGINA,10,0,10
1997,HAILEY,243,0,243
1997,EMILIA,19,0,19
1997,EMILEE,21,0,21
1997,EMERALD,6,0,6
1997,DEVYN,17,10,7
1997,DEVON,177,153,24
1997,DEVIN,148,141,7
1997,DESTINY,70,0,70
1997,DESTINEE,8,0,8
1997,DESIRÉE,6,0,6
1997,DESIREE,57,0,57
1997,DENISE,24,0,24
1997,DELANEY,35,0,35
1997,DEENA,6,0,6
1997,DEBRA,6,0,6
1997,DEBORAH,20,0,20
1997,DEBBIE,7,0,7
1997,DEANNA,76,0,76
1997,DEANDRA,6,0,6
1997,DAYNA,29,0,29
1997,DAWN,14,0,14
1997,DANICA,24,0,24
1997,DANIELA,53,0,53
1997,DANIELLA,63,0,63
1997,DANIELLE,366,0,366
1997,DANIKA,39,0,39
1997,DANYKA,6,0,6
1997,DIAMOND,6,0,6
1997,DAPHNE,17,0,17
1997,DARCY,26,16,10
1997,DARIA,8,0,8
1997,DARIAN,47,32,15
1997,DARIEN,18,9,9
1997,DARLENE,8,0,8
1997,DAVINA,6,0,6
1997,DARBY,14,0,14
1997,DIANA,91,0,91
1997,DIANE,14,0,14
1997,DIANNA,8,0,8
1997,ELISHA,10,0,10
1997,ELISSA,20,0,20
1997,ELIZA,13,0,13
1997,ELIZABETH,298,0,298
1997,ELLA,27,0,27
1997,ELLEN,20,0,20
1997,ELISE,37,0,37
1997,ELLIE,7,0,7
1997,ELSA,8,0,8
1997,ELSIE,7,0,7
1997,ELYSE,23,0,23
1997,ELYSSA,11,0,11
1997,EMAN,6,0,6
1997,EMELIE,6,0,6
1997,ELLY,7,0,7
1997,HARNEET,7,0,7
1997,ELISABETH,20,0,20
1997,ELENI,10,0,10
1997,DINA,18,0,18
1997,DOMINIKA,6,0,6
1997,DOMINIQUE,55,10,45
1997,DONNA,16,0,16
1997,DORA,9,0,9
1997,DOROTHY,7,0,7
1997,ELISA,24,0,24
1997,DREW,64,58,6
1997,EDEN,29,0,29
1997,EILEEN,8,0,8
1997,ELAINE,22,0,22
1997,ELANA,7,0,7
1997,ELEANOR,10,0,10
1997,ELENA,24,0,24
1997,EBONY,12,0,12
1997,HARPREET,20,8,12
1997,HAYLEY,149,0,149
1997,DANI,7,0,7
1997,ANTONY,8,8,0
1997,ANTONIO,59,59,0
1997,ANTONI,5,5,0
1997,ANTON,20,20,0
1997,ANTOINE,10,10,0
1997,ANTHONY,442,442,0
1997,ANSON,21,21,0
1997,ANIL,6,6,0
1997,ANH,7,7,0
1997,ANGUS,31,31,0
1997,ANGELO,35,35,0
1997,ANGAD,5,5,0
1997,ANDY,56,56,0
1997,ANDREW,976,976,0
1997,ANDRES,9,9,0
1997,ANDREI,5,5,0
1997,ANDREAS,16,16,0
1997,AMEER,6,6,0
1997,AMIN,6,6,0
1997,AMIR,21,21,0
1997,AMIT,11,11,0
1997,AMMAR,7,7,0
1997,AMOS,11,11,0
1997,ANUJAN,11,11,0
1997,AMRINDER,5,5,0
1997,ANAND,6,6,0
1997,ANAS,5,5,0
1997,ANASTASIOS,6,6,0
1997,ANDERS,5,5,0
1997,ANDERSON,10,10,0
1997,ANDRE,94,94,0
1997,AMRITPAL,8,8,0
1997,AMAR,6,6,0
1997,ANWAR,7,7,0
1997,ARIAN,5,5,0
1997,BILAL,19,19,0
1997,BERNARD,9,9,0
1997,BENTON,6,6,0
1997,BENSON,8,8,0
1997,BENOIT,9,9,0
1997,BENNY,10,10,0
1997,BENNETT,18,18,0
1997,BENJAMIN,554,554,0
1997,BEN,26,26,0
1997,BEAU,9,9,0
1997,BAYLEY,6,6,0
1997,BASSEL,5,5,0
1997,BARRY,6,6,0
1997,BALRAJ,6,6,0
1997,AYUB,9,9,0
1997,AYDEN,16,16,0
1997,AUSTYN,8,8,0
1997,ARJUN,12,12,0
1997,ARMAN,13,13,0
1997,ARMANDO,8,8,0
1997,ARNOLD,9,9,0
1997,ARON,6,6,0
1997,ARRON,5,5,0
1997,ARI,8,8,0
1997,ARSHDEEP,6,6,0
1997,ARUN,5,5,0
1997,ARVIN,5,5,0
1997,ASHER,7,7,0
1997,ATHANASIOS,6,6,0
1997,AUSTEN,19,19,0
1997,AUSTIN,702,702,0
1997,ARTHUR,30,30,0
1997,HAYLEE,12,0,12
1997,AMAN,10,10,0
1997,ALVIN,32,32,0
1997,ABRAM,15,15,0
1997,ABRAHAM,17,17,0
1997,ABNER,5,5,0
1997,ABEL,6,6,0
1997,ABDULRAHMAN,8,8,0
1997,ABDULLAHI,15,15,0
1997,ABDULLAH,27,27,0
1997,ABDULAHI,6,6,0
1997,ABDUL,27,27,0
1997,ABDIRAHMAN,16,16,0
1997,ABDILLAHI,5,5,0
1997,AARON,380,380,0
1997,AAMIR,5,5,0
1997,IMAN,25,0,25
1997,IDIL,8,0,8
1997,HUNTER,138,106,32
1997,HUDA,8,0,8
1997,HAYLIE,10,0,10
1997,HAZEL,9,0,9
1997,HEATHER,171,0,171
1997,HEIDI,30,0,30
1997,HELEN,41,0,41
1997,HELENA,22,0,22
1997,ADAM,650,650,0
1997,HENNA,6,0,6
1997,HILARY,43,0,43
1997,HILLARY,22,0,22
1997,HODAN,8,0,8
1997,HOLLIE,10,0,10
1997,HOLLY,172,0,172
1997,HOPE,52,0,52
1997,HIBA,6,0,6
1997,ALY,6,6,0
1997,ADAMO,6,6,0
1997,ADEN,9,9,0
1997,ALLEN,15,15,0
1997,ALLAN,36,36,0
1997,ALISTAIR,9,9,0
1997,ALFRED,5,5,0
1997,ALEXANDRO,5,5,0
1997,ALEXANDRE,89,89,0
1997,ALEXANDER,883,883,0
1997,ALESSIO,7,7,0
1997,ALESSANDRO,29,29,0
1997,ALEKSANDER,8,8,0
1997,ALEKSANDAR,26,26,0
1997,ALEK,5,5,0
1997,ALEJANDRO,10,10,0
1997,ALEC,67,67,0
1997,ALDEN,5,5,0
1997,ALBERTO,6,6,0
1997,ALBERT,31,31,0
1997,ADIL,8,8,0
1997,ADNAN,6,6,0
1997,ADRIAN,161,161,0
1997,ADRIANO,24,24,0
1997,ADRIEN,22,22,0
1997,AHMAD,23,23,0
1997,ADDISON,9,9,0
1997,AHMED,64,64,0
1997,AJAY,10,10,0
1997,AKASH,12,12,0
1997,AKSHAY,8,8,0
1997,ALAIN,8,8,0
1997,ALAN,37,37,0
1997,ALASTAIR,9,9,0
1997,AIDEN,32,32,0
1997,ANGELA,125,0,125
1997,DANA,118,0,118
1997,DAISY,14,0,14
1997,ANNA,172,0,172
1997,ANN,15,0,15
1997,ANMOL,15,6,9
1997,ANJALI,12,0,12
1997,ANITA,31,0,31
1997,ANISHA,8,0,8
1997,ANISAH,6,0,6
1997,ANISA,18,0,18
1997,ANIKA,20,0,20
1997,ANGIE,10,0,10
1997,ANGELIQUE,9,0,9
1997,ANGELINE,8,0,8
1997,ANGELINA,21,0,21
1997,ANGELIKA,9,0,9
1997,ANGELICA,37,0,37
1997,AALIYAH,19,0,19
1997,ABBEY,37,0,37
1997,AGATHA,10,0,10
1997,ADRIENNE,25,0,25
1997,ADRIANNA,37,0,37
1997,ADRIANA,61,0,61
1997,ADINA,8,0,8
1997,ADELE,13,0,13
1997,BILL,6,6,0
1997,ADELAIDE,7,0,7
1997,ABIGAYLE,8,0,8
1997,ABIGAIL,188,0,188
1997,ABIGAEL,6,0,6
1997,ABBY,32,0,32
1997,ABBIGAIL,13,0,13
1997,ABBIE,9,0,9
1997,ABINA,7,0,7
1997,AIDAN,195,188,7
1997,ANNABELLE,9,0,9
1997,ANNE,44,0,44
1997,AYAH,6,0,6
1997,AYA,10,0,10
1997,AVERY,121,55,66
1997,AVALON,7,0,7
1997,AVA,11,0,11
1997,AUTUMN,65,0,65
1997,AURORA,9,0,9
1997,AUDREY,40,0,40
1997,ATHENA,12,0,12
1997,ASMA,9,0,9
1997,ASIA,16,0,16
1997,ASHTYN,6,0,6
1997,ASHTON,41,32,9
1997,ASHLYN,23,0,23
1997,ASHLEY,596,0,596
1997,ASHLEIGH,19,0,19
1997,ASHLEE,16,0,16
1997,ANNE-MARIE,12,0,12
1997,ANNIE,43,0,43
1997,ANNIKA,19,0,19
1997,ANTONIA,13,0,13
1997,APRIL,50,0,50
1997,ARDEN,17,7,10
1997,ANNALISA,6,0,6
1997,ARIANA,38,0,38
1997,ARIANNA,33,0,33
1997,ARIANNE,7,0,7
1997,ARIEL,49,7,42
1997,ARIELLE,23,0,23
1997,ARLENE,7,0,7
1997,ASHA,19,0,19
1997,ARIANE,11,0,11
1997,AYAN,13,0,13
1997,AILEEN,8,0,8
1997,AINSLEY,17,0,17
1997,ALIYAH,22,0,22
1997,ALLIE,7,0,7
1997,ALLISON,175,0,175
1997,ALLYSON,22,0,22
1997,ALLYSSA,14,0,14
1997,ALORA,6,0,6
1997,ALYCIA,25,0,25
1997,ALYSA,9,0,9
1997,ALYSE,6,0,6
1997,ALYSHA,50,0,50
1997,ALYSON,24,0,24
1997,ALYSSA,378,0,378
1997,AMAL,20,0,20
1997,AMANDA,534,0,534
1997,AMANDEEP,15,6,9
1997,AMANI,8,0,8
1997,AMBER,223,0,223
1997,ANDREIA,10,0,10
1997,ANDREA,174,0,174
1997,ANDIE,8,0,8
1997,ANASTASIA,40,0,40
1997,ANA,23,0,23
1997,AMÉLIE,6,0,6
1997,ALIYA,11,0,11
1997,AMY,242,0,242
1997,AMIRA,9,0,9
1997,AMINA,32,0,32
1997,AMIE,8,0,8
1997,AMELIE,8,0,8
1997,AMELIA,58,0,58
1997,AMEERA,6,0,6
1997,AMRIT,24,9,15
1997,AIMEE,26,0,26
1997,ALISSA,36,0,36
1997,ALISHA,65,0,65
1997,AISHA,50,0,50
1997,AISLINN,7,0,7
1997,ALAA,7,0,7
1997,ALAINA,8,0,8
1997,ALANA,66,0,66
1997,ALANNA,50,0,50
1997,ALANNAH,21,0,21
1997,ALEAH,9,0,9
1997,ALECIA,9,0,9
1997,ALEESHA,6,0,6
1997,ALEISHA,10,0,10
1997,ALEJANDRA,10,0,10
1997,ALEKSANDRA,12,0,12
1997,ALENA,12,0,12
1997,ALESSANDRA,34,0,34
1997,ALESSIA,57,0,57
1997,ALEX,217,201,16
1997,ALISA,15,0,15
1997,ALINA,14,0,14
1997,ALICIA,178,0,178
1997,ALICE,31,0,31
1997,ALIA,10,0,10
1997,ALI,93,87,6
1997,ALISON,97,0,97
1997,ALEXUS,10,0,10
1997,ALEXIA,47,0,47
1997,ALEXI,15,5,10
1997,ALEXANDRIA,108,0,108
1997,ALEXANDREA,12,0,12
1997,ALEXANDRA,510,0,510
1997,ALEXA,112,0,112
1997,ALEXIS,240,15,225
1997,AYESHA,11,0,11
1997,AYLA,7,0,7
1997,AYSHA,11,0,11
1997,CHERYL,11,0,11
1997,CHERRY,6,0,6
1997,CHELSIE,13,0,13
1997,CHELSEY,56,0,56
1997,CHELSEA,263,0,263
1997,CHARMAINE,12,0,12
1997,CHARLOTTE,114,0,114
1997,CHARLENE,21,0,21
1997,CHANTELLE,35,0,35
1997,CHANTEL,53,0,53
1997,CHANTAL,58,0,58
1997,CHANELLE,25,0,25
1997,CHANEL,22,0,22
1997,CHANA,6,0,6
1997,CELINE,61,0,61
1997,CELINA,45,0,45
1997,CELIA,13,0,13
1997,CASANDRA,10,0,10
1997,CASEY,62,25,37
1997,CASSANDRA,347,0,347
1997,CASSIDY,170,7,163
1997,CASSIE,16,0,16
1997,CATARINA,8,0,8
1997,CHEYANNE,14,0,14
1997,CATERINA,9,0,9
1997,CATHY,7,0,7
1997,CAYLA,6,0,6
1997,CAYLEY,7,0,7
1997,CEARA,10,0,10
1997,CECILIA,20,0,20
1997,CELESTE,35,0,35
1997,CATHERINE,126,0,126
1997,CARRIE,13,0,13
1997,CHEYENNE,80,0,80
1997,CHLOE,156,0,156
1997,DAHLIA,10,0,10
1997,CYNTHIA,54,0,54
1997,CRYSTAL,56,0,56
1997,CRISTINA,27,0,27
1997,COURTNEY,303,5,298
1997,COURTENEY,6,0,6
1997,CORTNEY,6,0,6
1997,CORINNE,9,0,9
1997,CORINA,8,0,8
1997,CORAL,10,0,10
1997,CORA,17,0,17
1997,CONNIE,10,0,10
1997,COLLEEN,48,0,48
1997,CLOE,6,0,6
1997,CLAUDIA,127,0,127
1997,CLARISSA,23,0,23
1997,CLARE,29,0,29
1997,CHLOÉ,9,0,9
1997,CHRISTA,15,0,15
1997,CHRISTIANA,11,0,11
1997,CHRISTIE,12,0,12
1997,CHRISTINA,253,0,253
1997,CHRISTINE,154,0,154
1997,CHIARA,11,0,11
1997,CHRISTY,13,0,13
1997,CIARA,37,0,37
1997,CIERA,6,0,6
1997,CIERRA,27,0,27
1997,CINDY,58,0,58
1997,CLAIRE,150,0,150
1997,CLARA,24,0,24
1997,CHYANNE,9,0,9
1997,CAROLYN,34,0,34
1997,CAROLINE,105,0,105
1997,CAROLINA,14,0,14
1997,BRITTANY,374,0,374
1997,BRITTANI,8,0,8
1997,BRITNEY,30,0,30
1997,BRIGITTE,17,0,17
1997,BRIDGET,34,0,34
1997,BRIANNE,78,0,78
1997,BRIANNA,303,0,303
1997,BRIANA,56,0,56
1997,BRIA,7,0,7
1997,BRENNA,31,0,31
1997,BRENDA,21,0,21
1997,BREANNE,60,0,60
1997,BREANNA,133,0,133
1997,BREANA,14,0,14
1997,BRANDY,23,0,23
1997,BRANDI,32,0,32
1997,BONNIE,13,0,13
1997,BABY,29,18,11
1997,BAILEE,14,0,14
1997,BAILEY,288,143,145
1997,BARBARA,14,0,14
1997,BAYLEE,10,0,10
1997,BEATRICE,9,0,9
1997,BRITTNEY,86,0,86
1997,BERNADETTE,11,0,11
1997,BETHANY,82,0,82
1997,BETTY,9,0,9
1997,BEVERLY,6,0,6
1997,BIANCA,83,0,83
1997,BLAIRE,8,0,8
1997,BOBBI,6,0,6
1997,BETH,6,0,6
1997,BRONTE,9,0,9
1997,BRONWYN,21,0,21
1997,BROOK,12,0,12
1997,CANDICE,21,0,21
1997,CARA,22,0,22
1997,CARINA,16,0,16
1997,CARISSA,27,0,27
1997,CARLA,9,0,9
1997,CARLEE,7,0,7
1997,CANDACE,25,0,25
1997,CARLENE,6,0,6
1997,CARLI,8,0,8
1997,CARLIE,8,0,8
1997,CARLY,118,0,118
1997,CARMELA,6,0,6
1997,CARMEN,37,9,28
1997,CAROL,6,0,6
1997,CARLEY,35,0,35
1997,DAKOTA,136,96,40
1997,CAMILLE,55,0,55
1997,CAMILA,9,0,9
1997,BROOKE,272,0,272
1997,BROOKE-LYNN,7,0,7
1997,BROOKLYN,71,0,71
1997,BROOKLYNN,18,0,18
1997,BRYANNA,37,0,37
1997,BRYANNE,14,0,14
1997,CAMILLA,10,0,10
1997,BRYNN,8,0,8
1997,CAITLIN,138,0,138
1997,CAITLYN,53,0,53
1997,CAITLYNN,12,0,12
1997,CALEIGH,12,0,12
1997,CALLIE,11,0,11
1997,CAMERON,418,404,14
1997,CAILEY,8,0,8
1997,BILLY,17,17,0
1997,BLAINE,5,5,0
1997,INGRID,10,0,10
1997,MOSHE,7,7,0
1997,MOSTAFA,6,6,0
1997,MUHAMMAD,26,26,0
1997,MUHAMMED,7,7,0
1997,MURRAY,10,10,0
1997,MUSTAFA,22,22,0
1997,MYLES,33,33,0
1997,NABIL,10,10,0
1997,NASH,14,14,0
1997,NATHAN,439,439,0
1997,NATHANAEL,26,26,0
1997,MOSES,7,7,0
1997,NATHANIAL,14,14,0
1997,NATHEN,9,9,0
1997,NAVDEEP,5,5,0
1997,NAVEED,6,6,0
1997,NAVJOT,8,8,0
1997,NAVRAJ,7,7,0
1997,NEAL,7,7,0
1997,NEEL,5,5,0
1997,NEIL,55,55,0
1997,NELSON,23,23,0
1997,NEVIN,5,5,0
1997,NGUYEN,5,5,0
1997,NATHANIEL,181,181,0
1997,MONTGOMERY,5,5,0
1997,MOHIT,6,6,0
1997,MOHAMMED,47,47,0
1997,MAX,62,62,0
1997,MAXIM,16,16,0
1997,MAXIME,29,29,0
1997,MAXIMILIAN,27,27,0
1997,MAXIMILLIAN,13,13,0
1997,MAXWELL,95,95,0
1997,MEHDI,6,6,0
1997,MELVIN,8,8,0
1997,MERRICK,5,5,0
1997,MICAH,7,7,0
1997,MICHAEL,1318,1318,0
1997,MICHAL,10,10,0
1997,MICHEAL,54,54,0
1997,MICHEL,18,18,0
1997,MIGUEL,33,33,0
1997,MIKAEL,10,10,0
1997,MIKE,9,9,0
1997,MILAN,16,16,0
1997,MILES,19,19,0
1997,MINH,13,13,0
1997,MITCHEL,34,34,0
1997,MITCHELL,400,400,0
1997,MOHAMAD,27,27,0
1997,MOHAMED,109,109,0
1997,MOHAMMAD,55,55,0
1997,NIALL,9,9,0
1997,MAVERICK,12,12,0
1997,NICHOLAS,1278,1278,0
1997,NICKLAUS,5,5,0
1997,PASQUALE,7,7,0
1997,PATRICE,6,6,0
1997,PATRICK,327,327,0
1997,PATRYK,5,5,0
1997,PAUL,180,180,0
1997,PEDRO,7,7,0
1997,PETAR,7,7,0
1997,PETER,258,258,0
1997,PHILIP,102,102,0
1997,PHILIPPE,20,20,0
1997,PHILLIP,55,55,0
1997,PASCAL,10,10,0
1997,PIERCE,12,12,0
1997,PIERS,5,5,0
1997,PIETRO,8,8,0
1997,PRABHJOT,6,6,0
1997,PRANAV,5,5,0
1997,PRESTON,20,20,0
1997,QUENTIN,36,36,0
1997,QUINCY,7,7,0
1997,QUINLAN,11,11,0
1997,QUINTEN,9,9,0
1997,QUINTIN,20,20,0
1997,QUINTON,59,59,0
1997,PIERRE,15,15,0
1997,PARKER,82,82,0
1997,PAOLO,21,21,0
1997,PANAYIOTIS,5,5,0
1997,NICKOLAS,49,49,0
1997,NICO,6,6,0
1997,NICOLAS,155,155,0
1997,NIGEL,33,33,0
1997,NIKHIL,18,18,0
1997,NIKOLA,29,29,0
1997,NIKOLAOS,8,8,0
1997,NIKOLAS,41,41,0
1997,NIMA,7,7,0
1997,NOAH,309,309,0
1997,NOLAN,100,100,0
1997,NORMAN,7,7,0
1997,OLIVER,52,52,0
1997,OLIVIER,23,23,0
1997,OMAR,82,82,0
1997,OMARI,5,5,0
1997,OMER,10,10,0
1997,OMID,6,6,0
1997,OREN,5,5,0
1997,ORION,8,8,0
1997,OSAMA,7,7,0
1997,OSCAR,19,19,0
1997,OSMAN,12,12,0
1997,OWEN,200,200,0
1997,PANAGIOTIS,5,5,0
1997,NICK,6,6,0
1997,MATTHIEU,12,12,0
1997,MATTHIAS,13,13,0
1997,MATTHEW,1672,1672,0
1997,KRISTOPHER,46,46,0
1997,KRYSTIAN,5,5,0
1997,KURT,36,36,0
1997,KURTIS,85,85,0
1997,KYLE,825,825,0
1997,KYLER,19,19,0
1997,LACHLAN,9,9,0
1997,LAMAR,6,6,0
1997,LANCE,13,13,0
1997,LANDON,30,30,0
1997,LANE,7,7,0
1997,KRISTOFER,8,8,0
1997,LAWRENCE,24,24,0
1997,LEE,22,22,0
1997,LEIF,5,5,0
1997,LEIGHTON,7,7,0
1997,LEO,14,14,0
1997,LEON,9,9,0
1997,LEONARD,13,13,0
1997,LEONARDO,10,10,0
1997,LEROY,5,5,0
1997,LEVI,23,23,0
1997,LEWIS,10,10,0
1997,LIAM,488,488,0
1997,LAYNE,5,5,0
1997,KRISTIAN,36,36,0
1997,KORY,13,13,0
1997,KOREY,9,9,0
1997,KELVIN,28,28,0
1997,KEN,8,8,0
1997,KENNETH,89,89,0
1997,KENNY,22,22,0
1997,KENT,7,7,0
1997,KEON,6,6,0
1997,KEVIN,486,486,0
1997,KEVON,7,7,0
1997,KHALEEL,9,9,0
1997,KHALID,24,24,0
1997,KHALIL,10,10,0
1997,KIEFER,5,5,0
1997,KIERAN,49,49,0
1997,KINGSLEY,5,5,0
1997,KIRK,17,17,0
1997,KIRKLAND,16,16,0
1997,KOBE,11,11,0
1997,KOBY,6,6,0
1997,KODIE,5,5,0
1997,KODY,31,31,0
1997,KOFI,8,8,0
1997,KOLE,10,10,0
1997,KOLTON,8,8,0
1997,KONNOR,7,7,0
1997,KONRAD,14,14,0
1997,LIBAN,14,14,0
1997,LLOYD,10,10,0
1997,LONG,8,8,0
1997,LORENZO,8,8,0
1997,MARC,69,69,0
1997,MARC-ANDRE,10,10,0
1997,MARCEL,24,24,0
1997,MARCELLO,9,9,0
1997,MARCELO,9,9,0
1997,MARCO,85,85,0
1997,MARCOS,5,5,0
1997,MARCUS,145,145,0
1997,MARIO,33,33,0
1997,MARK,292,292,0
1997,MARKO,27,27,0
1997,MARKUS,12,12,0
1997,MARLON,11,11,0
1997,MARSHAL,8,8,0
1997,MARSHALL,41,41,0
1997,MARTIN,80,80,0
1997,MARVIN,18,18,0
1997,MASON,90,90,0
1997,MASSIMO,12,12,0
1997,MATEO,10,10,0
1997,MATEUSZ,14,14,0
1997,MATHEW,153,153,0
1997,MATHIEU,93,93,0
1997,MATT,5,5,0
1997,MATTEO,39,39,0
1997,MANVIR,8,8,0
1997,RAFAEL,17,17,0
1997,MANUEL,12,12,0
1997,MANJOT,8,8,0
1997,LORNE,5,5,0
1997,LOUIE,9,9,0
1997,LOUIS,22,22,0
1997,LUC,22,22,0
1997,LUCA,67,67,0
1997,LUCAS,391,391,0
1997,LUCIANO,7,7,0
1997,LUIGI,8,8,0
1997,LUIS,17,17,0
1997,LUKA,21,21,0
1997,LUKAS,40,40,0
1997,LUKASZ,8,8,0
1997,LUKE,229,229,0
1997,LYLE,6,6,0
1997,LYNDON,9,9,0
1997,MAAZ,5,5,0
1997,MACLEAN,7,7,0
1997,MAHAD,12,12,0
1997,MAHDI,8,8,0
1997,MAHMOUD,9,9,0
1997,MAKSYM,5,5,0
1997,MALACHI,9,9,0
1997,MALCOLM,63,63,0
1997,MALIK,52,52,0
1997,MANINDER,7,7,0
1997,MANRAJ,7,7,0
1997,KEITH,47,47,0
1997,RAHEEM,6,6,0
1997,RAHUL,11,11,0
1997,TOMASZ,6,6,0
1997,TOMMY,27,27,0
1997,TONY,40,40,0
1997,TORIN,9,9,0
1997,TRAVIS,174,174,0
1997,TRAYVON,5,5,0
1997,TRENT,49,49,0
1997,TRENTON,25,25,0
1997,TREVER,5,5,0
1997,TREVON,8,8,0
1997,TREVOR,165,165,0
1997,TOMAS,14,14,0
1997,TREY,20,20,0
1997,TRISTIN,8,8,0
1997,TRISTON,7,7,0
1997,TROY,95,95,0
1997,TRYSTAN,6,6,0
1997,TUAN,5,5,0
1997,TUCKER,5,5,0
1997,TURNER,12,12,0
1997,TY,47,47,0
1997,TYE,16,16,0
1997,TYLOR,18,18,0
1997,TYREL,6,6,0
1997,TRISTIAN,7,7,0
1997,TODD,14,14,0
1997,TOBY,8,8,0
1997,TOBIAS,12,12,0
1997,SURAJ,5,5,0
1997,SYED,25,25,0
1997,SYLVAIN,7,7,0
1997,TAHA,6,6,0
1997,TALHA,8,8,0
1997,TALON,9,9,0
1997,TANNER,114,114,0
1997,TANVEER,6,6,0
1997,TANVIR,6,6,0
1997,TARAN,5,5,0
1997,TAREK,6,6,0
1997,TARIQ,11,11,0
1997,TATE,6,6,0
1997,TED,7,7,0
1997,TERENCE,10,10,0
1997,TERRANCE,5,5,0
1997,TERRELL,9,9,0
1997,TERRENCE,13,13,0
1997,TERRY,13,13,0
1997,TEVIN,7,7,0
1997,THEODORE,25,25,0
1997,THOMAS,458,458,0
1997,TIAGO,5,5,0
1997,TIM,6,6,0
1997,TIMOTHY,197,197,0
1997,TYRELL,28,28,0
1997,SUNNY,13,13,0
1997,TYRIQUE,5,5,0
1997,TYRUS,6,6,0
1997,XAVIER,40,40,0
1997,YAHYA,6,6,0
1997,YANICK,5,5,0
1997,YANNICK,9,9,0
1997,YASH,5,5,0
1997,YASIN,7,7,0
1997,YISROEL,5,5,0
1997,YONIS,6,6,0
1997,YOSEF,5,5,0
1997,YOUSEF,7,7,0
1997,YOUSSEF,8,8,0
1997,WYATT,82,82,0
1997,YUSUF,21,21,0
1997,ZACHARIE,18,18,0
1997,ZACHARY,588,588,0
1997,ZACHERY,37,37,0
1997,ZACKARY,57,57,0
1997,ZACKERY,29,29,0
1997,ZAID,8,8,0
1997,ZAIN,16,16,0
1997,ZAKARIA,19,19,0
1997,ZAKARIYA,5,5,0
1997,ZAKARY,8,8,0
1997,ZANE,10,10,0
1997,ZACHARIAH,16,16,0
1997,WINSTON,12,12,0
1997,WILSON,13,13,0
1997,WILLIAM,618,618,0
1997,TYSON,79,79,0
1997,UMAR,12,12,0
1997,USMAN,5,5,0
1997,VAN,6,6,0
1997,VARUN,5,5,0
1997,VERNON,8,8,0
1997,VICTOR,72,72,0
1997,VIKRAM,5,5,0
1997,VINCENT,123,123,0
1997,VINCENZO,22,22,0
1997,VINH,6,6,0
1997,VISHAL,7,7,0
1997,VITHURAN,5,5,0
1997,WADE,24,24,0
1997,WAI,6,6,0
1997,WALEED,5,5,0
1997,WALID,5,5,0
1997,WALKER,8,8,0
1997,WALTER,18,18,0
1997,WARREN,18,18,0
1997,WAYNE,17,17,0
1997,WESLEY,90,90,0
1997,WESTON,8,8,0
1997,WILL,9,9,0
1997,WILLEM,10,10,0
1997,TYRONE,14,14,0
1997,SUMEET,7,7,0
1997,SULAIMAN,5,5,0
1997,SUKHRAJ,6,6,0
1997,ROCCO,7,7,0
1997,ROCH,5,5,0
1997,RODERICK,7,7,0
1997,RODNEY,15,15,0
1997,ROGER,21,21,0
1997,ROHAN,12,12,0
1997,ROHIT,7,7,0
1997,ROLAND,7,7,0
1997,ROMAN,18,18,0
1997,ROMEO,5,5,0
1997,RONALD,38,38,0
1997,ROBERTO,18,18,0
1997,RONAN,8,8,0
1997,ROSHAN,10,10,0
1997,ROSS,30,30,0
1997,ROY,12,12,0
1997,RUBEN,7,7,0
1997,RUDY,8,8,0
1997,RUSSELL,50,50,0
1997,RYLAN,7,7,0
1997,RYLEY,24,24,0
1997,SAAD,12,12,0
1997,SABASTIAN,5,5,0
1997,SACHIN,6,6,0
1997,RORY,28,28,0
1997,ROBERT,493,493,0
1997,ROBEL,5,5,0
1997,ROBBIE,5,5,0
1997,RAJAN,5,5,0
1997,RALPH,14,14,0
1997,RAMI,13,13,0
1997,RANDALL,15,15,0
1997,RANDY,54,54,0
1997,RAPHAEL,17,17,0
1997,RASHAD,5,5,0
1997,RAVINDER,5,5,0
1997,RAY,7,7,0
1997,RAYAN,7,7,0
1997,RAYMOND,73,73,0
1997,REECE,13,13,0
1997,REED,12,12,0
1997,REESE,5,5,0
1997,REGINALD,10,10,0
1997,REID,24,24,0
1997,RENE,10,10,0
1997,REUBEN,10,10,0
1997,RHYS,14,14,0
1997,RICARDO,25,25,0
1997,RICHARD,173,173,0
1997,RICK,5,5,0
1997,RICKY,18,18,0
1997,RISHI,9,9,0
1997,RIVER,16,16,0
1997,SAHIB,5,5,0
1997,SAHIL,14,14,0
1997,SAID,7,7,0
1997,SALAH,5,5,0
1997,SHAWN,149,149,0
1997,SHAYAN,9,9,0
1997,SHAYNE,30,30,0
1997,SHELDON,57,57,0
1997,SHEMAR,19,19,0
1997,SHIV,6,6,0
1997,SHIVAM,10,10,0
1997,SILAS,9,9,0
1997,SIMON,115,115,0
1997,SOLOMON,15,15,0
1997,SONNY,5,5,0
1997,STANLEY,18,18,0
1997,STEFAN,78,78,0
1997,STEFANO,27,27,0
1997,STEPHAN,21,21,0
1997,STEPHANE,12,12,0
1997,STEPHEN,211,211,0
1997,STEPHON,5,5,0
1997,STERLING,9,9,0
1997,STEVE,14,14,0
1997,STEVEN,306,306,0
1997,STEWART,8,8,0
1997,STUART,26,26,0
1997,SUKHDEEP,10,10,0
1997,SUKHPREET,5,5,0
1997,SHAUN,36,36,0
1997,RAHIM,5,5,0
1997,SHANE,149,149,0
1997,SHAMAR,20,20,0
1997,SALMAN,7,7,0
1997,SALVATORE,17,17,0
1997,SAM,43,43,0
1997,SAMATAR,5,5,0
1997,SAMEER,11,11,0
1997,SAMER,9,9,0
1997,SAMI,7,7,0
1997,SAMIR,9,9,0
1997,SAMMY,5,5,0
1997,SAMSON,14,14,0
1997,SAMUEL,360,360,0
1997,SANDEEP,10,10,0
1997,SANJAY,9,9,0
1997,SANTINO,5,5,0
1997,SAWYER,13,13,0
1997,SCOTT,227,227,0
1997,SEAMUS,6,6,0
1997,SEAN,270,270,0
1997,SEBASTIAN,91,91,0
1997,SEBASTIEN,44,44,0
1997,SÉBASTIEN,6,6,0
1997,SERGIO,7,7,0
1997,SETH,49,49,0
1997,SEYON,5,5,0
1997,SHAKUR,5,5,0
1997,SHAMUS,6,6,0
1997,BISHOP,6,6,0
1997,KEENAN,38,38,0
1997,KEATON,22,22,0
1997,DENVER,20,20,0
1997,DENZEL,24,24,0
1997,DEREK,163,163,0
1997,DERICK,8,8,0
1997,DERRICK,27,27,0
1997,DESHAWN,11,11,0
1997,DESMOND,16,16,0
1997,DEVAN,23,23,0
1997,DEVANTE,10,10,0
1997,DEVEN,23,23,0
1997,DEVLIN,10,10,0
1997,DENNIS,46,46,0
1997,DEVONTE,9,9,0
1997,DHRUV,6,6,0
1997,DIEGO,16,16,0
1997,DILAN,6,6,0
1997,DILLAN,14,14,0
1997,DILLON,89,89,0
1997,DILPREET,5,5,0
1997,DIMITRI,8,8,0
1997,DIMITRIOS,6,6,0
1997,DMITRI,6,6,0
1997,DOMENIC,25,25,0
1997,DOMENICO,17,17,0
1997,DEXTER,17,17,0
1997,DENIS,8,8,0
1997,DECLAN,14,14,0
1997,DEAN,63,63,0
1997,DAMIEN,33,33,0
1997,DAMON,39,39,0
1997,DAN,7,7,0
1997,D'ANDRE,6,6,0
1997,DANE,24,24,0
1997,D'ANGELO,6,6,0
1997,DANIAL,7,7,0
1997,DANIEL,1025,1025,0
1997,DANIELE,7,7,0
1997,DANNY,34,34,0
1997,DANTE,73,73,0
1997,DANYAL,5,5,0
1997,DARIO,8,8,0
1997,DARIUS,14,14,0
1997,DARNEL,5,5,0
1997,DARNELL,11,11,0
1997,DARREN,68,68,0
1997,DARRYL,14,14,0
1997,DARYL,7,7,0
1997,DAVE,9,9,0
1997,DAVID,694,694,0
1997,DAVIN,10,10,0
1997,DAVIS,21,21,0
1997,DAWSON,22,22,0
1997,DAYTON,5,5,0
1997,DOMINIC,64,64,0
1997,DAMIAN,66,66,0
1997,DOMINIK,15,15,0
1997,DONOVAN,39,39,0
1997,ELIJAH,65,65,0
1997,ELLIOT,20,20,0
1997,ELLIOTT,13,13,0
1997,ELLIS,7,7,0
1997,ELMER,5,5,0
1997,ELTON,7,7,0
1997,ELVIN,6,6,0
1997,ELVIS,5,5,0
1997,EMANUEL,13,13,0
1997,EMERSON,17,17,0
1997,EMILIO,9,9,0
1997,ELIAS,19,19,0
1997,EMMANUEL,36,36,0
1997,ENOCH,8,8,0
1997,ENOS,5,5,0
1997,ENRICO,5,5,0
1997,ENRIQUE,6,6,0
1997,ENZO,5,5,0
1997,ERIC,502,502,0
1997,ERICH,9,9,0
1997,ERICK,11,11,0
1997,ERIK,74,74,0
1997,ERNEST,13,13,0
1997,ETHAN,285,285,0
1997,EMMETT,10,10,0
1997,ELI,16,16,0
1997,EDWIN,22,22,0
1997,EDWARD,89,89,0
1997,DONTE,9,9,0
1997,DORIAN,14,14,0
1997,DOUGLAS,58,58,0
1997,DOV,5,5,0
1997,DRAKE,30,30,0
1997,DRAVEN,5,5,0
1997,DRAYTON,5,5,0
1997,DRYDEN,6,6,0
1997,DUNCAN,45,45,0
1997,DUSTIN,105,105,0
1997,DUSTYN,9,9,0
1997,DUY,7,7,0
1997,DWAYNE,7,7,0
1997,DWIGHT,6,6,0
1997,DYLAN,576,576,0
1997,DYLON,8,8,0
1997,EAMON,5,5,0
1997,EARL,5,5,0
1997,EASTON,8,8,0
1997,EDDIE,8,8,0
1997,EDDY,5,5,0
1997,EDGAR,10,10,0
1997,EDMOND,10,10,0
1997,EDMUND,7,7,0
1997,EDUARDO,9,9,0
1997,DONALD,40,40,0
1997,DALTON,105,105,0
1997,DALLAS,40,40,0
1997,DALE,28,28,0
1997,BROCK,57,57,0
1997,BRODERICK,5,5,0
1997,BRODIE,49,49,0
1997,BRODY,81,81,0
1997,BRONSON,10,10,0
1997,BRUCE,20,20,0
1997,BRUNO,26,26,0
1997,BRYAN,104,104,0
1997,BRYCE,83,83,0
1997,BRYDEN,8,8,0
1997,BRYDON,5,5,0
1997,BRIAN,186,186,0
1997,BRYSON,26,26,0
1997,CAELAN,12,12,0
1997,CAIN,5,5,0
1997,CALE,5,5,0
1997,CALEB,145,145,0
1997,CALLUM,51,51,0
1997,CALUM,14,14,0
1997,CALVIN,99,99,0
1997,CAMPBELL,9,9,0
1997,CARL,26,26,0
1997,CARLO,10,10,0
1997,CARLOS,35,35,0
1997,BYRON,12,12,0
1997,BRETT,156,156,0
1997,BRET,7,7,0
1997,BRENT,52,52,0
1997,BLAIR,29,29,0
1997,BLAKE,106,106,0
1997,BORIS,6,6,0
1997,BOSTON,6,6,0
1997,BRAD,8,8,0
1997,BRADEN,58,58,0
1997,BRADLEY,306,306,0
1997,BRADLY,7,7,0
1997,BRADY,113,113,0
1997,BRAEDEN,60,60,0
1997,BRAEDON,21,21,0
1997,BRAIDEN,9,9,0
1997,BRANDAN,23,23,0
1997,BRANDEN,40,40,0
1997,BRANDON,936,936,0
1997,BRANDYN,6,6,0
1997,BRANT,5,5,0
1997,BRAXTON,9,9,0
1997,BRAYDEN,88,88,0
1997,BRAYDON,45,45,0
1997,BRENDAN,213,213,0
1997,BRENDEN,43,43,0
1997,BRENDON,28,28,0
1997,BRENNAN,58,58,0
1997,BRENNEN,12,12,0
1997,CARLTON,6,6,0
1997,CARMINE,5,5,0
1997,CARSON,45,45,0
1997,CARTER,116,116,0
1997,COLETON,5,5,0
1997,COLIN,242,242,0
1997,COLLIN,55,55,0
1997,COLT,7,7,0
1997,COLTON,85,85,0
1997,CONNER,39,39,0
1997,CONNOR,529,529,0
1997,CONOR,63,63,0
1997,CONRAD,28,28,0
1997,COOPER,38,38,0
1997,CORBIN,9,9,0
1997,COREY,93,93,0
1997,CORNELIUS,12,12,0
1997,CORY,73,73,0
1997,COULTER,5,5,0
1997,COULTON,6,6,0
1997,CRAIG,47,47,0
1997,CRISTIAN,22,22,0
1997,CRISTOPHER,5,5,0
1997,CULLEN,10,10,0
1997,CURRAN,5,5,0
1997,CURTIS,149,149,0
1997,CYLE,6,6,0
1997,CYRUS,10,10,0
1997,DAKOTAH,7,7,0
1997,COLEMAN,6,6,0
1997,EUGENE,13,13,0
1997,COLE,306,306,0
1997,CODY,331,331,0
1997,CEDRIC,10,10,0
1997,CESAR,5,5,0
1997,CHAD,69,69,0
1997,CHAIM,5,5,0
1997,CHANCE,24,24,0
1997,CHANDLER,12,12,0
1997,CHARLES,112,112,0
1997,CHASE,77,77,0
1997,CHI,5,5,0
1997,CHRIS,19,19,0
1997,CHRISTIAN,293,293,0
1997,CHRISTOPHER,806,806,0
1997,CHRISTOS,9,9,0
1997,CIARAN,10,10,0
1997,CLARENCE,8,8,0
1997,CLARK,11,11,0
1997,CLARKE,7,7,0
1997,CLAUDIO,11,11,0
1997,CLAY,6,6,0
1997,CLAYTON,55,55,0
1997,CLEMENT,8,8,0
1997,CLEON,5,5,0
1997,CLIFFORD,9,9,0
1997,CLINTON,15,15,0
1997,CODEY,6,6,0
1997,COLBY,14,14,0
1997,KEEGAN,72,72,0
1997,EVAN,300,300,0
1997,EZEKIEL,10,10,0
1997,JAYLEN,5,5,0
1997,JAYSON,17,17,0
1997,JEAN,23,23,0
1997,JEAN-CLAUDE,6,6,0
1997,JEAN-PAUL,5,5,0
1997,JEAN-PIERRE,9,9,0
1997,JEEVAN,5,5,0
1997,JEFF,12,12,0
1997,JEFFERSON,7,7,0
1997,JEFFERY,28,28,0
1997,JEFFREY,176,176,0
1997,JAYDON,5,5,0
1997,JEREMIAH,31,31,0
1997,JEREMY,267,267,0
1997,JERMAINE,9,9,0
1997,JEROME,32,32,0
1997,JERRY,12,12,0
1997,JESSY,10,10,0
1997,JEVON,9,9,0
1997,JIM,6,6,0
1997,JIMMY,35,35,0
1997,JOE,6,6,0
1997,JOEL,132,132,0
1997,JOEY,40,40,0
1997,JEREMIE,24,24,0
1997,JAY,21,21,0
1997,JAXON,5,5,0
1997,JAVON,6,6,0
1997,JAKOB,81,81,0
1997,JAKUB,16,16,0
1997,JALEN,9,9,0
1997,JAMA,5,5,0
1997,JAMAAL,5,5,0
1997,JAMAL,33,33,0
1997,JAMEEL,8,8,0
1997,JAMES,670,670,0
1997,JAMESON,11,11,0
1997,JAMIESON,7,7,0
1997,JAMIL,5,5,0
1997,JAN,15,15,0
1997,JARED,173,173,0
1997,JARET,6,6,0
1997,JAROD,34,34,0
1997,JARON,7,7,0
1997,JARRED,17,17,0
1997,JARRET,6,6,0
1997,JARRETT,29,29,0
1997,JARROD,18,18,0
1997,JASKARAN,13,13,0
1997,JASMAN,5,5,0
1997,JASON,380,380,0
1997,JASPER,15,15,0
1997,JAVIER,7,7,0
1997,JOHAN,10,10,0
1997,JAKE,208,208,0
1997,JOHN,480,480,0
1997,JOHNATHON,24,24,0
1997,KADEEM,6,6,0
1997,KADEN,6,6,0
1997,KAELAN,11,11,0
1997,KAI,14,14,0
1997,KAIN,5,5,0
1997,KALE,6,6,0
1997,KALEB,22,22,0
1997,KALVIN,13,13,0
1997,KAMAL,5,5,0
1997,KAMERON,6,6,0
1997,KAMIL,7,7,0
1997,KABIR,5,5,0
1997,KAMRAN,5,5,0
1997,KARAN,18,18,0
1997,KAREEM,23,23,0
1997,KARIM,17,17,0
1997,KARL,20,20,0
1997,KARSON,7,7,0
1997,KARSTEN,5,5,0
1997,KAVIN,5,5,0
1997,KAYNE,5,5,0
1997,KEAGAN,7,7,0
1997,KEANAN,6,6,0
1997,KEANU,7,7,0
1997,KANE,12,12,0
1997,JUSTYN,10,10,0
1997,JUSTUS,6,6,0
1997,JUSTIN,758,758,0
1997,JOHN-MICHAEL,5,5,0
1997,JOHNNY,26,26,0
1997,JOHNSON,16,16,0
1997,JON,10,10,0
1997,JONAH,74,74,0
1997,JONAS,7,7,0
1997,JONATHAN,485,485,0
1997,JONATHON,54,54,0
1997,JORDEN,9,9,0
1997,JORDON,29,29,0
1997,JORGE,5,5,0
1997,JOSE,26,26,0
1997,JOSEF,5,5,0
1997,JOSEPH,628,628,0
1997,JOSH,10,10,0
1997,JOSHUA,1214,1214,0
1997,JOSHUAH,6,6,0
1997,JOSIAH,24,24,0
1997,JOSUE,8,8,0
1997,JOVAN,12,12,0
1997,JUAN,7,7,0
1997,JULIAN,111,111,0
1997,JULIEN,31,31,0
1997,JULIUS,12,12,0
1997,JUNIOR,6,6,0
1997,JOHNATHAN,65,65,0
1997,JAIDEN,9,9,0
1997,JADON,11,11,0
1997,JAD,5,5,0
1997,GARRY,6,6,0
1997,GARY,27,27,0
1997,GAVIN,93,93,0
1997,GENE,5,5,0
1997,GEOFFREY,36,36,0
1997,GEORGE,107,107,0
1997,GERALD,16,16,0
1997,GIAN,7,7,0
1997,GIANCARLO,13,13,0
1997,GIANLUCA,23,23,0
1997,GIANNI,6,6,0
1997,GARRETT,58,58,0
1997,GILBERT,8,8,0
1997,GIORDANO,5,5,0
1997,GIOVANNI,18,18,0
1997,GIUSEPPE,24,24,0
1997,GLEN,7,7,0
1997,GLENN,11,11,0
1997,GORDON,36,36,0
1997,GRADY,6,6,0
1997,GRAEME,39,39,0
1997,GRAHAM,69,69,0
1997,GRANT,75,75,0
1997,GRAYDON,13,13,0
1997,GINO,6,6,0
1997,GARRET,11,11,0
1997,GARETT,10,10,0
1997,GARETH,17,17,0
1997,EZRA,10,10,0
1997,FABIO,9,9,0
1997,FAISAL,7,7,0
1997,FAIZAN,5,5,0
1997,FARHAN,5,5,0
1997,FELIPE,8,8,0
1997,FELIX,24,24,0
1997,FERNANDO,8,8,0
1997,FILIP,17,17,0
1997,FILIPPO,5,5,0
1997,FINN,5,5,0
1997,FRANCESCO,49,49,0
1997,FRANCIS,40,40,0
1997,FRANCISCO,5,5,0
1997,FRANCO,8,8,0
1997,FRANCOIS,5,5,0
1997,FRANK,42,42,0
1997,FRANKLIN,9,9,0
1997,FRANZ,9,9,0
1997,FRASER,12,12,0
1997,FREDERIC,12,12,0
1997,FREDERICK,15,15,0
1997,GABRIEL,158,158,0
1997,GAGE,28,28,0
1997,GALEN,7,7,0
1997,GRAYSON,21,21,0
1997,GREGORY,149,149,0
1997,GRIFFEN,6,6,0
1997,GRIFFIN,67,67,0
1997,HUDSON,14,14,0
1997,HUGH,11,11,0
1997,HUGO,14,14,0
1997,HUMZA,8,8,0
1997,HUSSAIN,6,6,0
1997,HUSSEIN,17,17,0
1997,HUY,6,6,0
1997,IAIN,21,21,0
1997,IAN,177,177,0
1997,IBRAHIM,41,41,0
1997,ILYAS,5,5,0
1997,IMRAN,13,13,0
1997,ISAAC,154,154,0
1997,ISAAK,7,7,0
1997,ISAIAH,95,95,0
1997,ISHAN,5,5,0
1997,ISIAH,17,17,0
1997,ISMAIL,11,11,0
1997,IVAN,36,36,0
1997,JACE,8,8,0
1997,JACK,223,223,0
1997,JACKSON,94,94,0
1997,JACKY,23,23,0
1997,JACOB,1209,1209,0
1997,JACQUES,10,10,0
1997,HUBERT,6,6,0
1997,EVERETT,8,8,0
1997,HOWARD,7,7,0
1997,HOANG,7,7,0
1997,GUILLAUME,7,7,0
1997,GULED,6,6,0
1997,GURJOT,8,8,0
1997,GURKARAN,6,6,0
1997,HABIB,5,5,0
1997,HADI,6,6,0
1997,HAMZA,28,28,0
1997,HAMZAH,7,7,0
1997,HANS,5,5,0
1997,HANSON,5,5,0
1997,HARIS,7,7,0
1997,HARKIRAT,5,5,0
1997,HARMAN,24,24,0
1997,HARMEET,5,5,0
1997,HAROLD,6,6,0
1997,HARRIS,11,11,0
1997,HARRISON,72,72,0
1997,HARRY,13,13,0
1997,HASAN,9,9,0
1997,HASSAN,31,31,0
1997,HAYDEN,98,98,0
1997,HECTOR,7,7,0
1997,HEINRICH,7,7,0
1997,HENRY,63,63,0
1997,HO,7,7,0
1997,HOLDEN,15,15,0
1997,IQRA,8,0,8
1997,CATRINA,7,0,7
1997,IRIS,10,0,10
1997,REBECCA-LYNN,12,0,12
1997,REBEKAH,49,0,49
1997,REEM,13,0,13
1997,REENA,6,0,6
1997,REGAN,33,5,28
1997,REILLY,30,14,16
1997,RENA,8,0,8
1997,RENEE,78,0,78
1997,REBECCA,493,0,493
1997,RENÉE,7,0,7
1997,RHIANNON,22,0,22
1997,RICHELLE,7,0,7
1997,RICKI,6,0,6
1997,RILEY,364,270,94
1997,RITA,16,0,16
1997,ROBIN,60,24,36
1997,ROBYN,74,0,74
1997,ROCHELLE,23,0,23
1997,RHEA,9,0,9
1997,ROSA,12,0,12
1997,REBECA,8,0,8
1997,REAGAN,6,0,6
1997,RABIA,6,0,6
1997,RACHAEL,85,0,85
1997,RACHEAL,11,0,11
1997,RACHEL,629,0,629
1997,RACHELLE,40,0,40
1997,RACQUEL,6,0,6
1997,RADHIKA,6,0,6
1997,RAEGAN,7,0,7
1997,REANNA,8,0,8
1997,RAINA,6,0,6
1997,RAMANDEEP,8,0,8
1997,RAMONA,7,0,7
1997,RANDI,9,0,9
1997,RAQUEL,30,0,30
1997,RAVEENA,8,0,8
1997,RAVEN,34,6,28
1997,RAVNEET,10,0,10
1997,RAWAN,10,0,10
1997,RAINE,7,0,7
1997,QUINN,115,97,18
1997,ROSALIE,6,0,6
1997,ROSE,14,0,14
1997,SALLY,20,0,20
1997,SALMA,20,0,20
1997,SAMANTHA,891,0,891
1997,SAMARA,9,0,9
1997,SAMIRA,11,0,11
1997,SANA,14,0,14
1997,SANDRA,50,0,50
1997,SANDY,14,0,14
1997,SALINA,9,0,9
1997,SANTANA,6,0,6
1997,SARAH,1195,0,1195
1997,SARINA,17,0,17
1997,SASHA,30,9,21
1997,SAVANA,7,0,7
1997,SAVANAH,12,0,12
1997,SAVANNA,13,0,13
1997,SAVANNAH,103,0,103
1997,SCARLETT,7,0,7
1997,SARA,323,0,323
1997,ROSALIND,7,0,7
1997,SAHAR,11,0,11
1997,SAGAL,12,0,12
1997,ROSEMARIE,7,0,7
1997,ROSEMARY,9,0,9
1997,ROSHNI,7,0,7
1997,ROWAN,34,16,18
1997,ROXANNE,25,0,25
1997,RUBY,18,0,18
1997,RUTH,25,0,25
1997,RYAN,1081,1075,6
1997,SAGE,12,5,7
1997,RYLEE,28,6,22
1997,RYLIE,14,6,8
1997,SABRINA,335,0,335
1997,SADAF,8,0,8
1997,SADIA,9,0,9
1997,SADIE,31,0,31
1997,SAFIA,10,0,10
1997,SAFIYA,8,0,8
1997,SAFIYAH,6,0,6
1997,RYLEIGH,10,0,10
1997,SELENA,80,0,80
1997,PUNEET,6,0,6
1997,PRIYA,30,0,30
1997,MOLLY,58,0,58
1997,MONA,22,0,22
1997,MONICA,157,0,157
1997,MONIKA,43,0,43
1997,MONIQUE,51,0,51
1997,MONTANA,39,6,33
1997,MORGAN,270,55,215
1997,MORIAH,7,0,7
1997,MIRIAM,34,0,34
1997,MUNA,15,0,15
1997,MYKAELA,6,0,6
1997,MYRIAM,10,0,10
1997,NADA,8,0,8
1997,NADIA,71,0,71
1997,NADINE,28,0,28
1997,NAIMA,6,0,6
1997,NAJMA,6,0,6
1997,NAKITA,7,0,7
1997,MY,6,0,6
1997,NANCY,54,0,54
1997,MIRANDA,106,0,106
1997,MINA,9,0,9
1997,MELISSA,357,0,357
1997,MELODY,27,0,27
1997,MELYSSA,9,0,9
1997,MERCEDES,34,0,34
1997,MEREDITH,20,0,20
1997,MIA,53,0,53
1997,MICAELA,25,0,25
1997,MICHAELA,118,0,118
1997,MIRA,17,0,17
1997,MICHAELLA,6,0,6
1997,MICHELE,20,11,9
1997,MICHELLE,365,0,365
1997,MIKAELA,61,0,61
1997,MIKAILA,6,0,6
1997,MIKAYLA,111,0,111
1997,MILA,9,0,9
1997,MILENA,13,0,13
1997,MILICA,7,0,7
1997,MICHELA,13,0,13
1997,PRIYANKA,20,0,20
1997,NAOMI,107,0,107
1997,NATALIE,259,0,259
1997,PAIGE,227,0,227
1997,PAISLEY,9,0,9
1997,PAMELA,20,0,20
1997,PARIS,6,0,6
1997,PASCALE,11,0,11
1997,PATRICIA,53,0,53
1997,PAULA,21,0,21
1997,PAULINA,20,0,20
1997,OLIVIA,435,0,435
1997,PAULINE,17,0,17
1997,PEARL,8,0,8
1997,PETRA,8,0,8
1997,PEYTON,13,5,8
1997,PHOEBE,20,0,20
1997,PHOENIX,15,6,9
1997,POOJA,6,0,6
1997,PRECIOUS,6,0,6
1997,PRISCILLA,23,0,23
1997,PAYTON,26,7,19
1997,NATALIA,41,0,41
1997,OCEAN,19,0,19
1997,NORA,17,0,17
1997,NATASHA,211,0,211
1997,NATHALIE,26,0,26
1997,NEHA,13,0,13
1997,NIA,6,0,6
1997,NIAMH,9,0,9
1997,NICHOLE,9,0,9
1997,NICOLA,24,11,13
1997,NICOLE,786,0,786
1997,NOUR,17,0,17
1997,NICOLETTE,18,0,18
1997,NIKKI,40,0,40
1997,NIKOLE,6,0,6
1997,NINA,34,0,34
1997,NOA,10,0,10
1997,NOEL,16,10,6
1997,NOELLE,19,0,19
1997,NOEMIE,7,0,7
1997,NOOR,14,0,14
1997,NIKITA,41,0,41
1997,SELINA,35,0,35
1997,SERENA,99,0,99
1997,SERENE,6,0,6
1997,THALIA,6,0,6
1997,THAO,8,0,8
1997,THARANI,7,0,7
1997,THEA,7,0,7
1997,THEODORA,6,0,6
1997,THERESA,24,0,24
1997,THI,11,0,11
1997,THU,7,0,7
1997,TESSA,45,0,45
1997,TIA,41,0,41
1997,TIANNA,53,0,53
1997,TIARA,8,0,8
1997,TIFFANI,8,0,8
1997,TIFFANY,170,0,170
1997,TINA,56,0,56
1997,TONI,14,0,14
1997,TORI,29,0,29
1997,TRACEY,8,0,8
1997,TIANA,43,0,43
1997,TRACY,20,0,20
1997,TESS,18,0,18
1997,TERRA,7,0,7
1997,TANISHA,16,0,16
1997,TANYA,19,0,19
1997,TARA,84,0,84
1997,TARYN,26,0,26
1997,TASHA,13,0,13
1997,TATIANA,26,0,26
1997,TATIANNA,7,0,7
1997,TATJANA,6,0,6
1997,TERRI,7,0,7
1997,TATUM,7,0,7
1997,TAYA,12,0,12
1997,TAYLER,25,0,25
1997,TAYLOR,864,153,711
1997,TEA,8,0,8
1997,TEAGAN,23,5,18
1997,TEANNA,8,0,8
1997,TEGAN,8,0,8
1997,TERESA,31,0,31
1997,TATYANA,12,0,12
1997,TANIS,6,0,6
1997,TRICIA,6,0,6
1997,TRINITY,8,0,8
1997,WENDY,21,0,21
1997,WHITNEY,20,0,20
1997,WILLOW,7,0,7
1997,WINNIE,11,0,11
1997,YAEL,6,0,6
1997,YASAMIN,6,0,6
1997,YASMEEN,21,0,21
1997,YASMIN,30,0,30
1997,VÉRONIQUE,7,0,7
1997,YASMINE,23,0,23
1997,ZAHRA,10,0,10
1997,ZAINAB,16,0,16
1997,ZARA,6,0,6
1997,ZEINAB,10,0,10
1997,ZENA,9,0,9
1997,ZOE,110,0,110
1997,ZOEY,16,0,16
1997,IRENE,8,0,8
1997,YVONNE,14,0,14
1997,TRINA,6,0,6
1997,VIVIEN,7,0,7
1997,VIRGINIA,25,0,25
1997,TRISHA,25,0,25
1997,TRISTAN,245,228,17
1997,TRISTEN,37,31,6
1997,TRISTYN,9,0,9
1997,TRUDY,7,0,7
1997,TYLER,924,912,12
1997,TYRA,20,0,20
1997,VALENTINA,14,0,14
1997,VIVIAN,56,0,56
1997,VALERIA,8,0,8
1997,VANESSA,315,0,315
1997,VERA,6,0,6
1997,VERONICA,90,0,90
1997,VERONIKA,13,0,13
1997,VERONIQUE,9,0,9
1997,VICKY,11,0,11
1997,VICTORIA,604,0,604
1997,VIOLET,8,0,8
1997,VALERIE,64,0,64
1997,TANIA,8,0,8
1997,TAMMY,6,0,6
1997,TAMIKA,10,0,10
1997,SHAYLYN,10,0,10
1997,SHAYNA,30,0,30
1997,SHEA,17,9,8
1997,SHEENA,7,0,7
1997,SHEILA,10,0,10
1997,SHELBY,137,0,137
1997,SHELLY,10,0,10
1997,SHERIDAN,9,0,9
1997,SHAYLEE,8,0,8
1997,SHERRY,6,0,6
1997,SHIRA,7,0,7
1997,SHIRLEY,16,0,16
1997,SHIVANI,6,0,6
1997,SHUKRI,6,0,6
1997,SHYANN,8,0,8
1997,SHYANNE,22,0,22
1997,SHYLA,11,0,11
1997,SIDNEY,24,7,17
1997,SHIANNE,9,0,9
1997,SIDRA,6,0,6
1997,SHAYLA,49,0,49
1997,SHAWNEE,9,0,9
1997,SERINA,10,0,10
1997,SHAE,10,0,10
1997,SHAE-LYN,7,0,7
1997,SHAE-LYNN,11,0,11
1997,SHAELYN,18,0,18
1997,SHAINA,11,0,11
1997,SHANEL,6,0,6
1997,SHANELLE,8,0,8
1997,SHAY,6,0,6
1997,SHANIA,41,0,41
1997,SHANIQUE,6,0,6
1997,SHANNAN,6,0,6
1997,SHANNON,213,6,207
1997,SHANTE,7,0,7
1997,SHANTEL,8,0,8
1997,SHARON,48,0,48
1997,SHAUNA,33,0,33
1997,SHAWNA,51,0,51
1997,SHANICE,17,0,17
1997,SIENNA,9,0,9
1997,SIERRA,153,0,153
1997,SILVIA,10,0,10
1997,STEPHANIE,464,0,464
1997,STORM,11,5,6
1997,SUAD,6,0,6
1997,SUMAYA,9,0,9
1997,SUMMER,73,0,73
1997,SUSAN,32,0,32
1997,SUSANA,12,0,12
1997,SUSANNA,10,0,10
1997,STELLA,8,0,8
1997,SUSIE,8,0,8
1997,SUZANNE,17,0,17
1997,SYDNEY,343,8,335
1997,SYLVIE,7,0,7
1997,TABATHA,9,0,9
1997,TABITHA,28,0,28
1997,TALIA,31,0,31
1997,TAMAR,6,0,6
1997,TAMARA,76,0,76
1997,SUZANNA,6,0,6
1997,STEFANIE,31,0,31
1997,STEFANIA,9,0,9
1997,STACY,9,0,9
1997,SIMONA,11,0,11
1997,SIMONE,30,0,30
1997,SIMRAN,81,8,73
1997,SIMRANJIT,13,5,8
1997,SIMRIT,6,0,6
1997,SIOBHAN,29,0,29
1997,SKY,10,0,10
1997,SKYE,25,0,25
1997,SKYLAR,54,26,28
1997,SKYLER,34,20,14
1997,SOFIA,45,0,45
1997,SOMMER,8,0,8
1997,SONIA,41,0,41
1997,SONJA,12,0,12
1997,SONYA,14,0,14
1997,SOPHIA,123,0,123
1997,SOPHIE,116,0,116
1997,SPENCER,302,290,12
1997,STACEY,23,0,23
1997,MELISA,6,0,6
1997,MELINDA,15,0,15
1997,SYLVIA,27,0,27
1997,MELANIE,158,0,158
1997,KALLIE,6,0,6
1997,KANDICE,7,0,7
1997,KARA,48,0,48
1997,KAREN,60,0,60
1997,KARI,7,0,7
1997,KARINA,34,0,34
1997,KARINE,15,0,15
1997,KARISHMA,6,0,6
1997,KALI,23,0,23
1997,KARISSA,29,0,29
1997,KARLEY,11,0,11
1997,KARLI,12,0,12
1997,KARLIE,11,0,11
1997,KARLY,30,0,30
1997,KAROLINA,11,0,11
1997,KAROLINE,7,0,7
1997,KASANDRA,18,0,18
1997,KASEY,24,6,18
1997,KARLEE,9,0,9
1997,KASSANDRA,70,0,70
1997,KALEY,9,0,9
1997,KAJAL,6,0,6
1997,JULIANNE,16,0,16
1997,JULIE,93,0,93
1997,JULIET,9,0,9
1997,JULIETTE,8,0,8
1997,JUNE,11,0,11
1997,JUSTICE,48,24,24
1997,JUSTINA,17,0,17
1997,JUSTINE,64,0,64
1997,KALEIGH,15,0,15
1997,KACIE,6,0,6
1997,KAELYN,7,0,7
1997,KAILA,12,0,12
1997,KAILEE,10,0,10
1997,KAILEY,35,0,35
1997,KAILYN,13,0,13
1997,KAITLIN,106,0,106
1997,KAITLYN,288,0,288
1997,KAITLYNN,22,0,22
1997,KAELA,10,0,10
1997,JULIANNA,29,0,29
1997,KASSIDY,32,0,32
1997,KATE,71,0,71
1997,KAYLIN,17,0,17
1997,KAYLYN,13,0,13
1997,KEANNA,14,0,14
1997,KEARA,14,0,14
1997,KEELEY,15,0,15
1997,KEELY,31,0,31
1997,KEESHA,12,0,12
1997,KEIRA,24,0,24
1997,KAYLIE,9,0,9
1997,KEISHA,28,0,28
1997,KELLIE,13,0,13
1997,KELLY,115,0,115
1997,KELSEA,17,0,17
1997,KELSEY,176,0,176
1997,KELSIE,20,0,20
1997,KENDAL,11,0,11
1997,KENDALL,26,5,21
1997,KENDRA,104,0,104
1997,KELLI,6,0,6
1997,KATARINA,28,0,28
1997,KAYLEY,10,0,10
1997,KAYLEEN,6,0,6
1997,KATELYN,157,0,157
1997,KATELYNN,27,0,27
1997,KATERINA,20,0,20
1997,KATHARINA,7,0,7
1997,KATHARINE,27,0,27
1997,KATHERINE,266,0,266
1997,KATHLEEN,128,0,128
1997,KATHRYN,95,0,95
1997,KAYLEIGH,26,0,26
1997,KATHY,20,0,20
1997,KATIE,99,0,99
1997,KATLYN,13,0,13
1997,KATLYNN,8,0,8
1997,KATRINA,127,0,127
1997,KAYA,10,0,10
1997,KAYLA,347,0,347
1997,KAYLEA,6,0,6
1997,KAYLEE,52,0,52
1997,KATIA,10,0,10
1997,JULIANA,40,0,40
1997,JULIA,545,0,545
1997,JUDY,13,0,13
1997,JAMIE-LYNN,11,0,11
1997,JAMILA,9,0,9
1997,JANA,7,0,7
1997,JANAE,8,0,8
1997,JANE,25,0,25
1997,JANELLE,41,0,41
1997,JANESSA,12,0,12
1997,JANET,18,0,18
1997,JAMIE,199,78,121
1997,JANICE,19,0,19
1997,JANINE,16,0,16
1997,JANNA,8,0,8
1997,JASDEEP,15,8,7
1997,JASLEEN,15,0,15
1997,JASMEEN,7,0,7
1997,JASMEET,11,5,6
1997,JASMIN,32,0,32
1997,JASMINE,212,0,212
1997,JANIE,6,0,6
1997,JASPREET,18,5,13
1997,JAMI,8,0,8
1997,JAIMEE,10,0,10
1997,ISABEL,45,0,45
1997,MELINA,10,0,10
1997,ISABELLA,103,0,103
1997,ISABELLE,74,0,74
1997,ISHA,9,0,9
1997,ISOBEL,9,0,9
1997,IVANA,25,0,25
1997,IVY,20,0,20
1997,JAIMIE,13,0,13
1997,JACKIE,15,5,10
1997,JACLYN,33,0,33
1997,JACQUELINE,122,0,122
1997,JACQUELYN,7,0,7
1997,JADA,28,0,28
1997,JADE,134,5,129
1997,JADEN,38,23,15
1997,JADYN,9,0,9
1997,JAIME,48,12,36
1997,JACKLYN,16,0,16
1997,JAYDE,9,0,9
1997,JAYDEN,61,41,20
1997,JAYME,15,5,10
1997,JOANNE,26,0,26
1997,JOCELYN,70,0,70
1997,JOCELYNE,7,0,7
1997,JODI,19,0,19
1997,JODIE,12,0,12
1997,JODY,9,0,9
1997,JOELLE,27,0,27
1997,JOHANNA,14,0,14
1997,JOANNA,42,0,42
1997,JOLENE,11,0,11
1997,JORDANA,14,0,14
1997,JORDYN,87,6,81
1997,JOSEE,25,0,25
1997,JOSEPHINE,32,0,32
1997,JOSIE,16,0,16
1997,JOY,12,0,12
1997,JOYCE,33,0,33
1997,JUDITH,10,0,10
1997,JORDAN,824,683,141
1997,JOAN,6,0,6
1997,JILLIAN,99,0,99
1997,JILL,12,0,12
1997,JAYMIE,6,0,6
1997,JAYNA,6,0,6
1997,JAZMIN,10,0,10
1997,JAZMINE,18,0,18
1997,JEANETTE,6,0,6
1997,JENA,8,0,8
1997,JENELLE,7,0,7
1997,JENESSA,6,0,6
1997,JENNA,241,0,241
1997,JENNIE,6,0,6
1997,JENNIFER,360,0,360
1997,JENNY,51,0,51
1997,JENSEN,15,0,15
1997,JESSA,6,0,6
1997,JESSE,340,328,12
1997,JESSICA,1118,0,1118
1997,JESSIE,85,29,56
1997,JESSIKA,9,0,9
1997,JEWEL,10,0,10
1997,KENNEDY,89,6,83
1997,KENZIE,10,0,10
1997,JELENA,6,0,6
1997,KERRI,6,0,6
1997,MADISYN,6,0,6
1997,MADYSON,11,0,11
1997,MAEGAN,12,0,12
1997,MAEVE,10,0,10
1997,MAGDALENA,11,0,11
1997,MAGDALENE,6,0,6
1997,MAGGIE,49,0,49
1997,MAHA,6,0,6
1997,MADISSON,9,0,9
1997,MAIA,12,0,12
1997,MAKAYLA,54,0,54
1997,MAKENNA,6,0,6
1997,MAKENZIE,9,0,9
1997,MALLORY,41,0,41
1997,MANDEEP,15,7,8
1997,MANDY,8,0,8
1997,MANEET,6,0,6
1997,MANISHA,9,0,9
1997,MAJA,9,0,9
1997,MANPREET,13,5,8
1997,MADISON,498,8,490
1997,MADELINE,147,0,147
1997,LORA,7,0,7
1997,LORENA,7,0,7
1997,LORI,14,0,14
1997,LORNA,9,0,9
1997,LOUISE,9,0,9
1997,LUCIA,10,0,10
1997,LUCY,22,0,22
1997,LYDIA,55,0,55
1997,MADELYN,19,0,19
1997,LYNDSAY,9,0,9
1997,LYNN,7,0,7
1997,LYRIC,6,0,6
1997,MABEL,6,0,6
1997,MACKENZIE,460,148,312
1997,MADALYN,7,0,7
1997,MADDISON,46,0,46
1997,MADELAINE,30,0,30
1997,MADELEINE,118,0,118
1997,LYNDSEY,8,0,8
1997,MARA,19,0,19
1997,MARANDA,8,0,8
1997,MARGARET,81,0,81
1997,MARY,143,0,143
1997,MARYAM,20,0,20
1997,MARYANN,6,0,6
1997,MATTEA,7,0,7
1997,MAUREEN,9,0,9
1997,MAXINE,18,0,18
1997,MAYA,68,0,68
1997,MCKAYLA,7,0,7
1997,MARWA,7,0,7
1997,MCKENNA,17,0,17
1997,MEAGAN,87,0,87
1997,MEAGHAN,73,0,73
1997,MEERA,6,0,6
1997,MEG,6,0,6
1997,MEGAN,573,0,573
1997,KEREN,7,0,7
1997,MEGHAN,176,0,176
1997,MEKAYLA,7,0,7
1997,MCKENZIE,38,11,27
1997,MARTINE,12,0,12
1997,MARTINA,24,0,24
1997,MARTHA,25,0,25
1997,MARGOT,7,0,7
1997,MARIA,148,0,148
1997,MARIAH,55,0,55
1997,MARIAM,39,0,39
1997,MARIAN,7,0,7
1997,MARIANA,6,0,6
1997,MARIANNA,6,0,6
1997,MARIANNE,12,0,12
1997,MARIE,177,0,177
1997,MARIKA,11,0,11
1997,MARILYN,7,0,7
1997,MARINA,53,0,53
1997,MARISA,43,0,43
1997,MARISSA,112,0,112
1997,MARLEE,16,0,16
1997,MARLENA,8,0,8
1997,MARLENE,7,0,7
1997,MARLEY,9,0,9
1997,MARTA,12,0,12
1997,LOIS,6,0,6
1997,LOGAN,249,226,23
1997,MARLA,6,0,6
1997,LISA,98,0,98
1997,KRISTI,6,0,6
1997,KRISTIE,8,0,8
1997,KRISTIN,47,0,47
1997,KRISTINA,82,0,82
1997,KRISTINE,24,0,24
1997,KRISTY,13,0,13
1997,KRISTYN,10,0,10
1997,KRYSTAL,43,0,43
1997,KRISTEN,171,0,171
1997,KRYSTEN,6,0,6
1997,KRYSTYNA,6,0,6
1997,KYLA,55,0,55
1997,KYLEE,17,0,17
1997,KYLEIGH,8,0,8
1997,KYLEY,6,0,6
1997,KYLIE,85,0,85
1997,KYRA,71,0,71
1997,KYRSTEN,8,0,8
1997,KRYSTINA,7,0,7
1997,LACEY,20,0,20
1997,KRISTA,73,0,73
1997,KOMAL,7,0,7
1997,KHADIJAH,9,0,9
1997,KHADIJA,13,0,13
1997,KEZIA,6,0,6
1997,LIVIA,7,0,7
1997,KIANA,59,0,59
1997,KIANNA,20,0,20
1997,KIARA,30,0,30
1997,KIERA,35,0,35
1997,KOURTNEY,12,0,12
1997,KIERSTEN,13,0,13
1997,KIM,19,0,19
1997,KIMBERLEY,24,0,24
1997,KIMBERLY,95,0,95
1997,KIRA,36,0,36
1997,KIRAN,11,0,11
1997,KIRSTEN,101,0,101
1997,KLARA,7,0,7
1997,KLAUDIA,6,0,6
1997,KILEY,8,0,8
1997,LADAN,12,0,12
1997,KIRSTIN,12,0,12
1997,LANA,9,0,9
1997,LESLEY,7,0,7
1997,LESLIE,27,6,21
1997,LEXI,8,0,8
1997,LIA,10,0,10
1997,LIANA,15,0,15
1997,LIANE,6,0,6
1997,LIANNA,9,0,9
1997,LIANNE,9,0,9
1997,LILA,11,0,11
1997,LILIAN,6,0,6
1997,LILIANA,7,0,7
1997,LILLIAN,30,0,30
1997,LILY,37,0,37
1997,LINA,13,0,13
1997,LAILA,6,0,6
1997,LINNEA,6,0,6
1997,LINDSEY,57,0,57
1997,LINDSAY,170,0,170
1997,LINDA,36,0,36
1997,LENA,17,0,17
1997,LEILA,19,0,19
1997,LIDIA,7,0,7
1997,LEENA,9,0,9
1997,LARISSA,52,0,52
1997,LEIGHA,7,0,7
1997,LARISA,8,0,8
1997,LARA,20,0,20
1997,LAURA,359,0,359
1997,LAUREL,12,0,12
1997,LAURENCE,7,0,7
1997,LAURYN,10,0,10
1997,LAUREN,442,0,442
1997,LATISHA,6,0,6
1997,LEA,19,0,19
1997,LEANNE,40,0,40
1997,LEAH,179,0,179
1997,LEANNA,13,0,13
1997,LEANDRA,7,0,7
1997,LAYLA,11,0,11
1998,DARYN,5,5,0
1998,DAULTON,5,5,0
1998,DAVID,624,624,0
1998,DAYTON,8,8,0
1998,DAVIS,20,20,0
1998,D'ANDRE,11,11,0
1998,DEAN,49,49,0
1998,DARYL,10,10,0
1998,DAWSON,178,178,0
1998,DAVIN,13,13,0
1998,DECLAN,20,20,0
1998,DARIO,6,6,0
1998,DARRYL,15,15,0
1998,DARREN,77,77,0
1998,DARNELL,8,8,0
1998,DARIUS,25,25,0
1998,DARIN,5,5,0
1998,DARIEN,14,14,0
1998,DARCY,16,16,0
1998,DANTE,93,93,0
1998,DANE,14,14,0
1998,DANNY,36,36,0
1998,DANIEL,961,961,0
1998,DEMETRIUS,5,5,0
1998,DANILO,8,8,0
1998,DANIELE,5,5,0
1998,DARWIN,7,7,0
1998,DENIS,11,11,0
1998,DHRUV,6,6,0
1998,DENVER,16,16,0
1998,DOMINIC,53,53,0
1998,DOMINICK,8,8,0
1998,DOMINIK,20,20,0
1998,DOMENICO,13,13,0
1998,DAN,5,5,0
1998,DON,5,5,0
1998,DOMENIC,20,20,0
1998,DMITRI,9,9,0
1998,DION,8,8,0
1998,DIMITRIOS,8,8,0
1998,DIMITRI,10,10,0
1998,DILPREET,6,6,0
1998,DILLON,56,56,0
1998,DILLAN,18,18,0
1998,DIEGO,14,14,0
1998,DEXTER,11,11,0
1998,DEVONTE,12,12,0
1998,DEVLIN,7,7,0
1998,DEVEN,19,19,0
1998,DEVANTE,6,6,0
1998,DEVAN,17,17,0
1998,DESTIN,5,5,0
1998,DESMOND,17,17,0
1998,DESHAWN,13,13,0
1998,DESHAUN,5,5,0
1998,DERRICK,16,16,0
1998,DEREK,122,122,0
1998,DEON,5,5,0
1998,DENZEL,9,9,0
1998,DENNIS,37,37,0
1998,DAMON,39,39,0
1998,CLAUDIO,6,6,0
1998,DAMIEN,22,22,0
1998,CLIFFORD,5,5,0
1998,CLEMENT,12,12,0
1998,CLAYTON,43,43,0
1998,CLAY,10,10,0
1998,CLARENCE,5,5,0
1998,CIARAN,8,8,0
1998,CHUN,9,9,0
1998,CHRISTOPHER,736,736,0
1998,CHRISTIEN,6,6,0
1998,CHRISTIANO,5,5,0
1998,CHRIS,13,13,0
1998,CHI,5,5,0
1998,CHAYSE,5,5,0
1998,CHASE,102,102,0
1998,CHARLES,108,108,0
1998,CHANDLER,18,18,0
1998,CHANCE,15,15,0
1998,CHAD,66,66,0
1998,CESAR,7,7,0
1998,CEDRIC,14,14,0
1998,CAYDEN,5,5,0
1998,CASSIUS,6,6,0
1998,CARTER,151,151,0
1998,CARSON,50,50,0
1998,DONALD,34,34,0
1998,CARL,18,18,0
1998,CARMINE,7,7,0
1998,CARLO,9,9,0
1998,CARLOS,30,30,0
1998,CLINTON,11,11,0
1998,DAMION,6,6,0
1998,CODIE,5,5,0
1998,COLBY,15,15,0
1998,DAMIAN,63,63,0
1998,DALTON,75,75,0
1998,DALE,16,16,0
1998,DAKOTAH,5,5,0
1998,DAKODA,7,7,0
1998,CYRUS,13,13,0
1998,CYLE,5,5,0
1998,CURTIS,155,155,0
1998,CULLEN,16,16,0
1998,CRISTIAN,19,19,0
1998,CRAIG,37,37,0
1998,CORY,70,70,0
1998,CORNELIUS,6,6,0
1998,COREY,86,86,0
1998,CORDELL,9,9,0
1998,CORBIN,10,10,0
1998,COOPER,50,50,0
1998,CONSTANTINE,8,8,0
1998,CONRAD,18,18,0
1998,CONOR,38,38,0
1998,CONNOR,540,540,0
1998,CONNER,42,42,0
1998,COLTON,91,91,0
1998,COLTEN,8,8,0
1998,COLLIN,46,46,0
1998,COLIN,227,227,0
1998,COLETON,5,5,0
1998,COLEMAN,9,9,0
1998,COLE,285,285,0
1998,CODY,262,262,0
1998,DONAVAN,5,5,0
1998,GIANNI,5,5,0
1998,DONTE,6,6,0
1998,GRAHAM,61,61,0
1998,GRAEME,44,44,0
1998,GORDON,35,35,0
1998,GLENN,12,12,0
1998,GLEN,7,7,0
1998,GIUSEPPE,23,23,0
1998,GIULIANO,8,8,0
1998,GIOVANNI,23,23,0
1998,GILBERT,7,7,0
1998,GIDEON,9,9,0
1998,GIBSON,5,5,0
1998,GIANLUCA,18,18,0
1998,GIANCARLO,11,11,0
1998,GRANT,57,57,0
1998,GIAN,5,5,0
1998,GERARD,5,5,0
1998,GERALD,15,15,0
1998,GEORGE,90,90,0
1998,GEOFFREY,32,32,0
1998,GAVYN,9,9,0
1998,GAVIN,110,110,0
1998,GARY,26,26,0
1998,GARRETT,51,51,0
1998,GARRET,12,12,0
1998,GARETT,5,5,0
1998,GARETH,13,13,0
1998,GAGE,38,38,0
1998,GAGANDEEP,7,7,0
1998,GIACOMO,5,5,0
1998,GRAYDEN,7,7,0
1998,GRAYDON,9,9,0
1998,GRAYSON,6,6,0
1998,HEINRICH,6,6,0
1998,HENRY,49,49,0
1998,HAYDN,5,5,0
1998,CAMPBELL,6,6,0
1998,HAYDEN,117,117,0
1998,HASSAN,30,30,0
1998,HASEEB,8,8,0
1998,HASAN,9,9,0
1998,HARVIR,5,5,0
1998,HARSH,5,5,0
1998,HARRY,13,13,0
1998,HARRISON,85,85,0
1998,HARRIS,8,8,0
1998,HAROLD,7,7,0
1998,HARKIRAT,5,5,0
1998,HARIS,9,9,0
1998,HAMZAH,9,9,0
1998,HAMZA,30,30,0
1998,HAMISH,5,5,0
1998,GUY,5,5,0
1998,GURTEJ,9,9,0
1998,GURKARAN,5,5,0
1998,GURJOT,8,8,0
1998,GULED,5,5,0
1998,GUILLAUME,14,14,0
1998,GRIFFIN,75,75,0
1998,GRIFFEN,9,9,0
1998,GREGORY,148,148,0
1998,GREG,5,5,0
1998,GABRIEL,185,185,0
1998,DONOVAN,45,45,0
1998,FREDERICK,20,20,0
1998,FRASER,12,12,0
1998,EMILIO,13,13,0
1998,EMERSON,18,18,0
1998,EMANUEL,14,14,0
1998,ELVIS,5,5,0
1998,ELVIN,6,6,0
1998,ELLIOTT,12,12,0
1998,ELLIOT,16,16,0
1998,ELIJAH,75,75,0
1998,ELIE,6,6,0
1998,ELIAS,17,17,0
1998,ELI,10,10,0
1998,EDWIN,27,27,0
1998,EDWARD,83,83,0
1998,EMMANUEL,34,34,0
1998,EDUARDO,5,5,0
1998,EDMOND,5,5,0
1998,EDGAR,7,7,0
1998,EAMON,10,10,0
1998,DYLON,14,14,0
1998,DYLLAN,5,5,0
1998,DWAYNE,14,14,0
1998,DUSTIN,101,101,0
1998,DUNCAN,48,48,0
1998,DRYDEN,5,5,0
1998,DRAVEN,5,5,0
1998,DRAKE,40,40,0
1998,DOUGLAS,56,56,0
1998,DORIAN,9,9,0
1998,EDMUND,10,10,0
1998,EMMETT,12,12,0
1998,ENOCH,6,6,0
1998,ENRICO,5,5,0
1998,FRANK,39,39,0
1998,FRANCOIS,7,7,0
1998,FRANCO,8,8,0
1998,FRANCISCO,9,9,0
1998,FRANCIS,33,33,0
1998,FRANCESCO,41,41,0
1998,FOSTER,5,5,0
1998,FILIPE,9,9,0
1998,FILIP,14,14,0
1998,FERNANDO,11,11,0
1998,FELIX,29,29,0
1998,FARHAN,7,7,0
1998,FAISAL,8,8,0
1998,FADI,5,5,0
1998,FABIO,6,6,0
1998,EZRA,9,9,0
1998,EZEKIEL,10,10,0
1998,EWAN,8,8,0
1998,EVYN,6,6,0
1998,EVERETT,13,13,0
1998,EVAN,282,282,0
1998,EUGENE,5,5,0
1998,ETIENNE,8,8,0
1998,ETHAN,411,411,0
1998,ERNEST,13,13,0
1998,ERIK,71,71,0
1998,ERICK,8,8,0
1998,ERICH,5,5,0
1998,ERIC,470,470,0
1998,FREDERIC,8,8,0
1998,CALVIN,89,89,0
1998,ZOHA,7,0,7
1998,CALLUM,51,51,0
1998,ABDULAHI,6,6,0
1998,ABDUL,14,14,0
1998,ABDIRAHMAN,19,19,0
1998,ABDIFATAH,5,5,0
1998,ABDALLAH,5,5,0
1998,ABBAS,8,8,0
1998,AARON,343,343,0
1998,ZOË,6,0,6
1998,ZOEY,16,0,16
1998,ZOE,152,0,152
1998,ZEINAB,13,0,13
1998,ZAYNAB,7,0,7
1998,ZARA,11,0,11
1998,ABDULAZIZ,5,5,0
1998,ZAINAB,26,0,26
1998,YVONNE,11,0,11
1998,YASMINE,34,0,34
1998,YASMIN,35,0,35
1998,YASMEEN,16,0,16
1998,YARA,6,0,6
1998,WINNIE,13,0,13
1998,WILLOW,13,0,13
1998,WHITNEY,8,0,8
1998,WENDY,13,0,13
1998,VÉRONIQUE,7,0,7
1998,VIVIAN,42,0,42
1998,VIRGINIA,14,0,14
1998,VICTORIA,662,0,662
1998,ZAHRA,23,0,23
1998,ABDULLAH,25,25,0
1998,ABDULLAHI,27,27,0
1998,ABDULRAHMAN,11,11,0
1998,ALEKSANDER,10,10,0
1998,ALEKSANDAR,20,20,0
1998,ALEKSA,5,5,0
1998,ALEJANDRO,10,10,0
1998,ALEC,70,70,0
1998,ALDEN,5,5,0
1998,ALBERT,31,31,0
1998,ALAN,37,37,0
1998,ALAIN,7,7,0
1998,AKRAM,6,6,0
1998,AKASH,9,9,0
1998,AJAY,26,26,0
1998,AIDEN,51,51,0
1998,AHMED,77,77,0
1998,AHMAD,37,37,0
1998,ADRIEN,10,10,0
1998,ADRIANO,10,10,0
1998,ADRIAN,137,137,0
1998,ADNAN,13,13,0
1998,ADITYA,6,6,0
1998,ADIL,7,7,0
1998,ADEN,7,7,0
1998,ADDISON,12,12,0
1998,ADAMO,13,13,0
1998,ADAM,680,680,0
1998,ABRAM,8,8,0
1998,ABRAHAM,20,20,0
1998,ABEL,5,5,0
1998,ABDURAHMAN,5,5,0
1998,VICKY,10,0,10
1998,ALESSANDRO,37,37,0
1998,VICKI,8,0,8
1998,VERONICA,118,0,118
1998,TEGAN,10,0,10
1998,TEANNA,9,0,9
1998,TEAGAN,11,0,11
1998,TEA,6,0,6
1998,TAYLOR,819,130,689
1998,TAYLER,18,0,18
1998,TAYLAR,7,0,7
1998,TAYA,16,0,16
1998,TATYANA,18,0,18
1998,TATUM,12,0,12
1998,TATIANA,36,0,36
1998,TASIA,6,0,6
1998,TASHA,13,0,13
1998,TENISHA,6,0,6
1998,TARYN,29,0,29
1998,TANYA,27,0,27
1998,TANISHA,19,0,19
1998,TANIA,17,0,17
1998,TAMMY,15,0,15
1998,TAMIKA,6,0,6
1998,TAMIA,14,0,14
1998,TAMARA,77,0,77
1998,TALIA,41,0,41
1998,TABITHA,25,0,25
1998,SYLVIA,23,0,23
1998,HERMAN,7,7,0
1998,SYDNEE,9,0,9
1998,SYDNEY,358,6,352
1998,TARA,62,0,62
1998,TERESA,28,0,28
1998,TERRA,10,0,10
1998,TESS,15,0,15
1998,VENESSA,10,0,10
1998,VANESSA,350,0,350
1998,VALERIE,63,0,63
1998,VALERIA,9,0,9
1998,VALENTINA,11,0,11
1998,TYRA,18,0,18
1998,TYLER,893,878,15
1998,TYANNA,7,0,7
1998,TRUDY,7,0,7
1998,TRISTEN,45,33,12
1998,TRISTAN,229,223,6
1998,TRISHA,19,0,19
1998,TRINITY,7,0,7
1998,TRICIA,7,0,7
1998,TRACY,18,0,18
1998,TRACEY,6,0,6
1998,TORI,24,0,24
1998,TONI,9,0,9
1998,TINA,47,0,47
1998,TIFFANY,132,0,132
1998,TIFFANI,9,0,9
1998,TIARA,8,0,8
1998,TIANNA,42,0,42
1998,TIANA,56,0,56
1998,TIA,38,0,38
1998,THERESA,16,0,16
1998,THEA,8,0,8
1998,THALIA,14,0,14
1998,TESSA,45,0,45
1998,VERONIQUE,15,0,15
1998,ALESSIO,5,5,0
1998,ALEXANDER,889,889,0
1998,ALEXANDRE,116,116,0
1998,BRAXTON,5,5,0
1998,BRANT,6,6,0
1998,BRANDYN,5,5,0
1998,BRANDON,860,860,0
1998,BRANDEN,25,25,0
1998,BRANDAN,16,16,0
1998,BRAIDEN,15,15,0
1998,BRAEDON,28,28,0
1998,BRAEDEN,63,63,0
1998,BRAEDAN,7,7,0
1998,BRADY,102,102,0
1998,BRADLY,10,10,0
1998,BRADLEY,221,221,0
1998,BRAYDEN,122,122,0
1998,BRADEN,58,58,0
1998,BOBBY,6,6,0
1998,BLAKE,100,100,0
1998,BLAIR,21,21,0
1998,BLAINE,10,10,0
1998,BILLY,18,18,0
1998,BILAL,25,25,0
1998,BERNARD,5,5,0
1998,BENTON,6,6,0
1998,BENOIT,9,9,0
1998,BENNETT,13,13,0
1998,BENJAMIN,561,561,0
1998,BENEDICT,5,5,0
1998,BEN,24,24,0
1998,BRAD,7,7,0
1998,BRAYDON,43,43,0
1998,BRENDAN,237,237,0
1998,BRENDEN,44,44,0
1998,CALLAN,6,6,0
1998,CALEB,175,175,0
1998,CALE,10,10,0
1998,CAELAN,14,14,0
1998,CADEN,9,9,0
1998,CADE,5,5,0
1998,BYRON,14,14,0
1998,BRYSON,15,15,0
1998,BRYDEN,7,7,0
1998,BRYANT,5,5,0
1998,BRYAN,88,88,0
1998,BRUNO,19,19,0
1998,BRUCE,26,26,0
1998,BRONSON,7,7,0
1998,BRODY,91,91,0
1998,BRODIE,34,34,0
1998,BRODERICK,5,5,0
1998,BROCK,56,56,0
1998,BRIAN,172,172,0
1998,BRETT,148,148,0
1998,BRET,11,11,0
1998,BRENTON,5,5,0
1998,BRENT,56,56,0
1998,BRENNON,5,5,0
1998,BRENNEN,9,9,0
1998,BRENNAN,55,55,0
1998,BRENDYN,8,8,0
1998,BRENDON,25,25,0
1998,BRENDIN,5,5,0
1998,BELAL,5,5,0
1998,BEAU,9,9,0
1998,BAYLEY,5,5,0
1998,BARRY,10,10,0
1998,ANTONIO,78,78,0
1998,ANTONINO,6,6,0
1998,ANTON,10,10,0
1998,ANTOINE,13,13,0
1998,ANTHONY,404,404,0
1998,ANSON,19,19,0
1998,ANGUS,15,15,0
1998,ANGELO,39,39,0
1998,ANDY,55,55,0
1998,ANDREW,869,869,0
1998,ANDRES,13,13,0
1998,ANDREJ,5,5,0
1998,ANDREI,12,12,0
1998,ANDREAS,10,10,0
1998,ANDRE,75,75,0
1998,ANAS,7,7,0
1998,AMRITPAL,7,7,0
1998,AMOS,6,6,0
1998,AMMAR,5,5,0
1998,AMIT,12,12,0
1998,AMIR,19,19,0
1998,AMIN,7,7,0
1998,AMEER,5,5,0
1998,AMAR,7,7,0
1998,ALVIN,21,21,0
1998,ALLEN,26,26,0
1998,ALLAN,36,36,0
1998,ALI,102,102,0
1998,ALEXEI,5,5,0
1998,ANTONY,6,6,0
1998,CALUM,11,11,0
1998,AREN,6,6,0
1998,ARIAN,5,5,0
1998,BAILY,5,5,0
1998,AZEEM,7,7,0
1998,AYUB,11,11,0
1998,AYDEN,13,13,0
1998,AVRAHAM,5,5,0
1998,AVINASH,5,5,0
1998,AUSTYN,12,12,0
1998,AUSTIN,642,642,0
1998,AUSTEN,14,14,0
1998,ASHWIN,9,9,0
1998,ASHVIN,6,6,0
1998,ASHER,6,6,0
1998,ASAD,7,7,0
1998,ARYAN,5,5,0
1998,ARYA,5,5,0
1998,ARVIN,10,10,0
1998,ARUN,8,8,0
1998,ARTHUR,24,24,0
1998,ARSHDEEP,7,7,0
1998,ARRON,7,7,0
1998,ARON,12,12,0
1998,ARMIN,8,8,0
1998,ARMANDO,9,9,0
1998,ARMAND,9,9,0
1998,ARMAN,10,10,0
1998,ARMAAN,6,6,0
1998,ARJUN,31,31,0
1998,ARJAN,5,5,0
1998,ARIC,5,5,0
1998,ARI,6,6,0
1998,HISHAM,5,5,0
1998,PABLO,5,5,0
1998,HOANG,6,6,0
1998,PATRYK,5,5,0
1998,PATRICK,324,324,0
1998,PASCAL,6,6,0
1998,PARTH,9,9,0
1998,PAOLO,19,19,0
1998,SWETA,7,0,7
1998,OWEN,269,269,0
1998,OSMAN,12,12,0
1998,OSCAR,22,22,0
1998,OSAMA,9,9,0
1998,OMER,13,13,0
1998,OMAR,61,61,0
1998,OLIVIER,21,21,0
1998,PAUL,142,142,0
1998,OLIVER,50,50,0
1998,NOLAN,93,93,0
1998,NOEL,14,14,0
1998,NOAH,596,596,0
1998,NIKOLAS,54,54,0
1998,NIKOLAI,8,8,0
1998,NIKOLA,24,24,0
1998,NIKLAS,5,5,0
1998,NIKHIL,13,13,0
1998,NIGEL,18,18,0
1998,NICOLAS,197,197,0
1998,NICO,6,6,0
1998,NICKOLAS,51,51,0
1998,NICK,12,12,0
1998,NORMAN,19,19,0
1998,PAWEL,5,5,0
1998,PEDRO,5,5,0
1998,PERRIN,5,5,0
1998,RANDY,41,41,0
1998,RANDALL,8,8,0
1998,RAMI,7,7,0
1998,RAJAN,7,7,0
1998,RAHUL,19,19,0
1998,RAHIM,7,7,0
1998,RAHEEM,8,8,0
1998,RAFAEL,5,5,0
1998,QUINTON,43,43,0
1998,QUINTIN,24,24,0
1998,QUINTEN,10,10,0
1998,QUINLAN,7,7,0
1998,QUINCY,9,9,0
1998,QUENTIN,27,27,0
1998,PRINCE,7,7,0
1998,PRESTON,28,28,0
1998,PRANAV,5,5,0
1998,PRABHJOT,11,11,0
1998,PIOTR,6,6,0
1998,PIETRO,6,6,0
1998,PIERRE,9,9,0
1998,PIERO,5,5,0
1998,PIERCE,16,16,0
1998,PHILLIP,37,37,0
1998,PHILIPPE,22,22,0
1998,PHILIP,84,84,0
1998,PETER,233,233,0
1998,PETAR,5,5,0
1998,PERRY,6,6,0
1998,NICHOLAS,1312,1312,0
1998,RAPHAEL,17,17,0
1998,NIALL,8,8,0
1998,NEVIN,7,7,0
1998,MIKE,7,7,0
1998,MIKAEL,10,10,0
1998,MIGUEL,40,40,0
1998,MICHEL,15,15,0
1998,MICHEAL,44,44,0
1998,MICHAL,8,8,0
1998,MICHAEL,1221,1221,0
1998,MICAH,22,22,0
1998,MERRICK,5,5,0
1998,MELVIN,5,5,0
1998,MEKHI,5,5,0
1998,MEIR,7,7,0
1998,MAXX,9,9,0
1998,MILAN,12,12,0
1998,MAXWELL,96,96,0
1998,MAXIMILIAN,32,32,0
1998,MAXIME,38,38,0
1998,MAXIM,17,17,0
1998,MAX,61,61,0
1998,MAVERICK,7,7,0
1998,MAURIZIO,8,8,0
1998,MAURICIO,10,10,0
1998,MAURICE,6,6,0
1998,MATTIAS,5,5,0
1998,MATTHIEU,13,13,0
1998,MATTHIAS,11,11,0
1998,MATTHEW,1634,1634,0
1998,MATTEO,41,41,0
1998,MAXIMILLIAN,11,11,0
1998,MILES,16,16,0
1998,MILOS,8,8,0
1998,MITCHEL,33,33,0
1998,NELSON,22,22,0
1998,NEIL,43,43,0
1998,NEEL,6,6,0
1998,NEAL,8,8,0
1998,NAVEEN,5,5,0
1998,NAVDEEP,5,5,0
1998,NATHEN,7,7,0
1998,NATHANIEL,202,202,0
1998,NATHANIAL,15,15,0
1998,NATHANAEL,16,16,0
1998,NATHAN,464,464,0
1998,NASH,8,8,0
1998,NAM,6,6,0
1998,NABIL,10,10,0
1998,NABEEL,5,5,0
1998,MYLES,56,56,0
1998,MUSTAFA,22,22,0
1998,MUSTAF,6,6,0
1998,MURRAY,5,5,0
1998,MUHAMMED,10,10,0
1998,MUHAMMAD,28,28,0
1998,MOSHE,11,11,0
1998,MOSES,8,8,0
1998,MOHIT,5,5,0
1998,MOHAMMED,64,64,0
1998,MOHAMMAD,50,50,0
1998,MOHAMED,83,83,0
1998,MOHAMAD,15,15,0
1998,MITCHELL,375,375,0
1998,NGOC,5,5,0
1998,MATIAS,6,6,0
1998,RASHAD,7,7,0
1998,RAVI,10,10,0
1998,STEWART,15,15,0
1998,STEVEN,284,284,0
1998,STEVE,12,12,0
1998,STEPHON,5,5,0
1998,STEPHEN,159,159,0
1998,STEPHANE,14,14,0
1998,STEPHAN,20,20,0
1998,STEFFEN,5,5,0
1998,STEFANO,29,29,0
1998,STEFAN,60,60,0
1998,STANLEY,14,14,0
1998,SOLOMON,8,8,0
1998,SINA,5,5,0
1998,STONE,5,5,0
1998,SIMON,102,102,0
1998,SILAS,9,9,0
1998,SHIVAM,5,5,0
1998,SHEMAR,20,20,0
1998,SHELDON,57,57,0
1998,SHAYNE,25,25,0
1998,SHAYAN,7,7,0
1998,SHAWN,115,115,0
1998,SHAUN,31,31,0
1998,SHAQUILLE,5,5,0
1998,SHANE,125,125,0
1998,SHAN,7,7,0
1998,SHAMAR,23,23,0
1998,SHALOM,5,5,0
1998,SIMEON,6,6,0
1998,STUART,30,30,0
1998,SUKHDEEP,5,5,0
1998,SUKHMAN,5,5,0
1998,TONY,38,38,0
1998,TOMMY,35,35,0
1998,TOMAS,17,17,0
1998,TOM,12,12,0
1998,TODD,9,9,0
1998,TOBIAS,7,7,0
1998,TIMOTHY,190,190,0
1998,TIM,6,6,0
1998,TIAGO,10,10,0
1998,THOMAS,489,489,0
1998,THEODORE,33,33,0
1998,THEO,7,7,0
1998,TEVIN,9,9,0
1998,TERRY,28,28,0
1998,TERRENCE,12,12,0
1998,TERRELL,17,17,0
1998,TERRANCE,10,10,0
1998,TERENCE,9,9,0
1998,TATE,12,12,0
1998,TARAN,9,9,0
1998,TANVIR,6,6,0
1998,TANNER,120,120,0
1998,TALON,8,8,0
1998,TAHIR,6,6,0
1998,TAHA,11,11,0
1998,SYLVAIN,5,5,0
1998,SYED,31,31,0
1998,SURAJ,10,10,0
1998,SUKHRAJ,9,9,0
1998,SETH,56,56,0
1998,RASHAWN,5,5,0
1998,SERGIO,5,5,0
1998,SÉBASTIEN,6,6,0
1998,RONALD,29,29,0
1998,ROMAN,33,33,0
1998,ROLAND,12,12,0
1998,ROHIT,10,10,0
1998,ROHAN,6,6,0
1998,ROGER,14,14,0
1998,RODNEY,8,8,0
1998,ROCCO,6,6,0
1998,ROBERTO,19,19,0
1998,ROBERT,421,421,0
1998,RIVER,9,9,0
1998,RISHI,10,10,0
1998,RICKY,16,16,0
1998,RONAN,7,7,0
1998,RICHARD,193,193,0
1998,RHYS,20,20,0
1998,REUBEN,20,20,0
1998,RENATO,5,5,0
1998,REMINGTON,5,5,0
1998,REMI,6,6,0
1998,REID,46,46,0
1998,REHAN,5,5,0
1998,REGINALD,6,6,0
1998,REESE,7,7,0
1998,REED,9,9,0
1998,REECE,21,21,0
1998,RAYMOND,59,59,0
1998,RAY,8,8,0
1998,RICARDO,20,20,0
1998,RORY,22,22,0
1998,ROSHAN,5,5,0
1998,ROSS,40,40,0
1998,SEBASTIEN,43,43,0
1998,SEBASTIAN,118,118,0
1998,SEAN,267,267,0
1998,SEAMUS,9,9,0
1998,SCOTT,156,156,0
1998,SAWYER,15,15,0
1998,SANTINO,9,9,0
1998,SANJAY,8,8,0
1998,SANDEEP,6,6,0
1998,SAMUEL,419,419,0
1998,SAMSON,10,10,0
1998,SAMMY,9,9,0
1998,SAMIR,15,15,0
1998,SAMI,9,9,0
1998,SAMEER,10,10,0
1998,SAM,30,30,0
1998,SALVATORE,15,15,0
1998,SALMAN,12,12,0
1998,SALEEM,5,5,0
1998,SAIF,9,9,0
1998,SAID,6,6,0
1998,SAHIL,20,20,0
1998,SAAD,14,14,0
1998,RYLAN,8,8,0
1998,RYKER,5,5,0
1998,RUSSELL,30,30,0
1998,RUBEN,6,6,0
1998,ROYCE,5,5,0
1998,ROY,17,17,0
1998,SERGE,6,6,0
1998,MATHIEU,73,73,0
1998,MATHIAS,6,6,0
1998,MATHEW,126,126,0
1998,JOEY,28,28,0
1998,JOESPH,6,6,0
1998,JOEL,154,154,0
1998,JOE,7,7,0
1998,JIMMY,22,22,0
1998,JIM,6,6,0
1998,JEVON,6,6,0
1998,JETHRO,5,5,0
1998,JESSY,11,11,0
1998,JERRY,17,17,0
1998,JEROME,20,20,0
1998,JERMAINE,7,7,0
1998,JEREMY,202,202,0
1998,JOHAN,13,13,0
1998,JEREMIE,14,14,0
1998,JELANI,5,5,0
1998,JEFFREY,155,155,0
1998,JEFFERY,21,21,0
1998,JEFF,5,5,0
1998,JEAN-LUC,10,10,0
1998,JEAN,23,23,0
1998,JAYSON,23,23,0
1998,JAYLEN,12,12,0
1998,JAYDON,9,9,0
1998,JAY,30,30,0
1998,JAXON,6,6,0
1998,JAWAD,7,7,0
1998,JAVON,7,7,0
1998,JEREMIAH,37,37,0
1998,JOHANNES,7,7,0
1998,JOHN,485,485,0
1998,JOHNATHAN,84,84,0
1998,JUSTIN,731,731,0
1998,JUNAID,6,6,0
1998,JULIUS,7,7,0
1998,JULIO,11,11,0
1998,JULIEN,31,31,0
1998,JULIAN,121,121,0
1998,JUDAH,8,8,0
1998,JUAN,6,6,0
1998,JOVAN,9,9,0
1998,JOSUE,10,10,0
1998,JOSIAH,33,33,0
1998,JOSHUA,1198,1198,0
1998,JOSH,11,11,0
1998,JOSEPH,617,617,0
1998,JOSEF,6,6,0
1998,JOSE,16,16,0
1998,JORY,5,5,0
1998,JORGE,6,6,0
1998,JORDON,37,37,0
1998,JORDEN,9,9,0
1998,JONATHON,40,40,0
1998,JONATHAN,443,443,0
1998,JONAS,16,16,0
1998,JONAH,78,78,0
1998,JON,9,9,0
1998,JOHNSON,13,13,0
1998,JOHN-PAUL,5,5,0
1998,JOHNNY,23,23,0
1998,JOHNATHON,20,20,0
1998,JAVIER,9,9,0
1998,JUSTYN,13,13,0
1998,JAVED,5,5,0
1998,JASON,358,358,0
1998,JACKY,15,15,0
1998,JACKSON,108,108,0
1998,JACKIE,12,12,0
1998,JACK,327,327,0
1998,JACCOB,5,5,0
1998,IVAN,48,48,0
1998,ISSAC,6,6,0
1998,ISRAEL,5,5,0
1998,ISMAIL,12,12,0
1998,ISIAH,14,14,0
1998,ISAIAH,114,114,0
1998,ISAAK,16,16,0
1998,ISAAC,152,152,0
1998,JACOB,1233,1233,0
1998,IRFAN,6,6,0
1998,IMAD,5,5,0
1998,ILYAS,5,5,0
1998,IBRAHIM,39,39,0
1998,IAN,164,164,0
1998,IAIN,19,19,0
1998,HUSSEIN,18,18,0
1998,HUSSAIN,5,5,0
1998,HUMZA,6,6,0
1998,HUGO,8,8,0
1998,HUGH,19,19,0
1998,HUDSON,15,15,0
1998,HOWARD,10,10,0
1998,HOLDEN,7,7,0
1998,IMRAN,19,19,0
1998,JACOBUS,5,5,0
1998,JACQUES,6,6,0
1998,JAD,6,6,0
1998,JASMEET,5,5,0
1998,JASKARAN,18,18,0
1998,JARROD,26,26,0
1998,JARRETT,21,21,0
1998,JARRET,15,15,0
1998,JARRED,10,10,0
1998,JARON,5,5,0
1998,JAROD,48,48,0
1998,JARID,5,5,0
1998,JARETT,8,8,0
1998,JARET,6,6,0
1998,JARED,217,217,0
1998,JAMIL,5,5,0
1998,JAMIESON,8,8,0
1998,JAMESON,8,8,0
1998,JAMES,555,555,0
1998,JAMEEL,8,8,0
1998,JAMAR,8,8,0
1998,JAMAL,32,32,0
1998,JALEN,12,12,0
1998,JALEEL,5,5,0
1998,JAKUB,7,7,0
1998,JAKOB,98,98,0
1998,JAKE,181,181,0
1998,JAI,5,5,0
1998,JAGGER,7,7,0
1998,JAEDON,7,7,0
1998,JAEDEN,5,5,0
1998,JADON,7,7,0
1998,JASPER,16,16,0
1998,KADE,6,6,0
1998,KADEEM,5,5,0
1998,KADEN,6,6,0
1998,LUKE,194,194,0
1998,LUKAS,44,44,0
1998,LUKA,17,17,0
1998,LUIS,13,13,0
1998,LUIGI,13,13,0
1998,LUCIANO,8,8,0
1998,LUCAS,366,366,0
1998,LUCA,68,68,0
1998,LUC,20,20,0
1998,LOUIS,26,26,0
1998,LORENZO,17,17,0
1998,LIBAN,19,19,0
1998,LIAM,507,507,0
1998,LYLE,6,6,0
1998,LEWIS,17,17,0
1998,LEONARDO,26,26,0
1998,LEONARD,16,16,0
1998,LEON,15,15,0
1998,LEO,22,22,0
1998,LEE,14,14,0
1998,LEANDRO,7,7,0
1998,LE,5,5,0
1998,LAWRENCE,16,16,0
1998,LARRY,8,8,0
1998,LANE,10,10,0
1998,LANDON,32,32,0
1998,LANCE,13,13,0
1998,LACHLAN,11,11,0
1998,LEVI,32,32,0
1998,LYNDON,12,12,0
1998,MAHAD,15,15,0
1998,MAHDI,7,7,0
1998,MATEUSZ,12,12,0
1998,MATEO,13,13,0
1998,MASSIMO,19,19,0
1998,MASON,103,103,0
1998,MARVIN,16,16,0
1998,MARTIN,80,80,0
1998,MARSHALL,31,31,0
1998,MARQUIS,6,6,0
1998,MARLON,14,14,0
1998,MARKUS,12,12,0
1998,MARKO,32,32,0
1998,MARK,234,234,0
1998,MARIO,42,42,0
1998,MAREK,5,5,0
1998,MARCUS,141,141,0
1998,MARCO,70,70,0
1998,MARCELO,5,5,0
1998,MARCELLO,9,9,0
1998,MARCEL,10,10,0
1998,MARC-ANTOINE,5,5,0
1998,MARC-ANDRE,6,6,0
1998,MARC,64,64,0
1998,MANVIR,13,13,0
1998,MANUEL,5,5,0
1998,MANRAJ,8,8,0
1998,MALIK,38,38,0
1998,MALCOLM,79,79,0
1998,MALACHI,13,13,0
1998,MAHMOUD,10,10,0
1998,KYLER,18,18,0
1998,KYLE,859,859,0
1998,KWABENA,5,5,0
1998,KURTIS,63,63,0
1998,KENTON,5,5,0
1998,KENT,8,8,0
1998,KENNY,14,14,0
1998,KENNETH,64,64,0
1998,KENDRICK,6,6,0
1998,KENAN,5,5,0
1998,KEN,10,10,0
1998,KELVIN,30,30,0
1998,KEITH,42,42,0
1998,KEIRAN,7,7,0
1998,KEENAN,44,44,0
1998,KEEGAN,77,77,0
1998,KEATON,18,18,0
1998,KEAGAN,14,14,0
1998,KAYDEN,7,7,0
1998,KARL,26,26,0
1998,KARIM,17,17,0
1998,KAREEM,15,15,0
1998,KARANVIR,6,6,0
1998,KARAN,13,13,0
1998,KANE,9,9,0
1998,KAMERON,12,12,0
1998,KAMAL,5,5,0
1998,KALVIN,6,6,0
1998,KALEN,5,5,0
1998,KALEB,34,34,0
1998,KALE,6,6,0
1998,KAI,18,18,0
1998,KAELAN,9,9,0
1998,KEON,8,8,0
1998,HO,5,5,0
1998,KEVEN,5,5,0
1998,KEVON,5,5,0
1998,KURT,18,18,0
1998,KRYSTIAN,8,8,0
1998,KRISTOPHER,37,37,0
1998,KRISTOFER,7,7,0
1998,KRISTIAN,24,24,0
1998,KRISHAN,5,5,0
1998,KRIS,5,5,0
1998,KORY,11,11,0
1998,KOREY,7,7,0
1998,KORDELL,8,8,0
1998,KONSTANTINOS,5,5,0
1998,KONRAD,14,14,0
1998,KONNOR,7,7,0
1998,KOLTON,11,11,0
1998,KOLE,9,9,0
1998,KOFI,5,5,0
1998,KODY,40,40,0
1998,KOBE,11,11,0
1998,KISHAN,5,5,0
1998,KIRKLAND,15,15,0
1998,KIRK,16,16,0
1998,KINGSLEY,6,6,0
1998,KIERAN,46,46,0
1998,KIEFER,6,6,0
1998,KIAN,9,9,0
1998,KHALIL,8,8,0
1998,KHALID,18,18,0
1998,KHALED,6,6,0
1998,KEYON,5,5,0
1998,KEVIN,436,436,0
1998,SUZANNE,9,0,9
1998,LEXI,15,0,15
1998,SUSANNA,10,0,10
1998,ELISABETH,26,0,26
1998,ELISA,18,0,18
1998,ELENA,31,0,31
1998,ELEANOR,12,0,12
1998,ELAINE,24,0,24
1998,ELAINA,6,0,6
1998,EILEEN,10,0,10
1998,EDEN,37,0,37
1998,EBONY,11,0,11
1998,EBONI,6,0,6
1998,DYLAN,617,611,6
1998,DREW,80,62,18
1998,DOROTHY,10,0,10
1998,ELISE,25,0,25
1998,DORIS,6,0,6
1998,DOMINIQUE,50,6,44
1998,DOMENICA,7,0,7
1998,DINA,20,0,20
1998,DIANNE,6,0,6
1998,DIANE,11,0,11
1998,DIANA,60,0,60
1998,DIAMOND,8,0,8
1998,DEVYN,20,12,8
1998,DEVON,201,179,22
1998,DEVIN,159,153,6
1998,DESTINY,88,0,88
1998,DESIREE,37,0,37
1998,DENISE,25,0,25
1998,DONNA,13,0,13
1998,ELISHA,6,0,6
1998,ELISSA,11,0,11
1998,ELIZA,15,0,15
1998,EVELYN,36,0,36
1998,EVE,17,0,17
1998,EVANGELINE,10,0,10
1998,EVA,37,0,37
1998,EUNICE,11,0,11
1998,ESTHER,37,0,37
1998,ERYN,15,0,15
1998,ERIN,246,0,246
1998,ERIKA,118,0,118
1998,ERICA,145,0,145
1998,EMMANUELLE,8,0,8
1998,EMMA-LEE,13,0,13
1998,EMMA,692,0,692
1998,EMILY,1217,0,1217
1998,EMILIE,74,0,74
1998,EMILIA,27,0,27
1998,EMILEE,10,0,10
1998,EMERALD,6,0,6
1998,EMELIA,8,0,8
1998,EMAN,7,0,7
1998,ELYSSA,7,0,7
1998,ELYSE,20,0,20
1998,ELSIE,10,0,10
1998,ELSA,7,0,7
1998,ELORA,8,0,8
1998,ELLIE,14,0,14
1998,ELLEN,22,0,22
1998,ELLA,28,0,28
1998,ELIZABETH,296,0,296
1998,DEMI,6,0,6
1998,FAITH,90,0,90
1998,DELANEY,46,0,46
1998,DEIDRE,6,0,6
1998,CORAL,10,0,10
1998,CORA,22,0,22
1998,CONNIE,11,0,11
1998,COLLEEN,37,0,37
1998,CLAUDIA,98,0,98
1998,CLARISSA,18,0,18
1998,CLARE,27,0,27
1998,CLARA,28,0,28
1998,CLAIRE,170,0,170
1998,CINDY,56,0,56
1998,CIERRA,23,0,23
1998,CIERA,11,0,11
1998,CIARA,35,0,35
1998,CORINA,14,0,14
1998,CHYNA,6,0,6
1998,CHRYSTAL,8,0,8
1998,CHRISTY,11,0,11
1998,CHRISTINE,130,0,130
1998,CHRISTINA,193,0,193
1998,CHRISTIE,14,0,14
1998,CHRISTIANA,10,0,10
1998,CHRISTIAN,294,286,8
1998,CHRISTA,9,0,9
1998,CHLOE,211,0,211
1998,CHIARA,17,0,17
1998,CHEYENNE,57,0,57
1998,CHEYANNE,14,0,14
1998,CHERYL,15,0,15
1998,CHYANNE,6,0,6
1998,CORINNE,6,0,6
1998,CORRINA,6,0,6
1998,CORTNEY,7,0,7
1998,DEENA,7,0,7
1998,DEBORAH,14,0,14
1998,DEANNA,57,0,57
1998,DEANDRA,8,0,8
1998,DEANA,6,0,6
1998,DAYNA,32,0,32
1998,DAWN,15,0,15
1998,DAVINA,6,0,6
1998,DARLENE,8,0,8
1998,DARIAN,35,27,8
1998,DARIA,10,0,10
1998,DARBY,13,0,13
1998,DAPHNE,19,0,19
1998,DANYA,6,0,6
1998,DANIKA,46,0,46
1998,DANIELLE,302,0,302
1998,DANIELLA,59,0,59
1998,DANIELA,63,0,63
1998,DANICA,29,0,29
1998,DANIA,12,0,12
1998,DANA,99,0,99
1998,DALLAS,39,30,9
1998,DALIA,7,0,7
1998,DAKOTA,161,118,43
1998,DAISY,14,0,14
1998,CYNTHIA,61,0,61
1998,CRYSTAL,60,0,60
1998,CRISTINA,25,0,25
1998,COURTNEY,270,0,270
1998,DEJA,6,0,6
1998,CHELSEY,50,0,50
1998,FALLON,6,0,6
1998,FARAH,12,0,12
1998,JAMIE,186,52,134
1998,JAIMIE,19,0,19
1998,JAIME,39,5,34
1998,JAIDEN,20,8,12
1998,JADYN,6,0,6
1998,JADEN,56,38,18
1998,JADE,155,6,149
1998,JADA,34,0,34
1998,JACQUELYN,12,0,12
1998,JACQUELINE,95,0,95
1998,JACLYN,29,0,29
1998,JACKLYN,14,0,14
1998,IVY,25,0,25
1998,JAMIE-LYNN,6,0,6
1998,IVORY,6,0,6
1998,ISIS,7,0,7
1998,ISABELLE,91,0,91
1998,ISABELLA,110,0,110
1998,ISABEL,57,0,57
1998,IRIS,18,0,18
1998,IRENE,24,0,24
1998,IQRA,11,0,11
1998,INAARA,11,0,11
1998,IMAN,22,0,22
1998,ILHAN,6,0,6
1998,IDIL,7,0,7
1998,IDA,6,0,6
1998,HUNTER,249,199,50
1998,IVANA,23,0,23
1998,JAMILA,9,0,9
1998,JANA,12,0,12
1998,JANAE,10,0,10
1998,JENSEN,9,0,9
1998,JENNY,52,0,52
1998,JENNIFER,325,0,325
1998,JENNIE,9,0,9
1998,JENNAH,7,0,7
1998,JENNA,251,0,251
1998,JENESSA,7,0,7
1998,JENELLE,8,0,8
1998,JELENA,10,0,10
1998,JAZMINE,13,0,13
1998,JAZMIN,6,0,6
1998,JAYNA,6,0,6
1998,JAYME,14,0,14
1998,JAYDEN,58,46,12
1998,JAYDE,16,0,16
1998,JAYDA,12,0,12
1998,JAYA,6,0,6
1998,JASPREET,20,7,13
1998,JASMINE,210,0,210
1998,JASMIN,34,0,34
1998,JASMEEN,6,0,6
1998,JASLEEN,22,0,22
1998,JASDEEP,12,6,6
1998,JANINE,10,0,10
1998,JANICE,14,0,14
1998,JANET,19,0,19
1998,JANESSA,14,0,14
1998,JANELLE,24,0,24
1998,JANE,34,0,34
1998,HUDA,6,0,6
1998,FANNY,6,0,6
1998,HOPE,63,0,63
1998,HOLLIE,9,0,9
1998,GURPREET,14,6,8
1998,GURNEET,6,0,6
1998,GURLEEN,12,0,12
1998,GRACE,214,0,214
1998,GLORIA,17,0,17
1998,GIULIA,19,0,19
1998,GISELLE,15,0,15
1998,GIOVANNA,6,0,6
1998,GINA,12,0,12
1998,GILLIAN,98,0,98
1998,GEORGINA,7,0,7
1998,GEORGIA,53,0,53
1998,GENEVIEVE,33,0,33
1998,GWYNETH,9,0,9
1998,GEMMA,16,0,16
1998,GABRIELLA,48,0,48
1998,GABRIELA,31,0,31
1998,FRANCESCA,43,0,43
1998,FRANCES,22,0,22
1998,FLORENCE,10,0,10
1998,FIONA,45,0,45
1998,FELICITY,8,0,8
1998,FELICIA,34,0,34
1998,FAYE,6,0,6
1998,FATMA,6,0,6
1998,FATIMAH,8,0,8
1998,FATIMA,59,0,59
1998,FARRAH,9,0,9
1998,GABRIELLE,193,0,193
1998,HAFSA,12,0,12
1998,HAILEE,9,0,9
1998,HAILEY,209,0,209
1998,HILLARY,21,0,21
1998,HILARY,22,0,22
1998,HIBO,9,0,9
1998,HIBA,6,0,6
1998,HELENA,22,0,22
1998,HELEN,37,0,37
1998,HEIDI,26,0,26
1998,HEATHER,135,0,135
1998,HAZEL,14,0,14
1998,HAYLEY,148,0,148
1998,HAYLEE,18,0,18
1998,HARSIMRAN,7,0,7
1998,HARRIET,7,0,7
1998,HARPREET,11,5,6
1998,HARNEET,8,0,8
1998,HARMONY,12,0,12
1998,HARMAN,34,28,6
1998,HARLEY,31,15,16
1998,HARLEEN,17,0,17
1998,HARJOT,23,16,7
1998,HANNAH,580,0,580
1998,HANNA,67,0,67
1998,HANAN,8,0,8
1998,HANA,22,0,22
1998,HAMDI,9,0,9
1998,HALLE,13,0,13
1998,HALIE,6,0,6
1998,HALEY,150,0,150
1998,HALEIGH,7,0,7
1998,HOLLY,146,0,146
1998,JESSE,280,262,18
1998,CHELSEA,224,0,224
1998,CHARMAINE,6,0,6
1998,ANGELIKA,6,0,6
1998,ANGELICA,55,0,55
1998,ANGELA,110,0,110
1998,ANGEL,42,0,42
1998,ANDREIA,8,0,8
1998,ANDREA,177,8,169
1998,ANASTASIA,49,0,49
1998,ANA,41,0,41
1998,AMÉLIE,6,0,6
1998,AMY,226,0,226
1998,AMRITA,9,0,9
1998,AMRIT,25,12,13
1998,AMNA,7,0,7
1998,ANGELINA,17,0,17
1998,AMIRA,17,0,17
1998,AMIE,6,0,6
1998,AMELIE,10,0,10
1998,AMELIA,58,0,58
1998,AMBER-LYNN,6,0,6
1998,AMBER,208,0,208
1998,AMANDEEP,20,8,12
1998,AMANDA,432,0,432
1998,AMAN,14,8,6
1998,AMAL,15,0,15
1998,ALYSSIA,11,0,11
1998,ALYSSA,450,0,450
1998,ALYSON,24,0,24
1998,ALYSHA,61,0,61
1998,AMINA,19,0,19
1998,ANGELIQUE,14,0,14
1998,ANGIE,9,0,9
1998,ANIKA,28,0,28
1998,ASHLEIGH,36,0,36
1998,ASHLEE,12,0,12
1998,ASHA,16,0,16
1998,ARLENE,8,0,8
1998,ARIELLE,25,0,25
1998,ARIELLA,6,0,6
1998,ARIEL,50,6,44
1998,ARIANNE,6,0,6
1998,ARIANNA,27,0,27
1998,ARIANE,6,0,6
1998,ARIANA,38,0,38
1998,ARIA,12,5,7
1998,ARDEN,11,0,11
1998,APRIL,52,0,52
1998,ANYA,6,0,6
1998,ANTONIA,10,0,10
1998,ANNISSA,8,0,8
1998,ANNIKA,15,0,15
1998,ANNIE,48,0,48
1998,ANNE-MARIE,9,0,9
1998,ANNE,42,0,42
1998,ANNABELLE,13,0,13
1998,ANNA,184,0,184
1998,ANN,13,0,13
1998,ANMOL,13,6,7
1998,ANJALI,9,0,9
1998,ANITA,22,0,22
1998,ANISSA,10,0,10
1998,ANISA,15,0,15
1998,ALYSA,7,0,7
1998,ASHLEY,543,0,543
1998,ALYCIA,19,0,19
1998,ALLYSON,38,0,38
1998,ALANNA,43,0,43
1998,ALANAH,9,0,9
1998,ALANA,59,0,59
1998,ALAINA,13,0,13
1998,AISLINN,9,0,9
1998,AISHA,34,0,34
1998,AINSLEY,25,0,25
1998,AIMEE,22,0,22
1998,AILEEN,7,0,7
1998,AIDAN,232,222,10
1998,AGNES,6,0,6
1998,AGANETHA,6,0,6
1998,ADRIENNE,12,0,12
1998,ALANNAH,17,0,17
1998,ADRIANNE,6,0,6
1998,ADRIANA,57,0,57
1998,ADELE,10,0,10
1998,ADA,10,0,10
1998,ABIGALE,7,0,7
1998,ABIGAIL,246,0,246
1998,ABBYGAIL,6,0,6
1998,ABBY,58,0,58
1998,ABBIGAIL,18,0,18
1998,ABBIE,13,0,13
1998,ABBEY,41,0,41
1998,AALIYAH,28,0,28
1998,TRAVIS,157,157,0
1998,TRENT,42,42,0
1998,ADRIANNA,33,0,33
1998,ALEAH,9,0,9
1998,ALECIA,7,0,7
1998,ALEESHA,8,0,8
1998,ALLY,21,0,21
1998,ALLISON,164,0,164
1998,ALLIE,7,0,7
1998,ALLEGRA,8,0,8
1998,ALIZA,6,0,6
1998,ALIYAH,23,0,23
1998,ALIYA,17,0,17
1998,ALISSA,38,0,38
1998,ALISON,85,0,85
1998,ALISHA,66,0,66
1998,ALISA,13,0,13
1998,ALINA,24,0,24
1998,ALICIA,161,0,161
1998,ALICE,34,0,34
1998,ALIA,12,0,12
1998,ALEXUS,10,0,10
1998,ALEXIS,233,8,225
1998,ALEXIE,10,0,10
1998,ALEXIA,61,0,61
1998,ALEXANDRIA,110,0,110
1998,ALEXANDREA,22,0,22
1998,ALEXANDRA,531,0,531
1998,ALEXA,123,0,123
1998,ALEX,144,135,9
1998,ALESSIA,47,0,47
1998,ALESSANDRA,37,0,37
1998,ALESHA,9,0,9
1998,ALEKSANDRA,14,0,14
1998,ALEJANDRA,8,0,8
1998,ALONDRA,7,0,7
1998,CHAYA,11,0,11
1998,ASHLYN,25,0,25
1998,ASHNA,7,0,7
1998,CARLEY,37,0,37
1998,CARLEE,12,0,12
1998,CARLA,16,0,16
1998,CARISSA,25,0,25
1998,CARINA,26,0,26
1998,CARA,18,0,18
1998,CANDICE,12,0,12
1998,CANDACE,19,0,19
1998,CAMRYN,16,0,16
1998,CAMILLE,44,0,44
1998,CAMILLA,11,0,11
1998,CAMERON,508,488,20
1998,CALLISTA,7,0,7
1998,CARLIE,13,0,13
1998,CALLIE,21,0,21
1998,CALEIGH,13,0,13
1998,CAITLYNN,10,0,10
1998,CAITLYN,88,0,88
1998,CAITLIN,160,0,160
1998,CAILYN,7,0,7
1998,CAILEY,10,0,10
1998,CAILEIGH,6,0,6
1998,BRYNNE,6,0,6
1998,BRYNN,17,0,17
1998,BRYN,11,0,11
1998,BRYCE,89,81,8
1998,BRYANNE,8,0,8
1998,BRYANNA,29,0,29
1998,CALISTA,21,0,21
1998,CARLY,115,0,115
1998,CARMELA,7,0,7
1998,CARMEN,37,8,29
1998,CHARLOTTE,91,0,91
1998,CHARLIE,19,11,8
1998,CHARLENE,21,0,21
1998,CHARITY,10,0,10
1998,CHANTELLE,41,0,41
1998,CHANTEL,34,0,34
1998,CHANTAL,80,0,80
1998,CHANELLE,23,0,23
1998,CHANEL,15,0,15
1998,CHANDRA,6,0,6
1998,CELINE,48,0,48
1998,CELINA,35,0,35
1998,CELESTE,31,0,31
1998,CELENA,7,0,7
1998,CEILIDH,7,0,7
1998,CECILIA,21,0,21
1998,CATHY,7,0,7
1998,CATHERINE,119,0,119
1998,CATERINA,12,0,12
1998,CASSIE,27,0,27
1998,CASSIDY,179,5,174
1998,CASSANDRA,327,0,327
1998,CASEY,73,29,44
1998,CASANDRA,8,0,8
1998,CARRIE,10,0,10
1998,CAROLYN,36,0,36
1998,CAROLINE,109,0,109
1998,CAROLINA,8,0,8
1998,CAROL,9,0,9
1998,BROOKLYNN,17,0,17
1998,ASHLYNN,13,0,13
1998,BROOKLYN,87,0,87
1998,BROOK,15,0,15
1998,BERNADETTE,11,0,11
1998,BELLA,8,0,8
1998,BEATRICE,9,0,9
1998,BAYLEIGH,6,0,6
1998,BAYLEE,8,0,8
1998,BATOUL,8,0,8
1998,BARBARA,11,0,11
1998,BAILIE,6,0,6
1998,BAILEY,264,137,127
1998,BAILEE,15,0,15
1998,BABY,27,9,18
1998,AYLA,13,0,13
1998,AYESHA,22,0,22
1998,BETH,7,0,7
1998,AYAN,13,0,13
1998,AVNEET,11,0,11
1998,AVERY,118,54,64
1998,AVA,14,0,14
1998,AUTUMN,81,0,81
1998,AURORA,10,0,10
1998,AUDREY,36,0,36
1998,AUBREY,12,0,12
1998,ATHENA,28,0,28
1998,ASTRID,6,0,6
1998,ASMAA,6,0,6
1998,ASMA,11,0,11
1998,ASIA,10,0,10
1998,ASHTON,47,34,13
1998,AYA,8,0,8
1998,BETHANY,63,0,63
1998,BETTY,7,0,7
1998,BEVERLY,7,0,7
1998,BRONWYN,21,0,21
1998,BRONTE,8,0,8
1998,BRITTNEY,55,0,55
1998,BRITTANY,346,0,346
1998,BRITTANEY,6,0,6
1998,BRITNEY,34,0,34
1998,BRIGITTE,16,0,16
1998,BRIELLE,8,0,8
1998,BRIEANNA,8,0,8
1998,BRIDGETTE,8,0,8
1998,BRIDGET,40,0,40
1998,BRIAR,8,0,8
1998,BRIANNE,55,0,55
1998,BRIANNA,345,0,345
1998,BRIANA,53,0,53
1998,BRENNA,24,0,24
1998,BRENDA,18,0,18
1998,BREEANNA,6,0,6
1998,BREE,9,0,9
1998,BREANNE,37,0,37
1998,BREANNA,105,0,105
1998,BREANN,6,0,6
1998,BREANA,11,0,11
1998,BRANDY,12,0,12
1998,BRANDI,12,0,12
1998,BONNIE,9,0,9
1998,BILLIE,10,0,10
1998,BIBI,6,0,6
1998,BIANCA,92,0,92
1998,BROOKE,257,0,257
1998,JESSICA,913,0,913
1998,JESSIE,90,20,70
1998,JESSIKA,9,0,9
1998,PHOENIX,20,13,7
1998,PHOEBE,12,0,12
1998,PEYTON,29,15,14
1998,PETRA,7,0,7
1998,PAYTON,39,7,32
1998,PAULINE,15,0,15
1998,PAULINA,18,0,18
1998,PAULA,8,0,8
1998,PATRICIA,51,0,51
1998,PATIENCE,6,0,6
1998,PARKER,64,58,6
1998,PARIS,10,0,10
1998,PAMELA,24,0,24
1998,POOJA,12,0,12
1998,PAIGE,230,0,230
1998,OCEAN,8,0,8
1998,NOUR,7,0,7
1998,NORA,18,0,18
1998,NOOR,10,0,10
1998,NOELLE,15,0,15
1998,NISHA,14,0,14
1998,NINA,43,0,43
1998,NIKOLINA,9,0,9
1998,NIKKI,25,0,25
1998,NIKITA,35,0,35
1998,NICOLETTE,11,0,11
1998,NICOLE,695,0,695
1998,NICOLA,23,6,17
1998,OLIVIA,442,0,442
1998,PRECIOUS,8,0,8
1998,PRISCILLA,22,0,22
1998,PRIYA,27,0,27
1998,RENEE,59,0,59
1998,RENATA,7,0,7
1998,REILLY,39,27,12
1998,REGAN,27,5,22
1998,REEM,11,0,11
1998,REBEKAH,45,0,45
1998,REBEKA,7,0,7
1998,REBECKA,6,0,6
1998,REBECCA,433,0,433
1998,REBECA,8,0,8
1998,REANNA,11,0,11
1998,REAGAN,9,0,9
1998,RAYNE,6,0,6
1998,RAYNA,6,0,6
1998,RAVNEET,8,0,8
1998,RAVEN,39,6,33
1998,RAQUEL,30,0,30
1998,RANDI,11,0,11
1998,RANA,13,0,13
1998,RAMSHA,7,0,7
1998,RADHIKA,6,0,6
1998,RACHELLE,31,0,31
1998,RACHEL,585,0,585
1998,RACHEAL,11,0,11
1998,RACHAEL,86,0,86
1998,RABIA,6,0,6
1998,QUINN,101,78,23
1998,PUNEET,8,0,8
1998,PRIYANKA,9,0,9
1998,NICHOLE,14,0,14
1998,RHEA,14,0,14
1998,NIA,8,0,8
1998,NEHA,18,0,18
1998,MINA,10,0,10
1998,MIMI,7,0,7
1998,MILICA,8,0,8
1998,MILA,14,0,14
1998,MIKAYLA,138,0,138
1998,MIKAILA,10,0,10
1998,MIKAELA,66,0,66
1998,MIKA,15,6,9
1998,MICKAYLA,6,0,6
1998,MICHELLE,300,0,300
1998,MICHELE,17,11,6
1998,MICHELA,13,0,13
1998,MICHAELA,151,0,151
1998,MIRA,8,0,8
1998,MICAELA,24,0,24
1998,MERISSA,7,0,7
1998,MEREDITH,20,0,20
1998,MERCEDES,34,0,34
1998,MELYSSA,6,0,6
1998,MELODY,26,0,26
1998,MELISSA,306,0,306
1998,MELISA,7,0,7
1998,MELINDA,15,0,15
1998,MELINA,14,0,14
1998,MELANIE,168,0,168
1998,MEGHAN,166,0,166
1998,MEGAN,626,0,626
1998,MEG,7,0,7
1998,MIA,43,0,43
1998,MIRANDA,126,0,126
1998,MIRIAM,35,0,35
1998,MOIRA,8,0,8
1998,NAVNEET,13,0,13
1998,NATHALIE,22,0,22
1998,NATASHA,209,0,209
1998,NATALYA,7,0,7
1998,NATALIE,314,0,314
1998,NATALIA,39,0,39
1998,NAOMI,74,0,74
1998,NANCY,32,0,32
1998,NANA,6,0,6
1998,NAKITA,8,0,8
1998,NAJMA,6,0,6
1998,NAIMA,6,0,6
1998,NADINE,36,0,36
1998,NADIA,76,0,76
1998,NADA,8,0,8
1998,MYRIAM,11,0,11
1998,MYRA,8,0,8
1998,MYLENE,6,0,6
1998,MYAH,6,0,6
1998,MYA,22,0,22
1998,MY,7,0,7
1998,MUNA,11,0,11
1998,MORGAN,260,50,210
1998,MONTANA,30,0,30
1998,MONIQUE,39,0,39
1998,MONIKA,39,0,39
1998,MONICA,136,0,136
1998,MONA,10,0,10
1998,MOLLY,63,0,63
1998,NEVE,7,0,7
1998,MEERA,7,0,7
1998,RHIANNON,21,0,21
1998,RILEY,323,253,70
1998,SIENNA,21,0,21
1998,SIENA,7,0,7
1998,SIDNEY,48,12,36
1998,SHYLA,6,0,6
1998,SHYANNE,13,0,13
1998,SHOSHANA,6,0,6
1998,SHIVANI,7,0,7
1998,SHIRLEY,16,0,16
1998,SHIANNE,6,0,6
1998,SHERRY,8,0,8
1998,SHELLY,10,0,10
1998,SHELBY,146,0,146
1998,SHEENA,12,0,12
1998,SIERA,6,0,6
1998,SHAZIA,6,0,6
1998,SHAYLYN,12,0,12
1998,SHAYLENE,6,0,6
1998,SHAYLA,29,0,29
1998,SHAWNA,33,0,33
1998,SHAUNA,35,0,35
1998,SHARON,26,0,26
1998,SHARLENE,8,0,8
1998,SHANTELLE,7,0,7
1998,SHANTEL,6,0,6
1998,SHANNON,184,0,184
1998,SHANNA,9,0,9
1998,SHANICE,12,0,12
1998,SHANIA,46,0,46
1998,SHAYNA,19,0,19
1998,SIERRA,145,0,145
1998,SILVIA,6,0,6
1998,SIMONE,32,0,32
1998,SUSANA,8,0,8
1998,SUSAN,31,0,31
1998,SUMMER,57,0,57
1998,SUMAYA,13,0,13
1998,STÉPHANIE,6,0,6
1998,STEPHANIE,393,0,393
1998,STEFANIE,23,0,23
1998,STEFANIA,11,0,11
1998,STARR,9,0,9
1998,STACY,6,0,6
1998,STACEY,18,0,18
1998,SPENCER,330,322,8
1998,SOPHIE,125,0,125
1998,SOPHIA,141,0,141
1998,SONYA,14,0,14
1998,SONJA,17,0,17
1998,SONIA,28,0,28
1998,SOMMER,8,0,8
1998,SOHA,7,0,7
1998,SOFIA,41,0,41
1998,SLOANE,7,0,7
1998,SKYLER,40,27,13
1998,SKYLAR,54,24,30
1998,SKYLA,8,0,8
1998,SKYE,29,0,29
1998,SKY,7,0,7
1998,SIOBHAN,21,0,21
1998,SIMRIT,6,0,6
1998,SIMRAN,74,7,67
1998,SHANI,6,0,6
1998,RIDA,8,0,8
1998,SHANELLE,15,0,15
1998,SHAINA,9,0,9
1998,SAFIA,6,0,6
1998,SAFA,9,0,9
1998,SADIE,35,0,35
1998,SABRINA,276,0,276
1998,SABINA,11,0,11
1998,RYLIE,11,0,11
1998,RYLEY,35,27,8
1998,RYLEIGH,11,0,11
1998,RYLEE,29,0,29
1998,RYANN,11,0,11
1998,RYAN,1022,1016,6
1998,RUTH,32,0,32
1998,RUBY,23,0,23
1998,SAFIYA,7,0,7
1998,ROYA,9,0,9
1998,ROWAN,37,18,19
1998,ROSEMARY,15,0,15
1998,ROSEMARIE,7,0,7
1998,ROSE,27,0,27
1998,ROSANNA,7,0,7
1998,ROSALYN,6,0,6
1998,ROSALIE,11,0,11
1998,ROSA,9,0,9
1998,ROCHELLE,23,0,23
1998,ROBYN,79,0,79
1998,ROBIN,41,12,29
1998,ROBERTA,7,0,7
1998,RITA,7,0,7
1998,ROXANNE,10,0,10
1998,SAGE,26,11,15
1998,SAHRA,14,0,14
1998,SAIGE,6,0,6
1998,SHAELYNN,9,0,9
1998,SHAELYN,24,0,24
1998,SHAE-LYNN,31,0,31
1998,SHAE,13,0,13
1998,SERINA,8,0,8
1998,SERENITY,7,0,7
1998,SERENA,88,0,88
1998,SELINA,34,0,34
1998,SELENA,97,0,97
1998,SAVANNAH,85,0,85
1998,SAVANNA,26,0,26
1998,SAVANAH,11,0,11
1998,SASHA,50,9,41
1998,SARINA,9,0,9
1998,SARAH,1135,0,1135
1998,SARA,295,0,295
1998,SANTANA,10,0,10
1998,SANDY,11,0,11
1998,SANDRINE,7,0,7
1998,SANDRA,55,0,55
1998,SANA,22,0,22
1998,SAMIRA,13,0,13
1998,SAMIA,6,0,6
1998,SAMARA,15,0,15
1998,SAMANTHA,787,0,787
1998,SALMA,15,0,15
1998,SALLY,14,0,14
1998,SALINA,10,0,10
1998,SAKINA,7,0,7
1998,SHANA,10,0,10
1998,MEAGHAN,73,0,73
1998,MEAGAN,87,0,87
1998,MCKENZIE,25,0,25
1998,KAYLYN,7,0,7
1998,KAYLIN,20,0,20
1998,KAYLIE,13,0,13
1998,KAYLEY,18,0,18
1998,KAYLEIGH,29,0,29
1998,KAYLEE,69,0,69
1998,KAYLA,407,0,407
1998,KATYA,8,0,8
1998,KATY,6,0,6
1998,KATRYNA,10,0,10
1998,KATRINA,106,0,106
1998,KATLYNN,6,0,6
1998,KATLYN,18,0,18
1998,KEANA,7,0,7
1998,KATJA,7,0,7
1998,KATIA,11,0,11
1998,KATHY,19,0,19
1998,KATHRYN,113,0,113
1998,KATHLEEN,121,0,121
1998,KATHERINE,242,0,242
1998,KATHARINE,22,0,22
1998,KATHARINA,9,0,9
1998,KATERINA,30,0,30
1998,KATELYNN,37,0,37
1998,KATELYN,147,0,147
1998,KATELIN,7,0,7
1998,KATE-LYNN,6,0,6
1998,KATE,76,0,76
1998,KATIE,95,0,95
1998,KEANNA,9,0,9
1998,KEARA,12,0,12
1998,KEELY,12,0,12
1998,KIMBERLY,81,0,81
1998,KIMBERLEY,11,0,11
1998,KIM,11,0,11
1998,KIERSTYN,7,0,7
1998,KIERSTEN,13,0,13
1998,KIERRA,7,0,7
1998,KIERA,38,0,38
1998,KIARA,36,0,36
1998,KIANNA,21,0,21
1998,KIANA,63,0,63
1998,KHADIJAH,6,0,6
1998,KHADIJA,16,0,16
1998,KEZIAH,6,0,6
1998,KEYANA,7,0,7
1998,KERRY,7,0,7
1998,KENZIE,12,0,12
1998,KENYA,6,0,6
1998,KENNEDY,104,12,92
1998,KENNEDI,6,0,6
1998,KENNA,6,0,6
1998,KENDRA,115,0,115
1998,KENDALL,29,6,23
1998,KELSIE,9,0,9
1998,KELSI,7,0,7
1998,KELSEY,147,0,147
1998,KELSEA,9,0,9
1998,KELLY,127,7,120
1998,KEISHA,17,0,17
1998,KEIRA,20,0,20
1998,KATARINA,46,0,46
1998,KIRA,54,0,54
1998,KASSIDY,35,0,35
1998,KASIA,14,0,14
1998,JULIETTE,8,0,8
1998,JULIE,98,0,98
1998,JULIANNE,22,0,22
1998,JULIANNA,41,0,41
1998,JULIANA,46,0,46
1998,JULIA,606,0,606
1998,JUDY,22,0,22
1998,JUDITH,14,0,14
1998,JOYCE,20,0,20
1998,JOY,18,0,18
1998,JOSÉE,7,0,7
1998,JOSIE,16,0,16
1998,JOSEPHINE,28,0,28
1998,JUSTICE,38,25,13
1998,JOSEE,16,0,16
1998,JORDANA,8,0,8
1998,JORDAN,878,702,176
1998,JOLENE,7,0,7
1998,JOHANNA,26,0,26
1998,JOELLE,25,0,25
1998,JODIE,11,0,11
1998,JODI,12,0,12
1998,JOCELYN,73,0,73
1998,JOANNE,34,0,34
1998,JOANNA,46,0,46
1998,JOANA,6,0,6
1998,JILLIAN,84,0,84
1998,JEWEL,15,0,15
1998,JORDYN,77,7,70
1998,JUSTINA,6,0,6
1998,JUSTINE,67,0,67
1998,KA,17,10,7
1998,KASEY,21,6,15
1998,KASANDRA,11,0,11
1998,KAROLINA,9,0,9
1998,KARLY,30,0,30
1998,KARLIE,7,0,7
1998,KARLI,8,0,8
1998,KARLEY,15,0,15
1998,KARLEIGH,10,0,10
1998,KARLEE,17,0,17
1998,KARLA,7,0,7
1998,KARISSA,32,0,32
1998,KARINE,8,0,8
1998,KARINA,35,0,35
1998,KAREN,52,0,52
1998,KARA,46,0,46
1998,KALLIE,8,0,8
1998,KALI,17,0,17
1998,KALEY,10,0,10
1998,KALEIGH,21,0,21
1998,KAJAL,7,0,7
1998,KAITLYNN,21,0,21
1998,KAITLYN,330,0,330
1998,KAITLIN,134,0,134
1998,KAILYN,16,0,16
1998,KAILEY,41,0,41
1998,KAILEE,11,0,11
1998,KAILA,10,0,10
1998,KAELYN,11,0,11
1998,KAELA,18,0,18
1998,KASSANDRA,77,0,77
1998,KIRAN,16,7,9
1998,KIRSTEN,93,0,93
1998,KIRSTIN,6,0,6
1998,MANJOT,9,0,9
1998,MANISHA,8,0,8
1998,MANDY,16,0,16
1998,MANDEEP,8,0,8
1998,MALLORY,37,0,37
1998,MAKENZIE,6,0,6
1998,MAKEDA,8,0,8
1998,MAKAYLA,59,0,59
1998,MAKAELA,10,0,10
1998,MAJA,8,0,8
1998,MAIYA,6,0,6
1998,MAIJA,10,0,10
1998,MAIA,21,0,21
1998,MANPREET,17,5,12
1998,MAHA,8,0,8
1998,MAGDALENA,20,0,20
1998,MAEVE,21,0,21
1998,MAEGAN,10,0,10
1998,MADYSON,9,0,9
1998,MADISYN,12,0,12
1998,MADISSON,6,0,6
1998,MADISON,571,8,563
1998,MADELYN,37,0,37
1998,MADELINE,168,0,168
1998,MADELIN,6,0,6
1998,MADELEINE,108,0,108
1998,MADELAINE,24,0,24
1998,MADDISON,48,0,48
1998,MAGGIE,54,0,54
1998,MARA,17,0,17
1998,MARANDA,7,0,7
1998,MARGARET,90,0,90
1998,MCKENNA,12,0,12
1998,MCKAYLA,10,0,10
1998,MAYA,102,0,102
1998,MAXINE,11,0,11
1998,MARYAM,40,0,40
1998,MARY,142,0,142
1998,MARWA,10,0,10
1998,MARTINA,16,0,16
1998,MARTHA,19,0,19
1998,MARTA,6,0,6
1998,MARLEY,17,0,17
1998,MARLENE,6,0,6
1998,MARLENA,10,0,10
1998,MARLEE,12,0,12
1998,MARISSA,115,0,115
1998,MARISA,43,0,43
1998,MARION,6,0,6
1998,MARINA,49,0,49
1998,MARIKA,10,0,10
1998,MARIJA,11,0,11
1998,MARIELLE,7,0,7
1998,MARIE,181,0,181
1998,MARIANNE,11,0,11
1998,MARIANA,12,0,12
1998,MARIAN,6,0,6
1998,MARIAM,47,0,47
1998,MARIAH,74,0,74
1998,MARIA,144,0,144
1998,MARGUERITE,8,0,8
1998,MACKENZIE,450,151,299
1998,LYNN,7,0,7
1998,LYNDSEY,14,0,14
1998,LYNDSAY,14,0,14
1998,LAUREN,425,0,425
1998,LAUREL,13,0,13
1998,LAURA,325,0,325
1998,LARISSA,51,0,51
1998,LARA,33,0,33
1998,LANA,17,0,17
1998,LAILA,7,0,7
1998,LADAN,7,0,7
1998,LACEY,15,0,15
1998,KYRA,63,0,63
1998,KYLIE,79,0,79
1998,KYLEIGH,7,0,7
1998,KYLEE,24,0,24
1998,KYLA,61,0,61
1998,KRYSTINA,7,0,7
1998,KRYSTEN,9,0,9
1998,KRYSTAL,19,0,19
1998,KRYSTA,7,0,7
1998,KRISTYN,9,0,9
1998,KRISTY,17,0,17
1998,KRISTINE,16,0,16
1998,KRISTINA,69,0,69
1998,KRISTIN,40,0,40
1998,KRISTIE,8,0,8
1998,KRISTI,6,0,6
1998,KRISTEN,175,0,175
1998,KRISTA,49,0,49
1998,KOURTNEY,6,0,6
1998,KORTNEY,6,0,6
1998,LAURYN,12,0,12
1998,SUSIE,11,0,11
1998,LAYLA,13,0,13
1998,LEAH,156,0,156
1998,LYDIA,62,0,62
1998,LUCY,26,0,26
1998,LUCIA,16,0,16
1998,LORRAINE,11,0,11
1998,LORI,10,0,10
1998,LOREN,9,0,9
1998,LOIS,6,0,6
1998,LOGAN,243,196,47
1998,LIVIA,6,0,6
1998,LISA,89,0,89
1998,LINNEA,6,0,6
1998,LINDSEY,43,0,43
1998,LINDSAY,140,0,140
1998,LINDA,28,0,28
1998,LINA,14,0,14
1998,LILY,53,0,53
1998,LILLY,6,0,6
1998,LILLIAN,25,0,25
1998,LILIAN,6,0,6
1998,LIANA,17,0,17
1998,LIA,10,0,10
1998,LEXUS,13,0,13
1998,LEXIE,10,0,10
1998,LESLIE,23,6,17
1998,LESLEY,6,0,6
1998,LENA,23,0,23
1998,LEILA,14,0,14
1998,LEANNE,36,0,36
1998,LEANNA,21,0,21
1998,LEA,14,0,14
1998,TRE,5,5,0
1998,TRENTON,20,20,0
1998,ZACHARIE,11,11,0
1998,USMAN,11,11,0
1998,VAN,6,6,0
1998,VARUN,5,5,0
1998,VICTOR,67,67,0
1998,VIKRAM,8,8,0
1998,VIKTOR,6,6,0
1998,VINCE,5,5,0
1998,VINCENT,99,99,0
1998,VINCENZO,11,11,0
1998,VISHAL,7,7,0
1998,VIVEK,5,5,0
1998,VLADIMIR,5,5,0
1998,WADE,19,19,0
1998,WALID,5,5,0
1998,WALKER,7,7,0
1998,UMAR,12,12,0
1998,WALTER,17,17,0
1998,TYSON,80,80,0
1998,TYRONE,23,23,0
1998,TREY,25,25,0
1998,TRISTIAN,6,6,0
1998,TRISTIN,16,16,0
1998,TRISTON,8,8,0
1998,TROY,64,64,0
1998,TRUMAN,5,5,0
1998,TRYSTAN,10,10,0
1998,TUCKER,6,6,0
1998,TURNER,10,10,0
1998,TY,35,35,0
1998,TYE,7,7,0
1998,TYLAR,6,6,0
1998,TYLOR,14,14,0
1998,TYRELL,40,40,0
1998,TYRIQUE,5,5,0
1998,TYRUS,10,10,0
1998,TREVOR,150,150,0
1998,WARREN,21,21,0
1998,WESLEY,86,86,0
1998,ZACK,5,5,0
1998,ZACHERY,39,39,0
1998,ZACHARY,602,602,0
1998,XANDER,7,7,0
1998,ZACHARIAH,9,9,0
1998,YUSUF,20,20,0
1998,YOUSUF,8,8,0
1998,YOUSSEF,5,5,0
1998,YOUSEF,9,9,0
1998,YONIS,5,5,0
1998,YASSIN,7,7,0
1998,YASIR,5,5,0
1998,YANNICK,8,8,0
1998,YANICK,8,8,0
1998,YAHYA,8,8,0
1998,ZACKARY,67,67,0
1998,WAYNE,12,12,0
1998,ZACKERY,43,43,0
1998,ZAIN,12,12,0
1998,WILFRED,5,5,0
1998,WILHELM,9,9,0
1998,WILLEM,9,9,0
1998,WILLIAM,629,629,0
1998,WILLIS,5,5,0
1998,WILLY,7,7,0
1998,WILSON,16,16,0
1998,WINSTON,10,10,0
1998,WYATT,72,72,0
1998,ZECHARIAH,5,5,0
1998,ZANE,13,13,0
1998,ZANDER,6,6,0
1998,ZAKARY,13,13,0
1998,ZAKARIYA,5,5,0
1998,ZAKARIA,10,10,0
1998,ZAID,7,7,0
1998,YAAKOV,5,5,0
1998,XAVIER,42,42,0
1998,TREVON,10,10,0
1999,AMIRA,14,0,14
1999,ANJA,6,0,6
1999,ANJALI,27,0,27
1999,ANMOL,17,11,6
1999,ANN,15,0,15
1999,ANNA,208,0,208
1999,ANNABELLE,17,0,17
1999,ANNALISA,7,0,7
1999,ANNALISE,6,0,6
1999,ANNE,40,0,40
1999,ANNE-MARIE,10,0,10
1999,ANNETTE,13,0,13
1999,ANNIE,52,0,52
1999,ANNIKA,18,0,18
1999,ANTONELLA,6,0,6
1999,ANTONIA,7,0,7
1999,ANITA,33,0,33
1999,ANISHA,13,0,13
1999,ANISA,7,0,7
1999,ANIKA,13,0,13
1999,AALIYAH,22,0,22
1999,AMY,232,0,232
1999,ANA,27,0,27
1999,ANABELLE,6,0,6
1999,ANASTASIA,42,0,42
1999,ANDIE,13,0,13
1999,ANDREA,172,11,161
1999,ANGEL,45,0,45
1999,ANGELA,129,0,129
1999,ANGELE,6,0,6
1999,ANGELICA,53,0,53
1999,ANGELIKA,6,0,6
1999,ANGELINA,24,0,24
1999,ANGELINE,6,0,6
1999,ANGELIQUE,10,0,10
1999,ANYA,7,0,7
1999,APRIL,58,0,58
1999,ARDEN,9,0,9
1999,AREEJ,10,0,10
1999,AUDREY,31,0,31
1999,AURORA,15,0,15
1999,AUTUMN,76,0,76
1999,AVA,59,0,59
1999,AVERY,147,64,83
1999,AVNEET,11,0,11
1999,AYA,7,0,7
1999,AYAH,6,0,6
1999,AYAN,6,0,6
1999,AYANNA,7,0,7
1999,AYESHA,14,0,14
1999,AYLA,8,0,8
1999,AYSHA,7,0,7
1999,BABY,28,14,14
1999,BAILEE,10,0,10
1999,AUBREY,6,0,6
1999,ABBEY,34,0,34
1999,ATHENA,23,0,23
1999,ASIA,15,0,15
1999,ARIA,6,0,6
1999,ARIANA,39,0,39
1999,ARIANE,15,0,15
1999,ARIANNA,39,0,39
1999,ARIANNE,8,0,8
1999,ARIEL,39,6,33
1999,ARIELLE,18,0,18
1999,ARLENE,7,0,7
1999,ASHA,12,0,12
1999,ASHLEE,12,0,12
1999,ASHLEIGH,21,0,21
1999,ASHLEY,474,6,468
1999,ASHLYN,22,0,22
1999,ASHLYNN,9,0,9
1999,ASHTON,47,36,11
1999,ASMA,9,0,9
1999,AMNA,7,0,7
1999,ABBIGAIL,15,0,15
1999,ABIGAIL,279,0,279
1999,ALLISON,168,0,168
1999,ALLEGRA,6,0,6
1999,ALIYAH,20,0,20
1999,ALIYA,22,0,22
1999,ALISSA,33,0,33
1999,ALISON,72,0,72
1999,ALISHA,55,0,55
1999,ALISA,17,0,17
1999,ALINA,20,0,20
1999,ALICIA,167,0,167
1999,ALICE,21,0,21
1999,ALIANA,7,0,7
1999,ALIA,20,0,20
1999,ALEXUS,8,0,8
1999,ALEXIS,272,9,263
1999,ALLY,12,0,12
1999,ALEXIE,10,0,10
1999,ALLYSON,28,0,28
1999,ALYCIA,11,0,11
1999,AMINA,17,0,17
1999,AMENA,7,0,7
1999,AMELIE,7,0,7
1999,AMELIA,52,0,52
1999,AMEENA,8,0,8
1999,AMBER,194,0,194
1999,AMAYA,6,0,6
1999,AMANDA,421,0,421
1999,AMAL,16,0,16
1999,ALYSSIA,14,0,14
1999,ALYSSA,444,0,444
1999,ALYSON,18,0,18
1999,ALYSIA,10,0,10
1999,ALYSHA,44,0,44
1999,ALYSA,7,0,7
1999,ALMA,7,0,7
1999,ALEXIA,87,0,87
1999,ALEXI,11,5,6
1999,AMRIT,24,12,12
1999,AISHA,44,0,44
1999,AINSLEY,21,0,21
1999,AIMEE,17,0,17
1999,AIDAN,302,294,8
1999,AGNES,8,0,8
1999,AGATHA,14,0,14
1999,AGANETHA,7,0,7
1999,ADRIENNE,19,0,19
1999,ADRIANNA,40,0,40
1999,ADRIANA,36,0,36
1999,ADELINA,6,0,6
1999,ADELE,15,0,15
1999,ADELAIDE,11,0,11
1999,ABIGAYLE,16,0,16
1999,ABIGALE,11,0,11
1999,AISLINN,11,0,11
1999,ALAA,7,0,7
1999,ALAINA,12,0,12
1999,ALANA,61,0,61
1999,ALEXANDREA,6,0,6
1999,ALEXANDRA,441,0,441
1999,ALEXA,118,0,118
1999,ALEX,161,145,16
1999,ALESSIA,61,0,61
1999,ALESSANDRA,25,0,25
1999,ALENA,7,0,7
1999,ABBY,61,0,61
1999,ALEKSANDRA,8,0,8
1999,ALEENA,7,0,7
1999,ALECIA,10,0,10
1999,ALEAH,9,0,9
1999,AMRITA,11,0,11
1999,ALAYNA,12,0,12
1999,ALANNAH,14,0,14
1999,ALANNA,36,0,36
1999,ALEESHA,6,0,6
1999,ALEXANDRIA,102,0,102
1999,CHARLIE,15,9,6
1999,AADAM,5,5,0
1999,BORIS,10,10,0
1999,BOWEN,5,5,0
1999,BRAD,11,11,0
1999,BRADEN,68,68,0
1999,BRADLEY,215,215,0
1999,BRADLY,6,6,0
1999,BRADON,6,6,0
1999,BRADY,74,74,0
1999,BRADYN,7,7,0
1999,BRAEDAN,15,15,0
1999,BRAEDEN,69,69,0
1999,BRAEDON,37,37,0
1999,BRAIDEN,12,12,0
1999,BRANDAN,10,10,0
1999,BRANDEN,30,30,0
1999,BRANDON,734,734,0
1999,BRANDYN,9,9,0
1999,BRAXTON,11,11,0
1999,BRAYDEN,142,142,0
1999,BRAYDON,42,42,0
1999,BRENDAN,190,190,0
1999,BOBBY,10,10,0
1999,BRENDEN,46,46,0
1999,BLAZE,5,5,0
1999,BLAIR,22,22,0
1999,AVI,7,7,0
1999,AYDEN,24,24,0
1999,AYUB,6,6,0
1999,BALDEEP,6,6,0
1999,BALRAJ,5,5,0
1999,BARRETT,8,8,0
1999,BARRY,9,9,0
1999,BEAU,9,9,0
1999,BEN,39,39,0
1999,BENJAMIN,601,601,0
1999,BENNETT,16,16,0
1999,BENNY,7,7,0
1999,BENOIT,16,16,0
1999,BENTON,5,5,0
1999,BERNARD,11,11,0
1999,BILAL,22,22,0
1999,BILL,7,7,0
1999,BILLY,7,7,0
1999,BINYAMIN,5,5,0
1999,BLADE,5,5,0
1999,BLAIN,6,6,0
1999,BLAKE,102,102,0
1999,BRENDON,20,20,0
1999,BRENNAN,48,48,0
1999,BRENNEN,8,8,0
1999,CALVIN,94,94,0
1999,CAMDEN,7,7,0
1999,CAMPBELL,12,12,0
1999,CAMRON,6,6,0
1999,CARL,20,20,0
1999,CARLO,10,10,0
1999,CARLOS,30,30,0
1999,CARMELO,5,5,0
1999,CARTER,133,133,0
1999,CAYDEN,10,10,0
1999,CEDRIC,16,16,0
1999,CHAD,50,50,0
1999,CHANCE,19,19,0
1999,CHANDLER,31,31,0
1999,CHARLES,94,94,0
1999,CHASE,78,78,0
1999,CHAYSE,5,5,0
1999,CHI,6,6,0
1999,CHRIS,16,16,0
1999,CHRISTIAN,290,290,0
1999,CHRISTIEN,5,5,0
1999,CALUM,21,21,0
1999,CALLUM,63,63,0
1999,CALEB,178,178,0
1999,CALE,9,9,0
1999,BRENT,50,50,0
1999,BRET,8,8,0
1999,BRETT,138,138,0
1999,BRIAN,175,175,0
1999,BROCK,59,59,0
1999,BRODERICK,5,5,0
1999,BRODIE,34,34,0
1999,BRODY,53,53,0
1999,BROGAN,6,6,0
1999,BRONSON,12,12,0
1999,AUSTYN,6,6,0
1999,BRUCE,16,16,0
1999,BRYAN,64,64,0
1999,BRYCE,103,103,0
1999,BRYDEN,6,6,0
1999,BRYDON,6,6,0
1999,BRYSON,23,23,0
1999,BRYTON,7,7,0
1999,BYRON,17,17,0
1999,CADE,16,16,0
1999,CADEN,14,14,0
1999,CAELAN,11,11,0
1999,BRUNO,14,14,0
1999,BAILEY,206,87,119
1999,AUSTIN,581,581,0
1999,ASHWIN,10,10,0
1999,AHMED,75,75,0
1999,AIDEN,56,56,0
1999,AJAY,13,13,0
1999,AKASH,11,11,0
1999,AKASHDEEP,5,5,0
1999,ALAIN,10,10,0
1999,ALAN,19,19,0
1999,ALBERT,28,28,0
1999,ALBERTO,6,6,0
1999,ALDEN,5,5,0
1999,ALEC,43,43,0
1999,ALEJANDRO,16,16,0
1999,ALEKSA,6,6,0
1999,ALEKSANDAR,13,13,0
1999,ALEKSANDER,9,9,0
1999,ALESSANDRO,40,40,0
1999,ALESSIO,7,7,0
1999,ALEXANDER,907,907,0
1999,ALEXANDRE,93,93,0
1999,ALEXANDROS,6,6,0
1999,ALEXEI,7,7,0
1999,AHMAD,25,25,0
1999,ALFRED,9,9,0
1999,ADRIEN,11,11,0
1999,ADRIAN,161,161,0
1999,AAKASH,5,5,0
1999,AARON,317,317,0
1999,ABBAS,7,7,0
1999,ABDALLAH,6,6,0
1999,ABDIRAHMAN,17,17,0
1999,ABDUL,23,23,0
1999,ABDULAZIZ,6,6,0
1999,ABDULLAH,27,27,0
1999,ABDULLAHI,13,13,0
1999,ABDULRAHMAN,9,9,0
1999,ABE,5,5,0
1999,ABEL,6,6,0
1999,ABRAHAM,21,21,0
1999,ABRAM,6,6,0
1999,ADAM,601,601,0
1999,ADAMO,5,5,0
1999,ADDISON,12,12,0
1999,ADEEL,5,5,0
1999,ADEN,17,17,0
1999,ADIL,12,12,0
1999,ADNAN,10,10,0
1999,ADRIANO,13,13,0
1999,ALI,88,88,0
1999,ALISTAIR,6,6,0
1999,ALLAN,29,29,0
1999,ANTON,17,17,0
1999,ANTONIO,75,75,0
1999,ANTONY,12,12,0
1999,ARASH,5,5,0
1999,ARI,6,6,0
1999,ARIAN,6,6,0
1999,ARIC,7,7,0
1999,ARJUN,26,26,0
1999,ARMAAN,8,8,0
1999,ARMAN,9,9,0
1999,ARMANDO,6,6,0
1999,ARNOLD,7,7,0
1999,ARON,13,13,0
1999,ARRON,6,6,0
1999,ARSLAN,6,6,0
1999,ARTHUR,30,30,0
1999,ARUN,8,8,0
1999,ARVIN,8,8,0
1999,ARYAN,11,11,0
1999,ASHER,8,8,0
1999,ASHVIN,5,5,0
1999,ANTOINE,12,12,0
1999,ANTHONY,431,431,0
1999,ANSON,17,17,0
1999,ANOOP,10,10,0
1999,ALLEN,23,23,0
1999,ALVIN,18,18,0
1999,AMAN,14,14,0
1999,AMAR,5,5,0
1999,AMEER,11,11,0
1999,AMIN,7,7,0
1999,AMIR,20,20,0
1999,AMIT,7,7,0
1999,AMMAR,10,10,0
1999,AMOL,6,6,0
1999,AUSTEN,14,14,0
1999,AMOS,8,8,0
1999,ANAS,8,8,0
1999,ANDRE,66,66,0
1999,ANDREAS,15,15,0
1999,ANDRES,10,10,0
1999,ANDREW,845,845,0
1999,ANDY,48,48,0
1999,ANGELO,25,25,0
1999,ANGUS,26,26,0
1999,ANIL,5,5,0
1999,ANISH,6,6,0
1999,ANAND,8,8,0
1999,BAILIE,6,0,6
1999,BARBARA,16,0,16
1999,BAYLEE,7,0,7
1999,HELENA,29,0,29
1999,HELEN,43,0,43
1999,HEIDI,26,0,26
1999,HEBA,6,0,6
1999,HEATHER,111,0,111
1999,HAYLEY,140,0,140
1999,HAYLEIGH,10,0,10
1999,HAYLEE,17,0,17
1999,HARPREET,7,0,7
1999,HARNEET,7,0,7
1999,HIBA,9,0,9
1999,HARMONY,16,0,16
1999,HARLEEN,16,0,16
1999,HANNAH,594,0,594
1999,HANNA,85,0,85
1999,HANAN,10,0,10
1999,HANA,11,0,11
1999,HALLIE,16,0,16
1999,HALLE,15,0,15
1999,HALIMA,8,0,8
1999,HALEY,119,0,119
1999,HALEIGH,7,0,7
1999,HARLEY,35,18,17
1999,HILARY,14,0,14
1999,HILLARY,19,0,19
1999,HODA,6,0,6
1999,JADA,52,0,52
1999,JACQUELYN,10,0,10
1999,JACQUELINE,92,0,92
1999,JACLYN,26,0,26
1999,JACKLYN,16,0,16
1999,JACEY,9,0,9
1999,IZABELLA,10,0,10
1999,IVY,21,0,21
1999,IVANA,12,0,12
1999,ISOBEL,16,0,16
1999,ISHA,8,0,8
1999,ISABELLE,101,0,101
1999,ISABELLA,134,0,134
1999,ISABEL,63,0,63
1999,IRIS,16,0,16
1999,IRENE,20,0,20
1999,IQRA,11,0,11
1999,IMAN,25,0,25
1999,HUNTER,247,208,39
1999,HUDA,7,0,7
1999,HOPE,76,0,76
1999,HOLLY,122,0,122
1999,HOLLIE,9,0,9
1999,HALA,6,0,6
1999,HAILIE,6,0,6
1999,HAILEY,249,0,249
1999,HAILEE,10,0,10
1999,FLORA,9,0,9
1999,FIONA,56,0,56
1999,FELICITY,32,0,32
1999,FELICIA,36,0,36
1999,FATMA,6,0,6
1999,FATIMAH,7,0,7
1999,FATIMA,57,0,57
1999,FARAH,12,0,12
1999,FALLON,7,0,7
1999,FAITH,129,0,129
1999,EVELYN,25,0,25
1999,EVE,20,0,20
1999,EVA,25,0,25
1999,EUNICE,6,0,6
1999,ESTHER,41,0,41
1999,ERYN,10,0,10
1999,ERIN,219,0,219
1999,ERIKA,118,0,118
1999,ERICKA,6,0,6
1999,ERICA,136,0,136
1999,EMMANUELLE,11,0,11
1999,EMMA-LEIGH,7,0,7
1999,EMMA-LEE,8,0,8
1999,FLORENCE,9,0,9
1999,JADE,153,9,144
1999,FRANCES,12,0,12
1999,GABRIELA,40,0,40
1999,HAFSAH,9,0,9
1999,HAFSA,15,0,15
1999,GWYNETH,6,0,6
1999,GWENDOLYN,7,0,7
1999,GURLEEN,14,0,14
1999,GRACIE,8,0,8
1999,GRACE,285,0,285
1999,GLORIA,31,0,31
1999,GIULIANA,7,0,7
1999,GIULIA,13,0,13
1999,GISELLE,9,0,9
1999,GIOVANNA,9,0,9
1999,GINA,17,0,17
1999,GILLIAN,85,0,85
1999,GIANNA,6,0,6
1999,GIA,6,0,6
1999,GEORGINA,12,0,12
1999,GEORGIA,71,0,71
1999,GENNA,8,0,8
1999,GENEVIEVE,35,0,35
1999,GEMMA,15,0,15
1999,GABRIELLE,185,0,185
1999,GABRIELLA,57,0,57
1999,FRANCESCA,32,0,32
1999,JADEN,106,70,36
1999,JADYN,8,0,8
1999,JAEDYN,7,0,7
1999,JULIANNA,54,0,54
1999,JULIANA,42,0,42
1999,JULIA,658,0,658
1999,JUDY,31,0,31
1999,JUDITH,6,0,6
1999,JOYCE,22,0,22
1999,JOY,7,0,7
1999,JOSIE,15,0,15
1999,JOSEPHINE,24,0,24
1999,JOSEE,13,0,13
1999,JORDYN,75,0,75
1999,JORDANNA,6,0,6
1999,JORDANA,14,0,14
1999,JORDAN,743,580,163
1999,JONELLE,6,0,6
1999,JOHANNA,14,0,14
1999,JOEY,35,28,7
1999,JOELLE,15,0,15
1999,JODIE,14,0,14
1999,JODI,12,0,12
1999,JOCELYNE,9,0,9
1999,JOCELYN,49,0,49
1999,JOANNE,23,0,23
1999,JULIANNE,17,0,17
1999,JOANNA,41,0,41
1999,JULIE,93,0,93
1999,JULIETTE,12,0,12
1999,KAMRYN,9,0,9
1999,KALLIE,8,0,8
1999,KALLI,7,0,7
1999,KALISTA,10,0,10
1999,KALIE,7,0,7
1999,KALI,16,0,16
1999,KALEY,10,0,10
1999,KALEIGH,21,0,21
1999,KAITLYNN,27,0,27
1999,KAITLYN,290,0,290
1999,KAITLIN,79,0,79
1999,KAILYN,10,0,10
1999,KAILEY,43,0,43
1999,KAILEIGH,10,0,10
1999,KAILEE,10,0,10
1999,KAILA,9,0,9
1999,KAI,26,20,6
1999,KAELYN,17,0,17
1999,KAELA,8,0,8
1999,KA,12,5,7
1999,JUSTINE,41,0,41
1999,JUSTINA,10,0,10
1999,JUSTICE,23,16,7
1999,JULIET,12,0,12
1999,EMMA,771,0,771
1999,JOANA,6,0,6
1999,JILLIAN,89,0,89
1999,JASNEET,7,0,7
1999,JASMINE,221,0,221
1999,JASMIN,33,0,33
1999,JASMEET,16,8,8
1999,JASMEEN,12,0,12
1999,JASLEEN,14,0,14
1999,JANNA,7,0,7
1999,JANINE,12,0,12
1999,JANICE,17,0,17
1999,JANET,12,0,12
1999,JANESSA,17,0,17
1999,JANELLE,36,0,36
1999,JANE,39,0,39
1999,JANAE,8,0,8
1999,JANA,15,0,15
1999,JAMILA,7,0,7
1999,JAMIE,150,47,103
1999,JAIMIE,18,0,18
1999,JAIMEE,9,0,9
1999,JAIME,40,0,40
1999,JAIDYN,8,0,8
1999,JAIDEN,28,20,8
1999,JAIDA,7,0,7
1999,JASPREET,26,14,12
1999,JOAN,9,0,9
1999,JAYDA,10,0,10
1999,JAYDEN,99,74,25
1999,JILL,6,0,6
1999,JEWEL,12,0,12
1999,JESSIKA,11,0,11
1999,JESSIE,75,21,54
1999,JESSICA,892,0,892
1999,JESSI,7,0,7
1999,JESSE,256,229,27
1999,JESSA,6,0,6
1999,JENSEN,15,6,9
1999,JENNY,31,0,31
1999,JENNIFER,274,0,274
1999,JENNIE,6,0,6
1999,JENNA,250,0,250
1999,JENA,10,0,10
1999,JEMMA,6,0,6
1999,JELENA,9,0,9
1999,JEANETTE,6,0,6
1999,JEAN,20,14,6
1999,JAZMYN,6,0,6
1999,JAZMINE,15,0,15
1999,JAZMIN,13,0,13
1999,JAYMIE,6,0,6
1999,JAYME,13,0,13
1999,JAYDE,7,0,7
1999,CHRISTOPHER,702,702,0
1999,EMILY,1283,0,1283
1999,EMILIA,28,0,28
1999,CARSON,72,65,7
1999,CARRIE,13,0,13
1999,CAROLYN,30,0,30
1999,CAROLINE,85,0,85
1999,CAROLINA,7,0,7
1999,CAROL,9,0,9
1999,CARMEN,26,0,26
1999,CARLY,75,0,75
1999,CARLIE,23,0,23
1999,CARLI,6,0,6
1999,CASANDRA,12,0,12
1999,CARLEY,37,0,37
1999,CARLA,15,0,15
1999,CARISSA,25,0,25
1999,CARINA,16,0,16
1999,CARA,24,0,24
1999,CANDICE,18,0,18
1999,CANDACE,10,0,10
1999,CAMRYN,60,0,60
1999,CAMILLE,60,0,60
1999,CAMILLA,10,0,10
1999,CAMILA,9,0,9
1999,CARLEE,11,0,11
1999,CASEY,57,28,29
1999,CASSANDRA,309,0,309
1999,CASSIDY,170,0,170
1999,CHARLOTTE,106,0,106
1999,CHARLENE,18,0,18
1999,CHANTELLE,43,0,43
1999,CHANTEL,31,0,31
1999,CHANTE,10,0,10
1999,CHANTAL,47,0,47
1999,CHANELLE,17,0,17
1999,CHANEL,25,0,25
1999,CHANA,6,0,6
1999,CELINE,37,0,37
1999,CELINA,46,0,46
1999,CELIA,12,0,12
1999,CELESTE,37,0,37
1999,CECILIA,19,0,19
1999,CAYLA,12,0,12
1999,CATRINA,6,0,6
1999,CATHY,14,0,14
1999,CATHRYN,6,0,6
1999,CATHERINE,121,0,121
1999,CATHARINE,7,0,7
1999,CATERINA,7,0,7
1999,CATARINA,8,0,8
1999,CASSIE,22,0,22
1999,CAMERON,588,559,29
1999,CALLISTA,13,0,13
1999,CALLIE,30,0,30
1999,CALISTA,34,0,34
1999,BRIELLE,15,0,15
1999,BRIDGETTE,8,0,8
1999,BRIDGET,46,0,46
1999,BRIAR,12,0,12
1999,BRIANNE,51,0,51
1999,BRIANNA,390,0,390
1999,BRIANA,41,0,41
1999,BRENNA,31,0,31
1999,BRENDA,20,0,20
1999,BREANNE,23,0,23
1999,BREANNA,147,0,147
1999,BREANN,8,0,8
1999,BREANA,6,0,6
1999,BRANDY,16,0,16
1999,BRANDI,13,0,13
1999,BONNIE,12,0,12
1999,BILLIE,11,0,11
1999,BIANCA,94,0,94
1999,BEVERLY,7,0,7
1999,BETHANY,54,0,54
1999,BETH,7,0,7
1999,BERNADETTE,12,0,12
1999,BEATRICE,18,0,18
1999,BRIGITTE,14,0,14
1999,CHAYA,6,0,6
1999,BRITNEY,111,0,111
1999,BRITTNEY,91,0,91
1999,CALI,7,0,7
1999,CALEIGH,14,0,14
1999,CAITLYNN,8,0,8
1999,CAITLYN,70,0,70
1999,CAITLIN,121,0,121
1999,CAILYN,6,0,6
1999,CAILIN,8,0,8
1999,CAILEY,11,0,11
1999,CAILEIGH,7,0,7
1999,CADENCE,8,0,8
1999,BRYNN,20,0,20
1999,BRYN,20,11,9
1999,BRYANNE,6,0,6
1999,BRYANNA,40,0,40
1999,BRYANA,6,0,6
1999,BROOKLYNN,19,0,19
1999,BROOKLYN,98,0,98
1999,BROOKELYN,6,0,6
1999,BROOKE-LYNN,8,0,8
1999,BROOKE,234,0,234
1999,BROOK,13,0,13
1999,BRONWYN,22,0,22
1999,BRONTE,7,0,7
1999,BRITTANY,252,0,252
1999,CHELSEA,179,0,179
1999,CHELSEY,34,0,34
1999,CHERYL,13,0,13
1999,DOROTHY,7,0,7
1999,DORA,7,0,7
1999,DONNA,13,0,13
1999,DOMINIQUE,47,9,38
1999,DOMINIKA,6,0,6
1999,DIVYA,10,0,10
1999,DINA,14,0,14
1999,DIANNA,9,0,9
1999,DIANE,6,0,6
1999,DIANA,79,0,79
1999,DHARMA,6,0,6
1999,DEVYN,13,5,8
1999,DEVON,156,135,21
1999,DESTINY,110,0,110
1999,DESTINEE,8,0,8
1999,DESIREE,35,0,35
1999,DENISE,16,0,16
1999,DELANEY,27,0,27
1999,DEENA,6,0,6
1999,DEBORAH,18,0,18
1999,DEANNA,43,0,43
1999,DAYNA,17,0,17
1999,DAWN,16,0,16
1999,DREW,88,64,24
1999,DAVINA,7,0,7
1999,EDEN,42,0,42
1999,ELAINA,11,0,11
1999,EMILEE,22,0,22
1999,EMERSON,29,22,7
1999,EMELY,6,0,6
1999,EMELIA,7,0,7
1999,EMAN,6,0,6
1999,EMA,7,0,7
1999,ELYSSA,8,0,8
1999,ELYSE,18,0,18
1999,ELORA,12,0,12
1999,ELLIE,10,0,10
1999,ELLEN,24,0,24
1999,ELLA,38,0,38
1999,ELIZABETH,290,0,290
1999,ELIZA,12,0,12
1999,ELISHA,12,0,12
1999,ELISE,33,0,33
1999,ELISABETH,18,0,18
1999,ELISA,22,0,22
1999,ELIANA,8,0,8
1999,ELENI,15,0,15
1999,ELENA,32,0,32
1999,ELEANOR,12,0,12
1999,ELAINE,20,0,20
1999,EILEEN,14,0,14
1999,EMILIE,72,0,72
1999,DARLENE,8,0,8
1999,DARIAN,39,26,13
1999,COLLEEN,35,0,35
1999,CLOE,6,0,6
1999,CLEO,7,0,7
1999,CLAUDIA,91,0,91
1999,CLARISSA,24,0,24
1999,CLARE,27,0,27
1999,CLARA,26,0,26
1999,CLAIRE,180,0,180
1999,CINDY,30,0,30
1999,CIERRA,30,0,30
1999,CIERA,13,0,13
1999,CIARA,28,0,28
1999,CHRISTY,8,0,8
1999,CHRISTINE,107,0,107
1999,CHRISTINA,176,0,176
1999,CHRISTIE,11,0,11
1999,CHRISTIANE,6,0,6
1999,CHRISTEN,6,0,6
1999,CHLOÉ,15,0,15
1999,CHLOE,224,0,224
1999,CHIARA,24,0,24
1999,CHEYENNE,61,0,61
1999,CHEYANNE,13,0,13
1999,CONNIE,13,0,13
1999,DARIEN,26,15,11
1999,CORA,12,0,12
1999,CORINA,6,0,6
1999,DARIA,14,0,14
1999,DARBY,18,6,12
1999,DAPHNE,20,0,20
1999,DANYA,6,0,6
1999,DANIKA,43,0,43
1999,DANIELLE,281,0,281
1999,DANIELLA,56,0,56
1999,DANIELA,56,0,56
1999,DANICA,27,0,27
1999,DANIA,10,0,10
1999,DANA,101,0,101
1999,DALLAS,45,38,7
1999,DALIA,9,0,9
1999,DAKOTA,149,99,50
1999,DAISY,21,0,21
1999,DAHLIA,8,0,8
1999,CYNTHIA,34,0,34
1999,CRYSTAL,40,0,40
1999,CRISTINA,32,0,32
1999,COURTNEY,211,0,211
1999,COURTENEY,6,0,6
1999,CORRINA,14,0,14
1999,CORINNA,6,0,6
1999,CORAL,8,0,8
1999,CLARENCE,7,7,0
1999,CLAUDIO,7,7,0
1999,KARA,40,0,40
1999,NIKOLA,35,35,0
1999,NIKOLAI,5,5,0
1999,NIKOLAS,44,44,0
1999,NIMA,5,5,0
1999,NOAH,653,653,0
1999,NOEL,15,15,0
1999,NOLAN,95,95,0
1999,NORMAN,14,14,0
1999,OLIVER,46,46,0
1999,OLIVIER,19,19,0
1999,NIKHIL,16,16,0
1999,OMAR,85,85,0
1999,OREN,5,5,0
1999,ORION,6,6,0
1999,ORLANDO,6,6,0
1999,OSAMA,5,5,0
1999,OSCAR,22,22,0
1999,OSMAN,7,7,0
1999,OWEN,326,326,0
1999,PABLO,8,8,0
1999,PAOLO,11,11,0
1999,PARKER,71,71,0
1999,OMER,11,11,0
1999,NIHAL,5,5,0
1999,NIGEL,21,21,0
1999,NICOLAS,197,197,0
1999,MUHAMMED,11,11,0
1999,MURRAY,7,7,0
1999,MUSA,6,6,0
1999,MUSTAFA,18,18,0
1999,MYLES,42,42,0
1999,NASH,8,8,0
1999,NATHAN,511,511,0
1999,NATHANAEL,20,20,0
1999,NATHANIAL,17,17,0
1999,NATHANIEL,174,174,0
1999,NATHEN,6,6,0
1999,NAVEEN,5,5,0
1999,NAVID,6,6,0
1999,NAVIN,6,6,0
1999,NAVRAJ,5,5,0
1999,NEAL,7,7,0
1999,NEIL,33,33,0
1999,NELSON,17,17,0
1999,NICHOLAS,1307,1307,0
1999,NICK,12,12,0
1999,NICKLAS,5,5,0
1999,NICKLAUS,6,6,0
1999,NICKOLAS,62,62,0
1999,PARSA,5,5,0
1999,PARTH,8,8,0
1999,PASCAL,5,5,0
1999,PATRICK,246,246,0
1999,RALPH,5,5,0
1999,RAMI,7,7,0
1999,RAMY,5,5,0
1999,RANDALL,7,7,0
1999,RANDY,36,36,0
1999,RAPHAEL,15,15,0
1999,RASHEED,6,6,0
1999,RAVI,6,6,0
1999,RAY,6,6,0
1999,RAYMOND,70,70,0
1999,RAZA,6,6,0
1999,REED,8,8,0
1999,REGINALD,7,7,0
1999,REID,45,45,0
1999,REMY,5,5,0
1999,RENATO,6,6,0
1999,RENE,5,5,0
1999,REUBEN,7,7,0
1999,RHYS,26,26,0
1999,RIAN,7,7,0
1999,RICARDO,22,22,0
1999,RICHARD,158,158,0
1999,RICKY,21,21,0
1999,RAJVIR,5,5,0
1999,MUHAMMAD,47,47,0
1999,RAJAN,5,5,0
1999,RAHUL,16,16,0
1999,PAUL,155,155,0
1999,PEDRO,6,6,0
1999,PERRY,8,8,0
1999,PETER,198,198,0
1999,PHILIP,75,75,0
1999,PHILIPPE,22,22,0
1999,PHILLIP,38,38,0
1999,PHOENIX,9,9,0
1999,PIERCE,11,11,0
1999,PIERRE,12,12,0
1999,PIOTR,8,8,0
1999,PRAVEEN,7,7,0
1999,PREM,5,5,0
1999,PRESTON,32,32,0
1999,QASIM,5,5,0
1999,QUANG,6,6,0
1999,QUENTIN,32,32,0
1999,QUINCY,8,8,0
1999,QUINLAN,13,13,0
1999,QUINTEN,15,15,0
1999,QUINTIN,14,14,0
1999,QUINTON,44,44,0
1999,RAFAEL,8,8,0
1999,RAJ,6,6,0
1999,MOSTAFA,8,8,0
1999,MOSHE,6,6,0
1999,MOSES,10,10,0
1999,LUCA,69,69,0
1999,LUCAS,418,418,0
1999,LUCIANO,9,9,0
1999,LUIGI,6,6,0
1999,LUIS,27,27,0
1999,LUKA,19,19,0
1999,LUKAS,53,53,0
1999,LUKE,201,201,0
1999,LUQMAN,6,6,0
1999,LYLE,5,5,0
1999,LYNDON,6,6,0
1999,MAAZ,7,7,0
1999,MAGNUS,5,5,0
1999,MAHAD,8,8,0
1999,MAHDI,8,8,0
1999,MALACHI,8,8,0
1999,MALCOLM,54,54,0
1999,MALIK,37,37,0
1999,MANAV,5,5,0
1999,MANDEEP,5,5,0
1999,MANRAJ,13,13,0
1999,MANUEL,10,10,0
1999,MANVEER,8,8,0
1999,LUC,27,27,0
1999,MANVIR,9,9,0
1999,LOUIS,21,21,0
1999,LLOYD,8,8,0
1999,LACHLAN,6,6,0
1999,LANCE,14,14,0
1999,LANDON,27,27,0
1999,LANE,9,9,0
1999,LARRY,6,6,0
1999,LATRELL,5,5,0
1999,LAWRENCE,22,22,0
1999,LAZAR,8,8,0
1999,LEANDRO,8,8,0
1999,LEE,15,15,0
1999,LEIF,5,5,0
1999,LENNON,5,5,0
1999,LENNOX,5,5,0
1999,LEO,18,18,0
1999,LEON,8,8,0
1999,LEONARD,8,8,0
1999,LEONARDO,14,14,0
1999,LEROY,5,5,0
1999,LEVI,33,33,0
1999,LEWIS,15,15,0
1999,LIAM,553,553,0
1999,LIBAN,12,12,0
1999,LINCOLN,6,6,0
1999,LORENZO,9,9,0
1999,RIELLY,5,5,0
1999,MARC,64,64,0
1999,MARCEL,12,12,0
1999,MAVERICK,11,11,0
1999,MAX,77,77,0
1999,MAXIM,19,19,0
1999,MAXIME,32,32,0
1999,MAXIMILIAN,19,19,0
1999,MAXIMILLIAN,7,7,0
1999,MAXWELL,107,107,0
1999,MELVIN,10,10,0
1999,MICHAEL,1174,1174,0
1999,MICHAEL-ANTHONY,5,5,0
1999,MICHAL,15,15,0
1999,MICHEAL,49,49,0
1999,MICHEL,14,14,0
1999,MIGUEL,28,28,0
1999,MILAN,13,13,0
1999,MILES,11,11,0
1999,MITCHEL,36,36,0
1999,MITCHELL,313,313,0
1999,MOHAMAD,17,17,0
1999,MOHAMED,89,89,0
1999,MOHAMMAD,56,56,0
1999,MOHAMMED,51,51,0
1999,MOHIT,6,6,0
1999,MAURICIO,6,6,0
1999,MARC-ANDRE,8,8,0
1999,MAURICE,9,9,0
1999,MATTHIAS,8,8,0
1999,MARCELO,5,5,0
1999,MARCO,78,78,0
1999,MARCOS,6,6,0
1999,MARCUS,120,120,0
1999,MAREK,7,7,0
1999,MARIO,28,28,0
1999,MARK,225,225,0
1999,MARKO,30,30,0
1999,MARKUS,15,15,0
1999,MARLON,5,5,0
1999,MARSHALL,30,30,0
1999,MARTIN,87,87,0
1999,MARVIN,16,16,0
1999,MASON,114,114,0
1999,MASSIMO,22,22,0
1999,MATEO,18,18,0
1999,MATEUSZ,8,8,0
1999,MATHEW,128,128,0
1999,MATHIAS,7,7,0
1999,MATHIEU,69,69,0
1999,MATHUSAN,5,5,0
1999,MATTEO,52,52,0
1999,MATTHEW,1511,1511,0
1999,MATTHIEU,17,17,0
1999,KYLER,12,12,0
1999,RISHI,5,5,0
1999,RIYAD,5,5,0
1999,TRYSTAN,6,6,0
1999,TUCKER,7,7,0
1999,TURNER,7,7,0
1999,TY,51,51,0
1999,TYE,15,15,0
1999,TYLOR,9,9,0
1999,TYREESE,5,5,0
1999,TYREKE,5,5,0
1999,TYREL,10,10,0
1999,TYRELL,34,34,0
1999,TRUMAN,8,8,0
1999,TYRESE,47,47,0
1999,TYRONE,21,21,0
1999,TYSON,80,80,0
1999,UMAR,9,9,0
1999,UMER,5,5,0
1999,USAMA,6,6,0
1999,USMAN,7,7,0
1999,UZAIR,7,7,0
1999,VARUN,5,5,0
1999,VICTOR,75,75,0
1999,VINCE,6,6,0
1999,TYRIQ,6,6,0
1999,TROY,67,67,0
1999,TRISTON,5,5,0
1999,TRISTIN,7,7,0
1999,TEVIN,7,7,0
1999,THANH,9,9,0
1999,THEO,8,8,0
1999,THEODORE,28,28,0
1999,THOMAS,513,513,0
1999,TIAGO,12,12,0
1999,TIMOTHY,162,162,0
1999,TOBIAS,8,8,0
1999,TOBY,8,8,0
1999,TODD,12,12,0
1999,TOM,14,14,0
1999,TOMAS,22,22,0
1999,TOMMY,26,26,0
1999,TONY,40,40,0
1999,TRAE,7,7,0
1999,TRAVIS,120,120,0
1999,TRENT,53,53,0
1999,TRENTON,23,23,0
1999,TREVON,11,11,0
1999,TREVOR,137,137,0
1999,TREY,26,26,0
1999,TRISTEN,25,25,0
1999,TRISTIAN,5,5,0
1999,VINCENT,94,94,0
1999,VINCENZO,16,16,0
1999,VISHAL,10,10,0
1999,VITO,11,11,0
1999,YOUSUF,9,9,0
1999,YUSUF,29,29,0
1999,ZACHARIA,5,5,0
1999,ZACHARIAH,21,21,0
1999,ZACHARIE,17,17,0
1999,ZACHARY,605,605,0
1999,ZACHERY,43,43,0
1999,ZACK,6,6,0
1999,ZACKARY,60,60,0
1999,ZACKERY,35,35,0
1999,ZAHID,5,5,0
1999,ZAID,8,8,0
1999,ZAIN,17,17,0
1999,ZAK,5,5,0
1999,ZAKARIA,18,18,0
1999,ZAKARIYA,7,7,0
1999,ZAKARY,9,9,0
1999,ZANDER,6,6,0
1999,ZANE,15,15,0
1999,ZECHARIAH,5,5,0
1999,ZEV,5,5,0
1999,ZIAD,5,5,0
1999,ZION,7,7,0
1999,YOUSSEF,11,11,0
1999,TERRY,16,16,0
1999,YOUSEF,10,10,0
1999,YITZCHAK,5,5,0
1999,VLADIMIR,6,6,0
1999,WADE,24,24,0
1999,WALEED,10,10,0
1999,WALKER,12,12,0
1999,WALTER,6,6,0
1999,WARREN,12,12,0
1999,WAYNE,13,13,0
1999,WESLEY,80,80,0
1999,WIL,6,6,0
1999,WILL,10,10,0
1999,WILLEM,18,18,0
1999,WILLIAM,622,622,0
1999,WILSON,17,17,0
1999,WINSTON,11,11,0
1999,WYATT,64,64,0
1999,XANDER,12,12,0
1999,XAVIER,57,57,0
1999,YAHYA,11,11,0
1999,YANNICK,5,5,0
1999,YASH,7,7,0
1999,YASIN,6,6,0
1999,YASSER,5,5,0
1999,YEHUDA,5,5,0
1999,YONIS,7,7,0
1999,TERRELL,24,24,0
1999,TERRANCE,15,15,0
1999,TERENCE,12,12,0
1999,SACHIN,6,6,0
1999,SAGAR,5,5,0
1999,SAHIL,16,16,0
1999,SAID,5,5,0
1999,SAJID,5,5,0
1999,SALMAN,8,8,0
1999,SALVATORE,10,10,0
1999,SAM,31,31,0
1999,SAMATAR,5,5,0
1999,SAMEER,15,15,0
1999,SAMER,7,7,0
1999,SAMI,8,8,0
1999,SAMIR,16,16,0
1999,SAMMY,6,6,0
1999,SAMSON,14,14,0
1999,SAMUEL,408,408,0
1999,SANDEEP,5,5,0
1999,SANJAY,6,6,0
1999,SANJEEV,5,5,0
1999,SAWYER,14,14,0
1999,SAYED,5,5,0
1999,SCOTT,168,168,0
1999,SEAMUS,5,5,0
1999,SABASTIAN,6,6,0
1999,SEAN,240,240,0
1999,SAAD,18,18,0
1999,RYLAN,16,16,0
1999,ROBERT,393,393,0
1999,ROBERTO,17,17,0
1999,ROCCO,8,8,0
1999,ROCH,5,5,0
1999,RODNEY,13,13,0
1999,RODRIGO,5,5,0
1999,ROGER,7,7,0
1999,ROHAN,18,18,0
1999,ROHIT,6,6,0
1999,ROLAND,9,9,0
1999,ROMAN,18,18,0
1999,ROMEO,5,5,0
1999,RON,6,6,0
1999,RONALD,33,33,0
1999,RONAN,7,7,0
1999,RONIN,9,9,0
1999,RORY,37,37,0
1999,ROSHAN,11,11,0
1999,ROSS,25,25,0
1999,ROY,23,23,0
1999,ROYCE,5,5,0
1999,RUBEN,8,8,0
1999,RUSSELL,27,27,0
1999,RYLAND,5,5,0
1999,RIVER,16,16,0
1999,SEBASTIAN,127,127,0
1999,SETH,118,118,0
1999,STERLING,7,7,0
1999,STEVE,15,15,0
1999,STEVEN,206,206,0
1999,STEWART,13,13,0
1999,STONE,6,6,0
1999,STORM,5,5,0
1999,STUART,25,25,0
1999,SUKHRAJ,5,5,0
1999,SULLIVAN,9,9,0
1999,SUMEET,5,5,0
1999,SUNDEEP,5,5,0
1999,SUNNY,7,7,0
1999,SURAJ,5,5,0
1999,SYED,32,32,0
1999,TAHA,14,14,0
1999,TALHA,7,7,0
1999,TALON,8,8,0
1999,TANNER,144,144,0
1999,TANVIR,7,7,0
1999,TARAN,5,5,0
1999,TARIK,11,11,0
1999,TARIQ,14,14,0
1999,TATE,11,11,0
1999,STEPHON,8,8,0
1999,SEBASTIEN,34,34,0
1999,STEPHEN,154,154,0
1999,STEPHAN,15,15,0
1999,SEYON,5,5,0
1999,SHAAN,6,6,0
1999,SHAE,5,5,0
1999,SHAHEER,7,7,0
1999,SHAMAR,18,18,0
1999,SHANE,122,122,0
1999,SHAUN,35,35,0
1999,SHAWN,109,109,0
1999,SHAYAN,14,14,0
1999,SHAYNE,28,28,0
1999,SHELDON,47,47,0
1999,SHEMAR,21,21,0
1999,SHIVAM,13,13,0
1999,SHMUEL,6,6,0
1999,SILAS,15,15,0
1999,SIMEON,8,8,0
1999,SIMON,135,135,0
1999,SOLOMON,9,9,0
1999,SPENCER,260,260,0
1999,STANLEY,16,16,0
1999,STAVROS,5,5,0
1999,STEFAN,63,63,0
1999,STEFANO,31,31,0
1999,STEPHANE,12,12,0
1999,KYLE,750,750,0
1999,KWABENA,6,6,0
1999,KUSH,5,5,0
1999,EMMANUEL,34,34,0
1999,EMMETT,8,8,0
1999,ENOCH,5,5,0
1999,ENRICO,5,5,0
1999,ENRIQUE,5,5,0
1999,ERIC,478,478,0
1999,ERICH,8,8,0
1999,ERICK,7,7,0
1999,ERIK,86,86,0
1999,ETHAN,447,447,0
1999,EMILIO,11,11,0
1999,ETHEN,5,5,0
1999,EVAN,379,379,0
1999,EVANGELOS,8,8,0
1999,EVERETT,13,13,0
1999,EWAN,16,16,0
1999,EWEN,6,6,0
1999,EZEKIEL,6,6,0
1999,EZRA,18,18,0
1999,FABIO,7,7,0
1999,FAHAD,9,9,0
1999,FAISAL,5,5,0
1999,EUGENE,9,9,0
1999,EMILE,5,5,0
1999,EMIL,5,5,0
1999,EMANUEL,14,14,0
1999,DUSTIN,76,76,0
1999,DUSTYN,6,6,0
1999,DWAYNE,8,8,0
1999,DYLAN,567,567,0
1999,DYLLAN,6,6,0
1999,DYLON,12,12,0
1999,EAMON,6,6,0
1999,EAMONN,5,5,0
1999,EARL,5,5,0
1999,EASTON,6,6,0
1999,EDDIE,6,6,0
1999,EDGAR,7,7,0
1999,EDMOND,7,7,0
1999,EDUARDO,10,10,0
1999,EDWARD,75,75,0
1999,EDWIN,18,18,0
1999,ELI,7,7,0
1999,ELIAS,23,23,0
1999,ELIJAH,109,109,0
1999,ELLIOT,15,15,0
1999,ELLIOTT,11,11,0
1999,ELLIS,5,5,0
1999,ELVIS,9,9,0
1999,FAIZAN,5,5,0
1999,FARAZ,5,5,0
1999,FARIS,7,7,0
1999,FELIPE,8,8,0
1999,GEOFFREY,18,18,0
1999,GEORGE,87,87,0
1999,GEORGES,5,5,0
1999,GERALD,13,13,0
1999,GERRIT,6,6,0
1999,GERRY,5,5,0
1999,GIAN,7,7,0
1999,GIANCARLO,10,10,0
1999,GIANFRANCO,5,5,0
1999,GIANLUCA,24,24,0
1999,GIANNI,7,7,0
1999,GIBSON,5,5,0
1999,GIDEON,8,8,0
1999,GILBERT,7,7,0
1999,GIORGIO,5,5,0
1999,GIOVANNI,27,27,0
1999,GIULIANO,8,8,0
1999,GIUSEPPE,17,17,0
1999,GLEN,7,7,0
1999,GLENN,8,8,0
1999,GORDON,25,25,0
1999,GRAEME,35,35,0
1999,GRAHAM,37,37,0
1999,GAVYN,5,5,0
1999,DUSAN,6,6,0
1999,GAVIN,118,118,0
1999,GARRETT,71,71,0
1999,FELIX,35,35,0
1999,FERNANDO,7,7,0
1999,FILIP,24,24,0
1999,FINN,6,6,0
1999,FLETCHER,7,7,0
1999,FOSTER,10,10,0
1999,FOX,5,5,0
1999,FRANCESCO,27,27,0
1999,FRANCIS,36,36,0
1999,FRANCISCO,6,6,0
1999,FRANCO,11,11,0
1999,FRANCOIS,5,5,0
1999,FRANK,25,25,0
1999,FRANKLIN,14,14,0
1999,FRASER,10,10,0
1999,FREDERIC,7,7,0
1999,FREDERICK,23,23,0
1999,GABRIEL,165,165,0
1999,GAGANDEEP,11,11,0
1999,GAGE,46,46,0
1999,GARETH,20,20,0
1999,GARETT,8,8,0
1999,GARRET,8,8,0
1999,GARY,19,19,0
1999,DUNCAN,51,51,0
1999,DRYDEN,11,11,0
1999,DRAVEN,9,9,0
1999,CULLEN,10,10,0
1999,CURTIS,167,167,0
1999,CYRUS,13,13,0
1999,DAKODA,6,6,0
1999,DAKOTAH,5,5,0
1999,DALE,12,12,0
1999,DALTON,86,86,0
1999,DAMIAN,63,63,0
1999,DAMIEN,37,37,0
1999,DAMION,11,11,0
1999,DAMON,32,32,0
1999,DAN,10,10,0
1999,D'ANDRE,11,11,0
1999,DANE,10,10,0
1999,DANIAL,6,6,0
1999,DANIEL,963,963,0
1999,DANIELE,10,10,0
1999,DANNY,38,38,0
1999,DANTE,97,97,0
1999,DANTÉ,5,5,0
1999,DANYAL,5,5,0
1999,DARCY,10,10,0
1999,DARIO,15,15,0
1999,CRISTOPHER,6,6,0
1999,DARIUS,17,17,0
1999,CRISTIANO,5,5,0
1999,CRAIG,43,43,0
1999,CLAY,11,11,0
1999,CLAYTON,56,56,0
1999,CLEMENT,7,7,0
1999,CODEY,5,5,0
1999,CODY,232,232,0
1999,COHEN,8,8,0
1999,COLBY,9,9,0
1999,COLE,317,317,0
1999,COLETON,6,6,0
1999,COLIN,198,198,0
1999,COLLIN,37,37,0
1999,COLTEN,6,6,0
1999,COLTON,89,89,0
1999,CONNER,45,45,0
1999,CONNOR,441,441,0
1999,CONOR,38,38,0
1999,CONRAD,22,22,0
1999,COOPER,51,51,0
1999,CORBIN,20,20,0
1999,CORDELL,5,5,0
1999,COREY,71,71,0
1999,CORNELIUS,10,10,0
1999,CORY,43,43,0
1999,CRISTIAN,22,22,0
1999,GRANT,63,63,0
1999,DARRELL,6,6,0
1999,DARRIN,6,6,0
1999,DEVIN,149,149,0
1999,DEVLIN,10,10,0
1999,DEVONTE,16,16,0
1999,DEXTER,13,13,0
1999,DHRUV,6,6,0
1999,DIEGO,29,29,0
1999,DILAN,7,7,0
1999,DILLAN,6,6,0
1999,DILLON,71,71,0
1999,DILPREET,6,6,0
1999,DIMITRI,11,11,0
1999,DIMITRIOS,9,9,0
1999,DION,8,8,0
1999,DOMENIC,27,27,0
1999,DOMENICO,12,12,0
1999,DOMINIC,55,55,0
1999,DOMINICK,7,7,0
1999,DOMINIK,19,19,0
1999,DONALD,36,36,0
1999,DONOVAN,32,32,0
1999,DORIAN,12,12,0
1999,DOUGLAS,48,48,0
1999,DRAKE,25,25,0
1999,DEVEN,20,20,0
1999,DARREN,59,59,0
1999,DEVANTE,10,10,0
1999,DESMOND,13,13,0
1999,DARRYL,7,7,0
1999,DARSHAN,5,5,0
1999,DARWIN,6,6,0
1999,DAVE,11,11,0
1999,DAVID,576,576,0
1999,DAVIN,5,5,0
1999,DAVIS,23,23,0
1999,DAWSON,207,207,0
1999,DAYLON,5,5,0
1999,DAYTON,6,6,0
1999,DEACON,5,5,0
1999,DEAN,36,36,0
1999,DEANDRE,7,7,0
1999,DECLAN,40,40,0
1999,DEEPAK,6,6,0
1999,DEMETRE,5,5,0
1999,DENIS,9,9,0
1999,DENNIS,41,41,0
1999,DENVER,14,14,0
1999,DENZEL,8,8,0
1999,DEREK,98,98,0
1999,DERICK,8,8,0
1999,DERRICK,25,25,0
1999,DEVAN,24,24,0
1999,GRAYDON,18,18,0
1999,GRAYSON,14,14,0
1999,GREG,5,5,0
1999,JOSIAH,51,51,0
1999,JOSUE,11,11,0
1999,JOVAN,8,8,0
1999,JUAN,12,12,0
1999,JUDAH,5,5,0
1999,JULIAN,118,118,0
1999,JULIANO,8,8,0
1999,JULIEN,26,26,0
1999,JULIO,6,6,0
1999,JUSTIN,722,722,0
1999,JUSTYN,8,8,0
1999,KADE,9,9,0
1999,KADEEM,5,5,0
1999,KADEN,12,12,0
1999,KADIN,5,5,0
1999,KAELAN,8,8,0
1999,KAIDEN,8,8,0
1999,KAIN,5,5,0
1999,KALE,9,9,0
1999,KALEB,29,29,0
1999,KALVIN,9,9,0
1999,KAMERON,12,12,0
1999,KAMIL,12,12,0
1999,JOSHUA,1151,1151,0
1999,KANE,6,6,0
1999,JOSEPH,605,605,0
1999,JORDON,22,22,0
1999,JEREMIE,8,8,0
1999,JEREMY,203,203,0
1999,JERMAINE,10,10,0
1999,JEROME,20,20,0
1999,JERRY,9,9,0
1999,JESSY,7,7,0
1999,JETT,6,6,0
1999,JEVON,12,12,0
1999,JIMMY,17,17,0
1999,JOE,14,14,0
1999,JOEL,131,131,0
1999,JOHAN,11,11,0
1999,JOHN,486,486,0
1999,JOHNATHAN,72,72,0
1999,JOHNATHON,34,34,0
1999,JOHNNY,25,25,0
1999,JOHNSON,17,17,0
1999,JON,6,6,0
1999,JONAH,75,75,0
1999,JONAS,22,22,0
1999,JONATHAN,440,440,0
1999,JONATHON,42,42,0
1999,JORDEN,16,16,0
1999,JOSE,15,15,0
1999,JEREMIAH,28,28,0
1999,KARAN,12,12,0
1999,KAREEM,12,12,0
1999,KHALID,30,30,0
1999,KHALIL,9,9,0
1999,KIAN,7,7,0
1999,KIEFER,5,5,0
1999,KIERAN,73,73,0
1999,KIRK,9,9,0
1999,KIRKLAND,8,8,0
1999,KISHAN,5,5,0
1999,KOBE,10,10,0
1999,KODY,32,32,0
1999,KOLE,9,9,0
1999,KOLTEN,5,5,0
1999,KONNOR,5,5,0
1999,KONRAD,14,14,0
1999,KONSTANTINOS,6,6,0
1999,KORBIN,5,5,0
1999,KRISHAN,5,5,0
1999,KRISHNA,7,7,0
1999,KRISTIAN,31,31,0
1999,KRISTOFER,5,5,0
1999,KRISTOPHER,35,35,0
1999,KURT,15,15,0
1999,KURTIS,74,74,0
1999,KHALEEL,5,5,0
1999,KARANVEER,5,5,0
1999,KHALED,5,5,0
1999,KEVON,5,5,0
1999,KARIM,8,8,0
1999,KARL,17,17,0
1999,KARSON,6,6,0
1999,KARTER,5,5,0
1999,KAYDEN,10,10,0
1999,KEAGAN,13,13,0
1999,KEATON,25,25,0
1999,KEEGAN,86,86,0
1999,KEELAN,9,9,0
1999,KEENAN,30,30,0
1999,KEITH,45,45,0
1999,KELLEN,5,5,0
1999,KELVIN,37,37,0
1999,KEN,10,10,0
1999,KENAN,5,5,0
1999,KENDRICK,6,6,0
1999,KENNETH,72,72,0
1999,KENNY,11,11,0
1999,KENT,10,10,0
1999,KENTON,5,5,0
1999,KEON,9,9,0
1999,KESHAWN,6,6,0
1999,KEVIN,397,397,0
1999,KEYSHAWN,6,6,0
1999,CLARK,9,9,0
1999,JELANI,5,5,0
1999,JEFFERY,21,21,0
1999,HASHIM,5,5,0
1999,HASSAN,29,29,0
1999,HAYDEN,134,134,0
1999,HEINRICH,7,7,0
1999,HENRY,61,61,0
1999,HOANG,7,7,0
1999,HOLDEN,12,12,0
1999,HOUSTON,5,5,0
1999,HOWARD,5,5,0
1999,HUDSON,15,15,0
1999,HUGH,17,17,0
1999,HUGO,13,13,0
1999,HUMZA,10,10,0
1999,HUSSEIN,22,22,0
1999,IAIN,13,13,0
1999,IAN,129,129,0
1999,IBRAHIM,50,50,0
1999,IMRAN,11,11,0
1999,ISAAC,140,140,0
1999,ISAAK,10,10,0
1999,ISAIAH,107,107,0
1999,ISHAAN,5,5,0
1999,ISHAN,5,5,0
1999,HASEEB,5,5,0
1999,ISHMAEL,5,5,0
1999,HASAN,10,10,0
1999,HARRY,16,16,0
1999,GREGORY,121,121,0
1999,GRIFFEN,5,5,0
1999,GRIFFIN,89,89,0
1999,GUILLAUME,8,8,0
1999,GURJOT,13,13,0
1999,GURKARAN,6,6,0
1999,GURMAN,5,5,0
1999,GURPREET,6,6,0
1999,GURVEER,5,5,0
1999,HADEN,5,5,0
1999,HADI,9,9,0
1999,HAIDER,7,7,0
1999,HAMID,5,5,0
1999,HAMZA,39,39,0
1999,HAMZAH,5,5,0
1999,HARIS,7,7,0
1999,HARJAS,5,5,0
1999,HARJOT,8,8,0
1999,HARLAN,5,5,0
1999,HARMAN,19,19,0
1999,HAROLD,5,5,0
1999,HARRIS,6,6,0
1999,HARRISON,71,71,0
1999,HARUN,6,6,0
1999,JEFFREY,132,132,0
1999,ISIAH,9,9,0
1999,ISRAEL,10,10,0
1999,JARETT,5,5,0
1999,JAROD,44,44,0
1999,JARRED,10,10,0
1999,JARRETT,27,27,0
1999,JARROD,12,12,0
1999,JASDEEP,15,15,0
1999,JASHAN,5,5,0
1999,JASKARAN,17,17,0
1999,JASON,330,330,0
1999,JASPER,14,14,0
1999,JASRAJ,6,6,0
1999,JAVIER,7,7,0
1999,JAVON,9,9,0
1999,JAWAD,7,7,0
1999,JAXON,8,8,0
1999,JAY,18,18,0
1999,JAYDON,15,15,0
1999,JAYLEN,10,10,0
1999,JAYSON,18,18,0
1999,JED,7,7,0
1999,JEEVAN,8,8,0
1999,JEFF,9,9,0
1999,JEFFERSON,8,8,0
1999,JARED,208,208,0
1999,ISMAIL,8,8,0
1999,JAN,12,12,0
1999,JAMESON,10,10,0
1999,IVAN,24,24,0
1999,JACE,10,10,0
1999,JACK,332,332,0
1999,JACKIE,13,13,0
1999,JACKSON,166,166,0
1999,JACKY,20,20,0
1999,JACOB,1270,1270,0
1999,JACQUES,9,9,0
1999,JADON,9,9,0
1999,JAEDEN,7,7,0
1999,JAEDON,5,5,0
1999,JAGGER,7,7,0
1999,JAHMAR,5,5,0
1999,JAI,7,7,0
1999,JAKE,164,164,0
1999,JAKOB,75,75,0
1999,JAKUB,11,11,0
1999,JALAL,5,5,0
1999,JALEN,16,16,0
1999,JAMAL,22,22,0
1999,JAMAR,6,6,0
1999,JAMEEL,7,7,0
1999,JAMES,561,561,0
1999,JAMIESON,8,8,0
1999,KAREN,38,0,38
1999,ALLIE,6,0,6
1999,KARINA,27,0,27
1999,SALMA,19,0,19
1999,SALLY,11,0,11
1999,SALINA,6,0,6
1999,SALENA,6,0,6
1999,SAIGE,7,0,7
1999,SAHRA,10,0,10
1999,SAHAR,8,0,8
1999,SAGE,12,6,6
1999,SAFIA,8,0,8
1999,SAFA,6,0,6
1999,SADIE,34,0,34
1999,SADIA,6,0,6
1999,SADAF,6,0,6
1999,SABRINA,246,0,246
1999,SABINA,7,0,7
1999,SABA,8,0,8
1999,RYLIE,10,0,10
1999,ROSA,9,0,9
1999,ROSALIE,9,0,9
1999,ROSANNA,8,0,8
1999,ROSE,36,0,36
1999,ROSEMARY,17,0,17
1999,ROWAN,33,16,17
1999,SAMANTHA,687,0,687
1999,ROXANNE,12,0,12
1999,RUTH,23,0,23
1999,RYAN,1067,1057,10
1999,RYANN,6,0,6
1999,RYLEE,27,5,22
1999,RYLEIGH,10,0,10
1999,RYLEY,24,16,8
1999,RUBY,22,0,22
1999,SAMARA,13,0,13
1999,SAMIRA,16,0,16
1999,SANA,20,0,20
1999,SHAE-LYNN,12,0,12
1999,SHAELYN,22,0,22
1999,SHAILYN,6,0,6
1999,SHAINA,14,0,14
1999,SHANELLE,13,0,13
1999,SHANIA,44,0,44
1999,SERINA,9,0,9
1999,SHANICE,25,0,25
1999,SHANNON,172,5,167
1999,SHANTEL,12,0,12
1999,SHARON,31,0,31
1999,SHAUNA,16,0,16
1999,SHAWNA,22,0,22
1999,SHAYLA,38,0,38
1999,SHANNA,8,0,8
1999,ROISIN,7,0,7
1999,SERENITY,6,0,6
1999,SERA,6,0,6
1999,SANDRA,39,0,39
1999,SANDY,11,0,11
1999,SANTANA,7,0,7
1999,SARA,274,0,274
1999,SARAH,1071,0,1071
1999,SARINA,15,0,15
1999,SERENA,82,0,82
1999,SASHA,25,5,20
1999,SAVANAH,7,0,7
1999,SAVANNA,22,0,22
1999,SAVANNAH,87,0,87
1999,SCARLETT,8,0,8
1999,SELENA,95,0,95
1999,SELINA,39,0,39
1999,SAVANA,6,0,6
1999,SHAYLIN,7,0,7
1999,ROCHELLE,28,0,28
1999,ROBIN,49,17,32
1999,QUINN,132,112,20
1999,PUNEET,8,0,8
1999,PRIYANKA,7,0,7
1999,PRIYA,21,0,21
1999,PRISCILLA,12,0,12
1999,POOJA,8,0,8
1999,PIPER,9,0,9
1999,PHOEBE,20,0,20
1999,PEYTON,26,8,18
1999,PETRA,8,0,8
1999,PERI,7,0,7
1999,PEARL,9,0,9
1999,PAYTON,36,9,27
1999,PAULINE,14,0,14
1999,PAULINA,22,0,22
1999,PAULA,21,0,21
1999,PATRICIA,66,0,66
1999,NIKOLINA,6,0,6
1999,NINA,34,0,34
1999,NISHA,7,0,7
1999,NOELLE,14,0,14
1999,NOOR,21,0,21
1999,NORA,16,0,16
1999,RACHAEL,67,0,67
1999,NOUR,10,0,10
1999,OLIVIA,496,0,496
1999,PAIGE,213,0,213
1999,PAISLEY,7,0,7
1999,PAMELA,17,0,17
1999,PARIS,8,0,8
1999,PASCALE,8,0,8
1999,OCEAN,17,0,17
1999,RACHEL,549,0,549
1999,RACHELLE,23,0,23
1999,RANA,7,0,7
1999,RENATA,11,0,11
1999,RENEE,60,0,60
1999,RENÉE,7,0,7
1999,RHEA,17,0,17
1999,RHEANNA,7,0,7
1999,RHIANNON,24,0,24
1999,REILLY,29,20,9
1999,RICHELLE,6,0,6
1999,RILEIGH,8,0,8
1999,RILEY,328,241,87
1999,RITA,10,0,10
1999,RIVKA,7,0,7
1999,RIYA,9,0,9
1999,ROBERTA,10,0,10
1999,RIDA,10,0,10
1999,ROBYN,69,0,69
1999,REGAN,14,0,14
1999,REEM,12,0,12
1999,RANDI,9,0,9
1999,RAQUEL,22,0,22
1999,RAVEENA,8,0,8
1999,RAVEN,47,12,35
1999,RAVNEET,6,0,6
1999,RAYAN,14,8,6
1999,REESE,29,19,10
1999,RAYNA,6,0,6
1999,REAGAN,10,0,10
1999,REANNA,7,0,7
1999,REBECCA,372,0,372
1999,REBEKAH,39,0,39
1999,REBEKKA,6,0,6
1999,REECE,26,20,6
1999,RAYNE,8,0,8
1999,SHAYLYNN,6,0,6
1999,SHAYNA,30,0,30
1999,SHEENA,8,0,8
1999,TYLER,877,862,15
1999,TYANNA,11,0,11
1999,TRISTAN,229,214,15
1999,TRISHA,17,0,17
1999,TRINITY,30,0,30
1999,TRICIA,9,0,9
1999,TRACY,14,0,14
1999,TRACEY,8,0,8
1999,TORI,20,0,20
1999,TONYA,6,0,6
1999,TONI,8,0,8
1999,TINA,35,0,35
1999,TIFFANY,122,0,122
1999,TIFFANIE,6,0,6
1999,TIARA,13,0,13
1999,TIANNA,47,0,47
1999,TIANA,46,0,46
1999,TAYLER,23,5,18
1999,TAYLOR,722,102,620
1999,TEAGAN,32,5,27
1999,TEANNA,6,0,6
1999,TEGAN,10,0,10
1999,TERESA,32,0,32
1999,TYRA,27,0,27
1999,TERRA,9,0,9
1999,TESSA,45,0,45
1999,THALIA,15,0,15
1999,THEA,9,0,9
1999,THERESA,23,0,23
1999,THI,7,0,7
1999,TIA,43,0,43
1999,TESS,22,0,22
1999,UNA,8,0,8
1999,VALENTINA,11,0,11
1999,VALERIA,11,0,11
1999,WINTER,6,0,6
1999,YASMEEN,15,0,15
1999,YASMIN,32,0,32
1999,YASMINE,26,0,26
1999,ZAHRA,26,0,26
1999,ZAINAB,19,0,19
1999,WINNIE,17,0,17
1999,ZARA,10,0,10
1999,ZEINA,6,0,6
1999,ZEINAB,8,0,8
1999,ZOE,145,0,145
1999,ZOEY,14,0,14
1999,ZOHA,7,0,7
1999,KARI,10,0,10
1999,ZAYNAB,6,0,6
1999,TAYA,22,0,22
1999,WILLOW,19,0,19
1999,WENDY,9,0,9
1999,VALERIE,52,0,52
1999,VANESSA,293,0,293
1999,VENESSA,7,0,7
1999,VERA,6,0,6
1999,VERONICA,94,0,94
1999,VERONIKA,10,0,10
1999,WHITNEY,16,0,16
1999,VERONIQUE,12,0,12
1999,VICTORIA,680,0,680
1999,VIKTORIA,6,0,6
1999,VIRGINIA,16,0,16
1999,VITTORIA,7,0,7
1999,VIVIAN,45,0,45
1999,VIVIEN,6,0,6
1999,VICKY,6,0,6
1999,TATYANNA,6,0,6
1999,TATYANA,21,0,21
1999,TATUM,13,0,13
1999,SKY,7,0,7
1999,SKYE,27,0,27
1999,SKYLA,9,0,9
1999,SKYLAR,64,15,49
1999,SKYLER,51,26,25
1999,SOFIA,60,0,60
1999,SIOBHAN,14,0,14
1999,SOFIE,6,0,6
1999,SONIA,32,0,32
1999,SONJA,11,0,11
1999,SONYA,12,0,12
1999,SOPHIA,169,0,169
1999,SOPHIE,137,0,137
1999,STACEY,26,0,26
1999,SOMMER,7,0,7
1999,STACY,6,0,6
1999,SIMRAN,55,0,55
1999,SIMONA,13,0,13
1999,SHELBY,115,0,115
1999,SHELLEY,8,0,8
1999,SHERIDAN,9,0,9
1999,SHERRY,10,0,10
1999,SHIANNE,13,0,13
1999,SHIRA,12,0,12
1999,SIMONE,30,5,25
1999,SHIRLEY,13,0,13
1999,SHYANN,9,0,9
1999,SHYANNE,19,0,19
1999,SHYLA,6,0,6
1999,SIDNEY,26,0,26
1999,SIENNA,16,0,16
1999,SIERRA,165,0,165
1999,SHIVANI,11,0,11
1999,NIKOLE,8,0,8
1999,STEFANI,6,0,6
1999,STEFANIE,31,0,31
1999,TAMARA,63,0,63
1999,TAMERA,9,0,9
1999,TAMIA,10,0,10
1999,TAMMY,8,0,8
1999,TANIA,18,0,18
1999,TANISHA,19,0,19
1999,TALIA,40,0,40
1999,TANYA,33,0,33
1999,TARYN,24,0,24
1999,TASHA,10,0,10
1999,TASNEEM,7,0,7
1999,TASNIM,7,0,7
1999,TATIANA,35,0,35
1999,TATIANNA,7,0,7
1999,TARA,61,0,61
1999,STEFANIA,10,0,10
1999,TALA,10,0,10
1999,TABATHA,7,0,7
1999,STELLA,10,0,10
1999,STEPHANIE,323,0,323
1999,SUMAYA,11,0,11
1999,SUMMER,70,0,70
1999,SUSAN,22,0,22
1999,SUSANA,6,0,6
1999,TABITHA,23,0,23
1999,SUSANNA,11,0,11
1999,SUSIE,6,0,6
1999,SUZANNE,11,0,11
1999,SYDNEE,10,0,10
1999,SYDNEY,425,7,418
1999,SYDNIE,10,0,10
1999,SYLVIA,16,0,16
1999,SUSANNAH,7,0,7
1999,NIKKI,18,0,18
1999,YVONNE,9,0,9
1999,NIKI,7,0,7
1999,LAURA,296,0,296
1999,LATAVIA,8,0,8
1999,LARYSSA,6,0,6
1999,LARISSA,39,0,39
1999,LARA,29,0,29
1999,LANA,13,0,13
1999,LAILA,7,0,7
1999,LACEY,8,0,8
1999,KYRA,72,0,72
1999,KYLIE,71,0,71
1999,KYLEE,10,0,10
1999,KYLA,69,0,69
1999,KYARA,7,0,7
1999,KRYSTAL,22,0,22
1999,KRISTYN,9,0,9
1999,KRISTY,19,0,19
1999,KRISTINE,24,0,24
1999,KIM,14,0,14
1999,KIMBERLEY,22,0,22
1999,KIMBERLY,72,0,72
1999,KIRA,46,0,46
1999,KIRAN,11,5,6
1999,KIRANDEEP,9,0,9
1999,LAUREL,10,0,10
1999,KIRSTEN,76,0,76
1999,KLAUDIA,6,0,6
1999,KOMAL,12,0,12
1999,KRISTA,49,0,49
1999,KRISTEN,136,0,136
1999,KRISTIN,27,0,27
1999,KRISTINA,51,0,51
1999,KIRSTIN,8,0,8
1999,LAUREN,445,0,445
1999,LAURYN,59,0,59
1999,LAYLA,9,0,9
1999,LILIANA,6,0,6
1999,LILLIAN,44,0,44
1999,LILLY,7,0,7
1999,LILY,62,0,62
1999,LINA,14,0,14
1999,LINDA,34,0,34
1999,LILIAN,12,0,12
1999,LINDSAY,117,0,117
1999,LISA,96,0,96
1999,LIZA,6,0,6
1999,LOGAN,250,216,34
1999,LOREN,7,0,7
1999,LORENA,8,0,8
1999,LOUISA,6,0,6
1999,LINDSEY,38,0,38
1999,KILEY,7,0,7
1999,LIANNE,6,0,6
1999,LIANA,15,0,15
1999,LEA,14,0,14
1999,LEAH,161,0,161
1999,LEANNA,15,0,15
1999,LEANNE,33,0,33
1999,LEIGH,9,0,9
1999,LEILA,17,0,17
1999,LIANNA,7,0,7
1999,LENA,14,0,14
1999,LEXI,16,0,16
1999,LEXIE,7,0,7
1999,LEXIS,6,0,6
1999,LEXUS,12,0,12
1999,LEYLA,6,0,6
1999,LIA,13,0,13
1999,LESLIE,19,0,19
1999,LOUISE,8,0,8
1999,KIERSTEN,22,0,22
1999,KIERA,34,0,34
1999,KATLYN,14,0,14
1999,KATIE,93,0,93
1999,KATIA,14,0,14
1999,KATHY,10,0,10
1999,KATHRYN,107,0,107
1999,KATHLEEN,109,0,109
1999,KATHERINE,223,0,223
1999,KATHARINE,14,0,14
1999,KATHARINA,6,0,6
1999,KATERINA,21,0,21
1999,KATELYNN,14,0,14
1999,KATELYN,133,0,133
1999,KATELIN,11,0,11
1999,KATE,69,0,69
1999,KATARINA,34,0,34
1999,KASSIDY,37,0,37
1999,KASSANDRA,57,0,57
1999,KARINE,7,0,7
1999,NIKITA,31,0,31
1999,KARISHMA,7,0,7
1999,KARISSA,28,0,28
1999,KARLA,9,0,9
1999,KARLEE,21,0,21
1999,KATRINA,116,0,116
1999,KARLEIGH,7,0,7
1999,KARLIE,17,0,17
1999,KARLY,24,0,24
1999,KAROLINA,15,0,15
1999,KASANDRA,9,0,9
1999,KASEY,12,0,12
1999,KASIA,9,0,9
1999,KARLI,8,0,8
1999,KATRYNA,7,0,7
1999,KATYA,10,0,10
1999,KAYA,7,0,7
1999,KELSIE,12,0,12
1999,KENDALL,22,5,17
1999,KENDRA,111,0,111
1999,KENNEDI,6,0,6
1999,KENNEDY,89,7,82
1999,KENYA,6,0,6
1999,KELSEY,117,0,117
1999,KENZIE,15,0,15
1999,KERISSA,6,0,6
1999,KEYANA,6,0,6
1999,KHADIJA,17,0,17
1999,KIANA,47,0,47
1999,KIANNA,17,0,17
1999,KIARA,117,0,117
1999,KERI,6,0,6
1999,KIERRA,14,0,14
1999,KELLY,93,7,86
1999,KEISHA,19,0,19
1999,KAYLA,358,0,358
1999,KAYLEA,7,0,7
1999,KAYLEE,63,0,63
1999,KAYLEIGH,24,0,24
1999,KAYLEY,19,0,19
1999,KAYLIE,11,0,11
1999,KELLI,6,0,6
1999,KAYLIN,26,0,26
1999,KEANA,6,0,6
1999,KEANNA,18,0,18
1999,KEARA,15,0,15
1999,KEELEY,9,0,9
1999,KEELY,18,0,18
1999,KEIRA,26,0,26
1999,KAYLYN,14,0,14
1999,LUCIA,13,0,13
1999,KARLEY,10,0,10
1999,LYDIA,58,0,58
1999,MOLLY,73,0,73
1999,MIRIAM,24,0,24
1999,MIRANDA,98,0,98
1999,MIRA,16,0,16
1999,MINA,10,0,10
1999,MILENA,13,0,13
1999,MILA,12,0,12
1999,MIKAYLA,152,0,152
1999,MIKAILA,6,0,6
1999,MIKAELA,45,0,45
1999,MIKA,7,0,7
1999,MICKAYLA,7,0,7
1999,MICHELLE,282,0,282
1999,MICHELE,9,0,9
1999,MICHELA,19,0,19
1999,MICHAELLA,7,0,7
1999,MICHAELA,123,0,123
1999,MEGHAN,175,0,175
1999,MEI,7,0,7
1999,MELANIE,141,0,141
1999,MELINA,22,0,22
1999,MELINDA,12,0,12
1999,MELISSA,299,0,299
1999,MONA,13,0,13
1999,MELODIE,9,0,9
1999,MERCEDES,42,0,42
1999,MEREDITH,20,0,20
1999,MERISSA,7,0,7
1999,MIA,45,0,45
1999,MICAELA,14,0,14
1999,MICAH,28,18,10
1999,MELODY,23,0,23
1999,MONICA,67,0,67
1999,MONIKA,19,0,19
1999,MONIQUE,43,0,43
1999,NATASHA,181,0,181
1999,NATHALIE,24,0,24
1999,NAVNEET,8,0,8
1999,NAWAL,7,0,7
1999,NEHA,25,0,25
1999,NEVE,7,0,7
1999,NATALIE,271,0,271
1999,NIA,9,0,9
1999,NICOLLE,6,0,6
1999,NICOLA,21,0,21
1999,NICOLE,591,0,591
1999,NICOLETTE,14,0,14
1999,NIDHI,6,0,6
1999,LUCY,36,0,36
1999,NIAMH,6,0,6
1999,MEGAN,625,0,625
1999,NATALIA,40,0,40
1999,NANCY,32,0,32
1999,MONTANA,22,5,17
1999,MORGAN,245,36,209
1999,MORIAH,6,0,6
1999,MUNA,15,0,15
1999,MYA,50,0,50
1999,MYAH,11,0,11
1999,NAOMI,79,0,79
1999,MYKAYLA,9,0,9
1999,MYRIAM,10,0,10
1999,NADA,8,0,8
1999,NADIA,66,0,66
1999,NADINE,16,0,16
1999,NAJMA,6,0,6
1999,NANA,6,0,6
1999,MYRANDA,7,0,7
1999,MEG,8,0,8
1999,NICKY,6,0,6
1999,MEAGAN,67,0,67
1999,MAEVE,16,0,16
1999,MAGDALENA,15,0,15
1999,MAGGIE,50,0,50
1999,MAHA,13,0,13
1999,MAHNOOR,7,0,7
1999,MAIA,30,0,30
1999,MAEGAN,13,0,13
1999,MAISIE,6,0,6
1999,MAKAYLA,88,0,88
1999,MAKENNA,44,0,44
1999,MAKENZIE,12,0,12
1999,MALAK,6,0,6
1999,MALIKA,6,0,6
1999,MALLORY,34,0,34
1999,MAJA,6,0,6
1999,MANDY,17,0,17
1999,MADYSON,8,0,8
1999,MADISON,604,8,596
1999,MEAGHAN,64,0,64
1999,LYNDSEY,9,0,9
1999,LYNN,11,0,11
1999,MABEL,7,0,7
1999,MACKENNA,16,0,16
1999,MACKENZIE,557,155,402
1999,MADISYN,8,0,8
1999,MACY,6,0,6
1999,MADDISON,40,0,40
1999,MADELAINE,20,0,20
1999,MADELEINE,94,0,94
1999,MADELINE,151,0,151
1999,MADELYN,36,0,36
1999,MADISEN,7,0,7
1999,MADALYN,6,0,6
1999,MANJOT,16,8,8
1999,MACKAYLA,9,0,9
1999,MANON,7,0,7
1999,MARTHA,24,0,24
1999,MARTINA,34,0,34
1999,MARTINE,7,0,7
1999,MARWA,9,0,9
1999,MARY,135,0,135
1999,MARYAM,33,0,33
1999,MARTA,9,0,9
1999,MARYAN,6,0,6
1999,MAXINE,14,0,14
1999,MAYA,112,0,112
1999,MCKAYLA,22,0,22
1999,MCKENNA,40,0,40
1999,MANMEET,6,0,6
1999,MCKENZIE,26,0,26
1999,MARYANN,9,0,9
1999,MARLEY,22,0,22
1999,LYNDSAY,11,0,11
1999,MARLEE,7,0,7
1999,MARLENA,7,0,7
1999,MARA,13,0,13
1999,MARGARET,73,0,73
1999,MARIA,141,0,141
1999,MARIAH,99,0,99
1999,MARIAM,34,0,34
1999,MARIAN,8,0,8
1999,MANPREET,19,8,11
1999,MARIANNE,11,0,11
1999,MARISA,31,0,31
1999,MARIE,148,0,148
1999,MARILYN,9,0,9
1999,MARISSA,134,0,134
1999,MARINA,41,0,41
1999,MARIANA,6,0,6
2000,EDMOND,6,6,0
2000,EDMUND,8,8,0
2000,EDUARDO,9,9,0
2000,EDWARD,89,89,0
2000,EDWIN,28,28,0
2000,ELIAS,31,31,0
2000,ELI,20,20,0
2000,ELIJAH,100,100,0
2000,ELLIOT,14,14,0
2000,ELLIOTT,18,18,0
2000,ELVIS,5,5,0
2000,EITAN,7,7,0
2000,EDDY,5,5,0
2000,DYLAN,535,535,0
2000,DYLLAN,5,5,0
2000,DON,5,5,0
2000,DOMINIK,22,22,0
2000,DONALD,34,34,0
2000,DONAVAN,5,5,0
2000,DONNELL,5,5,0
2000,DONOVAN,24,24,0
2000,EASTON,7,7,0
2000,DONTAE,5,5,0
2000,DOUGLAS,40,40,0
2000,DRAKE,39,39,0
2000,EMANUEL,8,8,0
2000,DUSTIN,77,77,0
2000,DUSTYN,5,5,0
2000,DWIGHT,6,6,0
2000,DORIAN,14,14,0
2000,DUNCAN,51,51,0
2000,ENRICO,10,10,0
2000,EMILE,8,8,0
2000,FINLEY,5,5,0
2000,FINLAY,6,6,0
2000,DOMINICK,10,10,0
2000,FINN,13,13,0
2000,FILIPE,13,13,0
2000,FILIP,21,21,0
2000,FERNANDO,8,8,0
2000,FELIX,26,26,0
2000,FARHAN,6,6,0
2000,FAISAL,7,7,0
2000,FAHIM,5,5,0
2000,FABIO,5,5,0
2000,FABIAN,7,7,0
2000,EZRA,16,16,0
2000,EZEKIEL,14,14,0
2000,EWAN,13,13,0
2000,EVERETT,12,12,0
2000,EMILIO,10,10,0
2000,EMMANUEL,29,29,0
2000,EMMET,5,5,0
2000,EMMETT,15,15,0
2000,ENOCH,12,12,0
2000,ENRIQUE,12,12,0
2000,EMERSON,10,10,0
2000,EPHRAIM,5,5,0
2000,ERICK,13,13,0
2000,ERIK,81,81,0
2000,ERNEST,7,7,0
2000,ETHAN,704,704,0
2000,ETIENNE,7,7,0
2000,EVAN,367,367,0
2000,ERIC,426,426,0
2000,EUGENE,11,11,0
2000,DAVID,548,548,0
2000,DOMENICO,15,15,0
2000,DARREN,62,62,0
2000,DARNELL,6,6,0
2000,DARIUS,28,28,0
2000,DARIO,14,14,0
2000,DARIEN,12,12,0
2000,DANTE,82,82,0
2000,DANNY,33,33,0
2000,DANIELE,9,9,0
2000,DANIEL,829,829,0
2000,DANIAL,9,9,0
2000,DANE,17,17,0
2000,D'ANDRE,7,7,0
2000,DAN,8,8,0
2000,DAMON,33,33,0
2000,DARRIEN,7,7,0
2000,DAMION,9,9,0
2000,DAMIAN,45,45,0
2000,DALTON,72,72,0
2000,DALE,15,15,0
2000,DAHIR,5,5,0
2000,DAEMON,5,5,0
2000,CYRUS,15,15,0
2000,CURTIS,182,182,0
2000,CULLEN,11,11,0
2000,CRISTIAN,22,22,0
2000,CRAIG,35,35,0
2000,CORY,53,53,0
2000,CORRADO,6,6,0
2000,CORNELIUS,11,11,0
2000,COREY,39,39,0
2000,DAMIEN,34,34,0
2000,DARRYL,10,10,0
2000,DARYL,7,7,0
2000,DAVE,8,8,0
2000,DOMENIC,20,20,0
2000,DION,7,7,0
2000,DIMITRIOS,10,10,0
2000,DIMITRI,23,23,0
2000,DILLON,45,45,0
2000,DILLAN,5,5,0
2000,DIEGO,26,26,0
2000,DEXTER,12,12,0
2000,DEVONTE,13,13,0
2000,DEVIN,122,122,0
2000,DEVEN,12,12,0
2000,DEVAN,17,17,0
2000,DESTIN,6,6,0
2000,DESMOND,17,17,0
2000,DESHAWN,9,9,0
2000,DERRICK,11,11,0
2000,DERIAN,9,9,0
2000,DAVIDE,7,7,0
2000,DAVIN,11,11,0
2000,DAVIS,21,21,0
2000,DAWSON,148,148,0
2000,DAYTON,10,10,0
2000,DEAN,41,41,0
2000,DOMINIC,51,51,0
2000,DEANDRE,7,7,0
2000,DEEP,6,6,0
2000,DENIS,12,12,0
2000,DENNIS,36,36,0
2000,DENVER,16,16,0
2000,DENZEL,19,19,0
2000,DEREK,104,104,0
2000,DECLAN,30,30,0
2000,FLETCHER,6,6,0
2000,HASHIM,6,6,0
2000,FRANCESCO,41,41,0
2000,IVAN,44,44,0
2000,ISSAC,9,9,0
2000,ISRAEL,8,8,0
2000,ISMAIL,11,11,0
2000,ISMAEL,6,6,0
2000,ISIAH,11,11,0
2000,ISHMAEL,5,5,0
2000,ISHAN,9,9,0
2000,ISAIAH,112,112,0
2000,ISAAK,11,11,0
2000,ISAAC,193,193,0
2000,INDERPREET,5,5,0
2000,IMRAN,11,11,0
2000,IMMANUEL,6,6,0
2000,JACE,7,7,0
2000,ILYAS,5,5,0
2000,IBRAHIM,55,55,0
2000,IAN,160,160,0
2000,IAIN,14,14,0
2000,HUY,5,5,0
2000,HUSSEIN,21,21,0
2000,HUMZA,7,7,0
2000,HUGO,9,9,0
2000,HUGH,13,13,0
2000,HUDSON,21,21,0
2000,HOWARD,11,11,0
2000,HORACE,6,6,0
2000,HOLDEN,19,19,0
2000,HOANG,6,6,0
2000,HENRY,81,81,0
2000,ILIJA,5,5,0
2000,JACK,339,339,0
2000,JACKSON,159,159,0
2000,JACKY,19,19,0
2000,JASKARN,7,7,0
2000,JASKARAN,18,18,0
2000,CORDELL,5,5,0
2000,JASHAN,6,6,0
2000,JASDEEP,10,10,0
2000,JARROD,13,13,0
2000,JARRETT,26,26,0
2000,JARRET,8,8,0
2000,JARRED,10,10,0
2000,JARON,7,7,0
2000,JAROD,29,29,0
2000,JAREN,8,8,0
2000,JARED,191,191,0
2000,JAN,8,8,0
2000,JAMIESON,5,5,0
2000,JAMES,493,493,0
2000,JAMAR,5,5,0
2000,JACOB,1091,1091,0
2000,JACQUES,10,10,0
2000,JAD,7,7,0
2000,JADON,12,12,0
2000,JAEDEN,11,11,0
2000,JAEDYN,5,5,0
2000,HAYDN,11,11,0
2000,JAGGER,5,5,0
2000,JAKE,172,172,0
2000,JAKEB,6,6,0
2000,JAKOB,131,131,0
2000,JAKUB,9,9,0
2000,JALEN,44,44,0
2000,JAMAL,15,15,0
2000,JAI,7,7,0
2000,FOSTER,5,5,0
2000,HAYDEN,107,107,0
2000,HASAN,17,17,0
2000,GIDEON,5,5,0
2000,GIANLUCA,24,24,0
2000,GIANFRANCO,8,8,0
2000,GIANCARLO,9,9,0
2000,GERRIT,8,8,0
2000,GERALD,16,16,0
2000,GEORGES,5,5,0
2000,GEORGE,77,77,0
2000,GEOFFREY,23,23,0
2000,GAVYN,6,6,0
2000,GAVIN,124,124,0
2000,GAURAV,5,5,0
2000,GARY,21,21,0
2000,GARRETT,63,63,0
2000,GIORGIO,5,5,0
2000,GARRET,17,17,0
2000,GARETH,17,17,0
2000,GALEN,7,7,0
2000,GAGE,41,41,0
2000,GABRIEL,201,201,0
2000,FREDERICK,20,20,0
2000,FREDERIC,8,8,0
2000,FREDDY,5,5,0
2000,FRASER,6,6,0
2000,FRANKLIN,5,5,0
2000,FRANK,29,29,0
2000,FRANCOIS,9,9,0
2000,FRANCO,11,11,0
2000,FRANCISCO,11,11,0
2000,FRANCIS,25,25,0
2000,GARNET,7,7,0
2000,GIOVANNI,21,21,0
2000,GIULIANO,11,11,0
2000,GIUSEPPE,17,17,0
2000,HARVIR,5,5,0
2000,HARRY,7,7,0
2000,HARRISON,78,78,0
2000,HARISH,5,5,0
2000,HARIS,6,6,0
2000,HAMZAH,14,14,0
2000,HAMZA,34,34,0
2000,HAIDER,5,5,0
2000,HAIDEN,6,6,0
2000,HADI,9,9,0
2000,GURVIR,12,12,0
2000,GURVEER,6,6,0
2000,GURSHAN,5,5,0
2000,GURPREET,5,5,0
2000,GURMAN,8,8,0
2000,GURKIRAT,5,5,0
2000,GURKARAN,9,9,0
2000,GLEN,9,9,0
2000,GLENN,11,11,0
2000,GORDON,32,32,0
2000,GRADY,5,5,0
2000,GRAEME,31,31,0
2000,GRAHAM,44,44,0
2000,HASSAN,50,50,0
2000,GRANT,43,43,0
2000,GRAYDON,10,10,0
2000,GRAYSON,6,6,0
2000,GREGORY,107,107,0
2000,GRIFFEN,5,5,0
2000,GRIFFIN,64,64,0
2000,GUILLAUME,8,8,0
2000,GRAYDEN,10,10,0
2000,CORBIN,16,16,0
2000,ARON,5,5,0
2000,CONRAD,22,22,0
2000,ALVIN,21,21,0
2000,ALLEN,28,28,0
2000,ALLAN,28,28,0
2000,ALI,113,113,0
2000,ALFREDO,6,6,0
2000,ALFRED,8,8,0
2000,ALEXZANDER,5,5,0
2000,ALEXANDRE,103,103,0
2000,ALEXANDER,805,805,0
2000,ALESSIO,5,5,0
2000,ALESSANDRO,35,35,0
2000,ALEKSANDER,10,10,0
2000,ALEKSANDAR,18,18,0
2000,ALEKSA,8,8,0
2000,ALYKHAN,5,5,0
2000,ALEJANDRO,13,13,0
2000,ALBERTO,8,8,0
2000,ALBERT,23,23,0
2000,ALAN,47,47,0
2000,ALAIN,8,8,0
2000,AKSHAY,6,6,0
2000,AKASH,12,12,0
2000,AJAY,20,20,0
2000,AIDEN,109,109,0
2000,AHSAN,10,10,0
2000,AHMED,67,67,0
2000,AHMAD,33,33,0
2000,AEDAN,6,6,0
2000,ADRIEN,6,6,0
2000,ADRIANO,16,16,0
2000,ALEC,40,40,0
2000,AMAN,13,13,0
2000,AMAR,11,11,0
2000,AMEER,5,5,0
2000,ARMANDO,6,6,0
2000,ARMAN,17,17,0
2000,ARMAAN,12,12,0
2000,ARJUN,26,26,0
2000,AREEB,6,6,0
2000,ANWAR,7,7,0
2000,ANUJ,7,7,0
2000,ANTONY,5,5,0
2000,ANTONIO,75,75,0
2000,ANTON,18,18,0
2000,ANTOINE,8,8,0
2000,ANTHONY,437,437,0
2000,ANSON,18,18,0
2000,ANIL,5,5,0
2000,ANGUS,34,34,0
2000,ANGELO,27,27,0
2000,ANDY,63,63,0
2000,AMIN,6,6,0
2000,AMIR,24,24,0
2000,AMIT,8,8,0
2000,AMMAR,16,16,0
2000,AMOS,6,6,0
2000,AMRIT,17,17,0
2000,ADRIAN,126,126,0
2000,ANAND,6,6,0
2000,ANDERSON,5,5,0
2000,ANDRE,64,64,0
2000,ANDREAS,15,15,0
2000,ANDREI,10,10,0
2000,ANDRES,14,14,0
2000,ANDREW,806,806,0
2000,ANAS,13,13,0
2000,ARNOLD,7,7,0
2000,ADNAN,13,13,0
2000,ADEN,15,15,0
2000,WINTER,6,0,6
2000,WINNIE,12,0,12
2000,WING,7,0,7
2000,WILLOW,16,0,16
2000,WHITNEY,13,0,13
2000,WENDY,12,0,12
2000,VIVIENNE,6,0,6
2000,VIVIEN,9,0,9
2000,VIVIAN,44,0,44
2000,VITTORIA,7,0,7
2000,VIRGINIA,23,0,23
2000,VIOLET,12,0,12
2000,VICTORIA,597,0,597
2000,VICKY,20,0,20
2000,YASMEEN,17,0,17
2000,VERONIQUE,7,0,7
2000,VERONICA,84,0,84
2000,VANESSA,300,0,300
2000,VALÉRIE,8,0,8
2000,VALERIE,54,0,54
2000,VALERIA,6,0,6
2000,VALENTINA,8,0,8
2000,TYRA,17,0,17
2000,TYLER,793,785,8
2000,TYLA,6,0,6
2000,TYANNA,6,0,6
2000,TRISTAN,256,248,8
2000,TRISHA,18,0,18
2000,JASMAN,6,6,0
2000,TRINITY,122,0,122
2000,VERONIKA,7,0,7
2000,YASMIN,30,0,30
2000,YASMINE,29,0,29
2000,YUSRA,7,0,7
2000,ADAMO,10,10,0
2000,ADAM,568,568,0
2000,ABUBAKAR,5,5,0
2000,ABRAR,6,6,0
2000,ABRAM,13,13,0
2000,ABRAHAM,15,15,0
2000,ABHISHEK,7,7,0
2000,ABEL,13,13,0
2000,ABE,6,6,0
2000,ABDURAHMAN,6,6,0
2000,ABDULRAHMAN,8,8,0
2000,ABDULLAHI,12,12,0
2000,ABDULLAH,30,30,0
2000,ABDUL,27,27,0
2000,ABDIRAHMAN,19,19,0
2000,ABDALLAH,6,6,0
2000,AARON,286,286,0
2000,YVONNE,7,0,7
2000,ZAHRA,18,0,18
2000,ZAHRAA,6,0,6
2000,ZAINA,6,0,6
2000,ZAINAB,25,0,25
2000,ZARA,10,0,10
2000,ADIL,10,10,0
2000,ZAYNAB,7,0,7
2000,ZOE,151,0,151
2000,ZOEY,20,0,20
2000,ZOÉ,11,0,11
2000,ZOË,11,0,11
2000,ÉMILIE,9,0,9
2000,AAKASH,6,6,0
2000,ZEINAB,8,0,8
2000,ARSALAN,5,5,0
2000,ARSH,8,8,0
2000,ARSHAD,5,5,0
2000,CAYDEN,8,8,0
2000,CARTER,184,184,0
2000,CARLOS,34,34,0
2000,CARLO,11,11,0
2000,CARL,12,12,0
2000,CAMRON,9,9,0
2000,CAMPBELL,13,13,0
2000,CAMDEN,7,7,0
2000,CALVIN,89,89,0
2000,CALUM,20,20,0
2000,CALLUM,63,63,0
2000,CALEB,184,184,0
2000,CALE,5,5,0
2000,CAL,5,5,0
2000,CEDRIC,27,27,0
2000,CAELAN,8,8,0
2000,CADE,8,8,0
2000,BYRON,12,12,0
2000,BRYSON,26,26,0
2000,BRYDON,5,5,0
2000,BRYDEN,5,5,0
2000,BRYCE,78,78,0
2000,BRYAN,76,76,0
2000,BRUNO,11,11,0
2000,BRUCE,18,18,0
2000,BRONSON,6,6,0
2000,BRODY,54,54,0
2000,BRODIE,27,27,0
2000,BRODERICK,8,8,0
2000,BROCK,65,65,0
2000,CADEN,10,10,0
2000,CESAR,5,5,0
2000,CHAD,42,42,0
2000,CHANCE,14,14,0
2000,CONOR,42,42,0
2000,CONNOR,392,392,0
2000,CONNER,40,40,0
2000,COLTON,75,75,0
2000,COLTEN,9,9,0
2000,COLLIN,31,31,0
2000,COLIN,168,168,0
2000,COLETON,6,6,0
2000,COLE,314,314,0
2000,COLBY,8,8,0
2000,COHEN,7,7,0
2000,CODY,183,183,0
2000,CLINTON,6,6,0
2000,CLIFFORD,6,6,0
2000,CLAYTON,56,56,0
2000,CLAY,9,9,0
2000,CLAUDIO,10,10,0
2000,CHANDLER,11,11,0
2000,CHARLES,103,103,0
2000,CHARLIE,12,12,0
2000,CHASE,88,88,0
2000,CHAYSE,5,5,0
2000,CHI,6,6,0
2000,BRITTON,6,6,0
2000,CHRIS,20,20,0
2000,CHRISTIEN,5,5,0
2000,CHRISTOPHE,5,5,0
2000,CHRISTOPHER,591,591,0
2000,CHRISTOS,10,10,0
2000,CIARAN,7,7,0
2000,CLARK,9,9,0
2000,CHRISTIAN,298,298,0
2000,BRICE,5,5,0
2000,BRIAN,144,144,0
2000,BRETT,102,102,0
2000,BENNY,11,11,0
2000,BENNETT,20,20,0
2000,BENJAMIN,703,703,0
2000,BENJAMEN,5,5,0
2000,BEN,34,34,0
2000,BEAU,5,5,0
2000,BASIL,6,6,0
2000,BARRY,9,9,0
2000,BARRETT,7,7,0
2000,BALRAJ,7,7,0
2000,BAILY,9,9,0
2000,AYUSH,6,6,0
2000,AYUB,6,6,0
2000,AYOUB,5,5,0
2000,AYMAN,8,8,0
2000,AVI,5,5,0
2000,AUSTYN,11,11,0
2000,ARSHDEEP,5,5,0
2000,ARTHUR,25,25,0
2000,ARUJAN,5,5,0
2000,ARUN,8,8,0
2000,ARVIN,7,7,0
2000,ARVIND,6,6,0
2000,BENOIT,8,8,0
2000,ARYAN,10,10,0
2000,ASHER,13,13,0
2000,ASHTON,48,48,0
2000,ASHWIN,7,7,0
2000,ATHAVAN,5,5,0
2000,AUSTEN,14,14,0
2000,AUSTIN,405,405,0
2000,ASAD,9,9,0
2000,COOPER,46,46,0
2000,BENSON,6,6,0
2000,BIJAN,5,5,0
2000,BRET,10,10,0
2000,BRENT,40,40,0
2000,BRENNEN,8,8,0
2000,BRENNAN,54,54,0
2000,BRENDON,20,20,0
2000,BRENDEN,38,38,0
2000,BRENDAN,148,148,0
2000,BRAYDON,49,49,0
2000,BRAYDEN,150,150,0
2000,BRAYDAN,7,7,0
2000,BRAXTON,6,6,0
2000,BRANDON,640,640,0
2000,BRANDEN,24,24,0
2000,BRANDAN,10,10,0
2000,BRAIDEN,18,18,0
2000,BRAEDON,22,22,0
2000,BRAEDEN,84,84,0
2000,BILAL,34,34,0
2000,BILL,15,15,0
2000,BILLY,8,8,0
2000,BLAINE,6,6,0
2000,BLAIR,17,17,0
2000,BLAKE,127,127,0
2000,BERNHARD,6,6,0
2000,BOBBY,9,9,0
2000,BRAD,5,5,0
2000,BRADEN,57,57,0
2000,BRADLEY,174,174,0
2000,BRADLY,9,9,0
2000,BRADY,90,90,0
2000,BRAEDAN,10,10,0
2000,BORIS,8,8,0
2000,JASON,305,305,0
2000,NORMAN,9,9,0
2000,JAVIER,7,7,0
2000,SAHIB,7,7,0
2000,SAEED,6,6,0
2000,SAAD,9,9,0
2000,RYLAND,6,6,0
2000,RYLAN,22,22,0
2000,RYKER,5,5,0
2000,RUSSELL,23,23,0
2000,RUBEN,10,10,0
2000,ROY,17,17,0
2000,ROSS,15,15,0
2000,RORY,23,23,0
2000,RONAN,7,7,0
2000,RONALD,24,24,0
2000,RON,6,6,0
2000,SAHIL,19,19,0
2000,ROMAN,14,14,0
2000,ROHIT,11,11,0
2000,ROHAN,28,28,0
2000,ROGER,13,13,0
2000,RODNEY,5,5,0
2000,ROCCO,9,9,0
2000,ROBERTO,21,21,0
2000,ROBERT,346,346,0
2000,RIVER,8,8,0
2000,RISHI,5,5,0
2000,RICKY,19,19,0
2000,RICHARD,137,137,0
2000,RICARDO,21,21,0
2000,RHYS,31,31,0
2000,REUBEN,17,17,0
2000,ROLAND,7,7,0
2000,SAIF,7,7,0
2000,SALEH,5,5,0
2000,SALMAN,11,11,0
2000,SHERWIN,5,5,0
2000,SHEMAR,24,24,0
2000,SHELDON,42,42,0
2000,SHAYNE,14,14,0
2000,SHAYAN,9,9,0
2000,SHAWN,93,93,0
2000,SHAUN,23,23,0
2000,SHARAN,6,6,0
2000,SHANE,116,116,0
2000,SHAMAR,16,16,0
2000,SHAKEEL,5,5,0
2000,SHAAN,5,5,0
2000,SEYON,7,7,0
2000,SETH,114,114,0
2000,SERGIO,7,7,0
2000,SÉBASTIEN,8,8,0
2000,SEBASTIEN,41,41,0
2000,SALVATORE,16,16,0
2000,SAM,32,32,0
2000,SAMEER,16,16,0
2000,SAMI,13,13,0
2000,SAMIR,17,17,0
2000,SAMUEL,423,423,0
2000,REID,36,36,0
2000,SANDEEP,5,5,0
2000,SAWYER,14,14,0
2000,SAYED,8,8,0
2000,SCOTT,133,133,0
2000,SEAMUS,14,14,0
2000,SEAN,222,222,0
2000,SEBASTIAN,151,151,0
2000,SANDRO,6,6,0
2000,SHIVAM,9,9,0
2000,REGINALD,11,11,0
2000,RAYMOND,51,51,0
2000,PHILIPPE,28,28,0
2000,PHILIP,75,75,0
2000,PETER,185,185,0
2000,PETAR,7,7,0
2000,PERRY,10,10,0
2000,PEDRO,8,8,0
2000,PAUL,130,130,0
2000,PATRYK,12,12,0
2000,PATRICK,262,262,0
2000,PASQUALE,6,6,0
2000,PASCAL,7,7,0
2000,PARTH,6,6,0
2000,PARKER,78,78,0
2000,PAOLO,20,20,0
2000,PHILLIP,40,40,0
2000,PABLO,7,7,0
2000,OSMAN,11,11,0
2000,OSCAR,21,21,0
2000,OSAMA,10,10,0
2000,ORION,5,5,0
2000,ONEIL,5,5,0
2000,OMID,7,7,0
2000,OMER,8,8,0
2000,OMAR,97,97,0
2000,OLIVIER,12,12,0
2000,OLIVER,57,57,0
2000,TRINA,9,0,9
2000,NOLAN,127,127,0
2000,NOEL,17,17,0
2000,NOAM,6,6,0
2000,OWEN,310,310,0
2000,PHOENIX,9,9,0
2000,PIERCE,13,13,0
2000,PIERRE,11,11,0
2000,RAYAN,6,6,0
2000,RAVI,5,5,0
2000,RAUL,5,5,0
2000,RAPHAEL,16,16,0
2000,RANDY,27,27,0
2000,RANDALL,5,5,0
2000,RAMI,10,10,0
2000,RALPH,6,6,0
2000,RAJVIR,6,6,0
2000,RAINE,13,13,0
2000,RAHUL,28,28,0
2000,RAHIM,5,5,0
2000,RAHEEM,8,8,0
2000,RAFAEL,10,10,0
2000,QUINTON,36,36,0
2000,QUINTIN,19,19,0
2000,QUINTEN,12,12,0
2000,PIETRO,6,6,0
2000,PIOTR,7,7,0
2000,PIRANAVAN,5,5,0
2000,PRABHJOT,7,7,0
2000,PRANAV,5,5,0
2000,PRAVEEN,8,8,0
2000,REED,11,11,0
2000,PRESLEY,5,5,0
2000,PRINCE,6,6,0
2000,PUNEET,8,8,0
2000,QUENTIN,20,20,0
2000,QUIN,5,5,0
2000,QUINCY,7,7,0
2000,QUINLAN,9,9,0
2000,PRESTON,32,32,0
2000,NOAH,655,655,0
2000,SILAS,10,10,0
2000,SIMON,130,130,0
2000,WILHELM,5,5,0
2000,WILFRED,6,6,0
2000,WESTON,10,10,0
2000,WESTLEY,5,5,0
2000,WESLEY,69,69,0
2000,WAYNE,19,19,0
2000,WARREN,16,16,0
2000,WALTER,14,14,0
2000,WALKER,12,12,0
2000,WALEED,13,13,0
2000,WADE,24,24,0
2000,VLADIMIR,7,7,0
2000,VIVEK,5,5,0
2000,VITO,7,7,0
2000,WILL,9,9,0
2000,VISHAL,6,6,0
2000,VINCENT,110,110,0
2000,VINCE,13,13,0
2000,VIKRAM,8,8,0
2000,VICTOR,79,79,0
2000,VERNON,7,7,0
2000,VAUGHN,5,5,0
2000,VARUN,8,8,0
2000,UZAIR,5,5,0
2000,USMAN,9,9,0
2000,UMAR,12,12,0
2000,UMAIR,5,5,0
2000,TYSON,89,89,0
2000,TYRONE,13,13,0
2000,TYRESE,27,27,0
2000,VINCENZO,24,24,0
2000,WILLEM,9,9,0
2000,WILLIAM,585,585,0
2000,WILSON,17,17,0
2000,ZECHARIAH,7,7,0
2000,ZANE,23,23,0
2000,ZANDER,6,6,0
2000,ZAKARY,13,13,0
2000,ZAKARIYA,5,5,0
2000,ZAKARIA,13,13,0
2000,ZAIN,19,19,0
2000,ZAID,14,14,0
2000,ZACKERY,43,43,0
2000,ZACKARY,47,47,0
2000,ZACK,9,9,0
2000,ZACHERY,32,32,0
2000,ZACHARY,534,534,0
2000,ZACHARIE,7,7,0
2000,ZACHARIAH,12,12,0
2000,YUVRAJ,6,6,0
2000,YUSUF,28,28,0
2000,WINSTON,13,13,0
2000,WYATT,62,62,0
2000,XANDER,10,10,0
2000,XAVIER,58,58,0
2000,YAHYA,11,11,0
2000,YANNICK,9,9,0
2000,TYRELL,26,26,0
2000,YASEEN,6,6,0
2000,YEHUDA,7,7,0
2000,YONATAN,5,5,0
2000,YONIS,6,6,0
2000,YOSEF,6,6,0
2000,YOUSEF,12,12,0
2000,YOUSSEF,11,11,0
2000,YASSINE,5,5,0
2000,SILVIO,5,5,0
2000,TYREL,6,6,0
2000,TYE,20,20,0
2000,TATE,9,9,0
2000,TARIQ,15,15,0
2000,TARIK,9,9,0
2000,TANNER,135,135,0
2000,TALON,12,12,0
2000,TAI,5,5,0
2000,TAHA,8,8,0
2000,SYLVAIN,6,6,0
2000,SYED,37,37,0
2000,SUNNY,10,10,0
2000,SULLIVAN,6,6,0
2000,SUKHRAJ,6,6,0
2000,SUKHMAN,6,6,0
2000,STUART,20,20,0
2000,TERENCE,8,8,0
2000,STEWART,10,10,0
2000,STEVE,9,9,0
2000,STERLING,9,9,0
2000,STEPHON,6,6,0
2000,STEPHEN,127,127,0
2000,STEPHANE,9,9,0
2000,STEPHAN,12,12,0
2000,STEFON,5,5,0
2000,STEFANO,24,24,0
2000,STEFAN,41,41,0
2000,STAVROS,6,6,0
2000,STANLEY,15,15,0
2000,SONNY,6,6,0
2000,SOLOMON,12,12,0
2000,SINA,6,6,0
2000,STEVEN,218,218,0
2000,TERRANCE,9,9,0
2000,TERRELL,10,10,0
2000,TERRENCE,6,6,0
2000,TY,47,47,0
2000,TUCKER,9,9,0
2000,TRYSTEN,5,5,0
2000,TRYSTAN,10,10,0
2000,TROY,47,47,0
2000,TRISTIN,7,7,0
2000,TRISTIAN,7,7,0
2000,TRISTEN,13,13,0
2000,TREY,14,14,0
2000,TREVOR,137,137,0
2000,TREVON,6,6,0
2000,TRENTON,35,35,0
2000,TRENT,57,57,0
2000,TRAVIS,109,109,0
2000,TONY,33,33,0
2000,TOMMY,30,30,0
2000,TOMASZ,6,6,0
2000,TERRY,19,19,0
2000,TEVIN,5,5,0
2000,THANH,9,9,0
2000,THEO,8,8,0
2000,THEODORE,28,28,0
2000,THOMAS,442,442,0
2000,TYLOR,6,6,0
2000,TIAGO,14,14,0
2000,TIM,7,7,0
2000,TIMOTHY,141,141,0
2000,TOBIAS,13,13,0
2000,TODD,11,11,0
2000,TOM,11,11,0
2000,TOMAS,13,13,0
2000,TIERNAN,5,5,0
2000,NIKOLAS,45,45,0
2000,NIKOLAI,5,5,0
2000,NIKOLA,24,24,0
2000,KESHAWN,6,6,0
2000,KEON,12,12,0
2000,KENT,7,7,0
2000,KENNY,11,11,0
2000,KENNETH,73,73,0
2000,KEN,10,10,0
2000,KELVIN,17,17,0
2000,KEITH,46,46,0
2000,KEIRAN,8,8,0
2000,KEIGAN,5,5,0
2000,KEIFER,6,6,0
2000,KEENAN,28,28,0
2000,KEATON,21,21,0
2000,KEAGAN,15,15,0
2000,KEVIN,358,358,0
2000,KAYDEN,11,11,0
2000,KARL,15,15,0
2000,KARIM,10,10,0
2000,KAREEM,12,12,0
2000,KARANVIR,7,7,0
2000,KARAN,21,21,0
2000,KANE,9,9,0
2000,KAMIL,8,8,0
2000,KAMERON,12,12,0
2000,KAMAL,5,5,0
2000,KALVIN,7,7,0
2000,KALEB,53,53,0
2000,KALE,8,8,0
2000,KAIDEN,12,12,0
2000,KAI,21,21,0
2000,KARSTEN,5,5,0
2000,KEVON,16,16,0
2000,KEYSHAWN,10,10,0
2000,KHALEEL,8,8,0
2000,LAWSON,6,6,0
2000,LAWRENCE,14,14,0
2000,LAVAN,5,5,0
2000,LARRY,9,9,0
2000,LANE,5,5,0
2000,LANDON,31,31,0
2000,LANCE,14,14,0
2000,LAMAR,6,6,0
2000,LACHLAN,9,9,0
2000,KYLER,15,15,0
2000,KYLE,597,597,0
2000,KURTIS,54,54,0
2000,KURT,14,14,0
2000,KRISTOPHER,26,26,0
2000,KRISTIAN,37,37,0
2000,KRISHNA,5,5,0
2000,KORBIN,5,5,0
2000,KHALID,21,21,0
2000,KHALIL,13,13,0
2000,KIAN,10,10,0
2000,KIERAN,88,88,0
2000,KIERNAN,5,5,0
2000,KIRK,8,8,0
2000,KAELAN,12,12,0
2000,KIRKLAND,7,7,0
2000,KOBE,28,28,0
2000,KOBY,8,8,0
2000,KODY,31,31,0
2000,KOLE,5,5,0
2000,KOLTON,7,7,0
2000,KONRAD,10,10,0
2000,KISHAN,9,9,0
2000,LAZAR,5,5,0
2000,KAEDEN,7,7,0
2000,KADEN,15,15,0
2000,JOHN,421,421,0
2000,JOHAN,12,12,0
2000,JOEL,132,132,0
2000,JOE,6,6,0
2000,JIMMY,30,30,0
2000,JIAN,6,6,0
2000,JIA,6,6,0
2000,JEVON,9,9,0
2000,JESSY,7,7,0
2000,JERRY,11,11,0
2000,JEROME,15,15,0
2000,JERMAINE,6,6,0
2000,JEREMY,168,168,0
2000,JEREMIE,11,11,0
2000,JOHNATHAN,51,51,0
2000,JEREMIAH,25,25,0
2000,JEFFERY,18,18,0
2000,JEFFERSON,6,6,0
2000,JEFF,6,6,0
2000,JEAN,8,8,0
2000,JAYSON,19,19,0
2000,JAYLON,5,5,0
2000,JAYLEN,11,11,0
2000,JAYDON,13,13,0
2000,JAYDIN,5,5,0
2000,JAYDAN,6,6,0
2000,JAY,23,23,0
2000,JAXON,9,9,0
2000,JAWAD,6,6,0
2000,JAVON,7,7,0
2000,JEFFREY,101,101,0
2000,JOHNATHON,25,25,0
2000,JOHN-MICHAEL,5,5,0
2000,JOHNNY,26,26,0
2000,KADE,6,6,0
2000,KA,6,6,0
2000,JUWAN,5,5,0
2000,JUSTYN,6,6,0
2000,JUSTIN,653,653,0
2000,JUNIOR,5,5,0
2000,JUNAID,5,5,0
2000,JULIUS,11,11,0
2000,JULIO,7,7,0
2000,JULIEN,39,39,0
2000,JULIAN,130,130,0
2000,JUDE,9,9,0
2000,JUDAH,5,5,0
2000,JUAN,18,18,0
2000,JOVAN,10,10,0
2000,JOSUE,6,6,0
2000,JOSIAH,39,39,0
2000,JOHNSON,5,5,0
2000,JON,9,9,0
2000,JONAH,85,85,0
2000,JONAS,18,18,0
2000,JONATHAN,403,403,0
2000,JONATHON,33,33,0
2000,KADIN,10,10,0
2000,JORDEN,11,11,0
2000,JORGE,9,9,0
2000,JOSE,19,19,0
2000,JOSEPH,554,554,0
2000,JOSH,19,19,0
2000,JOSHUA,1199,1199,0
2000,JOSHUAH,7,7,0
2000,JORDON,23,23,0
2000,LEE,7,7,0
2000,LEIGHTON,7,7,0
2000,LEO,23,23,0
2000,MOHAMED,77,77,0
2000,MOHAMAD,18,18,0
2000,MITCHELL,279,279,0
2000,MITCHEL,25,25,0
2000,MIR,5,5,0
2000,MINH,7,7,0
2000,MILOS,5,5,0
2000,MILES,15,15,0
2000,MILAN,15,15,0
2000,MIKHAIL,5,5,0
2000,MIKEL,5,5,0
2000,MIKE,14,14,0
2000,MIKAEL,7,7,0
2000,MIGUEL,42,42,0
2000,MOHAMMAD,78,78,0
2000,MICHELE,5,5,0
2000,MICHEAL,43,43,0
2000,MICHAL,13,13,0
2000,MICHAEL,1029,1029,0
2000,MICAH,21,21,0
2000,MERRICK,6,6,0
2000,MENACHEM,5,5,0
2000,MELVIN,11,11,0
2000,MEKHI,5,5,0
2000,MAXWELL,128,128,0
2000,MAXIMUS,15,15,0
2000,MAXIMILLIAN,12,12,0
2000,MAXIMILIAN,27,27,0
2000,MAXIME,33,33,0
2000,MAXIM,35,35,0
2000,MICHEL,12,12,0
2000,MOHAMMED,49,49,0
2000,MORDECHAI,5,5,0
2000,MOSES,9,9,0
2000,NIKHIL,13,13,0
2000,NIGEL,25,25,0
2000,NICOLAS,152,152,0
2000,NICO,7,7,0
2000,NICKOLAS,42,42,0
2000,NICKLAUS,5,5,0
2000,NICK,12,12,0
2000,NICHOLAS,1127,1127,0
2000,NGUYEN,5,5,0
2000,NEVIN,6,6,0
2000,NELSON,15,15,0
2000,NEIL,30,30,0
2000,NEEL,5,5,0
2000,NAVJOT,5,5,0
2000,NAVID,6,6,0
2000,NAVEEN,5,5,0
2000,NATHANIEL,181,181,0
2000,MOSHE,10,10,0
2000,MOSTAFA,5,5,0
2000,MUHAMMAD,50,50,0
2000,MUHAMMED,12,12,0
2000,MUSTAFA,28,28,0
2000,MYLES,46,46,0
2000,MAX,72,72,0
2000,NABEEL,7,7,0
2000,NADER,7,7,0
2000,NADIM,5,5,0
2000,NASH,9,9,0
2000,NATHAN,555,555,0
2000,NATHANAEL,22,22,0
2000,NATHANIAL,15,15,0
2000,NABIL,11,11,0
2000,MAVERICK,10,10,0
2000,MAURICE,5,5,0
2000,MATTHIEU,12,12,0
2000,MAHMOUD,13,13,0
2000,MAHIR,5,5,0
2000,MAHAD,7,7,0
2000,MAGUIRE,10,10,0
2000,MAGNUS,6,6,0
2000,MAAZ,6,6,0
2000,LYNDON,5,5,0
2000,LUKE,226,226,0
2000,LUKAS,58,58,0
2000,LUKA,34,34,0
2000,LUIS,19,19,0
2000,LUIGI,8,8,0
2000,LUCUS,6,6,0
2000,LUCIANO,10,10,0
2000,LUCAS,429,429,0
2000,LUCA,74,74,0
2000,LUC,22,22,0
2000,LEON,14,14,0
2000,LEONARD,9,9,0
2000,LEONARDO,14,14,0
2000,LEONEL,5,5,0
2000,LESTER,5,5,0
2000,LEVI,38,38,0
2000,MALACHI,12,12,0
2000,LEWIS,14,14,0
2000,LIBAN,9,9,0
2000,LINCOLN,7,7,0
2000,LLOYD,11,11,0
2000,LONG,9,9,0
2000,LORENZO,14,14,0
2000,LOUIS,30,30,0
2000,LIAM,520,520,0
2000,JASPER,18,18,0
2000,MALCOLM,79,79,0
2000,MANAV,8,8,0
2000,MATTHIAS,7,7,0
2000,MATTHEW,1476,1476,0
2000,MATTEO,72,72,0
2000,MATT,9,9,0
2000,MATIAS,5,5,0
2000,MATHIEU,67,67,0
2000,MATHIAS,7,7,0
2000,MATHEW,113,113,0
2000,MATEUSZ,6,6,0
2000,MATEO,34,34,0
2000,MASSIMO,19,19,0
2000,MASON,145,145,0
2000,MARVIN,16,16,0
2000,MARTIN,65,65,0
2000,MARSHALL,37,37,0
2000,MARSHAL,7,7,0
2000,MARLON,13,13,0
2000,MANJOT,5,5,0
2000,MANRAJ,9,9,0
2000,MANUEL,10,10,0
2000,MANVIR,7,7,0
2000,MARC,61,61,0
2000,MARCEL,22,22,0
2000,MALIK,35,35,0
2000,MARCELO,7,7,0
2000,MARCUS,146,146,0
2000,MAREK,7,7,0
2000,MARIO,26,26,0
2000,MARK,217,217,0
2000,MARKO,28,28,0
2000,MARKUS,18,18,0
2000,MARCO,80,80,0
2000,TRACY,15,0,15
2000,MONIQUE,27,0,27
2000,TORI,25,0,25
2000,ESTHER,48,0,48
2000,ESME,6,0,6
2000,ERYN,14,0,14
2000,ERIN,231,0,231
2000,ERIKA,101,0,101
2000,ERICA,142,0,142
2000,EMMANUELLE,7,0,7
2000,EMMALINE,6,0,6
2000,EMMA,781,0,781
2000,EMILY,1114,0,1114
2000,EMILIE,72,0,72
2000,EMILIA,20,0,20
2000,EMILEE,16,0,16
2000,EMELY,6,0,6
2000,EVA,50,0,50
2000,ELYSSA,7,0,7
2000,ELORA,7,0,7
2000,ELLIE,14,0,14
2000,ELLEN,30,0,30
2000,ELLE,8,0,8
2000,ELLA,54,0,54
2000,ELIZABETH,283,0,283
2000,ELIZA,9,0,9
2000,ELISSA,13,0,13
2000,ELISHA,6,0,6
2000,ELISE,31,0,31
2000,ELISABETH,26,0,26
2000,ELISA,21,0,21
2000,ELIANA,14,0,14
2000,ELENI,15,0,15
2000,ELYSE,13,0,13
2000,EVANGELINE,7,0,7
2000,EVE,26,0,26
2000,EVELYN,47,0,47
2000,GWENDOLYN,10,0,10
2000,GURNEET,6,0,6
2000,GURLEEN,28,0,28
2000,GURJOT,16,9,7
2000,GRACIE,20,0,20
2000,GRACE,369,0,369
2000,GLORIA,17,0,17
2000,GIULIANA,10,0,10
2000,GIULIA,18,0,18
2000,GISELLE,8,0,8
2000,GINA,12,0,12
2000,GILLIAN,92,0,92
2000,GEORGIA,88,0,88
2000,GENEVIEVE,25,0,25
2000,GENEVA,9,0,9
2000,GENESIS,7,0,7
2000,GEMMA,14,0,14
2000,FAITH,148,0,148
2000,FALLON,6,0,6
2000,FARAH,14,0,14
2000,FATIMA,54,0,54
2000,FAYE,7,0,7
2000,FELICIA,34,0,34
2000,ELENA,28,0,28
2000,FELICITY,21,0,21
2000,FLORENCE,10,0,10
2000,FRANCES,17,0,17
2000,FRANCESCA,40,0,40
2000,GABRIELA,28,0,28
2000,GABRIELLA,75,0,75
2000,GABRIELLE,185,0,185
2000,FIONA,54,0,54
2000,GWYNETH,9,0,9
2000,ELEANOR,12,0,12
2000,ELAINA,9,0,9
2000,DARBY,10,0,10
2000,DARA,7,0,7
2000,DAPHNE,20,0,20
2000,DANIKA,33,0,33
2000,DANIELLE,233,0,233
2000,DANIELLA,62,0,62
2000,DANIELA,58,0,58
2000,DANICA,34,0,34
2000,DANIA,10,0,10
2000,DANA,79,0,79
2000,DALLAS,38,30,8
2000,DALIA,10,0,10
2000,DAKOTA,117,76,41
2000,DAISY,13,0,13
2000,DARCIE,6,0,6
2000,CYNTHIA,55,0,55
2000,CRYSTAL,52,0,52
2000,CRISTINA,36,0,36
2000,COURTNEY,142,0,142
2000,CORRINA,6,0,6
2000,CORINNE,9,0,9
2000,CORA,22,0,22
2000,CONSTANCE,7,0,7
2000,CONNIE,16,0,16
2000,COLLEEN,14,0,14
2000,CLOE,8,0,8
2000,CLAUDIA,87,0,87
2000,CLARISSA,24,0,24
2000,CLARE,32,0,32
2000,CLARA,33,0,33
2000,CYDNEY,6,0,6
2000,DARCY,27,19,8
2000,DARIA,12,0,12
2000,DARIAN,32,22,10
2000,EILEEN,10,0,10
2000,EDNA,6,0,6
2000,EDEN,52,7,45
2000,EBONY,11,0,11
2000,DREW,57,43,14
2000,DOROTHY,8,0,8
2000,DORIS,10,0,10
2000,DORA,6,0,6
2000,DONNA,11,0,11
2000,DOMINIQUE,43,6,37
2000,DIVYA,12,0,12
2000,DINA,13,0,13
2000,DILPREET,6,0,6
2000,DIANNA,6,0,6
2000,DIANE,14,0,14
2000,DIANA,63,0,63
2000,DIAMOND,7,0,7
2000,DAVINA,7,0,7
2000,DAWN,13,0,13
2000,DAYNA,19,0,19
2000,DEANDRA,6,0,6
2000,DEANNA,55,0,55
2000,DEBORAH,16,0,16
2000,ELAINE,17,0,17
2000,DELANEY,34,0,34
2000,DESIREE,37,0,37
2000,DESTINEE,11,0,11
2000,DESTINI,6,0,6
2000,DESTINY,103,0,103
2000,DEVON,153,139,14
2000,DEVYN,27,18,9
2000,DENISE,8,0,8
2000,CLAIRE,158,0,158
2000,HAFSA,21,0,21
2000,HAILEIGH,11,0,11
2000,JESSI,7,0,7
2000,JESSE,187,166,21
2000,JENNY,37,0,37
2000,JENNIFER,238,0,238
2000,JENNIE,7,0,7
2000,JENNAH,7,0,7
2000,JENNA,259,0,259
2000,JENESSA,6,0,6
2000,JENELLE,10,0,10
2000,JENA,7,0,7
2000,JAZMINE,17,0,17
2000,JAZMIN,7,0,7
2000,JAZLYN,7,0,7
2000,JAYMIE,6,0,6
2000,JESSICA,825,0,825
2000,JAYME,12,0,12
2000,JAYDE,11,0,11
2000,JAYDA,13,0,13
2000,JAYA,9,0,9
2000,JASPREET,19,8,11
2000,JASMYN,8,0,8
2000,JASMINE,215,0,215
2000,JASMIN,32,0,32
2000,JASMEET,17,6,11
2000,JASMEEN,11,0,11
2000,JASLEEN,25,0,25
2000,JANNA,9,0,9
2000,JANINE,6,0,6
2000,JANICE,11,0,11
2000,JANET,16,0,16
2000,JAYDEN,131,103,28
2000,JESSIE,61,9,52
2000,JESSIKA,9,0,9
2000,JEWEL,10,0,10
2000,JUSTINA,13,0,13
2000,JUSTICE,42,26,16
2000,JULIETTE,23,0,23
2000,JULIET,13,0,13
2000,JULIE,77,0,77
2000,JULIANNE,19,0,19
2000,JULIANNA,56,0,56
2000,JULIANA,53,0,53
2000,JULIA,575,0,575
2000,JUDY,16,0,16
2000,JUDITH,7,0,7
2000,JOYCE,24,0,24
2000,JOY,11,0,11
2000,JOSIE,9,0,9
2000,JOSEPHINE,43,0,43
2000,JOSEE,14,0,14
2000,JORDYN,78,7,71
2000,JILLIAN,89,0,89
2000,JOANNA,34,0,34
2000,JOANNE,27,0,27
2000,JOCELYN,71,0,71
2000,JODI,9,0,9
2000,JODIE,17,0,17
2000,JANESSA,19,0,19
2000,JODY,7,0,7
2000,JOEY,36,25,11
2000,JOHANNA,7,0,7
2000,JOLENE,8,0,8
2000,JOLIE,6,0,6
2000,JORDAN,581,476,105
2000,JORDANA,11,0,11
2000,JOELLE,22,0,22
2000,HAILEE,26,0,26
2000,JANELLE,33,0,33
2000,JANA,10,0,10
2000,HILARY,9,0,9
2000,HIBA,16,0,16
2000,HELENA,33,0,33
2000,HELEN,43,0,43
2000,HEIDI,24,0,24
2000,HEATHER,99,0,99
2000,HAYLEY,108,0,108
2000,HAYLEIGH,6,0,6
2000,HAYLEE,13,0,13
2000,HARSIMRAN,6,0,6
2000,HARPREET,16,6,10
2000,HARNEET,8,0,8
2000,HARMONY,10,0,10
2000,HARMAN,21,15,6
2000,HILLARY,9,0,9
2000,HARLEY,26,20,6
2000,HARJOT,15,5,10
2000,HANNAH,709,0,709
2000,HANNA,92,0,92
2000,HANAN,14,0,14
2000,HANA,21,0,21
2000,HAMDI,7,0,7
2000,HALLIE,13,0,13
2000,HALLE,10,0,10
2000,HALIMA,6,0,6
2000,HALIE,7,0,7
2000,HALEY,133,0,133
2000,HALEIGH,11,0,11
2000,HAILIE,6,0,6
2000,HAILEY,277,0,277
2000,HARLEEN,22,0,22
2000,HOLLY,138,0,138
2000,HOPE,89,0,89
2000,HUDA,8,0,8
2000,JAMIE,151,61,90
2000,JAIMIE,9,0,9
2000,JAIME,41,6,35
2000,JAIDYN,11,0,11
2000,JAIDEN,48,28,20
2000,JAIDA,12,0,12
2000,JADYN,11,0,11
2000,JADEN,121,85,36
2000,JADE,155,5,150
2000,JADA,47,0,47
2000,JACQUELYN,6,0,6
2000,JACQUELINE,98,0,98
2000,JACLYN,21,0,21
2000,JACKLYN,10,0,10
2000,JACKIE,17,11,6
2000,IVY,26,0,26
2000,IVANA,17,0,17
2000,HUNTER,303,265,38
2000,IDA,6,0,6
2000,IMAN,34,0,34
2000,INGRID,9,0,9
2000,IQRA,7,0,7
2000,IRELAND,11,0,11
2000,JANE,36,0,36
2000,IRENE,21,0,21
2000,ISABEL,68,0,68
2000,ISABELA,9,0,9
2000,ISABELLA,178,0,178
2000,ISABELLE,137,0,137
2000,ISOBEL,9,0,9
2000,ISRAA,6,0,6
2000,IRIS,18,0,18
2000,JUSTINE,55,0,55
2000,CINDY,37,0,37
2000,CIERA,14,0,14
2000,ANIKA,26,0,26
2000,ANGIE,11,0,11
2000,ANGELIQUE,10,0,10
2000,ANGELINE,6,0,6
2000,ANGELINA,34,0,34
2000,ANGELIKA,6,0,6
2000,ANGELICA,52,0,52
2000,ANGELA,106,0,106
2000,ANGEL,52,7,45
2000,ANDREA,144,7,137
2000,ANDIE,6,0,6
2000,ANASTASIA,47,0,47
2000,ANA,31,0,31
2000,AMY,190,0,190
2000,ANISA,15,0,15
2000,AMRITA,9,0,9
2000,AMINA,22,0,22
2000,AMELIE,14,0,14
2000,AMELIA,63,0,63
2000,AMEERA,11,0,11
2000,AMBER,179,0,179
2000,AMARA,6,0,6
2000,AMANPREET,6,0,6
2000,AMANDA,329,0,329
2000,AMALIA,9,0,9
2000,AMAL,21,0,21
2000,ALYSSIA,11,0,11
2000,ALYSSA,453,0,453
2000,ALYSON,18,0,18
2000,ALYSIA,9,0,9
2000,AMIRA,11,0,11
2000,ANISHA,8,0,8
2000,ANITA,18,0,18
2000,ANJALI,29,0,29
2000,ASHLYNN,14,0,14
2000,ASHLYN,27,0,27
2000,ASHLEY,480,0,480
2000,ASHLEIGH,29,0,29
2000,ASHLEE,20,0,20
2000,ASHA,13,0,13
2000,ARYANA,9,0,9
2000,ARIELLE,23,0,23
2000,ARIEL,38,5,33
2000,ARIANNE,8,0,8
2000,ARIANNA,38,0,38
2000,ARIANA,42,0,42
2000,ARDEN,19,0,19
2000,APRIL,31,0,31
2000,ANYA,11,0,11
2000,ANUSHA,9,0,9
2000,ANTONIA,15,0,15
2000,ANMOL,12,6,6
2000,ANN,22,0,22
2000,ANNA,230,0,230
2000,ANNABEL,6,0,6
2000,ANNABELLE,11,0,11
2000,ANNALISA,6,0,6
2000,ALYSHA,32,0,32
2000,ANNALISE,9,0,9
2000,ANNE,38,0,38
2000,ANNE-MARIE,8,0,8
2000,ANNETTE,7,0,7
2000,ANNIE,39,0,39
2000,ANNIKA,23,0,23
2000,ANTONELLA,8,0,8
2000,ANNAMARIA,6,0,6
2000,ASHNA,6,0,6
2000,ALYSA,7,0,7
2000,ALLYSSA,8,0,8
2000,ALANA,50,0,50
2000,ALAINA,11,0,11
2000,AIYANA,6,0,6
2000,AISLINN,11,0,11
2000,AISHA,34,0,34
2000,AINSLEY,19,0,19
2000,AIMEE,17,0,17
2000,AILEEN,6,0,6
2000,AIDAN,344,335,9
2000,AGATHA,8,0,8
2000,ADRIENNE,8,0,8
2000,ADRIANNE,7,0,7
2000,ADRIANNA,35,0,35
2000,ADRIANA,51,0,51
2000,ALANNA,30,0,30
2000,ADELINE,8,0,8
2000,ADELAIDE,10,0,10
2000,ADDISON,18,10,8
2000,ABISHA,7,0,7
2000,ABIRAMI,6,0,6
2000,ABIGAYLE,12,0,12
2000,ABIGALE,6,0,6
2000,ABIGAIL,265,0,265
2000,ABBY,67,0,67
2000,ABBIGAYLE,6,0,6
2000,ABBIGAIL,14,0,14
2000,ABBIE,12,0,12
2000,ABBEY,34,0,34
2000,AALIYAH,31,0,31
2000,ZION,9,9,0
2000,ADELE,14,0,14
2000,ALANNAH,11,0,11
2000,ALAYNA,10,0,10
2000,ALEENA,7,0,7
2000,ALLYSON,21,0,21
2000,ALLYSA,6,0,6
2000,ALLY,13,0,13
2000,ALLISON,136,0,136
2000,ALIYAH,32,0,32
2000,ALIYA,30,0,30
2000,ALIVIA,12,0,12
2000,ALISSA,44,0,44
2000,ALISON,66,0,66
2000,ALISHA,61,0,61
2000,ALISA,17,0,17
2000,ALINA,20,0,20
2000,ALICIA,117,0,117
2000,ALICE,34,0,34
2000,ALIA,16,0,16
2000,ALEXUS,11,0,11
2000,ALEXIS,267,13,254
2000,ALEISHA,9,0,9
2000,ALEJANDRA,6,0,6
2000,ALEKSANDRA,13,0,13
2000,ALENA,9,0,9
2000,ALESHA,7,0,7
2000,ALESSANDRA,28,0,28
2000,ALYCIA,11,0,11
2000,ALESSIA,67,0,67
2000,ALEXA,95,0,95
2000,ALEXANDRA,407,0,407
2000,ALEXANDREA,11,0,11
2000,ALEXANDRIA,85,0,85
2000,ALEXI,14,8,6
2000,ALEXIA,60,0,60
2000,ALEX,188,177,11
2000,CIERRA,19,0,19
2000,ASHTYN,6,0,6
2000,ASMA,11,0,11
2000,CASSIE,22,0,22
2000,CASSIDY,157,0,157
2000,CASSIA,7,0,7
2000,CASSANDRA,240,0,240
2000,CASEY,48,20,28
2000,CASANDRA,13,0,13
2000,CARSON,111,101,10
2000,CARRIE,12,0,12
2000,CAROLYN,21,0,21
2000,CAROLINE,79,0,79
2000,CAROLINA,8,0,8
2000,CAROL,9,0,9
2000,CARMEN,25,0,25
2000,CARLY,71,0,71
2000,CATERINA,6,0,6
2000,CARLIE,17,0,17
2000,CARLEIGH,12,0,12
2000,CARLEE,11,0,11
2000,CARLA,9,0,9
2000,CARISSA,15,0,15
2000,CARINA,21,0,21
2000,CARA,16,0,16
2000,CANDICE,6,0,6
2000,CANDACE,13,0,13
2000,CAMRYN,66,0,66
2000,CAMILLE,43,0,43
2000,CAMILA,14,0,14
2000,CAMERON,571,551,20
2000,CALLISTA,9,0,9
2000,CALLIE,24,0,24
2000,CARLEY,30,0,30
2000,CATHERINE,118,0,118
2000,CATHY,20,0,20
2000,CATRINA,9,0,9
2000,CIARA,23,0,23
2000,CHRISTY,11,0,11
2000,CHRISTINE,78,0,78
2000,CHRISTINA,178,0,178
2000,CHRISTIE,12,0,12
2000,CHLOÉ,9,0,9
2000,CHLOE,271,0,271
2000,CHIARA,23,0,23
2000,CHEYENNE,47,0,47
2000,CHEYANNE,17,0,17
2000,CHERYL,8,0,8
2000,CHELSEY,29,0,29
2000,CHELSEA,134,0,134
2000,CHAYA,6,0,6
2000,CHARMAINE,7,0,7
2000,CHARLOTTE,122,0,122
2000,CHARLIZE,6,0,6
2000,CAYLA,7,0,7
2000,CECILIA,27,0,27
2000,CEILIDH,8,0,8
2000,CELESTE,29,0,29
2000,CELIA,11,0,11
2000,CELINA,23,0,23
2000,CALISTA,18,0,18
2000,CELINE,23,0,23
2000,CHANELLE,18,0,18
2000,CHANTAL,37,0,37
2000,CHANTEL,37,0,37
2000,CHANTELLE,17,0,17
2000,CHARITY,8,0,8
2000,CHARLENE,17,0,17
2000,CHANEL,15,0,15
2000,ASIA,23,0,23
2000,CALI,10,0,10
2000,CAITLYN,93,0,93
2000,BIANCA,90,0,90
2000,BETTY,6,0,6
2000,BETHANY,61,0,61
2000,BETH,10,0,10
2000,BERNADETTE,8,0,8
2000,BELLE,6,0,6
2000,BELINDA,6,0,6
2000,BEATRICE,15,0,15
2000,BAYLEE,6,0,6
2000,BARBARA,11,0,11
2000,BAILEY,200,104,96
2000,BAILEE,7,0,7
2000,BABY,18,12,6
2000,AYSHA,15,0,15
2000,BILLIE,14,0,14
2000,AYLA,13,0,13
2000,AYDEN,39,33,6
2000,AYAN,16,0,16
2000,AYAH,11,0,11
2000,AYA,10,0,10
2000,AVNEET,15,0,15
2000,AVIVA,6,0,6
2000,AVERY,173,46,127
2000,AVA,54,0,54
2000,AUTUMN,73,0,73
2000,AURORA,18,0,18
2000,AUDREY,56,0,56
2000,AUBREY,11,0,11
2000,ATHENA,30,0,30
2000,ASTRID,9,0,9
2000,AYESHA,16,0,16
2000,BONNIE,8,0,8
2000,BRANDI,9,0,9
2000,BRANDY,6,0,6
2000,CAITLIN,136,0,136
2000,CAILYN,12,0,12
2000,CAILIN,7,0,7
2000,CAILEY,7,0,7
2000,BRYNN,13,0,13
2000,BRYANNE,7,0,7
2000,BRYANNA,43,0,43
2000,BROOKLYNN,20,0,20
2000,BROOKLYN,109,0,109
2000,BROOKLIN,9,0,9
2000,BROOKELYN,9,0,9
2000,BROOKE-LYNN,8,0,8
2000,BROOKE,233,0,233
2000,BROOK,15,0,15
2000,BRONWYN,24,0,24
2000,BRITTNEY,54,0,54
2000,BRITTANY,136,0,136
2000,BREANN,7,0,7
2000,BREANNA,143,0,143
2000,BREANNE,18,0,18
2000,BRENDA,18,0,18
2000,BRENNA,30,0,30
2000,BRIA,7,0,7
2000,CALEIGH,14,0,14
2000,BRIANA,39,0,39
2000,BRIANNE,38,0,38
2000,BRIAR,9,0,9
2000,BRIDGET,27,0,27
2000,BRIDGETTE,8,0,8
2000,BRIGITTE,7,0,7
2000,BRITNEY,84,0,84
2000,BRIANNA,344,0,344
2000,KAELA,9,0,9
2000,KAELYN,9,0,9
2000,KAILA,9,0,9
2000,RINA,8,0,8
2000,RILEY,359,271,88
2000,RILEIGH,6,0,6
2000,RIDA,7,0,7
2000,RIANNA,13,0,13
2000,RHIANNON,21,0,21
2000,RHEA,13,0,13
2000,RENEE,75,0,75
2000,RENA,6,0,6
2000,REILLY,28,17,11
2000,REGAN,25,6,19
2000,REESE,40,22,18
2000,REEMA,6,0,6
2000,REEM,11,0,11
2000,RITA,18,0,18
2000,REEGAN,8,0,8
2000,REBEKAH,53,0,53
2000,REBECCA,354,0,354
2000,REANNA,6,0,6
2000,REAGAN,8,0,8
2000,RAZAN,6,0,6
2000,RAYNE,10,0,10
2000,RAYNA,7,0,7
2000,RAVNEET,9,0,9
2000,RAVEN,36,6,30
2000,RAVEENA,7,0,7
2000,RAQUEL,35,0,35
2000,RANIA,9,0,9
2000,RANEEM,6,0,6
2000,RANDI,9,0,9
2000,REECE,42,36,6
2000,RIYA,6,0,6
2000,ROBERTA,6,0,6
2000,ROBIN,32,11,21
2000,SAHRA,10,0,10
2000,SAHAR,13,0,13
2000,SAGE,21,10,11
2000,SAGAL,7,0,7
2000,SAFIYA,9,0,9
2000,SAFIA,7,0,7
2000,SAFA,12,0,12
2000,SADIE,24,0,24
2000,SADAF,8,0,8
2000,SABRINA,206,0,206
2000,SABINA,8,0,8
2000,SABA,7,0,7
2000,SAARAH,6,0,6
2000,RYLIE,8,0,8
2000,RYLEY,32,18,14
2000,RYLEIGH,9,0,9
2000,RYLEE,33,0,33
2000,ROBYN,52,0,52
2000,ROCHELLE,12,0,12
2000,ROMY,6,0,6
2000,ROSA,16,0,16
2000,ROSALIE,6,0,6
2000,ROSANNA,9,0,9
2000,RANA,10,0,10
2000,ROSE,43,0,43
2000,ROWAN,38,18,20
2000,ROXANNE,9,0,9
2000,RUBY,12,0,12
2000,RUTH,19,0,19
2000,RYAN,955,948,7
2000,RYANN,7,0,7
2000,ROSEMARY,11,0,11
2000,SALENA,8,0,8
2000,RAMONA,8,0,8
2000,RAISA,6,0,6
2000,NISHA,7,0,7
2000,NINA,34,0,34
2000,NIKOLINA,7,0,7
2000,NIKKI,11,0,11
2000,NIKITA,36,0,36
2000,NIKI,7,0,7
2000,NICOLLE,7,0,7
2000,NICOLETTE,9,0,9
2000,NICOLE,507,0,507
2000,NICOLA,20,6,14
2000,NICHOLE,7,0,7
2000,NIAMH,8,0,8
2000,NIA,13,0,13
2000,NEVE,8,0,8
2000,NOELLE,16,0,16
2000,NERISSA,6,0,6
2000,NAWAL,10,0,10
2000,NAVNEET,6,0,6
2000,NATHALIE,21,0,21
2000,NATASHA,168,0,168
2000,NATALYA,9,0,9
2000,NATALIE,243,0,243
2000,NATALIA,46,0,46
2000,NAOMI,101,0,101
2000,NANCY,26,0,26
2000,NAIMA,6,0,6
2000,NADINE,23,0,23
2000,NADIA,63,0,63
2000,NADA,8,0,8
2000,MYRIAM,16,0,16
2000,NEHA,30,0,30
2000,NOOR,29,0,29
2000,NORA,16,0,16
2000,NOUR,10,0,10
2000,RAEGAN,10,0,10
2000,RACHELLE,25,0,25
2000,RACHEL,478,0,478
2000,RACHEAL,7,0,7
2000,RACHAEL,67,0,67
2000,QUINN,114,89,25
2000,PRIYANKA,13,0,13
2000,PRIYA,26,0,26
2000,PRISCILLA,9,0,9
2000,PRINCESS,9,0,9
2000,PRECIOUS,7,0,7
2000,POOJA,10,0,10
2000,PIPER,15,0,15
2000,PHOEBE,23,0,23
2000,PEYTON,37,17,20
2000,PETRA,11,0,11
2000,PEARL,7,0,7
2000,OCEAN,12,0,12
2000,OLGA,6,0,6
2000,OLIVIA,569,0,569
2000,PAIGE,208,0,208
2000,PAISLEY,10,0,10
2000,PAMELA,17,0,17
2000,RAMANDEEP,6,0,6
2000,PARIS,14,0,14
2000,PASCALE,8,0,8
2000,PATRICIA,43,0,43
2000,PAULA,20,0,20
2000,PAULINA,13,0,13
2000,PAULINE,9,0,9
2000,PAYTON,86,23,63
2000,PARNEET,6,0,6
2000,MYRA,7,0,7
2000,SALINA,14,0,14
2000,SALMA,17,0,17
2000,TAMMY,11,0,11
2000,TAMIA,7,0,7
2000,TAMERA,7,0,7
2000,TAMARA,52,0,52
2000,TALIA,40,0,40
2000,TALA,6,0,6
2000,TAEGAN,6,0,6
2000,TABITHA,22,0,22
2000,SYLVIA,15,0,15
2000,SYEDA,11,0,11
2000,SYDNEY,423,0,423
2000,SUZANNE,7,0,7
2000,SUZANNAH,6,0,6
2000,SUSIE,12,0,12
2000,TANIA,13,0,13
2000,SUSANA,9,0,9
2000,SUMMER,43,0,43
2000,SUMAYA,9,0,9
2000,STÉPHANIE,7,0,7
2000,STEPHANIE,272,0,272
2000,STELLA,15,0,15
2000,STEFANIE,21,0,21
2000,STEFANIA,7,0,7
2000,STACY,6,0,6
2000,STACEY,20,0,20
2000,SPENCER,252,244,8
2000,SOPHIE,173,0,173
2000,SOPHIA,203,0,203
2000,SONYA,21,0,21
2000,SONJA,8,0,8
2000,SUSAN,22,0,22
2000,TANISHA,15,0,15
2000,TANYA,24,0,24
2000,TARA,54,0,54
2000,TONI,9,0,9
2000,TINA,46,0,46
2000,TIFFANY,116,0,116
2000,TIARA,7,0,7
2000,TIANNA,54,0,54
2000,TIANA,59,0,59
2000,TIA,40,0,40
2000,THERESA,21,0,21
2000,THEA,6,0,6
2000,THALIA,14,0,14
2000,TESSA,38,0,38
2000,TESS,23,0,23
2000,TERESA,26,0,26
2000,TEODORA,6,0,6
2000,TEGAN,8,0,8
2000,TEEGAN,6,0,6
2000,TEAGHAN,6,0,6
2000,TARYN,26,0,26
2000,TASHA,16,0,16
2000,TASIA,6,0,6
2000,TASNEEM,7,0,7
2000,TASNIM,8,0,8
2000,TATIANA,37,0,37
2000,SONIA,28,0,28
2000,TATIANNA,6,0,6
2000,TATYANA,16,0,16
2000,TAYA,21,0,21
2000,TAYLER,10,0,10
2000,TAYLOR,571,84,487
2000,TEA,8,0,8
2000,TEAGAN,22,6,16
2000,TATUM,18,0,18
2000,SALLY,9,0,9
2000,SOFIE,6,0,6
2000,SKYLER,39,23,16
2000,SHANELLE,8,0,8
2000,SHANEL,6,0,6
2000,SHANA,6,0,6
2000,SHAINA,6,0,6
2000,SHAILYN,7,0,7
2000,SHAELYN,19,0,19
2000,SHAE-LYNN,7,0,7
2000,SERINA,15,0,15
2000,SERENITY,7,0,7
2000,SERENA,91,0,91
2000,SELINA,37,0,37
2000,SELENA,71,0,71
2000,SELAH,6,0,6
2000,SCARLETT,6,0,6
2000,SHANIA,22,0,22
2000,SAVANNAH,98,0,98
2000,SAVANAH,13,0,13
2000,SASHA,38,9,29
2000,SARINA,17,0,17
2000,SARAH,961,0,961
2000,SARA,242,0,242
2000,SAPNA,7,0,7
2000,SANTANA,8,0,8
2000,SANDY,12,0,12
2000,SANDRA,40,0,40
2000,SANA,19,0,19
2000,SAMIRA,9,0,9
2000,SAMARA,6,0,6
2000,SAMAR,6,0,6
2000,SAMANTHA,587,0,587
2000,SAVANNA,23,0,23
2000,SHANICE,13,0,13
2000,SHANNA,8,0,8
2000,SHANNON,125,0,125
2000,SKYLAR,70,23,47
2000,SKYLA,9,0,9
2000,SKYE,16,0,16
2000,SIOBHAN,16,0,16
2000,SIMRIT,6,0,6
2000,SIMRAT,10,0,10
2000,SIMRAN,61,0,61
2000,SIMONE,17,0,17
2000,SIMONA,7,0,7
2000,SIERRA,186,0,186
2000,SIENNA,17,0,17
2000,SIENA,7,0,7
2000,SIDNEY,23,0,23
2000,SHYLA,10,0,10
2000,SHYANNE,18,0,18
2000,SHYANNA,6,0,6
2000,SHREYA,9,0,9
2000,SHANTEL,10,0,10
2000,SHARON,28,0,28
2000,SHAUNA,22,0,22
2000,SHAWNA,23,0,23
2000,SHAYLA,30,0,30
2000,SHAYNA,21,0,21
2000,SOFIA,67,0,67
2000,SHEENA,10,0,10
2000,SHELBY,94,0,94
2000,SHERIDAN,13,0,13
2000,SHERRY,7,0,7
2000,SHIRLEY,11,0,11
2000,SHIVANI,10,0,10
2000,SHOSHANA,6,0,6
2000,SHEILA,7,0,7
2000,MYKENZIE,6,0,6
2000,MYKAYLA,7,0,7
2000,MYAH,9,0,9
2000,KRYSTAL,23,0,23
2000,KRISTYN,10,0,10
2000,KRISTY,9,0,9
2000,KRISTINE,13,0,13
2000,KRISTINA,52,0,52
2000,KRISTIN,26,0,26
2000,KRISTIE,10,0,10
2000,KRISTEN,89,0,89
2000,KRISTA,19,0,19
2000,KOMAL,8,0,8
2000,KIRSTYN,8,0,8
2000,KIRSTIN,6,0,6
2000,KIRSTEN,52,0,52
2000,KIRAN,17,5,12
2000,KRYSTEN,7,0,7
2000,KIRA,44,0,44
2000,KIMBERLEY,18,0,18
2000,KIM,13,0,13
2000,KILEY,8,0,8
2000,KIERSTEN,12,0,12
2000,KIERRA,9,0,9
2000,KIERA,35,0,35
2000,KIARRA,7,0,7
2000,KIARA,71,0,71
2000,KIANNA,15,0,15
2000,KIANA,48,0,48
2000,KIA,6,0,6
2000,KHADIJAH,7,0,7
2000,KHADIJA,14,0,14
2000,KEYANA,6,0,6
2000,KIMBERLY,60,0,60
2000,KYARA,6,0,6
2000,KYLA,68,0,68
2000,KYLEE,9,0,9
2000,LIDIA,6,0,6
2000,LIANNA,7,0,7
2000,LIANA,7,0,7
2000,LIA,16,0,16
2000,LEXIE,10,0,10
2000,LEXI,8,0,8
2000,LESLIE,29,8,21
2000,LENA,17,0,17
2000,LEILA,20,0,20
2000,LEENA,15,0,15
2000,LEANNE,34,0,34
2000,LEANNA,16,0,16
2000,LEANDRA,7,0,7
2000,LEAH,163,0,163
2000,LEA,10,0,10
2000,LAYLA,17,0,17
2000,LAURYN,55,0,55
2000,KYLEIGH,9,0,9
2000,KYLIE,54,0,54
2000,KYRA,73,0,73
2000,KYRAH,6,0,6
2000,LACEY,10,0,10
2000,LAILA,13,0,13
2000,KERRI,8,0,8
2000,LANA,10,0,10
2000,LARISSA,33,0,33
2000,LARYSSA,6,0,6
2000,LATISHA,6,0,6
2000,LAURA,243,0,243
2000,LAUREL,11,0,11
2000,LAUREN,490,0,490
2000,LARA,25,0,25
2000,LILA,6,0,6
2000,KENZIE,6,0,6
2000,KENNEDY,69,0,69
2000,KATE,92,0,92
2000,KATARINA,40,0,40
2000,KASSIDY,36,0,36
2000,KASSANDRA,42,0,42
2000,KASEY,13,0,13
2000,KASANDRA,8,0,8
2000,KAROLINA,12,0,12
2000,KARLY,23,0,23
2000,KARLIE,7,0,7
2000,KARLI,7,0,7
2000,KARLEY,14,0,14
2000,KARLEE,10,0,10
2000,KARISSA,24,0,24
2000,KARISHMA,8,0,8
2000,KATELIN,7,0,7
2000,KARINE,11,0,11
2000,KAREN,48,0,48
2000,KARA,40,0,40
2000,KAMRYN,17,0,17
2000,KALLIE,6,0,6
2000,KALI,24,0,24
2000,KALEY,7,0,7
2000,KALEIGH,12,0,12
2000,KAJAL,6,0,6
2000,KAITLYNN,18,0,18
2000,KAITLYN,320,0,320
2000,KAITLIN,88,0,88
2000,KAILYN,8,0,8
2000,KAILEY,33,0,33
2000,KAILEIGH,8,0,8
2000,KARINA,33,0,33
2000,KATELYN,168,0,168
2000,KATELYNN,24,0,24
2000,KATERINA,26,0,26
2000,KENDRA,95,0,95
2000,KENDALL,15,0,15
2000,KELSIE,16,0,16
2000,KELSEY,89,0,89
2000,KELLY,103,6,97
2000,KEISHA,13,0,13
2000,KEIRA,33,0,33
2000,KEELY,16,0,16
2000,KEELEY,8,0,8
2000,KEEGAN,94,88,6
2000,KEARA,10,0,10
2000,KEANNA,16,0,16
2000,KAYLYN,9,0,9
2000,KAYLIN,8,0,8
2000,KAYLIE,12,0,12
2000,KAYLEY,16,0,16
2000,KAYLEIGH,27,0,27
2000,KATHARINA,6,0,6
2000,KATHARINE,12,0,12
2000,KATHERINE,246,0,246
2000,KATHLEEN,88,0,88
2000,KATHRYN,108,0,108
2000,KATHY,20,0,20
2000,KENYA,7,0,7
2000,KATIA,10,0,10
2000,KATLYN,20,0,20
2000,KATRINA,98,0,98
2000,KATYA,8,0,8
2000,KAYA,7,0,7
2000,KAYLA,351,0,351
2000,KAYLEE,69,0,69
2000,KATIE,80,0,80
2000,LILIAN,9,0,9
2000,LILIANA,11,0,11
2000,LILLIAN,54,0,54
2000,MELINA,23,0,23
2000,MELANIE,116,0,116
2000,MEGHAN,161,0,161
2000,MEGAN,556,0,556
2000,MEG,10,0,10
2000,MEAGHAN,51,0,51
2000,MEAGAN,52,0,52
2000,MEADOW,7,0,7
2000,MCKENZIE,30,6,24
2000,MCKENNA,35,0,35
2000,MCKAYLA,22,0,22
2000,MAYA,152,0,152
2000,MAXINE,20,0,20
2000,MAUREEN,7,0,7
2000,MELINDA,8,0,8
2000,MAUDE,7,0,7
2000,MARYAM,43,0,43
2000,MARY,131,0,131
2000,MARWA,11,0,11
2000,MARTINA,26,0,26
2000,MARTHA,26,0,26
2000,MARTA,9,0,9
2000,MARLEY,25,8,17
2000,MARLENE,6,0,6
2000,MARLEE,12,0,12
2000,MARISSA,88,0,88
2000,MARISA,34,0,34
2000,MARINA,37,0,37
2000,MARILYN,9,0,9
2000,MARIELLE,9,0,9
2000,MATTIE,6,0,6
2000,MELISSA,209,0,209
2000,MELODIE,10,0,10
2000,MELODY,30,0,30
2000,MYA,46,0,46
2000,MY,6,0,6
2000,MUNA,15,0,15
2000,MORGAN,253,43,210
2000,MONTANA,24,0,24
2000,MONIKA,19,0,19
2000,MONICA,78,0,78
2000,MONA,6,0,6
2000,MOLLY,56,0,56
2000,MIYA,10,0,10
2000,MISTY,8,0,8
2000,MIRIAM,35,0,35
2000,MIRANDA,88,0,88
2000,MIRA,13,0,13
2000,MINA,6,0,6
2000,MILENA,14,0,14
2000,MILA,12,0,12
2000,MERCEDES,32,0,32
2000,MERCEDEZ,7,0,7
2000,MEREDITH,25,0,25
2000,MERISSA,7,0,7
2000,MIA,59,0,59
2000,MICAELA,8,0,8
2000,MARIE,114,0,114
2000,MICAYLA,7,0,7
2000,MICHAELLA,6,0,6
2000,MICHELA,22,0,22
2000,MICHELLE,224,0,224
2000,MIKA,15,6,9
2000,MIKAELA,50,0,50
2000,MIKAYLA,143,0,143
2000,MICHAELA,103,0,103
2000,MARIANNE,12,0,12
2000,MARIANNA,13,0,13
2000,MARIANA,7,0,7
2000,MADELYN,67,0,67
2000,MADELINE,189,0,189
2000,MADELEINE,102,0,102
2000,MADELAINE,20,0,20
2000,MADDISON,48,0,48
2000,MADALYN,9,0,9
2000,MACY,18,0,18
2000,MACKENZIE,675,118,557
2000,MACKENNA,8,0,8
2000,MACIE,7,0,7
2000,MACEY,11,0,11
2000,MABEL,6,0,6
2000,LYRIC,7,0,7
2000,LYNN,6,0,6
2000,LYNETTE,6,0,6
2000,LYNDSAY,10,0,10
2000,LYDIA,49,0,49
2000,LILLY,14,0,14
2000,LILY,73,0,73
2000,LINA,13,0,13
2000,LINDA,37,0,37
2000,LINDSAY,92,0,92
2000,LINDSEY,38,0,38
2000,MADELYNN,13,0,13
2000,LISA,71,0,71
2000,LOGAN,269,231,38
2000,LORI,10,0,10
2000,LORRAINE,7,0,7
2000,LOUISE,7,0,7
2000,LUCIA,12,0,12
2000,LUCY,25,0,25
2000,LIVIA,7,0,7
2000,TRACEY,6,0,6
2000,MADELYNNE,6,0,6
2000,MADISYN,7,0,7
2000,MARIAN,6,0,6
2000,MARIAM,50,0,50
2000,MARIAH,60,0,60
2000,MARIA,159,0,159
2000,MARGARET,65,0,65
2000,MARCELLA,8,0,8
2000,MARA,12,0,12
2000,MANSI,7,0,7
2000,MANPREET,21,7,14
2000,MANISHA,6,0,6
2000,MANDY,21,0,21
2000,MANAL,8,0,8
2000,MALLORY,33,0,33
2000,MALAK,9,0,9
2000,MAKENZIE,17,0,17
2000,MAKENNA,45,0,45
2000,MAKAYLA,91,0,91
2000,MADYSON,9,0,9
2000,MAEGAN,11,0,11
2000,MAEVE,24,0,24
2000,MAGDALENA,8,0,8
2000,MAGGIE,49,0,49
2000,MAHA,12,0,12
2000,MADISON,685,5,680
2000,MAHEEN,12,0,12
2000,MAI,6,0,6
2000,MAIA,28,0,28
2000,MAIJA,7,0,7
2000,MAIYA,12,0,12
2000,MAJA,8,0,8
2000,MAKAILA,7,0,7
2000,MAHNOOR,6,0,6
2000,ZUBAIR,8,8,0
2000,JATIN,6,6,0
2001,BRANDYN,5,5,0
2001,MANDY,13,0,13
2001,MANAR,6,0,6
2001,MALLORY,28,0,28
2001,MALIKA,12,0,12
2001,MALIHA,6,0,6
2001,MALAIKA,7,0,7
2001,MANEET,9,0,9
2001,MAKENZIE,25,0,25
2001,MAKAYLA,133,0,133
2001,MAKAILA,6,0,6
2001,MAJA,12,0,12
2001,MAIYA,15,0,15
2001,MAIJA,8,0,8
2001,MAIA,34,0,34
2001,MAKENNA,35,0,35
2001,MAHNOOR,10,0,10
2001,MANISHA,6,0,6
2001,MANPREET,6,0,6
2001,MARILYN,10,0,10
2001,MARIKA,6,0,6
2001,MARIELLE,9,0,9
2001,MARIE,124,0,124
2001,MARIANNE,12,0,12
2001,MARIANNA,9,0,9
2001,MANJOT,15,8,7
2001,MARIANA,16,0,16
2001,MARIAH,46,0,46
2001,MARIA,188,0,188
2001,MARGARET,84,0,84
2001,MARA,23,0,23
2001,MANSI,7,0,7
2001,MANREET,6,0,6
2001,MARIAM,56,0,56
2001,MAHA,16,0,16
2001,MAGGIE,70,0,70
2001,MAGDALENA,15,0,15
2001,LYNN,9,0,9
2001,LYNDSEY,6,0,6
2001,LYNDSAY,7,0,7
2001,LYDIA,43,0,43
2001,LUCY,27,0,27
2001,LUCIA,8,0,8
2001,MACEY,16,0,16
2001,LOUISE,6,0,6
2001,LITA,6,0,6
2001,LISA,57,0,57
2001,LINNEA,9,0,9
2001,LINDSEY,41,0,41
2001,LINDSAY,76,0,76
2001,LINDA,26,0,26
2001,LOGAN,426,376,50
2001,MACKENNA,21,0,21
2001,MACKENZIE,654,86,568
2001,MACKENZY,6,0,6
2001,MAEVE,24,0,24
2001,MAEGAN,15,0,15
2001,MADYSON,21,0,21
2001,MADISYN,18,0,18
2001,MADISON,792,0,792
2001,MADILYN,9,0,9
2001,MADIHA,6,0,6
2001,MADELYNN,10,0,10
2001,MADELYN,67,0,67
2001,MADELINE,161,0,161
2001,MADELEINE,106,0,106
2001,MADELAINE,26,0,26
2001,MADDISON,41,0,41
2001,MADALYN,9,0,9
2001,MACY,23,0,23
2001,MARINA,48,0,48
2001,MARISA,34,0,34
2001,MARISSA,102,0,102
2001,MARLEE,12,0,12
2001,MOLLIE,7,0,7
2001,MOIRA,8,0,8
2001,MIRIAM,25,0,25
2001,MIREILLE,8,0,8
2001,MIRANDA,76,0,76
2001,MIRA,16,0,16
2001,MOLLY,101,0,101
2001,MINA,8,0,8
2001,MILENA,16,0,16
2001,MILA,9,0,9
2001,MIKAYLA,121,0,121
2001,MIKAILA,15,0,15
2001,MIKAELA,47,0,47
2001,MIKA,14,6,8
2001,MILICA,8,0,8
2001,MONA,12,0,12
2001,MONICA,59,0,59
2001,MONIKA,15,0,15
2001,NASRA,6,0,6
2001,NAOMI,85,0,85
2001,NANCY,35,0,35
2001,NADINE,24,0,24
2001,NADIA,70,0,70
2001,NADA,11,0,11
2001,MYRIAM,6,0,6
2001,MYRA,13,0,13
2001,MYAH,16,0,16
2001,MYA,105,0,105
2001,MUSKAAN,12,0,12
2001,MORIAH,8,0,8
2001,MORGAN,206,35,171
2001,MONTANA,18,0,18
2001,MONIQUE,24,0,24
2001,MICHELLE,216,0,216
2001,LINA,25,0,25
2001,MICHELA,9,0,9
2001,MICHAELA,78,0,78
2001,MCKENNA,46,0,46
2001,MCKAYLA,14,0,14
2001,MAYA,176,0,176
2001,MAY,6,0,6
2001,MAXINE,13,0,13
2001,MAUDE,7,0,7
2001,MCKENZIE,16,0,16
2001,MARYAM,56,0,56
2001,MARWA,12,0,12
2001,MARTINA,23,0,23
2001,MARTHA,9,0,9
2001,MARTA,8,0,8
2001,MARLEY,25,0,25
2001,MARLENE,10,0,10
2001,MARY,149,0,149
2001,MEADOW,13,0,13
2001,MEAGAN,77,0,77
2001,MEAGHAN,44,0,44
2001,MICAH,28,21,7
2001,MICAELA,13,0,13
2001,MIA,87,0,87
2001,MEREDITH,26,0,26
2001,MERCEDES,30,0,30
2001,MELODY,35,0,35
2001,MELODIE,8,0,8
2001,MELISSA,216,0,216
2001,MELISA,6,0,6
2001,MELINDA,9,0,9
2001,MELINA,25,0,25
2001,MELANIE,106,0,106
2001,MEGHAN,140,0,140
2001,MEGAN,555,0,555
2001,MEERA,8,0,8
2001,MICHAELLA,9,0,9
2001,NATALIA,43,0,43
2001,LILY,86,0,86
2001,LILLIAN,49,0,49
2001,KAYLEN,6,0,6
2001,KAYLEIGH,33,0,33
2001,KAYLEE,67,0,67
2001,KAYLEA,7,0,7
2001,KAYLA,349,0,349
2001,KAYA,28,5,23
2001,KAYLEY,18,0,18
2001,KATRYNA,7,0,7
2001,KATRINA,99,0,99
2001,KATLYN,8,0,8
2001,KATIE,91,0,91
2001,KATIA,7,0,7
2001,KATHY,9,0,9
2001,KATHRYN,100,0,100
2001,KATRINE,6,0,6
2001,KATHLEEN,91,0,91
2001,KAYLIE,16,0,16
2001,KAYLYN,6,0,6
2001,KEZIA,6,0,6
2001,KEYANNA,7,0,7
2001,KENZIE,7,0,7
2001,KENNEDY,77,5,72
2001,KENDRA,99,0,99
2001,KENDALL,16,0,16
2001,KAYLIN,15,0,15
2001,KELSEY,73,0,73
2001,KEISHA,8,0,8
2001,KEIRA,27,0,27
2001,KEELY,13,0,13
2001,KEELEY,7,0,7
2001,KEARA,7,0,7
2001,KEANNA,12,0,12
2001,KELLY,100,5,95
2001,KATHERINE,206,0,206
2001,KATHARINE,14,0,14
2001,KATERINA,28,0,28
2001,KAREN,51,0,51
2001,KAREENA,11,0,11
2001,KARA,30,0,30
2001,KAMRYN,28,0,28
2001,KAMILA,8,0,8
2001,KALLIE,6,0,6
2001,KARINA,28,0,28
2001,KALLI,6,0,6
2001,KALI,15,0,15
2001,KALEY,6,0,6
2001,KALEIGH,19,0,19
2001,KAIYA,11,0,11
2001,KAITLYNN,27,0,27
2001,KAITLYN,328,0,328
2001,KALISTA,9,0,9
2001,KARINE,7,0,7
2001,KARISHMA,6,0,6
2001,KARISSA,28,0,28
2001,KATELYNN,21,0,21
2001,KATELYN,163,0,163
2001,KATELIN,9,0,9
2001,KATE,95,0,95
2001,KATARINA,33,0,33
2001,KASSIDY,25,0,25
2001,KASSANDRA,37,0,37
2001,KASEY,12,0,12
2001,KASANDRA,6,0,6
2001,KAROLINA,17,0,17
2001,KARLY,13,0,13
2001,KARLIE,10,0,10
2001,KARLI,9,0,9
2001,KARLEY,10,0,10
2001,KARLEE,16,0,16
2001,KEZIAH,6,0,6
2001,KHADIJA,11,0,11
2001,KIANA,39,0,39
2001,KIANNA,17,0,17
2001,LEANNE,27,0,27
2001,LEANNA,17,0,17
2001,LEAH,183,0,183
2001,LEA,17,0,17
2001,LAYLA,29,0,29
2001,LAURYN,50,0,50
2001,LEENA,8,0,8
2001,LAURIE,10,0,10
2001,LAUREL,8,0,8
2001,LAURA,215,0,215
2001,LARYSSA,6,0,6
2001,LARISSA,38,0,38
2001,LARA,33,0,33
2001,LANA,13,0,13
2001,LAUREN,484,0,484
2001,LEIGH,8,0,8
2001,LEIGHA,9,0,9
2001,LEILA,15,0,15
2001,LILIANA,7,0,7
2001,LILIAN,13,0,13
2001,LILA,9,0,9
2001,LIDIA,9,0,9
2001,LIANA,10,0,10
2001,LIA,21,0,21
2001,LEYLA,6,0,6
2001,LEXUS,11,0,11
2001,LEXIE,14,0,14
2001,LEXI,18,0,18
2001,LESLIE,14,7,7
2001,LESLEY,8,0,8
2001,LEONA,6,0,6
2001,LENA,15,0,15
2001,LEILANI,6,0,6
2001,LAINE,6,0,6
2001,LILLY,9,0,9
2001,LAILA,11,0,11
2001,KYRA,73,0,73
2001,KIRSTIN,9,0,9
2001,KIRSTEN,57,0,57
2001,KIRAN,18,6,12
2001,KIRA,53,0,53
2001,KINZA,6,0,6
2001,KIMBERLY,70,0,70
2001,KIRSTYN,7,0,7
2001,KIMBERLEY,10,0,10
2001,KILEY,10,0,10
2001,KIERSTEN,15,0,15
2001,KIERRA,16,0,16
2001,KIERA,45,0,45
2001,KIARRA,9,0,9
2001,KIARA,81,0,81
2001,KIM,10,0,10
2001,KOMAL,7,0,7
2001,KRISHNA,13,7,6
2001,KRISTA,17,0,17
2001,KYLIE,76,0,76
2001,KYLEIGH,12,0,12
2001,KYLEE,19,0,19
2001,KYLA,72,0,72
2001,KYARA,6,0,6
2001,KYANNA,11,0,11
2001,KYA,8,0,8
2001,KRYSTAL,14,0,14
2001,KRYSTA,7,0,7
2001,KRISTYN,8,0,8
2001,KRISTY,9,0,9
2001,KRISTINE,16,0,16
2001,KRISTINA,65,0,65
2001,KRISTIN,25,0,25
2001,KRISTEN,94,0,94
2001,LACEY,12,0,12
2001,NATALIE,248,0,248
2001,NATALYA,6,0,6
2001,NATASHA,139,0,139
2001,SOHA,6,0,6
2001,SOFIE,8,0,8
2001,SOFIA,110,0,110
2001,SLOANE,7,0,7
2001,SKYLER,49,32,17
2001,SKYLAR,62,19,43
2001,SOMMER,7,0,7
2001,SKYE,28,0,28
2001,SIOBHAN,22,0,22
2001,SINEAD,6,0,6
2001,SIMRIT,7,0,7
2001,SIMRAT,7,0,7
2001,SIMRAN,76,7,69
2001,SIMONE,26,0,26
2001,SKY,8,0,8
2001,SIMONA,9,0,9
2001,SONIA,30,0,30
2001,SONYA,19,0,19
2001,SUSANA,10,0,10
2001,SUSAN,26,0,26
2001,SUMMER,54,0,54
2001,SUMAYA,11,0,11
2001,SUKHMANI,9,0,9
2001,STEPHANIE,235,0,235
2001,SONJA,7,0,7
2001,STELLA,18,0,18
2001,STEFANIA,13,0,13
2001,STACY,9,0,9
2001,STACEY,17,0,17
2001,SOPHIE-ANNE,6,0,6
2001,SOPHIE,188,0,188
2001,SOPHIA,224,0,224
2001,STEFANIE,19,0,19
2001,SILVIA,9,0,9
2001,SIERRA,171,0,171
2001,SIENNA,20,0,20
2001,SHANNON,99,0,99
2001,SHANICE,11,0,11
2001,SHANIA,21,0,21
2001,SHANELLE,12,0,12
2001,SHANA,6,0,6
2001,SHAELYN,18,0,18
2001,SHARON,28,0,28
2001,SHAE-LYNN,8,0,8
2001,SERENITY,8,0,8
2001,SERENA,91,0,91
2001,SELINA,35,0,35
2001,SELENA,93,0,93
2001,SEHAR,6,0,6
2001,SCARLETT,7,0,7
2001,SHAE,7,0,7
2001,SHAUNA,14,0,14
2001,SHAWNA,22,0,22
2001,SHAYLA,33,0,33
2001,SIENA,8,0,8
2001,SIDNEY,28,0,28
2001,SHYANNE,21,0,21
2001,SHYANN,7,0,7
2001,SHREYA,6,0,6
2001,SHIVANI,9,0,9
2001,SHIRLEY,13,0,13
2001,SHIRA,6,0,6
2001,SHIANNE,8,0,8
2001,SHERRY,9,0,9
2001,SHERIDAN,12,0,12
2001,SHELBY,97,0,97
2001,SHEENA,6,0,6
2001,SHEA,13,6,7
2001,SHAYNA,15,0,15
2001,SUSIE,10,0,10
2001,SUZANNE,10,0,10
2001,SYDNEE,7,0,7
2001,SYDNEY,374,0,374
2001,TRINITY,126,0,126
2001,TRICIA,7,0,7
2001,TRACY,22,0,22
2001,TORY,7,0,7
2001,TORI,30,0,30
2001,TONYA,7,0,7
2001,TRISHA,15,0,15
2001,TONI,6,0,6
2001,TIFFANY,97,0,97
2001,TIARA,9,0,9
2001,TIANNA,39,0,39
2001,TIANA,44,0,44
2001,TIA,56,0,56
2001,THERESA,18,0,18
2001,TINA,33,0,33
2001,TRISTAN,265,252,13
2001,TRISTYN,9,0,9
2001,TYANNA,10,0,10
2001,VIVIAN,49,0,49
2001,VITTORIA,6,0,6
2001,VIRGINIA,15,0,15
2001,VIOLET,15,0,15
2001,VIENNA,6,0,6
2001,VICTORIA,562,0,562
2001,VICKY,10,0,10
2001,VERONIKA,7,0,7
2001,VERONICA,96,0,96
2001,VANESSA,298,0,298
2001,VALERIE,49,0,49
2001,VALERIA,8,0,8
2001,VALENTINA,21,0,21
2001,TYRA,20,0,20
2001,TYLER,720,712,8
2001,THEA,15,0,15
2001,SAVANNAH,110,0,110
2001,THALIA,16,0,16
2001,TESS,26,0,26
2001,TANYA,33,0,33
2001,TANISHA,17,0,17
2001,TANIS,7,0,7
2001,TANIA,11,0,11
2001,TAMMY,11,0,11
2001,TAMIA,6,0,6
2001,TARA,64,0,64
2001,TAMARA,36,0,36
2001,TALA,7,0,7
2001,TAIJA,6,0,6
2001,TABITHA,9,0,9
2001,SYLVIE,8,0,8
2001,SYLVIA,16,0,16
2001,SYDNIE,7,0,7
2001,TALIA,54,0,54
2001,TARYN,31,0,31
2001,TASHA,10,0,10
2001,TATIANA,37,0,37
2001,TERRA,8,0,8
2001,TERESA,19,0,19
2001,TEODORA,6,0,6
2001,TEGAN,15,0,15
2001,TEEGAN,6,0,6
2001,TEANNA,8,0,8
2001,TEAGAN,41,10,31
2001,TEA,12,0,12
2001,TAYLOR,536,81,455
2001,TAYLER,11,0,11
2001,TAYLA,8,0,8
2001,TAYA,16,0,16
2001,TATYANA,10,0,10
2001,TATUM,15,0,15
2001,TATIANNA,7,0,7
2001,TESSA,47,0,47
2001,SAVANNA,21,0,21
2001,SAVANAH,6,0,6
2001,SAVANA,8,0,8
2001,RACHEAL,9,0,9
2001,RACHAEL,63,0,63
2001,RABIA,11,0,11
2001,QUINN,100,80,20
2001,PUNEET,16,0,16
2001,PRIYANKA,9,0,9
2001,RACHEL,479,0,479
2001,PRIYA,26,0,26
2001,PRECIOUS,8,0,8
2001,PORTIA,10,0,10
2001,PIPER,22,0,22
2001,PHOEBE,30,0,30
2001,PEYTON,44,20,24
2001,PETRA,6,0,6
2001,PRISCILLA,20,0,20
2001,RACHELLE,19,0,19
2001,RAEANNE,6,0,6
2001,RAHMA,6,0,6
2001,REAGHAN,6,0,6
2001,REAGAN,27,0,27
2001,RAYNE,10,0,10
2001,RAYNA,11,0,11
2001,RAYAN,19,10,9
2001,RAYA,10,0,10
2001,RAWAN,10,0,10
2001,RAVNEET,9,0,9
2001,RAVEN,26,0,26
2001,RAQUEL,27,0,27
2001,RANDI,7,0,7
2001,RANA,7,0,7
2001,RAISA,6,0,6
2001,RAINE,14,8,6
2001,RAINA,13,0,13
2001,PAYTON,93,22,71
2001,REANNA,20,0,20
2001,PAULINE,8,0,8
2001,PAULA,9,0,9
2001,NINA,39,0,39
2001,NIKOLINA,12,0,12
2001,NIKKI,15,0,15
2001,NIKITA,34,7,27
2001,NICOLETTE,9,0,9
2001,NICOLE,487,0,487
2001,NISHA,11,0,11
2001,NICOLA,24,10,14
2001,NIAMH,8,0,8
2001,NIA,12,0,12
2001,NEVAEH,6,0,6
2001,NEHA,19,0,19
2001,NAWAL,6,0,6
2001,NATHALIE,21,0,21
2001,NICHOLE,8,0,8
2001,NOA,8,0,8
2001,NOELLE,18,0,18
2001,NOOR,27,0,27
2001,PATRICIA,46,0,46
2001,PARNEET,8,0,8
2001,PARIS,12,0,12
2001,PAOLA,6,0,6
2001,PAMELA,10,0,10
2001,PAISLEY,6,0,6
2001,PAIGE,217,0,217
2001,ORIANA,6,0,6
2001,OLIVIA,687,0,687
2001,OLGA,9,0,9
2001,OCEAN,10,0,10
2001,NYAH,18,0,18
2001,NYA,8,0,8
2001,NOUR,11,5,6
2001,NORA,17,0,17
2001,PAULINA,13,0,13
2001,KAITLIN,73,0,73
2001,REANNE,8,0,8
2001,REBECCA,318,0,318
2001,SAHAR,14,0,14
2001,SAGE,28,7,21
2001,SAGAL,7,0,7
2001,SAFIYA,9,0,9
2001,SAFA,6,0,6
2001,SADIE,39,0,39
2001,SAIGE,6,0,6
2001,SADIA,7,0,7
2001,SABRINA,201,0,201
2001,SABA,10,0,10
2001,RYLIE,12,0,12
2001,RYLEY,31,20,11
2001,RYLEIGH,10,0,10
2001,RYLEE,36,0,36
2001,SADE,7,0,7
2001,SALENA,6,0,6
2001,SALINA,8,0,8
2001,SALLY,8,0,8
2001,SASHA,56,14,42
2001,SARINA,15,0,15
2001,SARAH,948,0,948
2001,SARA,267,0,267
2001,SAPPHIRE,7,0,7
2001,SANTANA,6,0,6
2001,SANJANA,7,0,7
2001,SANDY,14,0,14
2001,SANDRA,39,0,39
2001,SANA,14,0,14
2001,SAMIRA,15,0,15
2001,SAMIA,9,0,9
2001,SAMARA,10,0,10
2001,SAMANTHA,571,0,571
2001,SALMA,13,0,13
2001,RYANN,11,0,11
2001,REBECA,7,0,7
2001,RYAN,950,935,15
2001,RUBY,33,0,33
2001,RHIANNON,17,0,17
2001,RHIANNA,9,0,9
2001,RHEANNA,6,0,6
2001,RHEA,20,0,20
2001,RENÉE,6,0,6
2001,RENEE,71,0,71
2001,RIA,14,0,14
2001,REILLY,33,19,14
2001,REESE,32,20,12
2001,REENA,8,0,8
2001,REEM,12,0,12
2001,REEGAN,13,0,13
2001,REECE,40,31,9
2001,REBEKAH,29,0,29
2001,REGAN,48,7,41
2001,RIANA,7,0,7
2001,RIANNA,20,0,20
2001,RICHELLE,9,0,9
2001,ROXANNE,11,0,11
2001,ROXANA,8,0,8
2001,ROWAN,43,24,19
2001,ROSEMARY,8,0,8
2001,ROSE,25,0,25
2001,ROSALIE,11,0,11
2001,ROSA,11,0,11
2001,ROMINA,7,0,7
2001,ROCHELLE,12,0,12
2001,ROBYN,35,0,35
2001,ROBIN,34,21,13
2001,RIYA,16,0,16
2001,RITA,17,0,17
2001,RILEY,361,289,72
2001,RIDA,18,0,18
2001,RUTH,26,0,26
2001,KAILYN,11,0,11
2001,KAILEY,32,0,32
2001,KAILEIGH,11,0,11
2001,BROOKE,212,0,212
2001,BRONWYN,23,0,23
2001,BRONWEN,6,0,6
2001,BRITTNEY,31,0,31
2001,BRITTANY,67,0,67
2001,BRITNEY,40,0,40
2001,BROOKELYN,9,0,9
2001,BRIGITTE,11,0,11
2001,BRIDGETTE,10,0,10
2001,BRIDGET,29,0,29
2001,BRIANNE,32,0,32
2001,BRIANNA,381,0,381
2001,BRIANA,34,0,34
2001,BRENNA,31,0,31
2001,BRIELLE,11,0,11
2001,BRENDA,16,0,16
2001,BROOKLYN,112,0,112
2001,BRYANNA,28,0,28
2001,CALLIE,9,0,9
2001,CALLA,8,0,8
2001,CALISTA,17,0,17
2001,CALI,6,0,6
2001,CALEIGH,15,0,15
2001,CAITLYN,97,0,97
2001,BROOKLYNN,22,0,22
2001,CAITLIN,118,0,118
2001,CAILEY,10,0,10
2001,CAILEIGH,7,0,7
2001,CADENCE,7,0,7
2001,BUSHRA,6,0,6
2001,BRYNN,16,0,16
2001,BRYN,13,6,7
2001,CAILIN,7,0,7
2001,BREANNE,25,0,25
2001,BREANNA,135,0,135
2001,BREANN,8,0,8
2001,AVERY,195,53,142
2001,AVA,84,0,84
2001,AUTUMN,80,0,80
2001,AURORA,31,0,31
2001,AUGUST,6,0,6
2001,AUDREY,50,0,50
2001,AVNEET,18,0,18
2001,AUBREY,9,0,9
2001,ASPEN,8,0,8
2001,ASMAA,8,0,8
2001,ASMA,10,0,10
2001,ASIA,15,0,15
2001,ASHTON,76,69,7
2001,ASHLYNN,10,0,10
2001,ATHENA,43,0,43
2001,AYA,16,0,16
2001,AYAH,10,0,10
2001,AYESHA,27,0,27
2001,BREA,6,0,6
2001,BRANDY,10,0,10
2001,BRANDI,8,0,8
2001,BIANCA,100,0,100
2001,BETHANY,56,0,56
2001,BETH,10,0,10
2001,BERNADETTE,6,0,6
2001,BELLA,7,0,7
2001,BEATRICE,9,0,9
2001,BAYLEE,6,0,6
2001,BATOUL,6,0,6
2001,BAILEY,138,48,90
2001,BAILEE,11,0,11
2001,BABY,17,11,6
2001,AYLA,12,0,12
2001,CAMERON,598,576,22
2001,CAMERYN,8,0,8
2001,CAMILA,12,0,12
2001,CAMILLE,50,0,50
2001,CHELSEA,124,0,124
2001,CHAYA,8,0,8
2001,CHASITY,8,0,8
2001,CHASE,99,93,6
2001,CHARMAINE,7,0,7
2001,CHARLOTTE,180,0,180
2001,CHELSEY,17,0,17
2001,CHARLIZE,16,0,16
2001,CHARLENE,6,0,6
2001,CHARITY,10,0,10
2001,CHANTELLE,22,0,22
2001,CHANTEL,26,0,26
2001,CHANTE,7,0,7
2001,CHANTAL,36,0,36
2001,CHARLIE,26,20,6
2001,CHELSIE,6,0,6
2001,CHERYL,10,0,10
2001,CHEYANNE,8,0,8
2001,CLARE,27,0,27
2001,CLARA,33,0,33
2001,CLAIRE,193,0,193
2001,CINDY,37,0,37
2001,CIERRA,25,0,25
2001,CIERA,9,0,9
2001,CIARA,24,0,24
2001,CHRISTINE,92,0,92
2001,CHRISTINA,213,0,213
2001,CHRISTIANE,6,0,6
2001,CHRISTIANA,8,0,8
2001,CHLOÉ,15,0,15
2001,CHLOE,349,0,349
2001,CHIARA,26,0,26
2001,CHEYENNE,45,0,45
2001,CHANELLE,11,0,11
2001,ASHLYN,31,0,31
2001,CHANEL,20,0,20
2001,CELINA,31,0,31
2001,CARMEN,36,6,30
2001,CARLY,64,0,64
2001,CARLIE,14,0,14
2001,CARLI,7,0,7
2001,CARLEY,20,0,20
2001,CARLEIGH,10,0,10
2001,CAROL,9,0,9
2001,CARLEE,8,0,8
2001,CARISSA,29,0,29
2001,CARINA,17,0,17
2001,CARA,21,0,21
2001,CANDICE,8,0,8
2001,CANDACE,13,0,13
2001,CAMRYN,56,0,56
2001,CARLA,9,0,9
2001,CAROLINA,16,0,16
2001,CAROLINE,90,0,90
2001,CAROLYN,30,0,30
2001,CELIA,15,0,15
2001,CELESTE,33,0,33
2001,CECILIA,27,0,27
2001,CECELIA,8,0,8
2001,CAYLA,11,0,11
2001,CATRIONA,7,0,7
2001,CATRINA,6,0,6
2001,CATHY,13,0,13
2001,CATHERINE,126,0,126
2001,CATARINA,9,0,9
2001,CASSIE,18,0,18
2001,CASSIDY,133,0,133
2001,CASSANDRA,222,0,222
2001,CASEY,35,21,14
2001,CARTER,278,272,6
2001,CELINE,26,0,26
2001,ASHLEY,502,0,502
2001,ASHLEIGH,40,0,40
2001,ASHLEE,11,0,11
2001,ALEXIA,69,0,69
2001,ALEXANDRIA,84,0,84
2001,ALEXANDREA,10,0,10
2001,ALEXANDRA,407,0,407
2001,ALEXA,119,0,119
2001,ALEX,167,157,10
2001,ALEXIE,14,0,14
2001,ALESSIA,70,0,70
2001,ALENA,6,0,6
2001,ALEKSANDRA,15,0,15
2001,ALEJANDRA,10,0,10
2001,ALEENA,7,0,7
2001,ALEAH,9,0,9
2001,ALAYNA,12,0,12
2001,ALESSANDRA,33,0,33
2001,ALEXIS,258,10,248
2001,ALEXUS,9,0,9
2001,ALEXYS,7,0,7
2001,ALLY,15,0,15
2001,ALLISON,136,0,136
2001,ALLIE,7,0,7
2001,ALIZA,10,0,10
2001,ALIYAH,47,0,47
2001,ALIYA,26,0,26
2001,ALISSA,33,0,33
2001,ALISON,75,0,75
2001,ALISHA,51,0,51
2001,ALISA,12,0,12
2001,ALINE,6,0,6
2001,ALINA,20,0,20
2001,ALICIA,138,0,138
2001,ALICE,42,0,42
2001,ALIA,20,0,20
2001,ALANNAH,10,0,10
2001,ALLYSON,22,0,22
2001,ALANNA,20,0,20
2001,ALAINA,11,0,11
2001,ABIGAIL,463,0,463
2001,ABIGAEL,7,0,7
2001,ABEER,6,0,6
2001,ABBYGALE,6,0,6
2001,ABBYGAIL,6,0,6
2001,ABBY,103,0,103
2001,ABIGALE,8,0,8
2001,ABBIGALE,7,0,7
2001,ABBIE,19,0,19
2001,ABBEY,71,0,71
2001,ABAGAIL,8,0,8
2001,AARTI,6,0,6
2001,AALIYAH,56,0,56
2001,BRAXTON,5,5,0
2001,ABBIGAIL,17,0,17
2001,ABIGAYLE,26,0,26
2001,ADA,11,0,11
2001,ADDISON,28,13,15
2001,AISLINN,8,0,8
2001,AISHA,46,0,46
2001,AINSLEY,57,0,57
2001,AIMEE,18,0,18
2001,AILEEN,9,0,9
2001,AIDAN,389,378,11
2001,AIDA,7,0,7
2001,AGNES,6,0,6
2001,AGATHA,10,0,10
2001,ADRIENNE,12,0,12
2001,ADRIANNA,45,0,45
2001,ADRIANA,51,0,51
2001,ADINA,10,0,10
2001,ADELE,11,0,11
2001,ADELAIDE,17,0,17
2001,ALANA,48,0,48
2001,CLARISSA,21,0,21
2001,ALLYSSA,11,0,11
2001,ALYCIA,15,0,15
2001,ANNE-MARIE,8,0,8
2001,ANNE,36,0,36
2001,ANNALISE,6,0,6
2001,ANNALISA,6,0,6
2001,ANNABELLE,32,0,32
2001,ANNABELLA,6,0,6
2001,ANNETTE,10,0,10
2001,ANNA,222,0,222
2001,ANJALI,31,0,31
2001,ANJA,7,0,7
2001,ANITA,27,0,27
2001,ANISSA,9,0,9
2001,ANISHA,10,0,10
2001,ANISA,12,0,12
2001,ANMOL,7,0,7
2001,ANNIE,43,0,43
2001,ANNIKA,37,0,37
2001,ANTOINETTE,7,0,7
2001,ASHA,14,0,14
2001,ARYANNA,9,0,9
2001,ARSHDEEP,18,10,8
2001,ARIELLE,18,0,18
2001,ARIEL,56,14,42
2001,ARIANNE,13,0,13
2001,ARIANNA,55,0,55
2001,ARIANE,9,0,9
2001,ARIANA,60,0,60
2001,ARIA,12,0,12
2001,ARDEN,9,0,9
2001,APRIL,29,0,29
2001,ANYA,8,0,8
2001,ANUSHKA,8,0,8
2001,ANTONIA,10,0,10
2001,ANIKA,31,0,31
2001,ALORA,13,0,13
2001,ANGELIQUE,11,0,11
2001,ANGELINA,100,0,100
2001,AMELIA,92,0,92
2001,AMEENA,6,0,6
2001,AMBER,172,0,172
2001,AMAYA,6,0,6
2001,AMARA,10,0,10
2001,AMANPREET,6,0,6
2001,AMELIE,8,0,8
2001,AMANI,12,5,7
2001,AMAL,15,0,15
2001,ALYSSIA,13,0,13
2001,ALYSSA,509,0,509
2001,ALYSON,23,0,23
2001,ALYSHA,21,0,21
2001,ALYSA,11,0,11
2001,AMANDA,331,0,331
2001,AMIE,6,0,6
2001,AMINA,22,0,22
2001,AMIRA,10,0,10
2001,ANGELIKA,7,0,7
2001,ANGELICA,69,0,69
2001,ANGELA,123,0,123
2001,ANGEL,55,9,46
2001,ANEESA,6,0,6
2001,ANDREA,149,8,141
2001,ANDIE,6,0,6
2001,ANASTASIA,49,0,49
2001,ANAHITA,7,0,7
2001,ANA,32,0,32
2001,AMÉLIE,8,0,8
2001,AMY,199,0,199
2001,AMRITA,7,0,7
2001,AMRIT,19,9,10
2001,AMISHA,7,0,7
2001,ANGELINE,8,0,8
2001,WENDY,12,0,12
2001,CLAUDIA,81,0,81
2001,COLLEEN,28,0,28
2001,JACLYN,27,0,27
2001,JACKLYN,13,0,13
2001,IZABELLA,8,0,8
2001,IVY,46,0,46
2001,IVORY,7,0,7
2001,IVANNA,6,0,6
2001,JACQUELINE,74,0,74
2001,IVANA,15,0,15
2001,ISOBEL,13,0,13
2001,ISHIKA,13,0,13
2001,ISHA,28,0,28
2001,ISABELLE,144,0,144
2001,ISABELLA,327,0,327
2001,ISABEL,70,0,70
2001,ISRA,7,0,7
2001,IRIS,11,0,11
2001,JADA,69,0,69
2001,JADEN,171,125,46
2001,JANET,7,0,7
2001,JANESSA,18,0,18
2001,JANELLE,29,0,29
2001,JANE,26,0,26
2001,JANAE,7,0,7
2001,JANA,18,0,18
2001,JADE,142,5,137
2001,JAMIE,127,37,90
2001,JAIMEE,6,0,6
2001,JAIME,33,0,33
2001,JAIDYN,6,0,6
2001,JAIDEN,47,24,23
2001,JAIDA,12,0,12
2001,JADYN,40,7,33
2001,JAIMIE,10,0,10
2001,IRENE,23,0,23
2001,IRELAND,17,0,17
2001,IQRA,13,0,13
2001,HEATHER,84,0,84
2001,HAZEL,13,0,13
2001,HAYLEY,97,0,97
2001,HAYLEE,17,0,17
2001,HAYDEN,160,154,6
2001,HARPREET,11,5,6
2001,HEAVEN,7,0,7
2001,HARPER,6,0,6
2001,HARMONY,16,0,16
2001,HARMAN,25,19,6
2001,HARLEY,21,12,9
2001,HARLEEN,25,0,25
2001,HARJOT,22,14,8
2001,HANNAH,738,0,738
2001,HARNEET,9,0,9
2001,HEBA,9,0,9
2001,HEIDI,25,0,25
2001,HELEN,40,0,40
2001,INDIA,7,0,7
2001,IMANI,8,0,8
2001,IMAN,39,0,39
2001,IMAAN,6,0,6
2001,IKRAM,7,0,7
2001,HUNTER,314,272,42
2001,HUMAIRA,6,0,6
2001,HUDA,13,0,13
2001,HOPE,78,0,78
2001,HOLLY,105,0,105
2001,HILLARY,18,0,18
2001,HILARY,16,0,16
2001,HIBAH,7,0,7
2001,HIBA,16,0,16
2001,HELENA,30,0,30
2001,JANICE,19,0,19
2001,JANINE,10,0,10
2001,JASLEEN,33,0,33
2001,JASMEEN,11,0,11
2001,JOY,12,0,12
2001,JOVANA,7,0,7
2001,JOSIE,15,0,15
2001,JOSEPHINE,32,0,32
2001,JOSELYN,6,0,6
2001,JOSEE,11,0,11
2001,JOYCE,21,0,21
2001,JORDYN,52,0,52
2001,JORDANA,14,0,14
2001,JORDAN,614,479,135
2001,JOLIE,11,0,11
2001,JOLENE,6,0,6
2001,JOHANNA,16,0,16
2001,JOEY,36,25,11
2001,JORDANNA,8,0,8
2001,JUDITH,10,0,10
2001,JUDY,19,0,19
2001,JULIA,640,0,640
2001,KAILEE,8,0,8
2001,KAILA,7,0,7
2001,KAIA,9,0,9
2001,KAELYN,14,0,14
2001,KAELIN,8,0,8
2001,KAELA,6,0,6
2001,JUSTYNA,6,0,6
2001,JUSTINE,35,0,35
2001,JUSTICE,33,21,12
2001,JULIETTE,19,0,19
2001,JULIET,18,0,18
2001,JULIE,81,0,81
2001,JULIANNE,16,0,16
2001,JULIANNA,64,0,64
2001,JULIANA,72,0,72
2001,JOELLE,26,0,26
2001,HANNA,85,0,85
2001,JODIE,9,0,9
2001,JOCELYN,54,0,54
2001,JAYNA,9,0,9
2001,JAYME,12,0,12
2001,JAYLIN,6,0,6
2001,JAYLENE,6,0,6
2001,JAYLA,6,0,6
2001,JAYDEN,203,157,46
2001,JAZLYN,9,0,9
2001,JAYDE,10,0,10
2001,JASPREET,10,0,10
2001,JASNEET,6,0,6
2001,JASMYN,8,0,8
2001,JASMINE,204,0,204
2001,JASMIN,32,0,32
2001,JASMEET,7,0,7
2001,JAYDA,16,0,16
2001,JAZMIN,13,0,13
2001,JAZMINE,13,0,13
2001,JENA,17,0,17
2001,JOANNE,27,0,27
2001,JOANNA,49,0,49
2001,JILLIAN,118,0,118
2001,JIA,12,6,6
2001,JEWEL,8,0,8
2001,JESSIE,49,11,38
2001,JESSICA,709,0,709
2001,JESSE,180,169,11
2001,JENSEN,15,5,10
2001,JENNY,38,0,38
2001,JENNIFER,201,0,201
2001,JENNIE,7,0,7
2001,JENNA,264,0,264
2001,JENICA,10,0,10
2001,JENELLE,6,0,6
2001,JODI,8,0,8
2001,HANAN,7,0,7
2001,HANA,36,0,36
2001,HALLIE,8,0,8
2001,DOMINIQUE,41,7,34
2001,DOMENICA,6,0,6
2001,DIVYA,13,0,13
2001,DINA,13,0,13
2001,DIANE,11,0,11
2001,DIANA,47,0,47
2001,DONNA,10,0,10
2001,DEVYN,20,9,11
2001,DESTINY,117,0,117
2001,DESIREE,43,0,43
2001,DENISE,18,0,18
2001,DELINA,6,0,6
2001,DELILAH,6,0,6
2001,DELANEY,34,0,34
2001,DEVON,114,103,11
2001,DOROTHY,6,0,6
2001,DREW,48,40,8
2001,DYLAN,621,614,7
2001,ELISSA,16,0,16
2001,ELISHA,12,0,12
2001,ELISE,34,0,34
2001,ELISABETH,43,0,43
2001,ELISA,10,0,10
2001,ELIANA,9,0,9
2001,ELENI,13,0,13
2001,ELENA,28,0,28
2001,ELEANOR,17,0,17
2001,ELAINE,27,0,27
2001,ELAINA,7,0,7
2001,EILEEN,13,0,13
2001,EESHA,6,0,6
2001,EDEN,62,5,57
2001,EBONY,12,0,12
2001,DEJA,6,0,6
2001,ELIZA,15,0,15
2001,DEIRDRE,7,0,7
2001,DEANNA,40,0,40
2001,DANA,64,0,64
2001,DALLAS,38,28,10
2001,DALIA,18,0,18
2001,DAKOTA,123,88,35
2001,DAISY,12,0,12
2001,DAHLIA,8,0,8
2001,DANIA,6,0,6
2001,CYNTHIA,50,0,50
2001,CRYSTAL,47,0,47
2001,CRISTINA,26,0,26
2001,COURTNEY,128,0,128
2001,CORAL,8,0,8
2001,CORA,17,0,17
2001,CONNIE,14,0,14
2001,CYDNEY,8,0,8
2001,DANICA,18,0,18
2001,DANIELA,59,0,59
2001,DANIELLA,68,0,68
2001,DEANDRA,7,0,7
2001,DAYNA,17,0,17
2001,DAWN,8,0,8
2001,DAVINA,6,0,6
2001,DARYA,6,0,6
2001,DARIAN,22,14,8
2001,DARIA,18,0,18
2001,DARCY,35,23,12
2001,DARCIE,6,0,6
2001,DARBY,7,0,7
2001,DARA,10,0,10
2001,DAPHNE,21,0,21
2001,DANYA,6,0,6
2001,DANIKA,31,0,31
2001,DANIELLE,212,0,212
2001,DEBORAH,12,0,12
2001,CLOE,12,0,12
2001,ELIZABETH,339,0,339
2001,ELLEN,23,0,23
2001,GIA,6,0,6
2001,GEORGINA,8,0,8
2001,GEORGIA,76,0,76
2001,GENEVIEVE,25,0,25
2001,GENEVA,6,0,6
2001,GEMMA,16,0,16
2001,GILLIAN,74,0,74
2001,GABRIELLE,157,0,157
2001,GABRIELA,38,0,38
2001,FRANCESCA,25,0,25
2001,FRANCES,20,0,20
2001,FLORENCE,8,0,8
2001,FLORA,13,0,13
2001,FIZA,7,0,7
2001,GABRIELLA,76,0,76
2001,GINA,6,0,6
2001,GISELE,6,0,6
2001,GISELLE,17,0,17
2001,HALLE,17,0,17
2001,HALEY,113,0,113
2001,HALEIGH,16,0,16
2001,HAILY,8,0,8
2001,HAILEY,316,0,316
2001,HAILEE,16,0,16
2001,HAFSA,18,0,18
2001,GWYNETH,11,0,11
2001,GURNEET,6,0,6
2001,GURLEEN,34,0,34
2001,GRACIE,29,0,29
2001,GRACE,415,0,415
2001,GLORIA,24,0,24
2001,GIULIANA,9,0,9
2001,GIULIA,13,0,13
2001,FIONA,44,0,44
2001,ELLA,97,0,97
2001,FELICITY,10,0,10
2001,FATMA,8,0,8
2001,EMMA,879,0,879
2001,EMILY,1128,0,1128
2001,EMILIE,85,0,85
2001,EMILIA,25,0,25
2001,EMILEE,24,0,24
2001,EMERSON,15,9,6
2001,EMMANUELLE,7,0,7
2001,EMAN,10,0,10
2001,ELYSE,14,0,14
2001,ELSIE,10,0,10
2001,ELSA,7,0,7
2001,ELORA,13,0,13
2001,ELMA,6,0,6
2001,ELLIE,10,0,10
2001,ELYSSA,6,0,6
2001,ERICA,112,0,112
2001,ERICKA,8,0,8
2001,ERIKA,92,0,92
2001,FATIMAH,9,0,9
2001,FATIMA,56,0,56
2001,FATEMA,7,0,7
2001,FARRAH,7,0,7
2001,FARAH,8,0,8
2001,FAIZA,7,0,7
2001,FAITH,142,0,142
2001,EVELYN,52,0,52
2001,EVE,37,0,37
2001,EVA,54,0,54
2001,EUNICE,6,0,6
2001,ESTHER,34,0,34
2001,ESHA,18,0,18
2001,ERYN,16,0,16
2001,ERIN,210,0,210
2001,FELICIA,36,0,36
2001,WHITNEY,9,0,9
2001,POOJA,7,0,7
2001,WINNIE,7,0,7
2001,FRANKLIN,5,5,0
2001,FRASER,11,11,0
2001,FREDERIC,7,7,0
2001,FREDERICK,21,21,0
2001,FURQAN,5,5,0
2001,GABRIEL,250,250,0
2001,FRANKIE,6,6,0
2001,GABRIELE,7,7,0
2001,GAGE,34,34,0
2001,GALEN,5,5,0
2001,GARETH,11,11,0
2001,GARRET,11,11,0
2001,GARRETT,56,56,0
2001,GARY,26,26,0
2001,GAGANDEEP,6,6,0
2001,GAURAV,8,8,0
2001,FRANK,42,42,0
2001,FRANCO,5,5,0
2001,FARHAN,13,13,0
2001,FARIS,5,5,0
2001,FELIX,36,36,0
2001,FÉLIX,12,12,0
2001,FERNANDO,12,12,0
2001,FILIP,25,25,0
2001,FRANCOIS,6,6,0
2001,FILIPE,5,5,0
2001,FINN,11,11,0
2001,FINNEGAN,5,5,0
2001,FOSTER,6,6,0
2001,FRANCESCO,29,29,0
2001,FRANCIS,38,38,0
2001,FRANCISCO,13,13,0
2001,FILIPPO,5,5,0
2001,GAVEN,5,5,0
2001,GAVIN,145,145,0
2001,GEOFFREY,10,10,0
2001,GRAYDON,20,20,0
2001,GRAYSON,24,24,0
2001,GREGORY,81,81,0
2001,GREYSON,6,6,0
2001,GRIFFEN,9,9,0
2001,GRIFFIN,46,46,0
2001,GRANT,45,45,0
2001,GUILLAUME,8,8,0
2001,GURBIR,5,5,0
2001,GURJAP,6,6,0
2001,GURJOT,11,11,0
2001,GURKARAN,5,5,0
2001,GURKIRAT,5,5,0
2001,GURMAN,6,6,0
2001,GULED,6,6,0
2001,GRAHAM,41,41,0
2001,GRAEME,30,30,0
2001,GORDON,25,25,0
2001,GEORGE,105,105,0
2001,GERALD,15,15,0
2001,GERARD,7,7,0
2001,GIACOMO,8,8,0
2001,GIANCARLO,13,13,0
2001,GIANLUCA,28,28,0
2001,GIANNI,6,6,0
2001,GIBSON,5,5,0
2001,GIDEON,6,6,0
2001,GIORGIO,6,6,0
2001,GIOVANNI,19,19,0
2001,GIULIANO,10,10,0
2001,GIUSEPPE,25,25,0
2001,GLEN,9,9,0
2001,GLENN,6,6,0
2001,FARDIN,5,5,0
2001,FAIZAN,7,7,0
2001,FAISAL,12,12,0
2001,FAHAD,11,11,0
2001,DUSTIN,70,70,0
2001,DUSTYN,6,6,0
2001,DWAYNE,6,6,0
2001,DWIGHT,5,5,0
2001,DYLLON,5,5,0
2001,EAMON,5,5,0
2001,DUNCAN,46,46,0
2001,EASTON,12,12,0
2001,EDDY,5,5,0
2001,EDISON,14,14,0
2001,EDMOND,6,6,0
2001,EDMUND,5,5,0
2001,EDUARDO,6,6,0
2001,EDWARD,88,88,0
2001,EDDIE,5,5,0
2001,DRYDEN,8,8,0
2001,DRAVEN,8,8,0
2001,DRAKE,32,32,0
2001,DIEGO,33,33,0
2001,DILLAN,6,6,0
2001,DILLON,45,45,0
2001,DIMITRI,13,13,0
2001,DIMITRIOS,7,7,0
2001,DION,9,9,0
2001,DOMENIC,24,24,0
2001,DOMENICO,19,19,0
2001,DOMINIC,72,72,0
2001,DOMINICK,9,9,0
2001,DOMINIK,23,23,0
2001,DONALD,26,26,0
2001,DONOVAN,16,16,0
2001,DORIAN,14,14,0
2001,DOUGLAS,35,35,0
2001,EDWIN,23,23,0
2001,GURNOOR,6,6,0
2001,EITAN,5,5,0
2001,ELIAS,29,29,0
2001,ERIK,92,92,0
2001,ERNEST,8,8,0
2001,ETHAN,880,880,0
2001,ETHIN,5,5,0
2001,ETIENNE,5,5,0
2001,EUGENE,14,14,0
2001,ERICK,13,13,0
2001,EVAN,420,420,0
2001,EVIN,5,5,0
2001,EWAN,8,8,0
2001,EZEKIEL,8,8,0
2001,EZRA,8,8,0
2001,FABIAN,6,6,0
2001,FABIO,7,7,0
2001,EVERETT,16,16,0
2001,ERICH,5,5,0
2001,ERIC,430,430,0
2001,ENRIQUE,6,6,0
2001,ELIE,6,6,0
2001,ELIJAH,96,96,0
2001,ELLIOT,23,23,0
2001,WILLOW,27,0,27
2001,ELVIS,7,7,0
2001,EMANUEL,12,12,0
2001,EMILE,8,8,0
2001,EMILIO,6,6,0
2001,EMIR,5,5,0
2001,EMMANUEL,34,34,0
2001,EMMET,5,5,0
2001,EMMETT,9,9,0
2001,ENOCH,5,5,0
2001,ENOS,5,5,0
2001,ENRICO,6,6,0
2001,ELI,22,22,0
2001,GURPREET,8,8,0
2001,GURVIR,7,7,0
2001,HABIB,5,5,0
2001,JAYSON,20,20,0
2001,JEAN,21,21,0
2001,JED,6,6,0
2001,JEFF,7,7,0
2001,JEFFERSON,8,8,0
2001,JEFFERY,24,24,0
2001,JAYLEN,10,10,0
2001,JEFFREY,108,108,0
2001,JEREMIE,12,12,0
2001,JÉRÉMIE,5,5,0
2001,JEREMY,176,176,0
2001,JERICHO,9,9,0
2001,JERMAINE,5,5,0
2001,JEROME,20,20,0
2001,JEREMIAH,37,37,0
2001,JAYDON,19,19,0
2001,JAYDAN,6,6,0
2001,JAYCE,7,7,0
2001,JARRETT,25,25,0
2001,JARROD,9,9,0
2001,JASDEEP,11,11,0
2001,JASHAN,5,5,0
2001,JASKARAN,14,14,0
2001,JASKARN,5,5,0
2001,JASON,313,313,0
2001,JASPER,15,15,0
2001,JASRAJ,7,7,0
2001,JAVIER,6,6,0
2001,JAVON,7,7,0
2001,JAWAD,8,8,0
2001,JAXON,17,17,0
2001,JAXSON,10,10,0
2001,JAY,19,19,0
2001,JERRY,17,17,0
2001,JARRED,14,14,0
2001,JETHRO,5,5,0
2001,JEVON,12,12,0
2001,JORGE,9,9,0
2001,JOSE,12,12,0
2001,JOSEF,6,6,0
2001,JOSEPH,550,550,0
2001,JOSH,20,20,0
2001,JOSHUA,1215,1215,0
2001,JORDON,18,18,0
2001,JOSIAH,44,44,0
2001,JOVAN,12,12,0
2001,JUAN,16,16,0
2001,JUDAH,10,10,0
2001,JUDE,14,14,0
2001,JULIAN,165,165,0
2001,JULIANO,6,6,0
2001,JOSUE,6,6,0
2001,JORDEN,7,7,0
2001,JONATHON,25,25,0
2001,JONATHAN,398,398,0
2001,JIMMY,22,22,0
2001,JIN,5,5,0
2001,JOE,8,8,0
2001,JOEL,164,164,0
2001,JOHAN,11,11,0
2001,JOHANNES,7,7,0
2001,JOHN,409,409,0
2001,JOHNATHAN,60,60,0
2001,JOHNATHON,10,10,0
2001,JOHNNY,23,23,0
2001,JOHN-PAUL,10,10,0
2001,JOHNSON,10,10,0
2001,JON,11,11,0
2001,JONAH,100,100,0
2001,JONAS,18,18,0
2001,JETT,8,8,0
2001,DHRUV,10,10,0
2001,JARON,10,10,0
2001,JARETT,6,6,0
2001,HEINRICH,8,8,0
2001,HENRI,5,5,0
2001,HENRY,72,72,0
2001,HERMAN,5,5,0
2001,HOANG,9,9,0
2001,HOLDEN,20,20,0
2001,HECTOR,5,5,0
2001,HOWARD,8,8,0
2001,HUGH,18,18,0
2001,HUGO,9,9,0
2001,HUMZA,9,9,0
2001,HUSSAIN,10,10,0
2001,HUSSEIN,22,22,0
2001,IAIN,16,16,0
2001,HUDSON,28,28,0
2001,HAYDN,7,7,0
2001,HASSAN,29,29,0
2001,HASHIM,7,7,0
2001,HADI,19,19,0
2001,HAIDER,6,6,0
2001,HAKAM,5,5,0
2001,HAMAD,5,5,0
2001,HAMMAD,6,6,0
2001,HAMZA,60,60,0
2001,HAMZAH,12,12,0
2001,HARIS,14,14,0
2001,HARNOOR,9,9,0
2001,HAROLD,5,5,0
2001,HARRIS,7,7,0
2001,HARRISON,51,51,0
2001,HARRY,16,16,0
2001,HARUN,5,5,0
2001,HASAN,18,18,0
2001,IAN,159,159,0
2001,JAROD,17,17,0
2001,IBRAHEEM,8,8,0
2001,IMRAN,14,14,0
2001,JAGGER,5,5,0
2001,JAHEIM,16,16,0
2001,JAI,10,10,0
2001,JAKE,140,140,0
2001,JAKOB,118,118,0
2001,JAKUB,10,10,0
2001,JAEDON,7,7,0
2001,JALAL,6,6,0
2001,JAMAL,32,32,0
2001,JAMES,483,483,0
2001,JAMESON,9,9,0
2001,JAMIL,10,10,0
2001,JAN,17,17,0
2001,JARED,189,189,0
2001,JALEN,35,35,0
2001,JAEDEN,8,8,0
2001,JADON,16,16,0
2001,JACQUES,12,12,0
2001,ISA,5,5,0
2001,ISAAC,200,200,0
2001,ISAAK,12,12,0
2001,ISAIAH,150,150,0
2001,ISHMAEL,8,8,0
2001,ISMAEL,7,7,0
2001,ISMAIL,12,12,0
2001,ISSAC,9,9,0
2001,IVAN,34,34,0
2001,JACE,10,10,0
2001,JACK,405,405,0
2001,JACKIE,14,14,0
2001,JACKSON,213,213,0
2001,JACKY,13,13,0
2001,JACOB,1098,1098,0
2001,IBRAHIM,40,40,0
2001,JULIEN,41,41,0
2001,DEXTER,5,5,0
2001,DEVIN,126,126,0
2001,AMIR,16,16,0
2001,AMIN,10,10,0
2001,AMEER,6,6,0
2001,AMEEN,5,5,0
2001,AMAR,9,9,0
2001,AMANDEEP,5,5,0
2001,AMIT,11,11,0
2001,AMAN,16,16,0
2001,ALVIN,19,19,0
2001,ALLEN,23,23,0
2001,ALLAN,38,38,0
2001,ALIM,5,5,0
2001,ALI,119,119,0
2001,ALEXI,7,7,0
2001,AMAAN,5,5,0
2001,ALEXEI,7,7,0
2001,AMMAR,17,17,0
2001,ANDERS,7,7,0
2001,ANTE,5,5,0
2001,ANSON,12,12,0
2001,ANOOP,6,6,0
2001,ANKIT,5,5,0
2001,ANISH,7,7,0
2001,ANGUS,28,28,0
2001,ANASTASIOS,6,6,0
2001,ANGELO,33,33,0
2001,ANDY,59,59,0
2001,ANDREW,700,700,0
2001,ANDRES,6,6,0
2001,ANDREI,16,16,0
2001,ANDREAS,19,19,0
2001,ANDRE,61,61,0
2001,ANGAD,6,6,0
2001,ALEXANDROS,6,6,0
2001,ALEXANDRE,102,102,0
2001,ALEXANDER,751,751,0
2001,ADRIEN,12,12,0
2001,ADRIANO,14,14,0
2001,ADRIAN,139,139,0
2001,ADNAN,13,13,0
2001,ADITYA,9,9,0
2001,ADIL,12,12,0
2001,AEDAN,10,10,0
2001,ADEN,15,15,0
2001,ADAMO,12,12,0
2001,ADAM,563,563,0
2001,ABRAM,8,8,0
2001,ABRAHAM,21,21,0
2001,ABID,5,5,0
2001,ABEL,7,7,0
2001,ADAN,5,5,0
2001,AHAD,6,6,0
2001,AHMAD,36,36,0
2001,AHMED,86,86,0
2001,ALESSIO,6,6,0
2001,ALESSANDRO,47,47,0
2001,ALEKSANDER,8,8,0
2001,ALEKSANDAR,24,24,0
2001,ALEKSA,6,6,0
2001,ALEJANDRO,21,21,0
2001,ALEC,38,38,0
2001,ALBERTO,6,6,0
2001,ALBERT,35,35,0
2001,ALAN,34,34,0
2001,ALAIN,7,7,0
2001,AKASHDEEP,8,8,0
2001,AKASH,16,16,0
2001,AJAY,19,19,0
2001,AIDEN,137,137,0
2001,ANTHONY,457,457,0
2001,ANTOINE,13,13,0
2001,ANTON,10,10,0
2001,ANTONIO,72,72,0
2001,BLAIR,20,20,0
2001,BLAINE,5,5,0
2001,BILLY,13,13,0
2001,BILL,10,10,0
2001,BILAL,24,24,0
2001,BERNARD,7,7,0
2001,BLAISE,5,5,0
2001,BENSON,5,5,0
2001,BENNY,6,6,0
2001,BENNETT,20,20,0
2001,BENJAMIN,753,753,0
2001,BEN,36,36,0
2001,BASIL,8,8,0
2001,BARRY,7,7,0
2001,BENOIT,10,10,0
2001,BLAKE,144,144,0
2001,BORIS,10,10,0
2001,BOWEN,13,13,0
2001,BRANDON,527,527,0
2001,BRANDO,5,5,0
2001,BRANDIN,6,6,0
2001,BRANDEN,28,28,0
2001,BRANDAN,7,7,0
2001,BRAIDEN,20,20,0
2001,BRAEDYN,8,8,0
2001,BRAEDON,31,31,0
2001,BRAEDEN,84,84,0
2001,BRAEDAN,19,19,0
2001,BRADYN,5,5,0
2001,BRADY,85,85,0
2001,BRADLEY,162,162,0
2001,BRADEN,60,60,0
2001,BRAD,6,6,0
2001,BARRETT,5,5,0
2001,ABDURAHMAN,6,6,0
2001,BALKARAN,5,5,0
2001,AYUSH,6,6,0
2001,ARUN,10,10,0
2001,ARTHUR,16,16,0
2001,ARON,9,9,0
2001,ARNOLD,5,5,0
2001,ARNAV,5,5,0
2001,ARMANDO,5,5,0
2001,ARVIN,6,6,0
2001,ARMAN,14,14,0
2001,ARJUN,32,32,0
2001,ARIAN,13,13,0
2001,ARI,7,7,0
2001,ARAN,5,5,0
2001,ANUJ,7,7,0
2001,ANTONY,10,10,0
2001,ARMAAN,10,10,0
2001,ARVIND,5,5,0
2001,ARYA,6,6,0
2001,ARYAN,10,10,0
2001,AYUB,19,19,0
2001,AYMAN,6,6,0
2001,AYDEN,45,45,0
2001,AYDAN,10,10,0
2001,AXEL,9,9,0
2001,AVINASH,5,5,0
2001,AVI,7,7,0
2001,AUSTYN,5,5,0
2001,AUSTIN,426,426,0
2001,AUSTEN,12,12,0
2001,ASIM,6,6,0
2001,ASHWIN,6,6,0
2001,ASHVIN,7,7,0
2001,ASHER,11,11,0
2001,ASAD,6,6,0
2001,AZHAR,5,5,0
2001,ABDULRAHMAN,6,6,0
2001,ABDULLAHI,10,10,0
2001,ABDULLAH,63,63,0
2001,CURTIS,169,169,0
2001,CYRIL,6,6,0
2001,CYRUS,15,15,0
2001,DALE,21,21,0
2001,DALTON,73,73,0
2001,DAMIAN,57,57,0
2001,CULLEN,10,10,0
2001,DAMIEN,41,41,0
2001,DAMON,31,31,0
2001,DAN,5,5,0
2001,D'ANDRE,10,10,0
2001,DANE,16,16,0
2001,DANIAL,12,12,0
2001,DANIEL,776,776,0
2001,DAMION,10,10,0
2001,CRISTIAN,24,24,0
2001,CRAIG,23,23,0
2001,CORY,34,34,0
2001,COLEMAN,12,12,0
2001,COLIN,178,178,0
2001,COLLIN,35,35,0
2001,COLTEN,8,8,0
2001,COLTON,91,91,0
2001,CONNER,24,24,0
2001,CONNOR,506,506,0
2001,CONOR,46,46,0
2001,CONRAD,13,13,0
2001,CONSTANTINOS,5,5,0
2001,COOPER,56,56,0
2001,CORBIN,19,19,0
2001,COREY,38,38,0
2001,CORNELIUS,7,7,0
2001,CORSON,5,5,0
2001,DANIELE,7,7,0
2001,COLE,347,347,0
2001,DANISH,7,7,0
2001,DANTE,90,90,0
2001,DENIS,15,15,0
2001,DENNIS,38,38,0
2001,DENVER,15,15,0
2001,DENZEL,15,15,0
2001,DEON,5,5,0
2001,DEREK,88,88,0
2001,DEEP,8,8,0
2001,DERRICK,13,13,0
2001,DESHAWN,11,11,0
2001,DESMOND,20,20,0
2001,DEV,6,6,0
2001,DEVAN,14,14,0
2001,DEVANTE,8,8,0
2001,DEVEN,15,15,0
2001,DESHAUN,5,5,0
2001,DECLAN,46,46,0
2001,DEANDRE,8,8,0
2001,DEAN,42,42,0
2001,DANYAL,8,8,0
2001,DARIEN,20,20,0
2001,DARIUS,25,25,0
2001,DARRELL,6,6,0
2001,DARREN,61,61,0
2001,DARRYL,15,15,0
2001,DASHAWN,5,5,0
2001,DAUNTE,9,9,0
2001,DAVE,6,6,0
2001,DAVID,550,550,0
2001,DAVIN,13,13,0
2001,DAVIS,27,27,0
2001,DAWSON,135,135,0
2001,DAYTON,10,10,0
2001,DEACON,12,12,0
2001,DANNY,32,32,0
2001,DEVONTE,10,10,0
2001,COLBY,138,138,0
2001,CODY,204,204,0
2001,BRODIE,31,31,0
2001,BRODY,88,88,0
2001,BRONSON,5,5,0
2001,BRUCE,15,15,0
2001,BRUNO,13,13,0
2001,BRYAN,73,73,0
2001,BRODERICK,8,8,0
2001,BRYANT,6,6,0
2001,BRYDEN,5,5,0
2001,BRYSON,33,33,0
2001,BURKE,5,5,0
2001,CADE,17,17,0
2001,CADEN,21,21,0
2001,CAEDEN,5,5,0
2001,BRYCE,95,95,0
2001,BROCK,52,52,0
2001,BRIAN,149,149,0
2001,BRETT,97,97,0
2001,ABDULAHI,5,5,0
2001,ABDUL,16,16,0
2001,ABDIRAHMAN,11,11,0
2001,ABBAS,7,7,0
2001,AAYUSH,5,5,0
2001,AARON,313,313,0
2001,BRAYDAN,8,8,0
2001,BRAYDEN,174,174,0
2001,BRAYDON,43,43,0
2001,BRENDAN,157,157,0
2001,BRENDEN,42,42,0
2001,BRENDON,21,21,0
2001,BRENNAN,42,42,0
2001,BRENNEN,10,10,0
2001,BRENT,33,33,0
2001,CAELAN,17,17,0
2001,COHEN,7,7,0
2001,CALE,10,10,0
2001,CALLUM,75,75,0
2001,CHI,5,5,0
2001,CHRIS,26,26,0
2001,CHRISTIAN,327,327,0
2001,CHRISTOPHER,491,491,0
2001,CHRISTOS,5,5,0
2001,CIAN,6,6,0
2001,CHARLES,106,106,0
2001,CIARAN,5,5,0
2001,CLAUDIO,6,6,0
2001,CLAY,8,8,0
2001,CLAYTON,44,44,0
2001,CLIFFORD,7,7,0
2001,CLINTON,6,6,0
2001,COBY,8,8,0
2001,CLARK,11,11,0
2001,CHARBEL,7,7,0
2001,CHANDLER,9,9,0
2001,CHANCE,11,11,0
2001,CALUM,19,19,0
2001,CALVIN,66,66,0
2001,CAMDEN,15,15,0
2001,CAMPBELL,14,14,0
2001,CARL,17,17,0
2001,CARLO,11,11,0
2001,CARLOS,34,34,0
2001,CARMELO,7,7,0
2001,CARSON,154,154,0
2001,CAYDEN,9,9,0
2001,CECIL,5,5,0
2001,CEDAR,5,5,0
2001,CEDRIC,14,14,0
2001,CESAR,6,6,0
2001,CHAD,32,32,0
2001,CALEB,245,245,0
2001,JULIUS,13,13,0
2001,ELLIOTT,18,18,0
2001,JUNIOR,5,5,0
2001,SHAAN,6,6,0
2001,SETH,129,129,0
2001,SERGIO,11,11,0
2001,SEBASTIEN,52,52,0
2001,SEBASTIAN,152,152,0
2001,SEAN,214,214,0
2001,SEAMUS,10,10,0
2001,SCOTT,127,127,0
2001,SAYED,6,6,0
2001,SAWYER,12,12,0
2001,SANTIAGO,11,11,0
2001,SANJAY,8,8,0
2001,SAMUEL,458,458,0
2001,SHAMAR,10,10,0
2001,SAMSON,8,8,0
2001,SAMIR,7,7,0
2001,SAMI,14,14,0
2001,SAMER,5,5,0
2001,SAMEER,26,26,0
2001,SAM,43,43,0
2001,SALVATORE,16,16,0
2001,SALMAN,11,11,0
2001,SALEH,5,5,0
2001,SAHIL,23,23,0
2001,SAHIB,13,13,0
2001,SAFWAN,5,5,0
2001,SACHIN,11,11,0
2001,SAAD,14,14,0
2001,SAMMY,7,7,0
2001,SHAMUS,5,5,0
2001,SHANE,111,111,0
2001,SHAQUAN,5,5,0
2001,SUMEET,5,5,0
2001,SULLIVAN,5,5,0
2001,SUKHRAJ,7,7,0
2001,SUKHMAN,13,13,0
2001,STUART,25,25,0
2001,STORM,5,5,0
2001,STEWART,8,8,0
2001,STEVEN,195,195,0
2001,STEVE,10,10,0
2001,STERLING,14,14,0
2001,STEPHON,5,5,0
2001,STEPHEN,124,124,0
2001,STEPHANE,8,8,0
2001,STEPHAN,8,8,0
2001,STEFANO,24,24,0
2001,STEFAN,68,68,0
2001,STANLEY,24,24,0
2001,SPENCER,240,240,0
2001,SONNY,5,5,0
2001,SOLOMON,12,12,0
2001,SIMON,143,143,0
2001,SIMEON,5,5,0
2001,SHIVAM,5,5,0
2001,SHEMAR,18,18,0
2001,SHELDON,26,26,0
2001,SHAYNE,28,28,0
2001,SHAYAN,14,14,0
2001,SHAWN,104,104,0
2001,SHAUN,22,22,0
2001,RYLAND,9,9,0
2001,RYLAN,8,8,0
2001,RYDER,6,6,0
2001,RUSSELL,40,40,0
2001,RAYMOND,64,64,0
2001,RAYHAN,8,8,0
2001,RAYDEN,5,5,0
2001,RAY,10,10,0
2001,RASHAUN,5,5,0
2001,RASHAD,6,6,0
2001,RAPHAEL,20,20,0
2001,RANDY,35,35,0
2001,RANDALL,7,7,0
2001,RAMI,8,8,0
2001,RALPH,8,8,0
2001,RAJVIR,6,6,0
2001,RAJVEER,10,10,0
2001,RAJAN,11,11,0
2001,RAIDEN,6,6,0
2001,RAHUL,12,12,0
2001,RAHIM,9,9,0
2001,RAFAEL,13,13,0
2001,QUOC,5,5,0
2001,QUINTON,26,26,0
2001,QUINTIN,17,17,0
2001,QUINTEN,7,7,0
2001,QUINLAN,14,14,0
2001,QUINCY,9,9,0
2001,QUENTIN,22,22,0
2001,QUANG,5,5,0
2001,PRINCE,7,7,0
2001,PRESTON,39,39,0
2001,PRAVEEN,6,6,0
2001,RAYYAN,7,7,0
2001,SUNNY,12,12,0
2001,REED,13,13,0
2001,REID,50,50,0
2001,RUDY,7,7,0
2001,RUBEN,13,13,0
2001,ROY,14,14,0
2001,ROSS,17,17,0
2001,ROSHAN,11,11,0
2001,RORY,26,26,0
2001,RONIT,5,5,0
2001,RONAN,21,21,0
2001,RONALD,25,25,0
2001,RON,6,6,0
2001,ROMEO,11,11,0
2001,ROMAN,24,24,0
2001,ROLAND,13,13,0
2001,ROHIT,8,8,0
2001,ROHAN,20,20,0
2001,ROGER,10,10,0
2001,ROCCO,8,8,0
2001,ROBERTO,20,20,0
2001,ROBERT,332,332,0
2001,RIVER,11,11,0
2001,RISHI,10,10,0
2001,RICKY,21,21,0
2001,RICK,8,8,0
2001,RICHARD,149,149,0
2001,RICARDO,22,22,0
2001,RHYS,42,42,0
2001,REUBEN,26,26,0
2001,RENE,5,5,0
2001,REMINGTON,7,7,0
2001,REGINALD,7,7,0
2001,SYED,40,40,0
2001,TAFARI,5,5,0
2001,TAHA,16,16,0
2001,ZACHARIE,13,13,0
2001,ZACHARIAH,17,17,0
2001,YUVRAJ,5,5,0
2001,YUSUF,25,25,0
2001,YOUSSEF,9,9,0
2001,YOUSEF,18,18,0
2001,YONIS,5,5,0
2001,YEHUDA,5,5,0
2001,YASSER,5,5,0
2001,YASH,9,9,0
2001,YASEEN,7,7,0
2001,YANNICK,5,5,0
2001,YANIK,7,7,0
2001,YAHYA,10,10,0
2001,XAVIER,69,69,0
2001,XANDER,10,10,0
2001,WYATT,76,76,0
2001,WINSTON,10,10,0
2001,WILSON,18,18,0
2001,WILLIAM,606,606,0
2001,WILLEM,9,9,0
2001,WILL,13,13,0
2001,WILHELM,6,6,0
2001,WESTON,5,5,0
2001,WESLEY,67,67,0
2001,WAYNE,14,14,0
2001,WASEEM,6,6,0
2001,WARREN,23,23,0
2001,WALTER,8,8,0
2001,ZACHARY,533,533,0
2001,WALKER,9,9,0
2001,ZACHERY,33,33,0
2001,ZACKARY,71,71,0
2001,YARA,8,0,8
2001,YASMEEN,10,0,10
2001,YASMIN,28,0,28
2001,YASMINE,26,0,26
2001,YUSRA,12,0,12
2001,YVONNE,13,0,13
2001,ZAHRA,29,0,29
2001,ZAINA,8,0,8
2001,ZAINAB,33,0,33
2001,ZARA,15,0,15
2001,ZAYNAB,10,0,10
2001,ZEINAB,6,0,6
2001,ZOE,165,0,165
2001,ZOEY,30,0,30
2001,ZOË,7,0,7
2001,ÉMILIE,6,0,6
2001,JUNAID,5,5,0
2001,ZUHAYR,6,6,0
2001,ZOLTAN,7,7,0
2001,ZION,10,10,0
2001,ZAYD,6,6,0
2001,ZANE,14,14,0
2001,ZANDER,12,12,0
2001,ZAKARY,14,14,0
2001,ZAKARIYA,5,5,0
2001,ZAKARIA,18,18,0
2001,ZAIN,18,18,0
2001,ZAID,9,9,0
2001,ZACKERY,35,35,0
2001,ZACK,13,13,0
2001,PRANAVAN,5,5,0
2001,WALEED,25,25,0
2001,VIVEK,6,6,0
2001,TONY,33,33,0
2001,TOMMY,28,28,0
2001,TOMAS,26,26,0
2001,TOM,9,9,0
2001,TODD,14,14,0
2001,TOBY,8,8,0
2001,TOBIAS,14,14,0
2001,TIMOTHY,137,137,0
2001,TIM,6,6,0
2001,TIERNAN,5,5,0
2001,TIAGO,13,13,0
2001,THOMAS,501,501,0
2001,THEOREN,7,7,0
2001,THEODORE,20,20,0
2001,THEO,6,6,0
2001,TERRY,11,11,0
2001,TERRENCE,16,16,0
2001,TERRELL,10,10,0
2001,TERRANCE,8,8,0
2001,TERENCE,6,6,0
2001,TERELL,5,5,0
2001,TATE,9,9,0
2001,TARIQ,10,10,0
2001,TAREK,7,7,0
2001,TARAN,10,10,0
2001,TANVIR,6,6,0
2001,TANNER,111,111,0
2001,TALON,9,9,0
2001,TALHA,11,11,0
2001,TRAVIS,102,102,0
2001,WADE,16,16,0
2001,TRE,5,5,0
2001,TRENTON,30,30,0
2001,VISHAL,6,6,0
2001,VINCENZO,17,17,0
2001,VINCENT,123,123,0
2001,VINCE,13,13,0
2001,VIKRAM,6,6,0
2001,VICTOR,79,79,0
2001,VARUN,8,8,0
2001,UZAIR,5,5,0
2001,USMAN,14,14,0
2001,USAMA,5,5,0
2001,UMER,6,6,0
2001,UMAR,11,11,0
2001,TYSON,118,118,0
2001,TYSEN,6,6,0
2001,TYRONE,16,16,0
2001,TYRESE,22,22,0
2001,TYRELL,30,30,0
2001,TYLOR,6,6,0
2001,TYE,24,24,0
2001,TY,33,33,0
2001,TURNER,5,5,0
2001,TUCKER,17,17,0
2001,TRYSTAN,16,16,0
2001,TROY,34,34,0
2001,TRISTIN,7,7,0
2001,TRISTEN,17,17,0
2001,TREY,19,19,0
2001,TREVOR,114,114,0
2001,TREVON,7,7,0
2001,TRENT,79,79,0
2001,PRANAV,7,7,0
2001,TARIK,6,6,0
2001,PIOTR,5,5,0
2001,LEONARDO,13,13,0
2001,LEONARD,9,9,0
2001,LEON,9,9,0
2001,LEO,41,41,0
2001,LEE,13,13,0
2001,LEANDRO,8,8,0
2001,LAWRENCE,12,12,0
2001,LARRY,9,9,0
2001,LANDON,30,30,0
2001,LANCE,13,13,0
2001,LACHLAN,11,11,0
2001,KYRAN,6,6,0
2001,KYLER,18,18,0
2001,LEVI,34,34,0
2001,KYLE,535,535,0
2001,KURTIS,70,70,0
2001,KURT,24,24,0
2001,KRISTOPHER,29,29,0
2001,KRISTIAN,28,28,0
2001,KRISHAN,5,5,0
2001,KRISH,5,5,0
2001,KORY,9,9,0
2001,KONSTANTINOS,5,5,0
2001,KONRAD,7,7,0
2001,KONNOR,5,5,0
2001,KOLTON,14,14,0
2001,KOLE,5,5,0
2001,KOLBY,20,20,0
2001,KWAME,7,7,0
2001,LEWIS,14,14,0
2001,LIAM,574,574,0
2001,LIBAN,8,8,0
2001,MANVIR,15,15,0
2001,MANVEER,8,8,0
2001,MANUEL,8,8,0
2001,MANRAJ,13,13,0
2001,MANAV,6,6,0
2001,MALIK,27,27,0
2001,MALEK,6,6,0
2001,MALCOLM,71,71,0
2001,MALACHI,28,28,0
2001,MAHMOUD,5,5,0
2001,MAHDI,10,10,0
2001,MAHAD,12,12,0
2001,MAGNUS,9,9,0
2001,MAAZ,12,12,0
2001,LYNDON,5,5,0
2001,LUKE,223,223,0
2001,LUKASZ,8,8,0
2001,LUKAS,51,51,0
2001,LUKA,38,38,0
2001,LUIS,24,24,0
2001,LUIGI,5,5,0
2001,LUCUS,5,5,0
2001,LUCIANO,11,11,0
2001,LUCAS,473,473,0
2001,LUCA,131,131,0
2001,LUC,19,19,0
2001,LOUIS,21,21,0
2001,LORENZO,18,18,0
2001,LINCOLN,6,6,0
2001,KODY,19,19,0
2001,KOBY,11,11,0
2001,KOBE,27,27,0
2001,KIRKLAND,5,5,0
2001,KARMAN,5,5,0
2001,KARL,20,20,0
2001,KARIM,14,14,0
2001,KAREEM,21,21,0
2001,KARANVIR,8,8,0
2001,KARANVEER,6,6,0
2001,KARANDEEP,5,5,0
2001,KARAN,24,24,0
2001,KANE,8,8,0
2001,KAMRAN,5,5,0
2001,KAMIL,12,12,0
2001,PRABHJOT,5,5,0
2001,KAMERON,12,12,0
2001,KALVIN,5,5,0
2001,KALEN,6,6,0
2001,KALEB,59,59,0
2001,KALE,12,12,0
2001,KAIDEN,10,10,0
2001,KAI,32,32,0
2001,KAELEN,5,5,0
2001,KAELAN,7,7,0
2001,KAEL,5,5,0
2001,KADIN,5,5,0
2001,KADEN,29,29,0
2001,KADE,8,8,0
2001,JUSTYN,11,11,0
2001,JUSTUS,8,8,0
2001,JUSTIN,737,737,0
2001,JUSTEN,5,5,0
2001,KARSON,7,7,0
2001,MARC,54,54,0
2001,KARTER,6,6,0
2001,KEAGAN,19,19,0
2001,KIRK,6,6,0
2001,KIERAN,86,86,0
2001,KIEFER,6,6,0
2001,KIAN,22,22,0
2001,KHANG,5,5,0
2001,KHALIL,9,9,0
2001,KHALID,22,22,0
2001,KHALED,5,5,0
2001,KEYON,8,8,0
2001,KEVON,6,6,0
2001,KEVIN,320,320,0
2001,KEVEN,5,5,0
2001,KESHAWN,6,6,0
2001,KEON,32,32,0
2001,KENT,9,9,0
2001,KENNY,15,15,0
2001,KENNETH,49,49,0
2001,KENJI,5,5,0
2001,KEN,8,8,0
2001,KELVIN,29,29,0
2001,KEITH,33,33,0
2001,KEIRAN,9,9,0
2001,KEIFER,8,8,0
2001,KEGAN,5,5,0
2001,KEENAN,36,36,0
2001,KEELAN,6,6,0
2001,KEEGAN,89,89,0
2001,KEATON,19,19,0
2001,KEANU,7,7,0
2001,KAYDEN,12,12,0
2001,MARC-ANDRE,5,5,0
2001,KISHAN,8,8,0
2001,MARCELO,6,6,0
2001,NOLAN,149,149,0
2001,NOEL,13,13,0
2001,NOAH,584,584,0
2001,NIMA,6,6,0
2001,NIKOLAS,42,42,0
2001,NIKOLAOS,5,5,0
2001,NIKOLA,44,44,0
2001,NIKHIL,12,12,0
2001,NIGEL,28,28,0
2001,NICOLAS,189,189,0
2001,NICO,9,9,0
2001,NICKOLAS,47,47,0
2001,NICK,10,10,0
2001,NICHOLAS,1040,1040,0
2001,NGUYEN,5,5,0
2001,NEVIN,8,8,0
2001,NELSON,17,17,0
2001,NEIL,31,31,0
2001,NEEL,8,8,0
2001,NAVRAJ,5,5,0
2001,NAVIN,7,7,0
2001,NATHANIEL,193,193,0
2001,NATHANIAL,10,10,0
2001,NATHANAEL,28,28,0
2001,NATHAN,559,559,0
2001,NASH,10,10,0
2001,NANA,7,7,0
2001,NADEEM,5,5,0
2001,NABIL,7,7,0
2001,OLIVER,61,61,0
2001,OLIVIER,21,21,0
2001,OMAID,6,6,0
2001,OMAR,77,77,0
2001,PIERRE,14,14,0
2001,PIERCE,19,19,0
2001,PHOENIX,16,16,0
2001,PHILLIP,35,35,0
2001,PHILIPPE,25,25,0
2001,PHILIP,65,65,0
2001,PETER,179,179,0
2001,PETAR,11,11,0
2001,PERRY,7,7,0
2001,PEDRO,10,10,0
2001,PEARCE,7,7,0
2001,PAVLE,5,5,0
2001,PAULO,8,8,0
2001,PAUL,126,126,0
2001,NABEEL,11,11,0
2001,PATRYK,7,7,0
2001,PATRICK,255,255,0
2001,PASCAL,7,7,0
2001,MARCEL,11,11,0
2001,PARSA,5,5,0
2001,PARKER,88,88,0
2001,PAOLO,18,18,0
2001,PANAGIOTIS,5,5,0
2001,PABLO,5,5,0
2001,OWEN,380,380,0
2001,OSMAN,6,6,0
2001,OSCAR,24,24,0
2001,OSAMA,5,5,0
2001,OMER,11,11,0
2001,OMARI,5,5,0
2001,PIETRO,8,8,0
2001,MYLES,48,48,0
2001,NORMAN,9,9,0
2001,MUSA,8,8,0
2001,MAX,84,84,0
2001,MAVERICK,7,7,0
2001,MAURICIO,5,5,0
2001,MATTIAS,5,5,0
2001,MATTHIEU,12,12,0
2001,MATTHIAS,18,18,0
2001,MATTHEW,1396,1396,0
2001,MATTEO,93,93,0
2001,MATIAS,5,5,0
2001,MATHIEU,67,67,0
2001,MATHIAS,12,12,0
2001,MARCO,77,77,0
2001,MARCOS,7,7,0
2001,MARCUS,174,174,0
2001,MARIO,31,31,0
2001,MARK,200,200,0
2001,MARKO,32,32,0
2001,MARKUS,21,21,0
2001,MARLON,9,9,0
2001,MARSHAL,5,5,0
2001,MARSHALL,35,35,0
2001,MARTIN,79,79,0
2001,MARVIN,9,9,0
2001,MASON,175,175,0
2001,MUSTAFA,38,38,0
2001,MATHEW,98,98,0
2001,MATHEUS,5,5,0
2001,MASSIMO,35,35,0
2001,MATEO,24,24,0
2001,MAXIM,29,29,0
2001,MAXIME,43,43,0
2001,MATT,5,5,0
2001,MUHAMMAD,73,73,0
2001,MUJTABA,5,5,0
2001,MUHAMMED,12,12,0
2001,MURRAY,11,11,0
2001,MAXIMILIAN,18,18,0
2001,MOSES,14,14,0
2001,MOHAMMED,61,61,0
2001,MOHAMMAD,64,64,0
2001,MOHAMED,68,68,0
2001,MOHAMAD,16,16,0
2001,MITCHEL,23,23,0
2001,MILTON,5,5,0
2001,MILES,20,20,0
2001,MILAN,11,11,0
2001,MITCHELL,246,246,0
2001,MIKE,7,7,0
2001,MAXIMILLIAN,7,7,0
2001,MAXIMUS,32,32,0
2001,MAXWELL,105,105,0
2001,MIKHAIL,6,6,0
2001,MENACHEM,5,5,0
2001,MICHAEL,1033,1033,0
2001,MICHEAL,26,26,0
2001,MELVIN,8,8,0
2001,MICHELE,9,9,0
2001,MIGUEL,55,55,0
2001,MIKAEL,8,8,0
2001,MICHEL,7,7,0
2001,MURAD,5,5,0
2002,NATALIA,47,0,47
2002,NATALIE,242,0,242
2002,NELLIE,9,0,9
2002,NATALYA,6,0,6
2002,NOA,8,0,8
2002,NATASHA,133,0,133
2002,NATHALIE,23,0,23
2002,NAVJOT,9,0,9
2002,NAVNEET,8,0,8
2002,NAWAL,9,0,9
2002,NEHA,19,0,19
2002,NINA,26,0,26
2002,NIA,10,0,10
2002,NICOLA,21,6,15
2002,NICOLE,410,0,410
2002,NIKA,8,0,8
2002,NIKI,10,0,10
2002,NIKITA,26,5,21
2002,NIKKI,22,0,22
2002,NIKOLE,6,0,6
2002,MICHELLE,211,0,211
2002,NIVETHA,7,0,7
2002,MICHELA,17,0,17
2002,NAOMI,112,0,112
2002,NEVE,6,0,6
2002,NANDINI,6,0,6
2002,MONIQUE,22,0,22
2002,NAJMA,8,0,8
2002,MOLLY,88,0,88
2002,MOLLIE,6,0,6
2002,MOIRA,11,0,11
2002,MIYA,9,0,9
2002,MIRIAM,26,0,26
2002,MIREILLE,6,0,6
2002,MIRANDA,57,0,57
2002,MIRA,16,0,16
2002,MILICA,10,0,10
2002,MILENA,12,0,12
2002,MILA,17,0,17
2002,MIKAYLA,130,0,130
2002,MIKAILA,9,0,9
2002,MIKAELA,31,0,31
2002,NOELLE,27,0,27
2002,MICKAYLA,7,0,7
2002,MIKA,13,0,13
2002,MONA,9,0,9
2002,NANCY,32,0,32
2002,MONICA,55,0,55
2002,MONTANA,9,0,9
2002,NADINE,17,0,17
2002,NADIA,62,0,62
2002,NADA,18,0,18
2002,NABIHA,7,0,7
2002,MYRIAM,6,0,6
2002,MYRA,11,0,11
2002,MYLA,8,0,8
2002,MYIA,8,0,8
2002,MYAH,23,0,23
2002,MYA,128,0,128
2002,MY,7,0,7
2002,MUSKAN,8,0,8
2002,MUSKAAN,6,0,6
2002,MUNA,13,0,13
2002,MORIAH,6,0,6
2002,MORGAN,227,23,204
2002,MONTANNA,6,0,6
2002,MONIKA,20,0,20
2002,NOEMIE,6,0,6
2002,RAYNE,7,0,7
2002,NORA,23,0,23
2002,REBEKAH,38,0,38
2002,REBECCA,278,0,278
2002,REBECA,8,0,8
2002,REANNE,6,0,6
2002,REANNA,24,0,24
2002,REAGAN,24,0,24
2002,REEGAN,11,0,11
2002,RAYNA,9,0,9
2002,RAYA,9,0,9
2002,RAWAN,9,0,9
2002,RAVNEET,13,0,13
2002,RAVEN,43,14,29
2002,RAQUEL,24,0,24
2002,RANIA,6,0,6
2002,RAYAN,23,11,12
2002,RAISA,6,0,6
2002,REEM,13,0,13
2002,REGAN,50,9,41
2002,RITA,16,0,16
2002,RILEY,335,265,70
2002,RIYA,22,0,22
2002,MICHAELA,92,0,92
2002,RIDA,8,0,8
2002,RIANNA,30,0,30
2002,REESE,54,26,28
2002,RIANA,6,0,6
2002,RHIANNON,14,0,14
2002,RHIANNA,12,0,12
2002,RHEA,28,0,28
2002,RENÉE,13,0,13
2002,RENEE,61,0,61
2002,REILLY,25,14,11
2002,RIA,21,0,21
2002,NOOR,31,0,31
2002,RAINA,13,0,13
2002,RACHELLE,17,0,17
2002,PAULA,20,0,20
2002,PATRICIA,46,0,46
2002,PASCALE,8,0,8
2002,PARNEET,8,0,8
2002,PARIS,16,0,16
2002,PAMELA,7,0,7
2002,PAULINA,14,0,14
2002,PAIGE,347,0,347
2002,OCEAN,9,0,9
2002,NYLA,17,0,17
2002,NYAH,14,0,14
2002,NYA,8,0,8
2002,NOURA,6,0,6
2002,NOUR,15,0,15
2002,OLIVIA,661,0,661
2002,RAHMA,7,0,7
2002,PAULINE,9,0,9
2002,PENELOPE,10,0,10
2002,RACHEL,475,0,475
2002,RACHAEL,53,0,53
2002,RABIA,13,0,13
2002,QUINN,99,82,17
2002,PUNEET,12,0,12
2002,PRIYA,30,0,30
2002,PAYTON,61,20,41
2002,PRISCILLA,12,0,12
2002,PORTIA,6,0,6
2002,POOJA,7,0,7
2002,PIPER,23,0,23
2002,PHOENIX,22,11,11
2002,PHOEBE,17,0,17
2002,PEYTON,38,11,27
2002,PRESLEY,6,0,6
2002,MICAYLA,6,0,6
2002,LIVIA,7,0,7
2002,MIAH,8,0,8
2002,LYDIA,50,0,50
2002,LYLA,6,0,6
2002,LYNDSAY,8,0,8
2002,LYRIC,6,0,6
2002,MACEY,11,0,11
2002,MACKAYLA,7,0,7
2002,MACKENNA,15,0,15
2002,MACKENZIE,500,58,442
2002,MACY,29,0,29
2002,MADALYN,8,0,8
2002,MADDISON,48,0,48
2002,MADELAINE,22,0,22
2002,MADELEINE,105,0,105
2002,MADELINE,175,0,175
2002,MADELYN,71,0,71
2002,MADELYNN,14,0,14
2002,MADISEN,10,0,10
2002,MAI,6,0,6
2002,MAHUM,7,0,7
2002,MAHNOOR,10,0,10
2002,MAHAM,8,0,8
2002,MAHA,10,0,10
2002,MAGGIE,66,0,66
2002,LUCY,34,0,34
2002,MAGDALENA,10,0,10
2002,MAEVE,32,0,32
2002,MAEGAN,8,0,8
2002,MAE,6,0,6
2002,MADYSON,16,0,16
2002,MADISYN,11,0,11
2002,MADISON,720,0,720
2002,MAGDA,6,0,6
2002,LUCIANA,8,0,8
2002,LUCIA,12,0,12
2002,LORENA,6,0,6
2002,LIA,25,0,25
2002,LEYLA,7,0,7
2002,LEXUS,6,0,6
2002,LEXIE,13,0,13
2002,LEXI,12,0,12
2002,LESLIE,10,0,10
2002,LIANA,9,0,9
2002,LENA,15,0,15
2002,LEIA,8,0,8
2002,LEENA,8,0,8
2002,LEANNE,16,0,16
2002,LEAH,190,0,190
2002,ROBIN,31,13,18
2002,LEANNA,12,0,12
2002,LEILA,16,0,16
2002,MAIA,35,0,35
2002,LIANE,6,0,6
2002,LIBERTY,11,0,11
2002,LORELAI,8,0,8
2002,LOLA,13,0,13
2002,LOGAN,453,401,52
2002,LISA,56,0,56
2002,LINDSEY,29,0,29
2002,LINDSAY,64,0,64
2002,LIANNE,7,0,7
2002,LINDA,28,0,28
2002,LILY,115,0,115
2002,LILLY,18,0,18
2002,LILLIAN,53,0,53
2002,LILIANA,15,0,15
2002,LILIAN,10,0,10
2002,LILA,9,0,9
2002,LINA,15,0,15
2002,MAIJA,9,0,9
2002,MAJA,10,0,10
2002,MAKAELA,6,0,6
2002,MCKENZIE,25,0,25
2002,MCKENNA,42,0,42
2002,MCKAYLA,20,0,20
2002,MAYA,228,0,228
2002,MAY,6,0,6
2002,MAXINE,12,0,12
2002,MEADOW,11,0,11
2002,MAUREEN,6,0,6
2002,MATTEA,12,0,12
2002,MATILDA,9,0,9
2002,MARYANN,7,0,7
2002,MARYAM,62,0,62
2002,MARY,131,0,131
2002,MARWA,15,0,15
2002,MAUDE,9,0,9
2002,MARTINE,7,0,7
2002,MEAGAN,44,0,44
2002,MEDINA,6,0,6
2002,MIA,138,0,138
2002,MEREDITH,17,0,17
2002,MERCEDES,29,0,29
2002,MELODY,36,0,36
2002,MELODIE,10,0,10
2002,MELISSA,153,0,153
2002,MEAGHAN,41,0,41
2002,MELINDA,7,0,7
2002,MELIKA,8,0,8
2002,MELANIE,85,0,85
2002,MEI,6,0,6
2002,MEGHAN,162,0,162
2002,MEGHA,6,0,6
2002,MEGAN,412,0,412
2002,MELINA,21,0,21
2002,MICAELA,15,0,15
2002,MARTINA,23,0,23
2002,MARTA,10,0,10
2002,MAREN,10,0,10
2002,MARA,17,0,17
2002,MANPREET,6,0,6
2002,MANDY,11,0,11
2002,MANAL,6,0,6
2002,MANAHIL,6,0,6
2002,MARGARET,80,0,80
2002,MALLORY,20,0,20
2002,MALAK,7,0,7
2002,MALAIKA,10,0,10
2002,MAKENZIE,17,0,17
2002,MAKENNA,44,0,44
2002,MAKENA,7,0,7
2002,MAKAYLA,144,0,144
2002,MALIKA,9,0,9
2002,MARTHA,26,0,26
2002,MARIA,139,0,139
2002,MARIAM,40,0,40
2002,MARLEY,15,0,15
2002,MARLEE,12,0,12
2002,MARISSA,76,0,76
2002,MARISA,34,0,34
2002,MARINA,31,0,31
2002,MARILYN,9,0,9
2002,MARIAH,37,0,37
2002,MARIKA,12,0,12
2002,MARIELLE,9,0,9
2002,MARIE-EVE,7,0,7
2002,MARIE,112,0,112
2002,MARIANNE,8,0,8
2002,MARIANA,19,0,19
2002,MARIAN,6,0,6
2002,MARIJA,6,0,6
2002,ROBYN,29,0,29
2002,ADRIENNE,16,0,16
2002,ROMINA,6,0,6
2002,TYANNA,10,0,10
2002,TYRA,12,0,12
2002,VALENTINA,21,0,21
2002,VALERIA,10,0,10
2002,VALERIE,48,0,48
2002,VANESSA,249,0,249
2002,VENESSA,7,0,7
2002,VERA,9,0,9
2002,VERONICA,81,0,81
2002,VERONIKA,10,0,10
2002,VICKI,6,0,6
2002,VICKY,14,0,14
2002,VICTORIA,479,0,479
2002,VIENNA,8,0,8
2002,VIOLET,14,0,14
2002,VITTORIA,7,0,7
2002,VIVIAN,59,0,59
2002,ZARA,18,0,18
2002,ZAINAB,39,0,39
2002,ZAHRA,30,0,30
2002,YVONNE,10,0,10
2002,YUSRA,18,0,18
2002,YASMINE,29,0,29
2002,TYANA,6,0,6
2002,YASMINA,6,0,6
2002,YASMEEN,18,0,18
2002,YARA,6,0,6
2002,WINNIE,9,0,9
2002,WILLOW,26,0,26
2002,WENDY,24,0,24
2002,WAFA,7,0,7
2002,YASMIN,29,0,29
2002,TRUDY,8,0,8
2002,TRISTEN,28,21,7
2002,TRISTAN,249,235,14
2002,TESS,20,0,20
2002,TERESA,28,0,28
2002,TEODORA,11,0,11
2002,TEGAN,13,0,13
2002,TEANNA,8,0,8
2002,TEAGAN,45,10,35
2002,TESSA,47,0,47
2002,TAYLOR,450,66,384
2002,TAYLA,8,0,8
2002,TAYAH,8,0,8
2002,TAYA,13,0,13
2002,TATYANA,13,0,13
2002,TATUM,21,0,21
2002,TATIANNA,7,0,7
2002,TAYLER,11,0,11
2002,ZAYNAB,8,0,8
2002,THALIA,12,0,12
2002,THEODORA,6,0,6
2002,TRISTA,7,0,7
2002,TRISHA,23,0,23
2002,TRINITY,127,0,127
2002,TRINA,7,0,7
2002,TRACY,15,0,15
2002,TORI,23,0,23
2002,THEA,14,0,14
2002,TONI,9,0,9
2002,TIFFANY,65,0,65
2002,TIARA,9,0,9
2002,TIANNA,36,0,36
2002,TIANA,58,0,58
2002,TIA,48,0,48
2002,THERESA,19,0,19
2002,TINA,49,0,49
2002,ZEINAB,9,0,9
2002,ZOE,190,0,190
2002,ZOEY,24,0,24
2002,ALEKSANDRA,10,0,10
2002,ALEJANDRA,10,0,10
2002,ALEISHA,7,0,7
2002,ALEENA,14,0,14
2002,ALECIA,6,0,6
2002,ALEAH,6,0,6
2002,ALESSANDRA,26,0,26
2002,ALAYNA,14,0,14
2002,ALANNA,31,0,31
2002,ALANA,35,0,35
2002,ALAINA,14,0,14
2002,AKSHAYA,6,0,6
2002,AISLINN,14,0,14
2002,AISHA,47,0,47
2002,ALANNAH,13,0,13
2002,AINSLEY,51,0,51
2002,ALESSIA,66,0,66
2002,ALEXA,148,0,148
2002,ALISHA,51,0,51
2002,LEA,19,0,19
2002,ALISA,14,0,14
2002,ALINA,26,0,26
2002,ALICIA,135,0,135
2002,ALICE,44,0,44
2002,ALEX,183,175,8
2002,ALIA,17,0,17
2002,ALEXIS,299,15,284
2002,ALEXIE,8,0,8
2002,ALEXIA,70,0,70
2002,ALEXANDRIA,85,0,85
2002,ALEXANDREA,8,0,8
2002,ALEXANDRA,381,0,381
2002,ALEXUS,9,0,9
2002,TATIANA,32,0,32
2002,AINE,6,0,6
2002,AILEEN,8,0,8
2002,ABBYGAIL,8,0,8
2002,ABBY,106,0,106
2002,ABBIGAYLE,8,0,8
2002,ABBIGALE,7,0,7
2002,ABBIGAIL,23,0,23
2002,ABBIE,16,0,16
2002,ABBYGALE,8,0,8
2002,ABBEY,77,0,77
2002,AASHNA,6,0,6
2002,AALIYAH,83,0,83
2002,ÉMILIE,7,0,7
2002,ZOË,23,0,23
2002,ZOYA,9,0,9
2002,ZOHA,7,0,7
2002,ABAGAIL,8,0,8
2002,AIMEE,18,0,18
2002,ABIGAEL,11,0,11
2002,ABIGALE,9,0,9
2002,AIDAN,446,436,10
2002,AIDA,6,0,6
2002,AGATHA,7,0,7
2002,AGANETHA,7,0,7
2002,ADRIANNA,44,0,44
2002,ADRIANA,52,0,52
2002,ABIGAIL,480,0,480
2002,ADITI,8,0,8
2002,ADELE,9,0,9
2002,ADELAIDE,12,0,12
2002,ADDISON,15,7,8
2002,ADA,13,0,13
2002,ACACIA,11,0,11
2002,ABIGAYLE,20,0,20
2002,ADELINE,7,0,7
2002,TASNIM,6,0,6
2002,TASNEEM,8,0,8
2002,TASHA,11,0,11
2002,SAVANNAH,111,0,111
2002,SAVANNA,21,0,21
2002,SAVANAH,9,0,9
2002,SAVANA,10,0,10
2002,SASHA,57,20,37
2002,SARINA,19,0,19
2002,SCARLETT,7,0,7
2002,SARAH,855,0,855
2002,SANTANA,8,0,8
2002,SANJANA,12,0,12
2002,SANIA,9,0,9
2002,SANDY,13,0,13
2002,SANDRA,30,0,30
2002,SANA,28,0,28
2002,SARA,263,0,263
2002,SAMIRA,17,0,17
2002,SELENA,75,0,75
2002,SELMA,6,0,6
2002,SHANTEL,8,0,8
2002,SHANTE,6,0,6
2002,SHANNON,81,0,81
2002,SHANICE,12,0,12
2002,SHANIA,16,0,16
2002,SHANELLE,7,0,7
2002,SELINA,33,0,33
2002,SHAKIRA,19,0,19
2002,SHAELYN,13,0,13
2002,SHAE,7,0,7
2002,SERINA,8,0,8
2002,SERENITY,21,0,21
2002,SERENA,109,0,109
2002,SERA,7,0,7
2002,SHAINA,9,0,9
2002,SHARON,16,0,16
2002,SAMIA,8,0,8
2002,SAMANTHA,480,0,480
2002,RYLIE,21,7,14
2002,RYLEY,44,35,9
2002,RYLEIGH,21,0,21
2002,RYLEE,37,6,31
2002,RYANN,6,0,6
2002,RUTH,26,0,26
2002,SABINA,13,0,13
2002,RUBY,31,0,31
2002,ROWAN,50,31,19
2002,ROSEMARY,7,0,7
2002,ROSEMARIE,9,0,9
2002,ROSE,30,0,30
2002,ROSALIE,6,0,6
2002,ROSA,9,0,9
2002,ROXANNE,13,0,13
2002,SAMARA,21,0,21
2002,SABINE,7,0,7
2002,SADAF,8,0,8
2002,SALMA,18,0,18
2002,SALLY,12,0,12
2002,SALINA,12,0,12
2002,SALENA,11,0,11
2002,SAIRA,7,0,7
2002,SAHRA,7,0,7
2002,SABRINA,168,0,168
2002,SAHARA,6,0,6
2002,SAHANA,9,0,9
2002,SAGE,17,6,11
2002,SAFIYA,9,0,9
2002,SAFA,14,0,14
2002,SADIE,41,0,41
2002,SADE,6,0,6
2002,SAHAR,17,0,17
2002,ROCHELLE,14,0,14
2002,SHAUNA,10,0,10
2002,SHAYLA,37,0,37
2002,SYDNEE,8,0,8
2002,SUSANA,7,0,7
2002,SUSAN,21,0,21
2002,SUMMER,49,0,49
2002,SUMAYYA,7,0,7
2002,SUMAYA,11,0,11
2002,SYDNEY,352,0,352
2002,SUMAIYA,8,0,8
2002,STEPHANIE,206,0,206
2002,STELLA,11,0,11
2002,STEFANIE,23,0,23
2002,STEFANIA,10,0,10
2002,STACEY,12,0,12
2002,SPENCER,221,214,7
2002,SUKHMANI,6,0,6
2002,SOPHIE,187,0,187
2002,SYDNIE,10,0,10
2002,SYLVIA,16,0,16
2002,TARYN,34,0,34
2002,TARA,58,0,58
2002,TANYA,14,0,14
2002,TANVI,6,0,6
2002,TANISHA,12,0,12
2002,TANIA,6,0,6
2002,SYEDA,11,0,11
2002,TAMMY,6,0,6
2002,TAMARA,46,0,46
2002,TAMAR,8,0,8
2002,TALYA,7,0,7
2002,TALIA,42,0,42
2002,TALA,8,0,8
2002,TABITHA,18,0,18
2002,TAMIA,11,0,11
2002,SHAWNA,15,0,15
2002,SOPHIA,290,0,290
2002,SONJA,9,0,9
2002,SHYANN,10,0,10
2002,SHYAN,6,0,6
2002,SHREYA,15,0,15
2002,SHIVANI,14,0,14
2002,SHIRLEY,10,0,10
2002,SHIRA,7,0,7
2002,SHYANNE,14,0,14
2002,SHERRY,9,0,9
2002,SHELLY,8,0,8
2002,SHELLEY,6,0,6
2002,SHELBY,72,0,72
2002,SHEENA,6,0,6
2002,SHAYNA,21,0,21
2002,SHAYLYN,7,0,7
2002,SHERIDAN,14,0,14
2002,SONYA,20,0,20
2002,SIDNEY,30,15,15
2002,SIENA,8,0,8
2002,SONIA,38,0,38
2002,SOFIA,155,0,155
2002,SNEHA,8,0,8
2002,SKYLER,44,30,14
2002,SKYLAR,59,19,40
2002,SKYLA,8,0,8
2002,SIDRA,7,0,7
2002,SKYE,22,0,22
2002,SIOBHAN,10,0,10
2002,SIMRAN,53,0,53
2002,SIMONE,27,0,27
2002,SIMONA,14,0,14
2002,SIERRA,188,0,188
2002,SIENNA,9,0,9
2002,SKY,7,0,7
2002,LAYLA,30,0,30
2002,MARIANNA,8,0,8
2002,LAURIE,9,0,9
2002,ORION,6,6,0
2002,OREN,6,6,0
2002,OMER,6,6,0
2002,OMAR,67,67,0
2002,OM,5,5,0
2002,OLIVIER,21,21,0
2002,OLIVER,59,59,0
2002,ODIN,10,10,0
2002,NORMAN,5,5,0
2002,NOLAN,151,151,0
2002,NOEL,14,14,0
2002,NOAH,582,582,0
2002,NIMA,10,10,0
2002,NIKOLAS,66,66,0
2002,NIKOLAI,5,5,0
2002,OSCAR,32,32,0
2002,OSMAN,8,8,0
2002,OWEN,498,498,0
2002,PABLO,12,12,0
2002,PIERRE,6,6,0
2002,PIERCE,14,14,0
2002,PHILLIP,25,25,0
2002,PHILIPPE,13,13,0
2002,PHILIP,57,57,0
2002,PETER,161,161,0
2002,PETAR,6,6,0
2002,NIKOLA,35,35,0
2002,PEDRO,8,8,0
2002,PAUL,109,109,0
2002,PATRICK,202,202,0
2002,PASCAL,7,7,0
2002,PARTH,6,6,0
2002,PARSA,6,6,0
2002,PARKER,83,83,0
2002,PAOLO,16,16,0
2002,PAULO,6,6,0
2002,PIETRO,6,6,0
2002,NIKLAS,6,6,0
2002,NIGEL,20,20,0
2002,NATHANAEL,15,15,0
2002,NATHAN,601,601,0
2002,NASH,8,8,0
2002,NADER,5,5,0
2002,NABIL,11,11,0
2002,NABEEL,7,7,0
2002,MYLES,36,36,0
2002,MUSTAFA,29,29,0
2002,MUSA,11,11,0
2002,MURRAY,7,7,0
2002,MUJTABA,8,8,0
2002,MUHAMMED,6,6,0
2002,MUHAMMAD,80,80,0
2002,MOSHE,8,8,0
2002,MOSES,6,6,0
2002,NATHANIAL,10,10,0
2002,NATHANIEL,165,165,0
2002,NATHEN,8,8,0
2002,NAVEED,5,5,0
2002,NICOLAS,177,177,0
2002,NICO,10,10,0
2002,NICKOLAS,38,38,0
2002,NICKLAS,6,6,0
2002,NICK,8,8,0
2002,NICHOLAS,1000,1000,0
2002,NIALL,7,7,0
2002,NIKHIL,10,10,0
2002,NGUYEN,8,8,0
2002,NELSON,19,19,0
2002,NEIL,26,26,0
2002,NEAL,5,5,0
2002,NAVRAJ,7,7,0
2002,NAVIN,7,7,0
2002,NAVID,5,5,0
2002,NAVEEN,6,6,0
2002,NEVIN,5,5,0
2002,PRABHJOT,5,5,0
2002,PRANAV,6,6,0
2002,PRAVEEN,6,6,0
2002,ROSHAN,5,5,0
2002,RORY,25,25,0
2002,RONIN,6,6,0
2002,RONAN,15,15,0
2002,RONALD,28,28,0
2002,RONAK,6,6,0
2002,ROMEO,5,5,0
2002,ROMAN,17,17,0
2002,ROLAND,6,6,0
2002,ROHIT,11,11,0
2002,ROHAN,36,36,0
2002,ROGER,11,11,0
2002,RODNEY,6,6,0
2002,ROCCO,12,12,0
2002,ROBERTO,12,12,0
2002,ROSS,18,18,0
2002,ROY,17,17,0
2002,RUBEN,13,13,0
2002,RUDY,7,7,0
2002,SALVATORE,25,25,0
2002,SALMAN,9,9,0
2002,SAIM,5,5,0
2002,SAIF,6,6,0
2002,SAID,7,7,0
2002,SAHIL,24,24,0
2002,SAHIB,7,7,0
2002,ROBERT,286,286,0
2002,SACHIN,5,5,0
2002,SAAD,19,19,0
2002,RYLAND,7,7,0
2002,RYLAN,26,26,0
2002,RYDER,7,7,0
2002,RYAN,817,817,0
2002,RUSSELL,48,48,0
2002,RUSSEL,5,5,0
2002,SACHA,8,8,0
2002,RIVER,14,14,0
2002,RISHI,13,13,0
2002,RIELLY,6,6,0
2002,RAJVEER,5,5,0
2002,RAJAN,10,10,0
2002,RAJA,5,5,0
2002,RAJ,6,6,0
2002,RAIDEN,5,5,0
2002,RAHUL,26,26,0
2002,RAHEEM,6,6,0
2002,RAMI,5,5,0
2002,RAFAEL,12,12,0
2002,QUINTIN,12,12,0
2002,QUINTEN,6,6,0
2002,QUINLAN,6,6,0
2002,QUINCY,5,5,0
2002,QUENTIN,17,17,0
2002,QASIM,5,5,0
2002,PRESTON,40,40,0
2002,QUINTON,30,30,0
2002,MOHSIN,7,7,0
2002,RANDALL,6,6,0
2002,RAPHAEL,16,16,0
2002,RICKY,24,24,0
2002,RICHARD,112,112,0
2002,RICARDO,16,16,0
2002,RHYS,32,32,0
2002,REUBEN,25,25,0
2002,RENE,10,10,0
2002,REID,38,38,0
2002,RANDY,23,23,0
2002,REED,10,10,0
2002,RAYYAN,10,10,0
2002,RAYMOND,68,68,0
2002,RAYHAN,6,6,0
2002,RAYDEN,7,7,0
2002,RAY,9,9,0
2002,RAVI,5,5,0
2002,RASHAD,6,6,0
2002,REECE,31,31,0
2002,MOHAMMED,51,51,0
2002,MOHAMMAD,73,73,0
2002,MOHAMED,58,58,0
2002,LEONARD,11,11,0
2002,LEON,10,10,0
2002,LEO,33,33,0
2002,LEIGHTON,6,6,0
2002,LEIF,8,8,0
2002,LEE,12,12,0
2002,LAYNE,5,5,0
2002,LAWRENCE,16,16,0
2002,LASZLO,5,5,0
2002,LARRY,5,5,0
2002,LANDON,34,34,0
2002,LANDEN,6,6,0
2002,LANCE,16,16,0
2002,LAMAR,6,6,0
2002,LACHLAN,8,8,0
2002,LEONARDO,13,13,0
2002,LEROY,5,5,0
2002,LEVI,38,38,0
2002,LEWIS,7,7,0
2002,LUKAS,70,70,0
2002,LUKA,43,43,0
2002,LUIS,11,11,0
2002,LUIGI,5,5,0
2002,LUCUS,5,5,0
2002,LUCIANO,6,6,0
2002,LUCAS,440,440,0
2002,KYLER,23,23,0
2002,LUCA,113,113,0
2002,LOUIS,18,18,0
2002,LORENZO,11,11,0
2002,LLOYD,5,5,0
2002,LINDEN,6,6,0
2002,LINCOLN,11,11,0
2002,LIBAN,6,6,0
2002,LIAM,568,568,0
2002,LUC,23,23,0
2002,KYLEN,5,5,0
2002,KYLE,507,507,0
2002,KYE,8,8,0
2002,KHALID,19,19,0
2002,KEVON,7,7,0
2002,KEVIN,321,321,0
2002,KESHAV,7,7,0
2002,KEON,20,20,0
2002,KENT,8,8,0
2002,KENNY,15,15,0
2002,KIAN,21,21,0
2002,KENNETH,56,56,0
2002,KELVIN,14,14,0
2002,KEITH,32,32,0
2002,KEIRAN,11,11,0
2002,KEGAN,5,5,0
2002,KEENAN,24,24,0
2002,KEELAN,5,5,0
2002,KEEGAN,101,101,0
2002,KEN,6,6,0
2002,LUKE,253,253,0
2002,KIEFER,5,5,0
2002,KIERNAN,5,5,0
2002,KUSH,5,5,0
2002,KURTIS,49,49,0
2002,KURT,9,9,0
2002,KRYSTIAN,6,6,0
2002,KRISTOPHER,17,17,0
2002,KRISTOFER,5,5,0
2002,KRISTIAN,24,24,0
2002,KIERAN,72,72,0
2002,KRISHAN,7,7,0
2002,KONSTANTINOS,8,8,0
2002,KOLTON,9,9,0
2002,KOLE,14,14,0
2002,KOLBY,10,10,0
2002,KODY,25,25,0
2002,KOBY,6,6,0
2002,KOBE,19,19,0
2002,KRISH,12,12,0
2002,SAM,41,41,0
2002,LYNDON,6,6,0
2002,MAGNUS,10,10,0
2002,MEIR,5,5,0
2002,MAZIN,5,5,0
2002,MAXWELL,114,114,0
2002,MAXIMUS,22,22,0
2002,MAXIMOS,5,5,0
2002,MAXIMILLIAN,13,13,0
2002,MAXIMILIAN,22,22,0
2002,MAXIME,40,40,0
2002,MAXIM,46,46,0
2002,MAX,83,83,0
2002,MAVERICK,13,13,0
2002,MAURO,5,5,0
2002,MATTIAS,12,12,0
2002,MATTHIEU,8,8,0
2002,MATTHIAS,8,8,0
2002,MELVIN,8,8,0
2002,MEMPHIS,5,5,0
2002,MENACHEM,5,5,0
2002,MICAH,35,35,0
2002,MOHAMAD,20,20,0
2002,MITCHELL,210,210,0
2002,MITCHEL,18,18,0
2002,MIR,7,7,0
2002,MINH,9,9,0
2002,MILOS,7,7,0
2002,MILO,9,9,0
2002,MATTHEW,1315,1315,0
2002,MILES,17,17,0
2002,MIKHAIL,8,8,0
2002,MIKE,8,8,0
2002,MIKAEL,14,14,0
2002,MIGUEL,50,50,0
2002,MICHELE,7,7,0
2002,MICHEAL,34,34,0
2002,MICHAEL,886,886,0
2002,MILAN,14,14,0
2002,MATTEO,109,109,0
2002,MATT,7,7,0
2002,MATIAS,8,8,0
2002,MARC,48,48,0
2002,MANVIR,6,6,0
2002,MANVEER,6,6,0
2002,MANUEL,9,9,0
2002,MANRAJ,9,9,0
2002,MANJOT,6,6,0
2002,MANAV,5,5,0
2002,MARC-ANTOINE,5,5,0
2002,MALIK,35,35,0
2002,MALCOLM,72,72,0
2002,MALAKHI,5,5,0
2002,MALACHI,36,36,0
2002,MAHMOUD,6,6,0
2002,MAHIR,6,6,0
2002,MAHDI,10,10,0
2002,MAHAD,13,13,0
2002,MALCOM,5,5,0
2002,MAAZ,8,8,0
2002,MARCEL,17,17,0
2002,MARCUS,161,161,0
2002,MATHIEU,52,52,0
2002,MATHIAS,14,14,0
2002,MATHEW,105,105,0
2002,MATEUSZ,10,10,0
2002,MATEO,38,38,0
2002,MASSIMO,36,36,0
2002,MASON,189,189,0
2002,MARCO,91,91,0
2002,MARVIN,10,10,0
2002,MARSHALL,36,36,0
2002,MARLON,8,8,0
2002,MARKUS,22,22,0
2002,MARKO,36,36,0
2002,MARK,155,155,0
2002,MARIO,21,21,0
2002,MAREK,7,7,0
2002,MARTIN,63,63,0
2002,SAMEER,33,33,0
2002,SAMI,19,19,0
2002,SAMIR,16,16,0
2002,ANASTASIA,56,0,56
2002,ANABELLE,10,0,10
2002,ANA,35,0,35
2002,AMÉLIE,6,0,6
2002,AMY,172,0,172
2002,AMRITA,10,0,10
2002,AMRIT,13,6,7
2002,AMNA,19,0,19
2002,AMIRA,11,0,11
2002,AMINAH,6,0,6
2002,AMINA,29,0,29
2002,AMIE,10,0,10
2002,AMELIE,26,0,26
2002,AMELIA,116,0,116
2002,AMEENA,7,0,7
2002,ANDREA,107,8,99
2002,ANGEL,64,12,52
2002,ANGELA,103,0,103
2002,ANGELICA,53,0,53
2002,ANNABELLA,10,0,10
2002,ANNABEL,8,0,8
2002,ANNA,244,0,244
2002,ANN,8,0,8
2002,ANMOL,24,16,8
2002,ANJALI,31,0,31
2002,ANITA,23,0,23
2002,AMBER,173,0,173
2002,ANISSA,8,0,8
2002,ANISA,9,0,9
2002,ANIKA,34,0,34
2002,ANGIE,9,0,9
2002,ANGELIQUE,11,0,11
2002,ANGELINE,11,0,11
2002,ANGELINA,102,0,102
2002,ANGELIKA,12,0,12
2002,ANISHA,15,0,15
2002,AMARA,7,0,7
2002,AMANI,6,0,6
2002,AMANDA,284,0,284
2002,ZEV,6,6,0
2002,ZECHARIAH,7,7,0
2002,ZAYD,8,8,0
2002,ZAVIER,8,8,0
2002,ZANE,15,15,0
2002,ZANDER,9,9,0
2002,ZAKARY,8,8,0
2002,ZION,11,11,0
2002,ZAKARIYA,10,10,0
2002,ZAIN,30,30,0
2002,ZAID,14,14,0
2002,ZACKERY,32,32,0
2002,ZACKARY,68,68,0
2002,ZACKARIAH,5,5,0
2002,ZACK,7,7,0
2002,ZACHERY,19,19,0
2002,ZAKARIA,11,11,0
2002,ANNABELLE,29,0,29
2002,ALIYAH,67,0,67
2002,ALLANA,6,0,6
2002,AMALIA,6,0,6
2002,AMAL,14,0,14
2002,ALYSSIA,9,0,9
2002,ALYSSA,446,0,446
2002,ALYSON,29,0,29
2002,ALYSIA,7,0,7
2002,ALYSHA,33,0,33
2002,ALIZA,9,0,9
2002,ALYSA,7,0,7
2002,ALORA,8,0,8
2002,ALLYSSA,7,0,7
2002,ALLYSON,33,0,33
2002,ALLY,12,0,12
2002,ALLIYAH,7,0,7
2002,ALLISON,122,0,122
2002,ALLIE,8,0,8
2002,ALYCIA,8,0,8
2002,ZACHARY,501,501,0
2002,ANNE,37,0,37
2002,ANNIE,68,0,68
2002,BIBI,6,0,6
2002,BIANKA,6,0,6
2002,BIANCA,111,0,111
2002,BETTY,7,0,7
2002,BETHANY,58,0,58
2002,BETH,10,0,10
2002,BELLE,9,0,9
2002,BELLA,9,0,9
2002,BEATRICE,19,0,19
2002,BAYLEE,8,0,8
2002,BARBARA,15,0,15
2002,BAILEY,109,41,68
2002,BABY,20,8,12
2002,AYSIA,7,0,7
2002,AYSHA,14,0,14
2002,BONNIE,8,0,8
2002,BRANDI,6,0,6
2002,BRANDY,8,0,8
2002,BREANA,10,0,10
2002,BRITTNEY,15,0,15
2002,BRITTANY,34,0,34
2002,BRITNEY,28,0,28
2002,BRIGITTE,8,0,8
2002,BRIELLE,7,0,7
2002,BRIEANNA,6,0,6
2002,BRIDGETTE,11,0,11
2002,AYLA,12,0,12
2002,BRIDGET,38,0,38
2002,BRIANNA,308,0,308
2002,BRIANA,34,0,34
2002,BRENNA,29,0,29
2002,BRENDA,12,0,12
2002,BREE,6,0,6
2002,BREANNE,18,0,18
2002,BREANNA,116,0,116
2002,BRIANNE,31,0,31
2002,AYESHA,31,0,31
2002,AYDEN,65,59,6
2002,AYAT,6,0,6
2002,ASHLEE,14,0,14
2002,ASHANTI,31,0,31
2002,ASHANTE,6,0,6
2002,ASHA,22,0,22
2002,ARYANA,6,0,6
2002,ARIELLE,25,0,25
2002,ARIEL,40,7,33
2002,ASHLEIGH,29,0,29
2002,ARIANNE,9,0,9
2002,ARIANA,57,0,57
2002,ARIA,12,0,12
2002,AREEBA,6,0,6
2002,APRIL,20,0,20
2002,ANYA,18,0,18
2002,ANTONIA,13,0,13
2002,ANNIKA,31,0,31
2002,ARIANNA,73,0,73
2002,ANNE-MARIE,6,0,6
2002,ASHLEY,409,0,409
2002,ASHLYNN,18,0,18
2002,AYANNA,8,0,8
2002,AYAN,11,0,11
2002,AYAH,8,0,8
2002,AYA,11,0,11
2002,AVERY,206,44,162
2002,AVERI,6,0,6
2002,AVALON,6,0,6
2002,ASHLYN,36,0,36
2002,AVA,126,0,126
2002,AURORA,31,0,31
2002,AUDREY,59,0,59
2002,ATHENA,24,0,24
2002,ASMA,6,0,6
2002,ASIYA,7,0,7
2002,ASIA,31,0,31
2002,ASHTON,79,73,6
2002,AUTUMN,76,0,76
2002,KEATON,15,15,0
2002,ZACHARIE,9,9,0
2002,YUVRAJ,10,10,0
2002,SYRUS,5,5,0
2002,SYED,58,58,0
2002,SURAJ,5,5,0
2002,SUNNY,14,14,0
2002,SUKHRAJ,6,6,0
2002,SUHAIB,5,5,0
2002,SUBHAN,6,6,0
2002,STUART,25,25,0
2002,STONE,5,5,0
2002,STEWART,6,6,0
2002,STEVEN,159,159,0
2002,STEVE,9,9,0
2002,STERLING,11,11,0
2002,STEPHEN,97,97,0
2002,STEPHANE,6,6,0
2002,TAHA,17,17,0
2002,TAI,5,5,0
2002,TALHA,15,15,0
2002,TALON,13,13,0
2002,THOMAS,459,459,0
2002,THEODORE,44,44,0
2002,THEODOR,5,5,0
2002,THEO,6,6,0
2002,THANUSHAN,5,5,0
2002,THANH,6,6,0
2002,TERRY,17,17,0
2002,STEPHAN,12,12,0
2002,TERRENCE,9,9,0
2002,TERRANCE,7,7,0
2002,TERELL,5,5,0
2002,TATE,13,13,0
2002,TARUN,7,7,0
2002,TARIQ,16,16,0
2002,TARIK,7,7,0
2002,TANNER,98,98,0
2002,TERRELL,7,7,0
2002,STEFANO,23,23,0
2002,STEFAN,57,57,0
2002,STANLEY,22,22,0
2002,SÉBASTIEN,17,17,0
2002,SEBASTIEN,53,53,0
2002,SEBASTIANO,6,6,0
2002,SEBASTIAN,174,174,0
2002,SEAN,182,182,0
2002,SEAMUS,14,14,0
2002,SCOTT,93,93,0
2002,SERGIO,8,8,0
2002,SAYED,9,9,0
2002,SAUL,5,5,0
2002,SANTIAGO,11,11,0
2002,SANJAY,11,11,0
2002,SAMUEL,446,446,0
2002,SAMUAL,6,6,0
2002,SAMSON,8,8,0
2002,SAMMY,8,8,0
2002,SAWYER,15,15,0
2002,TIAGO,16,16,0
2002,SETH,116,116,0
2002,SHAHEER,7,7,0
2002,SOLOMON,15,15,0
2002,SIMON,160,160,0
2002,SIMEON,8,8,0
2002,SILAS,27,27,0
2002,SHIVAM,9,9,0
2002,SHIV,5,5,0
2002,SHERWIN,6,6,0
2002,SHAAN,12,12,0
2002,SHEMAR,6,6,0
2002,SHAYNE,29,29,0
2002,SHAYAN,16,16,0
2002,SHAWN,83,83,0
2002,SHAUN,24,24,0
2002,SHANE,82,82,0
2002,SHAN,10,10,0
2002,SHAMAR,12,12,0
2002,SHELDON,32,32,0
2002,ZACHARIAH,6,6,0
2002,TIM,11,11,0
2002,TITUS,5,5,0
2002,WILLIAM,630,630,0
2002,WILLEM,10,10,0
2002,WILL,10,10,0
2002,WESTON,7,7,0
2002,WESLEY,65,65,0
2002,WAYNE,20,20,0
2002,WARREN,12,12,0
2002,WALTER,9,9,0
2002,WALKER,11,11,0
2002,WALEED,15,15,0
2002,WAEL,5,5,0
2002,WADE,27,27,0
2002,VLADIMIR,5,5,0
2002,VITO,5,5,0
2002,VISHAL,8,8,0
2002,WILLY,7,7,0
2002,WILSON,24,24,0
2002,WINSTON,8,8,0
2002,WYATT,71,71,0
2002,YUSUF,28,28,0
2002,YU,6,6,0
2002,YOUSUF,11,11,0
2002,YOUSSEF,10,10,0
2002,YOUSIF,5,5,0
2002,YOUSEF,14,14,0
2002,YONIS,6,6,0
2002,VINCENZO,17,17,0
2002,YONATAN,6,6,0
2002,YASIN,5,5,0
2002,YASH,13,13,0
2002,YASEEN,6,6,0
2002,YAQUB,5,5,0
2002,YAHYA,11,11,0
2002,XAVIER,93,93,0
2002,XANDER,11,11,0
2002,YISROEL,5,5,0
2002,VINCENT,94,94,0
2002,VINCE,8,8,0
2002,VICTOR,71,71,0
2002,TRISTIN,17,17,0
2002,TREY,20,20,0
2002,TREVOR,98,98,0
2002,TRENTON,28,28,0
2002,TRENT,56,56,0
2002,TRE,5,5,0
2002,TRAVIS,103,103,0
2002,TROY,40,40,0
2002,TORIN,5,5,0
2002,TOMMY,21,21,0
2002,TOMASZ,6,6,0
2002,TOMAS,19,19,0
2002,TOM,7,7,0
2002,TODD,15,15,0
2002,TOBY,9,9,0
2002,TOBIAS,19,19,0
2002,TONY,33,33,0
2002,TIMOTHY,118,118,0
2002,TUAN,5,5,0
2002,TURNER,5,5,0
2002,VERNON,5,5,0
2002,VASILIOS,9,9,0
2002,VARUN,7,7,0
2002,VAN,5,5,0
2002,USMAN,11,11,0
2002,UMER,8,8,0
2002,UMAR,5,5,0
2002,TUCKER,18,18,0
2002,TYSON,104,104,0
2002,TYRESE,15,15,0
2002,TYRELL,25,25,0
2002,TYREL,8,8,0
2002,TYLOR,8,8,0
2002,TYLER,650,650,0
2002,TYE,18,18,0
2002,TY,59,59,0
2002,TYRONE,14,14,0
2002,BRONWYN,26,0,26
2002,KEAGAN,21,21,0
2002,KAVIN,6,6,0
2002,CHARLES,113,113,0
2002,CHANDLER,14,14,0
2002,CHANCE,10,10,0
2002,CHAD,22,22,0
2002,CÉDRIC,5,5,0
2002,CEDRIC,8,8,0
2002,CEDAR,5,5,0
2002,CAYDEN,10,10,0
2002,CASSIUS,7,7,0
2002,CARVER,7,7,0
2002,CARTER,260,260,0
2002,CARSON,125,125,0
2002,CARMINE,5,5,0
2002,CARMELO,5,5,0
2002,CARLOS,27,27,0
2002,CHARLIE,20,20,0
2002,CHASE,80,80,0
2002,CHRIS,26,26,0
2002,CHRISTIAN,327,327,0
2002,COLBY,87,87,0
2002,COHEN,7,7,0
2002,CODY,166,166,0
2002,COBY,13,13,0
2002,CLINTON,6,6,0
2002,CLEMENT,5,5,0
2002,CLAYTON,40,40,0
2002,CARLO,9,9,0
2002,CLAY,5,5,0
2002,CLARK,9,9,0
2002,CLARENCE,8,8,0
2002,CIARAN,7,7,0
2002,CIAN,5,5,0
2002,CHRISTOS,8,8,0
2002,CHRISTOPHER,489,489,0
2002,CHRISTOPHE,5,5,0
2002,CLAUDIO,10,10,0
2002,COLE,412,412,0
2002,CARL,10,10,0
2002,CAMPBELL,14,14,0
2002,BRODIE,27,27,0
2002,BRODERICK,5,5,0
2002,BROCK,45,45,0
2002,BRIAN,126,126,0
2002,BRETT,76,76,0
2002,BRENT,27,27,0
2002,BRENNEN,11,11,0
2002,BRENNAN,35,35,0
2002,BRENDON,6,6,0
2002,BRENDEN,35,35,0
2002,BRENDAN,152,152,0
2002,BRAYDON,40,40,0
2002,BRAYDEN,195,195,0
2002,BRAYDAN,6,6,0
2002,BRAXTON,10,10,0
2002,BRODY,77,77,0
2002,BRUCE,13,13,0
2002,BRYAN,48,48,0
2002,BRYCE,90,90,0
2002,CAMDEN,22,22,0
2002,CALVIN,57,57,0
2002,CALUM,15,15,0
2002,CALLUM,76,76,0
2002,CALLAN,5,5,0
2002,CALEB,282,282,0
2002,CALE,10,10,0
2002,CAMRON,12,12,0
2002,CAIDEN,11,11,0
2002,CAEL,7,7,0
2002,CADEN,38,38,0
2002,CADE,16,16,0
2002,BYRON,11,11,0
2002,BRYSON,36,36,0
2002,BRYDEN,9,9,0
2002,BRYCEN,5,5,0
2002,CAELAN,8,8,0
2002,COLEMAN,5,5,0
2002,COLETON,6,6,0
2002,COLIN,163,163,0
2002,DECLAN,47,47,0
2002,DEANDRE,10,10,0
2002,DEAN,37,37,0
2002,DEACON,6,6,0
2002,DAYTON,8,8,0
2002,DAWSON,107,107,0
2002,DAVIS,25,25,0
2002,DAVIN,13,13,0
2002,DAVID,523,523,0
2002,DAUNTE,5,5,0
2002,DARRYL,6,6,0
2002,DARRIEN,5,5,0
2002,DARREN,59,59,0
2002,DARIUS,46,46,0
2002,DARION,5,5,0
2002,DEJAN,6,6,0
2002,DENIS,12,12,0
2002,DENIZ,7,7,0
2002,DENNIS,31,31,0
2002,DILLAN,9,9,0
2002,DILAN,5,5,0
2002,DIEGO,29,29,0
2002,DHRUV,11,11,0
2002,DEXTER,10,10,0
2002,DEVONTE,11,11,0
2002,DEVEN,11,11,0
2002,DARIO,12,12,0
2002,DEVANTE,6,6,0
2002,DESMOND,18,18,0
2002,DESHAWN,6,6,0
2002,DESHAUN,5,5,0
2002,DERRICK,14,14,0
2002,DEREK,74,74,0
2002,DENZEL,14,14,0
2002,DENVER,15,15,0
2002,DEV,7,7,0
2002,DARIN,5,5,0
2002,DARIEN,15,15,0
2002,DANYAL,6,6,0
2002,CRISTIAN,29,29,0
2002,CRAIG,23,23,0
2002,CORY,35,35,0
2002,CORSON,12,12,0
2002,COREY,38,38,0
2002,CORDELL,5,5,0
2002,CORBIN,18,18,0
2002,CULLEN,6,6,0
2002,COOPER,63,63,0
2002,CONOR,30,30,0
2002,CONNOR,511,511,0
2002,CONNER,42,42,0
2002,CONLAN,5,5,0
2002,COLTON,57,57,0
2002,COLTEN,6,6,0
2002,COLLIN,25,25,0
2002,CONRAD,19,19,0
2002,BRANDYN,5,5,0
2002,CURTIS,148,148,0
2002,DALE,14,14,0
2002,DANTE,85,85,0
2002,DANNY,36,36,0
2002,DANISH,9,9,0
2002,DANILO,6,6,0
2002,DANIELE,8,8,0
2002,DANIEL,786,786,0
2002,DANIAL,7,7,0
2002,CYRUS,19,19,0
2002,DANE,16,16,0
2002,DAN,19,19,0
2002,DAMON,29,29,0
2002,DAMION,10,10,0
2002,DAMIEN,47,47,0
2002,DAMIANO,5,5,0
2002,DAMIAN,66,66,0
2002,DALTON,44,44,0
2002,D'ANDRE,12,12,0
2002,BRANDON,434,434,0
2002,BRANDEN,33,33,0
2002,BRANDAN,16,16,0
2002,ALLAN,30,30,0
2002,ALI,112,112,0
2002,ALFRED,7,7,0
2002,ALEXZANDER,6,6,0
2002,ALEXEI,8,8,0
2002,ALEXANDRU,9,9,0
2002,ALEXANDROS,8,8,0
2002,ALEXANDRO,6,6,0
2002,ALEXANDRE,97,97,0
2002,ALEXANDER,810,810,0
2002,ALESSIO,5,5,0
2002,ALESSANDRO,45,45,0
2002,ALEKSANDER,8,8,0
2002,ALEKSANDAR,17,17,0
2002,ALEKSA,9,9,0
2002,ALLEN,20,20,0
2002,ALVIN,21,21,0
2002,AMAAN,6,6,0
2002,AMAN,9,9,0
2002,ANDRÉ,7,7,0
2002,ANDRE,60,60,0
2002,ANDERSON,6,6,0
2002,ANDERS,5,5,0
2002,ANAS,15,15,0
2002,AN,5,5,0
2002,AMRITPAL,5,5,0
2002,ALEK,6,6,0
2002,AMOS,8,8,0
2002,AMIT,9,9,0
2002,AMIR,25,25,0
2002,AMIN,6,6,0
2002,AMEER,8,8,0
2002,AMEEN,7,7,0
2002,AMARI,5,5,0
2002,AMAR,10,10,0
2002,AMMAR,12,12,0
2002,ALEJANDRO,17,17,0
2002,ALEC,33,33,0
2002,ALDEN,6,6,0
2002,ADEEL,5,5,0
2002,ADAM,536,536,0
2002,ABRAM,13,13,0
2002,ABRAHAM,12,12,0
2002,ABISHAN,5,5,0
2002,ABEL,5,5,0
2002,ABDULRAHMAN,8,8,0
2002,ADEL,8,8,0
2002,ABDULLAHI,10,10,0
2002,ABDUL,29,29,0
2002,ABDIRAHMAN,15,15,0
2002,ABDALLAH,8,8,0
2002,ABBAS,6,6,0
2002,AARON,274,274,0
2002,AADIL,6,6,0
2002,ALISON,48,0,48
2002,ABDULLAH,35,35,0
2002,ANDREAS,19,19,0
2002,ADEN,14,14,0
2002,ADITYA,7,7,0
2002,ALBERT,34,34,0
2002,ALASTAIR,5,5,0
2002,ALAN,39,39,0
2002,ALAIN,6,6,0
2002,AKASHDEEP,5,5,0
2002,AKASH,15,15,0
2002,AJAY,20,20,0
2002,ADIL,13,13,0
2002,AIDEN,159,159,0
2002,AHMET,5,5,0
2002,AHMED,67,67,0
2002,AHMAD,37,37,0
2002,ADRIEN,12,12,0
2002,ADRIANO,11,11,0
2002,ADRIAN,132,132,0
2002,ADNAN,11,11,0
2002,AHSAN,5,5,0
2002,DILLON,28,28,0
2002,ANDREI,20,20,0
2002,ANDRES,15,15,0
2002,BENOIT,10,10,0
2002,BENNY,9,9,0
2002,BENNETT,21,21,0
2002,BENJAMIN,664,664,0
2002,BEN,43,43,0
2002,BEAU,6,6,0
2002,AZHAR,5,5,0
2002,AZEEM,5,5,0
2002,AYUSH,5,5,0
2002,AYUB,14,14,0
2002,AYRTON,5,5,0
2002,AYOUB,5,5,0
2002,AYMAN,8,8,0
2002,AYDIN,7,7,0
2002,AYDAN,6,6,0
2002,BENSON,5,5,0
2002,BERNARD,6,6,0
2002,BILAL,20,20,0
2002,BILL,14,14,0
2002,BRAIDEN,15,15,0
2002,BRAEDON,21,21,0
2002,BRAEDEN,90,90,0
2002,BRAEDAN,14,14,0
2002,BRADYN,5,5,0
2002,BRADY,111,111,0
2002,BRADLEY,135,135,0
2002,AXEL,7,7,0
2002,BRADEN,58,58,0
2002,BORIS,6,6,0
2002,BOBBY,8,8,0
2002,BLAKE,161,161,0
2002,BLAISE,7,7,0
2002,BLAIR,14,14,0
2002,BLADE,5,5,0
2002,BILLY,12,12,0
2002,BOSTON,5,5,0
2002,AVINASH,6,6,0
2002,AUSTYN,8,8,0
2002,AUSTIN,420,420,0
2002,AREEB,9,9,0
2002,ARASH,8,8,0
2002,ANWAR,6,6,0
2002,ANTONY,14,14,0
2002,ANTONIO,76,76,0
2002,ANTON,14,14,0
2002,ANTOINE,11,11,0
2002,ARI,9,9,0
2002,ANTHONY,451,451,0
2002,ANSON,16,16,0
2002,ANISH,7,7,0
2002,ANIL,7,7,0
2002,ANGUS,13,13,0
2002,ANGELO,31,31,0
2002,ANDY,61,61,0
2002,ANDREW,684,684,0
2002,ANTE,7,7,0
2002,ANDREJ,8,8,0
2002,ARIAN,7,7,0
2002,ARMAAN,18,18,0
2002,AUSTEN,9,9,0
2002,ATHANASIOS,6,6,0
2002,ASHWIN,14,14,0
2002,ASHVIN,5,5,0
2002,ASHER,14,14,0
2002,ASAD,10,10,0
2002,ARYAN,30,30,0
2002,ARJUN,29,29,0
2002,ARYA,10,10,0
2002,ARUN,8,8,0
2002,ARTHUR,21,21,0
2002,ARSHDEEP,14,14,0
2002,ARSH,6,6,0
2002,ARNOLD,5,5,0
2002,ARMIN,7,7,0
2002,ARMAN,24,24,0
2002,ARVIN,14,14,0
2002,DILRAJ,5,5,0
2002,DIMITRI,15,15,0
2002,DIMITRIOS,5,5,0
2002,JARON,5,5,0
2002,JAROD,11,11,0
2002,JARED,134,134,0
2002,JAN,9,9,0
2002,JAMIESON,6,6,0
2002,JAMES,515,515,0
2002,JAMEEL,5,5,0
2002,ALIYA,21,0,21
2002,JAMAR,9,9,0
2002,JAMAL,19,19,0
2002,JAMAAL,5,5,0
2002,JALEN,26,26,0
2002,JAKUB,11,11,0
2002,JAKOB,84,84,0
2002,JAKE,155,155,0
2002,JARRED,8,8,0
2002,JARRETT,17,17,0
2002,JASDEEP,7,7,0
2002,JASHAN,5,5,0
2002,JAYSON,17,17,0
2002,JAYLEN,22,22,0
2002,JAYDON,16,16,0
2002,JAYCE,7,7,0
2002,JAY,21,21,0
2002,JAXSON,5,5,0
2002,JAXON,32,32,0
2002,JAIDON,6,6,0
2002,JAXEN,5,5,0
2002,JAVIER,7,7,0
2002,JASRAJ,7,7,0
2002,JASPER,23,23,0
2002,JASON,282,282,0
2002,JASMAN,5,5,0
2002,JASKIRAT,5,5,0
2002,JASKARAN,15,15,0
2002,JAWAD,6,6,0
2002,JAI,10,10,0
2002,JAHEIM,14,14,0
2002,JAGJOT,5,5,0
2002,ISAAK,15,15,0
2002,ISAAC,238,238,0
2002,ISA,5,5,0
2002,IOANNIS,7,7,0
2002,IMRAN,12,12,0
2002,ILYAS,10,10,0
2002,IBRAHIM,47,47,0
2002,ISAIAH,142,142,0
2002,IBRAHEEM,5,5,0
2002,IAIN,16,16,0
2002,HUZAIFA,8,8,0
2002,HUY,6,6,0
2002,HUSSEIN,15,15,0
2002,HUSSAIN,7,7,0
2002,HUMZA,16,16,0
2002,HUGO,7,7,0
2002,IAN,142,142,0
2002,JEAN,7,7,0
2002,ISHAAN,7,7,0
2002,ISIAH,14,14,0
2002,JAGGER,10,10,0
2002,JAEDON,6,6,0
2002,JADON,11,11,0
2002,JAD,7,7,0
2002,JACQUES,7,7,0
2002,JACOB,1041,1041,0
2002,JACKY,9,9,0
2002,ISHAN,12,12,0
2002,JACKSON,233,233,0
2002,JACK,417,417,0
2002,JACE,9,9,0
2002,IVAN,46,46,0
2002,ISSAC,10,10,0
2002,ISSA,5,5,0
2002,ISMAIL,17,17,0
2002,ISMAEL,6,6,0
2002,JACKIE,18,18,0
2002,HUGH,5,5,0
2002,JEAN-LUC,7,7,0
2002,JEEVAN,10,10,0
2002,KADIN,5,5,0
2002,KADEN,43,43,0
2002,KADE,11,11,0
2002,KABIR,7,7,0
2002,JUSTYN,11,11,0
2002,JUSTUS,8,8,0
2002,JUSTIN,669,669,0
2002,JULIUS,15,15,0
2002,JULIO,9,9,0
2002,JULIEN,42,42,0
2002,JULIAN,154,154,0
2002,JUDE,8,8,0
2002,JUDAH,12,12,0
2002,JUAN,16,16,0
2002,JOVAN,11,11,0
2002,KAEDEN,13,13,0
2002,KAEL,10,10,0
2002,KAELAN,10,10,0
2002,KAI,44,44,0
2002,KARTER,8,8,0
2002,KARSEN,6,6,0
2002,KARMAN,5,5,0
2002,KARL,12,12,0
2002,KARIM,12,12,0
2002,KAREEM,21,21,0
2002,KARANVIR,7,7,0
2002,JOSUE,5,5,0
2002,KARAN,23,23,0
2002,KAMAL,9,9,0
2002,KALVIN,8,8,0
2002,KALEN,9,9,0
2002,KALEM,6,6,0
2002,KALEB,90,90,0
2002,KALE,12,12,0
2002,KAIDEN,16,16,0
2002,KAMERON,10,10,0
2002,JOSIAH,47,47,0
2002,JOSHUAH,6,6,0
2002,JOSHUA,1161,1161,0
2002,JOE,13,13,0
2002,JIMMY,20,20,0
2002,JIAN,5,5,0
2002,JETT,8,8,0
2002,JERRY,15,15,0
2002,JEROME,13,13,0
2002,JERMAINE,8,8,0
2002,JOEL,113,113,0
2002,JERICHO,7,7,0
2002,JEREMIE,12,12,0
2002,JEREMIAH,32,32,0
2002,JENSEN,6,6,0
2002,JELANI,5,5,0
2002,JEFFREY,106,106,0
2002,JEFFERY,19,19,0
2002,JEFF,8,8,0
2002,JEREMY,155,155,0
2002,JED,5,5,0
2002,JOËL,6,6,0
2002,JOHN,373,373,0
2002,JOSH,21,21,0
2002,JOSEPH,555,555,0
2002,JOSEF,8,8,0
2002,JOSE,36,36,0
2002,JORDON,20,20,0
2002,JORDEN,8,8,0
2002,JONATHON,28,28,0
2002,JOHAN,7,7,0
2002,JONATHAN,341,341,0
2002,JONAH,102,102,0
2002,JON,5,5,0
2002,JOHNSON,6,6,0
2002,JOHN-PAUL,5,5,0
2002,JOHNNY,17,17,0
2002,JOHNATHON,16,16,0
2002,JOHNATHAN,44,44,0
2002,JONAS,26,26,0
2002,KAYDEN,20,20,0
2002,HUDSON,27,27,0
2002,HOLDEN,24,24,0
2002,EWAN,25,25,0
2002,EVIN,6,6,0
2002,EVERETT,9,9,0
2002,EVANGELOS,8,8,0
2002,EVAN,406,406,0
2002,EUGENE,9,9,0
2002,EUAN,5,5,0
2002,ETIENNE,8,8,0
2002,ETHAN,1334,1334,0
2002,ESTEBAN,5,5,0
2002,ESHAAN,5,5,0
2002,ERVIN,6,6,0
2002,ERNEST,6,6,0
2002,ERIK,56,56,0
2002,ERICK,9,9,0
2002,EZEKIEL,14,14,0
2002,EZRA,21,21,0
2002,FABIAN,8,8,0
2002,FAHAD,6,6,0
2002,FRANCIS,22,22,0
2002,FRANCESCO,39,39,0
2002,FOSTER,5,5,0
2002,FLETCHER,6,6,0
2002,FINN,15,15,0
2002,FINLAY,5,5,0
2002,FILIP,24,24,0
2002,ERICH,5,5,0
2002,FERNANDO,12,12,0
2002,FELIPE,5,5,0
2002,FARIS,9,9,0
2002,FARHAN,9,9,0
2002,FAREED,6,6,0
2002,FARAZ,7,7,0
2002,FAIZAN,8,8,0
2002,FAISAL,9,9,0
2002,FELIX,33,33,0
2002,ERIC,406,406,0
2002,ENRIQUE,5,5,0
2002,EMMETT,18,18,0
2002,DUSTIN,61,61,0
2002,DUNCAN,41,41,0
2002,DRYDEN,9,9,0
2002,DRAVEN,5,5,0
2002,DRAKE,33,33,0
2002,DOUGLAS,27,27,0
2002,DORIAN,28,28,0
2002,DWAYNE,7,7,0
2002,DONTE,5,5,0
2002,DONALD,18,18,0
2002,DOMINIK,23,23,0
2002,DOMINICK,12,12,0
2002,DOMINIC,84,84,0
2002,DOMENICO,15,15,0
2002,DOMENIC,17,17,0
2002,DION,5,5,0
2002,DONOVAN,17,17,0
2002,FRANCISCO,5,5,0
2002,EAMON,5,5,0
2002,EDDIE,6,6,0
2002,EMMANUEL,30,30,0
2002,EMILIO,8,8,0
2002,EMILE,6,6,0
2002,EMERSON,11,11,0
2002,EMANUEL,10,10,0
2002,ELLIOTT,21,21,0
2002,ELLIOT,20,20,0
2002,EASTON,9,9,0
2002,ELIJAH,124,124,0
2002,ELIAS,35,35,0
2002,ELI,22,22,0
2002,EDWIN,15,15,0
2002,EDWARD,88,88,0
2002,EDSON,5,5,0
2002,EDISON,10,10,0
2002,EDGAR,6,6,0
2002,ELIE,5,5,0
2002,HOWARD,7,7,0
2002,FRANCO,9,9,0
2002,FRANKLIN,5,5,0
2002,HARISH,8,8,0
2002,HARIS,9,9,0
2002,HANAD,8,8,0
2002,HAMZAH,14,14,0
2002,HAMZA,51,51,0
2002,HAMMAD,5,5,0
2002,HAMISH,6,6,0
2002,HAKEEM,5,5,0
2002,HAIDEN,8,8,0
2002,HADI,8,8,0
2002,GUY,5,5,0
2002,GURVIR,9,9,0
2002,GURSHAN,7,7,0
2002,GURNOOR,7,7,0
2002,GURMAN,5,5,0
2002,HARJOT,8,8,0
2002,HARMAN,20,20,0
2002,HAROLD,9,9,0
2002,HAROON,15,15,0
2002,HERMAN,5,5,0
2002,HENRY,90,90,0
2002,HENRI,5,5,0
2002,HEINRICH,5,5,0
2002,HEATH,9,9,0
2002,HAYDN,14,14,0
2002,HASSAN,31,31,0
2002,GURJOT,9,9,0
2002,HASHIM,7,7,0
2002,HASAN,19,19,0
2002,HARVIR,6,6,0
2002,HARVEY,5,5,0
2002,HARSH,7,7,0
2002,HARRY,22,22,0
2002,HARRISON,56,56,0
2002,HARRIS,9,9,0
2002,HASEEB,8,8,0
2002,GRIFFIN,66,66,0
2002,GRIFFEN,7,7,0
2002,GREGORY,72,72,0
2002,GEORGIOS,6,6,0
2002,GEORGE,91,91,0
2002,GEOFFREY,12,12,0
2002,GAVYN,5,5,0
2002,GAVIN,148,148,0
2002,GAURAV,7,7,0
2002,GARY,22,22,0
2002,GERALD,14,14,0
2002,GARRETT,54,54,0
2002,GARETH,8,8,0
2002,GAGE,41,41,0
2002,GABRIEL,302,302,0
2002,FREDERICK,23,23,0
2002,FREDERIC,11,11,0
2002,FRED,8,8,0
2002,FRASER,7,7,0
2002,GARRET,10,10,0
2002,FRANK,30,30,0
2002,GIACOMO,6,6,0
2002,GIANLUCA,41,41,0
2002,GRAYSON,7,7,0
2002,GRAYDON,15,15,0
2002,GRAYDEN,6,6,0
2002,GRAY,5,5,0
2002,GRANT,31,31,0
2002,GRAHAM,49,49,0
2002,GRAEME,21,21,0
2002,GIANCARLO,12,12,0
2002,GRADY,6,6,0
2002,GLEN,10,10,0
2002,GIUSEPPE,18,18,0
2002,GIULIANO,7,7,0
2002,GIOVANNI,20,20,0
2002,GIDEON,9,9,0
2002,GIANPAOLO,5,5,0
2002,GIANMARCO,9,9,0
2002,GORDON,29,29,0
2002,LAURYN,42,0,42
2002,ALISSA,31,0,31
2002,CHARLOTTE,141,0,141
2002,ELLEN,22,0,22
2002,ELLIE,31,0,31
2002,ELLIS,6,0,6
2002,ELSA,17,0,17
2002,ELSIE,11,0,11
2002,ELYSE,16,0,16
2002,ELYSSA,15,0,15
2002,EMAAN,6,0,6
2002,EMAN,7,0,7
2002,EMILEE,15,0,15
2002,EMILIA,35,0,35
2002,EMILIE,79,0,79
2002,EMILY,1082,0,1082
2002,EMMA,980,0,980
2002,EMMA-LEE,7,0,7
2002,EMMALEE,11,0,11
2002,EMMANUELLE,7,0,7
2002,ERICA,102,0,102
2002,ERICKA,6,0,6
2002,ERIKA,92,0,92
2002,ERIN,189,0,189
2002,ERYN,9,0,9
2002,ESHA,26,0,26
2002,ESME,6,0,6
2002,ESTHER,33,0,33
2002,EUNICE,10,0,10
2002,EVA,46,0,46
2002,ELLE,11,0,11
2002,ELLA,187,0,187
2002,ELIZABETH,287,0,287
2002,ELISSA,14,0,14
2002,DIANA,48,0,48
2002,DIANE,10,0,10
2002,DIANNA,7,0,7
2002,DILPREET,7,0,7
2002,DINA,16,0,16
2002,DIVYA,6,0,6
2002,DOMINIQUE,35,8,27
2002,DONNA,6,0,6
2002,DONYA,6,0,6
2002,DORA,6,0,6
2002,DOROTHY,11,0,11
2002,DREW,53,39,14
2002,DYLAN,556,549,7
2002,EVANGELINE,9,0,9
2002,EBONY,10,0,10
2002,EILEEN,11,0,11
2002,ELAINA,8,0,8
2002,ELAINE,20,0,20
2002,ELANA,6,0,6
2002,ELEANOR,17,0,17
2002,ELENA,29,0,29
2002,ELENI,7,0,7
2002,ELIANA,15,0,15
2002,ELISA,20,0,20
2002,ELISABETH,21,0,21
2002,ELISE,42,0,42
2002,ELISHA,16,0,16
2002,ELISHEVA,7,0,7
2002,EDEN,65,9,56
2002,EVE,39,0,39
2002,EVELYN,48,0,48
2002,FAITH,175,0,175
2002,GURNEET,6,0,6
2002,GWYNETH,10,0,10
2002,HAFSA,22,0,22
2002,HAFSAH,7,0,7
2002,HAILEE,23,0,23
2002,HAILEIGH,7,0,7
2002,HAILEY,327,0,327
2002,HAILIE,18,0,18
2002,HAILY,9,0,9
2002,HALEIGH,12,0,12
2002,HALEY,105,0,105
2002,HALIMA,9,0,9
2002,HALLE,39,0,39
2002,GURLEEN,33,0,33
2002,HALLIE,12,0,12
2002,HANA,30,0,30
2002,HANNA,75,0,75
2002,HANNAH,640,0,640
2002,HARLEEN,30,0,30
2002,HARLEY,17,10,7
2002,HARMONY,16,0,16
2002,HARVEEN,6,0,6
2002,HAVEN,10,0,10
2002,HAWA,6,0,6
2002,HAYDEN,210,201,9
2002,HAYLEE,19,0,19
2002,HAYLEIGH,7,0,7
2002,ALIVIA,11,0,11
2002,HAMNA,6,0,6
2002,DEVYN,15,8,7
2002,GUNEET,7,0,7
2002,GRACE,427,0,427
2002,FAIZA,7,0,7
2002,FARAH,20,0,20
2002,FARRAH,9,0,9
2002,FATIMA,68,0,68
2002,FATIMAH,6,0,6
2002,FATMA,6,0,6
2002,FELICIA,28,0,28
2002,FELICITY,14,0,14
2002,FION,6,0,6
2002,FIONA,68,0,68
2002,FIZA,11,0,11
2002,FIZZA,6,0,6
2002,FRANCES,11,0,11
2002,GRACIE,39,0,39
2002,FRANCESCA,29,0,29
2002,GABRIELLA,97,0,97
2002,GABRIELLE,161,0,161
2002,GEMMA,16,0,16
2002,GENEVIEVE,38,0,38
2002,GEORGIA,57,0,57
2002,GEORGINA,13,0,13
2002,GIANNA,8,0,8
2002,GILLIAN,67,0,67
2002,GINA,14,0,14
2002,GISELLE,9,0,9
2002,GIULIA,19,0,19
2002,GIULIANA,11,0,11
2002,GLORIA,20,0,20
2002,GABRIELA,38,0,38
2002,HAYLEY,112,0,112
2002,DEVON,114,95,19
2002,DEVAN,25,17,8
2002,CARMEN,29,5,24
2002,CAROL,9,0,9
2002,CAROLINA,9,0,9
2002,CAROLINE,60,0,60
2002,CAROLYN,27,0,27
2002,CARRIE,8,0,8
2002,CASANDRA,6,0,6
2002,CASEY,36,19,17
2002,CASSANDRA,204,0,204
2002,CASSIDY,102,0,102
2002,CASSIE,17,0,17
2002,CATHERINE,123,0,123
2002,CATHY,8,0,8
2002,CATRINA,8,0,8
2002,CATRIONA,6,0,6
2002,CECILIA,15,0,15
2002,CELESTE,33,0,33
2002,CELIA,14,0,14
2002,CELINA,27,0,27
2002,CELINE,14,0,14
2002,CHANEL,13,0,13
2002,CHANELLE,13,0,13
2002,CHANTAL,25,0,25
2002,CHANTEL,25,0,25
2002,CHANTELLE,20,0,20
2002,CHARIS,8,0,8
2002,CHARLENE,9,0,9
2002,CARLY,64,0,64
2002,CARLEY,22,0,22
2002,CARLENE,6,0,6
2002,CARLEE,8,0,8
2002,BROOKE,183,0,183
2002,BROOKELYN,6,0,6
2002,BROOKLYN,113,0,113
2002,BROOKLYNN,13,0,13
2002,BRYANA,6,0,6
2002,BRYANNA,28,0,28
2002,BRYN,16,7,9
2002,BRYNN,16,0,16
2002,CADENCE,12,0,12
2002,CAILYN,11,0,11
2002,CAITLIN,90,0,90
2002,CAITLYN,75,0,75
2002,CAITLYNN,6,0,6
2002,CHARLIZE,10,0,10
2002,CALEIGH,11,0,11
2002,CALISTA,13,0,13
2002,CALLIE,16,0,16
2002,CALLISTA,6,0,6
2002,CAMERON,474,451,23
2002,CAMILA,12,0,12
2002,CAMILLE,54,0,54
2002,CAMRYN,49,0,49
2002,CANDACE,9,0,9
2002,CANDICE,8,0,8
2002,CARA,18,0,18
2002,CARINA,23,0,23
2002,CARISSA,26,0,26
2002,CARLA,6,0,6
2002,CALI,7,0,7
2002,CHELSEA,80,0,80
2002,CHELSEY,20,0,20
2002,CHEYANNE,17,0,17
2002,DALLAS,34,26,8
2002,DANA,61,0,61
2002,DANAE,7,0,7
2002,DANIA,10,0,10
2002,DANICA,18,0,18
2002,DANIELA,56,0,56
2002,DANIELLA,73,0,73
2002,DANIELLE,156,0,156
2002,DANIKA,39,0,39
2002,DANYA,8,0,8
2002,DAPHNE,19,0,19
2002,DARA,6,0,6
2002,DARBY,9,0,9
2002,DALIA,7,0,7
2002,DARCY,26,18,8
2002,DARIAN,21,14,7
2002,DAVINA,7,0,7
2002,DAWN,8,0,8
2002,DAYNA,19,0,19
2002,DEANNA,37,0,37
2002,DEBORAH,16,0,16
2002,DEJA,6,0,6
2002,DELANEY,33,0,33
2002,DENISE,14,0,14
2002,DENISHA,6,0,6
2002,DESIREE,34,0,34
2002,DESTINEY,6,0,6
2002,DESTINY,99,0,99
2002,DARIA,7,0,7
2002,DEVIN,135,124,11
2002,DAKOTA,104,63,41
2002,CYNTHIA,34,0,34
2002,CHEYENNE,36,0,36
2002,CHIARA,47,0,47
2002,CHLOE,341,0,341
2002,CHLOÉ,19,0,19
2002,CHRISTIANA,7,0,7
2002,CHRISTINA,180,0,180
2002,CHRISTINE,69,0,69
2002,CHRISTY,9,0,9
2002,CIARA,34,0,34
2002,CIERRA,21,0,21
2002,CINDY,42,0,42
2002,CLAIRE,168,0,168
2002,CLARA,50,0,50
2002,DAISY,11,0,11
2002,CLARE,25,0,25
2002,CLARISSA,16,0,16
2002,CLAUDIA,59,0,59
2002,CLOE,8,0,8
2002,COLLEEN,18,0,18
2002,CONNIE,14,0,14
2002,CORA,24,0,24
2002,CORDELIA,9,0,9
2002,CORI,6,0,6
2002,CORINA,7,0,7
2002,CORINNE,7,0,7
2002,COURTNEY,98,0,98
2002,CRISTINA,19,0,19
2002,CRYSTAL,45,0,45
2002,CLARICE,6,0,6
2002,HAZEL,9,0,9
2002,ELIZA,18,0,18
2002,HEBA,6,0,6
2002,KAROLINA,11,0,11
2002,KASANDRA,6,0,6
2002,KASIA,10,0,10
2002,KASSANDRA,36,0,36
2002,KASSIDY,24,0,24
2002,KATARINA,38,0,38
2002,KATE,110,0,110
2002,KATELYN,121,0,121
2002,KATELYNN,16,0,16
2002,KATERINA,27,0,27
2002,KATHARINA,7,0,7
2002,KATHARINE,6,0,6
2002,KATHERINE,171,0,171
2002,KATHLEEN,59,0,59
2002,KATHRYN,67,0,67
2002,KATHY,23,0,23
2002,KATIA,8,0,8
2002,KATIE,82,0,82
2002,KATLYN,11,0,11
2002,KATRINA,103,0,103
2002,KAYA,37,7,30
2002,KAYLA,339,0,339
2002,KAYLEE,73,0,73
2002,KAYLEIGH,31,0,31
2002,KAYLEY,18,0,18
2002,KAYLI,8,0,8
2002,KAYLIE,11,0,11
2002,KARLY,9,0,9
2002,KARLIE,9,0,9
2002,KARLEY,10,0,10
2002,KARLEE,11,0,11
2002,JULIE,58,0,58
2002,JULIET,8,0,8
2002,JULIETTE,21,0,21
2002,JUSTICE,30,17,13
2002,JUSTINA,10,0,10
2002,JUSTINE,33,0,33
2002,KAELYN,11,0,11
2002,KAIA,18,0,18
2002,KAIJA,7,0,7
2002,KAILA,10,0,10
2002,KAILEY,33,0,33
2002,KAILYN,16,0,16
2002,KAITLIN,86,0,86
2002,KAYLIN,13,0,13
2002,KAITLYN,281,0,281
2002,KAIYA,14,0,14
2002,KALEIGH,14,0,14
2002,KALEY,9,0,9
2002,KALI,19,0,19
2002,KALLISTA,6,0,6
2002,KAMRYN,18,0,18
2002,KARA,34,0,34
2002,KAREENA,7,0,7
2002,KAREN,44,0,44
2002,KARI,7,0,7
2002,KARINA,33,0,33
2002,KARISHMA,6,0,6
2002,KARISSA,19,0,19
2002,KAITLYNN,29,0,29
2002,KAYLYN,9,0,9
2002,KEANNA,15,0,15
2002,KEARA,11,0,11
2002,KIRAN,15,7,8
2002,KIRSTEN,48,0,48
2002,KLARA,7,0,7
2002,KOMAL,7,0,7
2002,KRISTA,28,0,28
2002,KRISTEN,77,0,77
2002,KRISTIN,18,0,18
2002,KRISTINA,47,0,47
2002,KRISTINE,13,0,13
2002,KRISTYN,6,0,6
2002,KRYSTAL,18,0,18
2002,KSENIA,6,0,6
2002,KYA,6,0,6
2002,KIRA,66,0,66
2002,KYLA,66,0,66
2002,KYLEIGH,15,0,15
2002,KYLIE,127,0,127
2002,KYRA,71,0,71
2002,KYRAH,6,0,6
2002,LACEY,14,0,14
2002,LAILA,22,0,22
2002,LANA,21,0,21
2002,LARA,39,0,39
2002,LARISSA,22,0,22
2002,LARYSSA,8,0,8
2002,LAURA,211,0,211
2002,LAUREL,9,0,9
2002,LAUREN,479,0,479
2002,KYLEE,21,0,21
2002,JULIANNE,14,0,14
2002,KIMBERLY,45,0,45
2002,KIM,11,0,11
2002,KEELEY,6,0,6
2002,KEELY,8,0,8
2002,KEIRA,27,0,27
2002,KEISHA,10,0,10
2002,KELLY,99,0,99
2002,KELSEY,48,0,48
2002,KENDAL,6,0,6
2002,KENDALL,12,0,12
2002,KENDRA,64,0,64
2002,KENNEDY,83,0,83
2002,KENYA,10,0,10
2002,KENZIE,7,0,7
2002,KEONA,8,0,8
2002,HEATHER,68,0,68
2002,KERRI,7,0,7
2002,KHADEEJA,6,0,6
2002,KHADIJA,11,0,11
2002,KHADIJAH,8,0,8
2002,KHLOE,7,0,7
2002,KHUSHI,14,0,14
2002,KIANA,46,0,46
2002,KIANNA,13,0,13
2002,KIARA,81,0,81
2002,KIARRA,6,0,6
2002,KIERA,37,0,37
2002,KIERRA,14,0,14
2002,KIERSTEN,14,0,14
2002,KILEY,6,0,6
2002,KEYANNA,12,0,12
2002,JULIANNA,51,0,51
2002,KIMBERLEY,7,0,7
2002,JULIA,575,0,575
2002,ISLA,8,0,8
2002,ISOBEL,13,0,13
2002,ISRA,8,0,8
2002,IVANA,16,0,16
2002,IVY,28,0,28
2002,IZABELLA,14,0,14
2002,JACEY,6,0,6
2002,JACKLYN,13,0,13
2002,JACLYN,18,0,18
2002,JACQUELINE,70,0,70
2002,JACQUELYN,9,0,9
2002,JADA,66,0,66
2002,JADE,142,0,142
2002,ISHIKA,7,0,7
2002,JADEN,190,140,50
2002,JADZIA,6,0,6
2002,JAEDEN,17,11,6
2002,JAEDYN,13,6,7
2002,JAELYN,10,0,10
2002,JAIDA,11,0,11
2002,JAIDEN,56,35,21
2002,JAIDYN,14,0,14
2002,JAIME,54,7,47
2002,JAIMIE,11,0,11
2002,JAMIE,132,44,88
2002,JANA,20,0,20
2002,JANAI,6,0,6
2002,JANE,18,0,18
2002,JADYN,39,6,33
2002,JANELLE,49,0,49
2002,ISHA,31,0,31
2002,ISABELLA,439,0,439
2002,JULIANA,51,0,51
2002,HEIDI,24,0,24
2002,HELEN,21,0,21
2002,HELENA,28,0,28
2002,HIBA,14,0,14
2002,HIBAH,9,0,9
2002,HILARY,18,0,18
2002,HILLARY,22,0,22
2002,HIRA,6,0,6
2002,HODAN,6,0,6
2002,HOLLAND,8,0,8
2002,HOLLIE,6,0,6
2002,HOLLY,96,0,96
2002,ISABELLE,167,0,167
2002,HOPE,76,0,76
2002,HUMAIRA,6,0,6
2002,HUNTER,323,286,37
2002,IMAN,25,0,25
2002,INAYA,6,0,6
2002,INDIA,7,0,7
2002,INGRID,7,0,7
2002,IQRA,11,0,11
2002,IRELAND,15,0,15
2002,IRENE,22,0,22
2002,IRIS,15,0,15
2002,ISABEL,65,0,65
2002,ISABELA,7,0,7
2002,ISABELL,6,0,6
2002,HUDA,13,0,13
2002,JANESSA,14,0,14
2002,IDA,6,0,6
2002,JANICE,22,0,22
2002,JEWEL,12,0,12
2002,JIA,14,5,9
2002,JILL,10,0,10
2002,JILLIAN,99,0,99
2002,JOANNA,38,0,38
2002,JOANNE,18,0,18
2002,JOCELYN,74,0,74
2002,JOCELYNE,7,0,7
2002,JOCELYNN,10,0,10
2002,JODI,10,0,10
2002,JODIE,6,0,6
2002,JOELLE,22,0,22
2002,JOEY,33,21,12
2002,JESSY,6,0,6
2002,JOHANNA,16,0,16
2002,JOLIE,6,0,6
2002,JORDAN,599,448,151
2002,JORDANA,10,0,10
2002,JORDYNN,9,0,9
2002,JORJA,13,0,13
2002,JOSEPHINE,35,0,35
2002,JOSIE,13,0,13
2002,JOVANA,10,0,10
2002,JOY,15,0,15
2002,JOYCE,15,0,15
2002,JUDITH,15,0,15
2002,JANET,14,0,14
2002,JUDY,20,0,20
2002,JOLENE,9,0,9
2002,JESSIE,57,7,50
2002,JORDYN,85,0,85
2002,JASMEET,6,0,6
2002,JANINE,8,0,8
2002,JANNA,9,0,9
2002,JASKIRAN,6,0,6
2002,JASLEEN,27,0,27
2002,JASMEEN,6,0,6
2002,JASMIN,32,0,32
2002,JASMINE,226,0,226
2002,JASMYN,8,0,8
2002,JAYA,6,0,6
2002,JAYDA,21,0,21
2002,JAYDEN,226,188,38
2002,JAYLIN,6,0,6
2002,JAYME,19,0,19
2002,JAYDE,14,0,14
2002,JENNICA,6,0,6
2002,JESSE,156,147,9
2002,JESS,6,0,6
2002,JENNY,43,0,43
2002,JENNIFER,188,0,188
2002,JAYNA,8,0,8
2002,JENNA,272,0,272
2002,JENELLE,7,0,7
2002,JESSICA,627,0,627
2002,JAZMYN,8,0,8
2002,JAZMINE,9,0,9
2002,JAZMIN,15,0,15
2002,JAZLYN,6,0,6
2002,JENA,7,0,7
2003,CASSIE,12,0,12
2003,CASSIDY,97,0,97
2003,CHASE,110,102,8
2003,CASSIA,10,0,10
2003,CASSANDRA,157,0,157
2003,CASEY,27,10,17
2003,CARYS,10,0,10
2003,CARRIE,12,0,12
2003,CATALINA,8,0,8
2003,CHARLOTTE,141,0,141
2003,CAROLINE,73,0,73
2003,CAROLINA,10,0,10
2003,CAROL,8,0,8
2003,CARMEN,37,5,32
2003,CARLY,62,0,62
2003,CARLIE,7,0,7
2003,CARLEY,14,0,14
2003,CATARINA,7,0,7
2003,CARISSA,17,0,17
2003,CARINA,23,0,23
2003,CAROLYN,27,0,27
2003,CATERINA,6,0,6
2003,CHANTAL,19,0,19
2003,CATHY,8,0,8
2003,CHARLIZE,13,0,13
2003,CARA,16,0,16
2003,CHARLIE,51,38,13
2003,CHARLEY,6,0,6
2003,CHARLENE,7,0,7
2003,CHARITY,11,0,11
2003,CHARIS,8,0,8
2003,CHANTELLE,21,0,21
2003,CHANTEL,27,0,27
2003,CATHERINE,145,0,145
2003,CHANELLE,11,0,11
2003,CELINE,25,0,25
2003,CELINA,33,0,33
2003,CELIA,10,0,10
2003,CELESTE,18,0,18
2003,CEILIDH,9,0,9
2003,CECILY,6,0,6
2003,CECILIA,22,0,22
2003,CAYLA,11,0,11
2003,CATRIONA,7,0,7
2003,CHANEL,20,0,20
2003,CANDICE,8,0,8
2003,BRITNEY,30,0,30
2003,CAMRYN,43,0,43
2003,BRITTNEY,8,0,8
2003,BRITTANY,29,0,29
2003,BRIGITTE,10,0,10
2003,BRIELLE,13,0,13
2003,BRIDGET,29,0,29
2003,BRIAR,10,0,10
2003,BRIANNE,19,0,19
2003,BRIANNA,337,0,337
2003,BRIANA,39,0,39
2003,BRONWEN,10,0,10
2003,BRIA,6,0,6
2003,BRENDA,8,0,8
2003,BREE,7,0,7
2003,BREANNE,12,0,12
2003,BREANNA,117,0,117
2003,BRANDY,8,0,8
2003,BRANDI,7,0,7
2003,CHELSEA,100,0,100
2003,BILLIE,7,0,7
2003,BONNIE,7,0,7
2003,BRENNA,24,0,24
2003,BRONWYN,23,0,23
2003,BROOK,7,0,7
2003,BROOKE,242,0,242
2003,CAMILLE,35,0,35
2003,CAMILLA,6,0,6
2003,CAMILA,15,0,15
2003,CAMERON,468,442,26
2003,CALLIE,8,0,8
2003,CALISTA,24,0,24
2003,CALEIGH,13,0,13
2003,CAITLYNN,11,0,11
2003,CAITLYN,73,0,73
2003,CAITLIN,83,0,83
2003,CAILYN,10,0,10
2003,CAILEY,7,0,7
2003,CAILEIGH,6,0,6
2003,CAELAN,26,19,7
2003,CADENCE,24,0,24
2003,BÉATRICE,6,0,6
2003,BRYNN,12,0,12
2003,BRYN,14,7,7
2003,BRYANNA,30,0,30
2003,BROOKLYNN,24,0,24
2003,BROOKLYN,135,0,135
2003,CANDACE,7,0,7
2003,CHELSEY,18,0,18
2003,DEVYN,19,9,10
2003,CHEYANNE,12,0,12
2003,DONNA,8,0,8
2003,DOMINIQUE,33,6,27
2003,DOMINIKA,7,0,7
2003,DIYA,20,0,20
2003,DIVYA,8,0,8
2003,DINA,12,0,12
2003,DIANNA,7,0,7
2003,DIANE,8,0,8
2003,DIANA,45,0,45
2003,DORA,10,0,10
2003,DEVON,105,91,14
2003,DESTINY,80,0,80
2003,DESIREE,33,0,33
2003,DENISE,25,0,25
2003,DELILAH,6,0,6
2003,DELANEY,39,0,39
2003,DEIRDRE,6,0,6
2003,DEBORAH,10,0,10
2003,DEANNA,45,0,45
2003,DEANDRA,6,0,6
2003,DEVIN,112,106,6
2003,DORIS,8,0,8
2003,DOROTHY,22,0,22
2003,DORSA,6,0,6
2003,BIANCA,113,0,113
2003,ELIZABETH,249,0,249
2003,ELIZA,8,0,8
2003,ELISSA,20,0,20
2003,ELISHA,13,0,13
2003,ELISE,50,0,50
2003,ELISABETH,20,0,20
2003,ELISA,22,0,22
2003,ELIANA,15,0,15
2003,ELENI,10,0,10
2003,ELENA,44,0,44
2003,ELEANOR,26,0,26
2003,ELAINE,18,0,18
2003,ELAINA,6,0,6
2003,EILEEN,7,0,7
2003,EDEN,60,0,60
2003,EBONY,6,0,6
2003,DÉSIRÉE,8,0,8
2003,DYLAN,606,591,15
2003,DUA,6,0,6
2003,DREW,51,39,12
2003,DAYNA,19,0,19
2003,CHERYL,6,0,6
2003,DARIA,13,0,13
2003,DAPHNÉE,6,0,6
2003,CLAUDIA,64,0,64
2003,CLARISSA,12,0,12
2003,CLARE,25,0,25
2003,CLARA,49,0,49
2003,CLAIRE,180,0,180
2003,CLAIR,6,0,6
2003,CINDY,39,0,39
2003,CIERRA,20,0,20
2003,CIERA,12,0,12
2003,CLOÉ,7,0,7
2003,CIARA,38,0,38
2003,CHRISTINE,51,0,51
2003,CHRISTINA,158,0,158
2003,CHRISTIE,7,0,7
2003,CHRISTA,6,0,6
2003,CHLOË,12,0,12
2003,CHLOÉ,37,0,37
2003,CHLOE,338,0,338
2003,CHIARA,37,0,37
2003,CHEYENNE,53,0,53
2003,CHRISTY,7,0,7
2003,COLLEEN,17,0,17
2003,CONNIE,7,0,7
2003,CONSTANCE,6,0,6
2003,DAPHNE,16,0,16
2003,DANYA,7,0,7
2003,DANIKA,39,0,39
2003,DANIELLE,137,0,137
2003,DANIELLA,66,0,66
2003,DANIELA,50,0,50
2003,DANICA,19,0,19
2003,DANIA,12,0,12
2003,DANA,56,0,56
2003,DALIA,11,0,11
2003,DAKOTA,136,87,49
2003,DAISY,20,0,20
2003,DAHLIA,8,0,8
2003,CYNTHIA,45,0,45
2003,CYDNEY,6,0,6
2003,CRYSTAL,40,0,40
2003,CRISTINA,33,0,33
2003,COURTNEY,85,0,85
2003,CORINNE,7,0,7
2003,CORAL,6,0,6
2003,CORA,21,0,21
2003,DARCY,25,17,8
2003,BETTY,6,0,6
2003,LEANNE,21,0,21
2003,BETH,8,0,8
2003,ALISA,21,0,21
2003,ALINA,28,0,28
2003,ALICIA,108,0,108
2003,ALICE,34,0,34
2003,ALIANA,6,0,6
2003,ALIAH,6,0,6
2003,ALIA,18,0,18
2003,ALEXUS,17,0,17
2003,ALEXIS,346,22,324
2003,ALISHA,49,0,49
2003,ALEXIE,9,0,9
2003,ALEXANDRIA,59,0,59
2003,ALEXANDRA,348,0,348
2003,ALEXA,144,0,144
2003,ALEX,163,155,8
2003,ALESSIA,84,0,84
2003,ALESSANDRA,20,0,20
2003,ALESHA,13,0,13
2003,ALENA,12,0,12
2003,ALEKSANDRA,19,0,19
2003,ALEXIA,91,0,91
2003,ALEJANDRA,10,0,10
2003,ALISHBA,13,0,13
2003,ALISSA,34,0,34
2003,AMALIA,7,0,7
2003,AMAL,15,0,15
2003,ALYSSIA,8,0,8
2003,ALYSSA,405,0,405
2003,ALYSON,21,0,21
2003,ALYSIA,8,0,8
2003,ALYSHA,34,0,34
2003,ALYSA,9,0,9
2003,ALYCIA,10,0,10
2003,ALISON,62,0,62
2003,ALORA,7,0,7
2003,ALLY,12,0,12
2003,ALLIYAH,7,0,7
2003,ALLISON,110,0,110
2003,ALLIE,9,0,9
2003,ALLEGRA,9,0,9
2003,ALIYAH,62,0,62
2003,ALIYA,35,0,35
2003,ALIX,6,0,6
2003,ALIVIA,9,0,9
2003,ALLYSON,25,0,25
2003,ALEISHA,7,0,7
2003,ALEENA,16,0,16
2003,ALEAH,8,0,8
2003,ADELE,13,0,13
2003,ADELAIDE,13,0,13
2003,ADEENA,7,0,7
2003,ADDISON,29,17,12
2003,ADA,11,0,11
2003,ACADIA,6,0,6
2003,ABIRAMI,6,0,6
2003,ABIGAYLE,20,0,20
2003,ABIGALE,21,0,21
2003,ADELINE,8,0,8
2003,ABIGAIL,512,0,512
2003,ABBYGAIL,8,0,8
2003,ABBY,121,0,121
2003,ABBIGALE,9,0,9
2003,ABBIGAIL,20,0,20
2003,ABBIE,17,0,17
2003,ABBEY,66,0,66
2003,ABAGAIL,6,0,6
2003,AALIYAH,75,0,75
2003,ELLA,272,0,272
2003,ABIGAEL,9,0,9
2003,ADELLE,7,0,7
2003,ADINA,13,0,13
2003,ADITI,9,0,9
2003,ALANNAH,9,0,9
2003,ALANNA,23,0,23
2003,ALANA,32,0,32
2003,ALAINA,11,0,11
2003,AKSHAYA,7,0,7
2003,AISLYNN,7,0,7
2003,AISLYN,7,0,7
2003,AISLINN,13,0,13
2003,AISLIN,6,0,6
2003,AISHA,42,0,42
2003,AINSLEY,56,0,56
2003,AIMEE,23,0,23
2003,AIDAN,550,543,7
2003,AIDA,7,0,7
2003,AGNES,6,0,6
2003,AGATHA,9,0,9
2003,ADÈLE,7,0,7
2003,ADRIENNE,7,0,7
2003,ADRIANNE,7,0,7
2003,ADRIANNA,43,0,43
2003,ADRIANA,55,0,55
2003,AMANDA,206,0,206
2003,AMARA,13,0,13
2003,AMAYA,14,0,14
2003,AMBER,112,0,112
2003,ASHTON,136,130,6
2003,ASHLYNN,15,0,15
2003,ASHLYN,40,0,40
2003,ASHLEY,389,0,389
2003,ASHLEIGH,31,0,31
2003,ASHLEE,12,0,12
2003,ASHANTI,14,0,14
2003,ASHA,18,0,18
2003,ARYANA,10,0,10
2003,ASIA,29,0,29
2003,ARWEN,7,0,7
2003,ARIELLE,26,0,26
2003,ARIEL,46,9,37
2003,ARIANNE,8,0,8
2003,ARIANNA,90,0,90
2003,ARIANE,15,0,15
2003,ARIANA,56,0,56
2003,ARIA,15,0,15
2003,AREEJ,6,0,6
2003,AREEBA,10,0,10
2003,ARSHDEEP,20,11,9
2003,ASMA,16,0,16
2003,ATHENA,30,0,30
2003,AUBREY,11,0,11
2003,BERNICE,8,0,8
2003,BELLE,12,0,12
2003,BELLA,16,0,16
2003,BEATRICE,16,0,16
2003,BATOOL,7,0,7
2003,BARBARA,12,0,12
2003,BAILEY,89,34,55
2003,BABY,13,5,8
2003,AZARIA,6,0,6
2003,AYSHA,9,0,9
2003,AYLA,14,0,14
2003,AYESHA,39,0,39
2003,AYAH,14,0,14
2003,AYA,14,0,14
2003,AVRIL,7,0,7
2003,AVNEET,9,0,9
2003,AVERY,274,40,234
2003,AVA,192,0,192
2003,AUTUMN,78,0,78
2003,AURORA,37,0,37
2003,AUDREY,83,0,83
2003,ARDEN,11,0,11
2003,BETHANY,42,0,42
2003,AQSA,7,0,7
2003,ANYA,13,0,13
2003,ANGELICA,45,0,45
2003,ANGELA,107,0,107
2003,ANGEL,49,6,43
2003,ANDREA,85,0,85
2003,ANDIE,12,0,12
2003,ANASTASIA,45,0,45
2003,ANABELLE,8,0,8
2003,ANA,52,0,52
2003,AMÉLIE,22,0,22
2003,ANGELIKA,8,0,8
2003,AMY,178,0,178
2003,AMRIT,22,7,15
2003,AMNA,20,0,20
2003,AMISHA,7,0,7
2003,AMIRA,23,0,23
2003,AMINAH,10,0,10
2003,AMINA,19,0,19
2003,AMIE,9,0,9
2003,AMELIE,12,0,12
2003,AMELIA,127,0,127
2003,AMRITA,6,0,6
2003,ANGELINA,135,0,135
2003,ANGELINE,17,0,17
2003,ANGELIQUE,13,0,13
2003,ANUSHKA,8,0,8
2003,ANTONIA,7,0,7
2003,ANNIKA,56,0,56
2003,ANNIE,53,0,53
2003,ANNETTE,7,0,7
2003,ANNEKE,6,0,6
2003,ANNE,33,0,33
2003,ANNALISE,10,0,10
2003,ANNABELLE,31,0,31
2003,ANNABELLA,7,0,7
2003,ANNABEL,9,0,9
2003,ANNA,235,0,235
2003,ANN,13,0,13
2003,ANMOL,13,7,6
2003,ANJALI,25,0,25
2003,ANITA,23,0,23
2003,ANISSA,6,0,6
2003,ANISHA,17,0,17
2003,ANISA,21,0,21
2003,ANIKA,45,0,45
2003,ANGIE,8,0,8
2003,APRIL,27,0,27
2003,LEANNA,8,0,8
2003,ELLE,14,0,14
2003,ELLIE,36,0,36
2003,ROCHELLE,11,0,11
2003,ROBYN,33,0,33
2003,ROBIN,25,10,15
2003,ROBERTA,6,0,6
2003,RIYA,30,0,30
2003,RIVKA,6,0,6
2003,RITA,16,0,16
2003,RILEY,351,262,89
2003,RIDA,20,0,20
2003,RIANNA,18,0,18
2003,RIA,26,0,26
2003,RHIANNON,18,0,18
2003,RHIANNA,6,0,6
2003,RHEANNA,7,0,7
2003,RHEA,33,0,33
2003,RENÉE,30,0,30
2003,RENEE,40,0,40
2003,REILLY,30,20,10
2003,REGAN,25,0,25
2003,REESE,75,28,47
2003,REEM,10,0,10
2003,REEGAN,10,0,10
2003,REECE,33,25,8
2003,RORY,41,27,14
2003,ROSA,9,0,9
2003,ROSALIE,6,0,6
2003,ROSE,45,0,45
2003,SAHAR,21,0,21
2003,SAGE,26,8,18
2003,SAGAL,7,0,7
2003,SAFIYA,6,0,6
2003,SAFA,18,0,18
2003,SADIE,51,0,51
2003,SADAF,7,0,7
2003,SABRINA,160,0,160
2003,SABINE,6,0,6
2003,SABINA,10,0,10
2003,SABA,8,0,8
2003,REBEKAH,37,0,37
2003,SAARAH,6,0,6
2003,RYLEY,25,16,9
2003,RYLEIGH,21,0,21
2003,RYLEE,57,8,49
2003,RYANN,14,0,14
2003,RYAN,987,972,15
2003,RUTH,26,0,26
2003,RUBY,42,0,42
2003,ROXANNE,8,0,8
2003,ROWAN,58,40,18
2003,ROSEMARY,9,0,9
2003,ROSEMARIE,7,0,7
2003,RYLIE,25,6,19
2003,REBECCA,255,0,255
2003,REBECA,11,0,11
2003,REANNA,10,0,10
2003,PORTIA,10,0,10
2003,POOJA,9,0,9
2003,PIPER,29,0,29
2003,PHOENIX,38,24,14
2003,PHOEBE,21,0,21
2003,PEYTON,50,22,28
2003,PETRA,9,0,9
2003,PENELOPE,6,0,6
2003,PAYTON,60,16,44
2003,PAULINE,10,0,10
2003,PAULINA,10,0,10
2003,PRABHJOT,11,5,6
2003,PAULA,20,0,20
2003,PATIENCE,9,0,9
2003,PARKER,87,81,6
2003,PARIS,44,0,44
2003,PAMELA,13,0,13
2003,PAISLEY,7,0,7
2003,PAIGE,367,0,367
2003,ORIANA,9,0,9
2003,OLIVIA,739,0,739
2003,ODESSA,7,0,7
2003,OCEAN,10,0,10
2003,NYLA,12,0,12
2003,PATRICIA,43,0,43
2003,SAIGE,11,0,11
2003,PRECIOUS,8,0,8
2003,PRISCILLA,18,0,18
2003,REAGAN,29,0,29
2003,RAYNE,18,5,13
2003,RAYNA,7,0,7
2003,RAYA,9,0,9
2003,RAWAN,11,0,11
2003,RAVNEET,10,0,10
2003,RAVEN,26,0,26
2003,RAQUEL,23,0,23
2003,RANA,7,0,7
2003,RAMONA,6,0,6
2003,RAINE,15,6,9
2003,PRINCESS,8,0,8
2003,RAHMA,8,0,8
2003,LEAH,203,0,203
2003,RADHIKA,6,0,6
2003,RACHELLE,17,0,17
2003,RACHEL,472,0,472
2003,RACHAEL,40,0,40
2003,RABIA,10,0,10
2003,QUINN,95,79,16
2003,PYPER,6,0,6
2003,PUNEET,11,0,11
2003,PRIYANKA,11,0,11
2003,PRIYA,19,0,19
2003,RAHAF,7,0,7
2003,SAIRA,9,0,9
2003,SALENA,8,0,8
2003,SALINA,9,0,9
2003,STELLA,30,0,30
2003,STEFANIE,11,0,11
2003,STEFANIA,14,0,14
2003,STEFANI,7,0,7
2003,STACEY,13,0,13
2003,SOPHIE,224,0,224
2003,SOPHIA,312,0,312
2003,SONYA,21,0,21
2003,SONIA,30,0,30
2003,SOFIE,6,0,6
2003,SOFIA,135,0,135
2003,STEPHANIE,155,0,155
2003,SLOANE,7,0,7
2003,SKYLAR,59,15,44
2003,SKYLA,9,0,9
2003,SKYE,31,0,31
2003,SKY,6,0,6
2003,SIYA,10,0,10
2003,SIOBHAN,20,0,20
2003,SIMRAN,54,0,54
2003,SIMONE,33,0,33
2003,SIMONA,12,0,12
2003,SIMAR,7,0,7
2003,SIHAM,6,0,6
2003,SKYLER,55,37,18
2003,SIERRA,177,0,177
2003,STEVIE,7,0,7
2003,SUMAYA,14,0,14
2003,TARA,42,0,42
2003,TANYA,23,0,23
2003,TANISHA,10,0,10
2003,TANIA,9,0,9
2003,TANAYA,7,0,7
2003,TAMMY,6,0,6
2003,TAMIA,6,0,6
2003,TAMARA,44,0,44
2003,TAMANNA,6,0,6
2003,TALIYAH,10,0,10
2003,TALIA,35,0,35
2003,SUHANI,7,0,7
2003,TALA,7,0,7
2003,TAHLIA,6,0,6
2003,TABITHA,9,0,9
2003,SYLVIA,16,0,16
2003,SYEDA,21,0,21
2003,SYDNIE,7,0,7
2003,SYDNEY,345,0,345
2003,SYDNEE,11,0,11
2003,SWETHA,7,0,7
2003,SUSAN,26,0,26
2003,SUMMER,55,0,55
2003,SUMEET,6,0,6
2003,TAIYA,6,0,6
2003,NYAH,9,0,9
2003,SIENNA,19,0,19
2003,SHYLA,9,0,9
2003,SERENA,111,0,111
2003,SELINA,34,0,34
2003,SELENA,66,0,66
2003,SCARLETT,7,0,7
2003,SAVANNAH,108,0,108
2003,SAVANNA,21,0,21
2003,SAVANAH,15,0,15
2003,SAVANA,6,0,6
2003,SASKIA,6,0,6
2003,SASHA,52,18,34
2003,SARINA,16,0,16
2003,SERENITY,21,0,21
2003,SARAH,760,0,760
2003,SANJANA,10,0,10
2003,SANDY,7,0,7
2003,SANDRA,34,0,34
2003,SANA,24,0,24
2003,SAMIYA,6,0,6
2003,SAMIRA,15,0,15
2003,SAMIA,6,0,6
2003,SAMARA,15,0,15
2003,SAMANTHA,433,0,433
2003,SALMA,21,0,21
2003,SALLY,10,0,10
2003,SARA,249,0,249
2003,SIDNEY,21,0,21
2003,SERINA,8,0,8
2003,SHAELYN,11,0,11
2003,SHYANNE,19,0,19
2003,SHYANN,7,0,7
2003,SHREYA,24,0,24
2003,SHIRLEY,13,0,13
2003,SHIRA,9,0,9
2003,SHIANNE,9,0,9
2003,SHERRY,9,0,9
2003,SHERIDAN,10,0,10
2003,SHELBY,76,0,76
2003,SHEILA,10,0,10
2003,SHEA,9,0,9
2003,SHAE,10,0,10
2003,SHAYNA,14,0,14
2003,SHAYE,9,0,9
2003,SHAWNA,17,0,17
2003,SHAUNA,16,0,16
2003,SHARON,26,0,26
2003,SHANNON,75,0,75
2003,SHANICE,8,0,8
2003,SHANIA,19,0,19
2003,SHANELLE,10,0,10
2003,SHAKIRA,15,0,15
2003,SHAINA,6,0,6
2003,SHAELYNN,6,0,6
2003,SHAYLA,30,0,30
2003,NYA,10,0,10
2003,NUHA,6,0,6
2003,NOÉMIE,10,0,10
2003,MAJA,11,0,11
2003,MAIYA,8,0,8
2003,MAISIE,7,0,7
2003,MAIJA,9,0,9
2003,MAIA,45,0,45
2003,MAI,9,0,9
2003,MAHUM,7,0,7
2003,MAHNOOR,12,0,12
2003,MAHEK,7,0,7
2003,MAHEEN,11,0,11
2003,MAHA,15,0,15
2003,MAKAYLA,132,0,132
2003,MAGGIE,65,0,65
2003,MAEVE,24,0,24
2003,MAEGAN,10,0,10
2003,MAE,6,0,6
2003,MADYSON,18,0,18
2003,MADISYN,17,0,17
2003,MADISON,723,0,723
2003,MADINA,6,0,6
2003,MADILYN,7,0,7
2003,MADELYNN,8,0,8
2003,MADELYN,66,0,66
2003,MADELINE,174,0,174
2003,MAGDALENA,8,0,8
2003,MADELEINE,95,0,95
2003,MAKENNA,47,0,47
2003,MALAIKA,10,0,10
2003,MARISA,44,0,44
2003,MARION,9,0,9
2003,MARINA,36,0,36
2003,MARIKA,10,0,10
2003,MARIJA,7,0,7
2003,MARIELLE,6,0,6
2003,MARIE-EVE,7,0,7
2003,MARIE-ANNE,6,0,6
2003,MARIE,97,0,97
2003,MARIANNE,7,0,7
2003,MARIANNA,6,0,6
2003,MAKENZIE,14,0,14
2003,MARIANA,19,0,19
2003,MARIAH,61,0,61
2003,MARIA,154,0,154
2003,MARGARET,59,0,59
2003,MARA,19,0,19
2003,MANISHA,6,0,6
2003,MANDY,18,0,18
2003,MANAL,10,0,10
2003,MANAHIL,7,0,7
2003,MALLORY,25,0,25
2003,MALIA,8,0,8
2003,MALAK,10,0,10
2003,MARIAM,66,0,66
2003,MARISSA,96,0,96
2003,MADELAINE,15,0,15
2003,MADALYN,22,0,22
2003,LILLY,23,0,23
2003,LILLIAN,68,0,68
2003,LILLI,6,0,6
2003,LILIANNA,6,0,6
2003,LILIANA,9,0,9
2003,LILIAN,20,0,20
2003,LILAH,10,0,10
2003,LILA,8,0,8
2003,LIBERTY,8,0,8
2003,LIBBY,6,0,6
2003,LIANA,18,0,18
2003,LILY,148,0,148
2003,LIA,23,0,23
2003,LEXIE,8,0,8
2003,LEXI,16,0,16
2003,LESLEY,8,0,8
2003,LEORA,6,0,6
2003,LEONA,6,0,6
2003,LENA,25,0,25
2003,LEILANI,6,0,6
2003,LEILA,26,0,26
2003,LEIGHA,9,0,9
2003,LEIA,8,0,8
2003,LEENA,9,0,9
2003,LEXIS,7,0,7
2003,MADDISON,41,0,41
2003,LINA,15,0,15
2003,LINDSAY,73,0,73
2003,MACY,25,0,25
2003,MACKENZIE,413,44,369
2003,MACKENNA,18,0,18
2003,MACKAYLA,9,0,9
2003,MACEY,7,0,7
2003,LYNSEY,6,0,6
2003,LYNN,10,0,10
2003,LYNDSAY,7,0,7
2003,LYLA,6,0,6
2003,LYDIA,52,0,52
2003,LUNA,6,0,6
2003,LINDA,23,0,23
2003,LUCY,41,0,41
2003,LOUISE,8,0,8
2003,LOUISA,7,0,7
2003,LORRAINE,6,0,6
2003,LOREN,7,0,7
2003,LORELEI,6,0,6
2003,LOLA,23,0,23
2003,LOGAN,452,409,43
2003,LIZA,6,0,6
2003,LIVIA,19,0,19
2003,LISA,56,0,56
2003,LINDSEY,22,0,22
2003,LUCIA,16,0,16
2003,TARYN,41,0,41
2003,MARIYA,6,0,6
2003,MARLEY,13,0,13
2003,NATALIA,63,0,63
2003,NAOMI,108,0,108
2003,NANCY,28,0,28
2003,NANA,6,0,6
2003,NADINE,18,0,18
2003,NADIA,78,0,78
2003,NADA,10,0,10
2003,MÉLODIE,10,0,10
2003,MYRIAM,9,0,9
2003,MYRA,12,0,12
2003,MYLA,6,0,6
2003,NATALIE,227,0,227
2003,MYAH,17,0,17
2003,MUSKAAN,9,0,9
2003,MUNA,8,0,8
2003,MORIAH,7,0,7
2003,MORGAN,226,38,188
2003,MONTANA,12,0,12
2003,MONIQUE,14,0,14
2003,MONIKA,19,0,19
2003,MONICA,70,0,70
2003,MONA,10,0,10
2003,MOLLY,74,0,74
2003,MOLLIE,8,0,8
2003,MYA,147,0,147
2003,MOIRA,7,0,7
2003,NATASHA,124,0,124
2003,NAVLEEN,7,0,7
2003,NOURA,7,0,7
2003,NOUR,16,0,16
2003,NORAH,16,0,16
2003,NORA,17,0,17
2003,NOOR,35,6,29
2003,NOEMI,6,0,6
2003,NOELLE,13,0,13
2003,NOA,14,0,14
2003,NINA,31,0,31
2003,NIMRAT,7,0,7
2003,NIKKI,19,0,19
2003,NATHALIE,17,0,17
2003,NIKITA,30,10,20
2003,NIDHI,7,0,7
2003,NIDA,9,0,9
2003,NICOLETTE,6,0,6
2003,NICOLE,379,0,379
2003,NICHOLE,7,0,7
2003,NIAMH,6,0,6
2003,NIA,17,0,17
2003,NEHA,14,0,14
2003,NAYA,8,0,8
2003,NAWAL,11,0,11
2003,NAVNEET,6,0,6
2003,NIKI,7,0,7
2003,MARLEE,9,0,9
2003,MIYA,16,0,16
2003,MIRIAM,36,0,36
2003,MEHAK,6,0,6
2003,MEGHAN,123,0,123
2003,MEGAN,413,0,413
2003,MEG,8,0,8
2003,MEERA,14,0,14
2003,MEAGHAN,32,0,32
2003,MEAGAN,48,0,48
2003,MEADOW,13,0,13
2003,MCKENZIE,15,0,15
2003,MCKENNA,46,0,46
2003,MCKAYLA,24,0,24
2003,MEHAR,6,0,6
2003,MAYAH,6,0,6
2003,MAY,12,0,12
2003,MAXINE,14,0,14
2003,MAUREEN,6,0,6
2003,MATTEA,7,0,7
2003,MASHAL,6,0,6
2003,MARYAM,64,0,64
2003,MARY,118,0,118
2003,MARWA,18,0,18
2003,MARTINA,28,0,28
2003,MARTHA,13,0,13
2003,MARTA,7,0,7
2003,MAYA,300,0,300
2003,MISHA,6,0,6
2003,MELANIE,90,0,90
2003,MELINDA,6,0,6
2003,MIRANDA,55,0,55
2003,MIRA,19,0,19
2003,MINAHIL,9,0,9
2003,MINA,6,0,6
2003,MILENA,16,0,16
2003,MILA,27,0,27
2003,MIKYLA,6,0,6
2003,MIKAYLA,126,0,126
2003,MIKAILA,7,0,7
2003,MIKAELA,33,0,33
2003,MIKA,11,0,11
2003,MELINA,22,0,22
2003,MICHELLE,157,0,157
2003,MICHAELA,67,0,67
2003,MICAH,39,31,8
2003,MICAELA,10,0,10
2003,MIAH,9,0,9
2003,MIA,183,0,183
2003,MEREDITH,17,0,17
2003,MERCEDEZ,6,0,6
2003,MERCEDES,28,0,28
2003,MELODY,41,0,41
2003,MELODIE,8,0,8
2003,MELISSA,130,0,130
2003,MICHELA,16,0,16
2003,TASHA,11,0,11
2003,TASIA,6,0,6
2003,TASNIM,6,0,6
2003,JACKLYN,9,0,9
2003,JACLYN,17,0,17
2003,JACQUELINE,59,0,59
2003,JADA,67,0,67
2003,JADE,150,6,144
2003,JADELYN,6,0,6
2003,JADEN,172,127,45
2003,JADYN,44,5,39
2003,JAEDYN,6,0,6
2003,JAELYN,6,0,6
2003,JAELYNN,6,0,6
2003,JACEY,11,0,11
2003,JAIDA,24,0,24
2003,JAIDYN,20,5,15
2003,JAIME,48,0,48
2003,JAIMIE,10,0,10
2003,JALYN,7,0,7
2003,JAMIE,122,41,81
2003,JANA,15,0,15
2003,JANAE,10,0,10
2003,JANE,13,0,13
2003,JANELLE,25,0,25
2003,JANESSA,14,0,14
2003,JANET,11,0,11
2003,JAIDEN,64,32,32
2003,JANICE,17,0,17
2003,IZZA,6,0,6
2003,IVY,33,0,33
2003,HODAN,9,0,9
2003,HOLLY,87,0,87
2003,HOPE,57,0,57
2003,HUDA,12,0,12
2003,HUNTER,246,227,19
2003,ILIANA,6,0,6
2003,IMAAN,8,0,8
2003,IMAN,34,0,34
2003,INDIA,8,0,8
2003,INGRID,10,0,10
2003,IQRA,13,0,13
2003,IZABELLA,22,0,22
2003,IRELAND,17,0,17
2003,IRINA,8,0,8
2003,IRIS,20,0,20
2003,ISABEL,106,0,106
2003,ISABELA,10,0,10
2003,ISABELLA,462,0,462
2003,ISABELLE,164,0,164
2003,ISHA,11,0,11
2003,ISIS,7,0,7
2003,ISLA,7,0,7
2003,ISOBEL,15,0,15
2003,IVANA,12,0,12
2003,IRENE,19,0,19
2003,HIRA,10,0,10
2003,JANIE,9,0,9
2003,JASLEEN,32,0,32
2003,JIA,14,6,8
2003,JILLIAN,85,0,85
2003,JOANNA,27,0,27
2003,JOANNE,18,0,18
2003,JOCELYN,68,0,68
2003,JODI,8,0,8
2003,JODIE,6,0,6
2003,JOELLE,24,0,24
2003,JOHANNA,13,0,13
2003,JOLIE,6,0,6
2003,JORDAN,530,389,141
2003,JEWEL,10,0,10
2003,JORDANA,8,0,8
2003,JORDYN,106,6,100
2003,JORJA,22,0,22
2003,JOSEE,7,0,7
2003,JOSEPHINE,38,0,38
2003,JOSIE,11,0,11
2003,JOSÉE,12,0,12
2003,JOURNEY,6,0,6
2003,JOY,21,0,21
2003,JOYCE,30,0,30
2003,JUDITH,6,0,6
2003,JUDY,16,0,16
2003,JORDANNA,6,0,6
2003,JANNAT,6,0,6
2003,JESSIE,49,5,44
2003,JESSE,154,147,7
2003,JASMEEN,12,0,12
2003,JASMEET,7,0,7
2003,JASMIN,31,0,31
2003,JASMINE,193,0,193
2003,JASMYN,8,0,8
2003,JASNEET,7,0,7
2003,JAYA,8,0,8
2003,JAYCEE,7,0,7
2003,JAYDA,25,0,25
2003,JAYDE,12,0,12
2003,JAYDEN,238,191,47
2003,JESSICA,549,0,549
2003,JAYLA,14,0,14
2003,JAYME,15,0,15
2003,JAYNA,7,0,7
2003,JAZLYN,8,0,8
2003,JAZMIN,14,0,14
2003,JAZMINE,13,0,13
2003,JELENA,10,0,10
2003,JENESSA,8,0,8
2003,JENNA,257,0,257
2003,JENNIFER,153,0,153
2003,JENNY,38,0,38
2003,JERSEY,10,0,10
2003,JAYLYNN,8,0,8
2003,JULIA,542,0,542
2003,HILLARY,16,0,16
2003,HIBA,15,0,15
2003,EVE,31,0,31
2003,EVELYN,73,0,73
2003,FAITH,173,0,173
2003,FARAH,21,0,21
2003,FATIMA,88,0,88
2003,FATIMAH,6,0,6
2003,FAYTH,6,0,6
2003,FELICIA,25,0,25
2003,FELICITY,14,0,14
2003,FIONA,75,0,75
2003,FIZA,9,0,9
2003,EVA,78,0,78
2003,FLORA,9,0,9
2003,FRANCES,14,0,14
2003,FRANCESCA,26,0,26
2003,GABRIELA,43,0,43
2003,GABRIELLA,78,0,78
2003,GABRIELLE,140,0,140
2003,GEMMA,10,0,10
2003,GENEVIEVE,35,0,35
2003,GENEVIÈVE,12,0,12
2003,GEORGIA,64,0,64
2003,GIA,11,0,11
2003,GIANNA,10,0,10
2003,FLORENCE,9,0,9
2003,GILLIAN,61,0,61
2003,EUNICE,10,0,10
2003,ESTELLE,8,0,8
2003,ELOISE,7,0,7
2003,ELORA,14,0,14
2003,ELSA,11,0,11
2003,ELSIE,7,0,7
2003,ELYSE,21,0,21
2003,ELYSSA,11,0,11
2003,EMA,7,0,7
2003,EMAAN,11,0,11
2003,EMAN,10,0,10
2003,EMELIA,6,0,6
2003,EMILEE,19,0,19
2003,ESTHER,43,0,43
2003,EMILIA,30,0,30
2003,EMILY,1145,0,1145
2003,EMMA,1324,0,1324
2003,EMMA-LEE,12,0,12
2003,EMMY,6,0,6
2003,ENYA,11,0,11
2003,ERICA,126,0,126
2003,ERICKA,7,0,7
2003,ERIKA,81,0,81
2003,ERIN,183,0,183
2003,ERYN,9,0,9
2003,ESHA,21,0,21
2003,EMILIE,80,0,80
2003,HILARY,18,0,18
2003,GINA,7,0,7
2003,GISELLE,13,0,13
2003,HANAN,10,0,10
2003,HANNA,78,0,78
2003,HANNAH,655,0,655
2003,HARJOT,19,13,6
2003,HARLEEN,33,0,33
2003,HARLEY,25,12,13
2003,HARMAN,25,16,9
2003,HARMONY,21,0,21
2003,HARNOOR,6,0,6
2003,HARPER,6,0,6
2003,HAVEN,6,0,6
2003,HANA,33,0,33
2003,HAYDEN,238,228,10
2003,HAYLEY,117,0,117
2003,HAYLIE,9,0,9
2003,HAZEL,14,0,14
2003,HEATHER,66,0,66
2003,HEAVEN,13,0,13
2003,HEBA,9,0,9
2003,HEIDI,36,0,36
2003,HELEN,36,0,36
2003,HELENA,44,0,44
2003,HELENE,6,0,6
2003,HENNA,7,0,7
2003,HAYLEE,24,0,24
2003,GIOVANNA,6,0,6
2003,HAMNA,8,0,8
2003,HALLE,21,0,21
2003,GIULIA,19,0,19
2003,GIULIANA,11,0,11
2003,GLORIA,21,0,21
2003,GRACE,506,0,506
2003,GRACIE,51,0,51
2003,GRETA,7,0,7
2003,GURJOT,24,17,7
2003,GURLEEN,39,0,39
2003,GWEN,10,0,10
2003,GWENDOLYN,19,0,19
2003,GWYNETH,7,0,7
2003,HALLIE,11,0,11
2003,HADIA,9,0,9
2003,HAFSAH,15,0,15
2003,HAILEE,17,0,17
2003,HAILEIGH,6,0,6
2003,HAILEY,368,0,368
2003,HAILIE,24,0,24
2003,HAILY,7,0,7
2003,HALA,9,0,9
2003,HALEIGH,10,0,10
2003,HALEY,110,0,110
2003,HALIE,7,0,7
2003,HALIMA,6,0,6
2003,HAFSA,21,0,21
2003,ELLEN,23,0,23
2003,JULIANA,62,0,62
2003,JULIANNE,27,0,27
2003,ÉMILIE,24,0,24
2003,ZOË,37,0,37
2003,ZOÉ,16,0,16
2003,ZOYA,9,0,9
2003,ZOHAL,6,0,6
2003,ZOEY,30,0,30
2003,ZOE,165,0,165
2003,ZAYNAB,8,0,8
2003,ZARIA,9,0,9
2003,ZARA,26,0,26
2003,ZAINAB,46,0,46
2003,LEA,13,0,13
2003,ZAINA,11,0,11
2003,YVONNE,10,0,10
2003,YUSRA,10,0,10
2003,YASMINE,26,0,26
2003,YASMIN,26,0,26
2003,YASMEEN,18,0,18
2003,YARA,8,0,8
2003,YAEL,7,0,7
2003,WINNIE,6,0,6
2003,WILLOW,31,0,31
2003,WHITNEY,9,0,9
2003,WENDY,11,0,11
2003,ZAHRA,35,0,35
2003,VIVIENNE,6,0,6
2003,LAYLA,32,0,32
2003,LAURYN,48,0,48
2003,KRISTEN,74,0,74
2003,KRISTIN,21,0,21
2003,KRISTINA,59,0,59
2003,KRISTINE,9,0,9
2003,KRYSTAL,17,0,17
2003,KYANA,7,0,7
2003,KYARA,7,0,7
2003,KYLA,88,0,88
2003,KYLEE,37,0,37
2003,KYLEIGH,10,0,10
2003,KYLIE,141,0,141
2003,LAYAN,6,0,6
2003,KYRA,72,0,72
2003,LACI,9,0,9
2003,LAIBA,15,0,15
2003,LAILA,27,0,27
2003,LANA,32,0,32
2003,LARA,38,0,38
2003,LARISSA,32,0,32
2003,LAURA,170,0,170
2003,LAUREL,7,0,7
2003,LAUREN,513,0,513
2003,LAURENCE,7,0,7
2003,LAURIE,8,0,8
2003,LACEY,9,0,9
2003,KRISTA,26,0,26
2003,VIVIAN,46,0,46
2003,VIOLET,13,0,13
2003,TIJANA,7,0,7
2003,TIFFANY,80,0,80
2003,TIARA,13,0,13
2003,TIANNA,42,0,42
2003,TIANA,48,0,48
2003,TIA,29,0,29
2003,THERESA,17,0,17
2003,THEODORA,6,0,6
2003,THEA,25,0,25
2003,THALIA,23,0,23
2003,TESSA,46,0,46
2003,TINA,46,0,46
2003,TESS,24,0,24
2003,TEODORA,9,0,9
2003,TEGAN,10,0,10
2003,TEEGAN,11,5,6
2003,TEAGAN,61,13,48
2003,TEA,6,0,6
2003,TAYLOR,404,49,355
2003,TAYAH,9,0,9
2003,TAYA,29,0,29
2003,TATYANA,10,0,10
2003,TATUM,9,0,9
2003,TATIANA,37,0,37
2003,TERESA,25,0,25
2003,VIRGINIA,8,0,8
2003,TONI,7,0,7
2003,TORY,6,0,6
2003,VIKTORIA,6,0,6
2003,VIENNA,7,0,7
2003,VIDHI,6,0,6
2003,VICTORIA,450,0,450
2003,VICKY,7,0,7
2003,VERONIKA,9,0,9
2003,VERONICA,61,0,61
2003,VANESSA,241,0,241
2003,VALÉRIE,11,0,11
2003,VALERIE,55,0,55
2003,VALERIA,14,0,14
2003,TORI,30,0,30
2003,VALENTINA,27,0,27
2003,TÉA,7,0,7
2003,TYRA,7,0,7
2003,TRUDY,7,0,7
2003,TRISTEN,21,10,11
2003,TRISTAN,252,241,11
2003,TRISTA,29,0,29
2003,TRISHA,13,0,13
2003,TRINITY,119,0,119
2003,TRINA,7,0,7
2003,TRENYCE,10,0,10
2003,TRACY,18,0,18
2003,UMA,6,0,6
2003,JULIANNA,58,0,58
2003,KRISHA,7,0,7
2003,KLOE,7,0,7
2003,KARA,37,0,37
2003,KAREENA,10,0,10
2003,KAREN,39,0,39
2003,KARINA,44,0,44
2003,KARIS,10,0,10
2003,KARISHMA,6,0,6
2003,KARISSA,21,0,21
2003,KARLEE,13,0,13
2003,KARLEY,6,0,6
2003,KARLIE,6,0,6
2003,KARLY,9,0,9
2003,KAMRYN,13,0,13
2003,KAROLINA,9,0,9
2003,KASSANDRA,42,0,42
2003,KASSIDY,12,0,12
2003,KATARINA,23,0,23
2003,KATE,118,0,118
2003,KATELIN,6,0,6
2003,KATELYN,152,0,152
2003,KATELYNN,18,0,18
2003,KATERINA,19,0,19
2003,KATHARINE,24,0,24
2003,KATHERINA,6,0,6
2003,KATHERINE,153,0,153
2003,KASANDRA,10,0,10
2003,KATHLEEN,66,0,66
2003,KALYNA,6,0,6
2003,KALI,15,0,15
2003,JULIE,58,0,58
2003,JULIET,7,0,7
2003,JULIETTE,16,0,16
2003,JUSTICE,41,20,21
2003,JUSTINA,8,0,8
2003,JUSTINE,32,0,32
2003,KACEY,6,0,6
2003,KACIE,6,0,6
2003,KAELA,9,0,9
2003,KAELYN,16,0,16
2003,KAIA,14,0,14
2003,KALISTA,8,0,8
2003,KAIDENCE,6,0,6
2003,KAILA,20,0,20
2003,KAILEE,9,0,9
2003,KAILEIGH,14,0,14
2003,KAILEY,41,0,41
2003,KAILYN,23,0,23
2003,KAITLIN,63,0,63
2003,KAITLYN,283,0,283
2003,KAITLYNN,17,0,17
2003,KAIYA,12,0,12
2003,KALEIGH,19,0,19
2003,KALEY,11,0,11
2003,KAIJA,6,0,6
2003,KOMAL,8,0,8
2003,KATHRYN,69,0,69
2003,KATIA,7,0,7
2003,KENDRA,76,0,76
2003,KENNEDY,84,0,84
2003,KENYA,6,0,6
2003,KENZIE,7,0,7
2003,KEYANNA,6,0,6
2003,KEZIA,6,0,6
2003,KHADIJA,26,0,26
2003,KHADIJAH,10,0,10
2003,KHUSHI,28,0,28
2003,KIANA,39,0,39
2003,KIANNA,19,0,19
2003,KENDALL,20,0,20
2003,KIARA,77,0,77
2003,KIERA,38,0,38
2003,KIERAN,96,89,7
2003,KIERRA,18,0,18
2003,KIERSTEN,11,0,11
2003,KILEY,14,0,14
2003,KIM,7,0,7
2003,KIMBERLY,56,0,56
2003,KIRA,45,0,45
2003,KIRAN,13,0,13
2003,KIRSTEN,53,0,53
2003,KIYA,7,0,7
2003,KIARRA,11,0,11
2003,KATHY,14,0,14
2003,KENDAL,9,0,9
2003,KELLY,92,0,92
2003,KATIE,83,0,83
2003,KATLYN,7,0,7
2003,KATRINA,93,0,93
2003,KATRYNA,6,0,6
2003,KATYA,9,0,9
2003,KAVYA,6,0,6
2003,KAYA,30,6,24
2003,KAYDEN,36,27,9
2003,KAYDENCE,8,0,8
2003,KAYLA,289,0,289
2003,KAYLAH,7,0,7
2003,KELSEY,43,0,43
2003,KAYLEA,7,0,7
2003,KAYLEIGH,45,0,45
2003,KAYLEN,6,0,6
2003,KAYLEY,11,0,11
2003,KAYLIE,14,0,14
2003,KAYLIN,13,0,13
2003,KAYLYN,15,0,15
2003,KEANA,6,0,6
2003,KEARA,10,0,10
2003,KEELY,14,0,14
2003,KEIRA,51,0,51
2003,KEISHA,10,0,10
2003,KAYLEE,63,0,63
2003,RAEGAN,6,0,6
2003,CAYDEN,14,14,0
2003,LUIS,25,25,0
2003,NAVEED,6,6,0
2003,NAVEEN,5,5,0
2003,NAVJOT,6,6,0
2003,NEEL,7,7,0
2003,NEIL,31,31,0
2003,NELSON,17,17,0
2003,NEO,8,8,0
2003,NEVAN,5,5,0
2003,NEVIN,6,6,0
2003,NIALL,6,6,0
2003,NICHOLAS,909,909,0
2003,NICK,11,11,0
2003,NAVDEEP,7,7,0
2003,NICKOLAS,45,45,0
2003,NICOLA,12,12,0
2003,NICOLAS,175,175,0
2003,NIGEL,25,25,0
2003,NIKHIL,14,14,0
2003,NIKO,9,9,0
2003,NIKOLA,30,30,0
2003,NIKOLAI,5,5,0
2003,NIKOLAOS,7,7,0
2003,NIKOLAS,49,49,0
2003,NIMA,5,5,0
2003,NOAH,589,589,0
2003,NOAM,6,6,0
2003,NICO,7,7,0
2003,NATHEN,7,7,0
2003,NATHANIEL,168,168,0
2003,NATHANIAL,13,13,0
2003,MIKAËL,7,7,0
2003,MILAN,18,18,0
2003,MILES,35,35,0
2003,MILO,9,9,0
2003,MILOS,8,8,0
2003,MITCHEL,16,16,0
2003,MITCHELL,150,150,0
2003,MOHAMAD,12,12,0
2003,MOHAMED,71,71,0
2003,MOHAMMAD,68,68,0
2003,MOHAMMED,63,63,0
2003,MOHID,5,5,0
2003,MOHIT,8,8,0
2003,MOSES,10,10,0
2003,MOSTAFA,8,8,0
2003,MUHAMMAD,86,86,0
2003,MUHAMMED,10,10,0
2003,MURRAY,5,5,0
2003,MUSA,5,5,0
2003,MUSTAFA,37,37,0
2003,MYLES,39,39,0
2003,NABIL,9,9,0
2003,NASH,7,7,0
2003,NATAN,5,5,0
2003,NATE,5,5,0
2003,NATHAN,641,641,0
2003,NATHANAEL,8,8,0
2003,NOEL,18,18,0
2003,MIKAEL,12,12,0
2003,NOLAN,225,225,0
2003,NORMAN,7,7,0
2003,PORTER,10,10,0
2003,PRANAV,9,9,0
2003,PRAVEEN,6,6,0
2003,PREM,6,6,0
2003,PRESTON,28,28,0
2003,PRINCE,7,7,0
2003,QASIM,5,5,0
2003,QUENTIN,24,24,0
2003,QUINCY,13,13,0
2003,QUINLAN,5,5,0
2003,QUINTEN,14,14,0
2003,QUINTIN,30,30,0
2003,PIETRO,8,8,0
2003,QUINTON,43,43,0
2003,RAGHAV,5,5,0
2003,RAHEEM,5,5,0
2003,RAHIM,6,6,0
2003,RAHUL,18,18,0
2003,RAIDEN,13,13,0
2003,RAJ,11,11,0
2003,RAMI,11,11,0
2003,RANDY,17,17,0
2003,RAPHAEL,19,19,0
2003,RAY,12,12,0
2003,RAYAN,17,17,0
2003,RAYDEN,8,8,0
2003,RAFAEL,15,15,0
2003,PIERRE,8,8,0
2003,PIERCE,17,17,0
2003,PHILLIP,30,30,0
2003,OHM,5,5,0
2003,OLIVER,73,73,0
2003,OLIVIER,26,26,0
2003,OM,19,19,0
2003,OMAR,82,82,0
2003,OMER,10,10,0
2003,OMID,6,6,0
2003,ORION,7,7,0
2003,ORLANDO,5,5,0
2003,OSCAR,55,55,0
2003,OSMAN,10,10,0
2003,OWEN,766,766,0
2003,PABLO,12,12,0
2003,PAOLO,16,16,0
2003,PARSA,7,7,0
2003,PARTH,9,9,0
2003,PASCAL,7,7,0
2003,PATRICK,192,192,0
2003,PATRYK,6,6,0
2003,PAUL,111,111,0
2003,PAULO,5,5,0
2003,PAVAN,5,5,0
2003,PEDRO,5,5,0
2003,PETAR,8,8,0
2003,PETER,149,149,0
2003,PHILIP,43,43,0
2003,PHILIPPE,18,18,0
2003,NOLEN,5,5,0
2003,MIGUEL,59,59,0
2003,MICHEL,13,13,0
2003,MICHEAL,28,28,0
2003,LEVI,39,39,0
2003,LEWIS,18,18,0
2003,LIAM,610,610,0
2003,LIBAN,7,7,0
2003,LINCOLN,9,9,0
2003,LINDEN,6,6,0
2003,LIONEL,5,5,0
2003,LLOYD,6,6,0
2003,LORENZO,15,15,0
2003,LOUIE,6,6,0
2003,LOUIS,22,22,0
2003,LUC,22,22,0
2003,LEONARDO,26,26,0
2003,LUCA,137,137,0
2003,LUCIANO,11,11,0
2003,LUIGI,6,6,0
2003,CARTER,257,257,0
2003,LUKA,56,56,0
2003,LUKAS,66,66,0
2003,LUKE,214,214,0
2003,LYLE,7,7,0
2003,MAAZ,7,7,0
2003,MADDOX,10,10,0
2003,MAGNUS,5,5,0
2003,MAHAD,16,16,0
2003,MAHDI,10,10,0
2003,LUCAS,527,527,0
2003,LEONARD,10,10,0
2003,LEON,11,11,0
2003,LEO,48,48,0
2003,KRISHNA,6,6,0
2003,KRISTIAN,16,16,0
2003,KRISTOFER,5,5,0
2003,KRISTOPHER,13,13,0
2003,KUNAL,5,5,0
2003,KURT,11,11,0
2003,KURTIS,39,39,0
2003,KUSH,9,9,0
2003,KWAME,7,7,0
2003,KYLE,404,404,0
2003,KYLER,26,26,0
2003,KYMANI,7,7,0
2003,LACHLAN,7,7,0
2003,LAMAR,10,10,0
2003,LANCE,9,9,0
2003,LANDEN,11,11,0
2003,LANDON,81,81,0
2003,LANE,6,6,0
2003,LARRY,9,9,0
2003,LAWRENCE,15,15,0
2003,LAWSON,8,8,0
2003,LAYNE,10,10,0
2003,LAZAR,6,6,0
2003,LEANDRO,7,7,0
2003,LEE,13,13,0
2003,LEIF,7,7,0
2003,LENNOX,6,6,0
2003,MAHIR,7,7,0
2003,MAKSIM,5,5,0
2003,MALACHI,34,34,0
2003,MALAKAI,8,8,0
2003,MATHIAS,6,6,0
2003,MATHIEU,54,54,0
2003,MATHIS,6,6,0
2003,MATIAS,7,7,0
2003,MATTEO,125,125,0
2003,MATTHEW,1195,1195,0
2003,MATTHIAS,15,15,0
2003,MATTHIEU,13,13,0
2003,MATTIAS,6,6,0
2003,MAURICE,5,5,0
2003,MAURICIO,6,6,0
2003,MAVERICK,12,12,0
2003,MAX,107,107,0
2003,MAXIM,36,36,0
2003,MAXIME,39,39,0
2003,MAXIMILIAN,22,22,0
2003,MAXIMILLIAN,5,5,0
2003,MAXIMUS,25,25,0
2003,MAXWELL,112,112,0
2003,MEHMET,7,7,0
2003,MEKHI,18,18,0
2003,MELVIN,5,5,0
2003,MENACHEM,6,6,0
2003,MERRICK,5,5,0
2003,MERVIN,5,5,0
2003,MICHAEL,846,846,0
2003,MICHAL,5,5,0
2003,MATHEW,85,85,0
2003,RAYMOND,46,46,0
2003,MATEO,43,43,0
2003,MASSIMILIANO,5,5,0
2003,MALCOLM,55,55,0
2003,MALIK,43,43,0
2003,MANAV,11,11,0
2003,MANJOT,6,6,0
2003,MANRAJ,8,8,0
2003,MANUEL,7,7,0
2003,MANVEER,5,5,0
2003,MANVIR,9,9,0
2003,MARC,41,41,0
2003,MARC-ANDRÉ,7,7,0
2003,MARCEL,14,14,0
2003,MARCELO,5,5,0
2003,MARCO,82,82,0
2003,MARCOS,9,9,0
2003,MARCUS,165,165,0
2003,MAREK,7,7,0
2003,MARIO,18,18,0
2003,MARK,164,164,0
2003,MARKO,40,40,0
2003,MARKUS,30,30,0
2003,MARLON,8,8,0
2003,MARQUIS,6,6,0
2003,MARSHALL,47,47,0
2003,MARTIN,61,61,0
2003,MARVIN,13,13,0
2003,MARWAN,5,5,0
2003,MASON,187,187,0
2003,MASSIMO,37,37,0
2003,RAYYAN,19,19,0
2003,REED,11,11,0
2003,REGINALD,5,5,0
2003,TRENT,56,56,0
2003,TRENTON,28,28,0
2003,TREVON,5,5,0
2003,TREVOR,77,77,0
2003,TREY,15,15,0
2003,TRISTIN,5,5,0
2003,TROY,48,48,0
2003,TRYSTAN,10,10,0
2003,TUCKER,21,21,0
2003,TURNER,9,9,0
2003,TY,83,83,0
2003,TYE,22,22,0
2003,TRAVIS,63,63,0
2003,TYLER,662,662,0
2003,TYRELL,26,26,0
2003,TYRESE,26,26,0
2003,TYRIQUE,5,5,0
2003,TYRONE,12,12,0
2003,TYRUS,5,5,0
2003,TYSEN,5,5,0
2003,TYSON,138,138,0
2003,UMAIR,8,8,0
2003,UMAR,16,16,0
2003,UMER,6,6,0
2003,USMAN,12,12,0
2003,UZAIR,6,6,0
2003,TYLOR,10,10,0
2003,TONY,33,33,0
2003,TOMMY,24,24,0
2003,TOMAS,28,28,0
2003,TARAN,8,8,0
2003,TAREK,5,5,0
2003,TARIQ,13,13,0
2003,TARUN,5,5,0
2003,TATE,11,11,0
2003,TAVISH,6,6,0
2003,TEJAS,5,5,0
2003,TENZIN,7,7,0
2003,TEO,6,6,0
2003,TERENCE,7,7,0
2003,TERRANCE,9,9,0
2003,TERRELL,5,5,0
2003,TERRENCE,12,12,0
2003,TERRY,9,9,0
2003,THEO,11,11,0
2003,THEODORE,44,44,0
2003,THEOREN,5,5,0
2003,THERON,6,6,0
2003,THOMAS,382,382,0
2003,TIAGO,19,19,0
2003,TIE,6,6,0
2003,TIM,7,7,0
2003,TIMOTHY,125,125,0
2003,TITUS,6,6,0
2003,TOBIAS,13,13,0
2003,TODD,10,10,0
2003,TOM,10,10,0
2003,VAN,7,7,0
2003,VARUN,5,5,0
2003,VAUGHN,6,6,0
2003,VICTOR,76,76,0
2003,YASH,13,13,0
2003,YASIN,9,9,0
2003,YASIR,5,5,0
2003,YONIS,9,9,0
2003,YOUSEF,12,12,0
2003,YOUSIF,6,6,0
2003,YOUSSEF,10,10,0
2003,YOUSUF,7,7,0
2003,YUSUF,26,26,0
2003,YUVRAJ,13,13,0
2003,ZACHARIA,5,5,0
2003,ZACHARIAH,16,16,0
2003,ZACHARIE,20,20,0
2003,ZACHARY,483,483,0
2003,ZACHERY,19,19,0
2003,ZACK,10,10,0
2003,ZACKARY,52,52,0
2003,ZACKERY,34,34,0
2003,ZAID,20,20,0
2003,ZAIN,29,29,0
2003,ZAKARIA,12,12,0
2003,ZAKARY,11,11,0
2003,ZAKI,7,7,0
2003,ZANDER,33,33,0
2003,ZANE,13,13,0
2003,ZAYD,8,8,0
2003,ZIAD,6,6,0
2003,YASEEN,10,10,0
2003,TANVIR,7,7,0
2003,YANNICK,10,10,0
2003,YAN,5,5,0
2003,VINCE,15,15,0
2003,VINCENT,99,99,0
2003,VINCENZO,15,15,0
2003,VISHAL,8,8,0
2003,VITO,7,7,0
2003,VIVEK,7,7,0
2003,VLADIMIR,5,5,0
2003,VRAJ,5,5,0
2003,WADE,24,24,0
2003,WALEED,6,6,0
2003,WALKER,12,12,0
2003,WALTER,11,11,0
2003,WARREN,14,14,0
2003,WAYLON,5,5,0
2003,WAYNE,7,7,0
2003,WESLEY,80,80,0
2003,WILHELM,5,5,0
2003,WILL,15,15,0
2003,WILLEM,20,20,0
2003,WILLIAM,663,663,0
2003,WILSON,20,20,0
2003,WINSTON,14,14,0
2003,WYATT,84,84,0
2003,XANDER,40,40,0
2003,XAVIER,104,104,0
2003,YAAKOV,5,5,0
2003,YAHYA,14,14,0
2003,YANICK,6,6,0
2003,KRISH,18,18,0
2003,TANVEER,6,6,0
2003,TAM,5,5,0
2003,RONIT,6,6,0
2003,ROSHAN,5,5,0
2003,ROSS,23,23,0
2003,ROY,19,19,0
2003,RUBEN,15,15,0
2003,RUDY,7,7,0
2003,RUSSELL,34,34,0
2003,RYDER,7,7,0
2003,RYERSON,5,5,0
2003,RYLAN,16,16,0
2003,RYLAND,7,7,0
2003,SAAD,36,36,0
2003,RONIN,8,8,0
2003,SACHA,9,9,0
2003,SAEED,6,6,0
2003,SAGAR,5,5,0
2003,SAHIB,14,14,0
2003,SAHIL,27,27,0
2003,SAID,9,9,0
2003,SAIF,9,9,0
2003,SALMAN,15,15,0
2003,SALVATORE,20,20,0
2003,SAM,40,40,0
2003,SAMEER,25,25,0
2003,SAMI,21,21,0
2003,SAMIR,14,14,0
2003,SACHIN,6,6,0
2003,RONAN,23,23,0
2003,RONALD,15,15,0
2003,RON,6,6,0
2003,REHAN,5,5,0
2003,REID,38,38,0
2003,REMY,7,7,0
2003,REUBEN,13,13,0
2003,RHYS,38,38,0
2003,RIAN,8,8,0
2003,RICARDO,17,17,0
2003,RICHARD,116,116,0
2003,RICK,11,11,0
2003,RICKY,18,18,0
2003,RIDWAN,5,5,0
2003,RIO,5,5,0
2003,RISHI,6,6,0
2003,RIVER,6,6,0
2003,ROAN,7,7,0
2003,ROBERT,271,271,0
2003,ROBERTO,19,19,0
2003,ROCCO,11,11,0
2003,RODNEY,15,15,0
2003,RODRIGO,7,7,0
2003,ROGAN,8,8,0
2003,ROGER,6,6,0
2003,ROHAN,44,44,0
2003,ROHIT,6,6,0
2003,ROLAND,9,9,0
2003,ROMAN,27,27,0
2003,ROMEO,10,10,0
2003,SAMMY,11,11,0
2003,SAMSON,13,13,0
2003,SAMUEL,471,471,0
2003,SANJAY,10,10,0
2003,SONNY,8,8,0
2003,SOREN,5,5,0
2003,SPENCER,159,159,0
2003,STANLEY,11,11,0
2003,STEFAN,54,54,0
2003,STEFANO,27,27,0
2003,STEPHAN,17,17,0
2003,STEPHEN,85,85,0
2003,STEPHON,7,7,0
2003,STERLING,10,10,0
2003,STEVE,13,13,0
2003,STEVEN,151,151,0
2003,STEWART,6,6,0
2003,STORM,6,6,0
2003,STUART,16,16,0
2003,SUFYAN,5,5,0
2003,SUKHMAN,7,7,0
2003,SUKHRAJ,9,9,0
2003,SULAIMAN,8,8,0
2003,SULLIVAN,6,6,0
2003,SUNNY,6,6,0
2003,SYED,60,60,0
2003,TAHA,21,21,0
2003,TAHIR,10,10,0
2003,TALAL,6,6,0
2003,TALHA,17,17,0
2003,TALON,9,9,0
2003,SOLOMON,18,18,0
2003,TANNER,97,97,0
2003,SOHAIL,6,6,0
2003,SIMEON,6,6,0
2003,SANTIAGO,22,22,0
2003,SAWYER,6,6,0
2003,SAYED,11,11,0
2003,SCOTT,114,114,0
2003,SEAMUS,20,20,0
2003,SEAN,180,180,0
2003,SEBASTIAN,166,166,0
2003,SEBASTIEN,34,34,0
2003,SÉBASTIEN,22,22,0
2003,SEHAJ,5,5,0
2003,SERGIO,8,8,0
2003,SETH,127,127,0
2003,SHAAN,11,11,0
2003,SHAH,5,5,0
2003,SHAHEER,5,5,0
2003,SHAHMEER,5,5,0
2003,SHAMAR,11,11,0
2003,SHANE,86,86,0
2003,SHAUN,22,22,0
2003,SHAWN,73,73,0
2003,SHAY,5,5,0
2003,SHAYAN,16,16,0
2003,SHAYNE,30,30,0
2003,SHELDON,28,28,0
2003,SHIVAM,8,8,0
2003,SHMUEL,5,5,0
2003,SILAS,22,22,0
2003,SIMON,146,146,0
2003,ZION,17,17,0
2003,KORY,5,5,0
2003,KONRAD,11,11,0
2003,EMMANUEL,32,32,0
2003,EMMETT,19,19,0
2003,EMMITT,5,5,0
2003,ENOCH,11,11,0
2003,ENRICO,5,5,0
2003,ENZO,5,5,0
2003,EREN,7,7,0
2003,ERIC,373,373,0
2003,ERICH,5,5,0
2003,ERIK,55,55,0
2003,ERNEST,10,10,0
2003,ETHAN,1174,1174,0
2003,EMILIO,10,10,0
2003,ETHEN,7,7,0
2003,EUGENE,8,8,0
2003,EVAN,480,480,0
2003,EVERETT,19,19,0
2003,EWAN,32,32,0
2003,EYAL,5,5,0
2003,EZEKIEL,9,9,0
2003,EZRA,17,17,0
2003,FABIAN,8,8,0
2003,FABIO,5,5,0
2003,FAHAD,11,11,0
2003,FAISAL,14,14,0
2003,FAIZ,6,6,0
2003,ETIENNE,6,6,0
2003,EMILE,7,7,0
2003,EMIL,7,7,0
2003,EMERSON,25,25,0
2003,DRAKE,28,28,0
2003,DUNCAN,40,40,0
2003,DUSTIN,56,56,0
2003,DUSTYN,5,5,0
2003,DWAYNE,8,8,0
2003,DWIGHT,9,9,0
2003,DYLON,5,5,0
2003,EAMON,10,10,0
2003,EASTON,14,14,0
2003,EDDIE,5,5,0
2003,EDDY,7,7,0
2003,EDISON,12,12,0
2003,EDMOND,9,9,0
2003,EDMUND,6,6,0
2003,EDUARDO,6,6,0
2003,EDWARD,102,102,0
2003,EDWIN,22,22,0
2003,EGAN,5,5,0
2003,EITAN,6,6,0
2003,ELI,29,29,0
2003,ELIAS,46,46,0
2003,ELIEZER,5,5,0
2003,ELIJAH,137,137,0
2003,ELLIOT,32,32,0
2003,ELLIOTT,22,22,0
2003,ELLIS,8,8,0
2003,EMANUEL,10,10,0
2003,FAIZAN,11,11,0
2003,DOUGLAS,28,28,0
2003,FARHAN,9,9,0
2003,FELIX,31,31,0
2003,GARY,14,14,0
2003,GAVIN,243,243,0
2003,GAVYN,5,5,0
2003,GEOFFREY,13,13,0
2003,GEORGE,100,100,0
2003,GEORGES,8,8,0
2003,GERALD,5,5,0
2003,GERARD,5,5,0
2003,GIANCARLO,15,15,0
2003,GIANFRANCO,5,5,0
2003,GIANLUCA,44,44,0
2003,GIANNI,10,10,0
2003,GARRISON,5,5,0
2003,GIBSON,6,6,0
2003,GIOVANNI,18,18,0
2003,GIULIANO,5,5,0
2003,GIUSEPPE,19,19,0
2003,GLENN,8,8,0
2003,GORDON,25,25,0
2003,GRADY,5,5,0
2003,GRAEME,20,20,0
2003,GRAHAM,43,43,0
2003,GRANT,32,32,0
2003,GRAYDEN,5,5,0
2003,GRAYDON,11,11,0
2003,GRAYSON,18,18,0
2003,GIDEON,6,6,0
2003,GARRETT,46,46,0
2003,GARRET,13,13,0
2003,GARETH,8,8,0
2003,FÉLIX,7,7,0
2003,FERNANDO,13,13,0
2003,FILIP,20,20,0
2003,FINLEY,5,5,0
2003,FINN,21,21,0
2003,FINNEGAN,5,5,0
2003,FISHER,5,5,0
2003,FLETCHER,7,7,0
2003,FOREST,6,6,0
2003,FOSTER,6,6,0
2003,FRANCESCO,43,43,0
2003,FRANCIS,26,26,0
2003,FRANCISCO,9,9,0
2003,FRANCO,5,5,0
2003,FRANK,32,32,0
2003,FRANKIE,5,5,0
2003,FRANZ,5,5,0
2003,FRASER,8,8,0
2003,FREDERIC,5,5,0
2003,FREDERICK,18,18,0
2003,FRÉDÉRICK,5,5,0
2003,FUAD,6,6,0
2003,FURQAN,5,5,0
2003,GABRIEL,297,297,0
2003,GABRIELE,7,7,0
2003,GAGE,47,47,0
2003,GALEN,7,7,0
2003,FELIPE,6,6,0
2003,DORIAN,12,12,0
2003,DONOVAN,17,17,0
2003,DONALD,15,15,0
2003,CONNER,70,70,0
2003,CONNOR,579,579,0
2003,CONOR,25,25,0
2003,CONRAD,14,14,0
2003,COOPER,51,51,0
2003,CORBIN,26,26,0
2003,COREY,30,30,0
2003,CORNELIUS,7,7,0
2003,CORNY,10,10,0
2003,CORSON,5,5,0
2003,CORY,22,22,0
2003,CRAIG,20,20,0
2003,COLTON,72,72,0
2003,CRISTIAN,20,20,0
2003,CURTIS,104,104,0
2003,CYRUS,18,18,0
2003,DALE,11,11,0
2003,DALLAS,25,25,0
2003,DALTON,44,44,0
2003,DAMIAN,57,57,0
2003,DAMIEN,55,55,0
2003,DAMION,9,9,0
2003,DAMON,41,41,0
2003,DAN,11,11,0
2003,DANE,9,9,0
2003,DANIAL,10,10,0
2003,CULLEN,7,7,0
2003,COLTEN,9,9,0
2003,COLT,5,5,0
2003,COLSON,5,5,0
2003,CEDRIC,8,8,0
2003,CÉDRIC,7,7,0
2003,CHAD,36,36,0
2003,CHANCE,8,8,0
2003,CHANDLER,8,8,0
2003,CHARBEL,8,8,0
2003,CHARLES,151,151,0
2003,CHRIS,20,20,0
2003,CHRISTIAN,299,299,0
2003,CHRISTOPHER,426,426,0
2003,CHRISTOS,9,9,0
2003,CIAN,8,8,0
2003,CIARAN,13,13,0
2003,CLARENCE,6,6,0
2003,CLARK,17,17,0
2003,CLAUDIO,6,6,0
2003,CLAY,5,5,0
2003,CLAYTON,34,34,0
2003,CLIFFORD,6,6,0
2003,COBY,12,12,0
2003,CODY,155,155,0
2003,COLBY,58,58,0
2003,COLE,341,341,0
2003,COLEMAN,5,5,0
2003,COLIN,175,175,0
2003,COLLIN,29,29,0
2003,COLM,5,5,0
2003,DANIEL,769,769,0
2003,DANIELE,6,6,0
2003,DANILO,6,6,0
2003,DANISH,10,10,0
2003,DENZEL,10,10,0
2003,DEREK,61,61,0
2003,DERICK,5,5,0
2003,DERRICK,18,18,0
2003,DESHAWN,10,10,0
2003,DESMOND,17,17,0
2003,DESTIN,5,5,0
2003,DEV,10,10,0
2003,DEVAN,13,13,0
2003,DEVEN,11,11,0
2003,DEVLIN,7,7,0
2003,DEVONTE,8,8,0
2003,DEXTER,12,12,0
2003,DHRUV,12,12,0
2003,DIEGO,52,52,0
2003,DILLAN,9,9,0
2003,DILLON,41,41,0
2003,DILPREET,6,6,0
2003,DILRAJ,5,5,0
2003,DIMITRI,19,19,0
2003,DIMITRIOS,7,7,0
2003,DION,6,6,0
2003,DOMENIC,25,25,0
2003,DOMENICO,12,12,0
2003,DOMINIC,116,116,0
2003,DOMINICK,33,33,0
2003,DOMINIK,20,20,0
2003,DENVER,10,10,0
2003,GREGORY,87,87,0
2003,DENNIS,34,34,0
2003,DENIS,9,9,0
2003,DANIYAL,5,5,0
2003,DANNY,25,25,0
2003,DANTE,90,90,0
2003,DANTÉ,12,12,0
2003,DANYAL,8,8,0
2003,DARIAN,14,14,0
2003,DARIEN,15,15,0
2003,DARIO,9,9,0
2003,DARIUS,28,28,0
2003,DARRELL,5,5,0
2003,DARREN,57,57,0
2003,DARRIEN,6,6,0
2003,DARRYL,13,13,0
2003,DARYL,5,5,0
2003,DAUNTE,5,5,0
2003,DAVE,6,6,0
2003,DAVID,488,488,0
2003,DAVIN,10,10,0
2003,DAVIS,22,22,0
2003,DAWSON,87,87,0
2003,DAX,5,5,0
2003,DAYTON,9,9,0
2003,DEACON,5,5,0
2003,DEAN,29,29,0
2003,DEANDRE,8,8,0
2003,DECLAN,52,52,0
2003,DEJAN,5,5,0
2003,DENIZ,8,8,0
2003,GRIFFEN,8,8,0
2003,GRIFFIN,79,79,0
2003,GRYPHON,6,6,0
2003,JORGE,11,11,0
2003,JOSE,15,15,0
2003,JOSÉ,6,6,0
2003,JOSEF,6,6,0
2003,JOSEPH,537,537,0
2003,JOSH,23,23,0
2003,JOSHUA,1073,1073,0
2003,JOSHUAH,5,5,0
2003,JOSIAH,48,48,0
2003,JOSUE,7,7,0
2003,JOVAN,8,8,0
2003,JUAN,16,16,0
2003,JORDON,16,16,0
2003,JUDAH,8,8,0
2003,JULES,7,7,0
2003,JULIAN,164,164,0
2003,JULIEN,34,34,0
2003,JULIO,6,6,0
2003,JULIUS,9,9,0
2003,JUN,6,6,0
2003,JUNAID,5,5,0
2003,JUSTIN,559,559,0
2003,JUSTUS,6,6,0
2003,JUSTYN,6,6,0
2003,KAAN,5,5,0
2003,KABIR,8,8,0
2003,JUDE,22,22,0
2003,JORDEN,7,7,0
2003,JONATHON,20,20,0
2003,JONATHAN,342,342,0
2003,JENSEN,6,6,0
2003,JEREMIAH,42,42,0
2003,JEREMIE,8,8,0
2003,JÉRÉMIE,9,9,0
2003,JEREMY,147,147,0
2003,JÉRÉMY,11,11,0
2003,JERICHO,6,6,0
2003,JERMAINE,15,15,0
2003,JEROME,20,20,0
2003,JERRY,18,18,0
2003,JESSY,6,6,0
2003,JETT,12,12,0
2003,JIM,5,5,0
2003,JIMMY,25,25,0
2003,JOAQUIN,9,9,0
2003,JOE,7,7,0
2003,JOEL,89,89,0
2003,JOËL,5,5,0
2003,JOEY,22,22,0
2003,JOHAN,14,14,0
2003,JOHN,338,338,0
2003,JOHNATHAN,43,43,0
2003,JOHNATHON,12,12,0
2003,JOHNNY,26,26,0
2003,JON,10,10,0
2003,JONAH,85,85,0
2003,JONAS,23,23,0
2003,KADE,13,13,0
2003,KADEN,46,46,0
2003,KADIN,7,7,0
2003,KAEDEN,7,7,0
2003,KEIRAN,9,9,0
2003,KEITH,30,30,0
2003,KELVIN,26,26,0
2003,KEN,8,8,0
2003,KENDRICK,7,7,0
2003,KENNETH,50,50,0
2003,KENNY,14,14,0
2003,KENT,9,9,0
2003,KEON,16,16,0
2003,KEVIN,244,244,0
2003,KEYON,7,7,0
2003,KHALED,9,9,0
2003,KHALID,20,20,0
2003,KHALIL,17,17,0
2003,KIAN,18,18,0
2003,KIEFER,9,9,0
2003,KINGSLEY,5,5,0
2003,KIRK,8,8,0
2003,KISHAN,5,5,0
2003,KOBE,26,26,0
2003,KOBY,10,10,0
2003,KODY,18,18,0
2003,KOHL,6,6,0
2003,KOLBY,13,13,0
2003,KOLE,23,23,0
2003,KOLTON,10,10,0
2003,KONNER,6,6,0
2003,KEENAN,17,17,0
2003,JELANI,5,5,0
2003,KEELAN,9,9,0
2003,KEATON,26,26,0
2003,KAEL,10,10,0
2003,KAELAN,11,11,0
2003,KAELEN,6,6,0
2003,KAI,59,59,0
2003,KAIDEN,28,28,0
2003,KALE,10,10,0
2003,KALEB,79,79,0
2003,KALEN,6,6,0
2003,KALVIN,7,7,0
2003,KAMAL,7,7,0
2003,KAMERON,13,13,0
2003,KAMIL,10,10,0
2003,KAMRAN,8,8,0
2003,KANE,8,8,0
2003,KARAM,5,5,0
2003,KARAN,21,21,0
2003,KARANVEER,9,9,0
2003,KARANVIR,5,5,0
2003,KAREEM,16,16,0
2003,KARIM,12,12,0
2003,KARL,15,15,0
2003,KARSEN,5,5,0
2003,KARSON,9,9,0
2003,KAVIN,7,7,0
2003,KEAGAN,15,15,0
2003,KEAGEN,5,5,0
2003,KEANU,6,6,0
2003,KEEGAN,91,91,0
2003,KONSTANTINOS,7,7,0
2003,JEFFREY,79,79,0
2003,JEFFERSON,5,5,0
2003,HERMAN,7,7,0
2003,HISHAM,5,5,0
2003,HOANG,6,6,0
2003,HOLDEN,20,20,0
2003,HOWARD,7,7,0
2003,HUBERT,5,5,0
2003,HUDSON,47,47,0
2003,HUGH,10,10,0
2003,HUGO,15,15,0
2003,HUMZA,14,14,0
2003,HUSSAIN,8,8,0
2003,HUSSEIN,15,15,0
2003,HENRY,73,73,0
2003,HUZAIFA,6,6,0
2003,IAN,144,144,0
2003,IBRAHEEM,9,9,0
2003,IBRAHIM,52,52,0
2003,ILYAS,9,9,0
2003,IMRAN,16,16,0
2003,IOANNIS,5,5,0
2003,ISA,5,5,0
2003,ISAAC,246,246,0
2003,ISAAK,8,8,0
2003,ISAIAH,132,132,0
2003,ISHAAN,13,13,0
2003,ISHAN,11,11,0
2003,IAIN,13,13,0
2003,HEINRICH,9,9,0
2003,HAYDN,8,8,0
2003,HASSAN,33,33,0
2003,GUILLAUME,9,9,0
2003,GURINDER,5,5,0
2003,GURKARAN,7,7,0
2003,GURKIRAT,6,6,0
2003,GURMAN,15,15,0
2003,GURVEER,5,5,0
2003,GURVIR,10,10,0
2003,HADI,18,18,0
2003,HAIDEN,8,8,0
2003,HAMISH,6,6,0
2003,HAMZA,65,65,0
2003,HAMZAH,12,12,0
2003,HANAD,5,5,0
2003,HANSON,5,5,0
2003,HARI,5,5,0
2003,HARIS,15,15,0
2003,HARISH,8,8,0
2003,HAROON,11,11,0
2003,HARPREET,5,5,0
2003,HARRIS,7,7,0
2003,HARRISON,64,64,0
2003,HARRY,17,17,0
2003,HARSH,15,15,0
2003,HARSHDEEP,6,6,0
2003,HASAN,19,19,0
2003,HASEEB,6,6,0
2003,HASHIM,6,6,0
2003,ISIAH,13,13,0
2003,ISMAEL,7,7,0
2003,ISMAIL,17,17,0
2003,ISRAEL,9,9,0
2003,JAROD,10,10,0
2003,JARON,7,7,0
2003,JARRED,9,9,0
2003,JARRETT,6,6,0
2003,JASDEEP,7,7,0
2003,JASHAN,9,9,0
2003,JASIAH,5,5,0
2003,JASKARAN,18,18,0
2003,JASKARN,5,5,0
2003,JASON,310,310,0
2003,JASPER,28,28,0
2003,JASRAJ,6,6,0
2003,JAVIER,10,10,0
2003,JAWAD,12,12,0
2003,JAX,7,7,0
2003,JAXON,33,33,0
2003,JAXSON,6,6,0
2003,JAY,26,26,0
2003,JAYCE,8,8,0
2003,JAYDAN,5,5,0
2003,JAYDIN,7,7,0
2003,JAYDON,19,19,0
2003,JAYLEN,15,15,0
2003,JAYSON,14,14,0
2003,JEAN,9,9,0
2003,JEEVAN,12,12,0
2003,JEFF,10,10,0
2003,JARED,105,105,0
2003,JEFFERY,15,15,0
2003,JAN,8,8,0
2003,JAMES,514,514,0
2003,ISSA,6,6,0
2003,ISSAC,10,10,0
2003,IVAN,35,35,0
2003,IZAAK,6,6,0
2003,JABARI,6,6,0
2003,JACE,13,13,0
2003,JACK,452,452,0
2003,JACKIE,11,11,0
2003,JACKSON,228,228,0
2003,JACKY,11,11,0
2003,JACOB,1010,1010,0
2003,JAD,15,15,0
2003,JADIN,5,5,0
2003,JADON,14,14,0
2003,JAEDEN,13,13,0
2003,JAEDON,5,5,0
2003,JAGGER,8,8,0
2003,JAHEIM,16,16,0
2003,JAHIEM,8,8,0
2003,JAI,8,8,0
2003,JAIDEEP,5,5,0
2003,JAKE,172,172,0
2003,JAKOB,103,103,0
2003,JAKUB,9,9,0
2003,JALEN,32,32,0
2003,JAMAL,28,28,0
2003,JAMAR,5,5,0
2003,JAMESON,11,11,0
2003,ZUBAIR,5,5,0
2003,MALEK,6,6,0
2003,AMAN,14,14,0
2003,AYDAN,11,11,0
2003,AYDEN,68,68,0
2003,AYDIN,9,9,0
2003,AYMAN,10,10,0
2003,AYUB,6,6,0
2003,AYUSH,7,7,0
2003,AZAAN,6,6,0
2003,BALKARAN,6,6,0
2003,BARRY,7,7,0
2003,BEAU,7,7,0
2003,BECKHAM,5,5,0
2003,AYAN,5,5,0
2003,BEN,39,39,0
2003,BENJAMIN,754,754,0
2003,BENNETT,28,28,0
2003,BENOIT,7,7,0
2003,BENOÎT,5,5,0
2003,BERNARD,6,6,0
2003,BILAL,32,32,0
2003,BILL,5,5,0
2003,BILLY,6,6,0
2003,BLAINE,10,10,0
2003,BLAKE,143,143,0
2003,BOBBY,5,5,0
2003,BENICIO,5,5,0
2003,AXEL,11,11,0
2003,AVI,8,8,0
2003,AUSTYN,9,9,0
2003,ARHAM,6,6,0
2003,ARI,7,7,0
2003,ARIAN,10,10,0
2003,ARIF,5,5,0
2003,ARJUN,32,32,0
2003,ARMAAN,34,34,0
2003,ARMAN,19,19,0
2003,ARMIN,6,6,0
2003,ARNAV,5,5,0
2003,ARNOLD,9,9,0
2003,ARON,9,9,0
2003,ARSALAN,7,7,0
2003,ARTHUR,12,12,0
2003,ARTUR,5,5,0
2003,ARUN,10,10,0
2003,ARVIN,12,12,0
2003,ARYA,12,12,0
2003,ARYAN,39,39,0
2003,ASAD,7,7,0
2003,ASHER,8,8,0
2003,ASHVIN,6,6,0
2003,ASHWIN,11,11,0
2003,ASIF,6,6,0
2003,ASWIN,5,5,0
2003,AUSTIN,316,316,0
2003,BOWEN,5,5,0
2003,AREN,5,5,0
2003,BRAD,7,7,0
2003,BRADLEY,135,135,0
2003,BRUNO,10,10,0
2003,BRYAN,66,66,0
2003,BRYANT,5,5,0
2003,BRYCE,59,59,0
2003,BRYDEN,9,9,0
2003,BRYSON,29,29,0
2003,BYRON,8,8,0
2003,CADE,17,17,0
2003,CADEN,41,41,0
2003,CAEDEN,5,5,0
2003,CAIDEN,11,11,0
2003,BRUCE,16,16,0
2003,CALE,8,8,0
2003,CALLUM,86,86,0
2003,CALUM,22,22,0
2003,CALVIN,62,62,0
2003,CAMDEN,26,26,0
2003,CAMPBELL,13,13,0
2003,CAMREN,5,5,0
2003,CAMRON,6,6,0
2003,CARL,20,20,0
2003,CARLO,5,5,0
2003,CARLOS,34,34,0
2003,CARSON,148,148,0
2003,CALEB,301,301,0
2003,BRONSON,8,8,0
2003,BROGAN,6,6,0
2003,BRODY,92,92,0
2003,BRADY,88,88,0
2003,BRADYN,6,6,0
2003,BRAEDAN,11,11,0
2003,BRAEDEN,88,88,0
2003,BRAEDON,25,25,0
2003,BRAEDYN,10,10,0
2003,BRAIDEN,20,20,0
2003,BRANDEN,15,15,0
2003,BRANDON,344,344,0
2003,BRAYDAN,5,5,0
2003,BRAYDEN,181,181,0
2003,BRAYDON,53,53,0
2003,BRENDAN,108,108,0
2003,BRENDEN,28,28,0
2003,BRENDON,15,15,0
2003,BRENNAN,35,35,0
2003,BRENNEN,8,8,0
2003,BRENNON,6,6,0
2003,BRENT,25,25,0
2003,BRET,5,5,0
2003,BRETT,68,68,0
2003,BRIAN,119,119,0
2003,BROCK,53,53,0
2003,BRODEN,5,5,0
2003,BRODIE,26,26,0
2003,BRADEN,60,60,0
2003,AREEB,7,7,0
2003,BLAIR,14,14,0
2003,ANTONIO,79,79,0
2003,ADNAN,6,6,0
2003,ADRIAN,152,152,0
2003,ADRIANO,20,20,0
2003,ADRIEN,10,10,0
2003,AEDAN,9,9,0
2003,AHAD,5,5,0
2003,AHMAD,40,40,0
2003,AHMED,61,61,0
2003,AHSAN,7,7,0
2003,AIDEN,293,293,0
2003,AIDYN,5,5,0
2003,AJAY,16,16,0
2003,AKASH,15,15,0
2003,ALAIN,6,6,0
2003,ALAN,33,33,0
2003,ALBERT,21,21,0
2003,ALBERTO,6,6,0
2003,ALDEN,7,7,0
2003,ALDO,6,6,0
2003,ADITYA,17,17,0
2003,ALEC,32,32,0
2003,ADIN,5,5,0
2003,ADEN,38,38,0
2003,ANTONY,7,7,0
2003,AARON,256,256,0
2003,AARYAN,9,9,0
2003,ABBAS,8,8,0
2003,ABDIRAHMAN,11,11,0
2003,ABDUL,32,32,0
2003,ABDULLAH,58,58,0
2003,ABDULLAHI,13,13,0
2003,ABDULRAHMAN,9,9,0
2003,ABDURRAHMAN,5,5,0
2003,ABEL,8,8,0
2003,ABHAY,6,6,0
2003,ABHINAV,7,7,0
2003,ABISHEK,6,6,0
2003,ABRAHAM,13,13,0
2003,ABRAR,5,5,0
2003,ADAM,496,496,0
2003,ADAMO,5,5,0
2003,ADEL,5,5,0
2003,ADIL,10,10,0
2003,ALEJANDRO,21,21,0
2003,ABRAM,14,14,0
2003,ALEKSANDAR,18,18,0
2003,AMMAR,16,16,0
2003,AMOS,5,5,0
2003,ANAS,13,13,0
2003,ANDERSON,10,10,0
2003,ANDON,7,7,0
2003,ANDRE,47,47,0
2003,ANDRÉ,19,19,0
2003,ANDREAS,18,18,0
2003,ANDREI,9,9,0
2003,AMIT,7,7,0
2003,ANDRES,19,19,0
2003,ANGELO,35,35,0
2003,ANGUS,24,24,0
2003,ANISH,8,8,0
2003,ANKIT,6,6,0
2003,ANSON,18,18,0
2003,ANTHONY,428,428,0
2003,ALEKSA,7,7,0
2003,ANTOINE,17,17,0
2003,ANTON,16,16,0
2003,ANDREW,662,662,0
2003,AMIR,20,20,0
2003,ANDY,58,58,0
2003,AMEER,8,8,0
2003,ALESSIO,14,14,0
2003,AMIN,6,6,0
2003,ALEKSANDER,12,12,0
2003,ALEXANDER,792,792,0
2003,ALEXANDRE,78,78,0
2003,ALEXANDRO,5,5,0
2003,ALEXANDROS,11,11,0
2003,ALEXZANDER,6,6,0
2003,ALFRED,7,7,0
2003,ALI,153,153,0
2003,ALESSANDRO,42,42,0
2003,ALISTAIR,8,8,0
2003,ALLAN,27,27,0
2003,ALLEN,23,23,0
2003,AMEEN,5,5,0
2003,ALVIN,17,17,0
2003,AMAAN,10,10,0
2003,ALIJAH,5,5,0
2003,AMAR,14,14,0
2004,DIVYA,12,0,12
2004,DIYA,36,0,36
2004,DOMINIQUE,29,9,20
2004,DOREEN,10,0,10
2004,DREW,53,43,10
2004,DOROTHY,13,0,13
2004,DUA,7,0,7
2004,DUAA,8,0,8
2004,EDEN,83,8,75
2004,DINA,11,0,11
2004,EBONY,10,0,10
2004,EILEEN,9,0,9
2004,DYLAN,632,617,15
2004,DENISE,9,0,9
2004,DIANA,47,0,47
2004,DAWN,8,0,8
2004,DAYNA,13,0,13
2004,EISHA,6,0,6
2004,DAVINA,6,0,6
2004,DEANNA,25,0,25
2004,DEBORAH,13,0,13
2004,DIANE,10,0,10
2004,DEENA,7,0,7
2004,DELIA,10,0,10
2004,DESIREE,27,0,27
2004,DESIRÉE,7,0,7
2004,DESTINY,62,0,62
2004,DEVON,106,94,12
2004,DEVYN,18,9,9
2004,DELANEY,29,0,29
2004,EKATERINA,6,0,6
2004,ELLIE,42,0,42
2004,ELAINE,19,0,19
2004,EMILIE,65,0,65
2004,EMILY,1011,0,1011
2004,DARRAH,7,0,7
2004,EMILIA,40,0,40
2004,EMILEE,18,0,18
2004,EMELIA,13,0,13
2004,EMAAN,8,0,8
2004,ELYSSA,11,0,11
2004,ELYSE,19,0,19
2004,ELSIE,7,0,7
2004,ELSA,12,0,12
2004,ELORA,10,0,10
2004,ELLI,6,0,6
2004,ELLEN,29,0,29
2004,ELLE,17,0,17
2004,ELLA,418,0,418
2004,ELIZABETH,305,0,305
2004,ELIZA,17,0,17
2004,ELISSA,20,0,20
2004,ELISHA,24,6,18
2004,ELISE,40,0,40
2004,ELISABETH,20,0,20
2004,ELISA,19,0,19
2004,ELINA,7,0,7
2004,ELIANNA,7,0,7
2004,ELIANA,24,0,24
2004,ELENI,14,0,14
2004,ELENA,49,0,49
2004,ELEANOR,19,0,19
2004,ELAINA,8,0,8
2004,DARIA,11,0,11
2004,CHANTEL,21,0,21
2004,DAPHNE,13,0,13
2004,CHRISTY,7,0,7
2004,CHRISTINE,53,0,53
2004,CHRISTINA,142,0,142
2004,CHRISTIE,7,0,7
2004,CHRISTIANA,6,0,6
2004,CHLOË,12,0,12
2004,CHANELLE,13,0,13
2004,CHANTAL,30,0,30
2004,CHANTELLE,14,0,14
2004,CHARITY,12,0,12
2004,CHARLEIGH,6,0,6
2004,CHARLENE,10,0,10
2004,CHARLIE,72,53,19
2004,CHARLISE,7,0,7
2004,CHARLIZE,36,0,36
2004,CHARLOTTE,184,0,184
2004,CHARMAINE,6,0,6
2004,CHASE,118,109,9
2004,CHAYA,8,0,8
2004,CHAYSE,11,5,6
2004,CHELSEA,105,0,105
2004,CHELSEY,17,0,17
2004,CHERYL,7,0,7
2004,CHEYANNE,11,0,11
2004,CHEYENNE,44,0,44
2004,CHIARA,37,0,37
2004,CHLOE,340,0,340
2004,EMMA,1201,0,1201
2004,CHLOÉ,60,0,60
2004,CIARA,40,0,40
2004,CIERA,7,0,7
2004,CIERRA,19,0,19
2004,CINDY,38,0,38
2004,DANIKA,37,0,37
2004,DANIELLE,139,0,139
2004,DANIELLA,77,0,77
2004,DANIELA,54,0,54
2004,DANICA,32,0,32
2004,DANIA,12,0,12
2004,DANA,50,0,50
2004,DALLAS,37,26,11
2004,DALIA,11,0,11
2004,DAKOTA,109,56,53
2004,DAISY,19,0,19
2004,DAHLIA,13,0,13
2004,CÉLESTE,6,0,6
2004,CYNTHIA,54,0,54
2004,DARBY,6,0,6
2004,CRYSTAL,40,0,40
2004,COURTNEY,66,0,66
2004,CORINNE,6,0,6
2004,CORDELIA,8,0,8
2004,CORALIE,7,0,7
2004,CORA,12,0,12
2004,CONNIE,13,0,13
2004,COLLEEN,20,0,20
2004,CLOÉ,12,0,12
2004,CLOE,8,0,8
2004,CLAUDIA,59,0,59
2004,CLARISSA,13,0,13
2004,CLARE,19,0,19
2004,CLARA,55,0,55
2004,CLAIRE,182,0,182
2004,CRISTINA,32,0,32
2004,EMMA-LEE,10,0,10
2004,IRENE,19,0,19
2004,EMMALEE,8,0,8
2004,INDIA,9,0,9
2004,IMAN,31,0,31
2004,IMAAN,10,0,10
2004,HUNTER,224,204,20
2004,HUDA,17,0,17
2004,HOPE,73,0,73
2004,HOLLY,78,0,78
2004,HOLLIE,7,0,7
2004,HILLARY,22,0,22
2004,HILARY,17,0,17
2004,HIBAH,10,0,10
2004,HIBA,11,0,11
2004,HELENA,29,0,29
2004,HELEN,33,0,33
2004,HEIDI,39,0,39
2004,HEATHER,61,0,61
2004,HAZEL,10,0,10
2004,HAYLIE,12,0,12
2004,HAYLEY,100,0,100
2004,HAYLEIGH,10,0,10
2004,HAYLEE,23,0,23
2004,HAYDEN,214,199,15
2004,HARRIET,8,0,8
2004,HARPER,15,6,9
2004,HARNOOR,15,6,9
2004,HARNEET,8,0,8
2004,HARMONY,22,0,22
2004,HARLEY,17,8,9
2004,HARLEEN,45,0,45
2004,IQRA,16,0,16
2004,IRELAND,14,0,14
2004,CHANEL,17,0,17
2004,IRIS,14,0,14
2004,JANA,27,0,27
2004,JAMIE,103,38,65
2004,JAIMEE,6,0,6
2004,JAIME,43,6,37
2004,JAIDYN,12,0,12
2004,JAIDEN,72,46,26
2004,JAIDA,9,0,9
2004,JAELYNN,9,0,9
2004,JAELYN,8,0,8
2004,JAEDYN,6,0,6
2004,JAEDEN,15,9,6
2004,JADYN,30,6,24
2004,JADEN,162,119,43
2004,JADE,132,0,132
2004,HARJOT,16,7,9
2004,JADA,87,0,87
2004,JACQUELINE,49,0,49
2004,JACLYN,13,0,13
2004,JACEY,8,0,8
2004,IZABELLE,12,0,12
2004,IZABELLA,22,0,22
2004,IVY,38,0,38
2004,IVANA,9,0,9
2004,ISRA,7,0,7
2004,ISOBEL,17,0,17
2004,ISHA,20,0,20
2004,ISABELLE,192,0,192
2004,ISABELLA,512,0,512
2004,ISABELA,9,0,9
2004,ISABEL,84,0,84
2004,JACQUELYN,7,0,7
2004,HANNAH,583,0,583
2004,HANNA,59,0,59
2004,HANEEN,7,0,7
2004,GABRIELA,41,0,41
2004,FREYA,7,0,7
2004,FRANCESCA,37,0,37
2004,FRANCES,16,0,16
2004,FLORENCE,16,0,16
2004,FIONA,77,0,77
2004,FELICITY,11,0,11
2004,FELICIA,18,0,18
2004,FAYTH,6,0,6
2004,FAYE,8,0,8
2004,FATIMAH,9,0,9
2004,FATIMA,79,0,79
2004,FATEMA,6,0,6
2004,FARRAH,6,0,6
2004,GABRIELLA,104,0,104
2004,FARAH,11,0,11
2004,EVELYN,95,0,95
2004,EVE,26,0,26
2004,EVANGELINE,6,0,6
2004,EVA,73,0,73
2004,EUNICE,7,0,7
2004,ESTHER,39,0,39
2004,ESTELLA,9,0,9
2004,ESHAL,20,0,20
2004,ESHA,10,0,10
2004,ERYN,11,0,11
2004,ERIN,153,0,153
2004,ERIKA,88,0,88
2004,ERICA,97,0,97
2004,ENYA,9,0,9
2004,FAITH,204,0,204
2004,EMMA-LEIGH,6,0,6
2004,GABRIELLE,150,0,150
2004,GENEVIEVE,32,0,32
2004,HANAN,8,0,8
2004,HANA,29,0,29
2004,HALLIE,7,0,7
2004,HALLEE,6,0,6
2004,HALLE,34,0,34
2004,HALEY,80,0,80
2004,HALEIGH,9,0,9
2004,HAILIE,17,0,17
2004,HAILEY,339,0,339
2004,HAILEIGH,7,0,7
2004,HAILEE,17,0,17
2004,HAFSA,28,0,28
2004,HADIA,8,0,8
2004,GWYNETH,14,0,14
2004,GEMMA,19,0,19
2004,GWENDOLYN,11,0,11
2004,GURLEEN,43,0,43
2004,GRACIE,49,0,49
2004,GRACE,523,0,523
2004,GLORIA,24,0,24
2004,GIULIANA,17,0,17
2004,GIULIA,17,0,17
2004,GISELLE,9,0,9
2004,GINA,9,0,9
2004,GILLIAN,50,0,50
2004,GIANNA,12,0,12
2004,GIA,6,0,6
2004,GEORGINA,8,0,8
2004,GEORGIA,78,0,78
2004,GENEVIÈVE,11,0,11
2004,GWEN,6,0,6
2004,CHANA,9,0,9
2004,BAILEY,82,23,59
2004,CELINA,32,0,32
2004,ANJALI,17,0,17
2004,ANITA,23,0,23
2004,ANISSA,6,0,6
2004,ANISHA,9,0,9
2004,ANISA,21,0,21
2004,ANIKA,53,0,53
2004,ANIA,7,0,7
2004,ANGIE,6,0,6
2004,ANGELIQUE,11,0,11
2004,ANGELINA,175,0,175
2004,ANGELIKA,10,0,10
2004,ANGELICA,43,0,43
2004,ANGELA,94,0,94
2004,ANGEL,47,5,42
2004,ANDREA,87,0,87
2004,ANASTASIA,65,0,65
2004,ANABELLE,7,0,7
2004,ANA,33,0,33
2004,AMÉLIE,30,0,30
2004,AMY,149,0,149
2004,AMRITA,8,0,8
2004,AMRIT,15,7,8
2004,AMNA,23,0,23
2004,AMMARA,8,0,8
2004,AMISHA,8,0,8
2004,AMIRA,23,0,23
2004,AMINA,27,0,27
2004,AMIE,8,0,8
2004,AMELIE,15,0,15
2004,ANMOL,26,13,13
2004,ANN,11,0,11
2004,ANNA,260,0,260
2004,ANNA-MARIA,8,0,8
2004,ARWEN,16,0,16
2004,ARSHDEEP,15,9,6
2004,ARIELLE,16,0,16
2004,ARIELLA,7,0,7
2004,ARIEL,36,6,30
2004,ARIANNE,13,0,13
2004,ARIANNA,87,0,87
2004,ARIANE,12,0,12
2004,ARIANA,57,0,57
2004,ARIA,12,0,12
2004,AREEJ,10,0,10
2004,AREEBA,11,0,11
2004,ARDEN,18,8,10
2004,ARCHANA,8,0,8
2004,AMELIA,166,0,166
2004,AQSA,7,0,7
2004,ANYA,20,0,20
2004,ANUSHA,6,0,6
2004,ANUREET,9,0,9
2004,ANTONIA,11,0,11
2004,ANNIKA,47,0,47
2004,ANNIE,52,0,52
2004,ANNETTE,7,0,7
2004,ANNEKE,7,0,7
2004,ANNE-MARIE,9,0,9
2004,ANNE,32,0,32
2004,ANNALISE,6,0,6
2004,ANNABELLE,24,0,24
2004,ANNABELLA,10,0,10
2004,ANNABEL,7,0,7
2004,APRIL,45,0,45
2004,ARYA,22,10,12
2004,AMEERA,6,0,6
2004,AMAYA,10,0,10
2004,ALEXIE,9,0,9
2004,ALEXIA,101,0,101
2004,ALEXANDRIA,76,0,76
2004,ALEXANDRA,360,0,360
2004,ALEXA,113,0,113
2004,ALEX,186,173,13
2004,ALESSIA,85,0,85
2004,ALESSANDRA,26,0,26
2004,ALENA,8,0,8
2004,ALEKSANDRA,13,0,13
2004,ALEEZA,15,0,15
2004,ALEENA,29,0,29
2004,ALEAH,11,0,11
2004,ALAYNA,15,0,15
2004,ALANNAH,13,0,13
2004,ALANNA,27,0,27
2004,ALANA,27,0,27
2004,ALAINA,17,0,17
2004,ALAA,7,0,7
2004,AKSHAYA,8,0,8
2004,AISLYNN,7,0,7
2004,AISLINN,8,0,8
2004,AISHWARYA,6,0,6
2004,AISHA,47,0,47
2004,AINSLIE,9,0,9
2004,AINSLEY,42,0,42
2004,AINSLEE,6,0,6
2004,AIMEE,24,0,24
2004,AIDEN,359,353,6
2004,ALEXIS,295,17,278
2004,ALEXUS,13,0,13
2004,ALIA,22,0,22
2004,ALIAH,7,0,7
2004,AMARA,13,0,13
2004,AMANI,6,0,6
2004,AMANDA,173,0,173
2004,AMALIA,7,0,7
2004,AMAL,21,0,21
2004,ALYSSIA,12,0,12
2004,ALYSSA,463,0,463
2004,ALYSON,20,0,20
2004,ALYSHA,20,0,20
2004,ALYSA,9,0,9
2004,ALYCIA,8,0,8
2004,ALORA,6,0,6
2004,ALMA,9,0,9
2004,ALLYSSA,9,0,9
2004,AMBER,138,0,138
2004,ALLYSON,31,0,31
2004,ALLISON,126,0,126
2004,ALLIE,24,0,24
2004,ALIZA,20,0,20
2004,ALIYAH,66,0,66
2004,ALIYA,33,0,33
2004,ALIVIA,13,0,13
2004,ALISSA,33,0,33
2004,ALISON,58,0,58
2004,ALISHBA,12,0,12
2004,ALISHA,70,0,70
2004,ALISA,11,0,11
2004,ALINA,36,0,36
2004,ALICIA,110,0,110
2004,ALICE,60,0,60
2004,ALLY,19,0,19
2004,ARYANNA,8,0,8
2004,ASHA,22,0,22
2004,ASHANTI,6,0,6
2004,CANDICE,8,0,8
2004,CANDACE,7,0,7
2004,CAMRYN,39,0,39
2004,CAMILLE,34,0,34
2004,CAMILLA,13,0,13
2004,CAMILA,12,0,12
2004,CAMERON,478,455,23
2004,CALLIE,16,0,16
2004,CALLI,6,0,6
2004,CALISTA,12,0,12
2004,CALI,8,0,8
2004,CALEIGH,13,0,13
2004,CAITLYN,53,0,53
2004,CAITLIN,80,0,80
2004,CAILYN,10,0,10
2004,CAILIN,9,0,9
2004,CAILEY,9,0,9
2004,CAELAN,18,12,6
2004,CADENCE,62,0,62
2004,CADANCE,7,0,7
2004,BRYNN,17,0,17
2004,BRYN,13,5,8
2004,BRYANNA,25,0,25
2004,BRYANA,8,0,8
2004,BROOKLYNNE,6,0,6
2004,BROOKLYNN,28,0,28
2004,BROOKLYN,185,0,185
2004,BROOKLIN,7,0,7
2004,BROOKE-LYNN,6,0,6
2004,CARA,15,0,15
2004,CARINA,18,0,18
2004,CARISSA,19,0,19
2004,CARLA,11,0,11
2004,CELIA,13,0,13
2004,CELESTE,28,0,28
2004,CEILIDH,6,0,6
2004,CECILIA,18,0,18
2004,CAYLA,13,0,13
2004,CAYDENCE,7,0,7
2004,CATRIONA,6,0,6
2004,CATRINA,9,0,9
2004,CATHY,11,0,11
2004,CATHERINE,111,0,111
2004,CATERINA,10,0,10
2004,CATARINA,6,0,6
2004,CATALINA,7,0,7
2004,CASSIE,10,0,10
2004,BROOKE,210,0,210
2004,CASSIDY,88,0,88
2004,CASSANDRA,152,0,152
2004,CASEY,21,8,13
2004,CARYS,24,0,24
2004,CARRIE,6,0,6
2004,CAROLYN,26,0,26
2004,CAROLINE,50,0,50
2004,CAROLINA,18,0,18
2004,CAROL,14,0,14
2004,CARMEN,31,0,31
2004,CARMELA,8,0,8
2004,CARLY,49,0,49
2004,CARLIE,8,0,8
2004,CARLEY,29,0,29
2004,CARLEE,10,0,10
2004,CASSIA,6,0,6
2004,BROOK,6,0,6
2004,BRONWYN,23,0,23
2004,BRITTANY,15,0,15
2004,AYSHA,13,0,13
2004,AYSE,7,0,7
2004,AYLA,15,0,15
2004,AYESHA,39,0,39
2004,AYAT,7,0,7
2004,AYANNA,8,0,8
2004,AYAH,17,0,17
2004,AYA,15,0,15
2004,AVRIL,6,0,6
2004,AVNEET,14,0,14
2004,AVERY,300,56,244
2004,AVERIE,9,0,9
2004,AVERI,6,0,6
2004,AVA,330,0,330
2004,BABY,19,8,11
2004,AUTUMN,75,0,75
2004,AURORA,44,0,44
2004,AUGUST,7,0,7
2004,AUDREY,86,0,86
2004,AUBREY,13,5,8
2004,ATHENA,38,0,38
2004,ASPEN,7,0,7
2004,ASMA,12,0,12
2004,ASIA,23,0,23
2004,ASHTON,172,166,6
2004,ASHLYNN,13,0,13
2004,ASHLYN,39,0,39
2004,ASHLEY,355,0,355
2004,ASHLEIGH,27,0,27
2004,ASHLEE,22,0,22
2004,AURÉLIE,6,0,6
2004,CELINE,15,0,15
2004,BAHAR,7,0,7
2004,BARBARA,8,0,8
2004,BRITNEY,18,0,18
2004,BRIGITTE,9,0,9
2004,BRIGID,7,0,7
2004,BRIELLE,15,0,15
2004,BRIDGETTE,8,0,8
2004,BRIDGET,34,0,34
2004,BRIAR,12,0,12
2004,BRIANNE,19,0,19
2004,BRIANNA,266,0,266
2004,BRIANA,31,0,31
2004,BRENNA,32,0,32
2004,BRENDA,9,0,9
2004,BREE,8,0,8
2004,BREANNE,13,0,13
2004,JANAE,6,0,6
2004,BREANNA,83,0,83
2004,BREANA,6,0,6
2004,BRANDI,6,0,6
2004,BRAELYN,7,0,7
2004,BLYTHE,7,0,7
2004,BIANKA,7,0,7
2004,BIANCA,99,0,99
2004,BEVERLY,8,0,8
2004,BETTY,7,0,7
2004,BETHANY,44,0,44
2004,BERNADETTE,7,0,7
2004,BELLE,6,0,6
2004,BELLA,15,0,15
2004,BELINDA,7,0,7
2004,BEATRICE,14,0,14
2004,BREANN,6,0,6
2004,AGATHA,9,0,9
2004,JANE,22,0,22
2004,JANESSA,15,0,15
2004,REEM,12,0,12
2004,REENA,6,0,6
2004,REESE,74,22,52
2004,REGAN,32,6,26
2004,REILLY,23,15,8
2004,RENEE,16,0,16
2004,RENÉE,21,0,21
2004,RHEA,21,0,21
2004,RHIANNA,8,0,8
2004,RHIANNON,25,0,25
2004,RIA,22,0,22
2004,RIANA,9,0,9
2004,RIANNA,11,0,11
2004,RICHELLE,6,0,6
2004,RIDA,22,0,22
2004,RILEIGH,10,0,10
2004,RILEY,362,263,99
2004,RITA,12,0,12
2004,RIVER,21,12,9
2004,REEGAN,13,0,13
2004,RIYA,24,0,24
2004,REECE,31,24,7
2004,REBECCA,219,0,219
2004,RAELYN,6,0,6
2004,RAHMA,6,0,6
2004,RAIMA,6,0,6
2004,RAINA,8,0,8
2004,RAMEEN,6,0,6
2004,RANA,6,0,6
2004,RANDI,8,0,8
2004,RANEEM,6,0,6
2004,RANIA,10,0,10
2004,RAQUEL,18,0,18
2004,RAVEN,27,6,21
2004,RAVLEEN,7,0,7
2004,RAWAN,7,0,7
2004,RAYA,10,0,10
2004,RAYNA,12,0,12
2004,RAYNE,14,0,14
2004,RAZAN,8,0,8
2004,REAGAN,21,0,21
2004,REANNA,13,0,13
2004,REBEKAH,30,0,30
2004,RACHELLE,10,0,10
2004,ROBIN,30,18,12
2004,ROCHELLE,7,0,7
2004,SADIA,8,0,8
2004,SADIE,65,0,65
2004,SAFA,11,0,11
2004,SAFIYA,6,0,6
2004,SAFIYAH,6,0,6
2004,SAGE,38,11,27
2004,SAHANA,7,0,7
2004,SAHAR,13,0,13
2004,SAIGE,23,0,23
2004,SAKINA,8,0,8
2004,SALENA,10,0,10
2004,SALLY,7,0,7
2004,SALMA,29,0,29
2004,SAMA,6,0,6
2004,SAMANTHA,446,0,446
2004,SAMARA,21,0,21
2004,SAMIA,6,0,6
2004,SAMIRA,15,0,15
2004,SAMIYA,7,0,7
2004,SADAF,9,0,9
2004,ROBYN,24,0,24
2004,SABRINA,143,0,143
2004,SABINA,14,0,14
2004,RORY,38,29,9
2004,ROSA,16,0,16
2004,ROSALIE,8,0,8
2004,ROSE,19,0,19
2004,ROSEMARY,15,0,15
2004,ROWAN,107,63,44
2004,ROXANA,6,0,6
2004,ROXANNE,14,0,14
2004,ROYA,6,0,6
2004,RUBY,67,0,67
2004,RUTH,24,0,24
2004,RYAN,976,962,14
2004,RYANN,8,0,8
2004,RYANNE,9,0,9
2004,RYLEE,48,8,40
2004,RYLEIGH,25,0,25
2004,RYLEY,26,18,8
2004,RYLIE,21,0,21
2004,SABA,11,0,11
2004,SABINE,6,0,6
2004,RACHEL,426,0,426
2004,RACHAEL,44,0,44
2004,RABIA,10,0,10
2004,NADA,12,0,12
2004,NADIA,80,0,80
2004,NADINE,21,0,21
2004,NADYA,6,0,6
2004,NANCY,24,0,24
2004,NAOMI,125,0,125
2004,NATALIA,71,0,71
2004,NATALIE,236,0,236
2004,NATASHA,111,0,111
2004,NATHALIE,17,0,17
2004,NAVNEET,7,0,7
2004,NAYA,9,0,9
2004,NEHA,20,0,20
2004,NELLY,10,0,10
2004,NEVAEH,35,0,35
2004,NEVE,8,0,8
2004,NIA,23,0,23
2004,NIAMH,11,0,11
2004,NICOLA,22,5,17
2004,NABEEHA,8,0,8
2004,NICOLE,323,0,323
2004,MÉLODIE,9,0,9
2004,MYRIAM,7,0,7
2004,MIRANDA,67,0,67
2004,MIRIAM,31,0,31
2004,MISHA,10,0,10
2004,MIYA,11,0,11
2004,MOIRA,10,0,10
2004,MOLLY,87,0,87
2004,MONA,12,0,12
2004,MONICA,52,0,52
2004,MONIKA,6,0,6
2004,MONIQUE,19,0,19
2004,MORGAN,249,40,209
2004,MUNIRA,9,0,9
2004,MUSKAAN,10,0,10
2004,MUSKAN,7,0,7
2004,MYA,144,0,144
2004,MYAH,21,0,21
2004,MYLA,7,0,7
2004,MYRA,14,0,14
2004,MYRANDA,6,0,6
2004,MÉLANIE,6,0,6
2004,NICOLETTE,10,0,10
2004,NIKITA,25,7,18
2004,NIKKI,14,0,14
2004,PARKER,102,89,13
2004,PATRICIA,28,0,28
2004,PAULA,9,0,9
2004,PAULINA,16,0,16
2004,PAYTON,93,20,73
2004,PENELOPE,7,0,7
2004,PETRA,7,0,7
2004,PEYTON,94,36,58
2004,PHOEBE,17,0,17
2004,PHOENIX,36,23,13
2004,PIPER,25,0,25
2004,POOJA,11,0,11
2004,PORTIA,9,0,9
2004,PRABHLEEN,7,0,7
2004,PRISCILLA,8,0,8
2004,PRIYA,25,0,25
2004,PRIYANKA,8,0,8
2004,PUNEET,9,0,9
2004,QUINN,119,96,23
2004,PARISA,8,0,8
2004,PARIS,62,0,62
2004,PAOLA,6,0,6
2004,PAISLEY,9,0,9
2004,NIKOLINA,7,0,7
2004,NINA,41,0,41
2004,NISHA,9,0,9
2004,NOA,19,0,19
2004,NOELLE,13,0,13
2004,NOOR,42,6,36
2004,NORA,25,0,25
2004,NORAH,20,0,20
2004,NOUR,15,0,15
2004,SANA,13,0,13
2004,NOÉMIE,17,0,17
2004,NYAH,8,0,8
2004,NYLA,12,0,12
2004,OCEAN,12,0,12
2004,OCÉANE,9,0,9
2004,OLGA,6,0,6
2004,OLIVIA,844,0,844
2004,OLYVIA,7,0,7
2004,ORIANA,6,0,6
2004,PAIGE,331,0,331
2004,NYA,8,0,8
2004,MIRA,19,0,19
2004,SANAA,8,0,8
2004,SANDY,8,0,8
2004,TERRA,8,0,8
2004,TESS,20,0,20
2004,TESSA,77,0,77
2004,THALIA,10,0,10
2004,THEA,13,0,13
2004,THERESA,12,0,12
2004,TIA,46,0,46
2004,TIANA,42,0,42
2004,TIANNA,44,0,44
2004,TIARA,11,0,11
2004,TIFFANY,59,0,59
2004,TINA,34,0,34
2004,TORI,25,0,25
2004,TRACY,14,0,14
2004,TRINITY,161,0,161
2004,TRISHA,16,0,16
2004,TRISTA,22,0,22
2004,TRISTAN,221,214,7
2004,TRISTEN,27,18,9
2004,TERESA,23,0,23
2004,TRUDY,8,0,8
2004,TEHYA,13,0,13
2004,TEEGAN,12,6,6
2004,TALYA,8,0,8
2004,TAMARA,33,0,33
2004,TAMIA,13,0,13
2004,TANIA,11,0,11
2004,TANISHA,12,0,12
2004,TANYA,31,0,31
2004,TARA,55,0,55
2004,TARYN,27,0,27
2004,TASHA,10,0,10
2004,TATIANA,37,0,37
2004,TATIANNA,6,0,6
2004,TATUM,23,0,23
2004,TATYANA,6,0,6
2004,TAYA,30,0,30
2004,TAYAH,10,0,10
2004,TAYLER,7,0,7
2004,TAYLOR,345,44,301
2004,TEAGAN,60,11,49
2004,TEANNA,7,0,7
2004,TEGAN,25,0,25
2004,TALIA,46,0,46
2004,TYRA,14,0,14
2004,VALENTINA,14,0,14
2004,YASMINE,21,0,21
2004,YOLANDA,8,0,8
2004,YU,7,0,7
2004,YUSRA,15,0,15
2004,YVONNE,10,0,10
2004,ZAHRA,28,0,28
2004,ZAINA,8,0,8
2004,ZAINAB,49,0,49
2004,ZARA,21,0,21
2004,ZAYNAB,7,0,7
2004,ZEINAB,8,0,8
2004,ZOE,195,0,195
2004,ZOEY,39,0,39
2004,ZOHA,11,0,11
2004,ZOYA,21,0,21
2004,ZOÉ,16,0,16
2004,ZOË,56,0,56
2004,ÈVE,7,0,7
2004,ÉMILIE,20,0,20
2004,YASMIN,25,0,25
2004,TÉA,14,0,14
2004,YASMEEN,9,0,9
2004,WINTER,6,0,6
2004,VALERIA,8,0,8
2004,VALERIE,28,0,28
2004,VALÉRIE,6,0,6
2004,VANESSA,234,0,234
2004,VARSHA,6,0,6
2004,VERA,7,0,7
2004,VERONICA,75,0,75
2004,VERONIKA,8,0,8
2004,VICKY,15,0,15
2004,VICTORIA,429,0,429
2004,VIENNA,13,0,13
2004,VIKTORIA,7,0,7
2004,VIOLET,22,0,22
2004,VIRGINIA,12,0,12
2004,VIVIAN,46,0,46
2004,VIVIEN,9,0,9
2004,VÉRONIQUE,8,0,8
2004,WENDY,10,0,10
2004,WILLOW,22,0,22
2004,YAEL,7,0,7
2004,TALA,9,0,9
2004,TAIYA,9,0,9
2004,TABITHA,10,0,10
2004,SHAINA,6,0,6
2004,SHANELLE,9,0,9
2004,SHANIA,19,0,19
2004,SHANNON,67,0,67
2004,SHARON,15,0,15
2004,SHAUNA,12,0,12
2004,SHAWNA,15,0,15
2004,SHAYE,8,0,8
2004,SHAYLA,28,0,28
2004,SHAYLYN,6,0,6
2004,SHAYLYNN,6,0,6
2004,SHAYNA,21,0,21
2004,SHEA,6,0,6
2004,SHELBY,64,0,64
2004,SHERRY,11,0,11
2004,SHIRLEY,13,0,13
2004,SHOSHANA,6,0,6
2004,SHREYA,11,0,11
2004,SHRIYA,6,0,6
2004,SHAELYNN,7,0,7
2004,SHYANN,9,0,9
2004,SHAELYN,11,0,11
2004,SERINA,6,0,6
2004,SANIA,6,0,6
2004,SANIYA,8,0,8
2004,SANJANA,10,0,10
2004,SARA,244,0,244
2004,SARAH,740,0,740
2004,SARINA,23,0,23
2004,SASHA,47,11,36
2004,SASKIA,6,0,6
2004,SAVANAH,14,0,14
2004,SAVANNA,26,0,26
2004,SAVANNAH,79,0,79
2004,SCARLETT,10,0,10
2004,SCOTIA,6,0,6
2004,SEANNA,6,0,6
2004,SEERAT,7,0,7
2004,SELENA,73,0,73
2004,SELINA,21,0,21
2004,SERENA,105,0,105
2004,SERENITY,16,0,16
2004,SHAE,6,0,6
2004,SHYANNA,6,0,6
2004,SHYANNE,19,0,19
2004,SHYLA,10,0,10
2004,SOPHIE,229,0,229
2004,STACEY,17,0,17
2004,STARR,6,0,6
2004,STEFANIA,16,0,16
2004,STEFANIE,11,0,11
2004,STELLA,65,0,65
2004,STEPHANIE,153,0,153
2004,STÉPHANIE,9,0,9
2004,SUKHMAN,22,14,8
2004,SUMAIYA,6,0,6
2004,SUMAYA,6,0,6
2004,SUMMER,54,0,54
2004,SUSAN,7,0,7
2004,SUSANA,8,0,8
2004,SUSIE,6,0,6
2004,SYDNEE,11,0,11
2004,SYDNEY,385,6,379
2004,SYEDA,13,0,13
2004,SYLVIA,19,0,19
2004,SOPHIA,345,0,345
2004,SONYA,14,0,14
2004,SONIA,19,0,19
2004,SOFIE,11,0,11
2004,SIA,7,0,7
2004,SIDNEY,25,9,16
2004,SIENA,7,0,7
2004,SIENNA,22,0,22
2004,SIERA,6,0,6
2004,SIERRA,169,0,169
2004,SILVIA,9,0,9
2004,SIMONA,24,0,24
2004,SIMONE,25,0,25
2004,SANDRA,20,0,20
2004,SIMRAN,50,0,50
2004,SIMRIT,7,0,7
2004,SIOBHAN,8,0,8
2004,SIYA,12,0,12
2004,SKYE,26,0,26
2004,SKYLA,17,0,17
2004,SKYLAR,53,13,40
2004,SKYLER,37,25,12
2004,SLOANE,6,0,6
2004,SOFIA,204,0,204
2004,SIMRAT,9,0,9
2004,JANELLE,23,0,23
2004,MINDY,7,0,7
2004,MILLA,7,0,7
2004,KATHERINE,177,0,177
2004,KATHLEEN,40,0,40
2004,KATHRYN,77,0,77
2004,KATHY,10,0,10
2004,KATIA,8,0,8
2004,KATIE,80,0,80
2004,KATLYN,8,0,8
2004,KATRINA,93,0,93
2004,KATRYNA,6,0,6
2004,KATYA,6,0,6
2004,KAYA,18,0,18
2004,KAYDANCE,6,0,6
2004,KAYDEN,61,50,11
2004,KAYDENCE,26,0,26
2004,KAYLA,297,0,297
2004,KAYLEA,8,0,8
2004,KAYLEE,86,0,86
2004,KAYLEIGH,52,0,52
2004,KAYLEY,16,0,16
2004,KATHARINE,15,0,15
2004,KAYLIE,21,0,21
2004,KATHARINA,12,0,12
2004,KATELYNN,23,0,23
2004,KARINA,37,0,37
2004,KARINE,7,0,7
2004,KARIS,8,0,8
2004,KARISSA,16,0,16
2004,KARLEIGH,6,0,6
2004,KARLI,7,0,7
2004,KARLIE,8,0,8
2004,KARLY,11,0,11
2004,KARMA,6,0,6
2004,KARMAN,13,7,6
2004,KAROLINA,11,0,11
2004,KASANDRA,8,0,8
2004,KASHISH,6,0,6
2004,KASSANDRA,32,0,32
2004,KASSIDY,11,0,11
2004,KATARINA,33,0,33
2004,KATE,125,0,125
2004,KATELIN,7,0,7
2004,KATELYN,143,0,143
2004,KATERINA,18,0,18
2004,KAREN,40,0,40
2004,KAYLIN,21,0,21
2004,KAYLYNN,6,0,6
2004,KIARRA,6,0,6
2004,KIERA,58,0,58
2004,KIERRA,17,0,17
2004,KIERSTEN,21,0,21
2004,KILEY,7,0,7
2004,KIM,7,0,7
2004,KIMBERLEY,9,0,9
2004,KIMBERLY,43,0,43
2004,KIRA,58,0,58
2004,KIRAN,19,8,11
2004,KIRSTEN,36,0,36
2004,KIYA,7,0,7
2004,KLARA,8,0,8
2004,KOMAL,11,0,11
2004,KRISHNA,17,8,9
2004,KRISTA,12,0,12
2004,KRISTEN,58,0,58
2004,KRISTIN,16,0,16
2004,KRISTINA,44,0,44
2004,KIARA,79,0,79
2004,KAYLYN,10,0,10
2004,KIANNA,12,0,12
2004,KIAH,6,0,6
2004,KEARA,10,0,10
2004,KEELIN,6,0,6
2004,KEELY,10,0,10
2004,KEIRA,101,0,101
2004,KEISHA,11,0,11
2004,KELLY,73,0,73
2004,KELSEY,22,0,22
2004,KENDAL,7,0,7
2004,KENDALL,21,0,21
2004,KENDRA,79,0,79
2004,KENNEDY,86,0,86
2004,KENYA,7,0,7
2004,KENZIE,6,0,6
2004,KEONA,6,0,6
2004,KEZIA,7,0,7
2004,KEZIAH,7,0,7
2004,KHADIJA,21,0,21
2004,KHADIJAH,9,0,9
2004,KHUSHI,28,0,28
2004,KIANA,44,0,44
2004,KAREENA,7,0,7
2004,KARA,29,0,29
2004,KAMRYN,19,0,19
2004,JENNA,219,0,219
2004,JENNIFER,154,0,154
2004,JENNY,25,0,25
2004,JERSEY,10,0,10
2004,JESSA,6,0,6
2004,JESSE,192,180,12
2004,JESSICA,565,0,565
2004,JESSIE,42,7,35
2004,JEWEL,8,0,8
2004,JIA,21,10,11
2004,JILL,10,0,10
2004,JILLIAN,82,0,82
2004,JIYA,13,0,13
2004,JOANNA,37,0,37
2004,JOANNE,17,0,17
2004,JOCELYN,71,0,71
2004,JOELLE,20,0,20
2004,JOEY,53,42,11
2004,JOHANNA,11,0,11
2004,JENA,7,0,7
2004,JOLENE,8,0,8
2004,JAZMYN,15,0,15
2004,JAZMIN,12,0,12
2004,JANICE,13,0,13
2004,JANINE,6,0,6
2004,JANNAT,7,0,7
2004,JAPNEET,7,0,7
2004,JASLEEN,26,0,26
2004,JASMEEN,8,0,8
2004,JASMEET,8,0,8
2004,JASMIN,26,0,26
2004,JASMINE,263,0,263
2004,JASMYN,8,0,8
2004,JAYA,11,0,11
2004,JAYDA,37,0,37
2004,JAYDE,16,0,16
2004,JAYDEN,281,226,55
2004,JAYLA,10,0,10
2004,JAYLENE,6,0,6
2004,JAYLIN,7,0,7
2004,JAYME,13,0,13
2004,JAYNA,9,0,9
2004,JAZMINE,17,0,17
2004,JOLIE,8,0,8
2004,JORDAN,481,362,119
2004,JORDANA,9,0,9
2004,KAELA,10,0,10
2004,KAELYN,17,0,17
2004,KAIA,16,0,16
2004,KAIDANCE,6,0,6
2004,KAIDEN,53,47,6
2004,KAILA,8,0,8
2004,KAILEIGH,6,0,6
2004,KAILEY,37,0,37
2004,KAILYN,15,0,15
2004,KAILYNN,6,0,6
2004,KAITLIN,53,0,53
2004,KAITLYN,303,0,303
2004,KAITLYNN,20,0,20
2004,KAIYA,21,0,21
2004,KALEIGH,33,0,33
2004,KALEY,11,0,11
2004,KALI,9,0,9
2004,KALISTA,6,0,6
2004,KALLIE,7,0,7
2004,KADENCE,15,0,15
2004,KADANCE,6,0,6
2004,KACEY,6,0,6
2004,JUSTINE,41,0,41
2004,JORDEN,14,8,6
2004,JORDYN,82,0,82
2004,JORJA,34,0,34
2004,JOSEPHINE,29,0,29
2004,JOSIE,11,0,11
2004,JOSÉE,6,0,6
2004,JOVANA,6,0,6
2004,JOY,17,0,17
2004,JOYCE,21,0,21
2004,KRISTINE,12,0,12
2004,JUDITH,6,0,6
2004,JULIA,531,0,531
2004,JULIANA,58,0,58
2004,JULIANNA,48,0,48
2004,JULIANNE,20,0,20
2004,JULIE,48,0,48
2004,JULIET,10,0,10
2004,JULIETTE,19,0,19
2004,JUSTICE,31,17,14
2004,JUSTINA,13,0,13
2004,JUDY,12,0,12
2004,MINA,11,0,11
2004,KRISTY,12,0,12
2004,KYA,11,0,11
2004,MARA,21,0,21
2004,MARAH,6,0,6
2004,MAREN,10,0,10
2004,MARGARET,53,0,53
2004,MARIA,173,0,173
2004,MARIAH,46,0,46
2004,MARIAM,61,0,61
2004,MARIANA,22,0,22
2004,MARIANNA,8,0,8
2004,MARIANNE,10,0,10
2004,MARIE,81,0,81
2004,MARIE-ÈVE,8,0,8
2004,MARIKA,12,0,12
2004,MARILYN,6,0,6
2004,MARIN,8,0,8
2004,MARINA,28,0,28
2004,MARISA,30,0,30
2004,MARISOL,7,0,7
2004,MARISSA,108,0,108
2004,MANPREET,6,0,6
2004,MARLEE,10,0,10
2004,MANDY,12,0,12
2004,MALLORY,20,0,20
2004,MAHEEN,6,0,6
2004,MAHEK,7,0,7
2004,MAHNOOR,9,0,9
2004,MAI,7,0,7
2004,MAIA,48,0,48
2004,MAIJA,9,0,9
2004,MAIRA,8,0,8
2004,MAIYA,11,0,11
2004,MAJA,16,0,16
2004,MAKAILA,8,0,8
2004,MAKAYLA,124,0,124
2004,MAKENA,12,0,12
2004,MAKENNA,49,0,49
2004,MAKENZIE,14,0,14
2004,MALAIKA,14,0,14
2004,MALAK,12,0,12
2004,MALIA,8,0,8
2004,MALIKA,7,0,7
2004,MALIYAH,6,0,6
2004,MANAHIL,12,0,12
2004,MAHAM,14,0,14
2004,MARLEY,22,0,22
2004,MARTHA,11,0,11
2004,MELODY,36,0,36
2004,MERCEDES,28,0,28
2004,MEREDITH,26,0,26
2004,MERISSA,10,0,10
2004,MIA,189,0,189
2004,MIAH,9,0,9
2004,MICAELA,8,0,8
2004,MICAH,39,33,6
2004,MICHAELA,68,0,68
2004,MICHELA,14,0,14
2004,MICHELLE,146,0,146
2004,MIKA,14,5,9
2004,MIKAELA,35,0,35
2004,MIKAILA,6,0,6
2004,MIKAYLA,132,0,132
2004,MILA,27,0,27
2004,MILANA,12,0,12
2004,MILENA,15,0,15
2004,MILICA,7,0,7
2004,MELISSA,108,0,108
2004,MARTA,6,0,6
2004,MELINA,22,0,22
2004,MELANIE,58,0,58
2004,MARTINA,27,0,27
2004,MARWA,14,0,14
2004,MARY,101,0,101
2004,MARYAM,42,0,42
2004,MATILDA,6,0,6
2004,MAXINE,8,0,8
2004,MAYA,333,0,333
2004,MAYAH,6,0,6
2004,MCKAYLA,28,0,28
2004,MCKENNA,60,0,60
2004,MCKENZIE,29,0,29
2004,MEADOW,11,0,11
2004,MEAGAN,31,0,31
2004,MEAGHAN,21,0,21
2004,MEERA,13,0,13
2004,MEG,8,0,8
2004,MEGAN,345,0,345
2004,MEGHAN,130,0,130
2004,MEHAK,8,0,8
2004,MELIA,8,0,8
2004,MAHA,16,0,16
2004,MAGGIE,70,0,70
2004,MAEVE,26,0,26
2004,LEA,21,0,21
2004,LEAH,192,0,192
2004,LEANNA,8,0,8
2004,LEANNE,21,0,21
2004,LEEN,7,0,7
2004,LEENA,6,0,6
2004,LEIA,10,0,10
2004,LEIGHA,8,0,8
2004,LEILA,30,0,30
2004,LENA,19,0,19
2004,LEXI,13,0,13
2004,LEXIE,9,0,9
2004,LEXUS,8,0,8
2004,LEYLA,11,0,11
2004,LIA,31,0,31
2004,LIANA,18,0,18
2004,LIANNA,10,0,10
2004,LIBBY,8,0,8
2004,LIBERTY,11,0,11
2004,LAYLA,35,0,35
2004,LILA,14,0,14
2004,LAURYN,34,0,34
2004,LAUREN,471,0,471
2004,KYAH,6,0,6
2004,KYANA,7,0,7
2004,KYARA,11,0,11
2004,KYLA,93,0,93
2004,KYLEE,23,0,23
2004,KYLEIGH,16,0,16
2004,KYLIE,146,0,146
2004,KYRA,68,0,68
2004,LACEY,13,0,13
2004,LAIBA,26,0,26
2004,LAILA,27,0,27
2004,LANA,30,0,30
2004,LARA,38,0,38
2004,LARISA,6,0,6
2004,LARISSA,48,0,48
2004,LATOYA,6,0,6
2004,LAUNA,6,0,6
2004,LAURA,159,0,159
2004,LAUREL,15,0,15
2004,LAURENCE,6,0,6
2004,LILAH,6,0,6
2004,LILIAN,12,0,12
2004,LILIANA,14,0,14
2004,MACEY,16,0,16
2004,MACIE,6,0,6
2004,MACKAYLA,7,0,7
2004,MACKENNA,22,0,22
2004,MACKENZIE,377,29,348
2004,MACY,26,0,26
2004,MADALYN,18,0,18
2004,MADDISON,39,0,39
2004,MADELAINE,19,0,19
2004,MADELEINE,95,0,95
2004,MADELINE,132,0,132
2004,MADELYN,72,0,72
2004,MADELYNN,13,0,13
2004,MADILYN,6,0,6
2004,MADISON,671,0,671
2004,MADISSON,6,0,6
2004,MADISYN,11,0,11
2004,MADYSON,10,0,10
2004,MAEGAN,10,0,10
2004,LÉA,7,0,7
2004,LYRIC,6,0,6
2004,LYNDSEY,6,0,6
2004,LYLA,8,0,8
2004,LILLIAN,83,0,83
2004,LILLY,29,0,29
2004,LILY,197,0,197
2004,LINA,21,0,21
2004,LINDA,21,0,21
2004,LINDSAY,62,0,62
2004,LINDSEY,22,0,22
2004,LINNEA,9,0,9
2004,LISA,55,0,55
2004,KRYSTAL,16,0,16
2004,LIVIA,12,0,12
2004,LOGAN,486,457,29
2004,LOLA,25,0,25
2004,LORENA,10,0,10
2004,LORETTA,7,0,7
2004,LOUISA,6,0,6
2004,LUCIA,11,0,11
2004,LUCINDA,7,0,7
2004,LUCY,35,0,35
2004,LYDIA,63,0,63
2004,LIYA,9,0,9
2004,ADÈLE,6,0,6
2004,GURSHAN,5,5,0
2004,ADRIANNA,38,0,38
2004,ALESSIO,13,13,0
2004,ALESSANDRO,41,41,0
2004,ALEN,6,6,0
2004,ALEKSANDER,10,10,0
2004,ALEKSANDAR,19,19,0
2004,ALEK,5,5,0
2004,ALEJANDRO,33,33,0
2004,ALEC,38,38,0
2004,ALBERTO,7,7,0
2004,ALBERT,21,21,0
2004,ALAN,32,32,0
2004,AKRAM,6,6,0
2004,AKASH,11,11,0
2004,AJAY,13,13,0
2004,AIDYN,6,6,0
2004,ALEXANDER,803,803,0
2004,ALEXANDRE,79,79,0
2004,ALEXANDROS,10,10,0
2004,ALEXANDRU,14,14,0
2004,AMIR,26,26,0
2004,AMIN,5,5,0
2004,AMEER,16,16,0
2004,AMEEN,6,6,0
2004,AMARI,8,8,0
2004,AMAR,9,9,0
2004,AMAN,10,10,0
2004,AIDAN,494,494,0
2004,AMAAN,9,9,0
2004,ALLEN,17,17,0
2004,ALLAN,19,19,0
2004,ALIJAH,5,5,0
2004,ALI,138,138,0
2004,ALFRED,6,6,0
2004,ALEXZANDER,6,6,0
2004,ALEXEI,8,8,0
2004,ALVIN,17,17,0
2004,AHSAN,8,8,0
2004,AHMED,90,90,0
2004,AHMAD,41,41,0
2004,ABDURAHMAN,5,5,0
2004,ABDULRAHMAN,6,6,0
2004,ABDULLAHI,7,7,0
2004,ABDULLAH,64,64,0
2004,ABDULAZIZ,7,7,0
2004,ABDUL,34,34,0
2004,ABDIRAHMAN,5,5,0
2004,ABDURRAHMAN,5,5,0
2004,ABDALLAH,5,5,0
2004,AASHIR,6,6,0
2004,AARYAN,7,7,0
2004,AARON,243,243,0
2004,AAKASH,5,5,0
2004,AADIL,7,7,0
2004,GURVIR,6,6,0
2004,HADI,18,18,0
2004,ABBAS,12,12,0
2004,AMIT,6,6,0
2004,ABEL,13,13,0
2004,ABRAHAM,16,16,0
2004,AEDAN,10,10,0
2004,ADRIEN,19,19,0
2004,ADRIEL,5,5,0
2004,ADRIANO,17,17,0
2004,ADRIAN,152,152,0
2004,ADNAN,8,8,0
2004,ADITYA,14,14,0
2004,ABHISHEK,5,5,0
2004,ADIL,12,12,0
2004,ADEL,7,7,0
2004,ADEEL,5,5,0
2004,ADAN,8,8,0
2004,ADAMO,11,11,0
2004,ADAM,544,544,0
2004,ABRAR,6,6,0
2004,ABRAM,11,11,0
2004,ADEN,19,19,0
2004,AMMAR,14,14,0
2004,AMOS,5,5,0
2004,ANAS,9,9,0
2004,AXEL,7,7,0
2004,AVRAHAM,6,6,0
2004,AVINASH,6,6,0
2004,AVI,5,5,0
2004,AUSTYN,7,7,0
2004,AUSTIN,311,311,0
2004,ATTICUS,7,7,0
2004,AYAAN,39,39,0
2004,ASIF,6,6,0
2004,ASHVIN,10,10,0
2004,ASHTYN,5,5,0
2004,ASHER,16,16,0
2004,ASAD,7,7,0
2004,ARYAN,51,51,0
2004,ARVIN,11,11,0
2004,ARUN,7,7,0
2004,ASHWIN,28,28,0
2004,ARTHUR,25,25,0
2004,AYAN,9,9,0
2004,AYDEN,87,87,0
2004,BENOIT,6,6,0
2004,BENNY,7,7,0
2004,BENNETT,25,25,0
2004,BENJAMIN,633,633,0
2004,BEN,48,48,0
2004,BEAU,8,8,0
2004,BASIL,5,5,0
2004,AYDAN,11,11,0
2004,BARRY,6,6,0
2004,BALRAJ,7,7,0
2004,AZAN,6,6,0
2004,AYUSH,9,9,0
2004,AYUB,8,8,0
2004,AYOUB,6,6,0
2004,AYMAN,11,11,0
2004,AYDIN,9,9,0
2004,BARRETT,7,7,0
2004,HAIDER,5,5,0
2004,ARSHIA,6,6,0
2004,ARON,7,7,0
2004,ANSON,19,19,0
2004,ANSH,5,5,0
2004,ANISH,6,6,0
2004,ANGUS,21,21,0
2004,ANGELO,39,39,0
2004,ANGAD,6,6,0
2004,ANDY,51,51,0
2004,ANTHONY,385,385,0
2004,ANDREW,667,667,0
2004,ANDREJ,5,5,0
2004,ANDREI,13,13,0
2004,ANDREAS,28,28,0
2004,ANDRÉ,30,30,0
2004,ANDRE,40,40,0
2004,ANDON,6,6,0
2004,ANDERSON,14,14,0
2004,ANDRES,19,19,0
2004,ARSH,6,6,0
2004,ANTOINE,21,21,0
2004,ANTONINO,5,5,0
2004,ARNOLD,7,7,0
2004,ARNAV,12,12,0
2004,ARMIN,8,8,0
2004,ARMANDO,7,7,0
2004,ARMAN,18,18,0
2004,ARMAAN,43,43,0
2004,ARJUN,39,39,0
2004,ANTON,21,21,0
2004,ARJAN,5,5,0
2004,ARI,9,9,0
2004,ARHAM,5,5,0
2004,AREN,5,5,0
2004,ANWAR,7,7,0
2004,ANUJ,5,5,0
2004,ANTONY,12,12,0
2004,ANTONIO,88,88,0
2004,ARIAN,7,7,0
2004,HAMDI,5,5,0
2004,HAMED,6,6,0
2004,HAMISH,5,5,0
2004,JAYDAN,10,10,0
2004,JAYDON,22,22,0
2004,JAYLEN,28,28,0
2004,JAYLON,9,9,0
2004,JAYSON,16,16,0
2004,JEAN,10,10,0
2004,JEEVAN,13,13,0
2004,JAY,26,26,0
2004,JEFFERY,21,21,0
2004,JELANI,5,5,0
2004,JENSEN,5,5,0
2004,JEREMIAH,33,33,0
2004,JÉRÉMIE,13,13,0
2004,JEREMY,143,143,0
2004,JÉRÉMY,13,13,0
2004,JERICHO,5,5,0
2004,JEFFREY,79,79,0
2004,JERMAINE,11,11,0
2004,JAXSON,18,18,0
2004,JAX,10,10,0
2004,JAMAR,5,5,0
2004,JAMES,493,493,0
2004,JAMESON,10,10,0
2004,JAMIESON,7,7,0
2004,JAMIL,7,7,0
2004,JARED,66,66,0
2004,JARON,5,5,0
2004,JAXON,33,33,0
2004,JARRETT,14,14,0
2004,JASHAN,10,10,0
2004,JASKARAN,15,15,0
2004,JASON,228,228,0
2004,JASPER,25,25,0
2004,JASRAJ,7,7,0
2004,JAVIER,6,6,0
2004,JAWAD,8,8,0
2004,JARVIS,6,6,0
2004,JAMAL,22,22,0
2004,JEROME,18,18,0
2004,JESSE-JAMES,6,6,0
2004,JORDON,22,22,0
2004,JORGE,11,11,0
2004,JOSE,11,11,0
2004,JOSEF,6,6,0
2004,ADRIENNE,23,0,23
2004,JOSH,26,26,0
2004,JOSHUA,1054,1054,0
2004,JONATHON,23,23,0
2004,JOSIAH,59,59,0
2004,JOVAN,8,8,0
2004,JUAN,22,22,0
2004,JUDAH,13,13,0
2004,JUDE,29,29,0
2004,JUGRAJ,6,6,0
2004,JULIAN,185,185,0
2004,JULIEN,25,25,0
2004,JOSIP,6,6,0
2004,JERRY,23,23,0
2004,JONATHAN,313,313,0
2004,JONAH,112,112,0
2004,JESSY,5,5,0
2004,JETT,15,15,0
2004,JEVON,5,5,0
2004,JIBRIL,5,5,0
2004,JIMMY,11,11,0
2004,JOAO,5,5,0
2004,JOEL,91,91,0
2004,JONAS,22,22,0
2004,JOHAN,16,16,0
2004,JOHN,350,350,0
2004,JOHNATHAN,43,43,0
2004,JOHNATHON,18,18,0
2004,JOHNNY,27,27,0
2004,JOHN-PAUL,5,5,0
2004,JOHNSON,6,6,0
2004,JON,18,18,0
2004,JOHANN,5,5,0
2004,BENSON,5,5,0
2004,JAMAAL,5,5,0
2004,JALEEL,5,5,0
2004,HASHIM,5,5,0
2004,HASHIR,5,5,0
2004,HASSAN,35,35,0
2004,HEATH,7,7,0
2004,HENDRIK,7,7,0
2004,HENRY,63,63,0
2004,HERMAN,5,5,0
2004,HASEEB,11,11,0
2004,HIEU,5,5,0
2004,HOLDEN,22,22,0
2004,HOWARD,7,7,0
2004,HUBERT,6,6,0
2004,HUDSON,52,52,0
2004,HUGH,16,16,0
2004,HUGO,18,18,0
2004,HUMZA,17,17,0
2004,HISHAM,8,8,0
2004,HUSSAIN,8,8,0
2004,HASAN,16,16,0
2004,HARSHAAN,5,5,0
2004,HAMMAD,13,13,0
2004,HAMZA,61,61,0
2004,HAMZAH,14,14,0
2004,HAO,6,6,0
2004,HARI,5,5,0
2004,HARIS,10,10,0
2004,HARISH,8,8,0
2004,HARVEER,7,7,0
2004,HARJAP,7,7,0
2004,HARMAN,19,19,0
2004,HAROLD,8,8,0
2004,HAROON,14,14,0
2004,HARRIS,11,11,0
2004,HARRISON,57,57,0
2004,HARRY,14,14,0
2004,HARSH,12,12,0
2004,HARKIRAT,6,6,0
2004,JALEN,50,50,0
2004,HUSSEIN,11,11,0
2004,IAIN,15,15,0
2004,JACK,483,483,0
2004,JACKIE,5,5,0
2004,JACKSON,246,246,0
2004,JACKY,20,20,0
2004,JACOB,998,998,0
2004,JACQUES,5,5,0
2004,JAD,8,8,0
2004,JACE,17,17,0
2004,JADON,14,14,0
2004,JAHEIM,9,9,0
2004,JAI,9,9,0
2004,JAIDAN,6,6,0
2004,JAIDEEP,5,5,0
2004,JAKE,185,185,0
2004,JAKOB,90,90,0
2004,JAKUB,18,18,0
2004,JAGGER,7,7,0
2004,HUZAIFA,6,6,0
2004,IVAN,51,51,0
2004,ISSA,6,6,0
2004,IAN,153,153,0
2004,IBRAHEEM,8,8,0
2004,IBRAHIM,56,56,0
2004,ILYAS,14,14,0
2004,IMMANUEL,7,7,0
2004,IMRAN,18,18,0
2004,IOANNIS,7,7,0
2004,ISSAC,5,5,0
2004,ISAAC,207,207,0
2004,ISAIAH,142,142,0
2004,ISHAAN,18,18,0
2004,ISHAN,12,12,0
2004,ISHMAEL,5,5,0
2004,ISIAH,9,9,0
2004,ISMAIL,11,11,0
2004,ISRAEL,8,8,0
2004,ISAAK,12,12,0
2004,BILAL,25,25,0
2004,BILL,8,8,0
2004,BLAINE,9,9,0
2004,EMANUEL,8,8,0
2004,ELLIS,6,6,0
2004,ELLIOTT,16,16,0
2004,ELLIOT,21,21,0
2004,ELIJAH,159,159,0
2004,ELIAS,44,44,0
2004,ELI,33,33,0
2004,EMERSON,17,17,0
2004,EDWIN,17,17,0
2004,EDUARDO,6,6,0
2004,EDMOND,7,7,0
2004,EDISON,11,11,0
2004,EDDIE,8,8,0
2004,EASTON,19,19,0
2004,EAMON,6,6,0
2004,DWAYNE,7,7,0
2004,EDWARD,74,74,0
2004,DUY,7,7,0
2004,ÉMILE,5,5,0
2004,EMMANUEL,46,46,0
2004,EUGENE,9,9,0
2004,ÉTIENNE,6,6,0
2004,ETHEN,5,5,0
2004,ETHAN,1182,1182,0
2004,ESTEBAN,5,5,0
2004,ESHAN,9,9,0
2004,ESHAAN,7,7,0
2004,EMILIO,15,15,0
2004,ERNEST,7,7,0
2004,ERICK,11,11,0
2004,ÉRIC,6,6,0
2004,ERIC,288,288,0
2004,EPHRAIM,9,9,0
2004,EOIN,6,6,0
2004,ENZO,7,7,0
2004,EMMETT,26,26,0
2004,ERIK,62,62,0
2004,EVAN,560,560,0
2004,DUSTYN,5,5,0
2004,DUNCAN,39,39,0
2004,DIMITRIOS,13,13,0
2004,DIMITRI,8,8,0
2004,DILLON,35,35,0
2004,DILLAN,5,5,0
2004,DILAN,5,5,0
2004,DIEGO,70,70,0
2004,DHRUV,12,12,0
2004,DINO,5,5,0
2004,DEXTER,17,17,0
2004,DEVONTE,7,7,0
2004,DEVIN,92,92,0
2004,DEVEN,15,15,0
2004,DEVAN,24,24,0
2004,DEV,16,16,0
2004,DESMOND,15,15,0
2004,DESHAWN,10,10,0
2004,DEVRAJ,5,5,0
2004,DUSTIN,41,41,0
2004,DIOGO,12,12,0
2004,DOMENIC,25,25,0
2004,DRYDEN,10,10,0
2004,DRAYDEN,7,7,0
2004,DRAVEN,6,6,0
2004,DRAKE,34,34,0
2004,DOV,5,5,0
2004,DOUGLAS,29,29,0
2004,DORIAN,18,18,0
2004,DION,6,6,0
2004,DONTÉ,7,7,0
2004,DONATO,5,5,0
2004,DONALD,15,15,0
2004,DON,7,7,0
2004,DOMINIK,25,25,0
2004,DOMINICK,18,18,0
2004,DOMINIC,110,110,0
2004,DOMENICO,18,18,0
2004,DONOVAN,19,19,0
2004,DERRICK,16,16,0
2004,EVANGELOS,7,7,0
2004,EWAN,20,20,0
2004,GIANMARCO,5,5,0
2004,GIANLUCA,38,38,0
2004,GIANFRANCO,6,6,0
2004,GIANCARLO,12,12,0
2004,GIAN,7,7,0
2004,GIACOMO,7,7,0
2004,GERRIT,5,5,0
2004,GIANNI,7,7,0
2004,GERALD,6,6,0
2004,GEORGE,92,92,0
2004,GEOFFREY,14,14,0
2004,GAVYN,8,8,0
2004,GAVIN,222,222,0
2004,GAURAV,8,8,0
2004,GARY,18,18,0
2004,GARRETT,41,41,0
2004,GEORGIOS,7,7,0
2004,GARRET,7,7,0
2004,GIDEON,9,9,0
2004,GIULIANO,7,7,0
2004,GURNOOR,5,5,0
2004,GURJOT,5,5,0
2004,GRIFFIN,76,76,0
2004,GRIFFEN,8,8,0
2004,GREGORY,64,64,0
2004,GRAYSON,26,26,0
2004,GRAYDON,26,26,0
2004,GIOVANNI,29,29,0
2004,GRAYDEN,13,13,0
2004,GRAHAM,40,40,0
2004,GRAEME,17,17,0
2004,GRADY,12,12,0
2004,GORDON,24,24,0
2004,GLENN,5,5,0
2004,GLEN,7,7,0
2004,GIUSEPPE,17,17,0
2004,GRANT,40,40,0
2004,EVERETT,13,13,0
2004,GARNET,5,5,0
2004,GAGE,42,42,0
2004,FINLAY,6,6,0
2004,FILIP,17,17,0
2004,FERNANDO,13,13,0
2004,FÉLIX,25,25,0
2004,FELIX,33,33,0
2004,FELIPE,8,8,0
2004,FARIS,10,10,0
2004,FINLEY,5,5,0
2004,FARHAN,10,10,0
2004,FARDEEN,5,5,0
2004,FAIZ,7,7,0
2004,FAISAL,5,5,0
2004,FAHAD,5,5,0
2004,FABIAN,7,7,0
2004,EZRA,16,16,0
2004,EZEKIEL,14,14,0
2004,FARES,5,5,0
2004,GARETH,7,7,0
2004,FINN,26,26,0
2004,FIONN,6,6,0
2004,GABRIELE,6,6,0
2004,GABRIEL,286,286,0
2004,GABE,5,5,0
2004,FREDERICK,12,12,0
2004,FRÉDÉRIC,6,6,0
2004,FRED,5,5,0
2004,FRASER,11,11,0
2004,FINNEGAN,5,5,0
2004,FRANKIE,5,5,0
2004,FRANCO,12,12,0
2004,FRANCISCO,11,11,0
2004,FRANCIS,32,32,0
2004,FRANCESCO,42,42,0
2004,FOSTER,11,11,0
2004,FLETCHER,8,8,0
2004,FISHER,5,5,0
2004,FRANK,30,30,0
2004,JULIO,6,6,0
2004,DEREK,71,71,0
2004,DENZEL,8,8,0
2004,CAMPBELL,7,7,0
2004,CAMILO,8,8,0
2004,CAMDEN,24,24,0
2004,CALVIN,51,51,0
2004,CALUM,17,17,0
2004,CALLUM,66,66,0
2004,CALEN,5,5,0
2004,CARL,15,15,0
2004,CALEB,288,288,0
2004,CAIDEN,12,12,0
2004,CAEL,5,5,0
2004,CADEN,58,58,0
2004,CADE,7,7,0
2004,BYRON,6,6,0
2004,BRYSON,29,29,0
2004,BRYDEN,7,7,0
2004,CALE,5,5,0
2004,BRYCEN,11,11,0
2004,CARLO,7,7,0
2004,CARSON,145,145,0
2004,CIARAN,12,12,0
2004,CIAN,6,6,0
2004,CHRISTOS,6,6,0
2004,CHRISTOPHER,375,375,0
2004,CHRISTIAN,290,290,0
2004,CHRIS,29,29,0
2004,CHARLES,164,164,0
2004,CARLOS,37,37,0
2004,CHANDLER,7,7,0
2004,CHAIM,6,6,0
2004,CHAD,32,32,0
2004,CÉDRIC,8,8,0
2004,CEDRIC,7,7,0
2004,CAYDEN,38,38,0
2004,CARVER,6,6,0
2004,CARTER,310,310,0
2004,CHANCE,15,15,0
2004,CLARK,15,15,0
2004,BRYCE,63,63,0
2004,BRYAN,62,62,0
2004,BRANDEN,17,17,0
2004,BRANDAN,11,11,0
2004,BRAIDEN,16,16,0
2004,BRAEDYN,9,9,0
2004,BRAEDON,23,23,0
2004,BRAEDEN,70,70,0
2004,BRAEDAN,7,7,0
2004,BRANDON,338,338,0
2004,BRADYN,7,7,0
2004,BRADLY,5,5,0
2004,BRADLEY,98,98,0
2004,BRADEN,57,57,0
2004,BOWEN,6,6,0
2004,BORIS,6,6,0
2004,BLAKE,136,136,0
2004,BLAIR,11,11,0
2004,BRADY,106,106,0
2004,BRYANT,7,7,0
2004,BRAXTON,14,14,0
2004,BRAYDON,35,35,0
2004,BRUNO,10,10,0
2004,BRUCE,14,14,0
2004,BRONSON,11,11,0
2004,BRODY,104,104,0
2004,BRODIE,29,29,0
2004,BRODEN,7,7,0
2004,BROCK,56,56,0
2004,BRAYDEN,216,216,0
2004,BRICE,5,5,0
2004,BRETT,62,62,0
2004,BRENT,21,21,0
2004,BRENNEN,9,9,0
2004,BRENNAN,40,40,0
2004,BRENDON,14,14,0
2004,BRENDEN,21,21,0
2004,BRENDAN,97,97,0
2004,BRIAN,107,107,0
2004,DEON,6,6,0
2004,CLARKE,5,5,0
2004,CLAYTON,46,46,0
2004,DARNELL,7,7,0
2004,DARIUS,26,26,0
2004,DARIO,10,10,0
2004,DARIN,5,5,0
2004,DARIEN,7,7,0
2004,DARIAN,16,16,0
2004,DARCY,16,16,0
2004,DARREN,50,50,0
2004,DANYAL,7,7,0
2004,DANTE,79,79,0
2004,DANNY,35,35,0
2004,DANIYAL,6,6,0
2004,DANISH,9,9,0
2004,DANIELE,7,7,0
2004,DANIEL,821,821,0
2004,DANIAL,12,12,0
2004,DANTÉ,8,8,0
2004,DANE,14,14,0
2004,DARRIUS,5,5,0
2004,DARWIN,6,6,0
2004,DENVER,14,14,0
2004,DENNIS,39,39,0
2004,DENIZ,5,5,0
2004,DENIS,20,20,0
2004,DEMETRI,5,5,0
2004,DECLAN,64,64,0
2004,DEAN,31,31,0
2004,DARRYL,6,6,0
2004,DEACON,10,10,0
2004,DAXTON,6,6,0
2004,DAX,7,7,0
2004,DAWSON,80,80,0
2004,DAVIS,22,22,0
2004,DAVIN,12,12,0
2004,DAVID,435,435,0
2004,DAVE,5,5,0
2004,DAYTON,8,8,0
2004,CLAUDIO,8,8,0
2004,D'ANDRE,10,10,0
2004,DAMON,25,25,0
2004,CONNOR,514,514,0
2004,CONNER,51,51,0
2004,COLTON,70,70,0
2004,COLTEN,8,8,0
2004,COLT,6,6,0
2004,COLSON,7,7,0
2004,COLLIN,31,31,0
2004,CONOR,31,31,0
2004,COLIN,168,168,0
2004,COLBY,81,81,0
2004,COHEN,24,24,0
2004,COEN,9,9,0
2004,CODY,130,130,0
2004,COBY,7,7,0
2004,CLINTON,5,5,0
2004,CLIFFORD,6,6,0
2004,COLE,306,306,0
2004,DAN,7,7,0
2004,CONRAD,8,8,0
2004,CORBIN,21,21,0
2004,DAMION,10,10,0
2004,DAMIEN,51,51,0
2004,DAMIANO,11,11,0
2004,DAMIAN,52,52,0
2004,DALTON,26,26,0
2004,DALE,5,5,0
2004,DAKODA,8,8,0
2004,COOPER,87,87,0
2004,CYRUS,18,18,0
2004,CRUZ,6,6,0
2004,CRISTIANO,6,6,0
2004,CRISTIAN,33,33,0
2004,CRAIG,15,15,0
2004,CORY,24,24,0
2004,CORSON,5,5,0
2004,COREY,28,28,0
2004,CURTIS,81,81,0
2004,JULIUS,10,10,0
2004,JOSEPH,485,485,0
2004,JUNAID,5,5,0
2004,SHAAN,11,11,0
2004,SHAH,7,7,0
2004,SHAHEER,9,9,0
2004,SHAMAR,8,8,0
2004,SHAN,6,6,0
2004,SHANE,70,70,0
2004,SHAUN,20,20,0
2004,SEYON,6,6,0
2004,SHAWN,83,83,0
2004,SHAYAN,10,10,0
2004,SHAYNE,14,14,0
2004,SHELDON,27,27,0
2004,SHEMAR,5,5,0
2004,SHIV,12,12,0
2004,SHIVAM,8,8,0
2004,SHIVEN,6,6,0
2004,SHAYAAN,8,8,0
2004,SHREY,9,9,0
2004,SETH,161,161,0
2004,SÉBASTIEN,24,24,0
2004,SAMIR,23,23,0
2004,SAMMY,5,5,0
2004,SAMSON,8,8,0
2004,SAMUEL,496,496,0
2004,SANJAY,8,8,0
2004,SANJOT,6,6,0
2004,SANTIAGO,16,16,0
2004,SERGIO,12,12,0
2004,SANTINO,7,7,0
2004,SAWYER,23,23,0
2004,SAYED,7,7,0
2004,SCOTT,81,81,0
2004,SEAMUS,17,17,0
2004,SEAN,160,160,0
2004,SEBASTIAN,198,198,0
2004,SEBASTIEN,26,26,0
2004,SAUL,7,7,0
2004,SAMI,28,28,0
2004,SHUAYB,5,5,0
2004,SILAS,22,22,0
2004,SULAIMAN,5,5,0
2004,SULEMAN,5,5,0
2004,SULLIVAN,7,7,0
2004,SUNNY,9,9,0
2004,SYED,66,66,0
2004,SYLAS,5,5,0
2004,TAHA,24,24,0
2004,SUKHRAJ,6,6,0
2004,TAI,9,9,0
2004,TALAL,7,7,0
2004,TALHA,17,17,0
2004,TALON,12,12,0
2004,TANNER,102,102,0
2004,TANVIR,5,5,0
2004,TARAN,7,7,0
2004,TAREK,5,5,0
2004,TAL,7,7,0
2004,SIDDHARTH,7,7,0
2004,SUHAIL,5,5,0
2004,STUART,13,13,0
2004,SIMEON,10,10,0
2004,SIMON,154,154,0
2004,SKY,7,7,0
2004,SOHAIL,6,6,0
2004,SOLOMON,16,16,0
2004,SPENCER,158,158,0
2004,STANLEY,7,7,0
2004,SUBHAN,11,11,0
2004,STEFAN,43,43,0
2004,STEPHAN,13,13,0
2004,STEPHEN,75,75,0
2004,STEPHON,5,5,0
2004,STERLING,10,10,0
2004,STEVE,9,9,0
2004,STEVEN,114,114,0
2004,STEWART,5,5,0
2004,STEFANO,20,20,0
2004,TARIK,5,5,0
2004,SAMER,7,7,0
2004,SAMATAR,5,5,0
2004,RAYMOND,50,50,0
2004,RAYYAN,18,18,0
2004,REED,11,11,0
2004,REGINALD,5,5,0
2004,REID,37,37,0
2004,REMY,7,7,0
2004,REUBEN,20,20,0
2004,RAYDEN,8,8,0
2004,RHYS,31,31,0
2004,RICARDO,17,17,0
2004,RICHARD,111,111,0
2004,RICK,9,9,0
2004,RICKY,18,18,0
2004,RIELLY,5,5,0
2004,RISHI,6,6,0
2004,ROAN,10,10,0
2004,RIAN,8,8,0
2004,ROBERT,249,249,0
2004,RAYAN,23,23,0
2004,RASHAD,5,5,0
2004,RAFAEL,17,17,0
2004,RAFFAELE,5,5,0
2004,RAHIM,8,8,0
2004,RAHUL,20,20,0
2004,RAIDEN,8,8,0
2004,RAIN,5,5,0
2004,RAINE,10,10,0
2004,RAY,11,11,0
2004,RAIYAN,5,5,0
2004,RAJVIR,6,6,0
2004,RALPH,5,5,0
2004,JUN,9,9,0
2004,RANDALL,8,8,0
2004,RANDY,23,23,0
2004,RANVEER,5,5,0
2004,RAPHAEL,19,19,0
2004,RAJVEER,5,5,0
2004,SAMEER,23,23,0
2004,ROBERTO,16,16,0
2004,RODRIGO,6,6,0
2004,RYEN,5,5,0
2004,RYKER,10,10,0
2004,RYLAN,28,28,0
2004,RYLAND,13,13,0
2004,SAAD,28,28,0
2004,SACHA,7,7,0
2004,SACHIN,10,10,0
2004,RYDER,42,42,0
2004,SAFWAN,5,5,0
2004,SAHIL,37,37,0
2004,SAIF,13,13,0
2004,SALAH,5,5,0
2004,SALIM,7,7,0
2004,SALMAN,9,9,0
2004,SALVATORE,23,23,0
2004,SAM,39,39,0
2004,SAHIB,14,14,0
2004,ROCCO,19,19,0
2004,RUSSELL,33,33,0
2004,RUBEN,11,11,0
2004,ROGER,9,9,0
2004,ROHAN,35,35,0
2004,ROHIT,7,7,0
2004,ROLAND,7,7,0
2004,ROMAN,39,39,0
2004,ROMEO,6,6,0
2004,RON,7,7,0
2004,RUDY,6,6,0
2004,RONAK,5,5,0
2004,RONAN,40,40,0
2004,RONIN,12,12,0
2004,ROSARIO,5,5,0
2004,ROSHAN,7,7,0
2004,ROSS,16,16,0
2004,ROWEN,6,6,0
2004,ROY,13,13,0
2004,RONALD,28,28,0
2004,QUINTON,35,35,0
2004,TARIQ,14,14,0
2004,TAVIS,5,5,0
2004,YOUSEF,19,19,0
2004,YOUSIF,8,8,0
2004,YOUSSEF,8,8,0
2004,YOUSUF,11,11,0
2004,YUNUS,5,5,0
2004,YUSEF,5,5,0
2004,YUSUF,34,34,0
2004,YONIS,7,7,0
2004,YUVRAJ,10,10,0
2004,ZACHARIE,11,11,0
2004,ZACHARY,431,431,0
2004,ZACHERY,28,28,0
2004,ZACK,9,9,0
2004,ZACKARY,54,54,0
2004,ZACKERY,22,22,0
2004,ZAID,19,19,0
2004,ZACHARIAH,11,11,0
2004,ZAIN,37,37,0
2004,YONATAN,6,6,0
2004,YAZAN,5,5,0
2004,WILLY,9,9,0
2004,WILSON,12,12,0
2004,WINSTON,19,19,0
2004,WYATT,114,114,0
2004,WYLIE,5,5,0
2004,XANDER,35,35,0
2004,XAVIER,114,114,0
2004,YI,5,5,0
2004,YAAKOV,7,7,0
2004,YANICK,5,5,0
2004,YANNI,5,5,0
2004,YANNICK,5,5,0
2004,YASEEN,11,11,0
2004,YASH,18,18,0
2004,YASIR,6,6,0
2004,YASSIN,5,5,0
2004,YAHYA,14,14,0
2004,WILLIAM,638,638,0
2004,ZAKARIA,14,14,0
2004,ZAKARY,12,12,0
2004,ABIGAEL,7,0,7
2004,ABIGAIL,488,0,488
2004,ABIGALE,13,0,13
2004,ABIGAYLE,22,0,22
2004,ABINAYA,7,0,7
2004,ABISHA,8,0,8
2004,ABYGAIL,9,0,9
2004,ABBYGAIL,19,0,19
2004,ADA,11,0,11
2004,ADELAIDE,12,0,12
2004,ADELE,15,0,15
2004,ADELINE,9,0,9
2004,ADIA,6,0,6
2004,ADINA,6,0,6
2004,ADITI,11,0,11
2004,ADRIANA,58,0,58
2004,ADDISON,24,9,15
2004,ZAKARIYA,14,14,0
2004,ABBY,98,0,98
2004,ABBIGAIL,17,0,17
2004,ZAKI,5,5,0
2004,ZAKKARY,8,8,0
2004,ZANDER,38,38,0
2004,ZANE,14,14,0
2004,ZAVIER,7,7,0
2004,ZAYAN,5,5,0
2004,ZAYD,6,6,0
2004,ABBIGAYLE,7,0,7
2004,ZEESHAN,5,5,0
2004,ZOHAIB,6,6,0
2004,ZUHAIR,5,5,0
2004,GURVEER,6,6,0
2004,AALIYAH,74,0,74
2004,ABAGAIL,9,0,9
2004,ABBEY,58,0,58
2004,ABBIE,16,0,16
2004,ZIYAD,5,5,0
2004,TATE,17,17,0
2004,WILLEM,8,8,0
2004,WILHELM,6,6,0
2004,TOBY,9,9,0
2004,TODD,17,17,0
2004,TOM,6,6,0
2004,TOMAS,21,21,0
2004,TOMASZ,7,7,0
2004,TOMMY,24,24,0
2004,TONY,18,18,0
2004,TOBIN,6,6,0
2004,TRAVIS,95,95,0
2004,TRENTON,24,24,0
2004,TREVON,5,5,0
2004,TREVOR,67,67,0
2004,TREY,16,16,0
2004,TRISTIN,6,6,0
2004,TRISTON,6,6,0
2004,TROY,46,46,0
2004,TRENT,51,51,0
2004,TRYSTAN,8,8,0
2004,TOBIAS,22,22,0
2004,TIMOTHY,95,95,0
2004,TAVON,5,5,0
2004,TAYSHAUN,6,6,0
2004,TAYSHAWN,5,5,0
2004,TED,6,6,0
2004,TENZIN,7,7,0
2004,TERRANCE,6,6,0
2004,TERRELL,11,11,0
2004,TITUS,6,6,0
2004,TERRENCE,13,13,0
2004,THANUSH,6,6,0
2004,THEO,12,12,0
2004,THEODORE,35,35,0
2004,THERON,7,7,0
2004,THOMAS,415,415,0
2004,TIAGO,20,20,0
2004,TIM,7,7,0
2004,TERRY,13,13,0
2004,WILL,19,19,0
2004,TUCKER,26,26,0
2004,TY,110,110,0
2004,VINCENZO,18,18,0
2004,VISHAL,6,6,0
2004,VITO,5,5,0
2004,VIVEK,5,5,0
2004,VLADIMIR,5,5,0
2004,VRAJ,6,6,0
2004,WADE,14,14,0
2004,VINCENT,104,104,0
2004,WALEED,14,14,0
2004,WALLACE,7,7,0
2004,WALTER,10,10,0
2004,WARREN,15,15,0
2004,WAYNE,5,5,0
2004,WENDELL,5,5,0
2004,WESLEY,84,84,0
2004,WESTLEY,5,5,0
2004,WALKER,8,8,0
2004,TURNER,7,7,0
2004,VINCE,12,12,0
2004,VIKRAM,7,7,0
2004,TYE,26,26,0
2004,TYLER,628,628,0
2004,TYLOR,5,5,0
2004,TYRELL,17,17,0
2004,TYRESE,13,13,0
2004,TYRONE,9,9,0
2004,TYSON,138,138,0
2004,VIKTOR,5,5,0
2004,UDAY,6,6,0
2004,UMAR,17,17,0
2004,USMAN,5,5,0
2004,UZAIR,9,9,0
2004,VARUN,8,8,0
2004,VASILIOS,6,6,0
2004,VAUGHN,9,9,0
2004,VICTOR,78,78,0
2004,UMAIR,6,6,0
2004,QUINTIN,32,32,0
2004,RAMI,10,10,0
2004,QUINLAN,9,9,0
2004,LEANDRO,8,8,0
2004,LEE,10,10,0
2004,LEIF,6,6,0
2004,LEIGHTON,6,6,0
2004,LENNON,7,7,0
2004,LEO,59,59,0
2004,LEON,16,16,0
2004,LE,5,5,0
2004,LEONARD,11,11,0
2004,LESTER,7,7,0
2004,LEV,5,5,0
2004,LEVI,45,45,0
2004,LIAM,631,631,0
2004,LIBAN,10,10,0
2004,LINCOLN,11,11,0
2004,LOCHLAN,5,5,0
2004,LEONARDO,22,22,0
2004,LORENZO,22,22,0
2004,LAZAR,5,5,0
2004,LAWSON,8,8,0
2004,KURTIS,30,30,0
2004,KUSH,9,9,0
2004,KYAN,9,9,0
2004,KYE,8,8,0
2004,KYLAN,6,6,0
2004,KYLE,391,391,0
2004,KYLER,23,23,0
2004,LAYNE,8,8,0
2004,LACHLAN,13,13,0
2004,LANCE,12,12,0
2004,LANDEN,24,24,0
2004,LANDON,81,81,0
2004,LANDYN,6,6,0
2004,LANE,7,7,0
2004,LARRY,8,8,0
2004,LAWRENCE,14,14,0
2004,LAMAR,5,5,0
2004,KURT,11,11,0
2004,LOUIS,27,27,0
2004,LUCA,164,164,0
2004,MALACHI,51,51,0
2004,MALAKAI,6,6,0
2004,MALAKI,6,6,0
2004,MALCOLM,58,58,0
2004,QUINTEN,12,12,0
2004,MALEK,9,9,0
2004,MALIK,32,32,0
2004,MAKSIM,5,5,0
2004,MANAV,6,6,0
2004,MANMEET,5,5,0
2004,MANRAJ,10,10,0
2004,MANUEL,12,12,0
2004,MANVEER,10,10,0
2004,MARC,46,46,0
2004,MARC-ANDRÉ,5,5,0
2004,MARCEL,12,12,0
2004,MANJOT,5,5,0
2004,LUC,20,20,0
2004,MAHMOUD,14,14,0
2004,MAHDI,14,14,0
2004,LUCAS,530,530,0
2004,LUCIAN,6,6,0
2004,LUCIANO,8,8,0
2004,LUIGI,12,12,0
2004,LUIS,29,29,0
2004,LUKA,54,54,0
2004,LUKAS,71,71,0
2004,MAHER,5,5,0
2004,LUKASZ,5,5,0
2004,LUQMAN,7,7,0
2004,LYLE,6,6,0
2004,MAAZ,9,9,0
2004,MADDOX,21,21,0
2004,MAGNUS,6,6,0
2004,MAGUIRE,6,6,0
2004,MAHAD,17,17,0
2004,LUKE,265,265,0
2004,MARCELLO,7,7,0
2004,KRISTOPHER,17,17,0
2004,KRISTIAN,22,22,0
2004,KAMRAN,9,9,0
2004,KANE,7,7,0
2004,KARAN,19,19,0
2004,KARANDEEP,5,5,0
2004,KARANVEER,7,7,0
2004,KAREEM,18,18,0
2004,KARIM,10,10,0
2004,KAMIL,5,5,0
2004,KARL,9,9,0
2004,KARSTEN,8,8,0
2004,KARTER,15,15,0
2004,KARTIK,5,5,0
2004,KASEY,5,5,0
2004,KEAGAN,24,24,0
2004,KEANU,5,5,0
2004,KEATON,22,22,0
2004,KARSON,10,10,0
2004,KEEAN,8,8,0
2004,KAMERON,14,14,0
2004,KALVIN,7,7,0
2004,JUSTIN,491,491,0
2004,JUSTUS,6,6,0
2004,JUSTYN,5,5,0
2004,KABIR,7,7,0
2004,KACPER,6,6,0
2004,KADE,8,8,0
2004,KADEN,77,77,0
2004,KAMAL,7,7,0
2004,KADIN,11,11,0
2004,KAEL,7,7,0
2004,KAELAN,7,7,0
2004,KAI,60,60,0
2004,KAIN,6,6,0
2004,KALAN,29,29,0
2004,KALEB,86,86,0
2004,KALEN,19,19,0
2004,KAEDEN,9,9,0
2004,KRISTOFER,8,8,0
2004,KEEGAN,110,110,0
2004,KEENAN,38,38,0
2004,KINGSLEY,5,5,0
2004,KISHAN,5,5,0
2004,KOBE,15,15,0
2004,KOBY,8,8,0
2004,KODA,8,8,0
2004,KODY,15,15,0
2004,KOEN,12,12,0
2004,KIERAN,81,81,0
2004,KOHEN,7,7,0
2004,KOLE,14,14,0
2004,KOLTON,7,7,0
2004,KONNER,5,5,0
2004,KONRAD,11,11,0
2004,KONSTANTINOS,12,12,0
2004,KRISH,21,21,0
2004,KRISHAN,7,7,0
2004,KOLBY,14,14,0
2004,KEELAN,5,5,0
2004,KIEFER,8,8,0
2004,KHANG,5,5,0
2004,KEIRAN,12,12,0
2004,KEITH,26,26,0
2004,KELTON,9,9,0
2004,KELVIN,18,18,0
2004,KEN,5,5,0
2004,KENAN,8,8,0
2004,KENNETH,51,51,0
2004,KIAN,22,22,0
2004,KENNY,13,13,0
2004,KEON,17,17,0
2004,KEVIN,275,275,0
2004,KEYON,7,7,0
2004,KHAI,5,5,0
2004,KHALED,6,6,0
2004,KHALID,13,13,0
2004,KHALIL,11,11,0
2004,KENT,10,10,0
2004,MARCELO,6,6,0
2004,MALEEK,5,5,0
2004,MARCOS,9,9,0
2004,NICOLAS,169,169,0
2004,NIGEL,31,31,0
2004,NIKHIL,12,12,0
2004,NIKO,6,6,0
2004,NIKOLA,30,30,0
2004,NIKOLAI,7,7,0
2004,NIKOLAS,42,42,0
2004,NOAH,646,646,0
2004,NOAM,8,8,0
2004,NOEL,10,10,0
2004,NOLAN,285,285,0
2004,NORMAN,10,10,0
2004,OLIVER,102,102,0
2004,OLIVIER,26,26,0
2004,OM,13,13,0
2004,NICO,8,8,0
2004,NICKOLAS,43,43,0
2004,NICK,9,9,0
2004,NICHOLAS,779,779,0
2004,NASH,12,12,0
2004,NATE,9,9,0
2004,NATHAN,778,778,0
2004,NATHANAEL,21,21,0
2004,NATHANIAL,14,14,0
2004,NATHANIEL,226,226,0
2004,NATHEN,6,6,0
2004,OMAR,90,90,0
2004,NAVID,5,5,0
2004,NEEL,9,9,0
2004,NEIL,26,26,0
2004,MARCO,87,87,0
2004,NEO,5,5,0
2004,NEVAN,9,9,0
2004,NEVEN,5,5,0
2004,NEVIN,12,12,0
2004,NAVIN,6,6,0
2004,OMER,14,14,0
2004,OMID,6,6,0
2004,ORION,10,10,0
2004,PETER,155,155,0
2004,PHILIP,71,71,0
2004,PHILIPPE,16,16,0
2004,PHILLIP,23,23,0
2004,PHILOPATEER,5,5,0
2004,PIERCE,11,11,0
2004,PIERRE,11,11,0
2004,PETAR,5,5,0
2004,PIERSON,5,5,0
2004,PRABHJOT,10,10,0
2004,PRANAV,10,10,0
2004,PRESTON,38,38,0
2004,PRINCE,6,6,0
2004,QASIM,7,7,0
2004,QUENTIN,24,24,0
2004,QUINCY,11,11,0
2004,PORTER,5,5,0
2004,NABIL,9,9,0
2004,PERRY,6,6,0
2004,PAXTON,6,6,0
2004,ORLANDO,6,6,0
2004,OSCAR,47,47,0
2004,OSKAR,10,10,0
2004,OSMAN,7,7,0
2004,OWAIS,8,8,0
2004,OWEN,805,805,0
2004,OWYN,6,6,0
2004,PEDRO,10,10,0
2004,PABLO,8,8,0
2004,PAOLO,17,17,0
2004,PARTH,9,9,0
2004,PASCAL,9,9,0
2004,PATRICK,195,195,0
2004,PAUL,87,87,0
2004,PAULO,6,6,0
2004,PAWEL,6,6,0
2004,PANAGIOTIS,5,5,0
2004,NABEEL,8,8,0
2004,NELSON,13,13,0
2004,MUSTAFA,30,30,0
2004,MATHIEU,49,49,0
2004,MATHIS,7,7,0
2004,MATHUSHAN,5,5,0
2004,MATIAS,13,13,0
2004,MYLES,51,51,0
2004,MATTEO,134,134,0
2004,MATTHEW,1158,1158,0
2004,MATHIAS,11,11,0
2004,MATTHIAS,15,15,0
2004,MATTIAS,13,13,0
2004,MAVERICK,7,7,0
2004,MAX,106,106,0
2004,MAXIM,26,26,0
2004,MAXIME,33,33,0
2004,MAXIMILIAN,31,31,0
2004,MAXIMILIANO,7,7,0
2004,MATTHIEU,7,7,0
2004,MAXIMILLIAN,11,11,0
2004,MATHEW,74,74,0
2004,MATEO,54,54,0
2004,MARCUS,186,186,0
2004,MAREK,8,8,0
2004,MARIO,20,20,0
2004,MARK,135,135,0
2004,MARKO,45,45,0
2004,MARKUS,30,30,0
2004,MARLON,5,5,0
2004,MATEUSZ,6,6,0
2004,MARQUES,8,8,0
2004,MARTIN,71,71,0
2004,MARVIN,16,16,0
2004,MARWAN,5,5,0
2004,MASON,220,220,0
2004,MASSIMO,36,36,0
2004,MATEEN,5,5,0
2004,MATEJ,5,5,0
2004,MARSHALL,45,45,0
2004,MAXIMUS,26,26,0
2004,MATT,10,10,0
2004,MAZIN,5,5,0
2004,MIR,5,5,0
2004,MIRZA,5,5,0
2004,MITCHEL,13,13,0
2004,MITCHELL,135,135,0
2004,MOHAMAD,29,29,0
2004,MOHAMED,58,58,0
2004,MOHAMMAD,93,93,0
2004,MINH,5,5,0
2004,MOHAMMED,66,66,0
2004,MONTANA,5,5,0
2004,MOSES,5,5,0
2004,MAXWELL,95,95,0
2004,MUHAMMAD,98,98,0
2004,MUHAMMED,20,20,0
2004,MUJTABA,5,5,0
2004,MUSA,9,9,0
2004,MOHIT,6,6,0
2004,MILTON,5,5,0
2004,MOSHE,8,8,0
2004,MILES,24,24,0
2004,MILO,6,6,0
2004,MEKHI,20,20,0
2004,MELVIN,9,9,0
2004,MENACHEM,6,6,0
2004,MERRICK,5,5,0
2004,MICHAEL,766,766,0
2004,MICHAL,9,9,0
2004,MICHEAL,20,20,0
2004,MEMPHIS,6,6,0
2004,MIGUEL,54,54,0
2004,MIHIR,6,6,0
2004,MIKAEL,6,6,0
2004,MIKAËL,6,6,0
2004,MIKAIL,5,5,0
2004,MIKE,6,6,0
2004,MICHEL,7,7,0
2004,MILAN,11,11,0
2005,AKSHAYA,6,0,6
2005,AISLINN,11,0,11
2005,AISHA,49,0,49
2005,AINSLEY,41,0,41
2005,AIMEE,25,0,25
2005,ADRIENNE,16,0,16
2005,AIDA,7,0,7
2005,ADRIANNA,42,0,42
2005,ADRIANA,51,0,51
2005,ADRIA,12,0,12
2005,ALAINA,17,0,17
2005,AILEEN,7,0,7
2005,ALANA,41,0,41
2005,ALEKSANDRA,15,0,15
2005,ALANNAH,11,0,11
2005,ALAYNA,11,0,11
2005,ALEAH,12,0,12
2005,ALEENA,24,0,24
2005,ALEESHA,8,0,8
2005,ALEEZA,13,0,13
2005,ALEJANDRA,13,0,13
2005,ALENA,11,0,11
2005,ALESSANDRA,31,0,31
2005,ALESSIA,69,0,69
2005,ALEX,171,164,7
2005,ALEXA,130,0,130
2005,ADITI,12,0,12
2005,ALANNA,26,0,26
2005,ADINA,7,0,7
2005,ALEXANDRA,292,0,292
2005,ADELLE,6,0,6
2005,AALIYA,7,0,7
2005,AALIYAH,92,0,92
2005,AAMINAH,6,0,6
2005,AASTHA,6,0,6
2005,ABAGAIL,11,0,11
2005,ABBEY,47,0,47
2005,ABBIE,10,0,10
2005,ABBIGAIL,36,0,36
2005,ABBIGALE,10,0,10
2005,ABBIGAYLE,7,0,7
2005,ABBY,122,0,122
2005,ABBYGAIL,17,0,17
2005,ABEER,10,0,10
2005,ABIA,6,0,6
2005,ABIGAEL,10,0,10
2005,ABIGAIL,505,0,505
2005,ABIGALE,19,0,19
2005,ABIGAYLE,31,0,31
2005,ABINAYA,7,0,7
2005,ABISHA,6,0,6
2005,ADA,17,0,17
2005,ADDISON,39,14,25
2005,ADEENA,6,0,6
2005,ADELAIDE,22,0,22
2005,ADELE,10,0,10
2005,ADELINA,8,0,8
2005,ADELINE,8,0,8
2005,ADIA,8,0,8
2005,ALEXANDREA,9,0,9
2005,SABRINA,128,0,128
2005,ALEXCIA,6,0,6
2005,EZEKIEL,13,13,0
2005,EZRA,25,25,0
2005,FABIAN,15,15,0
2005,FAHAD,12,12,0
2005,FAISAL,6,6,0
2005,FAIZ,7,7,0
2005,FAIZAN,5,5,0
2005,FARAZ,6,6,0
2005,FARHAN,11,11,0
2005,FARIS,19,19,0
2005,FELIPE,6,6,0
2005,FELIX,27,27,0
2005,FÉLIX,24,24,0
2005,FERGUS,7,7,0
2005,FERNANDO,10,10,0
2005,EWEN,7,7,0
2005,EWAN,34,34,0
2005,EVERETT,21,21,0
2005,EVAN,554,554,0
2005,ENZO,9,9,0
2005,EPHRAIM,10,10,0
2005,EREN,5,5,0
2005,ERIC,292,292,0
2005,ERICK,9,9,0
2005,ERIK,56,56,0
2005,ERNEST,5,5,0
2005,FILIP,21,21,0
2005,ERVIN,5,5,0
2005,ESHAN,6,6,0
2005,ETHAN,1098,1098,0
2005,ETHEN,10,10,0
2005,ETHYN,7,7,0
2005,ÉTIENNE,8,8,0
2005,EUAN,7,7,0
2005,EUGENE,6,6,0
2005,ESHAAN,5,5,0
2005,FINDLEY,5,5,0
2005,FINLAY,10,10,0
2005,FINLEY,16,16,0
2005,GARRETT,49,49,0
2005,GARV,6,6,0
2005,GARY,16,16,0
2005,GAVIN,221,221,0
2005,GAVYN,5,5,0
2005,GEOFFREY,15,15,0
2005,GEORGE,103,103,0
2005,GARETH,6,6,0
2005,GEORGES,5,5,0
2005,GERRIT,6,6,0
2005,GIACOMO,7,7,0
2005,GIANCARLO,14,14,0
2005,GIANLUCA,38,38,0
2005,GIANMARCO,5,5,0
2005,GIANNI,14,14,0
2005,GIANPAOLO,6,6,0
2005,GERALD,7,7,0
2005,ENRIQUE,8,8,0
2005,GAIGE,6,6,0
2005,GABRIELE,8,8,0
2005,FINN,28,28,0
2005,FINNEGAN,10,10,0
2005,FINTAN,5,5,0
2005,FIONN,6,6,0
2005,FLETCHER,8,8,0
2005,FRANCESCO,50,50,0
2005,FRANCIS,20,20,0
2005,GAGE,38,38,0
2005,FRANCISCO,5,5,0
2005,FRANKLIN,6,6,0
2005,FRASER,9,9,0
2005,FREDDY,5,5,0
2005,FREDERICK,20,20,0
2005,FREDRICK,6,6,0
2005,GABE,7,7,0
2005,GABRIEL,314,314,0
2005,FRANK,29,29,0
2005,ENOCH,7,7,0
2005,EMMETT,42,42,0
2005,EMMANUEL,56,56,0
2005,DERRICK,8,8,0
2005,DESHAWN,6,6,0
2005,DESMOND,17,17,0
2005,DEV,22,22,0
2005,DEVAN,16,16,0
2005,DEVEN,12,12,0
2005,DEVIN,86,86,0
2005,DEREK,55,55,0
2005,DEVLIN,12,12,0
2005,DHRUV,20,20,0
2005,DIEGO,66,66,0
2005,DILJOT,5,5,0
2005,DILLON,28,28,0
2005,DILRAJ,6,6,0
2005,DIMITRI,17,17,0
2005,DIMITRIOS,8,8,0
2005,DEXTER,7,7,0
2005,DIOGO,5,5,0
2005,DENZEL,13,13,0
2005,DENNIS,30,30,0
2005,DAUNTE,5,5,0
2005,DAVE,9,9,0
2005,DAVID,439,439,0
2005,DAVIN,15,15,0
2005,DAVIS,16,16,0
2005,DAWOOD,6,6,0
2005,DAWSON,75,75,0
2005,DENVER,20,20,0
2005,DAYLEN,6,6,0
2005,DEACON,15,15,0
2005,DEAN,29,29,0
2005,DECLAN,89,89,0
2005,DEEGAN,6,6,0
2005,DEKLAN,8,8,0
2005,DEMETRIOS,5,5,0
2005,DENIS,16,16,0
2005,DAYTON,14,14,0
2005,GIBSON,5,5,0
2005,DOMENIC,31,31,0
2005,DOMINIC,125,125,0
2005,EDISON,15,15,0
2005,EDMOND,8,8,0
2005,EDMUND,7,7,0
2005,EDUARDO,6,6,0
2005,EDWARD,77,77,0
2005,EDWIN,18,18,0
2005,ELDON,6,6,0
2005,EDGAR,5,5,0
2005,ELI,26,26,0
2005,ELIJAH,173,173,0
2005,ELLIOT,38,38,0
2005,ELLIOTT,29,29,0
2005,ELVIS,8,8,0
2005,EMANUEL,16,16,0
2005,EMIL,7,7,0
2005,EMILIO,15,15,0
2005,ELIAS,47,47,0
2005,DOMENICO,15,15,0
2005,EDDIE,8,8,0
2005,EASTON,19,19,0
2005,DOMINICK,27,27,0
2005,DOMINIK,24,24,0
2005,DONALD,12,12,0
2005,DONOVAN,21,21,0
2005,DONTE,5,5,0
2005,DORIAN,12,12,0
2005,DOUGLAS,17,17,0
2005,EDAN,6,6,0
2005,DRAKE,35,35,0
2005,DRAYDEN,10,10,0
2005,DRYDEN,6,6,0
2005,DUNCAN,39,39,0
2005,DUSTIN,41,41,0
2005,DWAYNE,5,5,0
2005,EAMON,6,6,0
2005,EAMONN,5,5,0
2005,DRAVEN,8,8,0
2005,GIDEON,11,11,0
2005,GIORDANO,6,6,0
2005,GIORGIO,8,8,0
2005,JAEDON,5,5,0
2005,JAGGER,7,7,0
2005,JAHEIM,5,5,0
2005,JAI,11,11,0
2005,JAKE,168,168,0
2005,JAKOB,87,87,0
2005,JAKUB,18,18,0
2005,JAEDEN,8,8,0
2005,JALEN,59,59,0
2005,JAMES,471,471,0
2005,JAMESON,7,7,0
2005,JAMIESON,6,6,0
2005,JAMIL,7,7,0
2005,JAN,12,12,0
2005,JARED,74,74,0
2005,JAROD,5,5,0
2005,JAMAL,20,20,0
2005,JASDEEP,9,9,0
2005,JADON,16,16,0
2005,JACQUES,8,8,0
2005,ISHAN,23,23,0
2005,ISIAH,8,8,0
2005,ISMAEL,6,6,0
2005,ISMAIL,10,10,0
2005,ISSA,6,6,0
2005,ISSAC,14,14,0
2005,IVAN,44,44,0
2005,JAD,11,11,0
2005,IZAAN,5,5,0
2005,IZAK,6,6,0
2005,IZAYAH,5,5,0
2005,JACE,17,17,0
2005,JACK,571,571,0
2005,JACKSON,219,219,0
2005,JACKY,11,11,0
2005,JACOB,940,940,0
2005,IZAIAH,5,5,0
2005,ISHAAN,15,15,0
2005,JASE,13,13,0
2005,JASKARAN,23,23,0
2005,JED,8,8,0
2005,JEEVAN,11,11,0
2005,JEFF,12,12,0
2005,JEFFERY,19,19,0
2005,JEFFREY,81,81,0
2005,JELANI,5,5,0
2005,JENSEN,6,6,0
2005,JEAN-LUC,5,5,0
2005,JEREMIAH,41,41,0
2005,JEREMY,110,110,0
2005,JÉRÉMY,5,5,0
2005,JERICHO,8,8,0
2005,JERMAINE,8,8,0
2005,JEROME,20,20,0
2005,JERRY,14,14,0
2005,JESSE,204,204,0
2005,JÉRÉMIE,13,13,0
2005,JASHAN,7,7,0
2005,JEAN,12,12,0
2005,JAYLEN,32,32,0
2005,JASKIRAT,5,5,0
2005,JASON,198,198,0
2005,JASPER,25,25,0
2005,JASPREET,6,6,0
2005,JASRAJ,5,5,0
2005,JAVIER,8,8,0
2005,JAVON,8,8,0
2005,JAYSON,18,18,0
2005,JAWAD,6,6,0
2005,JAXEN,6,6,0
2005,JAXON,46,46,0
2005,JAXSON,14,14,0
2005,JAY,20,20,0
2005,JAYCE,9,9,0
2005,JAYDIN,5,5,0
2005,JAYDON,14,14,0
2005,JAX,13,13,0
2005,DARWIN,7,7,0
2005,ISAIAH,181,181,0
2005,ISAAC,231,231,0
2005,GUNNAR,6,6,0
2005,GURJOT,9,9,0
2005,GURKARAN,5,5,0
2005,GURMAN,12,12,0
2005,GURPREET,7,7,0
2005,GURSHAAN,10,10,0
2005,GURSHAN,17,17,0
2005,GUILLAUME,6,6,0
2005,GURTAJ,5,5,0
2005,GURVIR,6,6,0
2005,HADI,14,14,0
2005,HAIDEN,5,5,0
2005,HAMID,5,5,0
2005,HAMISH,5,5,0
2005,HAMMAD,7,7,0
2005,HAMZA,70,70,0
2005,GURVEER,7,7,0
2005,HAMZAH,14,14,0
2005,GRYFFIN,6,6,0
2005,GRIFFEN,6,6,0
2005,GIOVANNI,24,24,0
2005,GIULIANO,12,12,0
2005,GIUSEPPE,25,25,0
2005,GLEN,8,8,0
2005,GLENN,7,7,0
2005,GORDON,21,21,0
2005,GRADY,12,12,0
2005,GRIFFIN,49,49,0
2005,GRAEME,12,12,0
2005,ALEXANDRIA,64,0,64
2005,GRANT,36,36,0
2005,GRAYDEN,6,6,0
2005,GRAYDON,15,15,0
2005,GRAYSON,38,38,0
2005,GREGORY,61,61,0
2005,GREYSON,5,5,0
2005,GRAHAM,23,23,0
2005,ISAAK,10,10,0
2005,HANS,5,5,0
2005,HARIS,14,14,0
2005,HUGH,13,13,0
2005,HUGO,17,17,0
2005,HUMZA,16,16,0
2005,HUMZAH,5,5,0
2005,HUSSAIN,16,16,0
2005,HUSSEIN,19,19,0
2005,HUZAIFA,5,5,0
2005,HUDSON,60,60,0
2005,IAIN,14,14,0
2005,IBRAHEEM,6,6,0
2005,IBRAHIM,78,78,0
2005,IDRIS,5,5,0
2005,ILYAS,7,7,0
2005,IMMANUEL,7,7,0
2005,IMRAN,15,15,0
2005,ISA,8,8,0
2005,IAN,143,143,0
2005,HANSON,5,5,0
2005,HOWARD,8,8,0
2005,HENRY,96,96,0
2005,HARISH,10,10,0
2005,HARJOT,9,9,0
2005,HARMAN,17,17,0
2005,HAROLD,8,8,0
2005,HAROON,7,7,0
2005,HARRIS,17,17,0
2005,HARRISON,68,68,0
2005,HOLDEN,35,35,0
2005,HARRY,17,17,0
2005,HASAN,22,22,0
2005,HASEEB,8,8,0
2005,HASHIM,7,7,0
2005,HASHIR,7,7,0
2005,HASSAN,43,43,0
2005,HECTOR,7,7,0
2005,HEINRICH,11,11,0
2005,HARSH,5,5,0
2005,JESSY,7,7,0
2005,DARRYL,8,8,0
2005,DARREN,47,47,0
2005,ANSH,13,13,0
2005,ANSON,24,24,0
2005,ANTHONY,412,412,0
2005,ANTOINE,19,19,0
2005,ANTON,12,12,0
2005,ANTONIO,75,75,0
2005,ANTONY,7,7,0
2005,ANUJAN,6,6,0
2005,ANWAR,6,6,0
2005,ARAV,8,8,0
2005,ARDA,5,5,0
2005,AREEB,7,7,0
2005,AREN,6,6,0
2005,ARHAM,5,5,0
2005,ARI,7,7,0
2005,ANMOL,12,12,0
2005,ANISH,10,10,0
2005,ANGUS,24,24,0
2005,ANGELO,32,32,0
2005,AMMAAR,5,5,0
2005,AMMAR,18,18,0
2005,AMOS,5,5,0
2005,AMR,7,7,0
2005,ANAS,17,17,0
2005,ANASTASIOS,5,5,0
2005,ANDERSON,19,19,0
2005,ARIAN,10,10,0
2005,ANDRE,36,36,0
2005,ANDREAS,25,25,0
2005,ANDREI,13,13,0
2005,ANDREJ,5,5,0
2005,ANDRES,13,13,0
2005,ANDREW,618,618,0
2005,ANDY,63,63,0
2005,ANGAD,13,13,0
2005,ANDRÉ,25,25,0
2005,ARJUN,36,36,0
2005,ARMAAN,40,40,0
2005,ARMAN,25,25,0
2005,AUSTEN,5,5,0
2005,AUSTIN,308,308,0
2005,AUSTYN,7,7,0
2005,AVINASH,10,10,0
2005,AXEL,7,7,0
2005,AYAAN,16,16,0
2005,AYDAN,16,16,0
2005,AUGUST,7,7,0
2005,AYDEN,85,85,0
2005,AYMAN,14,14,0
2005,AYRTON,5,5,0
2005,AYUB,7,7,0
2005,AYUSH,11,11,0
2005,AZAAN,8,8,0
2005,AZAN,7,7,0
2005,AZLAN,6,6,0
2005,AYDIN,13,13,0
2005,AMIR,10,10,0
2005,ATTICUS,8,8,0
2005,ATHAN,7,7,0
2005,ARMIN,6,6,0
2005,ARNAV,9,9,0
2005,ARON,9,9,0
2005,ARSAL,5,5,0
2005,ARSHAN,8,8,0
2005,ARSHVEER,6,6,0
2005,ARTHUR,17,17,0
2005,ATHANASIOS,5,5,0
2005,ARUN,7,7,0
2005,ARYAN,73,73,0
2005,ASAD,7,7,0
2005,ASHER,20,20,0
2005,ASHTEN,5,5,0
2005,ASHTON,150,150,0
2005,ASHVIN,12,12,0
2005,ASHWIN,19,19,0
2005,ARVIN,16,16,0
2005,AMIN,8,8,0
2005,AMEER,8,8,0
2005,AMARI,11,11,0
2005,ABDULLAHI,6,6,0
2005,ABDULRAHMAN,13,13,0
2005,ABE,6,6,0
2005,ABEL,12,12,0
2005,ABHIJEET,5,5,0
2005,ABISHAN,6,6,0
2005,ABRAHAM,17,17,0
2005,ABDULLAH,58,58,0
2005,ABRAM,6,6,0
2005,ADAM,457,457,0
2005,ADAMO,9,9,0
2005,ADEN,33,33,0
2005,ADIL,10,10,0
2005,ADITYA,16,16,0
2005,ADNAN,13,13,0
2005,ADRIAN,152,152,0
2005,ACE,6,6,0
2005,ADRIANO,25,25,0
2005,ABDUL,32,32,0
2005,ABDALLAH,8,8,0
2005,ZOE,170,0,170
2005,ZOEY,56,0,56
2005,ZOHA,10,0,10
2005,ZOIE,7,0,7
2005,ZOYA,20,0,20
2005,ZOÉ,33,0,33
2005,ZOË,40,0,40
2005,ABDIRAHMAN,11,11,0
2005,ÉMILIE,23,0,23
2005,AADAM,6,6,0
2005,AADI,10,10,0
2005,AADIL,5,5,0
2005,AARON,246,246,0
2005,AARYAN,15,15,0
2005,AAYAN,5,5,0
2005,ABBAS,13,13,0
2005,SAYED,10,10,0
2005,BABY,12,12,0
2005,ADRIEL,6,6,0
2005,AEDAN,6,6,0
2005,ALEKZANDER,5,5,0
2005,ALESSANDRO,47,47,0
2005,ALESSIO,10,10,0
2005,ALEXANDER,728,728,0
2005,ALEXANDRE,72,72,0
2005,ALEXANDROS,5,5,0
2005,ALEXANDRU,11,11,0
2005,ALEKSANDER,10,10,0
2005,ALEXZANDER,6,6,0
2005,ALISTAIR,5,5,0
2005,ALLAN,25,25,0
2005,ALLEN,19,19,0
2005,ALVIN,30,30,0
2005,AMAAN,6,6,0
2005,AMAN,17,17,0
2005,AMAR,8,8,0
2005,ALI,153,153,0
2005,ADRIEN,17,17,0
2005,ALEKSANDAR,24,24,0
2005,ALEC,38,38,0
2005,AFFAN,5,5,0
2005,AHAD,5,5,0
2005,AHMAD,60,60,0
2005,AHMED,75,75,0
2005,AHSAN,5,5,0
2005,AIDAN,500,500,0
2005,AIDEN,372,372,0
2005,ALEJANDRO,16,16,0
2005,AIDYN,7,7,0
2005,AJAY,13,13,0
2005,AKASH,19,19,0
2005,AKIVA,5,5,0
2005,AKUL,5,5,0
2005,ALAN,43,43,0
2005,ALASTAIR,5,5,0
2005,ALBERT,29,29,0
2005,AJANTH,5,5,0
2005,BALRAJ,5,5,0
2005,BARAN,5,5,0
2005,BARRY,5,5,0
2005,CLAYTON,23,23,0
2005,CLEMENT,5,5,0
2005,COBY,8,8,0
2005,CODY,108,108,0
2005,COEN,6,6,0
2005,COHEN,51,51,0
2005,COLBY,57,57,0
2005,CLARKE,7,7,0
2005,COLE,331,331,0
2005,COLLIN,24,24,0
2005,COLTEN,17,17,0
2005,COLTON,61,61,0
2005,CONNER,58,58,0
2005,CONNOR,429,429,0
2005,CONOR,30,30,0
2005,CONRAD,8,8,0
2005,COLIN,154,154,0
2005,CONSTANTINE,11,11,0
2005,CLARK,22,22,0
2005,CIAN,12,12,0
2005,CARTER,344,344,0
2005,CASSIUS,5,5,0
2005,CAYDEN,34,34,0
2005,CÉDRIC,16,16,0
2005,CHACE,9,9,0
2005,CHAD,35,35,0
2005,CHANCE,13,13,0
2005,CIARAN,7,7,0
2005,CHANDLER,5,5,0
2005,CHARLES,168,168,0
2005,CHASE,133,133,0
2005,CHETAN,6,6,0
2005,CHRIS,20,20,0
2005,CHRISTIAN,288,288,0
2005,CHRISTOPHER,360,360,0
2005,CHRISTOS,10,10,0
2005,CHARBEL,7,7,0
2005,CARSON,161,161,0
2005,CONSTANTINOS,6,6,0
2005,CORBIN,23,23,0
2005,DAMON,39,39,0
2005,DAN,9,9,0
2005,DANIAL,15,15,0
2005,DANIEL,776,776,0
2005,DANIELE,5,5,0
2005,DANIK,5,5,0
2005,DANISH,5,5,0
2005,DAMION,14,14,0
2005,DANIYAL,13,13,0
2005,DANTE,81,81,0
2005,DANTÉ,12,12,0
2005,DANYAL,6,6,0
2005,DARIAN,18,18,0
2005,DARIEN,12,12,0
2005,DARIO,6,6,0
2005,DARIUS,38,38,0
2005,DANNY,30,30,0
2005,COOPER,110,110,0
2005,DAMIEN,52,52,0
2005,DALTON,26,26,0
2005,COREY,20,20,0
2005,CORNELIUS,11,11,0
2005,CORRADO,6,6,0
2005,CORSON,5,5,0
2005,CORY,14,14,0
2005,CRAIG,16,16,0
2005,CRISTIAN,35,35,0
2005,DAMIAN,82,82,0
2005,CRISTIANO,18,18,0
2005,CULLEN,7,7,0
2005,CURTIS,60,60,0
2005,CYRIL,6,6,0
2005,CYRUS,14,14,0
2005,DAKODA,6,6,0
2005,DALE,12,12,0
2005,DALLAS,10,10,0
2005,CRUZ,9,9,0
2005,DARRIEN,6,6,0
2005,CARMELO,8,8,0
2005,CARLO,5,5,0
2005,BOSTON,5,5,0
2005,BRADEN,64,64,0
2005,BRADLEY,80,80,0
2005,BRADY,131,131,0
2005,BRADYN,7,7,0
2005,BRAEDAN,8,8,0
2005,BRAEDEN,88,88,0
2005,BOBBY,5,5,0
2005,BRAEDON,18,18,0
2005,BRAIDEN,23,23,0
2005,BRANDAN,6,6,0
2005,BRANDEN,22,22,0
2005,BRANDIN,5,5,0
2005,BRANDON,299,299,0
2005,BRANSON,5,5,0
2005,BRAXTON,19,19,0
2005,BRAEDYN,5,5,0
2005,BRAYDEN,227,227,0
2005,BO,7,7,0
2005,BLAISE,7,7,0
2005,BASHIR,5,5,0
2005,BEAU,12,12,0
2005,BECKETT,6,6,0
2005,BEN,39,39,0
2005,BENEDICT,19,19,0
2005,BENJAMIN,690,690,0
2005,BENNETT,21,21,0
2005,BLAKE,112,112,0
2005,BENNY,12,12,0
2005,BENSON,11,11,0
2005,BERNHARD,6,6,0
2005,BILAL,37,37,0
2005,BILL,9,9,0
2005,BILLY,9,9,0
2005,BLAINE,7,7,0
2005,BLAIR,15,15,0
2005,BENOIT,5,5,0
2005,CARLOS,30,30,0
2005,BRAYDON,51,51,0
2005,BRENDEN,20,20,0
2005,CADE,6,6,0
2005,CADEN,62,62,0
2005,CAEL,7,7,0
2005,CAIDEN,17,17,0
2005,CALE,13,13,0
2005,CALEB,287,287,0
2005,CALEN,5,5,0
2005,BYRON,8,8,0
2005,CALLAN,7,7,0
2005,CALUM,17,17,0
2005,CALVIN,65,65,0
2005,CAMDEN,24,24,0
2005,CAMILO,6,6,0
2005,CAMPBELL,15,15,0
2005,CAMRON,8,8,0
2005,CARL,13,13,0
2005,CALLUM,70,70,0
2005,BRENDAN,81,81,0
2005,BRYSON,37,37,0
2005,BRYCEN,9,9,0
2005,BRENDON,12,12,0
2005,BRENNAN,44,44,0
2005,BRENNEN,11,11,0
2005,BRENT,22,22,0
2005,BRETT,51,51,0
2005,BRIAN,91,91,0
2005,BROCK,51,51,0
2005,BRYDEN,10,10,0
2005,BRODEN,6,6,0
2005,BRODIE,25,25,0
2005,BRODY,115,115,0
2005,BRONSON,8,8,0
2005,BRUCE,14,14,0
2005,BRUNO,9,9,0
2005,BRYAN,49,49,0
2005,BRYCE,79,79,0
2005,BRODERICK,7,7,0
2005,JETT,9,9,0
2005,JEVON,5,5,0
2005,JIMMY,27,27,0
2005,SAFWAN,6,6,0
2005,SAGAR,5,5,0
2005,SAHEJ,5,5,0
2005,SAHIB,14,14,0
2005,SAHIJ,5,5,0
2005,SAHIL,25,25,0
2005,SAI,9,9,0
2005,SAIF,14,14,0
2005,SAJAN,5,5,0
2005,SALIM,5,5,0
2005,SALMAN,8,8,0
2005,SALVATORE,16,16,0
2005,SAM,61,61,0
2005,SAMEER,29,29,0
2005,SAMI,14,14,0
2005,SACHIN,17,17,0
2005,SACHA,8,8,0
2005,SABASTIAN,6,6,0
2005,SAAD,27,27,0
2005,RONAN,33,33,0
2005,RONIK,5,5,0
2005,RONIN,11,11,0
2005,RONIT,10,10,0
2005,ROSHAN,9,9,0
2005,ROSS,26,26,0
2005,ROWEN,9,9,0
2005,SAMIR,20,20,0
2005,ROY,16,16,0
2005,RUBEN,10,10,0
2005,RUDY,6,6,0
2005,RUSHIL,5,5,0
2005,RUSSELL,40,40,0
2005,RYDER,49,49,0
2005,RYKER,11,11,0
2005,RYLAND,11,11,0
2005,ROYCE,8,8,0
2005,SAMMY,10,10,0
2005,SAMSON,17,17,0
2005,SAMUEL,489,489,0
2005,ZAKARIYA,14,14,0
2005,ZAKARIA,13,13,0
2005,ZAIN,38,38,0
2005,ZAID,24,24,0
2005,ZACKERY,18,18,0
2005,ZACKARY,57,57,0
2005,ZACK,7,7,0
2005,ZAKARY,9,9,0
2005,ZACHERY,16,16,0
2005,ZACHARIE,6,6,0
2005,ZACHARIAH,8,8,0
2005,YUVRAJ,19,19,0
2005,YUSUF,43,43,0
2005,YUSEF,9,9,0
2005,YUNUS,5,5,0
2005,YOUSUF,16,16,0
2005,ZACHARY,415,415,0
2005,RONALD,19,19,0
2005,ZAKKARY,5,5,0
2005,ZANE,17,17,0
2005,SANDRO,5,5,0
2005,SANJAY,13,13,0
2005,SANTIAGO,15,15,0
2005,SARIM,8,8,0
2005,SASCHA,5,5,0
2005,ZUHAIR,8,8,0
2005,ZOHAIR,11,11,0
2005,ZANDER,32,32,0
2005,ZOHAIB,9,9,0
2005,ZI,8,8,0
2005,ZEV,5,5,0
2005,ZAYNE,5,5,0
2005,ZAYDEN,5,5,0
2005,ZAYD,10,10,0
2005,ZAYAN,9,9,0
2005,ZAVIER,7,7,0
2005,ZION,17,17,0
2005,ROMEO,15,15,0
2005,ROMAN,42,42,0
2005,ROLAND,5,5,0
2005,PRABHJOT,5,5,0
2005,PRANAV,6,6,0
2005,PRATHAM,6,6,0
2005,PRAVEEN,8,8,0
2005,PREM,5,5,0
2005,PRESTON,70,70,0
2005,PRINCE,7,7,0
2005,PORTER,12,12,0
2005,QASIM,7,7,0
2005,QUINCY,8,8,0
2005,QUINTEN,12,12,0
2005,QUINTIN,32,32,0
2005,QUINTON,28,28,0
2005,RAFAEL,24,24,0
2005,RAFAY,5,5,0
2005,RAGHAV,7,7,0
2005,QUENTIN,31,31,0
2005,RAHIM,7,7,0
2005,PIETRO,6,6,0
2005,PIERRE,5,5,0
2005,PABLO,10,10,0
2005,PAOLO,16,16,0
2005,PARTH,14,14,0
2005,PASCAL,12,12,0
2005,PATRICK,160,160,0
2005,PATRYK,6,6,0
2005,PAUL,79,79,0
2005,PIERSON,10,10,0
2005,PAULO,5,5,0
2005,PEDRO,7,7,0
2005,PETAR,9,9,0
2005,PETER,146,146,0
2005,PHILIP,50,50,0
2005,PHILIPPE,17,17,0
2005,PHILLIP,25,25,0
2005,PIERCE,11,11,0
2005,PEARSON,6,6,0
2005,YOUSSEF,8,8,0
2005,RAHUL,10,10,0
2005,RAJAN,5,5,0
2005,RICK,9,9,0
2005,RICKY,15,15,0
2005,RIO,5,5,0
2005,RISHI,16,16,0
2005,RIVER,17,17,0
2005,RIYAD,6,6,0
2005,ROAN,10,10,0
2005,RICHARD,88,88,0
2005,ROBERT,240,240,0
2005,ROCCO,20,20,0
2005,ROCKY,6,6,0
2005,RODNEY,5,5,0
2005,RODRIGO,6,6,0
2005,ROGAN,5,5,0
2005,ROHAN,41,41,0
2005,ROHIT,5,5,0
2005,ROBERTO,9,9,0
2005,RAIDEN,7,7,0
2005,RICARDO,20,20,0
2005,RHETT,5,5,0
2005,RALPH,6,6,0
2005,RAMI,15,15,0
2005,RANDY,29,29,0
2005,RAPHAEL,13,13,0
2005,RAPHAËL,11,11,0
2005,RASHAD,6,6,0
2005,RAY,21,21,0
2005,RHYS,40,40,0
2005,RAYDEN,6,6,0
2005,RAYYAN,20,20,0
2005,REED,19,19,0
2005,REGINALD,5,5,0
2005,REID,24,24,0
2005,REMY,7,7,0
2005,REUBEN,14,14,0
2005,REZA,5,5,0
2005,RAYMOND,40,40,0
2005,YOUSIF,5,5,0
2005,YOUSEF,11,11,0
2005,YOSEF,7,7,0
2005,TANVEER,6,6,0
2005,TANNER,79,79,0
2005,TALON,9,9,0
2005,TALHA,19,19,0
2005,TAHA,28,28,0
2005,SYED,67,67,0
2005,SULLIVAN,6,6,0
2005,TARAN,9,9,0
2005,SULAIMAN,12,12,0
2005,SUBHAN,7,7,0
2005,STUART,12,12,0
2005,STEVEN,113,113,0
2005,STEVE,5,5,0
2005,STERLING,11,11,0
2005,STEPHON,6,6,0
2005,STEPHEN,79,79,0
2005,SUKHRAJ,8,8,0
2005,STEPHAN,12,12,0
2005,TARIQ,10,10,0
2005,TATE,24,24,0
2005,TIMOTHY,117,117,0
2005,TIM,9,9,0
2005,TIGER,5,5,0
2005,TIAGO,23,23,0
2005,THOMAS,389,389,0
2005,THEODORE,32,32,0
2005,THEODOR,5,5,0
2005,TARUN,8,8,0
2005,THÉO,7,7,0
2005,TERRY,9,9,0
2005,TERRENCE,16,16,0
2005,TERRELL,10,10,0
2005,TERENCE,5,5,0
2005,TEJVEER,5,5,0
2005,TAYSHAUN,10,10,0
2005,TAYDEN,7,7,0
2005,THEO,14,14,0
2005,TITUS,8,8,0
2005,STEFANO,34,34,0
2005,STANLEY,17,17,0
2005,SHARAN,6,6,0
2005,SHANE,76,76,0
2005,SHAN,10,10,0
2005,SHAMUS,6,6,0
2005,SHAMAR,12,12,0
2005,SHAHEER,8,8,0
2005,SHAAN,12,12,0
2005,SHAUN,25,25,0
2005,SETH,153,153,0
2005,SÉBASTIEN,26,26,0
2005,SEBASTIEN,38,38,0
2005,SEBASTIANO,5,5,0
2005,SEBASTIAN,175,175,0
2005,SEAN,147,147,0
2005,SEAMUS,19,19,0
2005,SCOTT,66,66,0
2005,SERGIO,6,6,0
2005,STEFAN,61,61,0
2005,SHAWN,63,63,0
2005,SHAYAAN,11,11,0
2005,SPENCER,162,162,0
2005,SONNY,9,9,0
2005,SOLOMON,15,15,0
2005,SOHAM,6,6,0
2005,SKY,5,5,0
2005,SIMON,158,158,0
2005,SIMEON,8,8,0
2005,SHAY,5,5,0
2005,SILAS,17,17,0
2005,SHREY,5,5,0
2005,SHLOMO,5,5,0
2005,SHIVAM,10,10,0
2005,SHIV,9,9,0
2005,SHERWIN,6,6,0
2005,SHELDON,20,20,0
2005,SHAYAN,15,15,0
2005,SIDDHARTH,11,11,0
2005,OWEN,724,724,0
2005,TOBIAS,22,22,0
2005,TOBY,9,9,0
2005,WARREN,13,13,0
2005,WALTER,7,7,0
2005,WALKER,14,14,0
2005,WALID,5,5,0
2005,WALEED,9,9,0
2005,WADE,19,19,0
2005,VRAJ,6,6,0
2005,WAYLON,5,5,0
2005,VLADISLAV,5,5,0
2005,VISHAL,10,10,0
2005,VIRAJ,5,5,0
2005,VINCENZO,21,21,0
2005,VINCENT,126,126,0
2005,VINCE,5,5,0
2005,VIKTOR,9,9,0
2005,VIKRAM,7,7,0
2005,VIVEK,5,5,0
2005,VICTOR,83,83,0
2005,WAYNE,8,8,0
2005,WESTON,8,8,0
2005,YONIS,6,6,0
2005,YEHUDA,7,7,0
2005,YASH,23,23,0
2005,YASEEN,16,16,0
2005,YANNICK,9,9,0
2005,YAHYA,24,24,0
2005,XAVIER,132,132,0
2005,WESLEY,77,77,0
2005,XANDER,42,42,0
2005,WINSTON,11,11,0
2005,WILSON,16,16,0
2005,WILLY,6,6,0
2005,WILLIAM,626,626,0
2005,WILLEM,19,19,0
2005,WILL,13,13,0
2005,WILHELM,5,5,0
2005,WYATT,123,123,0
2005,TOBIN,5,5,0
2005,VERNON,6,6,0
2005,VED,5,5,0
2005,TUCKER,17,17,0
2005,TRYSTAN,9,9,0
2005,TROY,51,51,0
2005,TRISTON,6,6,0
2005,TRISTIN,17,17,0
2005,TRISTIAN,6,6,0
2005,TREYTON,6,6,0
2005,TURNER,8,8,0
2005,TREY,17,17,0
2005,TREVON,5,5,0
2005,TRENTON,25,25,0
2005,TRENT,48,48,0
2005,TRAVIS,86,86,0
2005,TONY,24,24,0
2005,TOMMY,16,16,0
2005,TOMAS,25,25,0
2005,TREVOR,54,54,0
2005,VEER,7,7,0
2005,TY,122,122,0
2005,TYLOR,5,5,0
2005,VAUGHN,12,12,0
2005,VARUN,14,14,0
2005,VANSH,8,8,0
2005,VAN,5,5,0
2005,VALENTINO,7,7,0
2005,VAIBHAV,5,5,0
2005,UZAIR,17,17,0
2005,TYE,14,14,0
2005,USMAN,11,11,0
2005,UMAR,12,12,0
2005,UMAIR,9,9,0
2005,TYSON,130,130,0
2005,TYRONE,5,5,0
2005,TYRON,6,6,0
2005,TYRESE,7,7,0
2005,TYRELL,10,10,0
2005,UMER,5,5,0
2005,OWAIN,6,6,0
2005,OTIS,7,7,0
2005,OSMAN,13,13,0
2005,KOHEN,12,12,0
2005,KOHL,6,6,0
2005,KOLBY,9,9,0
2005,KOLE,16,16,0
2005,KOLTON,9,9,0
2005,KONNOR,10,10,0
2005,KONRAD,13,13,0
2005,KOEN,12,12,0
2005,KORBIN,5,5,0
2005,KRISH,44,44,0
2005,KRISTIAN,31,31,0
2005,KRISTOPHER,16,16,0
2005,KURT,8,8,0
2005,KURTIS,23,23,0
2005,KUSH,12,12,0
2005,KYAN,8,8,0
2005,KORY,6,6,0
2005,KYLAN,10,10,0
2005,KODY,21,21,0
2005,KOBY,5,5,0
2005,KELLAN,5,5,0
2005,KELVIN,12,12,0
2005,KEN,6,6,0
2005,KENNETH,41,41,0
2005,KENNY,12,12,0
2005,KEON,20,20,0
2005,KEVIN,226,226,0
2005,KODI,5,5,0
2005,KHALED,5,5,0
2005,KHALIL,11,11,0
2005,KIAN,28,28,0
2005,KIEFER,12,12,0
2005,KING,5,5,0
2005,KINGSLEY,5,5,0
2005,KISHAN,11,11,0
2005,KOBE,16,16,0
2005,KHALID,23,23,0
2005,KEITH,28,28,0
2005,KYLE,331,331,0
2005,LACHLAN,11,11,0
2005,LEVON,6,6,0
2005,LEWIS,12,12,0
2005,LIAM,653,653,0
2005,LIBAN,6,6,0
2005,LINCOLN,14,14,0
2005,LIOR,5,5,0
2005,LLOYD,8,8,0
2005,LEVI,40,40,0
2005,LOCHLAN,16,16,0
2005,LOÏC,7,7,0
2005,LORENZO,20,20,0
2005,LOUIS,22,22,0
2005,LUC,25,25,0
2005,LUCA,163,163,0
2005,LUCAS,631,631,0
2005,LUCIANO,9,9,0
2005,LOGHAN,6,6,0
2005,KYLER,18,18,0
2005,LEROY,5,5,0
2005,LEONARD,7,7,0
2005,LAMAR,10,10,0
2005,LANCE,24,24,0
2005,LANDEN,29,29,0
2005,LANDON,111,111,0
2005,LANE,17,17,0
2005,LAWRENCE,20,20,0
2005,LAWSON,13,13,0
2005,LEONARDO,22,22,0
2005,LAYNE,8,8,0
2005,LEANDRO,6,6,0
2005,LEE,5,5,0
2005,LEIGHTON,5,5,0
2005,LELAND,35,35,0
2005,LENNOX,8,8,0
2005,LEO,54,54,0
2005,LEON,13,13,0
2005,LAZAR,5,5,0
2005,LUCIEN,7,7,0
2005,KEIRAN,11,11,0
2005,KEENAN,30,30,0
2005,JOSE,12,12,0
2005,JOSÉ,6,6,0
2005,JOSEF,6,6,0
2005,JOSEPH,426,426,0
2005,JOSH,27,27,0
2005,JOSHAWA,6,6,0
2005,JOSHUA,943,943,0
2005,JORGE,6,6,0
2005,JOSIAH,43,43,0
2005,JUAN,19,19,0
2005,JUDAH,11,11,0
2005,JULES,5,5,0
2005,JULIAN,204,204,0
2005,JULIANO,8,8,0
2005,JULIEN,43,43,0
2005,JULIUS,20,20,0
2005,JOVAN,12,12,0
2005,JUSTIN,435,435,0
2005,JORDON,10,10,0
2005,JONATHON,23,23,0
2005,JOAQUIM,5,5,0
2005,JOAQUIN,20,20,0
2005,JOE,7,7,0
2005,JOEL,107,107,0
2005,JOËL,8,8,0
2005,JOHAN,15,15,0
2005,JOHN,343,343,0
2005,JORDEN,7,7,0
2005,JOHNATHAN,55,55,0
2005,JOHNNY,23,23,0
2005,JOHN-PAUL,10,10,0
2005,JOHNSON,13,13,0
2005,JON,7,7,0
2005,JONAH,87,87,0
2005,JONAS,35,35,0
2005,JONATHAN,307,307,0
2005,JOHNATHON,14,14,0
2005,KEGAN,6,6,0
2005,JUSTUS,7,7,0
2005,KABEER,5,5,0
2005,KAREEM,23,23,0
2005,KARIM,14,14,0
2005,KARL,8,8,0
2005,KAROL,5,5,0
2005,KARSON,13,13,0
2005,KARSTEN,5,5,0
2005,KARTER,11,11,0
2005,KARANVIR,11,11,0
2005,KASHIF,6,6,0
2005,KAYDEN,63,63,0
2005,KAYLEB,5,5,0
2005,KEAGAN,31,31,0
2005,KEANU,6,6,0
2005,KEATON,25,25,0
2005,KEEGAN,92,92,0
2005,KEEGHAN,5,5,0
2005,KAVIN,11,11,0
2005,JUSTYN,6,6,0
2005,KARAN,16,16,0
2005,KAMRAN,7,7,0
2005,KABIR,16,16,0
2005,KACPER,5,5,0
2005,KADE,17,17,0
2005,KADEN,96,96,0
2005,KADIN,9,9,0
2005,KAEDEN,18,18,0
2005,KAEL,10,10,0
2005,KANE,6,6,0
2005,KAELAN,7,7,0
2005,KAI,63,63,0
2005,KAIDEN,51,51,0
2005,KALAN,38,38,0
2005,KALE,9,9,0
2005,KALEB,100,100,0
2005,KALEN,15,15,0
2005,KAMERON,13,13,0
2005,KAELEN,9,9,0
2005,ZEINAB,6,0,6
2005,LUCIUS,8,8,0
2005,LUKA,48,48,0
2005,MUHAMMAD,133,133,0
2005,MUHAMMED,12,12,0
2005,MUJTABA,5,5,0
2005,MUSA,5,5,0
2005,MUSTAFA,43,43,0
2005,MYLES,63,63,0
2005,NABEEL,5,5,0
2005,MOSHE,10,10,0
2005,NABIL,10,10,0
2005,NASH,13,13,0
2005,NATE,10,10,0
2005,NATHAN,777,777,0
2005,NATHANAEL,27,27,0
2005,NATHANIAL,9,9,0
2005,NATHANIEL,227,227,0
2005,NATHEN,5,5,0
2005,NAM,5,5,0
2005,NAVDEEP,5,5,0
2005,MOSES,10,10,0
2005,MONTGOMERY,6,6,0
2005,MIGUEL,59,59,0
2005,MIKAEL,9,9,0
2005,MIKE,5,5,0
2005,MIKHAIL,7,7,0
2005,MILES,31,31,0
2005,MILLER,6,6,0
2005,MILO,11,11,0
2005,MOOSA,7,7,0
2005,MILOS,10,10,0
2005,MITCHELL,139,139,0
2005,MOHAMAD,16,16,0
2005,MOHAMED,69,69,0
2005,MOHAMMAD,97,97,0
2005,MOHAMMED,71,71,0
2005,MOHID,6,6,0
2005,MOHIT,6,6,0
2005,MITCHEL,5,5,0
2005,MICHELE,5,5,0
2005,NAVEEN,5,5,0
2005,NAVJOT,5,5,0
2005,NIMA,13,13,0
2005,NOAH,779,779,0
2005,NOAM,8,8,0
2005,NOEL,13,13,0
2005,NOLAN,240,240,0
2005,NORMAN,9,9,0
2005,OLIVER,124,124,0
2005,NIKOLAS,50,50,0
2005,OLIVIER,36,36,0
2005,OMAR,94,94,0
2005,OMER,10,10,0
2005,OMID,5,5,0
2005,ORION,11,11,0
2005,ORLANDO,7,7,0
2005,OSCAR,49,49,0
2005,OSKAR,6,6,0
2005,OM,19,19,0
2005,NAVIN,10,10,0
2005,NIKOLA,24,24,0
2005,NIKLAS,6,6,0
2005,NAVRAJ,8,8,0
2005,NEAL,5,5,0
2005,NEEL,9,9,0
2005,NEIL,28,28,0
2005,NELSON,16,16,0
2005,NEVAN,8,8,0
2005,NEVIN,9,9,0
2005,NIKO,5,5,0
2005,NIALL,5,5,0
2005,NICK,12,12,0
2005,NICKOLAS,33,33,0
2005,NICKY,6,6,0
2005,NICO,16,16,0
2005,NICOLAS,146,146,0
2005,NIGEL,17,17,0
2005,NIKHIL,18,18,0
2005,NICHOLAS,702,702,0
2005,LUIS,19,19,0
2005,MICHEL,6,6,0
2005,MICHAEL,648,648,0
2005,MALEEK,5,5,0
2005,MALIK,22,22,0
2005,MANAV,17,17,0
2005,MANRAJ,15,15,0
2005,MANUEL,14,14,0
2005,MANVEER,5,5,0
2005,MANVIR,8,8,0
2005,MALCOLM,48,48,0
2005,MARC,43,43,0
2005,MARCELO,6,6,0
2005,MARCO,99,99,0
2005,MARCOS,8,8,0
2005,MARCUS,202,202,0
2005,MAREK,7,7,0
2005,MARIO,26,26,0
2005,MARK,131,131,0
2005,MARCEL,11,11,0
2005,MARKO,35,35,0
2005,MALAKI,7,7,0
2005,MALACHI,55,55,0
2005,LUKAS,84,84,0
2005,LUKE,265,265,0
2005,LUQMAN,8,8,0
2005,LYLE,6,6,0
2005,MAAZ,10,10,0
2005,MADDOX,36,36,0
2005,MAGNUS,5,5,0
2005,MALAKAI,22,22,0
2005,MAHAD,8,8,0
2005,MAHDI,8,8,0
2005,MAHIR,7,7,0
2005,MAHMOUD,13,13,0
2005,MAKAI,5,5,0
2005,MAKHI,6,6,0
2005,MAKSIM,11,11,0
2005,MALACHAI,5,5,0
2005,MAHD,5,5,0
2005,MICHEAL,18,18,0
2005,MARKUS,32,32,0
2005,MARQUES,7,7,0
2005,MAURICE,8,8,0
2005,MAVERICK,12,12,0
2005,MAX,92,92,0
2005,MAXIM,35,35,0
2005,MAXIME,37,37,0
2005,MAXIMILIAN,22,22,0
2005,MAXIMILLIAN,6,6,0
2005,MATTIAS,5,5,0
2005,MAXIMUS,28,28,0
2005,MAZEN,8,8,0
2005,MEHDI,6,6,0
2005,MEKHI,15,15,0
2005,MEMPHIS,9,9,0
2005,MENACHEM,5,5,0
2005,MERRICK,5,5,0
2005,MICAH,29,29,0
2005,MAXWELL,116,116,0
2005,MARLON,8,8,0
2005,MATTHIEU,13,13,0
2005,MATTHEW,1100,1100,0
2005,MARSHAL,9,9,0
2005,MARSHALL,38,38,0
2005,MARTIN,54,54,0
2005,MARVIN,15,15,0
2005,MASON,192,192,0
2005,MASSIMO,40,40,0
2005,MATEO,83,83,0
2005,MATTHIAS,17,17,0
2005,MATEUS,8,8,0
2005,MATHEW,47,47,0
2005,MATHIAS,19,19,0
2005,MATHIEU,43,43,0
2005,MATHIS,9,9,0
2005,MATIAS,9,9,0
2005,MATT,12,12,0
2005,MATTEO,162,162,0
2005,MATEUSZ,9,9,0
2005,ZAYNAB,10,0,10
2005,SAWYER,36,36,0
2005,ZARA,34,0,34
2005,HIBA,20,0,20
2005,HILARY,20,0,20
2005,HILLARY,17,0,17
2005,HOLLY,60,0,60
2005,HOPE,78,0,78
2005,HUDA,9,0,9
2005,HUNTER,239,225,14
2005,HUSNA,8,0,8
2005,IDA,6,0,6
2005,ILIANA,6,0,6
2005,IMAN,22,0,22
2005,IMOGEN,9,0,9
2005,INDIA,10,0,10
2005,INGRID,7,0,7
2005,IQRA,13,0,13
2005,IRELAND,15,0,15
2005,IRENE,13,0,13
2005,HELENA,36,0,36
2005,HELEN,33,0,33
2005,HEIDI,35,0,35
2005,HEBA,11,0,11
2005,HANNA,70,0,70
2005,HANNAH,580,0,580
2005,HARINI,11,0,11
2005,HARLEEN,39,0,39
2005,HARLEY,21,13,8
2005,HARMONY,24,0,24
2005,HARNOOR,11,0,11
2005,HARPER,8,0,8
2005,IRIS,18,0,18
2005,HARSIMRAN,6,0,6
2005,HAWA,6,0,6
2005,HAYDEN,266,252,14
2005,HAYLEE,28,0,28
2005,HAYLEIGH,11,0,11
2005,HAYLEY,68,0,68
2005,HAYLIE,17,0,17
2005,HAZEL,21,0,21
2005,HEATHER,35,0,35
2005,HAVEN,10,0,10
2005,HANIYA,6,0,6
2005,ISABEL,97,0,97
2005,ISABELL,6,0,6
2005,JAIDYN,20,0,20
2005,JAIME,26,0,26
2005,JAIMEE,6,0,6
2005,JAIMIE,6,0,6
2005,JAMIE,104,39,65
2005,JANA,14,0,14
2005,JANAE,10,0,10
2005,JANANI,7,0,7
2005,JANE,32,0,32
2005,JANELLE,27,0,27
2005,JANESSA,13,0,13
2005,JANET,11,0,11
2005,JANICE,15,0,15
2005,JANNA,7,0,7
2005,JASLEEN,34,0,34
2005,JASMEEN,14,0,14
2005,JASMEET,9,0,9
2005,JAIDEN,91,67,24
2005,JAIDA,17,0,17
2005,JAELYN,12,0,12
2005,JADYN,38,8,30
2005,ISABELLA,500,0,500
2005,ISABELLE,185,0,185
2005,ISHA,14,0,14
2005,ISHITA,7,0,7
2005,ISIS,7,0,7
2005,ISLA,13,0,13
2005,ISOBEL,14,0,14
2005,ISRA,7,0,7
2005,ISABELA,9,0,9
2005,IVANA,14,0,14
2005,IZABELLA,23,0,23
2005,IZABELLE,6,0,6
2005,JACKLYN,7,0,7
2005,JACLYN,15,0,15
2005,JACQUELINE,54,0,54
2005,JADA,104,0,104
2005,JADE,117,0,117
2005,JADEN,180,144,36
2005,IVY,34,0,34
2005,HANA,34,0,34
2005,HALLIE,10,0,10
2005,HALLE,30,0,30
2005,EVANGELINA,6,0,6
2005,EVANGELINE,12,0,12
2005,EVE,38,0,38
2005,EVELYN,95,0,95
2005,FAITH,168,0,168
2005,FAIZA,9,0,9
2005,FARAH,14,0,14
2005,FARRAH,11,0,11
2005,FATEMA,6,0,6
2005,FATIMA,81,0,81
2005,FATIMAH,10,0,10
2005,FAYE,8,0,8
2005,FELICIA,21,0,21
2005,FELICITY,25,0,25
2005,FIONA,91,0,91
2005,FLORA,11,0,11
2005,FLORENCE,11,0,11
2005,EVA,114,0,114
2005,EUNICE,6,0,6
2005,ESTHER,47,0,47
2005,ESTELLE,8,0,8
2005,EMELIA,13,0,13
2005,EMERSON,44,26,18
2005,EMILEE,14,0,14
2005,EMILIA,66,0,66
2005,EMILIE,62,0,62
2005,EMILY,931,0,931
2005,EMMA,1083,0,1083
2005,EMMA-LEE,7,0,7
2005,FRANCESCA,31,0,31
2005,EMMALEE,7,0,7
2005,ENYA,13,0,13
2005,ERICA,87,0,87
2005,ERIKA,69,0,69
2005,ERIN,125,0,125
2005,ERYN,7,0,7
2005,ESHA,14,0,14
2005,ESHAL,22,0,22
2005,ESTELLA,7,0,7
2005,EMMANUELLE,9,0,9
2005,GABRIELA,53,0,53
2005,GABRIELLA,136,0,136
2005,GABRIELLE,170,0,170
2005,GUNEET,6,0,6
2005,GURLEEN,39,0,39
2005,GURNEET,9,0,9
2005,GURNOOR,16,7,9
2005,GWEN,9,0,9
2005,GWENDOLYN,6,0,6
2005,GWENYTH,14,0,14
2005,GWYNETH,8,0,8
2005,GRETA,9,0,9
2005,HADIA,9,0,9
2005,HAFSA,22,0,22
2005,HAILEE,20,0,20
2005,HAILEY,403,0,403
2005,HAILIE,16,0,16
2005,HAILY,7,0,7
2005,HALA,7,0,7
2005,HALEIGH,11,0,11
2005,HALEY,73,0,73
2005,HADLEY,7,0,7
2005,JASMIN,26,0,26
2005,GRACYN,8,0,8
2005,GRACEY,8,0,8
2005,GEMMA,14,0,14
2005,GENESIS,11,0,11
2005,GENEVA,6,0,6
2005,GENEVIEVE,20,0,20
2005,GENEVIÈVE,14,0,14
2005,GEORGIA,88,0,88
2005,GEORGINA,10,0,10
2005,GIA,16,0,16
2005,GRACIE,58,0,58
2005,GIANNA,9,0,9
2005,GINA,7,0,7
2005,GIORGIA,6,0,6
2005,GIOVANNA,7,0,7
2005,GISELLE,19,0,19
2005,GIULIA,17,0,17
2005,GIULIANA,13,0,13
2005,GLORIA,37,0,37
2005,GRACE,460,0,460
2005,GILLIAN,41,0,41
2005,EMAN,8,0,8
2005,JASMINE,204,0,204
2005,JASNOOR,10,0,10
2005,KAYDANCE,7,0,7
2005,KAYDENCE,29,0,29
2005,KAYLA,260,0,260
2005,KAYLEE,89,0,89
2005,KAYLEIGH,44,0,44
2005,KAYLEN,8,0,8
2005,KAYLEY,21,0,21
2005,KAYLIE,28,0,28
2005,KAYLIN,17,0,17
2005,KAYLYN,15,0,15
2005,KAYLYNN,7,0,7
2005,KEANNA,8,0,8
2005,KEELEY,6,0,6
2005,KEELY,10,0,10
2005,KEIRA,160,0,160
2005,KEISHA,15,0,15
2005,KELLI,6,0,6
2005,KAYA,17,0,17
2005,KAVYA,7,0,7
2005,KATRYNA,6,0,6
2005,KATRINA,86,0,86
2005,KASEY,16,8,8
2005,KASIA,6,0,6
2005,KASSANDRA,36,0,36
2005,KASSIDY,20,0,20
2005,KATARINA,36,0,36
2005,KATE,140,0,140
2005,KATELIN,10,0,10
2005,KATELYN,135,0,135
2005,KELLY,77,0,77
2005,KATELYNN,18,0,18
2005,KATHARINA,9,0,9
2005,KATHARINE,11,0,11
2005,KATHERINE,170,0,170
2005,KATHLEEN,45,0,45
2005,KATHRYN,56,0,56
2005,KATHY,11,0,11
2005,KATIE,100,0,100
2005,KATLYN,10,0,10
2005,KATERINA,25,0,25
2005,KASANDRA,7,0,7
2005,KELSEY,28,0,28
2005,KENDRA,115,0,115
2005,KRISTEN,43,0,43
2005,KRISTIN,8,0,8
2005,KRISTINA,54,0,54
2005,KRISTINE,9,0,9
2005,KRISTY,6,0,6
2005,KRYSTAL,12,0,12
2005,KYA,9,0,9
2005,KYLA,88,0,88
2005,KYLAH,7,0,7
2005,KYLEE,26,0,26
2005,KYLEIGH,16,0,16
2005,KYLIE,132,0,132
2005,KYRA,97,0,97
2005,KYRAH,6,0,6
2005,LACEY,10,0,10
2005,LAIBA,26,0,26
2005,LAILA,37,0,37
2005,KRISTA,19,0,19
2005,KOMAL,8,0,8
2005,KLOE,8,0,8
2005,KIRSTEN,36,0,36
2005,KENNEDY,74,0,74
2005,KENYA,7,0,7
2005,KENZIE,11,0,11
2005,KHADIJA,20,0,20
2005,KHADIJAH,7,0,7
2005,KHUSHI,24,0,24
2005,KIANA,40,0,40
2005,KIANNA,23,0,23
2005,KENDALL,19,0,19
2005,KIARA,61,0,61
2005,KIERA,81,0,81
2005,KIERAN,93,85,8
2005,KIERRA,19,0,19
2005,KIERSTEN,11,0,11
2005,KILEY,6,0,6
2005,KIMBERLY,28,0,28
2005,KIRA,59,0,59
2005,KIRAN,13,0,13
2005,KIARRA,7,0,7
2005,KAROLINA,11,0,11
2005,KARLY,7,0,7
2005,KARLEY,6,0,6
2005,JIA,20,6,14
2005,JILLIAN,60,0,60
2005,JIYA,20,0,20
2005,JOANNA,27,0,27
2005,JOANNE,20,0,20
2005,JOCELYN,66,0,66
2005,JODY,7,0,7
2005,JOELLE,21,0,21
2005,JOEY,37,27,10
2005,JOHANNA,12,0,12
2005,JOLENE,8,0,8
2005,JOLIE,9,0,9
2005,JORDAN,444,343,101
2005,JORDANA,9,0,9
2005,JORDYN,84,5,79
2005,JORJA,61,0,61
2005,JOSEPHINE,38,0,38
2005,JEWEL,11,0,11
2005,JESSIKA,10,0,10
2005,JESSIE,52,7,45
2005,JESSICA,457,0,457
2005,JAYA,9,0,9
2005,JAYDA,29,0,29
2005,JAYDE,9,0,9
2005,JAYDEN,314,268,46
2005,JAYLA,17,0,17
2005,JAYLYNN,9,0,9
2005,JAYME,13,0,13
2005,JAZLYN,7,0,7
2005,JOSIE,22,0,22
2005,JAZMIN,18,0,18
2005,JELENA,7,0,7
2005,JENA,7,0,7
2005,JENELLE,6,0,6
2005,JENNA,216,0,216
2005,JENNAH,8,0,8
2005,JENNIFER,110,0,110
2005,JENNY,19,0,19
2005,JERSEY,8,0,8
2005,JAZMINE,13,0,13
2005,JOY,26,0,26
2005,JOYCE,13,0,13
2005,JUDE,43,35,8
2005,KAIYA,9,0,9
2005,KALEA,6,0,6
2005,KALEIGH,27,0,27
2005,KALEY,8,0,8
2005,KALI,18,0,18
2005,KALINA,6,0,6
2005,KALLI,6,0,6
2005,KALLIE,7,0,7
2005,KAITLYNN,14,0,14
2005,KAMRYN,18,0,18
2005,KAREENA,8,0,8
2005,KAREN,34,0,34
2005,KARINA,32,0,32
2005,KARINE,6,0,6
2005,KARIS,7,0,7
2005,KARISSA,17,0,17
2005,KARLA,8,0,8
2005,KARLEE,10,0,10
2005,KARA,38,0,38
2005,JASMYN,7,0,7
2005,KAITLYN,286,0,286
2005,KAILYNN,6,0,6
2005,JUDY,19,0,19
2005,JULIA,522,0,522
2005,JULIANA,75,0,75
2005,JULIANNA,52,0,52
2005,JULIANNE,17,0,17
2005,JULIE,54,0,54
2005,JULIET,10,0,10
2005,JULIETTE,24,0,24
2005,KAITLIN,34,0,34
2005,JUSTICE,21,13,8
2005,JUSTINE,31,0,31
2005,KADENCE,14,0,14
2005,KAELYN,25,0,25
2005,KAIA,12,0,12
2005,KAILA,10,0,10
2005,KAILEE,11,0,11
2005,KAILEY,44,0,44
2005,KAILYN,21,0,21
2005,JUSTINA,7,0,7
2005,EMAAN,12,0,12
2005,EMA,12,0,12
2005,ELYSSA,13,0,13
2005,ASHTYN,6,0,6
2005,ASIA,26,0,26
2005,ASMA,12,0,12
2005,ATHANASIA,6,0,6
2005,ATHENA,35,0,35
2005,AUBREY,20,8,12
2005,AUDREY,111,0,111
2005,AURORA,36,0,36
2005,AUTUMN,84,0,84
2005,AVA,519,0,519
2005,AVAH,9,0,9
2005,AVERY,328,57,271
2005,AVNEET,27,0,27
2005,AVRIL,6,0,6
2005,AYA,17,0,17
2005,AYAH,10,0,10
2005,AYAN,15,8,7
2005,ASHLYNN,15,0,15
2005,ASHLYN,54,0,54
2005,ASHLEY,335,0,335
2005,ASHLEIGH,18,0,18
2005,ARIANE,9,0,9
2005,ARIANNA,80,0,80
2005,ARIANNE,10,0,10
2005,ARIEL,41,8,33
2005,ARIELLA,6,0,6
2005,ARIELLE,16,0,16
2005,ARISHA,7,0,7
2005,ARISSA,6,0,6
2005,AYESHA,35,0,35
2005,ARIYA,7,0,7
2005,ARSHIA,12,6,6
2005,ARWEN,6,0,6
2005,ARYA,19,10,9
2005,ARYANA,17,0,17
2005,ARYANNA,6,0,6
2005,ASHA,17,0,17
2005,ASHANTI,7,0,7
2005,ASHLEE,30,0,30
2005,ARSHDEEP,17,10,7
2005,ARIANA,61,0,61
2005,AYLA,22,0,22
2005,AYVA,7,0,7
2005,BRIANA,29,0,29
2005,BRIANNA,245,0,245
2005,BRIANNE,19,0,19
2005,BRIAR,13,0,13
2005,BRIDGET,31,0,31
2005,BRIELLE,24,0,24
2005,BRIGITTE,8,0,8
2005,BRITNEY,11,0,11
2005,BRITTANY,18,0,18
2005,BRITTNEY,10,0,10
2005,BRONWEN,6,0,6
2005,BRONWYN,17,0,17
2005,BROOK,11,0,11
2005,BROOKE,235,0,235
2005,BROOKELYN,6,0,6
2005,BROOKELYNN,6,0,6
2005,BROOKLYN,206,0,206
2005,BRENNA,15,0,15
2005,BRENDA,7,0,7
2005,BREE,7,0,7
2005,BREANNE,15,0,15
2005,BAILEY,71,20,51
2005,BARBARA,11,0,11
2005,BEATRICE,21,0,21
2005,BELINDA,8,0,8
2005,BELLA,19,0,19
2005,BELLE,8,0,8
2005,BETH,9,0,9
2005,BETHANY,52,0,52
2005,AYSHA,11,0,11
2005,BETTY,6,0,6
2005,BIANCA,107,0,107
2005,BILLIE,6,0,6
2005,BISMA,7,0,7
2005,BLESSING,8,0,8
2005,BRANDI,7,0,7
2005,BRANDY,6,0,6
2005,BREANA,6,0,6
2005,BREANNA,83,0,83
2005,BEVERLY,6,0,6
2005,ARIA,8,0,8
2005,AREESHA,6,0,6
2005,ARDEN,8,0,8
2005,ALLYSSA,11,0,11
2005,ALMA,8,0,8
2005,ALORA,7,0,7
2005,ALYCIA,6,0,6
2005,ALYSA,13,0,13
2005,ALYSHA,27,0,27
2005,ALYSON,21,0,21
2005,ALYSSA,395,0,395
2005,ALYSSIA,7,0,7
2005,AMAL,15,0,15
2005,AMANDA,127,0,127
2005,AMANI,9,0,9
2005,AMARA,9,0,9
2005,AMAYA,13,0,13
2005,AMBER,129,0,129
2005,AMELIA,148,0,148
2005,AMELIE,10,0,10
2005,ALLYSON,24,0,24
2005,ALLY,17,0,17
2005,ALLISON,107,0,107
2005,ALLIE,14,0,14
2005,ALEXIA,93,0,93
2005,ALEXIE,13,0,13
2005,ALEXIS,296,16,280
2005,ALEYNA,6,0,6
2005,ALIA,22,0,22
2005,ALICE,62,0,62
2005,ALICIA,107,0,107
2005,ALINA,55,0,55
2005,AMINA,26,0,26
2005,ALISA,11,0,11
2005,ALISHBA,18,0,18
2005,ALISON,48,0,48
2005,ALISSA,34,0,34
2005,ALIVIA,27,0,27
2005,ALIYA,29,0,29
2005,ALIYAH,55,0,55
2005,ALIZA,15,0,15
2005,ALLEGRA,6,0,6
2005,ALISHA,82,0,82
2005,AMIRA,28,0,28
2005,AMNA,17,0,17
2005,AMNEET,6,0,6
2005,ANITA,15,0,15
2005,ANJALI,32,0,32
2005,ANN,7,0,7
2005,ANNA,220,0,220
2005,ANNABEL,10,0,10
2005,ANNABELLA,10,0,10
2005,ANNABELLE,44,0,44
2005,ANNALISE,9,0,9
2005,ANISSA,10,0,10
2005,ANNE,26,0,26
2005,ANNIE,49,0,49
2005,ANNIKA,41,0,41
2005,ANTONIA,13,0,13
2005,ANUSHA,12,0,12
2005,ANYA,17,0,17
2005,APRIL,25,0,25
2005,AQSA,6,0,6
2005,ARABELLA,9,0,9
2005,ANNELIESE,6,0,6
2005,BROOKLYNN,52,0,52
2005,ANISHA,11,0,11
2005,ANIKA,44,0,44
2005,AMRIT,26,13,13
2005,AMRITA,6,0,6
2005,AMY,151,0,151
2005,AMÉLIE,29,0,29
2005,ANA,40,0,40
2005,ANABELLE,7,0,7
2005,ANANYA,8,0,8
2005,ANASTASIA,70,0,70
2005,ANISA,11,0,11
2005,ANAYA,10,0,10
2005,ANDREA,91,9,82
2005,ANGEL,61,9,52
2005,ANGELA,91,0,91
2005,ANGELICA,53,0,53
2005,ANGELINA,194,0,194
2005,ANGELINE,11,0,11
2005,ANGELIQUE,12,0,12
2005,ANGIE,9,0,9
2005,ANDIE,11,0,11
2005,BRYANNA,29,0,29
2005,BRYN,10,0,10
2005,BRYNN,14,0,14
2005,DANIELLE,106,0,106
2005,DANIKA,43,0,43
2005,DANYA,8,0,8
2005,DANYKA,6,0,6
2005,DAPHNE,16,0,16
2005,DARCY,21,15,6
2005,DARIA,17,0,17
2005,DARYA,9,0,9
2005,DAWN,6,0,6
2005,DAYNA,20,0,20
2005,DEANNA,25,0,25
2005,DEBORAH,15,0,15
2005,DEEMA,6,0,6
2005,DEENA,7,0,7
2005,DELANEY,39,0,39
2005,DENISE,10,0,10
2005,DESIREE,17,0,17
2005,DANIELLA,64,0,64
2005,DANIELA,63,0,63
2005,DANICA,40,0,40
2005,DANIA,12,0,12
2005,CLAUDIA,40,0,40
2005,CLOE,9,0,9
2005,CLOÉ,6,0,6
2005,COLLEEN,13,0,13
2005,CORA,16,0,16
2005,CORALIE,12,0,12
2005,CORDELIA,6,0,6
2005,CORINA,6,0,6
2005,DESTINEE,7,0,7
2005,COURTNEY,55,0,55
2005,CRYSTAL,22,0,22
2005,CYNTHIA,40,0,40
2005,CÉLESTE,7,0,7
2005,DAHLIA,12,0,12
2005,DAISY,15,0,15
2005,DAKOTA,107,47,60
2005,DALIA,10,0,10
2005,DANA,42,0,42
2005,CRISTINA,23,0,23
2005,DESTINY,73,0,73
2005,DEVON,94,88,6
2005,DEVYN,12,5,7
2005,ELISABETH,26,0,26
2005,ELISE,31,0,31
2005,ELISHA,18,0,18
2005,ELISSA,12,0,12
2005,ELIZA,28,0,28
2005,ELIZABETH,295,0,295
2005,ELLA,510,0,510
2005,ELLE,30,0,30
2005,ELISA,24,0,24
2005,ELLEN,25,0,25
2005,ELLIANA,6,0,6
2005,ELLIE,42,0,42
2005,ELLY,7,0,7
2005,ELOISE,7,0,7
2005,ELORA,8,0,8
2005,ELSA,14,0,14
2005,ELSIE,13,0,13
2005,ELYSE,13,0,13
2005,ELLERY,6,0,6
2005,CLARISSA,11,0,11
2005,ELINA,8,0,8
2005,ELIANA,28,0,28
2005,DIANA,47,0,47
2005,DINA,13,0,13
2005,DISHA,8,0,8
2005,DIVYA,9,0,9
2005,DIYA,41,0,41
2005,DOMINIQUE,28,0,28
2005,DREW,51,42,9
2005,DUAA,7,0,7
2005,ELIANNA,6,0,6
2005,DYLAN,503,491,12
2005,EDITH,7,0,7
2005,EILEEN,11,0,11
2005,ELAINA,15,0,15
2005,ELAINE,16,0,16
2005,ELAYNA,7,0,7
2005,ELEANOR,24,0,24
2005,ELENA,49,0,49
2005,ELENI,18,0,18
2005,EDEN,65,5,60
2005,LANA,16,0,16
2005,CLARE,30,0,30
2005,CLAIRE,195,0,195
2005,CARISSA,16,0,16
2005,CARLA,6,0,6
2005,CARLEE,6,0,6
2005,CARLEIGH,11,0,11
2005,CARLEY,16,0,16
2005,CARLIE,6,0,6
2005,CARLY,60,0,60
2005,CARMELA,6,0,6
2005,CARMEN,29,0,29
2005,CAROL,8,0,8
2005,CAROLINA,10,0,10
2005,CAROLINE,46,0,46
2005,CAROLYN,18,0,18
2005,CARRIE,11,0,11
2005,CARYS,20,0,20
2005,CASANDRA,6,0,6
2005,CASEY,34,17,17
2005,CARINA,12,0,12
2005,CARA,19,0,19
2005,CANDICE,8,0,8
2005,CANDACE,7,0,7
2005,BUSHRA,8,0,8
2005,CADENCE,62,0,62
2005,CAELAN,15,9,6
2005,CAILEIGH,8,0,8
2005,CAILEY,11,0,11
2005,CAITLIN,91,0,91
2005,CAITLYN,75,0,75
2005,CALEIGH,14,0,14
2005,CASSANDRA,102,0,102
2005,CALI,7,0,7
2005,CALLIE,23,0,23
2005,CALLISTA,7,0,7
2005,CAMERON,452,434,18
2005,CAMERYN,6,0,6
2005,CAMILA,16,0,16
2005,CAMILLA,10,0,10
2005,CAMILLE,46,0,46
2005,CAMRYN,48,0,48
2005,CALISTA,16,0,16
2005,CASSIDY,76,0,76
2005,CASSIE,14,0,14
2005,CATE,7,0,7
2005,CHARLOTTE,225,0,225
2005,CHAYA,10,0,10
2005,CHELSEA,97,0,97
2005,CHELSEY,14,0,14
2005,CHERYL,6,0,6
2005,CHEYANNE,20,0,20
2005,CHEYENNE,43,0,43
2005,CHIARA,35,0,35
2005,CHARLIZE,17,0,17
2005,CHLOE,381,0,381
2005,CHLOË,21,0,21
2005,CHRISTA,6,0,6
2005,CHRISTINA,143,0,143
2005,CHRISTINE,40,0,40
2005,CIARA,84,0,84
2005,CIERA,8,0,8
2005,CIERRA,16,0,16
2005,CINDY,27,0,27
2005,CHLOÉ,55,0,55
2005,CLARA,75,0,75
2005,CHARLIE,81,68,13
2005,CHARLENE,11,0,11
2005,CATERINA,9,0,9
2005,CATHERINE,109,0,109
2005,CATHY,9,0,9
2005,CATRINA,7,0,7
2005,CATRIONA,7,0,7
2005,CAYLA,10,0,10
2005,CECILIA,28,0,28
2005,CELESTE,25,0,25
2005,CHARLEY,11,0,11
2005,CELIA,7,0,7
2005,CELINE,14,0,14
2005,CHANA,8,0,8
2005,CHANEL,12,0,12
2005,CHANELLE,20,0,20
2005,CHANTAL,22,0,22
2005,CHANTEL,15,0,15
2005,CHANTELLE,11,0,11
2005,CHARLEE,15,0,15
2005,CELINA,33,0,33
2005,LARA,50,0,50
2005,LARISSA,36,0,36
2005,LAURA,131,0,131
2005,SANDY,10,0,10
2005,SANIA,13,0,13
2005,SANIYA,11,0,11
2005,SANJANA,12,0,12
2005,SANYA,7,0,7
2005,SAOIRSE,6,0,6
2005,SANDRA,22,0,22
2005,SARA,240,0,240
2005,SARENA,6,0,6
2005,SARINA,11,0,11
2005,SARRA,6,0,6
2005,SASHA,52,9,43
2005,SAVANA,14,0,14
2005,SAVANAH,12,0,12
2005,SARAH,642,0,642
2005,SAVANNA,30,0,30
2005,SANA,29,0,29
2005,SAMIRA,15,0,15
2005,SAFIYA,8,0,8
2005,SAGE,31,8,23
2005,SAHANA,11,0,11
2005,SAHAR,24,0,24
2005,SAHARA,15,0,15
2005,SAIGE,18,0,18
2005,SAMIYA,6,0,6
2005,SAKINA,7,0,7
2005,SALLY,7,0,7
2005,SALMA,25,0,25
2005,SAMA,6,0,6
2005,SAMANTHA,458,0,458
2005,SAMARA,28,0,28
2005,SAMIA,10,0,10
2005,SALENA,6,0,6
2005,SAVANNAH,109,0,109
2005,SCARLETT,30,0,30
2005,SEANNA,6,0,6
2005,SHAYE,7,0,7
2005,SHAYLA,33,0,33
2005,SHAYLEE,7,0,7
2005,SHAYLYN,6,0,6
2005,SHAYLYNN,7,0,7
2005,SHAYNA,15,0,15
2005,SHAWNA,9,0,9
2005,SHAYNE,15,9,6
2005,SHEALYN,6,0,6
2005,SHELBY,69,0,69
2005,SHERIDAN,8,0,8
2005,SHIRA,9,0,9
2005,SHIRLEY,8,0,8
2005,SHIVANI,10,0,10
2005,SHEA,15,9,6
2005,SHAUNA,7,0,7
2005,SHARON,20,0,20
2005,SHANNON,55,0,55
2005,SEERAT,6,0,6
2005,SEJAL,7,0,7
2005,SELAH,6,0,6
2005,SELENA,77,0,77
2005,SELINA,26,0,26
2005,SERENA,106,0,106
2005,SERENE,8,0,8
2005,SERENITY,29,0,29
2005,SERINA,6,0,6
2005,SHAE,8,0,8
2005,SHAELYN,9,0,9
2005,SHAINA,8,0,8
2005,SHAKIRA,6,0,6
2005,SHANELLE,7,0,7
2005,SHANIA,18,0,18
2005,SAFIA,8,0,8
2005,SHOSHANA,6,0,6
2005,SAFA,14,0,14
2005,SADE,6,0,6
2005,RAYNE,11,0,11
2005,REAGAN,24,0,24
2005,REANNA,10,0,10
2005,REBECCA,219,0,219
2005,REBEKAH,27,0,27
2005,REECE,28,21,7
2005,RAYNA,17,0,17
2005,REEGAN,13,0,13
2005,REESE,77,26,51
2005,REGAN,33,5,28
2005,REILLY,29,18,11
2005,RENEE,26,0,26
2005,RENÉE,29,0,29
2005,RHEA,28,0,28
2005,REEM,10,0,10
2005,RHIANNA,6,0,6
2005,RAYAN,47,38,9
2005,RAWAN,6,0,6
2005,RACHEAL,6,0,6
2005,RACHEL,430,0,430
2005,RACHELLE,12,0,12
2005,RAEGAN,7,0,7
2005,RAHMA,11,0,11
2005,RAINA,10,0,10
2005,RAYA,14,0,14
2005,RAINE,11,0,11
2005,RANA,13,0,13
2005,RANIA,11,0,11
2005,RAPHAËLLE,6,0,6
2005,RAQUEL,17,0,17
2005,RAVEN,18,0,18
2005,RAVNEET,8,0,8
2005,RAMEEN,10,0,10
2005,RHIANNON,13,0,13
2005,RIA,32,0,32
2005,RIANA,6,0,6
2005,RUTH,26,0,26
2005,RYAN,842,831,11
2005,RYANN,15,0,15
2005,RYANNE,12,0,12
2005,RYLAN,76,63,13
2005,RYLEE,63,12,51
2005,RUBY,62,0,62
2005,RYLEIGH,24,0,24
2005,RYLIE,20,5,15
2005,SAANVI,6,0,6
2005,SABA,11,0,11
2005,SABINA,12,0,12
2005,SABINE,6,0,6
2005,SADAF,11,0,11
2005,RYLEY,23,15,8
2005,ROXANNE,6,0,6
2005,ZARAH,6,0,6
2005,ROSEMARY,15,0,15
2005,RIANNA,9,0,9
2005,RICHELLE,6,0,6
2005,RIDA,22,0,22
2005,RILEIGH,6,0,6
2005,RILEY,359,260,99
2005,RITA,18,0,18
2005,RIVKA,7,0,7
2005,RIYA,38,0,38
2005,ROBIN,33,12,21
2005,ROBYN,33,0,33
2005,ROCHELLE,8,0,8
2005,RORY,35,19,16
2005,ROSA,7,0,7
2005,ROSALIE,9,0,9
2005,ROSE,33,0,33
2005,SADIE,58,0,58
2005,RACHAEL,49,0,49
2005,SHREYA,11,0,11
2005,SHYANNE,27,0,27
2005,TINA,43,0,43
2005,TONI,7,0,7
2005,TORI,29,0,29
2005,TOVA,6,0,6
2005,TRACY,9,0,9
2005,TRINITY,132,0,132
2005,TIFFANY,65,0,65
2005,TRISHA,16,0,16
2005,TRISTAN,225,216,9
2005,TRISTEN,34,27,7
2005,TRUDY,7,0,7
2005,TYANNA,7,0,7
2005,TYLER,600,591,9
2005,TYRA,16,0,16
2005,TRISTA,8,0,8
2005,TÉA,10,0,10
2005,TIERNEY,6,0,6
2005,TIANNA,30,0,30
2005,TEAGHAN,10,0,10
2005,TEGAN,13,0,13
2005,TEHYA,11,0,11
2005,TENZIN,18,12,6
2005,TEODORA,6,0,6
2005,TERESA,23,0,23
2005,TIARA,8,0,8
2005,TESS,14,0,14
2005,THALIA,10,0,10
2005,THEA,17,0,17
2005,THEODORA,7,0,7
2005,THERESA,11,0,11
2005,TIA,38,0,38
2005,TIANA,47,0,47
2005,TESSA,71,0,71
2005,UMA,6,0,6
2005,VALENTINA,27,0,27
2005,VALERIA,12,0,12
2005,YARA,7,0,7
2005,YASMEEN,20,0,20
2005,YASMIN,19,0,19
2005,YASMINA,8,0,8
2005,YASMINE,26,0,26
2005,YU,8,0,8
2005,YAEL,6,0,6
2005,YUMNA,8,0,8
2005,YVONNE,8,0,8
2005,ZAARA,12,0,12
2005,ZAHRA,38,0,38
2005,ZAHRAA,8,0,8
2005,ZAINA,18,0,18
2005,ZAINAB,52,0,52
2005,YUSRA,15,0,15
2005,WILLOW,31,0,31
2005,WHITNEY,6,0,6
2005,WENDY,13,0,13
2005,VALERIE,38,0,38
2005,VALÉRIE,6,0,6
2005,VANESSA,233,0,233
2005,VERA,7,0,7
2005,VERONICA,89,0,89
2005,VERONIKA,17,0,17
2005,VICKY,7,0,7
2005,VICTORIA,445,0,445
2005,VIENNA,7,0,7
2005,VIKTORIA,8,0,8
2005,VIOLET,20,0,20
2005,VIRGINIA,7,0,7
2005,VITTORIA,7,0,7
2005,VIVIAN,42,0,42
2005,VIVIEN,8,0,8
2005,TEAGAN,46,6,40
2005,SHYANN,11,0,11
2005,TAYLOR,326,40,286
2005,TAYAH,6,0,6
2005,SKYLER,42,22,20
2005,SLOANE,6,0,6
2005,SOFIA,228,0,228
2005,SOFIE,12,0,12
2005,SOHA,7,0,7
2005,SOLEIL,9,0,9
2005,SKYLAR,54,10,44
2005,SONIA,27,0,27
2005,SONYA,25,0,25
2005,SOPHIA,388,0,388
2005,SOPHIE,243,0,243
2005,STACEY,15,0,15
2005,STACY,8,0,8
2005,STEFANIA,9,0,9
2005,SONJA,9,0,9
2005,STEFANIE,14,0,14
2005,SKYLA,16,0,16
2005,SIYA,10,0,10
2005,SIANNA,6,0,6
2005,SIDNEY,26,9,17
2005,SIENA,13,0,13
2005,SIENNA,67,0,67
2005,SIERRA,165,0,165
2005,SILVIA,12,0,12
2005,SKYE,18,0,18
2005,SIMAR,10,0,10
2005,SIMONE,34,0,34
2005,SIMRAH,7,0,7
2005,SIMRAN,43,0,43
2005,SIMRAT,7,0,7
2005,SINEAD,6,0,6
2005,SIOBHAN,10,0,10
2005,SIMONA,21,0,21
2005,STELLA,56,0,56
2005,STEPHANIE,128,0,128
2005,SUKHMAN,22,10,12
2005,TAMMY,11,0,11
2005,TANIA,6,0,6
2005,TANIKA,6,0,6
2005,TANISHA,14,0,14
2005,TANVI,7,0,7
2005,TANYA,23,0,23
2005,TAMIA,10,0,10
2005,TARA,53,0,53
2005,TASNEEM,9,0,9
2005,TATIANA,42,0,42
2005,TATUM,28,0,28
2005,TATYANA,8,0,8
2005,TAVIA,6,0,6
2005,TAYA,31,0,31
2005,TARYN,38,0,38
2005,TAMARA,27,0,27
2005,TALYA,6,0,6
2005,TALIA,51,0,51
2005,SUKHMANI,7,0,7
2005,SUMAIYA,9,0,9
2005,SUMAYA,10,0,10
2005,SUMMER,76,0,76
2005,SUNNY,14,8,6
2005,SUSAN,10,0,10
2005,SUSIE,6,0,6
2005,SUZANNE,7,0,7
2005,SYDNEE,9,0,9
2005,SYDNEY,319,8,311
2005,SYEDA,15,0,15
2005,SYLVIA,18,0,18
2005,TABITHA,14,0,14
2005,TAIJA,7,0,7
2005,TALA,11,0,11
2005,TAYLER,16,5,11
2005,RABIA,6,0,6
2005,ROWAN,98,64,34
2005,PYPER,7,0,7
2005,MAKENA,12,0,12
2005,MAKENNA,49,0,49
2005,MAKENZIE,14,0,14
2005,MALAIKA,8,0,8
2005,MALAK,18,0,18
2005,MALEEHA,6,0,6
2005,MAKAYLA,117,0,117
2005,MALENA,7,0,7
2005,MALIHA,6,0,6
2005,MALIKA,7,0,7
2005,MALLORY,21,0,21
2005,MANAHIL,10,0,10
2005,MANAL,7,0,7
2005,MANDY,16,0,16
2005,MALIA,7,0,7
2005,MANEET,7,0,7
2005,QUINN,108,84,24
2005,MAJA,15,0,15
2005,MAE,8,0,8
2005,MAEGAN,12,0,12
2005,MAEVE,38,0,38
2005,MAGDALENA,8,0,8
2005,MAGGIE,42,0,42
2005,MAHA,16,0,16
2005,MAKAELA,6,0,6
2005,MAHAM,11,0,11
2005,MAHEK,6,0,6
2005,MAHNOOR,13,0,13
2005,MAIA,54,0,54
2005,MAIRA,7,0,7
2005,MAISIE,8,0,8
2005,MAIYA,9,0,9
2005,MAHEEN,8,0,8
2005,MANJOT,8,0,8
2005,MANMEET,6,0,6
2005,MANREET,6,0,6
2005,MARJORIE,7,0,7
2005,MARLEE,14,0,14
2005,MARLEY,24,0,24
2005,MARTA,6,0,6
2005,MARTHA,13,0,13
2005,MARTINA,33,0,33
2005,MARIYAH,6,0,6
2005,MARWA,16,0,16
2005,MARYAM,65,0,65
2005,MATHILDE,6,0,6
2005,MATILDA,8,0,8
2005,MATTEA,11,0,11
2005,MAXINE,19,0,19
2005,MAY,6,0,6
2005,MARY,102,0,102
2005,MARIUM,6,0,6
2005,MARISSA,105,0,105
2005,MARISA,40,0,40
2005,MARA,24,0,24
2005,MAREN,11,0,11
2005,MARGARET,73,0,73
2005,MARIA,182,0,182
2005,MARIAH,45,0,45
2005,MARIAM,74,0,74
2005,MARIANA,29,0,29
2005,MARIANNA,9,0,9
2005,MARIANNE,12,0,12
2005,MARIE,77,0,77
2005,MARIE-PIER,6,0,6
2005,MARIKA,9,0,9
2005,MARILYN,12,0,12
2005,MARIN,11,0,11
2005,MARINA,39,0,39
2005,MADYSON,19,0,19
2005,MAYA,367,0,367
2005,MADISYN,19,0,19
2005,MADINA,11,0,11
2005,LIA,29,0,29
2005,LIANA,8,0,8
2005,LIANNE,8,0,8
2005,LIBBY,8,0,8
2005,LIBERTY,7,0,7
2005,LIDIA,6,0,6
2005,LEYLA,9,0,9
2005,LILA,18,0,18
2005,LILIA,7,0,7
2005,LILIAN,16,0,16
2005,LILIANA,23,0,23
2005,LILIANNA,6,0,6
2005,LILLIAN,74,0,74
2005,LILLIANA,8,0,8
2005,LILAH,8,0,8
2005,LILLY,35,0,35
2005,LEXIE,7,0,7
2005,LETICIA,6,0,6
2005,LAUREL,14,0,14
2005,LAUREN,416,0,416
2005,LAURIE,7,0,7
2005,LAURYN,33,0,33
2005,LAYLA,51,0,51
2005,LEA,20,0,20
2005,LEXI,18,0,18
2005,LEAH,225,0,225
2005,LEANNE,16,0,16
2005,LEENA,11,0,11
2005,LEIA,7,0,7
2005,LEILA,31,0,31
2005,LENA,21,0,21
2005,LESLIE,6,0,6
2005,LEANNA,14,0,14
2005,LILY,218,0,218
2005,LINA,23,0,23
2005,LINDA,16,0,16
2005,LYNDSAY,7,0,7
2005,MABEL,8,0,8
2005,MACKAYLA,7,0,7
2005,MACKENNA,10,0,10
2005,MACKENZIE,359,29,330
2005,MACY,27,0,27
2005,LYLA,8,0,8
2005,MADALYN,19,0,19
2005,MADELAINE,18,0,18
2005,MADELEINE,78,0,78
2005,MADELINE,137,0,137
2005,MADELYN,66,0,66
2005,MADELYNN,10,0,10
2005,MADILYN,7,0,7
2005,MADDISON,36,0,36
2005,LYDIA,63,0,63
2005,LUNA,11,0,11
2005,LUCY,57,0,57
2005,LINDSAY,55,0,55
2005,LINDSEY,26,0,26
2005,LINNEA,8,0,8
2005,LISA,48,0,48
2005,LIV,6,0,6
2005,LIVIA,16,0,16
2005,LIZA,8,0,8
2005,LOGAN,547,513,34
2005,LOLA,40,0,40
2005,LORELAI,6,0,6
2005,LORENA,6,0,6
2005,LOUISA,7,0,7
2005,LUCIA,15,0,15
2005,LUCIE,7,0,7
2005,LUCINDA,6,0,6
2005,MADISON,608,0,608
2005,MCKAYLA,18,0,18
2005,MAKAILA,11,0,11
2005,MCKENZIE,19,0,19
2005,NIKKI,16,0,16
2005,NIKOLINA,9,0,9
2005,NINA,42,0,42
2005,NIYA,7,0,7
2005,NOA,15,0,15
2005,NOELLE,25,0,25
2005,NIKITA,21,7,14
2005,NOOR,29,0,29
2005,NORAH,32,0,32
2005,NOUR,16,0,16
2005,NOVA,7,0,7
2005,NOÉMIE,10,0,10
2005,NUHA,6,0,6
2005,NYA,11,0,11
2005,NORA,40,0,40
2005,NYAH,12,0,12
2005,NIKI,6,0,6
2005,NIDHI,11,0,11
2005,NATALYA,7,0,7
2005,NATASHA,122,0,122
2005,NATHALIA,6,0,6
2005,NATHALIE,12,0,12
2005,NAVNEET,6,0,6
2005,NAWAL,11,0,11
2005,NIKA,6,0,6
2005,NAYA,6,0,6
2005,NELLY,6,0,6
2005,NEVAEH,65,0,65
2005,NEVE,10,0,10
2005,NIA,17,0,17
2005,NICOLA,21,10,11
2005,NICOLE,296,0,296
2005,NEHA,21,0,21
2005,NYLA,25,0,25
2005,NYSSA,6,0,6
2005,OCEAN,9,0,9
2005,PETRA,12,0,12
2005,PEYTON,84,28,56
2005,PHOEBE,19,0,19
2005,PHOENIX,50,36,14
2005,PIPER,42,0,42
2005,POLINA,6,0,6
2005,PENELOPE,14,0,14
2005,POPPY,7,0,7
2005,PRESLEY,16,6,10
2005,PRISCILLA,14,0,14
2005,PRISHA,6,0,6
2005,PRIYA,26,0,26
2005,PRIYANKA,13,0,13
2005,PUNEET,6,0,6
2005,PRABHLEEN,8,0,8
2005,PEARL,7,0,7
2005,MCKENNA,37,0,37
2005,PAULINE,9,0,9
2005,OCÉANE,7,0,7
2005,ODESSA,6,0,6
2005,OLGA,7,0,7
2005,OLIVIA,794,0,794
2005,PAIGE,298,0,298
2005,PAISLEY,11,0,11
2005,PAMELA,10,0,10
2005,PARI,6,0,6
2005,PARIS,34,0,34
2005,PARKER,95,88,7
2005,PARNEET,6,0,6
2005,PATIENCE,11,0,11
2005,PATRICIA,16,0,16
2005,PAULA,13,0,13
2005,PAULINA,16,0,16
2005,NATALIE,245,0,245
2005,NATALIA,71,0,71
2005,PAYTON,83,21,62
2005,NAOMI,122,0,122
2005,MERCEDES,19,0,19
2005,MEREDITH,21,0,21
2005,MERISSA,8,0,8
2005,MIA,262,0,262
2005,MIAH,12,0,12
2005,MICAELA,11,0,11
2005,MELODY,37,0,37
2005,MICHAELA,52,0,52
2005,MICHELLE,143,0,143
2005,MIKA,17,0,17
2005,MIKAELA,36,0,36
2005,MIKALAH,10,0,10
2005,MIKAYLA,142,0,142
2005,MIKAYLAH,7,0,7
2005,MICHELA,12,0,12
2005,MELISSA,99,0,99
2005,MELISA,9,0,9
2005,MELINDA,11,0,11
2005,MEHAR,11,5,6
2005,NAOMIE,7,0,7
2005,MEHAK,16,0,16
2005,MEGHAN,96,0,96
2005,MEGAN,290,0,290
2005,MEG,7,0,7
2005,MEERA,14,0,14
2005,MEENA,6,0,6
2005,MEAGHAN,30,0,30
2005,MEAGAN,32,0,32
2005,MEADOW,12,0,12
2005,MELANIA,6,0,6
2005,MELANIE,69,0,69
2005,MELIA,6,0,6
2005,MELINA,29,0,29
2005,MILA,29,0,29
2005,MILAN,20,13,7
2005,MEHREEN,6,0,6
2005,MILENA,19,0,19
2005,MYRA,15,0,15
2005,MYRIAM,9,0,9
2005,MÉGANE,7,0,7
2005,MÉLANIE,8,0,8
2005,MÉLISSA,6,0,6
2005,MÉLODIE,11,0,11
2005,MYLA,13,0,13
2005,NABIHA,7,0,7
2005,NADINE,15,0,15
2005,NAIMA,11,0,11
2005,NAIYA,7,0,7
2005,NANCY,35,0,35
2005,MILANA,12,0,12
2005,NANA,11,5,6
2005,NADIA,89,0,89
2005,MYAH,21,0,21
2005,NADA,13,0,13
2005,MUSKAN,7,0,7
2005,MIRA,24,0,24
2005,MYA,174,0,174
2005,MIRANDA,51,0,51
2005,MINA,13,0,13
2005,MIRIAM,25,0,25
2005,MISHA,11,0,11
2005,MIYA,11,0,11
2005,MOLLY,94,0,94
2005,MISCHA,9,0,9
2005,MONICA,44,0,44
2005,MONIKA,11,0,11
2005,MUSKAAN,9,0,9
2005,MONIQUE,17,0,17
2005,MONTANA,14,0,14
2005,MONA,7,0,7
2005,MORGAN,236,43,193
2006,YUSUF,61,61,0
2006,YASSER,5,5,0
2006,YOUNG,5,5,0
2006,YOUSEF,16,16,0
2006,YOUSSEF,11,11,0
2006,YOUSUF,9,9,0
2006,YUVRAJ,18,18,0
2006,YASIN,9,9,0
2006,YOUSIF,9,9,0
2006,YASH,10,10,0
2006,WYATT,126,126,0
2006,YANNICK,12,12,0
2006,YAHYA,16,16,0
2006,XZAVIER,5,5,0
2006,XAVIER,185,185,0
2006,XANDER,33,33,0
2006,WINSTON,7,7,0
2006,WILLY,9,9,0
2006,WILLIAM,676,676,0
2006,ZACH,8,8,0
2006,WILLEM,14,14,0
2006,YASEEN,12,12,0
2006,ZACHARIA,5,5,0
2006,ZAVIER,6,6,0
2006,ZACHARY,415,415,0
2006,WILL,11,11,0
2006,ZION,11,11,0
2006,ZIDANE,6,6,0
2006,ZIAD,5,5,0
2006,ZEESHAN,8,8,0
2006,ZAYNE,5,5,0
2006,ZAYDEN,6,6,0
2006,ZAYD,8,8,0
2006,ZAYAN,15,15,0
2006,ZARIF,5,5,0
2006,ZACHARIAH,8,8,0
2006,ZANE,20,20,0
2006,ZAKKARY,6,6,0
2006,ZAKARY,14,14,0
2006,ZAKARIYA,11,11,0
2006,ZAKARIA,12,12,0
2006,ZAIN,46,46,0
2006,ZAID,22,22,0
2006,ZACKERY,24,24,0
2006,ZACKARY,61,61,0
2006,ZACK,11,11,0
2006,ZACHERY,9,9,0
2006,ZANDER,46,46,0
2006,WILHELM,8,8,0
2006,TYSON,133,133,0
2006,WESTON,9,9,0
2006,TYRESE,13,13,0
2006,TYRELL,17,17,0
2006,TYLOR,6,6,0
2006,TYE,16,16,0
2006,TY,81,81,0
2006,TUCKER,21,21,0
2006,TRYSTAN,14,14,0
2006,TROY,37,37,0
2006,TRISTIN,11,11,0
2006,TRISTIAN,6,6,0
2006,TRISTEN,26,26,0
2006,TREY,22,22,0
2006,TYRON,5,5,0
2006,TREVOR,72,72,0
2006,TRENTON,36,36,0
2006,TRENTEN,5,5,0
2006,TRENT,50,50,0
2006,TRAYSON,5,5,0
2006,TRAVIS,83,83,0
2006,TORIN,8,8,0
2006,TONY,32,32,0
2006,TOMMY,13,13,0
2006,TOMAS,29,29,0
2006,TOM,12,12,0
2006,TODD,10,10,0
2006,TOBY,11,11,0
2006,TREVON,10,10,0
2006,TYRUS,5,5,0
2006,TYSEN,7,7,0
2006,UMAIR,8,8,0
2006,WESLEY,69,69,0
2006,WEI,5,5,0
2006,WAYNE,18,18,0
2006,WARREN,15,15,0
2006,WALTER,6,6,0
2006,WALKER,8,8,0
2006,WALEED,10,10,0
2006,WADE,17,17,0
2006,VRAJ,5,5,0
2006,VIVEK,7,7,0
2006,VITO,6,6,0
2006,VISHNU,11,11,0
2006,VISHAL,9,9,0
2006,VINCENZO,13,13,0
2006,VINCENT,116,116,0
2006,VINCE,10,10,0
2006,VICTOR,77,77,0
2006,VEER,10,10,0
2006,VED,5,5,0
2006,VAUGHN,6,6,0
2006,VARUN,10,10,0
2006,VANSH,7,7,0
2006,VANCE,5,5,0
2006,UZAIR,8,8,0
2006,USMAN,10,10,0
2006,UMER,5,5,0
2006,UMAR,18,18,0
2006,WILFRED,6,6,0
2006,WILSON,20,20,0
2006,IAN,141,141,0
2006,AADIL,5,5,0
2006,LINCOLN,59,59,0
2006,LIBAN,6,6,0
2006,LIAM,602,602,0
2006,LEWIS,15,15,0
2006,LEVI,51,51,0
2006,LEV,6,6,0
2006,LLOYD,5,5,0
2006,LEONARDO,16,16,0
2006,LEON,17,17,0
2006,LEO,66,66,0
2006,LENNON,14,14,0
2006,LELAND,57,57,0
2006,LEELAND,5,5,0
2006,LEE,5,5,0
2006,LEONARD,9,9,0
2006,LOCHLAN,12,12,0
2006,LOGEN,5,5,0
2006,LOÏC,9,9,0
2006,LUKE,294,294,0
2006,LUKAS,111,111,0
2006,LUKA,59,59,0
2006,LUIS,13,13,0
2006,LUIGI,7,7,0
2006,LUCIUS,5,5,0
2006,LUCIEN,6,6,0
2006,LUCIANO,10,10,0
2006,LUCAS,681,681,0
2006,LUCA,209,209,0
2006,LUC,28,28,0
2006,LOUIS,27,27,0
2006,LOUIE,7,7,0
2006,LORENZO,15,15,0
2006,LONDON,7,7,0
2006,LEANDRO,8,8,0
2006,LUQMAN,5,5,0
2006,LAZAR,9,9,0
2006,LAYNE,9,9,0
2006,KURTIS,22,22,0
2006,KURT,7,7,0
2006,KRRISH,7,7,0
2006,KRISTOPHER,15,15,0
2006,KRISTIAN,23,23,0
2006,KRISHAN,7,7,0
2006,KUSH,5,5,0
2006,KRISH,77,77,0
2006,KORBYN,5,5,0
2006,KORBIN,6,6,0
2006,KONSTANTINOS,5,5,0
2006,KONRAD,10,10,0
2006,KONNER,7,7,0
2006,KOLTON,11,11,0
2006,KRIS,6,6,0
2006,KYAN,13,13,0
2006,KYE,7,7,0
2006,KYLAN,6,6,0
2006,LAWSON,8,8,0
2006,LAWRENCE,15,15,0
2006,LATHUSHAN,5,5,0
2006,LARRY,7,7,0
2006,LANE,9,9,0
2006,LANDYN,11,11,0
2006,LANDON,125,125,0
2006,LANDIN,8,8,0
2006,LANDEN,48,48,0
2006,LANCE,19,19,0
2006,LAMAR,7,7,0
2006,LACHLAN,24,24,0
2006,KYLER,21,21,0
2006,KYLEN,6,6,0
2006,KYLE,276,276,0
2006,LAYTON,6,6,0
2006,KOLE,11,11,0
2006,LYNDON,6,6,0
2006,MACLEAN,5,5,0
2006,MATTHIAS,13,13,0
2006,MATTHEW,975,975,0
2006,MATTEO,171,171,0
2006,MATIAS,12,12,0
2006,MATHIS,16,16,0
2006,MATHIEU,44,44,0
2006,MATTHIEU,9,9,0
2006,MATHIAS,20,20,0
2006,MATEUS,5,5,0
2006,MATÉO,7,7,0
2006,MATEO,63,63,0
2006,MATEI,7,7,0
2006,MATEEN,6,6,0
2006,MASSIMO,36,36,0
2006,MATHEW,52,52,0
2006,MAURICE,8,8,0
2006,MAVERICK,14,14,0
2006,MAX,90,90,0
2006,MENACHEM,8,8,0
2006,MEMPHIS,5,5,0
2006,MELVIN,5,5,0
2006,MEKHI,18,18,0
2006,MEHMET,5,5,0
2006,MEHDI,6,6,0
2006,MAZIN,5,5,0
2006,MAXX,6,6,0
2006,MAXWELL,106,106,0
2006,MAXIMUS,28,28,0
2006,MAXIMO,5,5,0
2006,MAXIMILLIAN,5,5,0
2006,MAXIMILIAN,29,29,0
2006,MAXIME,41,41,0
2006,MAXIM,49,49,0
2006,MASON,248,248,0
2006,MAAZ,10,10,0
2006,MARVIN,10,10,0
2006,MARSHALL,34,34,0
2006,MALAKAI,13,13,0
2006,MALACHI,51,51,0
2006,MAKSYMILIAN,6,6,0
2006,MAKSIM,6,6,0
2006,MAKAI,5,5,0
2006,MAHMOUD,8,8,0
2006,MALAKI,6,6,0
2006,MAHIR,6,6,0
2006,MAHAD,12,12,0
2006,MAGUIRE,5,5,0
2006,MAGNUS,5,5,0
2006,MADDOX,37,37,0
2006,MADDIX,6,6,0
2006,MADDEN,7,7,0
2006,MAHDI,11,11,0
2006,MALCOLM,52,52,0
2006,MALIK,28,28,0
2006,MANAV,6,6,0
2006,MARQUES,8,8,0
2006,MARLON,6,6,0
2006,MARKUS,44,44,0
2006,MARKO,43,43,0
2006,MARK,113,113,0
2006,MARIO,36,36,0
2006,MAREK,13,13,0
2006,MARCUS,207,207,0
2006,MARCOS,6,6,0
2006,MARCO,86,86,0
2006,MARCELLO,8,8,0
2006,MARCEL,13,13,0
2006,MARC,41,41,0
2006,MANRAJ,10,10,0
2006,MANJOT,12,12,0
2006,MARTIN,71,71,0
2006,MERRICK,11,11,0
2006,KOLBY,10,10,0
2006,KOEN,11,11,0
2006,JOHNATHAN,55,55,0
2006,JOHN,313,313,0
2006,JOHANN,7,7,0
2006,JOHAN,14,14,0
2006,JOËL,5,5,0
2006,JOEL,99,99,0
2006,JOHNATHON,11,11,0
2006,JOE,11,11,0
2006,JIMMY,14,14,0
2006,JIBRIL,5,5,0
2006,JEVON,7,7,0
2006,JETT,16,16,0
2006,JETHRO,5,5,0
2006,JET,5,5,0
2006,JOAQUIN,20,20,0
2006,JOHNNY,21,21,0
2006,JOHNSON,7,7,0
2006,JON,5,5,0
2006,JOVAN,12,12,0
2006,JOSIAH,81,81,0
2006,JOSHUA,924,924,0
2006,JOSH,20,20,0
2006,JOSEPH,406,406,0
2006,JOSEF,8,8,0
2006,JOSÉ,7,7,0
2006,JOSE,14,14,0
2006,JORGE,8,8,0
2006,JORDON,5,5,0
2006,JORDEN,9,9,0
2006,JONATHON,13,13,0
2006,JONATHAN,271,271,0
2006,JONAS,35,35,0
2006,JONAH,96,96,0
2006,JERRY,18,18,0
2006,JUAN,22,22,0
2006,JEROME,13,13,0
2006,JÉRÉMY,7,7,0
2006,JAWAD,7,7,0
2006,JAVON,10,10,0
2006,JAVIER,11,11,0
2006,JASRAJ,8,8,0
2006,JASPER,24,24,0
2006,JASON,218,218,0
2006,JAXEN,8,8,0
2006,JASNOOR,5,5,0
2006,JASKARAN,12,12,0
2006,JASHAN,7,7,0
2006,JASE,10,10,0
2006,JASDEEP,5,5,0
2006,JARRETT,7,7,0
2006,JARED,74,74,0
2006,JASKIRAT,10,10,0
2006,JAXON,49,49,0
2006,JAXSON,18,18,0
2006,JAY,26,26,0
2006,JEREMY,128,128,0
2006,JÉRÉMIE,14,14,0
2006,JEREMIAH,60,60,0
2006,JENSEN,10,10,0
2006,JEFFREY,63,63,0
2006,JEFFERY,16,16,0
2006,JEFFERSON,9,9,0
2006,JEFF,9,9,0
2006,JEEVAN,9,9,0
2006,JEDIDIAH,7,7,0
2006,JEAN,6,6,0
2006,JAYSON,14,14,0
2006,JAYDON,17,17,0
2006,JAYDAN,6,6,0
2006,JAYCE,14,14,0
2006,JERICHO,7,7,0
2006,KOHEN,10,10,0
2006,JUDAH,17,17,0
2006,JULIAN,193,193,0
2006,KEN,12,12,0
2006,KELVIN,20,20,0
2006,KEITH,27,27,0
2006,KEIRAN,17,17,0
2006,KEENAN,39,39,0
2006,KEELAN,8,8,0
2006,KENDRICK,5,5,0
2006,KEEGAN,93,93,0
2006,KEANU,7,7,0
2006,KEANE,5,5,0
2006,KEAGAN,24,24,0
2006,KAVIN,8,8,0
2006,KASH,6,6,0
2006,KARTER,5,5,0
2006,KEATON,40,40,0
2006,KENNETH,55,55,0
2006,KENNY,8,8,0
2006,KENT,8,8,0
2006,KODY,11,11,0
2006,KOBY,9,9,0
2006,KOBE,12,12,0
2006,KISHAN,8,8,0
2006,KIRK,6,6,0
2006,KINGSLEY,13,13,0
2006,KIERAN,91,91,0
2006,KIEFER,10,10,0
2006,KIAN,37,37,0
2006,KHALIL,11,11,0
2006,KHALID,24,24,0
2006,KHALED,11,11,0
2006,KEVIN,221,221,0
2006,KESHAV,5,5,0
2006,KEON,14,14,0
2006,KARSTEN,5,5,0
2006,JUDE,38,38,0
2006,KARSON,11,11,0
2006,KARMAN,7,7,0
2006,KAELAN,5,5,0
2006,KAEL,11,11,0
2006,KAEDEN,15,15,0
2006,KADIN,13,13,0
2006,KADEN,96,96,0
2006,KADE,12,12,0
2006,KAIDEN,60,60,0
2006,KACPER,7,7,0
2006,JUSTUS,13,13,0
2006,JUSTIN,387,387,0
2006,JUNAID,6,6,0
2006,JULIUS,22,22,0
2006,JULIO,9,9,0
2006,JULIEN,42,42,0
2006,KABIR,14,14,0
2006,KAIL,6,6,0
2006,KALAN,11,11,0
2006,KALE,13,13,0
2006,KARL,12,12,0
2006,KARIM,22,22,0
2006,KAREEM,22,22,0
2006,KARANVEER,5,5,0
2006,KARANJOT,5,5,0
2006,KARAN,12,12,0
2006,KARAM,5,5,0
2006,KANE,6,6,0
2006,KAMRON,5,5,0
2006,KAMIL,9,9,0
2006,KAMERON,15,15,0
2006,KAMAL,8,8,0
2006,KALVIN,5,5,0
2006,KALEN,12,12,0
2006,KALEB,103,103,0
2006,KAROL,6,6,0
2006,JAN,5,5,0
2006,MICHAEL,652,652,0
2006,MICHEAL,18,18,0
2006,SANJAY,8,8,0
2006,SAMUEL,475,475,0
2006,SAMSON,12,12,0
2006,SAMMY,6,6,0
2006,SAMIR,14,14,0
2006,SAMI,16,16,0
2006,SANTIAGO,18,18,0
2006,SAMEER,17,17,0
2006,SALVATORE,22,22,0
2006,SALMAN,9,9,0
2006,SAJAN,5,5,0
2006,SAIF,9,9,0
2006,SAHIL,28,28,0
2006,SAHIB,17,17,0
2006,SAM,57,57,0
2006,SANTINO,7,7,0
2006,SAYED,6,6,0
2006,SCOTT,53,53,0
2006,SHANE,62,62,0
2006,SHAN,5,5,0
2006,SHAMAR,8,8,0
2006,SHAHZEB,5,5,0
2006,SHAHMEER,6,6,0
2006,SHAHEER,6,6,0
2006,SHAAN,19,19,0
2006,SEYON,5,5,0
2006,SETH,130,130,0
2006,SERGIO,11,11,0
2006,SÉBASTIEN,29,29,0
2006,SEBASTIEN,28,28,0
2006,SEBASTIAN,187,187,0
2006,SEAN,183,183,0
2006,SEAMUS,17,17,0
2006,SAFWAN,9,9,0
2006,SHARAN,6,6,0
2006,SACHIN,15,15,0
2006,SAAD,27,27,0
2006,ROLANDO,5,5,0
2006,ROHIT,8,8,0
2006,ROHAN,38,38,0
2006,ROGER,9,9,0
2006,ROGAN,5,5,0
2006,RODNEY,5,5,0
2006,ROMAN,52,52,0
2006,ROCCO,18,18,0
2006,ROBERT,182,182,0
2006,ROAN,11,11,0
2006,RISHI,10,10,0
2006,RIDWAN,5,5,0
2006,RICKY,18,18,0
2006,RICK,8,8,0
2006,ROBERTO,13,13,0
2006,ROMEO,8,8,0
2006,RON,5,5,0
2006,RONALD,18,18,0
2006,RYLAND,19,19,0
2006,RYKER,11,11,0
2006,RYERSON,6,6,0
2006,RYDER,80,80,0
2006,RUSSELL,22,22,0
2006,RUDY,6,6,0
2006,RUDRA,8,8,0
2006,RUBEN,11,11,0
2006,ROYCE,5,5,0
2006,ROY,19,19,0
2006,ROWEN,10,10,0
2006,ROSS,12,12,0
2006,ROSHAN,9,9,0
2006,RONIN,16,16,0
2006,RONAN,44,44,0
2006,SACHA,13,13,0
2006,RICHARD,83,83,0
2006,SHAUN,24,24,0
2006,SHAY,6,6,0
2006,TATE,22,22,0
2006,TARIQ,7,7,0
2006,TAREK,6,6,0
2006,TARAN,8,8,0
2006,TANVIR,5,5,0
2006,TANVEER,5,5,0
2006,TAYSHAUN,8,8,0
2006,TANNER,81,81,0
2006,TALHA,21,21,0
2006,TALEN,6,6,0
2006,TALAN,10,10,0
2006,TAHIR,5,5,0
2006,TAHA,27,27,0
2006,TAFARI,5,5,0
2006,TALON,13,13,0
2006,TAYVON,6,6,0
2006,TAYYAB,6,6,0
2006,TED,7,7,0
2006,TITUS,13,13,0
2006,TIMOTHY,101,101,0
2006,TIM,12,12,0
2006,TIAGO,28,28,0
2006,THOMAS,379,379,0
2006,THERON,5,5,0
2006,THEODORE,44,44,0
2006,THEO,14,14,0
2006,TERRY,12,12,0
2006,TERRENCE,17,17,0
2006,TERRELL,9,9,0
2006,TERRANCE,5,5,0
2006,TERENCE,8,8,0
2006,TEO,8,8,0
2006,TEJ,7,7,0
2006,SYED,71,71,0
2006,SHAWN,67,67,0
2006,SURAJ,5,5,0
2006,SULLIVAN,7,7,0
2006,SOLOMON,14,14,0
2006,SOHAN,6,6,0
2006,SIMON,144,144,0
2006,SIMEON,7,7,0
2006,SILAS,18,18,0
2006,SHREY,7,7,0
2006,SONNY,6,6,0
2006,SHIVEN,6,6,0
2006,SHERWIN,6,6,0
2006,SHELDON,18,18,0
2006,SHAYNE,14,14,0
2006,SHAYDEN,5,5,0
2006,SHAYAN,24,24,0
2006,SHAYAAN,5,5,0
2006,SHIVAM,7,7,0
2006,SOREN,8,8,0
2006,SPENCER,142,142,0
2006,STANLEY,19,19,0
2006,SULEMAN,5,5,0
2006,SUKHMAN,6,6,0
2006,SUFYAN,5,5,0
2006,SUBHAN,8,8,0
2006,STUART,18,18,0
2006,STORM,5,5,0
2006,STEWART,6,6,0
2006,STEVEN,101,101,0
2006,STEVE,6,6,0
2006,STERLING,5,5,0
2006,STEPHEN,58,58,0
2006,STEPHAN,14,14,0
2006,STEFANO,15,15,0
2006,STEFAN,62,62,0
2006,STAVROS,5,5,0
2006,SUNNY,10,10,0
2006,MICHAL,8,8,0
2006,RICARDO,21,21,0
2006,RHYS,39,39,0
2006,NICO,12,12,0
2006,NICKOLAS,42,42,0
2006,NICKLAS,5,5,0
2006,NICK,10,10,0
2006,NICHOLAS,694,694,0
2006,NEVIN,8,8,0
2006,NICOLAS,134,134,0
2006,NEVAN,8,8,0
2006,NEIL,27,27,0
2006,NEEL,21,21,0
2006,NAVEEN,6,6,0
2006,NAVDEEP,5,5,0
2006,NATHEN,6,6,0
2006,NATHANIEL,250,250,0
2006,NELSON,10,10,0
2006,NIGEL,28,28,0
2006,NIKHIL,15,15,0
2006,NIKLAS,5,5,0
2006,OMAR,78,78,0
2006,OM,8,8,0
2006,OLIVIER,24,24,0
2006,OLIVER,118,118,0
2006,ODIN,10,10,0
2006,OAKLEY,6,6,0
2006,NORMAN,6,6,0
2006,NOLAN,234,234,0
2006,NOEL,10,10,0
2006,NOAM,8,8,0
2006,NOAH,801,801,0
2006,NIKOLAS,47,47,0
2006,NIKOLAOS,6,6,0
2006,NIKOLA,17,17,0
2006,NIKO,10,10,0
2006,NATHANIAL,16,16,0
2006,OMARI,6,6,0
2006,NATHANAEL,17,17,0
2006,NATE,24,24,0
2006,MITCHEL,9,9,0
2006,MILOS,5,5,0
2006,MILO,9,9,0
2006,MILLER,6,6,0
2006,MILES,33,33,0
2006,MILAN,14,14,0
2006,MITCHELL,106,106,0
2006,MIKHAIL,11,11,0
2006,MIKAËL,8,8,0
2006,MIKAEL,11,11,0
2006,MIHIR,5,5,0
2006,MIGUEL,73,73,0
2006,MICHELE,7,7,0
2006,MICHEL,11,11,0
2006,MIKE,10,10,0
2006,MOHAMAD,24,24,0
2006,MOHAMED,53,53,0
2006,MOHAMMAD,97,97,0
2006,NASH,20,20,0
2006,NABIL,13,13,0
2006,NABEEL,9,9,0
2006,MYLES,54,54,0
2006,MUSTAFA,51,51,0
2006,MUSA,20,20,0
2006,MURRAY,5,5,0
2006,MUJTABA,5,5,0
2006,MUHAMMED,14,14,0
2006,MUHAMMAD,171,171,0
2006,MOSHE,7,7,0
2006,MOSES,11,11,0
2006,MOOSA,5,5,0
2006,MOHSIN,5,5,0
2006,MOHAMMED,55,55,0
2006,NATHAN,785,785,0
2006,RIAN,13,13,0
2006,OMER,10,10,0
2006,ORION,11,11,0
2006,RANVEER,6,6,0
2006,RANDY,15,15,0
2006,RANDALL,5,5,0
2006,RAMY,6,6,0
2006,RAMON,6,6,0
2006,RAMIN,5,5,0
2006,RANVIR,5,5,0
2006,RAMI,9,9,0
2006,RAJVIR,7,7,0
2006,RAJAN,6,6,0
2006,RAJ,7,7,0
2006,RAIHAN,6,6,0
2006,RAIDEN,10,10,0
2006,RAHUL,14,14,0
2006,RALPH,6,6,0
2006,RAPHAEL,23,23,0
2006,RASHAD,6,6,0
2006,RAUL,7,7,0
2006,RHETT,10,10,0
2006,REUBEN,23,23,0
2006,REMY,6,6,0
2006,RÉMI,7,7,0
2006,REILLY,9,9,0
2006,REID,36,36,0
2006,REHAN,18,18,0
2006,REED,16,16,0
2006,RAYYAN,22,22,0
2006,RAYMOND,51,51,0
2006,RAYHAN,10,10,0
2006,RAYDEN,8,8,0
2006,RAYAAN,6,6,0
2006,RAY,7,7,0
2006,RAVI,5,5,0
2006,RAHEEM,11,11,0
2006,OMID,6,6,0
2006,RAFAEL,17,17,0
2006,QUINTIN,24,24,0
2006,PAULO,6,6,0
2006,PAUL,86,86,0
2006,PATRYK,8,8,0
2006,PATRICK,142,142,0
2006,PARTH,12,12,0
2006,PARSA,11,11,0
2006,PAVLE,5,5,0
2006,PARAMVEER,5,5,0
2006,PAOLO,13,13,0
2006,PABLO,10,10,0
2006,OWEN,754,754,0
2006,OWAIS,5,5,0
2006,OSCAR,53,53,0
2006,ORLANDO,10,10,0
2006,PARAM,6,6,0
2006,PEDRO,7,7,0
2006,PETAR,9,9,0
2006,PETER,138,138,0
2006,QUINTEN,15,15,0
2006,QUINLAN,10,10,0
2006,QUINCY,7,7,0
2006,QUIN,5,5,0
2006,QUENTIN,21,21,0
2006,PRINCE,9,9,0
2006,PRESTON,81,81,0
2006,PRANAV,12,12,0
2006,PRABHJOT,5,5,0
2006,PIETRO,6,6,0
2006,PIERRE,9,9,0
2006,PIERCE,18,18,0
2006,PHILLIP,25,25,0
2006,PHILIPPE,16,16,0
2006,PHILIP,58,58,0
2006,QUINTON,22,22,0
2006,AADI,6,6,0
2006,JAMIESON,7,7,0
2006,JAMES,484,484,0
2006,BRIGHTON,5,5,0
2006,BRICE,5,5,0
2006,BRIAN,89,89,0
2006,BRETT,54,54,0
2006,BRENT,17,17,0
2006,BRENNEN,14,14,0
2006,BROCK,32,32,0
2006,BRENNAN,44,44,0
2006,BRENDEN,14,14,0
2006,BRENDAN,62,62,0
2006,BRAYDON,33,33,0
2006,BRAYDEN,233,233,0
2006,BRAXTON,13,13,0
2006,BRANDON,304,304,0
2006,BRENDON,14,14,0
2006,BRODEN,7,7,0
2006,BRODIE,34,34,0
2006,BRODY,132,132,0
2006,CAEDEN,6,6,0
2006,CADEN,67,67,0
2006,CADE,15,15,0
2006,BYRON,12,12,0
2006,BRYSON,50,50,0
2006,BRYSEN,5,5,0
2006,BRYDON,5,5,0
2006,BRYDEN,5,5,0
2006,BRYCEN,6,6,0
2006,BRYCE,73,73,0
2006,BRYAN,39,39,0
2006,BRUNO,10,10,0
2006,BRUCE,14,14,0
2006,BRONSON,10,10,0
2006,BROGAN,6,6,0
2006,BRANDEN,19,19,0
2006,CAEL,8,8,0
2006,BRAIDEN,10,10,0
2006,BRAEDON,7,7,0
2006,BENNY,13,13,0
2006,BENNETT,29,29,0
2006,BENJAMIN,644,644,0
2006,BEN,50,50,0
2006,BECKHAM,14,14,0
2006,BECKETT,12,12,0
2006,BENOIT,6,6,0
2006,BEAU,9,9,0
2006,BALRAJ,5,5,0
2006,BABY,8,8,0
2006,AYUSH,14,14,0
2006,AYUB,9,9,0
2006,AYMAN,7,7,0
2006,AYDIN,12,12,0
2006,BASIL,6,6,0
2006,BENSON,8,8,0
2006,BILAL,37,37,0
2006,BILL,15,15,0
2006,BRAEDEN,67,67,0
2006,BRAEDAN,10,10,0
2006,BRADY,107,107,0
2006,BRADLEY,84,84,0
2006,BRADEN,43,43,0
2006,BRAD,7,7,0
2006,BOWEN,6,6,0
2006,BOSTON,5,5,0
2006,BOSCO,5,5,0
2006,BORIS,7,7,0
2006,BOBBY,7,7,0
2006,BLAKE,105,105,0
2006,BLAISE,5,5,0
2006,BLAIR,8,8,0
2006,BILLY,7,7,0
2006,BRAEDYN,13,13,0
2006,AYDEN,89,89,0
2006,CAELAN,7,7,0
2006,CALE,9,9,0
2006,COLLIN,19,19,0
2006,COLIN,143,143,0
2006,COLETON,5,5,0
2006,COLE,353,353,0
2006,COLBY,39,39,0
2006,COHEN,64,64,0
2006,COLTEN,13,13,0
2006,COEN,5,5,0
2006,COBY,6,6,0
2006,COADY,6,6,0
2006,CLYDE,5,5,0
2006,CLIFFORD,7,7,0
2006,CLEMENT,5,5,0
2006,CLAYTON,32,32,0
2006,CODY,110,110,0
2006,COLTON,67,67,0
2006,CONLAN,5,5,0
2006,CONNER,42,42,0
2006,CURTIS,59,59,0
2006,CULLEN,10,10,0
2006,CRUZ,7,7,0
2006,CRISTIANO,25,25,0
2006,CRISTIAN,33,33,0
2006,CRAIG,9,9,0
2006,CORY,19,19,0
2006,CORNELIUS,10,10,0
2006,COREY,21,21,0
2006,CORBIN,30,30,0
2006,COOPER,102,102,0
2006,CONSTANTINE,8,8,0
2006,CONRAD,10,10,0
2006,CONOR,22,22,0
2006,CONNOR,429,429,0
2006,CLAUDIO,6,6,0
2006,CAIDEN,27,27,0
2006,CLARK,19,19,0
2006,CIAN,10,10,0
2006,CARSEN,6,6,0
2006,CARMINE,10,10,0
2006,CARMELO,8,8,0
2006,CARLOS,25,25,0
2006,CARLO,10,10,0
2006,CARL,13,13,0
2006,CARSON,156,156,0
2006,CAMRON,9,9,0
2006,CAMDEN,15,15,0
2006,CALVIN,58,58,0
2006,CALUM,17,17,0
2006,CALLUM,70,70,0
2006,CALEN,6,6,0
2006,CALEB,279,279,0
2006,CAMREN,5,5,0
2006,CARTER,406,406,0
2006,CASH,6,6,0
2006,CASSIUS,12,12,0
2006,CHRISTOS,13,13,0
2006,CHRISTOPHER,324,324,0
2006,CHRISTIANO,8,8,0
2006,CHRISTIAN,302,302,0
2006,CHRIS,27,27,0
2006,CHASE,112,112,0
2006,CHARLES,151,151,0
2006,CHARBEL,8,8,0
2006,CHANCE,15,15,0
2006,CHAIM,5,5,0
2006,CHAD,21,21,0
2006,CESAR,5,5,0
2006,CÉDRIC,15,15,0
2006,CEDRIC,7,7,0
2006,CAYDEN,33,33,0
2006,CIARAN,13,13,0
2006,CYRUS,18,18,0
2006,AYDAN,15,15,0
2006,AYAAN,36,36,0
2006,ALDEN,7,7,0
2006,ALBERT,24,24,0
2006,ALAN,44,44,0
2006,AKIRA,6,6,0
2006,AKHIL,6,6,0
2006,AKASH,11,11,0
2006,ALDIN,5,5,0
2006,AJAY,17,17,0
2006,AIDIN,7,7,0
2006,AIDEN,393,393,0
2006,AIDAN,446,446,0
2006,AHSAN,6,6,0
2006,AHMET,7,7,0
2006,AHMED,81,81,0
2006,AIDYN,7,7,0
2006,ALEC,31,31,0
2006,ALEJANDRO,26,26,0
2006,ALEKSA,5,5,0
2006,ALISTAIR,9,9,0
2006,ALIJAH,10,10,0
2006,ALI,142,142,0
2006,ALEXZANDER,12,12,0
2006,ALEXY,5,5,0
2006,ALEXI,7,7,0
2006,ALEXEI,5,5,0
2006,ALEXANDRU,5,5,0
2006,ALEXANDROS,8,8,0
2006,ALEXANDRE,78,78,0
2006,ALEXANDER,769,769,0
2006,ALESSIO,19,19,0
2006,ALESSANDRO,58,58,0
2006,ALEKSANDER,11,11,0
2006,ALEKSANDAR,8,8,0
2006,AHMAD,51,51,0
2006,ALLAN,19,19,0
2006,AFNAN,5,5,0
2006,ADRIEN,14,14,0
2006,ABDURRAHMAN,5,5,0
2006,ABDULRAHMAN,10,10,0
2006,ABDULLAHI,10,10,0
2006,ABDULLAH,66,66,0
2006,ABDUL,26,26,0
2006,ABDIRAHMAN,10,10,0
2006,ABEL,5,5,0
2006,ABDALLAH,8,8,0
2006,AAYUSH,10,10,0
2006,AAYAN,36,36,0
2006,AARYAN,14,14,0
2006,AARON,263,263,0
2006,AARIZ,7,7,0
2006,AARAV,7,7,0
2006,ABBAS,13,13,0
2006,ABHISHEK,5,5,0
2006,ABINASH,5,5,0
2006,ABISHAN,6,6,0
2006,ADRIEL,7,7,0
2006,ADRIANO,16,16,0
2006,ADRIAN,150,150,0
2006,ADNAN,13,13,0
2006,ADITYA,27,27,0
2006,ADIN,7,7,0
2006,ADEN,36,36,0
2006,ADEL,5,5,0
2006,ADAN,8,8,0
2006,ADAMO,7,7,0
2006,ADAM,492,492,0
2006,ACHILLES,5,5,0
2006,ACE,5,5,0
2006,ABRAM,14,14,0
2006,ABRAHAM,26,26,0
2006,AEDAN,12,12,0
2006,AYAN,14,14,0
2006,ALLEN,27,27,0
2006,AMAAN,7,7,0
2006,ARUN,5,5,0
2006,ARTHUR,23,23,0
2006,ARSH,6,6,0
2006,ARSALAN,5,5,0
2006,ARON,9,9,0
2006,ARNAV,14,14,0
2006,ARUSHAN,5,5,0
2006,ARMANDO,8,8,0
2006,ARMAN,31,31,0
2006,ARMAAN,48,48,0
2006,ARJUN,50,50,0
2006,ARJAN,6,6,0
2006,ARIS,6,6,0
2006,ARIAN,7,7,0
2006,ARMAND,6,6,0
2006,ARVIN,15,15,0
2006,ARYAN,59,59,0
2006,ASAD,6,6,0
2006,AXEL,8,8,0
2006,AVINASH,8,8,0
2006,AVI,10,10,0
2006,AUSTYN,8,8,0
2006,AUSTON,5,5,0
2006,AUSTIN,411,411,0
2006,AUSTEN,9,9,0
2006,ATTICUS,11,11,0
2006,ATIF,6,6,0
2006,ASIM,6,6,0
2006,ASHWIN,13,13,0
2006,ASHVIN,12,12,0
2006,ASHTON,138,138,0
2006,ASHER,25,25,0
2006,ASHAR,5,5,0
2006,ARI,10,10,0
2006,ALVIN,16,16,0
2006,ARHAM,9,9,0
2006,ARDA,5,5,0
2006,ANDREI,17,17,0
2006,ANDREAS,26,26,0
2006,ANDRÉ,26,26,0
2006,ANDRE,38,38,0
2006,ANDERSON,30,30,0
2006,ANAS,14,14,0
2006,ANDREJ,5,5,0
2006,AMR,7,7,0
2006,AMMAR,15,15,0
2006,AMIR,23,23,0
2006,AMIN,12,12,0
2006,AMEER,9,9,0
2006,AMARI,15,15,0
2006,AMAR,10,10,0
2006,AMOS,7,7,0
2006,ANDRES,16,16,0
2006,ANDREW,613,613,0
2006,ANDY,52,52,0
2006,ANWAR,5,5,0
2006,ANTONY,8,8,0
2006,ANTONIOS,5,5,0
2006,ANTONIO,66,66,0
2006,ANTON,16,16,0
2006,ANTOINE,24,24,0
2006,ANTHONY,401,401,0
2006,ANTE,5,5,0
2006,ANSON,15,15,0
2006,ANSH,8,8,0
2006,ANOOP,9,9,0
2006,ANISH,12,12,0
2006,ANGUS,31,31,0
2006,ANGELO,32,32,0
2006,ANGAD,14,14,0
2006,AREEB,7,7,0
2006,JAMESON,11,11,0
2006,DAKODA,6,6,0
2006,DALE,10,10,0
2006,GURMAN,8,8,0
2006,GUILLAUME,7,7,0
2006,GRYPHON,6,6,0
2006,GRIFFIN,72,72,0
2006,GREYSON,10,10,0
2006,GREGORY,49,49,0
2006,GURSHAAN,9,9,0
2006,GRAYSON,54,54,0
2006,GRAYDEN,11,11,0
2006,GRANT,29,29,0
2006,GRAHAM,43,43,0
2006,GRAEME,19,19,0
2006,GRADY,10,10,0
2006,GORDON,35,35,0
2006,GRAYDON,32,32,0
2006,GURSHAN,18,18,0
2006,GURTAJ,7,7,0
2006,GURVEER,6,6,0
2006,HARJAP,5,5,0
2006,HARISH,8,8,0
2006,HARIS,18,18,0
2006,HARI,6,6,0
2006,HANAN,5,5,0
2006,HANAD,5,5,0
2006,HAMZAH,13,13,0
2006,HAMZA,51,51,0
2006,HAMMAD,6,6,0
2006,HAKIM,5,5,0
2006,HAIDER,7,7,0
2006,HAIDEN,10,10,0
2006,HADI,24,24,0
2006,HAADI,7,7,0
2006,GURVIR,11,11,0
2006,GLENN,7,7,0
2006,HARJOT,7,7,0
2006,GLEN,5,5,0
2006,GIULIANO,9,9,0
2006,GAGE,43,43,0
2006,GABRIEL,368,368,0
2006,FREDERICK,14,14,0
2006,FRASER,6,6,0
2006,FRANZ,11,11,0
2006,FRANK,43,43,0
2006,GAIGE,5,5,0
2006,FRANCO,10,10,0
2006,FRANCIS,20,20,0
2006,FRANCESCO,40,40,0
2006,FOSTER,7,7,0
2006,FLETCHER,10,10,0
2006,FISHER,7,7,0
2006,FINNEGAN,6,6,0
2006,FRANCISCO,6,6,0
2006,GARETH,7,7,0
2006,GARRET,5,5,0
2006,GARRETT,28,28,0
2006,GIOVANNI,24,24,0
2006,GIDEON,13,13,0
2006,GIANNI,7,7,0
2006,GIANMARCO,5,5,0
2006,GIANLUCA,42,42,0
2006,GIANCARLO,19,19,0
2006,GERARDO,8,8,0
2006,GERALD,12,12,0
2006,GEORGIOS,6,6,0
2006,GEORGE,82,82,0
2006,GEOFFREY,9,9,0
2006,GAVIN,266,266,0
2006,GAVEN,7,7,0
2006,GAURAV,8,8,0
2006,GARY,15,15,0
2006,GIUSEPPE,25,25,0
2006,FINN,33,33,0
2006,HARKARAN,7,7,0
2006,HAROON,11,11,0
2006,JACKIE,7,7,0
2006,JACK,549,549,0
2006,JACE,33,33,0
2006,IZAK,5,5,0
2006,IZAIAH,8,8,0
2006,IVAN,49,49,0
2006,JACKSON,293,293,0
2006,ISSAC,8,8,0
2006,ISRAEL,6,6,0
2006,ISMAIL,11,11,0
2006,ISMAEL,9,9,0
2006,ISHMAEL,6,6,0
2006,ISHAN,10,10,0
2006,ISHAAN,7,7,0
2006,ISSA,9,9,0
2006,JACKY,17,17,0
2006,JACOB,909,909,0
2006,JAD,7,7,0
2006,JAMAR,5,5,0
2006,JAMAL,19,19,0
2006,JALEN,50,50,0
2006,JAKUB,14,14,0
2006,JAKOB,79,79,0
2006,JAKE,139,139,0
2006,JAIVEER,6,6,0
2006,JAIDEEP,7,7,0
2006,JAI,15,15,0
2006,JAHVON,5,5,0
2006,JAHSIAH,6,6,0
2006,JAGGER,6,6,0
2006,JAELEN,5,5,0
2006,JAEDEN,10,10,0
2006,JADON,16,16,0
2006,ISAIAH,168,168,0
2006,HAROLD,7,7,0
2006,ISAAK,16,16,0
2006,ISA,11,11,0
2006,HENRI,5,5,0
2006,HECTOR,6,6,0
2006,HAYDN,9,9,0
2006,HAVEN,7,7,0
2006,HASSAN,39,39,0
2006,HASNAIN,5,5,0
2006,HENRY,115,115,0
2006,HASHIR,5,5,0
2006,HASEEB,8,8,0
2006,HASAN,25,25,0
2006,HARSH,8,8,0
2006,HARRY,21,21,0
2006,HARRISON,67,67,0
2006,HARRIS,11,11,0
2006,HASHIM,9,9,0
2006,HERMAN,5,5,0
2006,HOLDEN,36,36,0
2006,HOWARD,7,7,0
2006,IMRAN,13,13,0
2006,IMMANUEL,5,5,0
2006,IMAD,7,7,0
2006,ILYAS,13,13,0
2006,IBRAHIM,80,80,0
2006,IBRAHEEM,16,16,0
2006,ZIYAD,9,9,0
2006,IAIN,16,16,0
2006,HUZAIFA,11,11,0
2006,HUSSEIN,22,22,0
2006,HUSSAIN,14,14,0
2006,HUMZA,11,11,0
2006,HUGO,22,22,0
2006,HUGH,21,21,0
2006,HUDSON,58,58,0
2006,ISAAC,246,246,0
2006,DAKOTAH,5,5,0
2006,FINLAY,16,16,0
2006,FILIP,27,27,0
2006,DESMOND,16,16,0
2006,DESHAWN,10,10,0
2006,DERRICK,11,11,0
2006,DERICK,5,5,0
2006,DEREK,60,60,0
2006,DENZEL,9,9,0
2006,DEV,15,15,0
2006,DENVER,12,12,0
2006,DENIZ,6,6,0
2006,DENIS,9,9,0
2006,DEKLAN,5,5,0
2006,DEEGAN,6,6,0
2006,DECLAN,86,86,0
2006,DEAN,31,31,0
2006,DENNIS,29,29,0
2006,DEVAN,11,11,0
2006,DEVEN,9,9,0
2006,DEVIN,80,80,0
2006,DOMENICO,19,19,0
2006,DOMENIC,29,29,0
2006,DOMANIC,6,6,0
2006,DION,7,7,0
2006,DIMITRIOS,9,9,0
2006,DIMITRI,15,15,0
2006,DILRAJ,5,5,0
2006,DILLON,17,17,0
2006,DILLAN,5,5,0
2006,DILAN,6,6,0
2006,DIEGO,72,72,0
2006,DHRUV,19,19,0
2006,DEXTER,17,17,0
2006,DEVONTÉ,10,10,0
2006,DEVLIN,6,6,0
2006,DEACON,22,22,0
2006,DOMINIC,136,136,0
2006,DAYTON,11,11,0
2006,DAWSON,57,57,0
2006,DANISH,12,12,0
2006,DANILO,8,8,0
2006,DANIELE,7,7,0
2006,DANIEL,780,780,0
2006,DANIAL,10,10,0
2006,DANE,16,16,0
2006,DANIYAL,9,9,0
2006,D'ANDRE,5,5,0
2006,DAMON,31,31,0
2006,DAMION,10,10,0
2006,DAMIEN,78,78,0
2006,DAMIAN,67,67,0
2006,DALTON,19,19,0
2006,DALLAS,19,19,0
2006,DAN,9,9,0
2006,DANNY,30,30,0
2006,DANTE,102,102,0
2006,DANTÉ,25,25,0
2006,DAVIS,27,27,0
2006,DAVION,5,5,0
2006,DAVIN,16,16,0
2006,DAVID,386,386,0
2006,DAVE,8,8,0
2006,DARWIN,5,5,0
2006,DARSHAN,5,5,0
2006,DARRYL,7,7,0
2006,DARREN,55,55,0
2006,DARNELL,5,5,0
2006,DARIUS,49,49,0
2006,DARIO,9,9,0
2006,DARIN,6,6,0
2006,DARIEN,7,7,0
2006,DARIAN,9,9,0
2006,DAYNE,5,5,0
2006,FILIPPO,6,6,0
2006,DOMINICK,32,32,0
2006,DONALD,9,9,0
2006,ÉTIENNE,5,5,0
2006,ETIENNE,8,8,0
2006,ETHEN,8,8,0
2006,ETHAN,1000,1000,0
2006,ESTEBAN,8,8,0
2006,ESHAN,8,8,0
2006,EUAN,9,9,0
2006,ESHAAN,5,5,0
2006,ERICK,9,9,0
2006,ERIC,274,274,0
2006,EPHRAIM,10,10,0
2006,ENZO,7,7,0
2006,ENRIQUE,7,7,0
2006,ENOCH,7,7,0
2006,ERIK,63,63,0
2006,EVAN,562,562,0
2006,EVERETT,26,26,0
2006,EWAN,40,40,0
2006,FERNANDO,10,10,0
2006,FÉLIX,22,22,0
2006,FELIX,40,40,0
2006,FELIPE,6,6,0
2006,FARIS,12,12,0
2006,FARHAN,6,6,0
2006,FARAZ,5,5,0
2006,FAIZAN,6,6,0
2006,FAISAL,10,10,0
2006,FAHIM,6,6,0
2006,FAHAD,8,8,0
2006,FABIO,5,5,0
2006,FABIAN,6,6,0
2006,EZRA,22,22,0
2006,EZEKIEL,15,15,0
2006,EMMETT,41,41,0
2006,DOMINIK,27,27,0
2006,EMMANUEL,47,47,0
2006,EMIL,5,5,0
2006,EASTON,23,23,0
2006,EARL,6,6,0
2006,DWIGHT,6,6,0
2006,DWAYNE,8,8,0
2006,DUSTIN,43,43,0
2006,DUNCAN,25,25,0
2006,EDDIE,6,6,0
2006,DRYDEN,10,10,0
2006,DRAVEN,7,7,0
2006,DRAKE,31,31,0
2006,DOUGLAS,34,34,0
2006,DORIAN,20,20,0
2006,DONTAE,6,6,0
2006,DONOVAN,21,21,0
2006,DRAYDEN,6,6,0
2006,EDGAR,7,7,0
2006,EDISON,13,13,0
2006,EDMOND,7,7,0
2006,EMANUEL,8,8,0
2006,ELVIN,6,6,0
2006,ELLIS,7,7,0
2006,ELLIOTT,36,36,0
2006,ELLIOT,35,35,0
2006,ELISEO,5,5,0
2006,ELIOT,5,5,0
2006,ELIJAH,172,172,0
2006,ELIE,7,7,0
2006,ELIAS,53,53,0
2006,ELI,35,35,0
2006,EDWIN,25,25,0
2006,EDWARD,83,83,0
2006,EDUARDO,6,6,0
2006,EDMUND,7,7,0
2006,EMILIO,10,10,0
2006,ZUBAIR,5,5,0
2006,TOBIN,5,5,0
2006,WENDY,10,0,10
2006,MARYAM,76,0,76
2006,MARY,98,0,98
2006,MARWAH,6,0,6
2006,MARWA,18,0,18
2006,MARTINA,29,0,29
2006,MARTHA,13,0,13
2006,MARLIE,6,0,6
2006,MARLEY,33,0,33
2006,MARLEE,13,0,13
2006,MARIZA,6,0,6
2006,MARISSA,106,0,106
2006,MARISOL,6,0,6
2006,MARISA,27,0,27
2006,MARINA,33,0,33
2006,MARIN,12,0,12
2006,MARILYN,6,0,6
2006,MARIE,43,0,43
2006,MARYN,7,0,7
2006,MATEA,6,0,6
2006,MATTEA,18,0,18
2006,MAUDE,9,0,9
2006,MELINDA,17,0,17
2006,MELINA,29,0,29
2006,MELANIE,60,0,60
2006,MELANIA,9,0,9
2006,MEHAK,11,0,11
2006,MEGHAN,94,0,94
2006,MEGAN,272,0,272
2006,MEERA,13,0,13
2006,MARIANNE,10,0,10
2006,MEDINA,7,0,7
2006,MEAGAN,18,0,18
2006,MEADOW,20,0,20
2006,MCKENZIE,13,0,13
2006,MCKENNA,42,0,42
2006,MCKAYLA,15,0,15
2006,MAYA,374,0,374
2006,MAY,7,0,7
2006,MAXINE,11,0,11
2006,MEAGHAN,19,0,19
2006,MARIANNA,7,0,7
2006,MARIANA,18,0,18
2006,MARIAN,7,0,7
2006,MAKENNA,42,0,42
2006,MAKAYLA,132,0,132
2006,MAKAILA,9,0,9
2006,MAJA,15,0,15
2006,MAISIE,13,0,13
2006,MAIRA,9,0,9
2006,MAIJA,13,0,13
2006,MAIA,39,0,39
2006,MAKENZIE,19,0,19
2006,MAI,6,0,6
2006,MAHI,8,0,8
2006,MAHEK,13,0,13
2006,MAHEEN,6,0,6
2006,MAHAM,8,0,8
2006,MAHA,12,0,12
2006,MAGGIE,57,0,57
2006,MAGDALENA,18,0,18
2006,MAEVE,36,0,36
2006,MAHNOOR,14,0,14
2006,MELISSA,104,0,104
2006,MALAIKA,13,0,13
2006,MALENA,7,0,7
2006,MARIAM,64,0,64
2006,MARIAH,45,0,45
2006,MARIA,186,0,186
2006,MARGARET,57,0,57
2006,MAREN,8,0,8
2006,MARCELLA,7,0,7
2006,MARA,15,0,15
2006,MANREET,10,0,10
2006,MALAK,20,0,20
2006,MANMEET,7,0,7
2006,MANDY,10,0,10
2006,MANAL,8,0,8
2006,MANAAL,8,0,8
2006,MALLORY,17,0,17
2006,MALINA,8,0,8
2006,MALIKA,15,0,15
2006,MALIHA,7,0,7
2006,MALIA,8,0,8
2006,MANHA,6,0,6
2006,MAE,12,0,12
2006,MELODY,48,0,48
2006,MEREDITH,31,0,31
2006,NEVAEH,103,0,103
2006,NELLY,8,0,8
2006,NEHA,11,0,11
2006,NAWAL,8,0,8
2006,NAVNEET,8,0,8
2006,NAVJOT,7,0,7
2006,NATHALIE,19,0,19
2006,NATASHA,106,0,106
2006,NATALYA,10,0,10
2006,NATALIE,237,0,237
2006,NATALIA,87,0,87
2006,NATALEE,7,0,7
2006,NAOMI,115,0,115
2006,NANCY,19,0,19
2006,NAINA,6,0,6
2006,NAIMA,12,0,12
2006,NAILA,8,0,8
2006,NEVE,9,0,9
2006,NEVEAH,8,0,8
2006,NIA,14,0,14
2006,NIAH,6,0,6
2006,NORA,33,0,33
2006,NOOR,50,7,43
2006,NOLA,7,0,7
2006,NOELLE,22,0,22
2006,NOA,23,6,17
2006,NIYA,8,0,8
2006,NISHA,6,0,6
2006,NINA,45,0,45
2006,NADYA,6,0,6
2006,NIMRAT,6,0,6
2006,NIKKI,17,0,17
2006,NIKITA,30,9,21
2006,NIKA,7,0,7
2006,NIDHI,7,0,7
2006,NICOLETTE,8,0,8
2006,NICOLE,266,0,266
2006,NICOLA,21,9,12
2006,NIAMH,6,0,6
2006,NILA,6,0,6
2006,NADINE,13,0,13
2006,NADIA,75,0,75
2006,NABIHA,11,0,11
2006,MIRIAM,36,0,36
2006,MIRANDA,60,0,60
2006,MIRA,22,0,22
2006,MINA,7,0,7
2006,MILLA,7,0,7
2006,MILENA,22,0,22
2006,MILANA,15,0,15
2006,MILA,45,0,45
2006,MISCHA,10,0,10
2006,MIKAYLA,107,0,107
2006,MIKA,7,0,7
2006,MICHELLE,149,0,149
2006,MICHELA,9,0,9
2006,MICHAELA,50,0,50
2006,MICAH,45,39,6
2006,MICAELA,12,0,12
2006,MIAH,11,0,11
2006,MIA,270,0,270
2006,MIKAELA,35,0,35
2006,MERCEDES,25,0,25
2006,MISHA,10,0,10
2006,MOIRA,6,0,6
2006,NABEEHA,11,0,11
2006,MÉLODIE,8,0,8
2006,MYSHA,6,0,6
2006,MYRIAM,6,0,6
2006,MYRA,15,0,15
2006,MYLA,9,0,9
2006,MYAH,31,0,31
2006,MYA,218,0,218
2006,MIYA,14,0,14
2006,MUSKAN,9,0,9
2006,MORIAH,7,0,7
2006,MORGAN,214,34,180
2006,MONTANA,9,0,9
2006,MONIQUE,10,0,10
2006,MONIKA,7,0,7
2006,MONICA,38,0,38
2006,MONA,8,0,8
2006,MOLLY,84,0,84
2006,MUSKAAN,12,0,12
2006,MADYSON,13,0,13
2006,MADISYN,18,0,18
2006,MADISON,543,0,543
2006,KIANNA,21,0,21
2006,KIANA,48,0,48
2006,KHUSHI,15,0,15
2006,KHADIJAH,7,0,7
2006,KHADIJA,26,0,26
2006,KEZIAH,9,0,9
2006,KEYANNA,6,0,6
2006,KEYA,7,0,7
2006,KEONA,8,0,8
2006,KENZIE,17,0,17
2006,KENYA,11,0,11
2006,KENNEDY,72,0,72
2006,KENNEDI,8,0,8
2006,KENNA,8,0,8
2006,KENDRA,77,0,77
2006,KENDALL,15,0,15
2006,KENADIE,6,0,6
2006,KIARA,68,0,68
2006,KIERA,85,0,85
2006,KIERRA,13,0,13
2006,KIERSTEN,13,0,13
2006,KYLA,81,0,81
2006,KYARA,9,0,9
2006,KYA,17,0,17
2006,KRYSTAL,15,0,15
2006,KRISTINE,8,0,8
2006,KRISTINA,32,0,32
2006,KRISTIN,11,0,11
2006,KRISTEN,42,0,42
2006,KELSEY,21,0,21
2006,KRISTA,11,0,11
2006,KRISHA,13,0,13
2006,KOMAL,9,0,9
2006,KIRSTEN,36,0,36
2006,KIRAN,20,10,10
2006,KIRA,52,0,52
2006,KIMORA,8,0,8
2006,KIMBERLY,23,0,23
2006,KILEY,11,0,11
2006,KRISHNA,15,9,6
2006,KELLY,65,0,65
2006,KEISHA,8,0,8
2006,KEIRSTEN,6,0,6
2006,KATHY,17,0,17
2006,KATHRYN,57,0,57
2006,KATHLEEN,35,0,35
2006,KATHERINE,162,0,162
2006,KATHARINE,6,0,6
2006,KATHARINA,6,0,6
2006,KATERINA,19,0,19
2006,KATELYNN,24,0,24
2006,KATIA,10,0,10
2006,KATELYN,132,0,132
2006,KATE,154,0,154
2006,KATARINA,27,0,27
2006,KASSIDY,20,0,20
2006,KASSANDRA,25,0,25
2006,KASEY,17,7,10
2006,KAROLINA,8,0,8
2006,KARMA,6,0,6
2006,KARLY,10,0,10
2006,KATELIN,9,0,9
2006,KYLAH,10,0,10
2006,KATIE,94,0,94
2006,KATLYN,8,0,8
2006,KEIRA,246,0,246
2006,KEELY,11,0,11
2006,KEELEY,10,0,10
2006,KEARA,7,0,7
2006,KEANNA,7,0,7
2006,KAYLYNN,8,0,8
2006,KAYLYN,12,0,12
2006,KAYLIN,14,0,14
2006,KATIE-LYNN,6,0,6
2006,KAYLIE,27,0,27
2006,KAYLEIGH,44,0,44
2006,TOBIAS,30,30,0
2006,KAYLEE,97,0,97
2006,KAYLA,252,0,252
2006,KAYDENCE,18,0,18
2006,KAYDEN,76,63,13
2006,KAYA,28,0,28
2006,KATRINA,81,0,81
2006,KAYLEY,20,0,20
2006,KYLEE,22,0,22
2006,KYLEIGH,26,0,26
2006,KYLIE,123,0,123
2006,LUCIE,6,0,6
2006,LUCIANA,7,0,7
2006,LUCIA,17,0,17
2006,LOUISA,7,0,7
2006,LORI,7,0,7
2006,LORENA,9,0,9
2006,LORELAI,8,0,8
2006,LOLA,58,0,58
2006,LUCY,79,0,79
2006,LOGAN,599,574,25
2006,LIVIA,16,0,16
2006,LISA,34,0,34
2006,LINDSEY,19,0,19
2006,LINDSAY,64,0,64
2006,LINDA,19,0,19
2006,LINA,22,0,22
2006,LILYANNA,8,0,8
2006,LILY,269,0,269
2006,LIYA,8,0,8
2006,LILLY,44,0,44
2006,LUISA,7,0,7
2006,LYDIA,58,0,58
2006,MADINA,7,0,7
2006,MADELYNNE,7,0,7
2006,MADELYNN,13,0,13
2006,MADELYN,65,0,65
2006,MADELINE,138,0,138
2006,MADELEINE,73,0,73
2006,MADELAINE,17,0,17
2006,MADDISON,30,0,30
2006,LUNA,9,0,9
2006,MADALYNN,7,0,7
2006,MACY,22,0,22
2006,MACKENZIE,337,26,311
2006,MACKENNA,22,0,22
2006,MACEY,9,0,9
2006,MACAYLA,7,0,7
2006,LÉA,8,0,8
2006,LYNDSAY,7,0,7
2006,LYLA,33,0,33
2006,MADALYN,13,0,13
2006,NORAH,26,0,26
2006,LILLIE,11,0,11
2006,LILLIAN,103,0,103
2006,LEANNA,14,0,14
2006,LEAH,189,0,189
2006,LEA,19,0,19
2006,LAYLA,81,0,81
2006,LAURYN,34,0,34
2006,LAURENCE,7,0,7
2006,LAUREN,379,0,379
2006,LAUREL,6,0,6
2006,LEANNE,15,0,15
2006,LAURA,119,0,119
2006,LARISSA,31,0,31
2006,LARA,49,0,49
2006,LANA,32,0,32
2006,LAINEY,9,0,9
2006,LAILA,32,0,32
2006,LAIBA,27,0,27
2006,LACEY,16,0,16
2006,KYRA,73,0,73
2006,LARKIN,6,0,6
2006,LILLIANA,9,0,9
2006,LEELA,8,0,8
2006,LEENA,16,0,16
2006,LILIANNA,9,0,9
2006,LILIANA,23,0,23
2006,LILIAN,18,0,18
2006,LILIA,11,0,11
2006,LILAH,21,0,21
2006,LILA,26,0,26
2006,LIBERTY,11,0,11
2006,LIANNA,10,0,10
2006,LEEN,7,0,7
2006,LIAH,6,0,6
2006,LEYLA,11,0,11
2006,LEXIE,13,0,13
2006,LEXI,18,0,18
2006,LENA,29,0,29
2006,LEILANI,8,0,8
2006,LEILA,37,0,37
2006,LEIGHA,11,0,11
2006,LEIA,14,0,14
2006,LIA,34,0,34
2006,KARLEY,7,0,7
2006,NOUR,16,0,16
2006,NOÉMIE,9,0,9
2006,SUMMER,73,0,73
2006,SUMAYA,10,0,10
2006,SUMAIYA,6,0,6
2006,SUHANI,7,0,7
2006,SUHA,7,0,7
2006,STÉPHANIE,9,0,9
2006,STEPHANIE,122,0,122
2006,STELLA,82,0,82
2006,STEFANIE,12,0,12
2006,STEFANIA,11,0,11
2006,SORAYA,7,0,7
2006,SOPHIE,254,0,254
2006,SOPHIA,454,0,454
2006,SONYA,12,0,12
2006,SONIA,20,0,20
2006,SOMMER,7,0,7
2006,SOLEIL,11,0,11
2006,SUSAN,16,0,16
2006,SUSANNA,6,0,6
2006,SUSIE,9,0,9
2006,SUZANNA,8,0,8
2006,TARA,43,0,43
2006,TANYA,21,0,21
2006,TANVI,7,0,7
2006,TANISHA,14,0,14
2006,TANIA,10,0,10
2006,TAMMY,8,0,8
2006,TAMIA,7,0,7
2006,TAMARA,28,0,28
2006,SOHA,9,0,9
2006,TALYA,9,0,9
2006,TALA,7,0,7
2006,TAHLIA,8,0,8
2006,TABITHA,12,0,12
2006,SYLVIA,24,0,24
2006,SYEDA,15,0,15
2006,SYDNEY,270,0,270
2006,SYDNEE,8,0,8
2006,SUZANNE,6,0,6
2006,TALIA,53,0,53
2006,SOFIE,9,0,9
2006,SOFIA,216,0,216
2006,SNEHA,8,0,8
2006,SHYANN,12,0,12
2006,SHREYA,20,0,20
2006,SHIVANI,6,0,6
2006,SHIRLEY,9,0,9
2006,SHILOH,13,0,13
2006,SHIANNE,7,0,7
2006,SHELBY,59,0,59
2006,SHEILA,8,0,8
2006,SHYANNE,15,0,15
2006,SHEENA,6,0,6
2006,SHAYNA,24,0,24
2006,SHAYLYN,6,0,6
2006,SHAYLA,34,0,34
2006,SHAWNA,10,0,10
2006,SHAUNA,12,0,12
2006,SHARON,25,0,25
2006,SHANNON,52,0,52
2006,SHANNA,6,0,6
2006,SHEA,16,7,9
2006,TARYN,39,0,39
2006,SHYLA,11,0,11
2006,SIA,9,0,9
2006,SLOANE,10,0,10
2006,SLOAN,6,0,6
2006,SKYLER,37,23,14
2006,SKYLAR,61,18,43
2006,SKYLA,18,0,18
2006,SKYE,26,0,26
2006,SKY,8,0,8
2006,SIYA,15,0,15
2006,SHYLAH,6,0,6
2006,SIOBHAN,7,0,7
2006,SIMONE,31,0,31
2006,SIMONA,13,0,13
2006,SIMAR,8,0,8
2006,SIERRA,128,0,128
2006,SIERA,6,0,6
2006,SIENNA,159,0,159
2006,SIENA,22,0,22
2006,SIDNEY,43,17,26
2006,SIMRAN,34,0,34
2006,SHANIA,13,0,13
2006,TASHA,6,0,6
2006,TATIANNA,8,0,8
2006,VIRGINIA,10,0,10
2006,VIVIAN,47,0,47
2006,VIVIEN,10,0,10
2006,VIVIENNE,7,0,7
2006,WANIA,10,0,10
2006,TRACY,14,0,14
2006,WILLOW,22,0,22
2006,WYNTER,7,0,7
2006,YARA,15,0,15
2006,YASMEEN,14,0,14
2006,YASMIN,36,0,36
2006,YASMINE,31,0,31
2006,YU,6,0,6
2006,YUSRA,16,0,16
2006,YVONNE,7,0,7
2006,ZAHRA,48,0,48
2006,ZAHRAA,10,0,10
2006,VIONA,6,0,6
2006,VIOLET,52,0,52
2006,VIENNA,16,0,16
2006,VIDHI,9,0,9
2006,TRISTA,11,0,11
2006,TRISTAN,343,332,11
2006,TRUDY,12,0,12
2006,TYANNA,6,0,6
2006,TYLER,504,498,6
2006,TYRA,14,0,14
2006,TÉA,21,0,21
2006,VALENTINA,21,0,21
2006,ZAINA,17,0,17
2006,VALERIA,14,0,14
2006,VALÉRIE,16,0,16
2006,VANESSA,195,0,195
2006,VASILIKI,7,0,7
2006,VERA,11,0,11
2006,VERONICA,64,0,64
2006,VERONIKA,10,0,10
2006,VICKY,13,0,13
2006,VICTORIA,392,0,392
2006,VALERIE,38,0,38
2006,ZAINAB,61,0,61
2006,ZARA,50,0,50
2006,ZAYNA,6,0,6
2006,THERESA,16,0,16
2006,THEA,19,0,19
2006,THALIA,23,0,23
2006,TESSA,74,0,74
2006,TESS,25,0,25
2006,TERESA,13,0,13
2006,TEODORA,9,0,9
2006,TENZIN,13,6,7
2006,THIVYA,6,0,6
2006,TEHYA,12,0,12
2006,TEANNA,8,0,8
2006,TEAGAN,64,14,50
2006,TAYLOR,296,42,254
2006,TAYLA,9,0,9
2006,TAYAH,6,0,6
2006,TAYA,29,0,29
2006,TATYANA,9,0,9
2006,TATUM,17,0,17
2006,TEGAN,24,9,15
2006,TATIANA,38,0,38
2006,TIA,44,0,44
2006,TIANNA,31,0,31
2006,ZAYNAB,11,0,11
2006,ZEINAB,10,0,10
2006,ZOE,151,0,151
2006,ZOEY,63,0,63
2006,ZOHA,16,0,16
2006,ZOHAL,7,0,7
2006,ZOYA,15,0,15
2006,ZOÉ,23,0,23
2006,TIANA,36,0,36
2006,ZOË,59,0,59
2006,ÉLISE,11,0,11
2006,ÉLODIE,9,0,9
2006,ÉMILIE,16,0,16
2006,ÉVA,6,0,6
2006,TORI,24,0,24
2006,TINA,36,0,36
2006,TIFFANY,54,0,54
2006,TIARA,10,0,10
2006,ÈVE,6,0,6
2006,SHANELLE,7,0,7
2006,SHAKIRA,11,0,11
2006,SHAINA,8,0,8
2006,RAYAH,8,0,8
2006,RAYA,8,0,8
2006,RAWAN,8,0,8
2006,RAVNEET,11,0,11
2006,RAVEN,14,0,14
2006,RAQUEL,26,0,26
2006,RANIA,9,0,9
2006,RANA,7,0,7
2006,RAMNEEK,7,0,7
2006,RAMEEN,8,0,8
2006,RAINA,13,0,13
2006,RAHMA,9,0,9
2006,RAELYN,7,0,7
2006,RAEGAN,12,0,12
2006,RAE,6,0,6
2006,RACHELLE,18,0,18
2006,RACHEL,354,0,354
2006,RAYAN,55,43,12
2006,RAYNA,15,0,15
2006,RAYNE,17,0,17
2006,REAGAN,24,7,17
2006,RHIANNON,14,0,14
2006,RHIANNA,20,0,20
2006,RHEANNA,6,0,6
2006,RHEA,31,0,31
2006,RENÉE,25,0,25
2006,RENEE,20,0,20
2006,RENA,6,0,6
2006,REINA,6,0,6
2006,RACHAEL,53,0,53
2006,REGAN,33,5,28
2006,REENA,6,0,6
2006,REEM,15,0,15
2006,REEGAN,11,0,11
2006,REECE,32,22,10
2006,REBEKAH,22,0,22
2006,REBEKA,6,0,6
2006,REBECCA,179,0,179
2006,REANNA,19,0,19
2006,REESE,95,23,72
2006,RABIA,8,0,8
2006,QUINN,122,86,36
2006,PYPER,6,0,6
2006,PAULA,12,0,12
2006,PATRICIA,31,0,31
2006,PATIENCE,10,0,10
2006,PASCALE,6,0,6
2006,PARNEET,11,0,11
2006,PARKER,114,97,17
2006,PARIS,12,0,12
2006,PARI,9,0,9
2006,PAULINA,14,0,14
2006,PAISLEY,14,0,14
2006,ORIANNA,6,0,6
2006,ORIANA,6,0,6
2006,OLIVIA,828,0,828
2006,OCÉANE,8,0,8
2006,OCEAN,16,0,16
2006,NYLA,23,0,23
2006,NYAH,12,0,12
2006,NYA,7,0,7
2006,PAIGE,262,0,262
2006,RIA,25,0,25
2006,PAULINE,7,0,7
2006,PAYTON,80,10,70
2006,PUNEET,14,0,14
2006,PRIYANKA,9,0,9
2006,PRIYA,21,0,21
2006,PRISHA,11,0,11
2006,PRISCILLA,10,0,10
2006,PRINCESS,6,0,6
2006,PRESLEY,28,5,23
2006,PRECIOUS,13,0,13
2006,PAYGE,8,0,8
2006,PRABHLEEN,6,0,6
2006,POPPY,11,0,11
2006,PIPER,34,0,34
2006,PHOENIX,67,45,22
2006,PHOEBE,25,0,25
2006,PEYTON,111,41,70
2006,PETRA,10,0,10
2006,PENELOPE,14,0,14
2006,PEARL,12,0,12
2006,PORTIA,12,0,12
2006,RIANA,6,0,6
2006,RIANNA,26,0,26
2006,RIDA,20,0,20
2006,SARAH,642,0,642
2006,SARA,255,0,255
2006,SANYA,6,0,6
2006,SANJANA,9,0,9
2006,SANIYA,10,0,10
2006,SANIA,11,0,11
2006,SANDRINE,7,0,7
2006,SANDRA,25,0,25
2006,SARINA,17,0,17
2006,SANA,13,0,13
2006,SAMIA,11,0,11
2006,SAMARAH,6,0,6
2006,SAMARA,26,0,26
2006,SAMANTHA,442,0,442
2006,SALWA,6,0,6
2006,SALOME,7,0,7
2006,SALMA,31,0,31
2006,SALLY,10,0,10
2006,SAMIRA,8,0,8
2006,SALINA,7,0,7
2006,SASHA,53,12,41
2006,SAVANA,12,0,12
2006,SHAHD,6,0,6
2006,SHAELYN,12,0,12
2006,SHAE,10,0,10
2006,SERINA,8,0,8
2006,SERENITY,40,0,40
2006,SERENA,71,0,71
2006,SELMA,11,0,11
2006,SELINA,33,0,33
2006,SATHANA,6,0,6
2006,SELENA,71,0,71
2006,SEANNA,9,0,9
2006,SCOTIA,6,0,6
2006,SCARLETT,54,0,54
2006,SCARLET,10,0,10
2006,SAWYER,68,62,6
2006,SAVANNAH,150,0,150
2006,SAVANNA,35,0,35
2006,SAVANAH,18,0,18
2006,SEERAT,7,0,7
2006,NOVA,8,0,8
2006,SAKINA,7,0,7
2006,SAIHAJ,6,0,6
2006,RYANN,16,0,16
2006,RYAN,812,798,14
2006,RUTH,31,0,31
2006,RUBY,77,0,77
2006,ROWYN,6,0,6
2006,ROWAN,130,82,48
2006,ROSEMARY,13,0,13
2006,ROSE,23,0,23
2006,RYLAN,58,48,10
2006,ROSALIE,16,0,16
2006,RORY,51,35,16
2006,ROBYN,30,0,30
2006,ROBIN,27,18,9
2006,RIYA,31,0,31
2006,RIVER,24,15,9
2006,RITA,13,0,13
2006,RILEY,347,239,108
2006,RIHANNA,32,0,32
2006,ROSA,15,0,15
2006,SAIRA,9,0,9
2006,RYLEE,56,7,49
2006,RYLEY,25,14,11
2006,SAIGE,12,0,12
2006,SAHRA,9,0,9
2006,SAHARA,9,0,9
2006,SAHAR,18,0,18
2006,SAHANA,8,0,8
2006,SAGE,30,7,23
2006,SAFIYA,8,0,8
2006,SAFIA,12,0,12
2006,RYLEIGH,27,0,27
2006,SAFA,14,0,14
2006,SADE,7,0,7
2006,SADAF,12,0,12
2006,SABRINA,131,0,131
2006,SABINE,6,0,6
2006,SABINA,6,0,6
2006,SABA,7,0,7
2006,SAANVI,6,0,6
2006,RYLIE,23,0,23
2006,SADIE,118,0,118
2006,TRISHA,21,0,21
2006,KARLEIGH,10,0,10
2006,KARISSA,23,0,23
2006,BRIELLE,17,0,17
2006,BRIDGET,39,0,39
2006,BRIAR,6,0,6
2006,BRIANNE,20,0,20
2006,BRIANNA,265,0,265
2006,BRIANA,30,0,30
2006,BRENNA,19,0,19
2006,BREE,13,0,13
2006,BREANNA,79,0,79
2006,BRANDY,11,0,11
2006,BRAELYN,7,0,7
2006,BONNIE,7,0,7
2006,BIANKA,10,0,10
2006,BIANCA,94,0,94
2006,BETTY,6,0,6
2006,BETHANY,33,0,33
2006,BERNICE,6,0,6
2006,BRIGITTE,6,0,6
2006,BRINLEY,6,0,6
2006,BRITNEY,16,0,16
2006,BRITTANY,13,0,13
2006,CALEIGH,12,0,12
2006,CAITLYN,76,0,76
2006,CAITLIN,80,0,80
2006,CAILYN,14,0,14
2006,CAILIN,7,0,7
2006,CAILEY,6,0,6
2006,CAELYN,6,0,6
2006,CADENCE,62,0,62
2006,BERNADETTE,7,0,7
2006,BRYNN,14,0,14
2006,BRYANNA,22,0,22
2006,BROOKLYNN,42,0,42
2006,BROOKLYN,194,0,194
2006,BROOKELYN,7,0,7
2006,BROOKE-LYNN,9,0,9
2006,BROOKE,216,0,216
2006,BROOK,7,0,7
2006,BRONWYN,28,0,28
2006,BRYN,7,0,7
2006,BELLE,11,0,11
2006,BELLA,26,0,26
2006,BELINDA,8,0,8
2006,AURÉLIE,6,0,6
2006,AURORA,54,0,54
2006,AUDRÉE,7,0,7
2006,AUDREY,126,0,126
2006,AUBREY,22,8,14
2006,ATHENA,28,0,28
2006,ASTRID,7,0,7
2006,ASMAA,10,0,10
2006,AUTUMN,77,0,77
2006,ASMA,10,0,10
2006,ASHNA,6,0,6
2006,ASHLYNN,23,0,23
2006,ASHLYN,47,0,47
2006,ASHLEY,282,0,282
2006,ASHLEIGH,13,0,13
2006,ASHLEEN,7,0,7
2006,ASHLEE,13,0,13
2006,ASHA,22,0,22
2006,ASIA,15,0,15
2006,CALI,9,0,9
2006,AVA,729,0,729
2006,AVALON,7,0,7
2006,BEATRIX,8,0,8
2006,BEATRICE,25,0,25
2006,BAYLEE,9,0,9
2006,BARBARA,9,0,9
2006,BAILEY,57,18,39
2006,AYVA,9,0,9
2006,AYSHA,10,0,10
2006,AYLA,48,0,48
2006,AVAH,7,0,7
2006,AYESHA,37,0,37
2006,AYANA,8,0,8
2006,AYAH,18,0,18
2006,AYA,23,0,23
2006,AVNEET,12,0,12
2006,AVLEEN,6,0,6
2006,AVERY,361,68,293
2006,AVERIE,13,0,13
2006,AVANI,6,0,6
2006,AYANNA,8,0,8
2006,ARYANNA,15,0,15
2006,CALISTA,10,0,10
2006,CALLIA,6,0,6
2006,CHLOË,18,0,18
2006,CHLOÉ,67,0,67
2006,CHLOE,422,0,422
2006,CHIARA,43,0,43
2006,CHEYENNE,50,0,50
2006,CHEYANNE,20,0,20
2006,CHELSEY,20,0,20
2006,CHELSEA,95,0,95
2006,CHAYSE,6,0,6
2006,CHAYA,7,0,7
2006,CHARLOTTE,279,0,279
2006,CHARLIZE,22,0,22
2006,CHARLIE,81,64,17
2006,CHARLEY,14,0,14
2006,CHARLENE,10,0,10
2006,CHARLEIGH,6,0,6
2006,CHARLEE,11,0,11
2006,CHRISTIANA,6,0,6
2006,CHRISTINA,101,0,101
2006,CHRISTINE,36,0,36
2006,CIANNA,11,0,11
2006,CORDELIA,7,0,7
2006,CORALIE,8,0,8
2006,CORAL,8,0,8
2006,CORA,30,0,30
2006,CONNIE,6,0,6
2006,COLLEEN,14,0,14
2006,CLOE,6,0,6
2006,CLAUDIA,40,0,40
2006,CHARITY,9,0,9
2006,CLARISSA,12,0,12
2006,CLARA,74,0,74
2006,CLAIRE,246,0,246
2006,CINDY,25,0,25
2006,CIERRA,13,0,13
2006,CIERA,7,0,7
2006,CIENNA,7,0,7
2006,CIARRA,6,0,6
2006,CIARA,64,0,64
2006,CLARE,21,0,21
2006,CHANTELLE,16,0,16
2006,CHANTEL,10,0,10
2006,CHANTAL,29,0,29
2006,CARMEN,24,0,24
2006,CARMELA,6,0,6
2006,CARLY,45,0,45
2006,CARLEY,24,0,24
2006,CARLEIGH,9,0,9
2006,CARLEE,6,0,6
2006,CARLA,7,0,7
2006,CARISSA,17,0,17
2006,CAROL,7,0,7
2006,CARINA,19,0,19
2006,CANDICE,7,0,7
2006,CAMRYN,33,0,33
2006,CAMPBELL,19,13,6
2006,CAMILLE,39,0,39
2006,CAMILA,10,0,10
2006,CAMERON,438,413,25
2006,CALLISTA,6,0,6
2006,CALLIE,24,0,24
2006,CARA,23,0,23
2006,CALLA,9,0,9
2006,CAROLINA,10,0,10
2006,CAROLYN,18,0,18
2006,CHANELLE,12,0,12
2006,CHANEL,19,0,19
2006,CELINE,11,0,11
2006,CELINA,27,0,27
2006,CELIA,23,0,23
2006,CELESTE,18,0,18
2006,CECILIA,15,0,15
2006,CATRINA,6,0,6
2006,CAROLINE,41,0,41
2006,CATHY,7,0,7
2006,CATE,9,0,9
2006,CASSIE,17,0,17
2006,CASSIDY,61,0,61
2006,CASSIA,6,0,6
2006,CASSANDRA,118,0,118
2006,CASEY,39,24,15
2006,CARYS,15,0,15
2006,CARRIE,14,0,14
2006,CATHERINE,93,0,93
2006,ARYANA,11,0,11
2006,ARYA,27,14,13
2006,ARWEN,8,0,8
2006,ALESSANDRA,29,0,29
2006,ALESHA,10,0,10
2006,ALEKSANDRA,13,0,13
2006,ALEJANDRA,7,0,7
2006,ALEEZA,16,0,16
2006,ALEESHA,6,0,6
2006,ALEENA,21,0,21
2006,ALEAH,15,0,15
2006,ALAYNA,19,0,19
2006,ALANNAH,10,0,10
2006,ALANNA,28,0,28
2006,ALANA,43,0,43
2006,ALAINA,19,0,19
2006,AKSHAYA,6,0,6
2006,AKEELAH,7,0,7
2006,AIZAH,6,0,6
2006,AIZA,8,0,8
2006,ALESSIA,62,0,62
2006,ALEX,165,158,7
2006,ALEXA,147,0,147
2006,ALEXANDRA,261,0,261
2006,ALIYAH,56,0,56
2006,ALIYA,31,0,31
2006,ALIVIA,21,0,21
2006,ALISSA,26,0,26
2006,ALISON,45,0,45
2006,ALISHBA,14,0,14
2006,ALISHA,47,0,47
2006,ALISA,12,0,12
2006,AISLYNN,7,0,7
2006,ALINA,50,0,50
2006,ALICE,49,0,49
2006,ALIAH,6,0,6
2006,ALIA,21,0,21
2006,ALEXUS,10,0,10
2006,ALEXIS,277,19,258
2006,ALEXIE,15,0,15
2006,ALEXIA,89,0,89
2006,ALEXANDRIA,45,0,45
2006,ALICIA,77,0,77
2006,AISLYN,9,0,9
2006,AISLINN,6,0,6
2006,AISHA,42,0,42
2006,ADDISON,136,13,123
2006,ADA,18,0,18
2006,ABISHA,13,0,13
2006,ABINAYA,8,0,8
2006,ABIGAYLE,22,0,22
2006,ABIGALE,17,0,17
2006,ABIGAIL,542,0,542
2006,ABIGAEL,8,0,8
2006,ADDISYN,12,0,12
2006,ABBYGAIL,17,0,17
2006,ABBIGALE,7,0,7
2006,ABBIGAIL,27,0,27
2006,ABBIE,11,0,11
2006,ABBEY,44,0,44
2006,ABAGAIL,8,0,8
2006,AANYA,6,0,6
2006,AAMNA,7,0,7
2006,AALIYAH,81,0,81
2006,ABBY,128,0,128
2006,ALIZA,27,0,27
2006,ADDYSON,10,0,10
2006,ADELE,13,0,13
2006,AINSLEY,51,0,51
2006,AINSLEIGH,6,0,6
2006,AIMEE,16,0,16
2006,AILA,9,0,9
2006,AGATHA,10,0,10
2006,AFRAH,7,0,7
2006,ADÈLE,6,0,6
2006,ADRIENNE,15,0,15
2006,ADELAIDE,16,0,16
2006,ADRIANNA,41,0,41
2006,ADRIA,7,0,7
2006,ADITI,10,0,10
2006,ADISON,6,0,6
2006,ADINA,9,0,9
2006,ADIBA,6,0,6
2006,ADELLE,8,0,8
2006,ADELINE,7,0,7
2006,ADELINA,6,0,6
2006,ADRIANA,53,0,53
2006,ALLEGRA,8,0,8
2006,ALLIE,26,0,26
2006,ALLISON,112,0,112
2006,ANNALISE,10,0,10
2006,ANNABELLE,56,0,56
2006,ANNABELLA,8,0,8
2006,ANNABEL,14,0,14
2006,ANNA,227,0,227
2006,ANN,11,0,11
2006,ANMOL,14,7,7
2006,ANJALI,20,0,20
2006,ANNE,22,0,22
2006,ANIYAH,11,0,11
2006,ANISSA,8,0,8
2006,ANISHA,15,0,15
2006,ANISA,8,0,8
2006,ANIKA,54,0,54
2006,ANGIE,6,0,6
2006,ANGELIQUE,6,0,6
2006,ANGELINE,9,0,9
2006,ANGELINA,166,0,166
2006,ANITA,20,0,20
2006,ANGELIKA,8,0,8
2006,ANNETTE,7,0,7
2006,ANNIKA,63,0,63
2006,ARWA,8,0,8
2006,ARISHA,6,0,6
2006,ARIELLE,35,0,35
2006,ARIELLA,6,0,6
2006,ARIEL,48,5,43
2006,ARIANNE,15,0,15
2006,ARIANNA,103,0,103
2006,ARIANE,10,0,10
2006,ANNIE,46,0,46
2006,ARIANA,75,0,75
2006,AREEBAH,7,0,7
2006,AREEBA,8,0,8
2006,ARDEN,10,0,10
2006,ARABELLA,11,0,11
2006,APRIL,28,0,28
2006,ANYA,19,0,19
2006,ANUSHKA,6,0,6
2006,ANTONIA,14,0,14
2006,ARIA,22,0,22
2006,CORINA,9,0,9
2006,ANGELICA,44,0,44
2006,ANGEL,75,18,57
2006,AMAYA,9,0,9
2006,AMARA,13,0,13
2006,AMANI,11,0,11
2006,AMANDA,123,0,123
2006,AMALIA,7,0,7
2006,AMAL,13,0,13
2006,ALYSSIA,10,0,10
2006,ALYSSA,357,0,357
2006,AMBER,97,0,97
2006,ALYSON,10,0,10
2006,ALYSHA,23,0,23
2006,ALYSA,8,0,8
2006,ALTHEA,6,0,6
2006,ALORA,8,0,8
2006,ALMA,7,0,7
2006,ALLYSON,27,0,27
2006,ALLY,18,0,18
2006,ALLIYAH,7,0,7
2006,ALYSIA,7,0,7
2006,ANGELA,95,0,95
2006,AMEERA,11,0,11
2006,AMELIE,14,0,14
2006,ANDREEA,6,0,6
2006,ANDREA,77,11,66
2006,ANDIE,6,0,6
2006,ANDI,7,0,7
2006,ANAYA,11,0,11
2006,ANASTASIA,58,0,58
2006,ANANYA,10,0,10
2006,ANABELLE,14,0,14
2006,AMELIA,178,0,178
2006,ANABEL,6,0,6
2006,AMÉLIE,38,0,38
2006,AMY,127,0,127
2006,AMRITA,13,0,13
2006,AMRIT,10,0,10
2006,AMNA,15,0,15
2006,AMISHA,9,0,9
2006,AMIRA,28,0,28
2006,AMINA,28,0,28
2006,ANA,40,0,40
2006,KARLEE,11,0,11
2006,CORINNE,11,0,11
2006,CRISTINA,20,0,20
2006,JAIDYN,17,0,17
2006,JAIDEN,79,52,27
2006,JAIDA,24,0,24
2006,JAELYN,13,0,13
2006,JAEDYN,7,0,7
2006,JAEDA,7,0,7
2006,JADYN,46,8,38
2006,JADEN,153,112,41
2006,JADE,105,0,105
2006,JADA,68,0,68
2006,JACQUELYN,8,0,8
2006,JACQUELINE,36,0,36
2006,JACLYN,14,0,14
2006,IZABELLE,9,0,9
2006,IZABELLA,34,0,34
2006,IZABELA,7,0,7
2006,IVY,54,0,54
2006,JAILYNN,6,0,6
2006,JAIME,43,5,38
2006,JAIMIE,9,0,9
2006,JAMIE,90,48,42
2006,JAYDEN,304,261,43
2006,JAYDE,12,0,12
2006,JAYDA,24,0,24
2006,JAYA,12,0,12
2006,JASMINE,207,0,207
2006,JASMINA,8,0,8
2006,JASMIN,36,0,36
2006,JASMEET,7,0,7
2006,IVANA,10,0,10
2006,JASLEEN,35,0,35
2006,JANICE,23,0,23
2006,JANET,10,0,10
2006,JANESSA,9,0,9
2006,JANELLE,41,0,41
2006,JANE,26,0,26
2006,JANAE,8,0,8
2006,JANA,12,0,12
2006,JAMILA,7,0,7
2006,JAPNEET,9,0,9
2006,ISRA,7,0,7
2006,ISOBEL,23,0,23
2006,ISLA,12,0,12
2006,HIBAH,8,0,8
2006,HIBA,20,0,20
2006,HELENA,31,0,31
2006,HELEN,34,0,34
2006,HEIDI,35,0,35
2006,HEBA,9,0,9
2006,HEAVEN,7,0,7
2006,HEATHER,27,0,27
2006,HILARY,27,0,27
2006,HAZEL,29,0,29
2006,HAYLEY,71,0,71
2006,HAYLEE,32,0,32
2006,HAYDEN,276,259,17
2006,HAYA,6,0,6
2006,HARSIMRAN,6,0,6
2006,HARPER,8,0,8
2006,HARNOOR,12,6,6
2006,HARNEET,10,0,10
2006,HAYLIE,17,0,17
2006,JAYLA,54,0,54
2006,HILLARY,11,0,11
2006,HOPE,65,0,65
2006,ISIS,11,0,11
2006,ISHA,17,0,17
2006,ISABELLE,244,0,244
2006,ISABELLA,587,0,587
2006,ISABELL,7,0,7
2006,ISABELA,14,0,14
2006,ISABEL,103,0,103
2006,IRIS,30,0,30
2006,HOLLY,77,0,77
2006,IRENE,24,0,24
2006,IQRA,12,0,12
2006,INDIA,7,0,7
2006,INAAYA,10,0,10
2006,IMOGEN,7,0,7
2006,IMAN,28,0,28
2006,IMAAN,9,0,9
2006,HUNTER,249,234,15
2006,HUDA,14,0,14
2006,IRELAND,18,0,18
2006,HARMONY,33,0,33
2006,JAYLAH,8,0,8
2006,JAYLYN,13,0,13
2006,KAIA,24,0,24
2006,KAI,87,80,7
2006,KAELYN,34,0,34
2006,KAELIN,8,0,8
2006,KAELA,9,0,9
2006,KADENCE,17,0,17
2006,JUSTINE,23,0,23
2006,JUSTINA,9,0,9
2006,JUSTICE,31,17,14
2006,JULISSA,8,0,8
2006,JULIETTE,22,0,22
2006,JULIET,15,0,15
2006,JULIE,41,0,41
2006,JULIANNE,15,0,15
2006,JULIANNA,62,0,62
2006,JULIANA,54,0,54
2006,JULIA,486,0,486
2006,KAIJA,6,0,6
2006,KAILA,6,0,6
2006,KAILEE,6,0,6
2006,KAILEIGH,9,0,9
2006,KARINE,7,0,7
2006,KARINA,42,0,42
2006,KARI,8,0,8
2006,KAREN,24,0,24
2006,KAREENA,10,0,10
2006,KARA,44,0,44
2006,KAMRYN,18,0,18
2006,KALYN,6,0,6
2006,JUDY,11,0,11
2006,KALLIE,6,0,6
2006,KALEY,9,0,9
2006,KALEIGH,10,0,10
2006,KAIYA,17,0,17
2006,KAITLYNN,13,0,13
2006,KAITLYN,263,0,263
2006,KAITLIN,41,0,41
2006,KAILYN,17,0,17
2006,KAILEY,40,0,40
2006,KALI,13,0,13
2006,JUDITH,10,0,10
2006,JOYCE,21,0,21
2006,JOY,21,0,21
2006,JESSIE,44,0,44
2006,JESSICA,369,0,369
2006,JESSE,192,183,9
2006,JESLYN,8,0,8
2006,JERSEY,11,0,11
2006,JENNY,21,0,21
2006,JENNIFER,104,0,104
2006,JENNA,161,0,161
2006,JEWEL,13,0,13
2006,JENA,6,0,6
2006,JAZMYN,7,0,7
2006,JAZMINE,13,0,13
2006,JAZMIN,12,0,12
2006,JAZLYN,7,0,7
2006,JAYNE,7,0,7
2006,JAYNA,6,0,6
2006,JAYME,7,0,7
2006,JAYLYNN,10,0,10
2006,JELENA,13,0,13
2006,JAYLEN,31,25,6
2006,JIA,18,8,10
2006,JILLIAN,55,0,55
2006,JOSÉE,9,0,9
2006,JOSIE,19,0,19
2006,JOSEPHINE,33,0,33
2006,JORJA,64,0,64
2006,JORDYN,76,0,76
2006,JORDIS,11,0,11
2006,JORDANA,12,0,12
2006,JORDAN,387,301,86
2006,JILL,7,0,7
2006,JOLIE,9,0,9
2006,JOHANNA,20,0,20
2006,JOEY,33,25,8
2006,JOELLE,15,0,15
2006,JODIE,7,0,7
2006,JOCELYN,71,0,71
2006,JOANNE,18,0,18
2006,JOANNA,52,0,52
2006,JIYA,26,0,26
2006,JOLENE,8,0,8
2006,HARMAN,21,15,6
2006,HARLEY,22,15,7
2006,HARLEEN,29,0,29
2006,ELINA,8,0,8
2006,ELIF,8,0,8
2006,ELIANA,26,0,26
2006,ELENI,13,0,13
2006,ELENA,55,0,55
2006,ELEANOR,26,0,26
2006,ELAINE,18,0,18
2006,ELAINA,7,0,7
2006,EKNOOR,6,0,6
2006,EILEEN,13,0,13
2006,EESHA,6,0,6
2006,EDNA,6,0,6
2006,EDEN,71,6,65
2006,DYLAN,465,454,11
2006,DUAA,7,0,7
2006,DUA,7,0,7
2006,DREW,63,54,9
2006,ELISA,26,0,26
2006,ELISABETH,29,0,29
2006,ELISE,35,0,35
2006,ELISHA,19,6,13
2006,EMELY,6,0,6
2006,EMELIA,8,0,8
2006,EMAN,11,0,11
2006,EMAAN,14,0,14
2006,EMA,10,0,10
2006,ELYSSA,15,0,15
2006,ELYSE,19,0,19
2006,ELSIE,7,0,7
2006,DOROTHY,11,0,11
2006,ELSA,13,0,13
2006,ELOISE,8,0,8
2006,ELLIE,40,0,40
2006,ELLEN,24,0,24
2006,ELLE,27,0,27
2006,ELLA,493,0,493
2006,ELIZABETH,306,0,306
2006,ELIZA,19,0,19
2006,ELISSA,10,0,10
2006,ELORA,9,0,9
2006,DORIS,10,0,10
2006,DORCAS,6,0,6
2006,DONYA,6,0,6
2006,DARIA,16,0,16
2006,DARCY,22,12,10
2006,DAPHNE,14,0,14
2006,DANYKA,6,0,6
2006,DANIKA,71,0,71
2006,DANIELLE,120,0,120
2006,DANIELLA,62,0,62
2006,DANIELA,63,0,63
2006,DARYA,6,0,6
2006,DANICA,61,0,61
2006,DANAH,7,0,7
2006,DANA,35,0,35
2006,DALIA,10,0,10
2006,DAKOTA,98,33,65
2006,DAISY,16,0,16
2006,DAHLIA,10,0,10
2006,CYNTHIA,45,0,45
2006,CRYSTAL,37,0,37
2006,DANIA,14,0,14
2006,EMERSON,56,30,26
2006,DAVINA,7,0,7
2006,DEANNA,24,0,24
2006,DONNA,8,0,8
2006,DOMINIQUE,14,0,14
2006,DIYA,41,0,41
2006,DIVYA,15,0,15
2006,DINA,10,0,10
2006,DIANE,7,0,7
2006,DIANA,39,0,39
2006,DIA,6,0,6
2006,DAYNA,11,0,11
2006,DEZIRAE,6,0,6
2006,DEVON,81,71,10
2006,DESTINY,69,0,69
2006,DESIREE,22,0,22
2006,DENISE,11,0,11
2006,DELILAH,9,0,9
2006,DELIA,9,0,9
2006,DELANEY,28,0,28
2006,DEBORAH,21,0,21
2006,DEVYN,17,6,11
2006,EMERSYN,6,0,6
2006,EMERY,14,8,6
2006,EMILEE,10,0,10
2006,GWEN,9,0,9
2006,GURNOOR,12,0,12
2006,GURNEET,8,0,8
2006,GURLEEN,36,0,36
2006,GUNEET,6,0,6
2006,GRETA,6,0,6
2006,GRACIE,63,0,63
2006,GRACE,451,0,451
2006,GWENDOLYN,16,0,16
2006,GLORIA,20,0,20
2006,GISELLE,8,0,8
2006,GINA,6,0,6
2006,GILLIAN,40,0,40
2006,GIANNA,25,0,25
2006,GIADA,7,0,7
2006,GIA,9,0,9
2006,GEORGINA,11,0,11
2006,GEORGIA,117,0,117
2006,GIULIA,24,0,24
2006,GENEVIÈVE,12,0,12
2006,GWENYTH,6,0,6
2006,HADASSAH,9,0,9
2006,HARINI,10,0,10
2006,HANNAH,570,0,570
2006,HANNA,57,0,57
2006,HANIYA,6,0,6
2006,HANEEN,7,0,7
2006,HANA,25,0,25
2006,HAMNA,6,0,6
2006,HALLE,32,0,32
2006,GWYNETH,12,0,12
2006,HALEY,52,0,52
2006,HAILIE,18,0,18
2006,HAILEY,366,0,366
2006,HAILEIGH,6,0,6
2006,HAILEE,28,0,28
2006,HAFSAH,6,0,6
2006,HAFSA,17,0,17
2006,HADLEY,16,0,16
2006,HADIA,9,0,9
2006,HALEIGH,10,0,10
2006,COURTNEY,42,0,42
2006,GENEVIEVE,27,0,27
2006,GEMMA,18,0,18
2006,EVANGELINA,10,0,10
2006,EVA,144,0,144
2006,ESTHER,30,0,30
2006,ESTELLE,11,0,11
2006,ESTELLA,8,0,8
2006,ESHAL,20,0,20
2006,ESHAAL,7,0,7
2006,ESHA,24,0,24
2006,EVANGELINE,22,0,22
2006,ERIN,116,0,116
2006,ERICA,80,0,80
2006,EMMY,9,0,9
2006,EMMERSON,11,0,11
2006,EMMANUELLA,10,0,10
2006,EMMA,965,0,965
2006,EMILY,790,0,790
2006,EMILIE,48,0,48
2006,EMILIA,47,0,47
2006,ERIKA,70,0,70
2006,GENESIS,6,0,6
2006,EVE,35,0,35
2006,FAITH,162,0,162
2006,GABRIELLE,165,0,165
2006,GABRIELLA,134,0,134
2006,GABRIELA,55,0,55
2006,FREYA,6,0,6
2006,FRANCESCA,36,0,36
2006,FRANCES,8,0,8
2006,FLORENCE,9,0,9
2006,FLORA,6,0,6
2006,EVELYN,95,0,95
2006,FIONA,80,0,80
2006,FELICITY,21,0,21
2006,FELICIA,18,0,18
2006,FATIMAH,13,0,13
2006,FATIMA,90,0,90
2006,FATEMA,7,0,7
2006,FARRAH,9,0,9
2006,FARAH,17,0,17
2006,FAIZA,7,0,7
2006,FINLEY,28,22,6
2006,TRINITY,125,0,125
2007,BENNETT,34,34,0
2007,ZUHAYR,5,5,0
2007,FAIZAN,8,8,0
2007,FARHAN,7,7,0
2007,FARIS,11,11,0
2007,FATEH,6,6,0
2007,FELIPE,6,6,0
2007,FELIX,40,40,0
2007,FÉLIX,24,24,0
2007,FAISAL,8,8,0
2007,FERNANDO,12,12,0
2007,FINLAY,13,13,0
2007,FINN,46,46,0
2007,FINNEGAN,11,11,0
2007,FINNLEY,11,11,0
2007,FISHER,9,9,0
2007,FLETCHER,7,7,0
2007,FOREST,5,5,0
2007,FILIP,19,19,0
2007,FAHAD,6,6,0
2007,FABIAN,7,7,0
2007,EZRA,27,27,0
2007,ERICK,11,11,0
2007,ERIK,47,47,0
2007,ESHAAN,5,5,0
2007,ESHAN,9,9,0
2007,ESTEBAN,6,6,0
2007,ETHAN,1138,1138,0
2007,ETHEN,13,13,0
2007,ETHYN,5,5,0
2007,ETIENNE,6,6,0
2007,ÉTIENNE,10,10,0
2007,EUAN,5,5,0
2007,EUGENE,6,6,0
2007,EVANGELOS,5,5,0
2007,EVERETT,32,32,0
2007,EVIN,6,6,0
2007,EWAN,50,50,0
2007,EZEKIEL,24,24,0
2007,FORREST,6,6,0
2007,FRANCESCO,42,42,0
2007,FRANCIS,27,27,0
2007,FRANCISCO,12,12,0
2007,GERHARD,5,5,0
2007,GIACOMO,13,13,0
2007,GIAN,6,6,0
2007,GIANCARLO,8,8,0
2007,GIANFRANCO,9,9,0
2007,GIANLUCA,42,42,0
2007,GIANNI,8,8,0
2007,GIBSON,12,12,0
2007,GIDEON,13,13,0
2007,GIOVANNI,28,28,0
2007,GIULIANO,8,8,0
2007,GIUSEPPE,24,24,0
2007,GLEN,8,8,0
2007,GLENN,5,5,0
2007,GORDON,33,33,0
2007,GRADY,21,21,0
2007,GRAEDON,6,6,0
2007,GERALD,10,10,0
2007,ERIC,234,234,0
2007,GEORGE,101,101,0
2007,GAVYN,13,13,0
2007,FRANCO,5,5,0
2007,FRANK,28,28,0
2007,FRANKLIN,6,6,0
2007,FRANZ,6,6,0
2007,FRASER,6,6,0
2007,FREDERICK,9,9,0
2007,FYNN,6,6,0
2007,GABE,7,7,0
2007,GABRIEL,377,377,0
2007,GABRIELE,8,8,0
2007,GAGE,46,46,0
2007,GARETH,7,7,0
2007,GARRET,8,8,0
2007,GARRETT,30,30,0
2007,GARY,17,17,0
2007,GAURAV,5,5,0
2007,GAVIN,329,329,0
2007,GEOFFREY,11,11,0
2007,EREN,5,5,0
2007,ENZO,8,8,0
2007,ENRIQUE,6,6,0
2007,DEVANSH,5,5,0
2007,DEVEN,14,14,0
2007,DEVIN,53,53,0
2007,DEVLIN,8,8,0
2007,DEVONTE,6,6,0
2007,DEXTER,18,18,0
2007,DHRUV,14,14,0
2007,DIEGO,63,63,0
2007,DILAN,9,9,0
2007,DILLON,24,24,0
2007,DILRAJ,5,5,0
2007,DIMITRI,17,17,0
2007,DIMITRIOS,11,11,0
2007,DION,9,9,0
2007,DOMENIC,29,29,0
2007,DOMENICO,17,17,0
2007,DOMINIC,137,137,0
2007,DEVAN,22,22,0
2007,DOMINICK,21,21,0
2007,DEV,17,17,0
2007,DESHAWN,5,5,0
2007,DAXTON,6,6,0
2007,DAYTON,11,11,0
2007,DEACON,20,20,0
2007,DEAN,53,53,0
2007,DECLAN,98,98,0
2007,DEEP,5,5,0
2007,DELANO,8,8,0
2007,DEMETRIOS,6,6,0
2007,DENIS,6,6,0
2007,DENIZ,7,7,0
2007,DENNIS,25,25,0
2007,DENVER,9,9,0
2007,DENZEL,12,12,0
2007,DEREK,64,64,0
2007,DERICK,7,7,0
2007,DERRICK,13,13,0
2007,DESHAUN,6,6,0
2007,DESMOND,25,25,0
2007,GRAEME,19,19,0
2007,DOMINIK,32,32,0
2007,DONATO,5,5,0
2007,EDWARD,82,82,0
2007,EDWIN,22,22,0
2007,EITAN,8,8,0
2007,ELI,48,48,0
2007,ELIAS,52,52,0
2007,ELIE,6,6,0
2007,ELIJAH,181,181,0
2007,ELIOT,5,5,0
2007,ELLIOT,55,55,0
2007,ELLIOTT,34,34,0
2007,EMAD,5,5,0
2007,EMANUEL,13,13,0
2007,ÉMILE,5,5,0
2007,EMILIO,12,12,0
2007,EMMANUEL,59,59,0
2007,EMMETT,42,42,0
2007,ENOCH,8,8,0
2007,EDMUND,7,7,0
2007,DONALD,15,15,0
2007,EDISON,13,13,0
2007,EDDIE,7,7,0
2007,DONNY,7,7,0
2007,DONOVAN,11,11,0
2007,DONTAE,5,5,0
2007,DORIAN,8,8,0
2007,DOUGLAS,14,14,0
2007,DRAKE,30,30,0
2007,DRAVEN,5,5,0
2007,DRAYDEN,7,7,0
2007,DRYDEN,13,13,0
2007,DUNCAN,42,42,0
2007,DUSTIN,37,37,0
2007,DWAYNE,8,8,0
2007,DYSON,7,7,0
2007,EAMON,14,14,0
2007,EARL,5,5,0
2007,EASTON,27,27,0
2007,EBENEZER,5,5,0
2007,EDGAR,7,7,0
2007,DAWSON,57,57,0
2007,GRAHAM,41,41,0
2007,GRAYDEN,14,14,0
2007,JARRETT,5,5,0
2007,JASE,11,11,0
2007,JASHAN,9,9,0
2007,JASIM,5,5,0
2007,JASKARAN,16,16,0
2007,JASON,214,214,0
2007,JASPER,27,27,0
2007,JARON,5,5,0
2007,JAVAN,5,5,0
2007,JAVON,5,5,0
2007,JAWAD,9,9,0
2007,JAX,10,10,0
2007,JAXON,72,72,0
2007,JAXSON,37,37,0
2007,JAY,20,20,0
2007,JAYCE,14,14,0
2007,JAVIER,11,11,0
2007,JARED,71,71,0
2007,JAN,8,8,0
2007,JAMISON,5,5,0
2007,JAEDON,7,7,0
2007,JAGGER,6,6,0
2007,JAHEIM,5,5,0
2007,JAHIEM,5,5,0
2007,JAHMAI,5,5,0
2007,JAHSIAH,7,7,0
2007,JAI,13,13,0
2007,JAIVEER,6,6,0
2007,JAKE,152,152,0
2007,JAKOB,70,70,0
2007,JAKUB,15,15,0
2007,JALEN,28,28,0
2007,JAMAL,14,14,0
2007,JAMES,447,447,0
2007,JAMESON,10,10,0
2007,JAMIESON,5,5,0
2007,JAMIL,5,5,0
2007,JAYDAN,12,12,0
2007,JAYDON,13,13,0
2007,JAYLEN,28,28,0
2007,JAYSON,11,11,0
2007,JOBAN,6,6,0
2007,JOE,5,5,0
2007,JOEL,92,92,0
2007,JOHAN,17,17,0
2007,JOHN,297,297,0
2007,JOHNATHAN,42,42,0
2007,JOHNATHON,11,11,0
2007,JOHNNY,28,28,0
2007,JOHN-PAUL,7,7,0
2007,JOHNSON,7,7,0
2007,JON,8,8,0
2007,JONAH,108,108,0
2007,JONAS,27,27,0
2007,JONATHAN,249,249,0
2007,JONATHON,18,18,0
2007,JORDEN,5,5,0
2007,JORDON,10,10,0
2007,JOAQUIN,15,15,0
2007,JAEDEN,11,11,0
2007,JOAQUIM,7,7,0
2007,JEVON,5,5,0
2007,JEAN,6,6,0
2007,JEEVAN,11,11,0
2007,JEFFERY,16,16,0
2007,JEFFREY,65,65,0
2007,JELANI,6,6,0
2007,JENSEN,8,8,0
2007,JEREMIAH,54,54,0
2007,JÉRÉMIE,6,6,0
2007,JEREMY,110,110,0
2007,JÉRÉMY,13,13,0
2007,JERICHO,5,5,0
2007,JERMAINE,6,6,0
2007,JEROME,22,22,0
2007,JERRY,17,17,0
2007,JESIAH,5,5,0
2007,JESSE,148,148,0
2007,JETT,14,14,0
2007,JIMMY,20,20,0
2007,JADON,16,16,0
2007,JAD,9,9,0
2007,JACOB,935,935,0
2007,HARIS,13,13,0
2007,HARISH,7,7,0
2007,HARMAN,17,17,0
2007,HAROLD,5,5,0
2007,HARRIS,5,5,0
2007,HARRISON,57,57,0
2007,HARRY,24,24,0
2007,HARSH,6,6,0
2007,HARSHAN,8,8,0
2007,HASAN,27,27,0
2007,HASEEB,11,11,0
2007,HASHIM,11,11,0
2007,HASHIR,6,6,0
2007,HASSAN,25,25,0
2007,HEATH,7,7,0
2007,HECTOR,6,6,0
2007,HEINRICH,8,8,0
2007,HAMZAH,7,7,0
2007,HENRI,8,8,0
2007,HAMZA,80,80,0
2007,HAMDAN,5,5,0
2007,GRAYDON,23,23,0
2007,GRAYSON,58,58,0
2007,GREGORY,46,46,0
2007,GREYSON,12,12,0
2007,GRIFFEN,8,8,0
2007,GRIFFIN,90,90,0
2007,GUILLAUME,6,6,0
2007,GURKIRAT,5,5,0
2007,GURMAN,9,9,0
2007,GURSHAAN,9,9,0
2007,GURSHAN,20,20,0
2007,GURVEER,11,11,0
2007,GURVIR,5,5,0
2007,HAADI,5,5,0
2007,HADI,10,10,0
2007,HAIDEN,18,18,0
2007,HAIDER,8,8,0
2007,HAMISH,5,5,0
2007,GRANT,28,28,0
2007,HENRIK,8,8,0
2007,HERMAN,5,5,0
2007,ISAIAH,201,201,0
2007,ISHAAN,19,19,0
2007,ISHAN,14,14,0
2007,ISHAQ,7,7,0
2007,ISIAH,9,9,0
2007,ISMAEL,8,8,0
2007,ISMAIL,17,17,0
2007,ISRAEL,10,10,0
2007,ISSAC,7,7,0
2007,IVAN,46,46,0
2007,IZAAK,6,6,0
2007,IZAIAH,10,10,0
2007,JACE,28,28,0
2007,JACK,614,614,0
2007,JACKIE,10,10,0
2007,JACKSON,324,324,0
2007,JACKY,20,20,0
2007,ISAAK,24,24,0
2007,HENRY,128,128,0
2007,ISAAC,244,244,0
2007,IRFAN,6,6,0
2007,HISHAM,6,6,0
2007,HOLDEN,37,37,0
2007,HOWARD,7,7,0
2007,HUDSON,101,101,0
2007,HUGH,20,20,0
2007,HUGO,25,25,0
2007,HUMZA,10,10,0
2007,HUSSAIN,22,22,0
2007,HUSSEIN,12,12,0
2007,HUZAIFA,5,5,0
2007,IAIN,11,11,0
2007,IAN,126,126,0
2007,IBRAHEEM,10,10,0
2007,IBRAHIM,90,90,0
2007,ILYAS,7,7,0
2007,IMRAN,11,11,0
2007,IOANNIS,6,6,0
2007,ISA,8,8,0
2007,JORGE,13,13,0
2007,DAVIS,18,18,0
2007,DAVIDE,9,9,0
2007,ALEXANDRU,5,5,0
2007,ALEXANDROS,9,9,0
2007,ALEXANDRE,86,86,0
2007,ALEXANDER,649,649,0
2007,ALESSIO,21,21,0
2007,ALESSANDRO,33,33,0
2007,ALEN,5,5,0
2007,ALEXAVIER,5,5,0
2007,ALEKSANDER,8,8,0
2007,ALEK,5,5,0
2007,ALEJANDRO,32,32,0
2007,ALEC,33,33,0
2007,ALBERT,22,22,0
2007,ALASTAIR,6,6,0
2007,ALAN,36,36,0
2007,AKSHAY,5,5,0
2007,ALEKSANDAR,13,13,0
2007,ALEXEI,5,5,0
2007,ALEXI,11,11,0
2007,ALEXZANDER,8,8,0
2007,AMMAR,22,22,0
2007,AMITOJ,5,5,0
2007,AMIR,21,21,0
2007,AMIN,6,6,0
2007,AMEER,5,5,0
2007,AMARI,12,12,0
2007,AMARE,7,7,0
2007,AMAR,10,10,0
2007,AMAN,8,8,0
2007,AMAAN,9,9,0
2007,ALVIN,21,21,0
2007,ALLEN,20,20,0
2007,ALLAN,21,21,0
2007,ALISTAIR,12,12,0
2007,ALIJAH,6,6,0
2007,ALI,124,124,0
2007,ALFRED,12,12,0
2007,AKASHDEEP,5,5,0
2007,AKASH,13,13,0
2007,AJAY,15,15,0
2007,AJ,5,5,0
2007,ABRAM,9,9,0
2007,ABRAHIM,5,5,0
2007,ABRAHAM,19,19,0
2007,ABHINAV,7,7,0
2007,ABEL,9,9,0
2007,ABDURRAHMAN,7,7,0
2007,ABDUR,5,5,0
2007,ABDULRAHMAN,9,9,0
2007,ABDULLAH,67,67,0
2007,ABDUL,34,34,0
2007,ABDIRAHMAN,5,5,0
2007,ABDALLAH,8,8,0
2007,ABBAS,15,15,0
2007,AAYAN,39,39,0
2007,AASHIR,6,6,0
2007,AARYAN,10,10,0
2007,AARUSH,7,7,0
2007,ADAM,463,463,0
2007,AMOS,6,6,0
2007,ADAMO,7,7,0
2007,ADEN,32,32,0
2007,AIDYN,11,11,0
2007,AIDEN,422,422,0
2007,AIDAN,371,371,0
2007,AHSAN,6,6,0
2007,AHMED,80,80,0
2007,AHMAD,31,31,0
2007,AFFAN,8,8,0
2007,AEDAN,8,8,0
2007,ADRIEN,19,19,0
2007,ADRIEL,9,9,0
2007,ADRIANO,32,32,0
2007,ADRIAN,183,183,0
2007,ADONIS,5,5,0
2007,ADNAN,10,10,0
2007,ADITYA,25,25,0
2007,ADIL,10,10,0
2007,ADI,5,5,0
2007,ADEL,5,5,0
2007,ANAS,13,13,0
2007,ANDERSON,36,36,0
2007,ANDRE,41,41,0
2007,AYAAN,51,51,0
2007,AXEL,8,8,0
2007,AVRAHAM,5,5,0
2007,AVINASH,11,11,0
2007,AVI,10,10,0
2007,AUSTYN,10,10,0
2007,AUSTIN,351,351,0
2007,AUSTEN,5,5,0
2007,AUGUST,6,6,0
2007,ATTICUS,10,10,0
2007,ATHAVAN,5,5,0
2007,ATHANASIOS,10,10,0
2007,ASHWIN,17,17,0
2007,ASHVIN,6,6,0
2007,ASHTON,136,136,0
2007,ASHER,31,31,0
2007,ASAD,14,14,0
2007,AYAN,13,13,0
2007,ARYAN,62,62,0
2007,AYDAN,11,11,0
2007,AYDIN,17,17,0
2007,BENJAMIN,667,667,0
2007,BENEDICT,11,11,0
2007,BEN,42,42,0
2007,BECKHAM,5,5,0
2007,BECKETT,9,9,0
2007,BEAU,11,11,0
2007,BASIL,7,7,0
2007,BARRETT,14,14,0
2007,BARON,6,6,0
2007,BABY,6,6,0
2007,AZLAN,5,5,0
2007,AZAAN,6,6,0
2007,AYUSH,9,9,0
2007,AYUB,6,6,0
2007,AYOUB,7,7,0
2007,AYMEN,5,5,0
2007,AYMAN,12,12,0
2007,AYDEN,135,135,0
2007,AARON,272,272,0
2007,ARVIN,14,14,0
2007,ARTIN,5,5,0
2007,ANTONI,7,7,0
2007,ANTON,26,26,0
2007,ANTOINE,17,17,0
2007,ANTHONY,380,380,0
2007,ANSON,16,16,0
2007,ANSH,7,7,0
2007,ANMOL,8,8,0
2007,ANISH,7,7,0
2007,ANGUS,21,21,0
2007,ANGELO,36,36,0
2007,ANGAD,23,23,0
2007,ANDY,36,36,0
2007,ANDREW,552,552,0
2007,ANDRES,10,10,0
2007,ANDREI,17,17,0
2007,ANDREAS,17,17,0
2007,ANDRÉ,18,18,0
2007,ANTONIO,89,89,0
2007,ARUN,5,5,0
2007,ANTONY,11,11,0
2007,ARAN,5,5,0
2007,ARTHUR,30,30,0
2007,ARSHDEEP,8,8,0
2007,ARSH,7,7,0
2007,ARON,10,10,0
2007,ARNAV,8,8,0
2007,ARMANDO,5,5,0
2007,ARMAN,19,19,0
2007,ARMAAN,36,36,0
2007,ARJUN,56,56,0
2007,ARJAN,10,10,0
2007,ARIES,9,9,0
2007,ARIAN,10,10,0
2007,ARI,12,12,0
2007,ARHAM,13,13,0
2007,AREEB,5,5,0
2007,ARDEN,8,8,0
2007,ARAV,9,9,0
2007,ANWAR,5,5,0
2007,DAVIN,13,13,0
2007,AARAV,18,18,0
2007,AADITYA,5,5,0
2007,CODY,96,96,0
2007,COEN,11,11,0
2007,COHEN,86,86,0
2007,COLBY,32,32,0
2007,COLE,327,327,0
2007,COLETON,5,5,0
2007,COLIN,143,143,0
2007,COBY,11,11,0
2007,COLLIN,13,13,0
2007,COLTON,93,93,0
2007,CONALL,5,5,0
2007,CONNER,53,53,0
2007,CONNOR,363,363,0
2007,CONOR,18,18,0
2007,CONRAD,7,7,0
2007,CONSTANTINE,16,16,0
2007,COLTEN,12,12,0
2007,CLIVE,8,8,0
2007,CLAYTON,28,28,0
2007,CLAUDIO,7,7,0
2007,CHACE,6,6,0
2007,CHAD,17,17,0
2007,CHANCE,11,11,0
2007,CHARBEL,6,6,0
2007,CHARLES,152,152,0
2007,CHAYSE,7,7,0
2007,CHAZ,6,6,0
2007,CHRIS,29,29,0
2007,CHRISTIAN,269,269,0
2007,CHRISTIANO,5,5,0
2007,CHRISTOPHE,5,5,0
2007,CHRISTOPHER,325,325,0
2007,CHRISTOS,6,6,0
2007,CIAN,10,10,0
2007,CIARAN,15,15,0
2007,CLARK,18,18,0
2007,CLAUDE,5,5,0
2007,CORBIN,26,26,0
2007,COREY,17,17,0
2007,CORNELIUS,11,11,0
2007,CORRADO,5,5,0
2007,DANILO,7,7,0
2007,DANIYAL,10,10,0
2007,DANNY,22,22,0
2007,DANTE,94,94,0
2007,DANTÉ,10,10,0
2007,DANYAL,7,7,0
2007,DARIAN,13,13,0
2007,DARIEN,12,12,0
2007,DARIO,16,16,0
2007,DARIUS,59,59,0
2007,DARNELL,5,5,0
2007,DARREN,40,40,0
2007,DARRYL,9,9,0
2007,DAUNTE,6,6,0
2007,DAVE,6,6,0
2007,DAVEN,5,5,0
2007,DAVID,371,371,0
2007,DANIELE,6,6,0
2007,CESAR,5,5,0
2007,DANIEL,816,816,0
2007,DANE,18,18,0
2007,CORSON,6,6,0
2007,CORY,25,25,0
2007,CRAIG,12,12,0
2007,CRISTIAN,50,50,0
2007,CRISTIANO,19,19,0
2007,CRUZ,10,10,0
2007,CULLEN,8,8,0
2007,CURTIS,58,58,0
2007,CYRUS,19,19,0
2007,DAKSH,8,8,0
2007,DALE,6,6,0
2007,DALLAS,37,37,0
2007,DALTON,26,26,0
2007,DAMIAN,78,78,0
2007,DAMIEN,67,67,0
2007,DAMON,26,26,0
2007,D'ANDRE,5,5,0
2007,DANIAL,7,7,0
2007,CÉDRIC,14,14,0
2007,CEDRIC,9,9,0
2007,CAYDEN,58,58,0
2007,BRADLY,5,5,0
2007,BRADY,98,98,0
2007,BRAEDEN,54,54,0
2007,BRAEDON,26,26,0
2007,BRAEDYN,8,8,0
2007,BRAIDEN,23,23,0
2007,BRANDAN,7,7,0
2007,BRANDEN,16,16,0
2007,BRANDON,242,242,0
2007,BRAXTON,11,11,0
2007,BRAYDEN,205,205,0
2007,BRAYDON,38,38,0
2007,BRENDAN,70,70,0
2007,BRENDEN,21,21,0
2007,BRENDON,8,8,0
2007,BRENNAN,33,33,0
2007,BRENNEN,6,6,0
2007,BRADLEY,59,59,0
2007,BRENT,17,17,0
2007,BRADEN,45,45,0
2007,BOYD,5,5,0
2007,AADI,10,10,0
2007,AADEN,10,10,0
2007,BENOIT,5,5,0
2007,BENSON,14,14,0
2007,BENTLEY,5,5,0
2007,BERNARD,9,9,0
2007,BILAL,32,32,0
2007,BILL,8,8,0
2007,BILLY,10,10,0
2007,BLAINE,6,6,0
2007,BLAIR,13,13,0
2007,BLAKE,164,164,0
2007,BOBBY,6,6,0
2007,BORIS,5,5,0
2007,BOSCO,6,6,0
2007,BOSTON,9,9,0
2007,BOWEN,11,11,0
2007,BRAD,5,5,0
2007,AARAN,6,6,0
2007,BRETT,40,40,0
2007,BRICE,7,7,0
2007,CALE,10,10,0
2007,CALEB,293,293,0
2007,CALLUM,83,83,0
2007,CALUM,23,23,0
2007,CALVIN,51,51,0
2007,CAMDEN,35,35,0
2007,CAMILO,7,7,0
2007,CAMPBELL,8,8,0
2007,CAMRON,10,10,0
2007,CARL,17,17,0
2007,CARLO,7,7,0
2007,CARLOS,28,28,0
2007,CARSEN,6,6,0
2007,CARSON,203,203,0
2007,CARTER,342,342,0
2007,CASH,19,19,0
2007,CASSIUS,13,13,0
2007,CAIDEN,29,29,0
2007,BRIAN,96,96,0
2007,CAELAN,14,14,0
2007,CAEDEN,9,9,0
2007,BRIGHTON,6,6,0
2007,BROCK,35,35,0
2007,BRODIE,31,31,0
2007,BRODY,151,151,0
2007,BROGAN,6,6,0
2007,BRONSON,11,11,0
2007,BRUCE,10,10,0
2007,BRUNO,10,10,0
2007,BRYAN,37,37,0
2007,BRYANT,5,5,0
2007,BRYCE,74,74,0
2007,BRYCEN,11,11,0
2007,BRYDEN,10,10,0
2007,BRYSON,46,46,0
2007,BYRON,8,8,0
2007,CADE,16,16,0
2007,CADEN,73,73,0
2007,CAEL,9,9,0
2007,JOSE,16,16,0
2007,JOSEF,7,7,0
2007,JOSEPH,377,377,0
2007,SALVATORE,11,11,0
2007,SAM,60,60,0
2007,SAMEER,16,16,0
2007,SAMER,8,8,0
2007,SAMI,20,20,0
2007,SAMIR,9,9,0
2007,SAMSON,8,8,0
2007,SALMAN,14,14,0
2007,SAMUAL,5,5,0
2007,SANDRO,5,5,0
2007,SANJAY,16,16,0
2007,SANTIAGO,17,17,0
2007,SANTINO,10,10,0
2007,SARTAJ,6,6,0
2007,SAUL,6,6,0
2007,SAVA,5,5,0
2007,SAMUEL,520,520,0
2007,SALEH,7,7,0
2007,SAIF,8,8,0
2007,SAID,8,8,0
2007,ROY,15,15,0
2007,ROYCE,8,8,0
2007,RUBEN,14,14,0
2007,RUDRA,14,14,0
2007,RUSSELL,38,38,0
2007,RYAN,808,808,0
2007,RYDER,105,105,0
2007,RYERSON,5,5,0
2007,RYKER,10,10,0
2007,RYLAND,21,21,0
2007,RYLEN,6,6,0
2007,SAAD,17,17,0
2007,SABASTIAN,9,9,0
2007,SACHA,13,13,0
2007,SACHIN,9,9,0
2007,SAHIB,17,17,0
2007,SAHIL,21,21,0
2007,SAWYER,55,55,0
2007,SAYED,12,12,0
2007,SCOTT,56,56,0
2007,SEAMUS,23,23,0
2007,SHIVAM,11,11,0
2007,SHIVEN,6,6,0
2007,SHMUEL,5,5,0
2007,SIDDHARTH,5,5,0
2007,SILAS,25,25,0
2007,SILVIO,5,5,0
2007,SIMEON,7,7,0
2007,SIMON,144,144,0
2007,SINA,5,5,0
2007,SOHAM,7,7,0
2007,SOLOMON,12,12,0
2007,SOREN,8,8,0
2007,SPENCER,176,176,0
2007,STANLEY,18,18,0
2007,STEFAN,48,48,0
2007,STEFANO,25,25,0
2007,STEPHAN,10,10,0
2007,SHIV,7,7,0
2007,ROSS,9,9,0
2007,SHELDON,25,25,0
2007,SHAYDEN,7,7,0
2007,SEAN,173,173,0
2007,SEBASTIAN,214,214,0
2007,SEBASTIEN,35,35,0
2007,SÉBASTIEN,34,34,0
2007,SERGIO,7,7,0
2007,SETH,134,134,0
2007,SEYON,6,6,0
2007,SHAAN,20,20,0
2007,SHAHEER,12,12,0
2007,SHAKIR,6,6,0
2007,SHAMAR,6,6,0
2007,SHAMUS,5,5,0
2007,SHANE,53,53,0
2007,SHAUN,18,18,0
2007,SHAWN,70,70,0
2007,SHAYAAN,6,6,0
2007,SHAYAN,19,19,0
2007,SHAYNE,7,7,0
2007,ROSHAN,7,7,0
2007,RONIN,27,27,0
2007,RONAN,32,32,0
2007,QUENTIN,26,26,0
2007,QUIN,5,5,0
2007,QUINCY,6,6,0
2007,QUINLAN,10,10,0
2007,QUINTEN,16,16,0
2007,QUINTIN,20,20,0
2007,QUINTON,40,40,0
2007,QUINTYN,5,5,0
2007,RAFAEL,14,14,0
2007,RAGHAV,8,8,0
2007,RAHEEM,7,7,0
2007,RAHIM,5,5,0
2007,RAHUL,7,7,0
2007,RAIDEN,7,7,0
2007,RAJAN,7,7,0
2007,RAJVEER,7,7,0
2007,RALPH,5,5,0
2007,QASIM,9,9,0
2007,RAMI,7,7,0
2007,PRINCE,12,12,0
2007,PRAVEEN,5,5,0
2007,PALMER,6,6,0
2007,PAOLO,14,14,0
2007,PARSA,7,7,0
2007,PARTH,12,12,0
2007,PATRICK,131,131,0
2007,PAUL,79,79,0
2007,PAXTON,8,8,0
2007,PEARSON,5,5,0
2007,PETAR,6,6,0
2007,PETER,146,146,0
2007,PHILIP,47,47,0
2007,PHILIPPE,14,14,0
2007,PHILLIP,16,16,0
2007,PIERCE,15,15,0
2007,PIERRE,6,6,0
2007,PORTER,9,9,0
2007,PRANAV,6,6,0
2007,PRESTON,91,91,0
2007,STEPHEN,63,63,0
2007,RANDY,16,16,0
2007,RAPHAËL,5,5,0
2007,RICKY,16,16,0
2007,RISHABH,5,5,0
2007,RISHI,18,18,0
2007,ROAN,6,6,0
2007,ROBBIE,7,7,0
2007,ROBERT,183,183,0
2007,ROBERTO,16,16,0
2007,ROCCO,24,24,0
2007,ROCKY,8,8,0
2007,RODNEY,5,5,0
2007,RODRIGO,9,9,0
2007,ROGER,10,10,0
2007,ROHAN,35,35,0
2007,ROLAND,7,7,0
2007,ROMAN,47,47,0
2007,ROMEO,14,14,0
2007,RONALD,17,17,0
2007,RICHARD,87,87,0
2007,RAPHAEL,14,14,0
2007,RICARDO,14,14,0
2007,RHETT,5,5,0
2007,RASHAD,6,6,0
2007,RASHAWN,5,5,0
2007,RAUL,8,8,0
2007,RAY,12,12,0
2007,RAYAAN,12,12,0
2007,RAYDEN,11,11,0
2007,RAYHAN,11,11,0
2007,RAYMOND,44,44,0
2007,RAYYAN,24,24,0
2007,REED,42,42,0
2007,REHAAN,6,6,0
2007,REHAN,13,13,0
2007,REID,56,56,0
2007,REILLY,6,6,0
2007,REMY,11,11,0
2007,REUBEN,13,13,0
2007,REX,9,9,0
2007,RIAN,10,10,0
2007,PABLO,8,8,0
2007,STERLING,8,8,0
2007,STEVEN,97,97,0
2007,WILFRED,5,5,0
2007,WILHELM,6,6,0
2007,WILL,14,14,0
2007,WILLEM,22,22,0
2007,WILLIAM,630,630,0
2007,WILSON,11,11,0
2007,WINSTON,8,8,0
2007,WESTON,16,16,0
2007,WOLFGANG,6,6,0
2007,XANDER,46,46,0
2007,XAVIER,194,194,0
2007,XZAVIER,8,8,0
2007,YAAKOV,5,5,0
2007,YAHYA,17,17,0
2007,YANNICK,5,5,0
2007,YASEEN,10,10,0
2007,WYATT,139,139,0
2007,WESLEY,99,99,0
2007,WAYNE,15,15,0
2007,WASI,6,6,0
2007,VASILIOS,8,8,0
2007,VAUGHN,7,7,0
2007,VEDANT,11,11,0
2007,VEER,11,11,0
2007,VICTOR,68,68,0
2007,VIKTOR,9,9,0
2007,VINCE,11,11,0
2007,VINCENT,124,124,0
2007,VINCENZO,13,13,0
2007,VINH,5,5,0
2007,VISHAL,6,6,0
2007,VLAD,5,5,0
2007,WADE,18,18,0
2007,WALEED,8,8,0
2007,WALKER,10,10,0
2007,WALTER,10,10,0
2007,WARREN,20,20,0
2007,YASH,17,17,0
2007,YASIN,7,7,0
2007,YASIR,5,5,0
2007,YASSIN,5,5,0
2007,ZAIN,45,45,0
2007,ZAK,5,5,0
2007,ZAKARIA,9,9,0
2007,ZAKARIYA,14,14,0
2007,ZAKARY,11,11,0
2007,ZAKI,7,7,0
2007,ZANDER,42,42,0
2007,ZANE,14,14,0
2007,ZAYAN,11,11,0
2007,ZAYD,13,13,0
2007,ZAYDEN,8,8,0
2007,ZAYNE,5,5,0
2007,ZEESHAN,8,8,0
2007,ZIAD,5,5,0
2007,ZION,21,21,0
2007,ZIYAD,6,6,0
2007,ZOHAIR,7,7,0
2007,ZAIDEN,5,5,0
2007,VARUN,8,8,0
2007,ZAID,15,15,0
2007,ZACKARY,47,47,0
2007,YAZAN,9,9,0
2007,YEHUDA,5,5,0
2007,YOSEF,7,7,0
2007,YOUSEF,27,27,0
2007,YOUSIF,5,5,0
2007,YOUSSEF,12,12,0
2007,YOUSUF,13,13,0
2007,YU,6,6,0
2007,YUNUS,5,5,0
2007,YUSEF,7,7,0
2007,YUSUF,54,54,0
2007,YUVRAJ,23,23,0
2007,ZACHARIAH,13,13,0
2007,ZACHARIE,12,12,0
2007,ZACHARY,376,376,0
2007,ZACHERY,20,20,0
2007,ZACK,15,15,0
2007,ZACKERY,15,15,0
2007,VANCE,5,5,0
2007,VAN,11,11,0
2007,UZAIR,8,8,0
2007,TAVIAN,5,5,0
2007,TAYSHAUN,8,8,0
2007,TAYSHAWN,6,6,0
2007,TEEGAN,8,8,0
2007,TEJAS,7,7,0
2007,TEO,5,5,0
2007,TERENCE,5,5,0
2007,TERRAN,5,5,0
2007,TERRANCE,8,8,0
2007,TERRENCE,8,8,0
2007,TERRY,13,13,0
2007,TEVIN,5,5,0
2007,THARUN,5,5,0
2007,THEO,20,20,0
2007,THÉO,6,6,0
2007,THEODORE,40,40,0
2007,THERON,7,7,0
2007,TAVEN,9,9,0
2007,THOMAS,345,345,0
2007,TATE,28,28,0
2007,TARIQ,10,10,0
2007,STEWART,7,7,0
2007,STONE,5,5,0
2007,STUART,13,13,0
2007,SUBHAN,10,10,0
2007,SUKHRAJ,6,6,0
2007,SULLIVAN,9,9,0
2007,SULTAN,5,5,0
2007,SUTTON,5,5,0
2007,SYED,66,66,0
2007,TAHA,29,29,0
2007,TAI,6,6,0
2007,TALAN,11,11,0
2007,TALHA,13,13,0
2007,TALON,14,14,0
2007,TANNER,76,76,0
2007,TANVEER,5,5,0
2007,TARAN,7,7,0
2007,TARUN,5,5,0
2007,STEVE,10,10,0
2007,TIAGO,29,29,0
2007,TIMOTHY,94,94,0
2007,TRISTIN,9,9,0
2007,TROY,44,44,0
2007,TRYSTAN,13,13,0
2007,TUCKER,30,30,0
2007,TURNER,7,7,0
2007,TY,61,61,0
2007,TYE,16,16,0
2007,TYLER,454,454,0
2007,TYLOR,6,6,0
2007,TYRELL,17,17,0
2007,TYRESE,11,11,0
2007,TYRONE,7,7,0
2007,TYRUS,9,9,0
2007,TYSON,148,148,0
2007,UMAIR,7,7,0
2007,UMAR,10,10,0
2007,USMAN,7,7,0
2007,TRISTIAN,5,5,0
2007,TIM,11,11,0
2007,TRISTEN,10,10,0
2007,TREY,26,26,0
2007,TITUS,12,12,0
2007,TOBIAS,31,31,0
2007,TOBIN,6,6,0
2007,TOBY,20,20,0
2007,TODD,7,7,0
2007,TOM,10,10,0
2007,TOMAS,17,17,0
2007,TOMASZ,5,5,0
2007,TOMMY,20,20,0
2007,TONY,25,25,0
2007,TORIN,8,8,0
2007,TRACE,6,6,0
2007,TRAVIS,93,93,0
2007,TRENT,55,55,0
2007,TRENTEN,6,6,0
2007,TRENTON,30,30,0
2007,TREVOR,69,69,0
2007,TRISTAN,274,274,0
2007,OWYN,5,5,0
2007,OWEN,744,744,0
2007,OWAIS,8,8,0
2007,KURT,10,10,0
2007,KURTIS,30,30,0
2007,KYAN,5,5,0
2007,KYLAN,7,7,0
2007,KYLE,251,251,0
2007,KYLER,36,36,0
2007,KYMANI,15,15,0
2007,KRYSTIAN,6,6,0
2007,KYSON,8,8,0
2007,LAITH,5,5,0
2007,LAMAR,6,6,0
2007,LANCE,13,13,0
2007,LANDAN,6,6,0
2007,LANDEN,38,38,0
2007,LANDIN,5,5,0
2007,LANDON,148,148,0
2007,LACHLAN,28,28,0
2007,KRISTOPHER,9,9,0
2007,KRISTIAN,24,24,0
2007,KRISHAN,12,12,0
2007,KOBI,5,5,0
2007,KOBY,7,7,0
2007,KODY,15,15,0
2007,KOEN,20,20,0
2007,KOHEN,13,13,0
2007,KOHL,6,6,0
2007,KOLBY,9,9,0
2007,KOLE,13,13,0
2007,KOLTON,17,17,0
2007,KONNER,6,6,0
2007,KONNOR,5,5,0
2007,KONRAD,9,9,0
2007,KONSTANTINOS,5,5,0
2007,KOOPER,5,5,0
2007,KORBIN,5,5,0
2007,KRIS,5,5,0
2007,KRISH,54,54,0
2007,LANDYN,18,18,0
2007,LANE,10,10,0
2007,LARS,5,5,0
2007,LAWRENCE,15,15,0
2007,LEX,6,6,0
2007,LEYTON,6,6,0
2007,LI,5,5,0
2007,LIAM,612,612,0
2007,LINCOLN,79,79,0
2007,LINDEN,8,8,0
2007,LIONEL,7,7,0
2007,LIOR,7,7,0
2007,LOCHLAN,16,16,0
2007,LOÏC,8,8,0
2007,LORENZO,25,25,0
2007,LOUIS,15,15,0
2007,LUC,23,23,0
2007,LUCA,201,201,0
2007,LUCAS,693,693,0
2007,LUCIAN,9,9,0
2007,LUCIANO,7,7,0
2007,LEWIS,17,17,0
2007,KOBE,7,7,0
2007,LEVI,48,48,0
2007,LESTER,6,6,0
2007,LAWSON,8,8,0
2007,LAYNE,7,7,0
2007,LAYTON,8,8,0
2007,LEANDRO,10,10,0
2007,LEE,6,6,0
2007,LEELAND,7,7,0
2007,LEIF,8,8,0
2007,LEIGHTON,6,6,0
2007,LELAND,50,50,0
2007,LENNON,7,7,0
2007,LENNOX,5,5,0
2007,LEO,63,63,0
2007,LÉO,7,7,0
2007,LEON,8,8,0
2007,LEONARD,8,8,0
2007,LEONARDO,36,36,0
2007,LEONIDAS,6,6,0
2007,LEV,7,7,0
2007,KISHAN,11,11,0
2007,KINGSTON,23,23,0
2007,KINGSLEY,8,8,0
2007,KAEDEN,18,18,0
2007,KAEL,14,14,0
2007,KAELAN,14,14,0
2007,KAI,67,67,0
2007,KAIDAN,5,5,0
2007,KAIDEN,63,63,0
2007,KAINE,6,6,0
2007,KALAN,7,7,0
2007,KALE,10,10,0
2007,KALEB,122,122,0
2007,KALEM,5,5,0
2007,KALEN,8,8,0
2007,KALUM,6,6,0
2007,KALVIN,6,6,0
2007,KAMAL,10,10,0
2007,KAMERON,11,11,0
2007,KAMIL,6,6,0
2007,KADIN,7,7,0
2007,KAMRAN,11,11,0
2007,KADEN,108,108,0
2007,KACPER,7,7,0
2007,JOSH,18,18,0
2007,JOSHUA,823,823,0
2007,JOSIAH,81,81,0
2007,JOSUE,5,5,0
2007,JOVAN,9,9,0
2007,JOVIN,5,5,0
2007,JUAN,16,16,0
2007,JUDAH,28,28,0
2007,JUDE,33,33,0
2007,JULIAN,214,214,0
2007,JULIEN,33,33,0
2007,JULIUS,16,16,0
2007,JUN,6,6,0
2007,JUNAID,5,5,0
2007,JUSTIN,360,360,0
2007,JUSTUS,5,5,0
2007,KABIR,18,18,0
2007,KADE,13,13,0
2007,LUCIUS,6,6,0
2007,KAMRON,5,5,0
2007,KARAN,8,8,0
2007,KELTON,6,6,0
2007,KELVIN,14,14,0
2007,KENAN,7,7,0
2007,KENDRICK,6,6,0
2007,KENNETH,43,43,0
2007,KENNY,8,8,0
2007,KENYON,7,7,0
2007,KEON,13,13,0
2007,KESHAV,9,9,0
2007,KEVIN,190,190,0
2007,KHALED,8,8,0
2007,KHALID,21,21,0
2007,KHALIL,12,12,0
2007,KIAN,49,49,0
2007,KIEFER,11,11,0
2007,KILLIAN,6,6,0
2007,KING,5,5,0
2007,KELLEN,7,7,0
2007,KANE,14,14,0
2007,KEITH,34,34,0
2007,KEGAN,7,7,0
2007,KARANVEER,6,6,0
2007,KAREEM,20,20,0
2007,KARIM,11,11,0
2007,KARL,12,12,0
2007,KAROL,6,6,0
2007,KARSON,18,18,0
2007,KARSTEN,6,6,0
2007,KARTER,8,8,0
2007,KASHIF,6,6,0
2007,KAVIN,10,10,0
2007,KAYNE,5,5,0
2007,KEAGAN,25,25,0
2007,KEANE,5,5,0
2007,KEANU,6,6,0
2007,KEATON,31,31,0
2007,KEEGAN,111,111,0
2007,KEENAN,24,24,0
2007,KEIRAN,10,10,0
2007,LUIS,21,21,0
2007,LUKA,66,66,0
2007,LUKAS,148,148,0
2007,MUJTABA,6,6,0
2007,MURRAY,5,5,0
2007,MUSA,30,30,0
2007,MUSTAFA,32,32,0
2007,MYLES,73,73,0
2007,NABIL,6,6,0
2007,NADER,6,6,0
2007,NAHUM,7,7,0
2007,NANA,6,6,0
2007,NASH,15,15,0
2007,NATE,28,28,0
2007,NATHAN,801,801,0
2007,NATHANAEL,17,17,0
2007,NATHANIAL,14,14,0
2007,NATHANIEL,235,235,0
2007,NAVEEN,6,6,0
2007,NAVIN,5,5,0
2007,MUIZZ,5,5,0
2007,NAVJOT,7,7,0
2007,MUHAMMED,9,9,0
2007,MUADH,5,5,0
2007,MIKAIL,8,8,0
2007,MIKHAIL,13,13,0
2007,MILAD,6,6,0
2007,MILES,41,41,0
2007,MILLER,6,6,0
2007,MILO,13,13,0
2007,MILOS,9,9,0
2007,MITCHEL,7,7,0
2007,MITCHELL,98,98,0
2007,MOHAMAD,18,18,0
2007,MOHAMED,55,55,0
2007,MOHAMMAD,90,90,0
2007,MOHAMMED,50,50,0
2007,MOHID,7,7,0
2007,MOMIN,5,5,0
2007,MOSES,8,8,0
2007,MOSHE,10,10,0
2007,MUHAMMAD,163,163,0
2007,MIKAËL,5,5,0
2007,NAVRAJ,8,8,0
2007,NEEL,8,8,0
2007,NOEL,13,13,0
2007,NOLAN,259,259,0
2007,NORMAN,8,8,0
2007,ODIN,8,8,0
2007,OLIVER,175,175,0
2007,OLIVIER,49,49,0
2007,OM,10,10,0
2007,OMAR,80,80,0
2007,OMER,12,12,0
2007,OMID,6,6,0
2007,OREN,5,5,0
2007,ORION,6,6,0
2007,ORLANDO,12,12,0
2007,OSCAR,47,47,0
2007,OSKAR,9,9,0
2007,OSMAN,12,12,0
2007,OTIS,5,5,0
2007,NOBLE,5,5,0
2007,NEAL,5,5,0
2007,NOAM,5,5,0
2007,NIXON,5,5,0
2007,NEIL,37,37,0
2007,NELSON,11,11,0
2007,NEVAN,5,5,0
2007,NEVEN,5,5,0
2007,NEVIN,9,9,0
2007,NICHOLAS,639,639,0
2007,NICK,12,12,0
2007,NICKOLAS,38,38,0
2007,NICO,14,14,0
2007,NICOLAS,167,167,0
2007,NIGEL,19,19,0
2007,NIHAL,6,6,0
2007,NIKHIL,15,15,0
2007,NIKO,20,20,0
2007,NIKOLA,24,24,0
2007,NIKOLAI,6,6,0
2007,NIKOLAS,46,46,0
2007,NOAH,836,836,0
2007,BENNY,9,9,0
2007,MIKAEL,17,17,0
2007,MIGUEL,65,65,0
2007,MANAV,9,9,0
2007,MANRAJ,16,16,0
2007,MANUEL,13,13,0
2007,MANVEER,6,6,0
2007,MANVIR,10,10,0
2007,MARC,38,38,0
2007,MARCEL,12,12,0
2007,MARCELLO,9,9,0
2007,MARCELO,6,6,0
2007,MARCO,83,83,0
2007,MARCOS,9,9,0
2007,MARCUS,218,218,0
2007,MAREK,15,15,0
2007,MARIO,25,25,0
2007,MARK,116,116,0
2007,MARKO,30,30,0
2007,MARKUS,31,31,0
2007,MANASSEH,5,5,0
2007,MARLON,12,12,0
2007,MALIK,32,32,0
2007,MALCOLM,49,49,0
2007,LUKASZ,7,7,0
2007,LUKE,255,255,0
2007,LUQMAN,6,6,0
2007,LYNDEN,5,5,0
2007,MAAZ,13,13,0
2007,MAC,7,7,0
2007,MADDEN,15,15,0
2007,MADDOX,33,33,0
2007,MAGNUS,12,12,0
2007,MAHAD,11,11,0
2007,MAHD,6,6,0
2007,MAHDI,6,6,0
2007,MAHMOUD,7,7,0
2007,MAKAI,6,6,0
2007,MAKSIM,18,18,0
2007,MALACHI,65,65,0
2007,MALAKAI,18,18,0
2007,MALEK,6,6,0
2007,MIHAILO,6,6,0
2007,MARQUES,7,7,0
2007,MARSHALL,35,35,0
2007,MAVERICK,18,18,0
2007,MAX,101,101,0
2007,MAXIM,54,54,0
2007,MAXIME,31,31,0
2007,MAXIMILIAN,37,37,0
2007,MAXIMILLIAN,7,7,0
2007,MAXIMUS,37,37,0
2007,MAXWELL,81,81,0
2007,MAZIN,5,5,0
2007,MEHDI,10,10,0
2007,MEHTAB,9,9,0
2007,MEKHI,14,14,0
2007,MEMPHIS,14,14,0
2007,MERRICK,15,15,0
2007,MICHAEL,630,630,0
2007,MICHEAL,11,11,0
2007,MICHEL,7,7,0
2007,MAURICIO,6,6,0
2007,MARQUIS,5,5,0
2007,MAURICE,5,5,0
2007,MATTHIEU,12,12,0
2007,MARTIN,47,47,0
2007,MARVIN,7,7,0
2007,MASON,289,289,0
2007,MASSIMO,53,53,0
2007,MATEEN,5,5,0
2007,MATEO,83,83,0
2007,MATEUS,8,8,0
2007,MATEUSZ,7,7,0
2007,MATHEW,52,52,0
2007,MATHIAS,18,18,0
2007,MATHIEU,50,50,0
2007,MATHIS,18,18,0
2007,MATIAS,17,17,0
2007,MATT,9,9,0
2007,MATTEO,178,178,0
2007,MATTHEW,844,844,0
2007,MATTHIAS,19,19,0
2007,MATTIAS,11,11,0
2007,KEEGHAN,5,5,0
2007,TAMANA,6,0,6
2007,ÉLODIE,7,0,7
2007,FLORA,7,0,7
2007,FLORENCE,15,0,15
2007,FRANCES,16,0,16
2007,FRANCESCA,35,0,35
2007,FREYA,12,0,12
2007,GABRIELA,44,0,44
2007,GABRIELLA,177,0,177
2007,GABRIELLE,207,0,207
2007,FIZA,8,0,8
2007,GEMMA,15,0,15
2007,GENEVA,7,0,7
2007,GENEVIEVE,35,0,35
2007,GENEVIÈVE,15,0,15
2007,GEORGIA,119,0,119
2007,GEORGINA,6,0,6
2007,GIA,16,0,16
2007,GIADA,12,0,12
2007,GIANNA,11,0,11
2007,GENESIS,11,0,11
2007,FIONA,71,0,71
2007,FINLEY,31,20,11
2007,FELICITY,13,0,13
2007,EVA,147,0,147
2007,EVALYN,6,0,6
2007,EVAN,532,526,6
2007,EVANGELINA,7,0,7
2007,EVANGELINE,50,0,50
2007,EVE,46,0,46
2007,EVELYN,92,0,92
2007,EVELYNN,8,0,8
2007,EVIE,14,0,14
2007,FAITH,121,0,121
2007,FALLON,7,0,7
2007,FARAH,16,0,16
2007,FATEMA,8,0,8
2007,FATIMA,90,0,90
2007,FATIMAH,12,0,12
2007,FATMA,8,0,8
2007,FAYE,9,0,9
2007,FAYTH,6,0,6
2007,FELICIA,20,0,20
2007,GILLIAN,40,0,40
2007,EUNICE,14,0,14
2007,GINA,10,0,10
2007,GISELE,6,0,6
2007,HAILIE,15,0,15
2007,HALA,7,0,7
2007,HALEIGH,8,0,8
2007,HALEY,62,0,62
2007,HALIMA,8,0,8
2007,HALLE,13,0,13
2007,HALLIE,11,0,11
2007,HANA,30,0,30
2007,HAILEY,352,0,352
2007,HANIA,7,0,7
2007,HANNA,57,0,57
2007,HANNAH,575,0,575
2007,HARINI,9,0,9
2007,HARJOT,13,7,6
2007,HARLEEN,32,0,32
2007,HARLEY,21,10,11
2007,HARMONY,28,0,28
2007,HARNEET,6,0,6
2007,HANIYA,9,0,9
2007,HAILEE,15,0,15
2007,HAFSA,21,0,21
2007,HADLEY,12,0,12
2007,GISELLE,20,0,20
2007,GIULIA,16,0,16
2007,GIULIANA,13,0,13
2007,GLORIA,32,0,32
2007,GRACE,435,0,435
2007,GRACELYN,10,0,10
2007,GRACIE,70,0,70
2007,GRETA,10,0,10
2007,GUNEET,10,0,10
2007,GURJOT,6,0,6
2007,GURLEEN,35,0,35
2007,GURNEET,12,0,12
2007,GURNOOR,23,8,15
2007,GWEN,18,0,18
2007,GWENDOLYN,17,0,17
2007,GWENYTH,10,0,10
2007,GWYNETH,6,0,6
2007,HABIBA,6,0,6
2007,HADIA,11,0,11
2007,GIORGIA,8,0,8
2007,ESTHER,48,0,48
2007,ESTELLE,6,0,6
2007,ESHAL,15,0,15
2007,DISHA,6,0,6
2007,DIVINE,7,0,7
2007,DIVYA,9,0,9
2007,DIYA,27,0,27
2007,DOMINIQUE,21,0,21
2007,DORIS,8,0,8
2007,DOROTHY,10,0,10
2007,DREW,54,43,11
2007,DINA,12,0,12
2007,DYLAN,458,444,14
2007,EDEN,90,5,85
2007,EDNA,7,0,7
2007,EILEEN,10,0,10
2007,ELA,6,0,6
2007,ELAINA,10,0,10
2007,ELAINE,20,0,20
2007,ELEANOR,22,0,22
2007,ELENA,55,0,55
2007,DÉSIRÉE,6,0,6
2007,DIANE,7,0,7
2007,DIANA,44,0,44
2007,DEVYN,16,6,10
2007,DANIELLE,108,0,108
2007,DANIKA,61,0,61
2007,DANYA,12,0,12
2007,DAPHNE,23,0,23
2007,DARCY,26,18,8
2007,DARIA,15,0,15
2007,DARYA,6,0,6
2007,DAWN,8,0,8
2007,DAYA,6,0,6
2007,DAYNA,15,0,15
2007,DEANNA,20,0,20
2007,DEBORAH,15,0,15
2007,DELANEY,26,0,26
2007,DELIA,6,0,6
2007,DELILAH,14,0,14
2007,DENISE,7,0,7
2007,DESIREE,14,0,14
2007,DESTINY,64,0,64
2007,DEVON,80,68,12
2007,ELENI,18,0,18
2007,ELHAM,6,0,6
2007,ELIANA,30,0,30
2007,ELIANNA,7,0,7
2007,EMELIA,9,0,9
2007,EMERSON,58,41,17
2007,EMERY,28,17,11
2007,EMILEE,9,0,9
2007,EMILIA,51,0,51
2007,EMILIE,39,0,39
2007,EMILY,782,0,782
2007,EMMA,907,0,907
2007,EMMA-LEE,6,0,6
2007,EMMALEE,7,0,7
2007,EMMANUELLE,7,0,7
2007,EMMERSON,15,0,15
2007,EMPRESS,7,0,7
2007,ERICA,74,0,74
2007,ERIKA,75,0,75
2007,ERIN,83,0,83
2007,ERYN,7,0,7
2007,ESHA,12,0,12
2007,ESHAAL,9,0,9
2007,EMAN,8,0,8
2007,HARNOOR,14,0,14
2007,EMAAN,14,0,14
2007,ELYSSA,12,0,12
2007,ELINA,11,0,11
2007,ELISA,29,0,29
2007,ELISABETH,20,0,20
2007,ELISE,37,0,37
2007,ELISHA,24,7,17
2007,ELISSA,16,0,16
2007,ELIZA,18,0,18
2007,ELIZABETH,285,0,285
2007,ELLA,460,0,460
2007,ELLE,26,0,26
2007,ELLEN,19,0,19
2007,ELLENA,6,0,6
2007,ELLIE,43,0,43
2007,ELLIS,11,5,6
2007,ELODIE,7,0,7
2007,ELORA,11,0,11
2007,ELSA,15,0,15
2007,ELSIE,9,0,9
2007,ELYSE,11,0,11
2007,EMA,6,0,6
2007,DANIELLA,66,0,66
2007,HARPER,18,6,12
2007,HAYA,6,0,6
2007,JOHANNA,12,0,12
2007,JOLENE,6,0,6
2007,JOLIE,14,0,14
2007,JORDAN,442,350,92
2007,JORDANA,11,0,11
2007,JORDIN,21,0,21
2007,JORDYN,104,0,104
2007,JORDYNN,6,0,6
2007,JOEY,45,32,13
2007,JORJA,54,0,54
2007,JOSIE,13,0,13
2007,JOY,22,0,22
2007,JOYCE,17,0,17
2007,JUDITH,7,0,7
2007,JUDY,21,0,21
2007,JULIA,451,0,451
2007,JULIANA,66,0,66
2007,JULIANNA,72,0,72
2007,JOSEPHINE,39,0,39
2007,JOELLE,19,0,19
2007,JODIE,10,0,10
2007,JOCELYN,63,0,63
2007,JAZMIN,10,0,10
2007,JAZMINE,23,0,23
2007,JAZMYN,8,0,8
2007,JELENA,7,0,7
2007,JEMMA,7,0,7
2007,JENA,9,0,9
2007,JENNA,150,0,150
2007,JENNIFER,95,0,95
2007,JENNY,34,0,34
2007,JERSEY,13,0,13
2007,JESSICA,319,0,319
2007,JESSIE,32,0,32
2007,JESSIKA,7,0,7
2007,JEWEL,14,0,14
2007,JIA,17,6,11
2007,JILLIAN,63,0,63
2007,JIYA,19,0,19
2007,JOANNA,39,0,39
2007,JOANNE,10,0,10
2007,JULIANNE,29,0,29
2007,JAZLYN,12,0,12
2007,JULIE,46,0,46
2007,JULIETTE,18,0,18
2007,KALLI,8,0,8
2007,KALLIE,15,0,15
2007,KAMILA,7,0,7
2007,KAMRYN,18,0,18
2007,KARA,37,0,37
2007,KARAH,7,0,7
2007,KAREN,26,0,26
2007,KARINA,42,0,42
2007,KALIYAH,7,0,7
2007,ÉMILIE,23,0,23
2007,KARLEE,10,0,10
2007,KARLEY,13,0,13
2007,KARLIE,6,0,6
2007,KARMA,10,0,10
2007,KASEY,10,0,10
2007,KASIA,6,0,6
2007,KASSANDRA,16,0,16
2007,KASSIDY,9,0,9
2007,KARLA,7,0,7
2007,KALISTA,8,0,8
2007,KALINA,7,0,7
2007,KALI,19,0,19
2007,JULISSA,7,0,7
2007,JUSTICE,38,23,15
2007,JUSTINA,11,0,11
2007,JUSTINE,27,0,27
2007,KADENCE,26,0,26
2007,KAELYN,28,0,28
2007,KAHLAN,7,0,7
2007,KAIA,17,0,17
2007,KAILA,7,0,7
2007,KAILEE,16,0,16
2007,KAILEIGH,7,0,7
2007,KAILEY,44,0,44
2007,KAILYN,18,0,18
2007,KAITLIN,27,0,27
2007,KAITLYN,232,0,232
2007,KAITLYNN,23,0,23
2007,KAIYA,21,0,21
2007,KALEIGH,17,0,17
2007,KALEY,7,0,7
2007,JULIET,12,0,12
2007,JAYNA,17,0,17
2007,JAYME,10,0,10
2007,JAYLYNN,10,0,10
2007,IMOGEN,7,0,7
2007,INAYA,9,0,9
2007,INDIA,7,0,7
2007,IQRA,7,0,7
2007,IRELAND,14,0,14
2007,IRENE,14,0,14
2007,IRIS,37,0,37
2007,ISABEL,127,0,127
2007,IMAN,35,0,35
2007,ISABELA,12,0,12
2007,ISABELLA,630,0,630
2007,ISABELLE,269,0,269
2007,ISHA,12,0,12
2007,ISHANI,6,0,6
2007,ISHITA,6,0,6
2007,ISIS,9,0,9
2007,ISLA,39,0,39
2007,ISOBEL,27,0,27
2007,ISABELL,8,0,8
2007,IMAAN,7,0,7
2007,HUNTER,256,241,15
2007,HUDA,14,0,14
2007,HAYDEN,303,256,47
2007,HAYLEE,25,0,25
2007,HAYLEIGH,8,0,8
2007,HAYLEY,70,0,70
2007,HAYLIE,17,0,17
2007,HAZEL,43,0,43
2007,HEATHER,28,0,28
2007,HEAVEN,12,0,12
2007,HEBA,7,0,7
2007,HEIDI,48,0,48
2007,HELEN,36,0,36
2007,HELENA,35,0,35
2007,HIBA,19,0,19
2007,HILARY,14,0,14
2007,HILLARY,8,0,8
2007,HIMANI,7,0,7
2007,HIRA,7,0,7
2007,HOLLY,59,0,59
2007,HOPE,59,0,59
2007,ISRA,8,0,8
2007,IVANA,9,0,9
2007,IVY,48,0,48
2007,IZABEL,8,0,8
2007,JANAE,7,0,7
2007,JANE,26,0,26
2007,JANELLE,29,0,29
2007,JANESSA,13,0,13
2007,JANICE,10,0,10
2007,JANNA,11,0,11
2007,JANNAH,6,0,6
2007,JAPNEET,7,0,7
2007,JASLEEN,35,0,35
2007,JASLENE,11,0,11
2007,JASMEEN,7,0,7
2007,JASMEET,9,0,9
2007,JASMIN,19,0,19
2007,JASMINE,188,0,188
2007,JAYA,14,0,14
2007,JAYDA,49,0,49
2007,JAYDE,9,0,9
2007,JAYDEN,451,395,56
2007,JAYLA,49,0,49
2007,JANA,36,0,36
2007,HAVEN,6,0,6
2007,JAMIE-LYNN,6,0,6
2007,JAIMEE,7,0,7
2007,IZABELA,7,0,7
2007,IZABELLA,43,0,43
2007,IZABELLE,13,0,13
2007,JACKLYN,6,0,6
2007,JACLYN,13,0,13
2007,JACQUELINE,32,0,32
2007,JADA,85,0,85
2007,JADE,123,0,123
2007,JADEN,144,122,22
2007,JADYN,32,8,24
2007,JAEDA,10,0,10
2007,JAEDYN,6,0,6
2007,JAELA,7,0,7
2007,JAELYN,26,0,26
2007,JAELYNN,10,0,10
2007,JAIDA,29,0,29
2007,JAIDEN,63,45,18
2007,JAIDYN,15,0,15
2007,JAIME,29,0,29
2007,JAMIE,73,33,40
2007,DANIELA,60,0,60
2007,DANICA,66,0,66
2007,DANIA,10,0,10
2007,ANASTASIA,55,0,55
2007,ANAYA,19,0,19
2007,ANAYAH,6,0,6
2007,ANAÏS,7,0,7
2007,ANDIE,7,0,7
2007,ANDREA,73,7,66
2007,ANEESA,8,0,8
2007,ANGEL,73,16,57
2007,ANABELLE,20,0,20
2007,ANGELA,96,0,96
2007,ANGELICA,40,0,40
2007,ANGELIKA,8,0,8
2007,ANGELINA,163,0,163
2007,ANGELINE,8,0,8
2007,ANGIE,8,0,8
2007,ANH,6,0,6
2007,ANIKA,38,0,38
2007,ANISA,15,0,15
2007,ANGELIA,9,0,9
2007,ANA,44,0,44
2007,AMÉLIE,31,0,31
2007,AMY,126,0,126
2007,ALYSON,17,0,17
2007,ALYSSA,402,0,402
2007,ALYSSIA,13,0,13
2007,AMAL,6,0,6
2007,AMALIA,7,0,7
2007,AMANDA,101,0,101
2007,AMANI,7,0,7
2007,AMARA,10,0,10
2007,AMAYA,18,0,18
2007,AMBER,91,0,91
2007,AMELIA,196,0,196
2007,AMELIE,8,0,8
2007,AMINA,30,0,30
2007,AMINAH,8,0,8
2007,AMIRA,19,0,19
2007,AMIRAH,7,0,7
2007,AMNA,13,0,13
2007,AMRIT,16,8,8
2007,AMRITA,7,0,7
2007,ANISHA,16,0,16
2007,ALYSIA,9,0,9
2007,ANISSA,6,0,6
2007,ANIYAH,9,0,9
2007,AREEBAH,7,0,7
2007,ARIA,17,0,17
2007,ARIANA,73,0,73
2007,ARIANE,10,0,10
2007,ARIANNA,97,0,97
2007,ARIANNE,16,0,16
2007,ARIEL,62,14,48
2007,ARIELLA,12,0,12
2007,AREEBA,7,0,7
2007,ARIELLE,28,0,28
2007,ARSHIA,6,0,6
2007,ARWA,7,0,7
2007,ARWEN,7,0,7
2007,ARYA,25,12,13
2007,ARYANA,16,0,16
2007,ARYANNA,7,0,7
2007,ASHA,10,0,10
2007,ASHLEE,17,0,17
2007,ARISHA,7,0,7
2007,ARCHANA,6,0,6
2007,ARABELLA,13,0,13
2007,AQSA,6,0,6
2007,ANJALI,20,0,20
2007,ANN,12,0,12
2007,ANNA,228,0,228
2007,ANNA-MARIA,6,0,6
2007,ANNABEL,9,0,9
2007,ANNABELLA,15,0,15
2007,ANNABELLE,61,0,61
2007,ANNALISE,7,0,7
2007,ANNE,29,0,29
2007,ANNE-MARIE,7,0,7
2007,ANNEKE,6,0,6
2007,ANNELISE,7,0,7
2007,ANNIE,39,0,39
2007,ANNIKA,44,0,44
2007,ANTONIA,11,0,11
2007,ANUSHA,6,0,6
2007,ANUSHKA,11,0,11
2007,ANYA,32,0,32
2007,APRIL,31,0,31
2007,ANITA,22,0,22
2007,ALYSHA,18,0,18
2007,ALYSA,7,0,7
2007,ALORA,6,0,6
2007,ADELE,8,0,8
2007,ADELINE,19,0,19
2007,ADIA,7,0,7
2007,ADINA,12,0,12
2007,ADISON,8,0,8
2007,ADITI,13,0,13
2007,ADRIANA,53,0,53
2007,ADRIANNA,40,0,40
2007,ADELAIDE,17,0,17
2007,ADRIENNE,10,0,10
2007,AIMEE,13,0,13
2007,AINSLEY,44,0,44
2007,AISHA,56,0,56
2007,AISLINN,9,0,9
2007,AISLYNN,7,0,7
2007,AIZA,7,0,7
2007,AKEELAH,8,0,8
2007,AKIRA,13,6,7
2007,AILEEN,6,0,6
2007,ADDYSON,18,0,18
2007,ADDISYN,7,0,7
2007,ADDISON,272,10,262
2007,AALIYAH,69,0,69
2007,AAMNA,6,0,6
2007,AANYA,6,0,6
2007,ABAGAIL,8,0,8
2007,ABBEY,39,0,39
2007,ABBIE,9,0,9
2007,ABBIGAIL,23,0,23
2007,ABBY,79,0,79
2007,ABBYGAIL,8,0,8
2007,ABBYGALE,8,0,8
2007,ABEEHA,6,0,6
2007,ABIGAIL,591,0,591
2007,ABIGALE,18,0,18
2007,ABIGAYLE,24,0,24
2007,ABINA,6,0,6
2007,ABINAYA,7,0,7
2007,ABISHA,6,0,6
2007,ABYGAIL,8,0,8
2007,ADA,20,0,20
2007,AKSHAYA,6,0,6
2007,ALAINA,22,0,22
2007,ALANA,37,0,37
2007,ALANNA,21,0,21
2007,ALIANA,7,0,7
2007,ALICE,57,0,57
2007,ALICIA,78,0,78
2007,ALINA,62,0,62
2007,ALISA,16,0,16
2007,ALISHA,54,0,54
2007,ALISHBA,18,0,18
2007,ALISON,47,0,47
2007,ALISSA,29,0,29
2007,ALIVIA,39,0,39
2007,ALIYA,34,0,34
2007,ALIYAH,64,0,64
2007,ALIZA,18,0,18
2007,ALLEGRA,13,0,13
2007,ALLIE,25,0,25
2007,ALLISON,97,0,97
2007,ALLY,16,0,16
2007,ALLYSON,21,0,21
2007,ALLYSSA,7,0,7
2007,ALIA,21,0,21
2007,ASHLEIGH,21,0,21
2007,ALEXYS,7,0,7
2007,ALEXIS,271,19,252
2007,ALANNAH,13,0,13
2007,ALAYNA,19,0,19
2007,ALEAH,13,0,13
2007,ALEENA,27,0,27
2007,ALEEZA,14,0,14
2007,ALEJANDRA,8,0,8
2007,ALEKSANDRA,14,0,14
2007,ALENA,13,0,13
2007,ALESHA,8,0,8
2007,ALESSA,7,0,7
2007,ALESSANDRA,41,0,41
2007,ALESSIA,67,0,67
2007,ALEX,150,142,8
2007,ALEXA,127,0,127
2007,ALEXANDRA,256,0,256
2007,ALEXANDREA,7,0,7
2007,ALEXANDRIA,43,0,43
2007,ALEXIA,90,0,90
2007,ALEXIE,16,0,16
2007,ALEXUS,11,0,11
2007,ASHLEY,210,0,210
2007,ASHLYN,54,0,54
2007,ASHLYNN,17,0,17
2007,CAYDENCE,6,0,6
2007,CAYLA,6,0,6
2007,CAYLEIGH,6,0,6
2007,CECILIA,24,0,24
2007,CELESTE,20,0,20
2007,CELIA,9,0,9
2007,CELINA,33,0,33
2007,CELINE,21,0,21
2007,CATHY,6,0,6
2007,CHANA,7,0,7
2007,CHANELLE,8,0,8
2007,CHANTAL,15,0,15
2007,CHANTEL,14,0,14
2007,CHANTELLE,15,0,15
2007,CHARITY,6,0,6
2007,CHARLEE,16,0,16
2007,CHARLEIGH,6,0,6
2007,CHARLENE,6,0,6
2007,CHANEL,17,0,17
2007,CATHERINE,83,0,83
2007,CATHARINE,7,0,7
2007,CATERINA,6,0,6
2007,CARISSA,26,0,26
2007,CARLA,6,0,6
2007,CARLEY,19,0,19
2007,CARLIE,7,0,7
2007,CARLY,38,0,38
2007,CARMELA,7,0,7
2007,CARMEN,27,0,27
2007,CAROL,7,0,7
2007,CAROLINE,32,0,32
2007,CAROLYN,19,0,19
2007,CARRIE,17,0,17
2007,CARYS,25,0,25
2007,CASANDRA,6,0,6
2007,CASEY,41,25,16
2007,CASSANDRA,92,0,92
2007,CASSIA,7,0,7
2007,CASSIDY,57,0,57
2007,CASSIE,17,0,17
2007,CATALINA,12,0,12
2007,CHARLEY,11,0,11
2007,CHARLIE,89,63,26
2007,CHARLIZE,19,0,19
2007,CHARLOTTE,291,0,291
2007,CLAUDIA,39,0,39
2007,CLOÉ,8,0,8
2007,COLLEEN,14,0,14
2007,CONNIE,7,0,7
2007,COOPER,138,131,7
2007,CORA,22,0,22
2007,CORALIE,11,0,11
2007,CORDELIA,9,0,9
2007,CORINA,10,0,10
2007,COURTNEY,47,0,47
2007,CRISTINA,24,0,24
2007,CRYSTAL,30,0,30
2007,CYAN,6,0,6
2007,CYNTHIA,21,0,21
2007,DAHLIA,22,0,22
2007,DAISY,18,0,18
2007,DAKOTA,99,40,59
2007,DALIA,9,0,9
2007,DANA,34,0,34
2007,CLARISSA,12,0,12
2007,CARINA,13,0,13
2007,CLARE,37,0,37
2007,CLAIRE,254,0,254
2007,CHASE,198,192,6
2007,CHAYA,15,0,15
2007,CHELSEA,107,0,107
2007,CHELSEY,19,0,19
2007,CHERISH,7,0,7
2007,CHERYL,7,0,7
2007,CHEYANNE,18,0,18
2007,CHEYENNE,48,0,48
2007,CHIARA,35,0,35
2007,CHLOE,415,0,415
2007,CHLOÉ,47,0,47
2007,CHLOË,12,0,12
2007,CHRISTIANA,6,0,6
2007,CHRISTINA,105,0,105
2007,CHRISTINE,36,0,36
2007,CIARA,62,0,62
2007,CIERA,9,0,9
2007,CIERRA,15,0,15
2007,CINDY,33,0,33
2007,CLARA,87,0,87
2007,KATANA,6,0,6
2007,CARA,26,0,26
2007,CAMILLE,31,0,31
2007,AVRIL,6,0,6
2007,AYA,22,0,22
2007,AYAH,7,0,7
2007,AYANA,9,0,9
2007,AYESHA,41,0,41
2007,AYLA,46,0,46
2007,AYSHA,6,0,6
2007,AYVA,7,0,7
2007,AVNI,6,0,6
2007,BAILEE,6,0,6
2007,BARBARA,8,0,8
2007,BEATRICE,19,0,19
2007,BEATRIX,7,0,7
2007,BELLA,27,0,27
2007,BELLE,9,0,9
2007,BERNICE,14,0,14
2007,BETH,6,0,6
2007,BETHANY,29,0,29
2007,BAILEY,64,15,49
2007,AVNEET,23,0,23
2007,AVIVA,8,0,8
2007,AVERY,406,59,347
2007,ASHNA,6,0,6
2007,ASIA,20,0,20
2007,ASIYA,6,0,6
2007,ASMA,8,0,8
2007,ASPEN,6,0,6
2007,ATHENA,40,0,40
2007,AUBREE,6,0,6
2007,AUBREY,23,0,23
2007,AUDREY,139,0,139
2007,AUDRINA,9,0,9
2007,AURORA,31,0,31
2007,AUTUMN,92,0,92
2007,AVA,845,0,845
2007,AVAH,9,0,9
2007,AVAIA,6,0,6
2007,AVALON,8,0,8
2007,AVANI,7,0,7
2007,AVARY,6,0,6
2007,AVERIE,12,0,12
2007,BETTY,6,0,6
2007,BIANCA,110,0,110
2007,BIANKA,6,0,6
2007,BILLIE,6,0,6
2007,BRYN,7,0,7
2007,BRYNN,32,0,32
2007,BUSHRA,10,0,10
2007,CADENCE,50,0,50
2007,CAILEIGH,6,0,6
2007,CAILIN,6,0,6
2007,CAILYN,14,0,14
2007,CAITLIN,80,0,80
2007,CAITLYN,56,0,56
2007,CAITLYNN,10,0,10
2007,CALEIGH,23,0,23
2007,CALI,25,0,25
2007,CALISTA,20,0,20
2007,CALLA,7,0,7
2007,CALLEIGH,13,0,13
2007,CALLIE,33,0,33
2007,CAMERON,430,410,20
2007,CAMILA,18,0,18
2007,CAMILLA,12,0,12
2007,BRYANNA,14,0,14
2007,CAMRYN,56,6,50
2007,BROOKLYNN,62,0,62
2007,BROOKLIN,7,0,7
2007,BLESSING,7,0,7
2007,BREANNA,82,0,82
2007,BREANNE,10,0,10
2007,BREE,16,0,16
2007,BRENNA,19,0,19
2007,BRIA,9,0,9
2007,BRIANA,28,0,28
2007,BRIANNA,199,0,199
2007,BRIANNE,21,0,21
2007,BRIAR,16,0,16
2007,BRIDGET,43,0,43
2007,BRIELLE,24,0,24
2007,BRITNEY,7,0,7
2007,BRITTANY,9,0,9
2007,BRONWYN,29,0,29
2007,BROOK,13,0,13
2007,BROOKE,233,0,233
2007,BROOKE-LYNN,8,0,8
2007,BROOKELYN,8,0,8
2007,BROOKLYN,208,0,208
2007,KATARINA,23,0,23
2007,KARISSA,17,0,17
2007,KATE-LYNN,8,0,8
2007,RYLIE,23,5,18
2007,RYLIN,6,0,6
2007,SABINE,7,0,7
2007,SABRINA,119,0,119
2007,SADAF,6,0,6
2007,SADIE,137,0,137
2007,SAFA,14,0,14
2007,SAFIA,6,0,6
2007,RYLEY,27,20,7
2007,SAFIYA,14,0,14
2007,SAGE,34,7,27
2007,SAHANA,9,0,9
2007,SAHAR,14,0,14
2007,SAHARA,13,0,13
2007,SAIRA,6,0,6
2007,SAKINA,6,0,6
2007,SALINA,9,0,9
2007,SALLY,11,0,11
2007,SAFIYAH,7,0,7
2007,RYLEIGH,32,0,32
2007,RYLEE,75,8,67
2007,RYLAN,84,73,11
2007,RIYA,25,0,25
2007,ROBIN,26,14,12
2007,ROBYN,33,0,33
2007,ROCHELLE,7,0,7
2007,RORY,40,23,17
2007,ROSA,6,0,6
2007,ROSALIE,12,0,12
2007,ROSE,28,0,28
2007,ROSEMARY,9,0,9
2007,ROWAN,156,97,59
2007,ROWEN,20,12,8
2007,ROWYN,9,0,9
2007,ROXANA,7,0,7
2007,ROXANNE,6,0,6
2007,RUBY,100,0,100
2007,RUHI,6,0,6
2007,RUMAISA,7,0,7
2007,RUTH,15,0,15
2007,RYANN,15,0,15
2007,SALMA,21,0,21
2007,RIVER,28,20,8
2007,SAMA,13,0,13
2007,SAMARA,27,0,27
2007,SELENA,64,0,64
2007,SELIN,7,0,7
2007,SELINA,47,0,47
2007,SEQUOIA,7,0,7
2007,SERENA,86,0,86
2007,SERENE,13,0,13
2007,SERENITY,37,0,37
2007,SERINA,10,0,10
2007,SELAH,6,0,6
2007,SHAELYN,8,0,8
2007,SHANIA,18,0,18
2007,SHANNON,41,0,41
2007,SHANZAY,9,0,9
2007,SHARON,15,0,15
2007,SHAUNA,8,0,8
2007,SHAWNA,7,0,7
2007,SHAY,12,6,6
2007,SHAYE,6,0,6
2007,SHAINA,7,0,7
2007,SEANNA,7,0,7
2007,SCARLETT,57,0,57
2007,SCARLET,9,0,9
2007,SAMAYA,9,0,9
2007,SAMIA,6,0,6
2007,SAMIRA,14,0,14
2007,SAMIYA,6,0,6
2007,SANA,32,0,32
2007,SANAA,9,0,9
2007,SANDRA,17,0,17
2007,SANDY,7,0,7
2007,SANIA,7,0,7
2007,SANJANA,7,0,7
2007,SANVI,6,0,6
2007,SARA,235,0,235
2007,SARAH,620,0,620
2007,SARINA,29,0,29
2007,SASHA,65,13,52
2007,SAVANA,10,0,10
2007,SAVANAH,14,0,14
2007,SAVANNA,32,0,32
2007,SAVANNAH,190,0,190
2007,SAMANTHA,380,0,380
2007,RITA,18,0,18
2007,RILEY,326,221,105
2007,RILEIGH,6,0,6
2007,PAYTON,102,18,84
2007,PEARL,8,0,8
2007,PEIGHTON,6,0,6
2007,PENELOPE,13,0,13
2007,PETRA,17,0,17
2007,PEYTON,141,48,93
2007,PHOEBE,20,0,20
2007,PHOENIX,60,35,25
2007,PAYTEN,9,0,9
2007,PIA,6,0,6
2007,POLINA,7,0,7
2007,POOJA,7,0,7
2007,PORTIA,7,0,7
2007,PRESLEY,18,0,18
2007,PRISHA,15,0,15
2007,PRIYA,22,0,22
2007,PRIYANKA,6,0,6
2007,PUNEET,12,0,12
2007,PIPER,42,0,42
2007,PAULINE,7,0,7
2007,PAULINA,12,0,12
2007,PAULA,9,0,9
2007,OCEAN,17,0,17
2007,OCÉANE,8,0,8
2007,OCÉANNE,8,0,8
2007,ODESSA,6,0,6
2007,OLIVE,8,0,8
2007,OLIVIA,883,0,883
2007,OLIWIA,8,0,8
2007,OPHELIA,8,0,8
2007,ORIANA,7,0,7
2007,KATE,143,0,143
2007,PAIGE,209,0,209
2007,PAISLEY,17,0,17
2007,PAITYN,7,0,7
2007,PARIS,8,0,8
2007,PARISA,8,0,8
2007,PARKER,135,123,12
2007,PARNEET,14,0,14
2007,PATIENCE,6,0,6
2007,PATRICIA,32,0,32
2007,QUINN,144,101,43
2007,RABIA,6,0,6
2007,RACHAEL,45,0,45
2007,RACHEAL,6,0,6
2007,REECE,26,16,10
2007,REEGAN,10,0,10
2007,REEM,11,0,11
2007,REESE,112,17,95
2007,REGAN,28,7,21
2007,REINA,8,0,8
2007,RENA,11,0,11
2007,RENATA,10,0,10
2007,RENEE,21,0,21
2007,RENÉE,21,0,21
2007,REYA,6,0,6
2007,RHEA,36,0,36
2007,RHIANNA,18,0,18
2007,RHIANNON,14,0,14
2007,RHYS,46,40,6
2007,RIA,22,0,22
2007,RIANNA,16,0,16
2007,RIDA,14,0,14
2007,RIHANNA,38,0,38
2007,REBEKAH,23,0,23
2007,SHAYLA,39,0,39
2007,REBECCA,184,0,184
2007,REAGAN,16,0,16
2007,RACHEL,303,0,303
2007,RACHELLE,11,0,11
2007,RADHIKA,6,0,6
2007,RAIN,12,6,6
2007,RAINA,13,0,13
2007,RAINE,13,6,7
2007,RAMEEN,10,0,10
2007,RANEEM,6,0,6
2007,RANIA,13,0,13
2007,RAQUEL,14,0,14
2007,RAVEN,23,0,23
2007,RAVNEET,6,0,6
2007,RAWAN,15,0,15
2007,RAYA,12,0,12
2007,RAYAN,52,45,7
2007,RAYCHEL,6,0,6
2007,RAYNA,15,0,15
2007,RAYNE,13,6,7
2007,RAZAN,8,0,8
2007,REANNA,18,0,18
2007,NYOMI,6,0,6
2007,SHAYLEE,7,0,7
2007,SHEA,27,15,12
2007,TORI,24,0,24
2007,TRACY,15,0,15
2007,TRINA,7,0,7
2007,TRINITY,96,0,96
2007,TRISHA,15,0,15
2007,TRISTA,15,0,15
2007,TRUDY,6,0,6
2007,TYRA,9,0,9
2007,TINA,49,0,49
2007,TÉA,6,0,6
2007,VALERIA,13,0,13
2007,VALERIE,31,0,31
2007,VANESSA,213,0,213
2007,VANI,6,0,6
2007,VARSHA,6,0,6
2007,VERA,15,0,15
2007,VERONICA,62,0,62
2007,VERONIKA,15,0,15
2007,VALENTINA,31,0,31
2007,TIFFANY,59,0,59
2007,TIARA,8,0,8
2007,TIANNA,41,0,41
2007,TAYA,27,0,27
2007,TAYLA,11,0,11
2007,TAYLER,12,0,12
2007,TAYLOR,274,34,240
2007,TEAGAN,72,8,64
2007,TEAGHAN,13,0,13
2007,TEAH,6,0,6
2007,TEGAN,30,10,20
2007,TENZIN,20,7,13
2007,TEODORA,6,0,6
2007,TERESA,19,0,19
2007,TERRA,6,0,6
2007,TESS,15,0,15
2007,TESSA,109,0,109
2007,THALIA,15,0,15
2007,THEA,9,0,9
2007,THERESA,16,0,16
2007,TIA,39,0,39
2007,TIANA,40,0,40
2007,VICKY,15,0,15
2007,TATYANA,6,0,6
2007,VICTORIA,381,0,381
2007,VIKTORIA,10,0,10
2007,ZAHRA,48,0,48
2007,ZAHRAA,16,0,16
2007,ZAINA,18,0,18
2007,ZAINAB,58,0,58
2007,ZARA,60,0,60
2007,ZARAH,7,0,7
2007,ZAYNA,8,0,8
2007,ZAYNAB,11,0,11
2007,ZAHARA,6,0,6
2007,ZEINAB,9,0,9
2007,ZOEY,77,0,77
2007,ZOHA,8,0,8
2007,ZOIE,7,0,7
2007,ZOYA,20,0,20
2007,ZOÉ,23,0,23
2007,ZOË,44,0,44
2007,ZUNAIRA,6,0,6
2007,ÉLISE,12,0,12
2007,ZOE,172,0,172
2007,ZAARA,12,0,12
2007,YVONNE,9,0,9
2007,YUSRA,13,0,13
2007,VIOLET,76,0,76
2007,VIRGINIA,6,0,6
2007,VITTORIA,9,0,9
2007,VIVIAN,57,0,57
2007,VIVIANA,6,0,6
2007,VIVIEN,6,0,6
2007,WENDY,12,0,12
2007,WHITNEY,8,0,8
2007,WILLOW,40,0,40
2007,WINNIE,6,0,6
2007,WYNTER,6,0,6
2007,YANA,8,0,8
2007,YARA,16,0,16
2007,YASMEEN,14,0,14
2007,YASMIN,35,0,35
2007,YASMINA,6,0,6
2007,YASMINE,21,0,21
2007,YOLANDA,10,0,10
2007,YSABELLE,7,0,7
2007,VIENNA,17,0,17
2007,TATUM,14,0,14
2007,TATIANNA,11,0,11
2007,TATIANA,31,0,31
2007,SIMRAN,41,0,41
2007,SIMRAT,6,0,6
2007,SIMRIT,8,0,8
2007,SIOBHAN,14,0,14
2007,SKY,10,0,10
2007,SKYE,30,0,30
2007,SKYLA,12,0,12
2007,SKYLAR,57,10,47
2007,SIMONE,33,0,33
2007,SKYLER,42,25,17
2007,SOFIA,309,0,309
2007,SOFIE,20,0,20
2007,SOHA,10,0,10
2007,SOLANGE,6,0,6
2007,SOLEIL,8,0,8
2007,SOMMER,8,0,8
2007,SONAM,6,0,6
2007,SONIA,25,0,25
2007,SLOANE,19,0,19
2007,SIMONA,20,0,20
2007,SIMAR,15,5,10
2007,SILVIA,7,0,7
2007,SHELBY,51,0,51
2007,SHIANNE,10,0,10
2007,SHILOH,21,0,21
2007,SHIRA,11,0,11
2007,SHIRLEY,12,0,12
2007,SHIVANI,14,0,14
2007,SHREYA,12,0,12
2007,SHRIYA,7,0,7
2007,SHYANN,9,0,9
2007,SHYANNE,25,0,25
2007,SHYLA,19,0,19
2007,SIA,6,0,6
2007,SIANNA,8,0,8
2007,SICILY,6,0,6
2007,SIDNEY,49,17,32
2007,SIENA,30,0,30
2007,SIENNA,191,0,191
2007,SIERA,8,0,8
2007,SIERRA,164,0,164
2007,SONJA,8,0,8
2007,SONYA,19,0,19
2007,SOPHIA,547,0,547
2007,SOPHIE,403,0,403
2007,SYLVIA,18,0,18
2007,TABITHA,18,0,18
2007,TAHLIA,6,0,6
2007,TALA,12,0,12
2007,TALIA,51,0,51
2007,TALIAH,6,0,6
2007,TALIYAH,6,0,6
2007,TALYA,7,0,7
2007,TAMARA,31,0,31
2007,TAMIA,9,0,9
2007,TANIA,10,0,10
2007,TANISHA,11,0,11
2007,TANVI,7,0,7
2007,TANVIR,6,0,6
2007,TANYA,19,0,19
2007,TARA,40,0,40
2007,TARYN,26,0,26
2007,TASHA,9,0,9
2007,TASNEEM,7,0,7
2007,SYEDA,17,0,17
2007,SHAYNA,15,0,15
2007,SYDNEY,303,6,297
2007,SWETHA,6,0,6
2007,SORAYA,8,0,8
2007,STACEY,6,0,6
2007,STEFANIA,13,0,13
2007,STEFANIE,10,0,10
2007,STELLA,74,0,74
2007,STEPHANIE,112,0,112
2007,STEVIE,7,0,7
2007,STORM,8,0,8
2007,SUHA,8,0,8
2007,SUHANI,7,0,7
2007,SUKHMAN,16,7,9
2007,SUMAYA,9,0,9
2007,SUMAYYAH,6,0,6
2007,SUMMER,85,0,85
2007,SUNNY,17,10,7
2007,SURI,9,0,9
2007,SUSAN,15,0,15
2007,SUSANA,9,0,9
2007,SUSANNAH,9,0,9
2007,SYDNEE,11,0,11
2007,NYLAH,6,0,6
2007,OVIYA,10,0,10
2007,NYAH,20,0,20
2007,LIBBY,7,0,7
2007,LIBERTY,10,0,10
2007,LIDIA,9,0,9
2007,LILA,31,0,31
2007,LILAH,28,0,28
2007,LILIA,9,0,9
2007,LILIAN,26,0,26
2007,LILIANA,27,0,27
2007,LIANNA,7,0,7
2007,LILIANNA,11,0,11
2007,LILLIAN,105,0,105
2007,LILLIANA,7,0,7
2007,LILLIE,8,0,8
2007,LILLY,63,0,63
2007,LILY,349,0,349
2007,LINA,26,0,26
2007,LINDA,14,0,14
2007,LINDSAY,65,0,65
2007,LILLI,8,0,8
2007,LIANA,16,0,16
2007,LIA,40,0,40
2007,LEYLA,10,0,10
2007,LAYAN,6,0,6
2007,LAYLA,100,0,100
2007,LEA,18,0,18
2007,LEAH,203,0,203
2007,LEANNA,14,0,14
2007,LEANNE,13,0,13
2007,LEEN,7,0,7
2007,LEENA,13,0,13
2007,LEIA,11,0,11
2007,LEIGHA,14,0,14
2007,LEILA,38,0,38
2007,LENA,24,0,24
2007,LEONA,9,0,9
2007,LESLIE,7,0,7
2007,LETICIA,6,0,6
2007,LEXI,25,0,25
2007,LEXIE,12,0,12
2007,LEXIS,6,0,6
2007,LEXUS,7,0,7
2007,LINDSEY,11,0,11
2007,LAYAL,7,0,7
2007,LISA,38,0,38
2007,LIVIA,17,0,17
2007,MACIE,7,0,7
2007,MACKENNA,19,0,19
2007,MACKENZIE,282,23,259
2007,MACY,32,0,32
2007,MADALYN,15,0,15
2007,MADDISON,39,0,39
2007,MADELAINE,17,0,17
2007,MADELEINE,100,0,100
2007,MACEY,9,0,9
2007,NYLA,26,0,26
2007,MADELYNE,10,0,10
2007,MADELYNN,11,0,11
2007,MADILYN,14,0,14
2007,MADILYNN,7,0,7
2007,MADINA,12,0,12
2007,MADISEN,12,0,12
2007,MADISON,533,0,533
2007,MADISYN,22,0,22
2007,MADELYN,72,0,72
2007,MABEL,6,0,6
2007,LÉA,16,0,16
2007,LYRIC,9,0,9
2007,LOGAN,726,688,38
2007,LOGHAN,11,5,6
2007,LOLA,46,0,46
2007,LONDON,21,9,12
2007,LORELAI,7,0,7
2007,LORRAINE,6,0,6
2007,LOUISA,7,0,7
2007,LOUISE,6,0,6
2007,LUCIA,18,0,18
2007,LUCIANA,9,0,9
2007,LUCIE,15,0,15
2007,LUCINDA,6,0,6
2007,LUCY,70,0,70
2007,LUISA,7,0,7
2007,LUNA,18,0,18
2007,LYDIA,55,0,55
2007,LYLA,28,0,28
2007,LYNDSAY,6,0,6
2007,LYNN,7,0,7
2007,LIV,6,0,6
2007,LAURYN,35,0,35
2007,LAUREN,347,0,347
2007,LAUREL,6,0,6
2007,KAYLIE,21,0,21
2007,KAYLIN,14,0,14
2007,KAYLYN,14,0,14
2007,KAYLYNN,11,0,11
2007,KEELY,12,0,12
2007,KEIRA,243,0,243
2007,KEISHA,11,0,11
2007,KELLY,41,0,41
2007,KAYLEY,19,0,19
2007,KELSEY,28,0,28
2007,KENDALL,15,0,15
2007,KENDRA,77,0,77
2007,KENNA,7,0,7
2007,KENNEDY,79,0,79
2007,KENYA,7,0,7
2007,KENZIE,17,0,17
2007,KEYA,6,0,6
2007,KEYANNA,7,0,7
2007,KENADIE,12,0,12
2007,KAYLEIGH,42,0,42
2007,KAYLEE,95,0,95
2007,KAYLAH,7,0,7
2007,KATELYN,109,0,109
2007,KATELYNN,14,0,14
2007,KATELYNNE,6,0,6
2007,KATERINA,22,0,22
2007,KATHARINA,8,0,8
2007,KATHARINE,9,0,9
2007,KATHERINE,132,0,132
2007,KATHLEEN,41,0,41
2007,KATHRYN,41,0,41
2007,KATHY,6,0,6
2007,KATIA,8,0,8
2007,KATIE,125,0,125
2007,KATLYN,6,0,6
2007,KATRINA,53,0,53
2007,KAYA,23,0,23
2007,KAYCEE,7,0,7
2007,KAYDEN,105,93,12
2007,KAYDENCE,23,0,23
2007,KAYLA,237,0,237
2007,KEZIAH,7,0,7
2007,KHADIJA,16,0,16
2007,KHADIJAH,7,0,7
2007,KHLOE,7,0,7
2007,KYA,16,0,16
2007,KYARA,6,0,6
2007,KYLA,81,0,81
2007,KYLEE,27,0,27
2007,KYLEIGH,17,0,17
2007,KYLIE,116,0,116
2007,KYRA,94,0,94
2007,KYRSTEN,6,0,6
2007,LACEY,19,0,19
2007,LAIBA,23,0,23
2007,LAILA,52,0,52
2007,LAINE,8,0,8
2007,LAINEY,6,0,6
2007,LANA,29,0,29
2007,LARA,50,0,50
2007,LARISA,6,0,6
2007,LARISSA,17,0,17
2007,LARYSSA,6,0,6
2007,LAURA,97,0,97
2007,KRYSTAL,12,0,12
2007,MADYSON,21,0,21
2007,KRISTINE,10,0,10
2007,KRISTIN,11,0,11
2007,KHUSHI,11,0,11
2007,KIANA,37,0,37
2007,KIANNA,15,0,15
2007,KIARA,58,0,58
2007,KIERA,69,0,69
2007,KIERAN,82,76,6
2007,KIERRA,11,0,11
2007,KIERSTEN,20,0,20
2007,KIMBERLY,31,0,31
2007,KIMORA,8,0,8
2007,KIRA,49,0,49
2007,KIRAN,24,13,11
2007,KIRSTEN,22,0,22
2007,KLARA,7,0,7
2007,KLOE,6,0,6
2007,KOMAL,7,0,7
2007,KRISHA,9,0,9
2007,KRISTA,13,0,13
2007,KRISTEN,29,0,29
2007,KRISTINA,36,0,36
2007,MAE,11,0,11
2007,MADELINE,131,0,131
2007,MAGDALENA,10,0,10
2007,MISHA,9,0,9
2007,MIYA,13,0,13
2007,MOIRA,6,0,6
2007,MOLLY,95,0,95
2007,MONA,6,0,6
2007,MONICA,35,0,35
2007,MONIKA,15,0,15
2007,MONIQUE,17,0,17
2007,MISCHA,6,0,6
2007,MONTANA,6,0,6
2007,MORIAH,8,0,8
2007,MUSKAAN,9,0,9
2007,MYA,231,0,231
2007,MYAH,18,0,18
2007,MYLA,16,0,16
2007,MYLEE,8,0,8
2007,MYRA,9,0,9
2007,MYRIAM,9,0,9
2007,MORGAN,182,36,146
2007,MIRIAM,38,0,38
2007,MIREILLE,6,0,6
2007,MIRANDA,55,0,55
2007,MEREDITH,21,0,21
2007,MIA,253,0,253
2007,MIAH,15,0,15
2007,MICAELA,10,0,10
2007,MICAH,74,67,7
2007,MICHAELA,52,0,52
2007,MICHELA,18,0,18
2007,MICHELLE,113,0,113
2007,MIKA,22,5,17
2007,MAEVE,39,0,39
2007,MIKAYLA,127,0,127
2007,MILA,44,0,44
2007,MILAN,29,23,6
2007,MILANA,11,0,11
2007,MILENA,23,0,23
2007,MILEY,7,0,7
2007,MILICA,6,0,6
2007,MINA,15,0,15
2007,MIRA,29,0,29
2007,MÉGANE,6,0,6
2007,MÉLODIE,7,0,7
2007,NABEEHA,7,0,7
2007,NABIHA,16,0,16
2007,NIA,18,0,18
2007,NIAMH,15,0,15
2007,NICOLA,6,0,6
2007,NICOLE,239,0,239
2007,NIDHI,9,0,9
2007,NIKI,10,0,10
2007,NIKITA,31,9,22
2007,NIKKI,16,0,16
2007,NINA,56,0,56
2007,NISHA,6,0,6
2007,NOA,15,0,15
2007,NOELLA,7,0,7
2007,NOELLE,23,0,23
2007,NOOR,34,0,34
2007,NORA,36,0,36
2007,NORAH,39,0,39
2007,NOUR,29,6,23
2007,NOÉMIE,14,0,14
2007,NYA,10,0,10
2007,NEVEAH,6,0,6
2007,MERCEDES,19,0,19
2007,NEVE,9,0,9
2007,NEVA,6,0,6
2007,NADA,10,0,10
2007,NADIA,56,0,56
2007,NADINE,15,0,15
2007,NAIMA,6,0,6
2007,NAIYA,10,0,10
2007,NANCY,20,0,20
2007,NAOMI,133,0,133
2007,NAOMIE,7,0,7
2007,NATALEE,6,0,6
2007,NATALIA,91,0,91
2007,NATALIE,213,0,213
2007,NATALYA,9,0,9
2007,NATASHA,88,0,88
2007,NATHALIE,12,0,12
2007,NAYA,9,0,9
2007,NAYLA,6,0,6
2007,NEDA,6,0,6
2007,NEHA,14,0,14
2007,NELLY,8,0,8
2007,NEVAEH,155,0,155
2007,MELODY,37,0,37
2007,MIKAELA,36,0,36
2007,MELISSA,102,0,102
2007,MALIA,11,0,11
2007,MALLORY,15,0,15
2007,MANAHIL,8,0,8
2007,MANAL,11,0,11
2007,MANDY,17,0,17
2007,MANJOT,8,0,8
2007,MANNAT,18,0,18
2007,MANREET,12,0,12
2007,MANUELA,6,0,6
2007,MELODIE,7,0,7
2007,MAREN,10,0,10
2007,MARGARET,59,0,59
2007,MARGOT,6,0,6
2007,MARIA,163,0,163
2007,MARIAH,46,0,46
2007,MARIAM,56,0,56
2007,MARIAN,7,0,7
2007,MARIANA,22,0,22
2007,MARIANNA,7,0,7
2007,MALAYA,6,0,6
2007,MARIANNE,13,0,13
2007,MALAK,16,0,16
2007,MAKENZIE,25,0,25
2007,MAGGIE,71,0,71
2007,MAHA,14,0,14
2007,MAHAM,9,0,9
2007,MAHEEN,6,0,6
2007,MAHEK,8,0,8
2007,MAHI,14,0,14
2007,MAHIMA,6,0,6
2007,MAHNOOR,13,0,13
2007,MAIA,46,0,46
2007,MAIJA,12,0,12
2007,MAIRA,11,0,11
2007,MAISIE,11,0,11
2007,MAIYA,15,0,15
2007,MAJA,14,0,14
2007,MAKAILA,9,0,9
2007,MAKAYLA,127,0,127
2007,MAKAYLAH,6,0,6
2007,MAKENA,6,0,6
2007,MAKENNA,45,0,45
2007,MALAIKA,11,0,11
2007,MARIE,28,0,28
2007,MARA,20,0,20
2007,MARIELLE,8,0,8
2007,MAYAH,6,0,6
2007,MAÏKA,11,0,11
2007,MCKAYLA,12,0,12
2007,MCKENNA,39,0,39
2007,MCKENZIE,21,0,21
2007,MCKINLEY,7,0,7
2007,MEADOW,23,0,23
2007,MEAGAN,16,0,16
2007,MAYA,356,0,356
2007,MARIELLA,7,0,7
2007,MEGAN,195,0,195
2007,MEGHAN,67,0,67
2007,MEHAK,6,0,6
2007,MELANIA,6,0,6
2007,MELANIE,48,0,48
2007,MELINA,46,0,46
2007,MELINDA,9,0,9
2007,MELISA,6,0,6
2007,MEERA,7,0,7
2007,MAY,7,0,7
2007,MEAGHAN,16,0,16
2007,MAUDE,7,0,7
2007,MAXINE,9,0,9
2007,MARIN,10,0,10
2007,MARINA,31,0,31
2007,MARISA,29,0,29
2007,MARISOL,8,0,8
2007,MARISSA,94,0,94
2007,MARLEY,34,0,34
2007,MARLO,6,0,6
2007,MARLOWE,6,0,6
2007,MARTA,7,0,7
2007,MARLEE,16,0,16
2007,MARTHA,13,0,13
2007,MARTINA,26,0,26
2007,MARWA,16,0,16
2007,MARY,92,0,92
2007,MARYAM,77,0,77
2007,MARYANN,6,0,6
2007,MARYN,7,0,7
2007,MATILDA,10,0,10
2007,MATTEA,10,0,10
2008,ABDULAZIZ,7,7,0
2008,ABDULLAH,70,70,0
2008,ABDULLAHI,8,8,0
2008,ABDULRAHMAN,14,14,0
2008,ABISHAN,9,9,0
2008,ABE,5,5,0
2008,ABEL,12,12,0
2008,ABISHEK,5,5,0
2008,ABDUL,25,25,0
2008,ABDURRAHMAN,10,10,0
2008,ABDIRAHMAN,7,7,0
2008,AADI,5,5,0
2008,AAYUSH,6,6,0
2008,AAYAN,27,27,0
2008,AARYAN,10,10,0
2008,AARUSH,7,7,0
2008,AARON,255,255,0
2008,AARIZ,6,6,0
2008,AARAV,21,21,0
2008,AARAN,9,9,0
2008,AAMIR,5,5,0
2008,AADEN,34,34,0
2008,ABRAHAM,16,16,0
2008,ABBAS,11,11,0
2008,ABRAM,15,15,0
2008,MEREDITH,29,0,29
2008,ADAM,435,435,0
2008,GISELLE,20,0,20
2008,GIULIA,26,0,26
2008,GIULIANA,19,0,19
2008,GLORIA,28,0,28
2008,GRACE,435,0,435
2008,GRACELYN,7,0,7
2008,GRACIE,69,0,69
2008,GRACYN,6,0,6
2008,GISELE,7,0,7
2008,GRETA,6,0,6
2008,GUNEET,11,0,11
2008,GURLEEN,28,0,28
2008,GURNEET,7,0,7
2008,GURNOOR,29,12,17
2008,GWEN,15,0,15
2008,GWENDOLYN,23,0,23
2008,GWENYTH,12,0,12
2008,GWYNETH,11,0,11
2008,GRETCHEN,6,0,6
2008,HABIBA,6,0,6
2008,GIORGIA,6,0,6
2008,GINGER,10,0,10
2008,FRANCES,15,0,15
2008,FRANCESCA,22,0,22
2008,FRANCINE,6,0,6
2008,FREYA,11,0,11
2008,GABRIELA,57,0,57
2008,GABRIELLA,167,0,167
2008,GABRIELLE,170,0,170
2008,GEMMA,18,0,18
2008,GIOIA,6,0,6
2008,GENEVA,6,0,6
2008,GENEVIÈVE,10,0,10
2008,GEORGIA,107,0,107
2008,GEORGINA,6,0,6
2008,GIA,13,0,13
2008,GIADA,9,0,9
2008,GIANNA,22,0,22
2008,GILLIAN,18,0,18
2008,GINA,8,0,8
2008,GENEVIEVE,27,0,27
2008,HADIA,9,0,9
2008,HADIYA,6,0,6
2008,HAFSA,21,0,21
2008,HAYA,9,0,9
2008,HAYDEN,377,311,66
2008,HAYLEE,19,0,19
2008,HAYLEIGH,9,0,9
2008,HAYLEY,60,0,60
2008,HAYLIE,18,0,18
2008,HAZEL,46,0,46
2008,HEATHER,27,0,27
2008,HAVEN,7,0,7
2008,HEAVEN,10,0,10
2008,HEIDI,35,0,35
2008,HELEN,18,0,18
2008,HELENA,40,0,40
2008,HIBA,20,0,20
2008,HIBBA,6,0,6
2008,HILARY,10,0,10
2008,HOLLY,66,0,66
2008,HOPE,50,0,50
2008,HEBA,7,0,7
2008,HARPER,10,0,10
2008,HARNOOR,10,0,10
2008,HARNEET,6,0,6
2008,HAFSAH,6,0,6
2008,HAILEE,22,0,22
2008,HAILEIGH,8,0,8
2008,HAILEY,345,0,345
2008,HAILIE,14,0,14
2008,HALA,6,0,6
2008,HALEIGH,9,0,9
2008,HALEY,52,0,52
2008,HALLE,26,0,26
2008,HANA,35,0,35
2008,HANIA,9,0,9
2008,HANIYA,10,0,10
2008,HANNA,66,0,66
2008,HANNAH,452,0,452
2008,HARLEE,7,0,7
2008,HARLEEN,19,0,19
2008,HARLEY,33,19,14
2008,HARLOW,7,0,7
2008,HARMONY,37,0,37
2008,FLORENCE,16,0,16
2008,HUDA,9,0,9
2008,FLORA,12,0,12
2008,FIONA,79,0,79
2008,ELIZA,24,0,24
2008,ELIZABETH,286,0,286
2008,ELLA,463,0,463
2008,ELLAH,6,0,6
2008,ELLE,22,0,22
2008,ELLEN,17,0,17
2008,ELLIE,46,0,46
2008,ELLIOTT,52,45,7
2008,ELISSA,12,0,12
2008,ELLY,10,0,10
2008,ELORA,12,0,12
2008,ELSA,17,0,17
2008,ELSIE,11,0,11
2008,ELYSE,24,0,24
2008,ELYSSA,8,0,8
2008,EMA,18,0,18
2008,EMAAN,18,0,18
2008,EMAN,10,0,10
2008,ELOISE,8,0,8
2008,EMELIA,12,0,12
2008,ELISHA,16,5,11
2008,ELISABETH,16,0,16
2008,DOROTHY,10,0,10
2008,DREW,56,49,7
2008,DYLAN,432,420,12
2008,EBONY,6,0,6
2008,EDEN,89,7,82
2008,EDIE,7,0,7
2008,EDITH,7,0,7
2008,EILA,6,0,6
2008,ELISE,40,0,40
2008,EILEEN,9,0,9
2008,ELAINE,15,0,15
2008,ELEANOR,37,0,37
2008,ELENA,47,0,47
2008,ELENI,12,0,12
2008,ELIANA,52,0,52
2008,ELIANNA,10,0,10
2008,ELINA,21,0,21
2008,ELISA,25,0,25
2008,ELA,8,0,8
2008,EMERSON,64,46,18
2008,EMERSYN,9,0,9
2008,EMERY,33,14,19
2008,EVA,189,0,189
2008,EVALYN,8,0,8
2008,EVANGELINA,6,0,6
2008,EVANGELINE,31,0,31
2008,EVE,39,0,39
2008,EVELYN,135,0,135
2008,EVIE,7,0,7
2008,FAITH,112,0,112
2008,EUNICE,11,0,11
2008,FALLON,6,0,6
2008,FARRAH,13,0,13
2008,FATIMA,99,0,99
2008,FATIMAH,11,0,11
2008,FATMA,10,0,10
2008,FAYTH,6,0,6
2008,FELICIA,11,0,11
2008,FELICITY,12,0,12
2008,FINLEY,35,27,8
2008,FARAH,10,0,10
2008,ESTHER,45,0,45
2008,ESTELLE,9,0,9
2008,ESHAL,29,0,29
2008,EMILEE,10,0,10
2008,EMILIA,43,0,43
2008,EMILIE,36,0,36
2008,EMILY,690,0,690
2008,EMMA,923,0,923
2008,EMMALEE,7,0,7
2008,EMMALINE,6,0,6
2008,EMMANUELLA,6,0,6
2008,EMMANUELLE,10,0,10
2008,EMMERSON,11,0,11
2008,EMMY,7,0,7
2008,ENYA,6,0,6
2008,ERICA,85,0,85
2008,ERICKA,6,0,6
2008,ERIKA,58,0,58
2008,ERIN,73,0,73
2008,ERYN,9,0,9
2008,ESHA,10,0,10
2008,ESHAAL,12,0,12
2008,FIZA,6,0,6
2008,ACHILLES,7,7,0
2008,HUNTER,279,263,16
2008,IFRAH,7,0,7
2008,JUDY,23,0,23
2008,JULIA,429,0,429
2008,JULIANA,61,0,61
2008,JULIANNA,44,0,44
2008,JULIANNE,31,0,31
2008,JULIE,33,0,33
2008,JULIET,20,0,20
2008,JULIETTE,33,0,33
2008,JUDITH,6,0,6
2008,JULISSA,6,0,6
2008,JUSTICE,24,16,8
2008,JUSTINA,13,0,13
2008,JUSTINE,17,0,17
2008,KACIE,6,0,6
2008,KADENCE,11,0,11
2008,KAELA,6,0,6
2008,KAELYN,26,0,26
2008,KAI,109,103,6
2008,JUNE,6,0,6
2008,KAIA,21,0,21
2008,JOËLLE,6,0,6
2008,JOY,31,0,31
2008,JOANNE,19,0,19
2008,JOCELYN,56,0,56
2008,JOELLE,22,0,22
2008,JOHANNA,14,0,14
2008,JOLENE,10,0,10
2008,JOLIE,8,0,8
2008,JORDAN,330,258,72
2008,JORDANA,8,0,8
2008,JOYCE,30,0,30
2008,JORDIN,13,5,8
2008,JORDYNN,8,0,8
2008,JORJA,48,0,48
2008,JOSEPHINE,43,0,43
2008,JOSIE,17,0,17
2008,JOSLYN,6,0,6
2008,JOSÉE,6,0,6
2008,JOURNEY,7,0,7
2008,JOVANA,11,0,11
2008,JORDYN,97,0,97
2008,KAIJA,8,0,8
2008,KAILA,11,0,11
2008,KAILEE,10,0,10
2008,KARIS,12,0,12
2008,KARISSA,11,0,11
2008,KARLEE,7,0,7
2008,KARLEIGH,6,0,6
2008,KARLEY,6,0,6
2008,KARLI,7,0,7
2008,KARLY,10,0,10
2008,KARMA,14,0,14
2008,KARINA,44,0,44
2008,KAROLINA,10,0,10
2008,KASSANDRA,19,0,19
2008,KASSIDY,13,0,13
2008,KATALINA,6,0,6
2008,KATARINA,28,0,28
2008,KATE,156,0,156
2008,KATELIN,6,0,6
2008,KATELYN,128,0,128
2008,KATELYNN,12,0,12
2008,KASEY,18,6,12
2008,KAREN,21,0,21
2008,KAREENA,7,0,7
2008,KARA,56,0,56
2008,KAILEY,41,0,41
2008,KAILYN,19,0,19
2008,KAILYNN,9,0,9
2008,KAIRA,6,0,6
2008,KAIRI,7,0,7
2008,KAITLIN,32,0,32
2008,KAITLYN,209,0,209
2008,KAITLYNN,17,0,17
2008,KAIYA,26,0,26
2008,KALEIGH,21,0,21
2008,KALEY,10,0,10
2008,KALI,28,0,28
2008,KALIA,7,0,7
2008,KALINA,9,0,9
2008,KALISTA,7,0,7
2008,KALLEIGH,6,0,6
2008,KALLIE,15,0,15
2008,KAMILA,11,0,11
2008,KAMRYN,20,0,20
2008,JOANNA,49,0,49
2008,JIYA,16,0,16
2008,JILLIAN,62,0,62
2008,JIA,25,6,19
2008,IVY,39,0,39
2008,IZABEL,6,0,6
2008,IZABELA,6,0,6
2008,IZABELLA,46,0,46
2008,JACLYN,7,0,7
2008,JACQUELINE,36,0,36
2008,JADA,56,0,56
2008,JADE,123,5,118
2008,IVANA,10,0,10
2008,JADEN,110,96,14
2008,JAEDA,11,0,11
2008,JAELYN,18,0,18
2008,JAHZARA,7,0,7
2008,JAIDA,25,0,25
2008,JAIDEN,57,41,16
2008,JAIDYN,19,6,13
2008,JAIME,23,0,23
2008,JAIMEE,6,0,6
2008,JADYN,33,6,27
2008,ISRA,6,0,6
2008,ISOBEL,15,0,15
2008,ISLA,67,0,67
2008,ILONA,6,0,6
2008,IMAN,24,0,24
2008,IMOGEN,6,0,6
2008,INAAYA,6,0,6
2008,INARA,8,0,8
2008,INAYA,6,0,6
2008,INGRID,8,0,8
2008,IQRA,6,0,6
2008,IRELAND,16,0,16
2008,IRELYN,9,0,9
2008,IRENE,21,0,21
2008,IRIS,32,0,32
2008,ISABEL,110,0,110
2008,ISABELA,6,0,6
2008,ISABELLA,609,0,609
2008,ISABELLE,242,0,242
2008,ISHA,12,0,12
2008,ISHANI,6,0,6
2008,ISIS,10,0,10
2008,JAINA,6,0,6
2008,DORIS,7,0,7
2008,JAMIE,73,34,39
2008,JANA,39,0,39
2008,JAYLIN,8,0,8
2008,JAYLYN,10,0,10
2008,JAYLYNN,13,0,13
2008,JAYME,7,0,7
2008,JAYNA,7,0,7
2008,JAZLYN,9,0,9
2008,JAZMIN,11,0,11
2008,JAZMINE,19,0,19
2008,JAYLAH,7,0,7
2008,JAZMYN,6,0,6
2008,JENNA,124,0,124
2008,JENNAH,6,0,6
2008,JENNIFER,67,0,67
2008,JENNY,24,0,24
2008,JERSEY,8,0,8
2008,JESSICA,278,0,278
2008,JESSIE,36,7,29
2008,JEWEL,10,0,10
2008,JEMMA,7,0,7
2008,JAYLA,47,0,47
2008,JAYDEN,469,425,44
2008,JAYDE,8,0,8
2008,JANAE,8,0,8
2008,JANE,36,0,36
2008,JANELLE,33,0,33
2008,JANESSA,11,0,11
2008,JANET,7,0,7
2008,JANICE,10,0,10
2008,JANNA,13,0,13
2008,JANNAT,7,0,7
2008,JASLEEN,26,0,26
2008,JASLENE,7,0,7
2008,JASMEEN,10,0,10
2008,JASMEET,12,5,7
2008,JASMIN,22,0,22
2008,JASMINE,205,0,205
2008,JASMYN,6,0,6
2008,JASPREET,6,0,6
2008,JAYA,20,0,20
2008,JAYCEE,7,0,7
2008,JAYDA,41,0,41
2008,JAMILA,6,0,6
2008,KATERINA,25,0,25
2008,DONNA,8,0,8
2008,DIYA,28,0,28
2008,ANYA,40,0,40
2008,AOIFE,6,0,6
2008,APRIL,33,0,33
2008,ARABELLA,16,0,16
2008,AREEBA,7,0,7
2008,AREEJ,9,0,9
2008,ARIA,25,0,25
2008,ARIANA,81,0,81
2008,ANUM,7,0,7
2008,ARIANE,8,0,8
2008,ARIANNE,15,0,15
2008,ARIEL,47,8,39
2008,ARIELLA,23,0,23
2008,ARIELLE,32,0,32
2008,ARISHA,8,0,8
2008,ARIYA,6,0,6
2008,ARLENE,9,0,9
2008,ARWA,14,0,14
2008,ARIANNA,111,0,111
2008,ARWEN,9,0,9
2008,ANTONIA,8,0,8
2008,ANNIE,44,0,44
2008,ANISA,15,0,15
2008,ANISHA,10,0,10
2008,ANITA,19,0,19
2008,ANIYA,9,0,9
2008,ANJALI,23,0,23
2008,ANMOL,9,0,9
2008,ANN,6,0,6
2008,ANNA,210,0,210
2008,ANNIKA,48,0,48
2008,ANNABEL,14,0,14
2008,ANNABELLE,67,0,67
2008,ANNALISA,9,0,9
2008,ANNALISE,10,0,10
2008,ANNE,19,0,19
2008,ANNE-MARIE,8,0,8
2008,ANNEKA,7,0,7
2008,ANNELIESE,7,0,7
2008,ANNELISE,6,0,6
2008,ANNABELLA,15,0,15
2008,ARYA,24,9,15
2008,ARYANA,9,0,9
2008,ARYANNA,11,0,11
2008,AVERY,376,69,307
2008,AVNEET,17,0,17
2008,AVRIL,10,0,10
2008,AYA,31,0,31
2008,AYAH,20,0,20
2008,AYANNA,10,0,10
2008,AYDEN,137,128,9
2008,AYESHA,50,0,50
2008,AVERIE,19,0,19
2008,AYLA,46,0,46
2008,AYVA,12,0,12
2008,BABY,24,12,12
2008,BAILEE,8,0,8
2008,BAILEY,61,11,50
2008,BARBARA,8,0,8
2008,BEATRICE,41,0,41
2008,BEATRIX,6,0,6
2008,BECKY,11,0,11
2008,AYSHA,13,0,13
2008,AVERI,8,0,8
2008,AVANI,7,0,7
2008,AVAH,12,0,12
2008,ASHA,20,0,20
2008,ASHLEE,17,0,17
2008,ASHLEIGH,12,0,12
2008,ASHLEY,195,0,195
2008,ASHLYN,56,0,56
2008,ASHLYNN,21,0,21
2008,ASIA,22,0,22
2008,ASIYA,8,0,8
2008,ASMA,6,0,6
2008,ASPEN,6,0,6
2008,ASTRID,7,0,7
2008,ATHENA,39,0,39
2008,AUBREE,8,0,8
2008,AUBREY,52,0,52
2008,AUDREY,186,0,186
2008,AUDRINA,12,0,12
2008,AURORA,58,0,58
2008,AUTUMN,118,0,118
2008,AVA,766,0,766
2008,ANIKA,33,0,33
2008,BELLA,45,0,45
2008,ANIAH,7,0,7
2008,ANGIE,13,0,13
2008,ALINA,55,0,55
2008,ALINE,7,0,7
2008,ALISA,14,0,14
2008,ALISHA,42,0,42
2008,ALISHBA,22,0,22
2008,ALISON,36,0,36
2008,ALISSA,26,0,26
2008,ALIVIA,41,0,41
2008,ALICIA,52,0,52
2008,ALIYA,30,0,30
2008,ALIZA,20,0,20
2008,ALLEGRA,17,0,17
2008,ALLIE,28,0,28
2008,ALLISON,105,0,105
2008,ALLIYAH,7,0,7
2008,ALLY,13,0,13
2008,ALLYSON,11,0,11
2008,ALMA,12,0,12
2008,ALIYAH,70,0,70
2008,ALORA,9,0,9
2008,ALICE,58,0,58
2008,ALEXYS,6,0,6
2008,ALEESHA,8,0,8
2008,ALEEZA,17,0,17
2008,ALEJANDRA,7,0,7
2008,ALEKSANDRA,12,0,12
2008,ALENA,11,0,11
2008,ALESHA,10,0,10
2008,ALESSA,7,0,7
2008,ALESSANDRA,28,0,28
2008,ALIA,16,0,16
2008,ALESSIA,63,0,63
2008,ALEXA,125,0,125
2008,ALEXANDRA,227,0,227
2008,ALEXANDREA,8,0,8
2008,ALEXANDRIA,48,0,48
2008,ALEXIA,76,0,76
2008,ALEXIE,11,0,11
2008,ALEXIS,368,25,343
2008,ALEXUS,7,0,7
2008,ALEX,172,164,8
2008,ALYCIA,7,0,7
2008,ALYSA,11,0,11
2008,ALYSHA,20,0,20
2008,AMY,114,0,114
2008,AMÉLIE,25,0,25
2008,ANA,41,0,41
2008,ANABEL,9,0,9
2008,ANABELLE,15,0,15
2008,ANAIAH,8,0,8
2008,ANANYA,7,0,7
2008,ANASTASIA,49,0,49
2008,AMRITA,8,0,8
2008,ANAYA,21,0,21
2008,ANEESA,6,0,6
2008,ANGEL,63,15,48
2008,ANGELA,88,0,88
2008,ANGELICA,66,0,66
2008,ANGELIKA,6,0,6
2008,ANGELINA,157,0,157
2008,ANGELINE,12,0,12
2008,ANGELIQUE,10,0,10
2008,ANDREA,85,5,80
2008,AMRIT,25,12,13
2008,AMNA,22,0,22
2008,AMISHA,8,0,8
2008,ALYSIA,7,0,7
2008,ALYSON,16,0,16
2008,ALYSSA,369,0,369
2008,ALYSSIA,14,0,14
2008,ALYVIA,7,0,7
2008,AMAL,8,0,8
2008,AMALIA,8,0,8
2008,AMANDA,77,0,77
2008,AMARA,16,0,16
2008,AMAYA,31,0,31
2008,AMBER,77,0,77
2008,AMEERA,12,0,12
2008,AMELIA,182,0,182
2008,AMELIE,6,0,6
2008,AMIE,6,0,6
2008,AMINA,24,0,24
2008,AMINAH,7,0,7
2008,AMIRA,30,0,30
2008,AMIRAH,10,0,10
2008,ANIA,6,0,6
2008,BELLE,11,0,11
2008,BERNICE,9,0,9
2008,BETHANY,33,0,33
2008,CHRISTINA,106,0,106
2008,CHRISTINE,31,0,31
2008,CIARA,46,0,46
2008,CIENNA,6,0,6
2008,CIERA,7,0,7
2008,CIERRA,12,0,12
2008,CINDY,31,0,31
2008,CLAIRA,7,0,7
2008,CHLOË,14,0,14
2008,CLAIRE,289,0,289
2008,CLARE,30,0,30
2008,CLARISSA,6,0,6
2008,CLAUDIA,29,0,29
2008,CLOE,9,0,9
2008,CLOVER,6,0,6
2008,CLOÉ,7,0,7
2008,COCO,6,0,6
2008,COLLEEN,9,0,9
2008,CLARA,88,0,88
2008,CORA,25,0,25
2008,CHLOÉ,65,0,65
2008,CHIARA,40,0,40
2008,CHANEL,11,0,11
2008,CHANELLE,20,0,20
2008,CHANTAL,8,0,8
2008,CHANTELLE,10,0,10
2008,CHARITY,7,0,7
2008,CHARLEE,29,0,29
2008,CHARLEIGH,9,0,9
2008,CHARLENE,12,0,12
2008,CHLOE,439,0,439
2008,CHARLEY,10,0,10
2008,CHARLIZE,20,0,20
2008,CHARLOTTE,312,0,312
2008,CHAYA,10,0,10
2008,CHELSEA,97,0,97
2008,CHELSEY,20,0,20
2008,CHERISH,8,0,8
2008,CHEYANNE,14,0,14
2008,CHEYENNE,46,0,46
2008,CHARLIE,97,67,30
2008,CORALIE,6,0,6
2008,CORDELIA,9,0,9
2008,COURTNEY,32,0,32
2008,DEA,6,0,6
2008,DEANNA,28,0,28
2008,DEBORAH,11,0,11
2008,DELANEY,22,0,22
2008,DELILAH,31,0,31
2008,DENISE,13,0,13
2008,DESIRAE,7,0,7
2008,DESIREE,10,0,10
2008,DAYNA,8,0,8
2008,DESTINEE,6,0,6
2008,DEVON,61,53,8
2008,DEVYN,13,6,7
2008,DIANA,45,0,45
2008,DIANE,7,0,7
2008,DIANNA,6,0,6
2008,DINA,17,0,17
2008,DIVINE,8,0,8
2008,DIVYA,15,0,15
2008,DESTINY,70,0,70
2008,DAWN,10,0,10
2008,DARIA,21,0,21
2008,DARCY,25,17,8
2008,CRISTINA,20,0,20
2008,CRYSTAL,28,0,28
2008,CYNTHIA,29,0,29
2008,CÉLESTE,8,0,8
2008,DAHLIA,12,0,12
2008,DAISY,13,0,13
2008,DAKOTA,80,37,43
2008,DALIA,18,0,18
2008,DANA,28,0,28
2008,DANI,12,0,12
2008,DANIA,11,0,11
2008,DANICA,77,0,77
2008,DANIELA,38,0,38
2008,DANIELLA,74,0,74
2008,DANIELLE,101,0,101
2008,DANIKA,63,0,63
2008,DANYKA,10,0,10
2008,DAPHNE,25,0,25
2008,DARA,6,0,6
2008,CELINE,17,0,17
2008,CELINA,19,0,19
2008,CELIA,8,0,8
2008,CELESTE,17,0,17
2008,BRITNEY,9,0,9
2008,BRONWYN,22,0,22
2008,BROOK,7,0,7
2008,BROOKE,244,0,244
2008,BROOKE-LYNN,9,0,9
2008,BROOKELYN,6,0,6
2008,BROOKELYNN,7,0,7
2008,BROOKLYN,230,5,225
2008,BRIGITTE,11,0,11
2008,BROOKLYNN,68,0,68
2008,BRYN,7,0,7
2008,BRYNN,29,0,29
2008,BRYNNE,6,0,6
2008,CADANCE,6,0,6
2008,CADENCE,65,0,65
2008,CAILEIGH,9,0,9
2008,CAILYN,18,0,18
2008,CAITLIN,58,0,58
2008,BRYANNA,12,0,12
2008,BRIELLE,19,0,19
2008,BRIDGETTE,6,0,6
2008,BRIDGET,26,0,26
2008,BETHEL,7,0,7
2008,BETTY,7,0,7
2008,BIANCA,102,0,102
2008,BILLIE,7,0,7
2008,BLAIR,14,8,6
2008,BLAIRE,8,0,8
2008,BLAKE,155,149,6
2008,BONNIE,10,0,10
2008,BRAELYN,6,0,6
2008,BREANNA,62,0,62
2008,BREANNE,11,0,11
2008,BREE,13,0,13
2008,BRENDA,7,0,7
2008,BRENNA,16,0,16
2008,BRIA,9,0,9
2008,BRIANA,19,0,19
2008,BRIANNA,210,0,210
2008,BRIANNE,9,0,9
2008,BRIAR,12,0,12
2008,CAITLYN,74,0,74
2008,DOMINIQUE,20,0,20
2008,CAITLYNN,6,0,6
2008,CALI,32,0,32
2008,CAROLINE,33,0,33
2008,CAROLYN,17,0,17
2008,CARRIE,6,0,6
2008,CARYS,18,0,18
2008,CASEY,48,28,20
2008,CASSANDRA,87,0,87
2008,CASSIA,7,0,7
2008,CASSIDY,55,0,55
2008,CAROLINA,9,0,9
2008,CASSIE,10,0,10
2008,CATE,9,0,9
2008,CATERINA,9,0,9
2008,CATHERINE,76,0,76
2008,CATHY,10,0,10
2008,CAYLA,10,0,10
2008,CAYLEE,7,0,7
2008,CECELIA,9,0,9
2008,CECILIA,30,0,30
2008,CATALINA,8,0,8
2008,CAROL,9,0,9
2008,CARMEN,26,0,26
2008,CARLY,51,0,51
2008,CALISTA,15,0,15
2008,CALLA,8,0,8
2008,CALLEIGH,13,0,13
2008,CALLIE,54,0,54
2008,CAMERON,439,406,33
2008,CAMILA,27,0,27
2008,CAMILLA,12,0,12
2008,CAMILLE,39,0,39
2008,CAMRYN,43,0,43
2008,CANDICE,7,0,7
2008,CAPRI,6,0,6
2008,CARA,37,0,37
2008,CARINA,16,0,16
2008,CARISSA,19,0,19
2008,CARLA,14,0,14
2008,CARLEE,9,0,9
2008,CARLEIGH,12,0,12
2008,CARLEY,18,0,18
2008,CARLIE,10,0,10
2008,CALEIGH,17,0,17
2008,ALEENA,39,0,39
2008,KATHARINE,13,0,13
2008,KATHLEEN,29,0,29
2008,SHAELYN,11,0,11
2008,SERENITY,45,0,45
2008,SERENE,8,0,8
2008,SERENA,94,0,94
2008,SERAPHINA,6,0,6
2008,SELMA,8,0,8
2008,SELINA,45,0,45
2008,SELIN,6,0,6
2008,SHAILA,8,0,8
2008,SELENA,68,0,68
2008,SEERAT,9,0,9
2008,SEANNA,6,0,6
2008,SCARLETTE,6,0,6
2008,SCARLETT,75,0,75
2008,SCARLET,12,0,12
2008,SAVANNAH,146,0,146
2008,SAVANNA,31,0,31
2008,SAVANAH,19,0,19
2008,SELAH,10,0,10
2008,SAVANA,14,0,14
2008,SHAINA,7,0,7
2008,SHANIA,24,0,24
2008,SHYLA,25,0,25
2008,SHYANNE,16,0,16
2008,SHYANN,7,0,7
2008,SHRIYA,6,0,6
2008,SHREYA,22,0,22
2008,SHIVANI,10,0,10
2008,SHIRLEY,14,0,14
2008,SHILOH,25,7,18
2008,SHANELLE,8,0,8
2008,SHERRY,8,0,8
2008,SHEA,11,5,6
2008,SHAYNA,17,0,17
2008,SHAYLYNN,7,0,7
2008,SHAYLA,31,0,31
2008,SHAWNA,10,0,10
2008,SHARON,11,0,11
2008,SHANZAY,7,0,7
2008,SHANNON,34,0,34
2008,SHELBY,40,0,40
2008,SASHA,44,11,33
2008,SARINA,17,0,17
2008,SARIAH,7,0,7
2008,SAHARA,8,0,8
2008,SAHAR,22,0,22
2008,SAHANA,10,0,10
2008,SAGE,35,7,28
2008,SAFIA,6,0,6
2008,SAFA,16,0,16
2008,SADIE,141,0,141
2008,SADAF,7,0,7
2008,SAIGE,14,0,14
2008,SABRINA,106,0,106
2008,SABA,9,0,9
2008,SAANVI,10,0,10
2008,RYLIN,6,0,6
2008,RYLIE,33,6,27
2008,RYLEY,29,20,9
2008,RYLEIGH,32,0,32
2008,RYLEE,70,15,55
2008,RYLAN,80,67,13
2008,SABINA,10,0,10
2008,SAIRA,9,0,9
2008,SAKINA,9,0,9
2008,SAKURA,6,0,6
2008,SARAH,520,0,520
2008,SARA,237,0,237
2008,SAPPHIRE,6,0,6
2008,SAPHIRA,8,0,8
2008,SANYA,6,0,6
2008,SANJANA,9,0,9
2008,SANIYA,6,0,6
2008,SANDRA,15,0,15
2008,SANA,27,0,27
2008,SAMIYA,6,0,6
2008,SAMIRA,9,0,9
2008,SAMIA,12,0,12
2008,SAMEEHA,7,0,7
2008,SAMARAH,6,0,6
2008,SAMARA,22,0,22
2008,SAMANTHA,367,0,367
2008,SALMA,26,0,26
2008,SALLY,6,0,6
2008,SALINA,9,0,9
2008,SHYLAH,10,0,10
2008,RYANN,10,0,10
2008,SIANNA,10,0,10
2008,SIENA,32,0,32
2008,TATIANNA,9,0,9
2008,TATIANA,27,0,27
2008,TASNEEM,6,0,6
2008,TARYN,22,0,22
2008,TARA,39,0,39
2008,TANYA,21,0,21
2008,TANVI,11,0,11
2008,TANISHA,16,0,16
2008,TATUM,19,0,19
2008,TANIA,9,0,9
2008,TALYA,6,0,6
2008,TALIYAH,14,0,14
2008,TALIA,54,0,54
2008,TALA,7,0,7
2008,TABITHA,11,0,11
2008,SYLVIE,6,0,6
2008,SYLVIA,8,0,8
2008,SYEDA,18,0,18
2008,TAMARA,25,0,25
2008,SYDNEY,253,12,241
2008,TATYANA,8,0,8
2008,TAYA,23,0,23
2008,TINA,31,0,31
2008,TIFFANY,51,0,51
2008,TIANNA,31,0,31
2008,TIANA,27,0,27
2008,TIA,27,0,27
2008,THERESA,11,0,11
2008,THEA,18,0,18
2008,THALIA,10,0,10
2008,TAVIA,6,0,6
2008,TESSA,101,0,101
2008,TERESA,13,0,13
2008,TENZIN,26,16,10
2008,TEHYA,6,0,6
2008,TEGAN,22,5,17
2008,TEAGHAN,8,0,8
2008,TEAGAN,92,17,75
2008,TAYLOR,277,37,240
2008,TAYAH,7,0,7
2008,TESS,15,0,15
2008,SYDNEE,10,0,10
2008,SUSIE,14,0,14
2008,SUSANNA,7,0,7
2008,SOFIA,291,0,291
2008,SLOANE,16,0,16
2008,SKYLER,33,23,10
2008,SKYLAR,46,9,37
2008,SKYLA,17,0,17
2008,SKYE,30,0,30
2008,SIYA,9,0,9
2008,SIOBHAN,17,0,17
2008,SOFIE,17,0,17
2008,SIMRIT,12,0,12
2008,SIMRAH,6,0,6
2008,SIMONE,44,0,44
2008,SIMONA,27,0,27
2008,SIMAR,9,0,9
2008,SILVANA,7,0,7
2008,SIERRA,143,0,143
2008,SIERA,6,0,6
2008,SIENNA,160,0,160
2008,SIMRAN,25,0,25
2008,SOHA,16,0,16
2008,SOLEIL,13,0,13
2008,SONIA,24,0,24
2008,SUSANA,7,0,7
2008,SUSAN,14,0,14
2008,SURI,10,0,10
2008,SUNNY,15,5,10
2008,SUMMER,102,0,102
2008,SUMAYA,11,0,11
2008,SUMAIYA,6,0,6
2008,SUKHMANI,8,0,8
2008,SUKHMAN,15,9,6
2008,STEPHANIE,86,0,86
2008,STEPHANIA,6,0,6
2008,STELLA,75,0,75
2008,STEFANIE,8,0,8
2008,STEFANIA,6,0,6
2008,STACEY,12,0,12
2008,SORAYA,9,0,9
2008,SOPHIE,438,0,438
2008,SOPHIA,588,0,588
2008,SONYA,7,0,7
2008,SIDNEY,39,20,19
2008,RYAN,751,736,15
2008,RYA,6,0,6
2008,RUTH,34,0,34
2008,NORA,43,0,43
2008,NOOR,37,0,37
2008,NOLA,10,0,10
2008,NOELLE,13,0,13
2008,NOELLA,9,0,9
2008,NOA,21,5,16
2008,NINA,49,0,49
2008,NIMRIT,7,0,7
2008,NORAH,44,0,44
2008,NIKOLINA,6,0,6
2008,NIKITA,25,12,13
2008,NIKI,7,0,7
2008,NIKA,6,0,6
2008,NIDA,6,0,6
2008,NICOLE,165,0,165
2008,NICOLA,11,5,6
2008,NIAMH,8,0,8
2008,NIA,15,0,15
2008,NIKKI,15,0,15
2008,NEVEAH,11,0,11
2008,NOUR,28,0,28
2008,NOÉMIE,10,0,10
2008,PARNEET,6,0,6
2008,PARKER,153,139,14
2008,PARISA,6,0,6
2008,PARIS,9,0,9
2008,PAMELA,8,0,8
2008,PAITYN,9,0,9
2008,PAISLEY,13,0,13
2008,PAIGE,217,0,217
2008,NOVA,7,0,7
2008,OVIYA,9,0,9
2008,OLIVIA,920,0,920
2008,OLIVE,12,0,12
2008,ODESSA,6,0,6
2008,OCÉANNE,6,0,6
2008,OCEAN,21,8,13
2008,NYLAH,11,0,11
2008,NYLA,35,0,35
2008,NYAH,17,0,17
2008,OPHELIA,7,0,7
2008,NEVE,14,0,14
2008,NEVAEH,184,0,184
2008,NEHA,8,0,8
2008,MYAH,34,0,34
2008,MYA,226,0,226
2008,MORIAH,11,0,11
2008,MORGAN,186,38,148
2008,MONTANA,10,0,10
2008,MONIKA,8,0,8
2008,MONICA,41,0,41
2008,MONA,9,0,9
2008,MYLA,33,0,33
2008,MOMINA,6,0,6
2008,MOIRA,8,0,8
2008,MIYA,14,0,14
2008,MISCHA,10,0,10
2008,MIRIAM,37,0,37
2008,MIRANDA,34,0,34
2008,MIRA,18,0,18
2008,MINA,18,0,18
2008,MILLA,11,0,11
2008,MOLLY,88,0,88
2008,MYLEE,11,0,11
2008,MYLIE,12,0,12
2008,MYRA,23,0,23
2008,NAYA,9,0,9
2008,NAVREET,7,0,7
2008,NATHALIE,10,0,10
2008,NATASHA,52,0,52
2008,NATALYA,14,0,14
2008,NATALY,7,0,7
2008,NATALIE,204,0,204
2008,NATALIA,76,0,76
2008,NATALEE,7,0,7
2008,NAOMI,146,0,146
2008,NANCY,23,0,23
2008,NAIMA,13,0,13
2008,NAHLA,8,0,8
2008,NADINE,15,0,15
2008,NADIA,57,0,57
2008,NABIHA,12,0,12
2008,MÉLODIE,13,0,13
2008,MÉLINA,9,0,9
2008,MYRIAM,6,0,6
2008,PASCALE,6,0,6
2008,PATIENCE,11,0,11
2008,PATRICIA,21,0,21
2008,PAULA,12,0,12
2008,RIANNA,10,0,10
2008,RIAN,8,0,8
2008,RIA,21,0,21
2008,RHYS,81,74,7
2008,RHIANNON,9,0,9
2008,RHIANNA,6,0,6
2008,RHEA,21,0,21
2008,RENÉE,16,0,16
2008,RICHELLE,8,0,8
2008,RENEE,20,0,20
2008,REILLY,7,0,7
2008,REGAN,21,0,21
2008,REET,7,0,7
2008,REESE,114,12,102
2008,REEM,6,0,6
2008,REEGAN,17,6,11
2008,REECE,37,31,6
2008,REBEKAH,28,0,28
2008,REINA,9,0,9
2008,RIDA,15,0,15
2008,RIDDHI,6,0,6
2008,RIHANNA,30,0,30
2008,RUMAISA,7,0,7
2008,RUBY,118,0,118
2008,ROXANNE,12,0,12
2008,ROWYN,7,0,7
2008,ROWAN,133,86,47
2008,ROSIE,9,0,9
2008,ROSHNI,6,0,6
2008,ROSEMARY,8,0,8
2008,ROSE,31,0,31
2008,ROSALIE,12,0,12
2008,ROSA,6,0,6
2008,RORY,40,20,20
2008,ROBYN,23,0,23
2008,ROBIN,20,12,8
2008,RIYA,31,0,31
2008,RIVER,23,15,8
2008,RITA,10,0,10
2008,RILEY,327,212,115
2008,RILEIGH,6,0,6
2008,REBECCA,150,0,150
2008,TORI,17,0,17
2008,REANNA,15,0,15
2008,RAYNE,20,0,20
2008,PRESLEY,24,6,18
2008,PRECIOUS,8,0,8
2008,PRANAVI,7,0,7
2008,PRABHNOOR,7,0,7
2008,PRABHLEEN,9,0,9
2008,POPPY,13,0,13
2008,PIPER,41,0,41
2008,PHOENIX,69,45,24
2008,PRINCESS,6,0,6
2008,PHOEBE,27,0,27
2008,PETRA,14,0,14
2008,PERSEPHONE,6,0,6
2008,PENELOPE,30,0,30
2008,PEIGHTON,7,0,7
2008,PEARL,13,0,13
2008,PAYTON,142,17,125
2008,PAYTEN,15,0,15
2008,PAULINA,16,0,16
2008,PEYTON,216,46,170
2008,PRISCILLA,8,0,8
2008,PRISHA,15,0,15
2008,PRIYA,28,0,28
2008,RAYNA,18,0,18
2008,RAYAN,51,44,7
2008,RAYA,20,0,20
2008,RAVNEET,11,0,11
2008,RAVEN,11,0,11
2008,RAQUEL,15,0,15
2008,RANYA,6,0,6
2008,RANIA,10,0,10
2008,RANA,8,0,8
2008,RAMEEN,7,0,7
2008,RAINA,17,0,17
2008,RACHELLE,8,0,8
2008,RACHEL,245,0,245
2008,RACHAEL,52,0,52
2008,RABIA,7,0,7
2008,QUINN,146,109,37
2008,PYPER,9,0,9
2008,PUNEET,13,0,13
2008,PRIYANKA,7,0,7
2008,REAGAN,34,6,28
2008,KATHERINE,164,0,164
2008,TRACY,15,0,15
2008,TRISHA,21,0,21
2008,LILITH,7,0,7
2008,LILLIAN,132,0,132
2008,LILLIANA,9,0,9
2008,LILLIE,8,0,8
2008,LILLY,81,0,81
2008,LILY,365,0,365
2008,LILYANA,6,0,6
2008,LILYANNA,10,0,10
2008,LILIANNA,10,0,10
2008,LINA,13,0,13
2008,LINDSAY,29,0,29
2008,LINDSEY,15,0,15
2008,LISA,40,0,40
2008,LIV,9,0,9
2008,LIVIA,25,0,25
2008,LOGAN,711,675,36
2008,LOLA,51,0,51
2008,LONDON,54,17,37
2008,LINDA,15,0,15
2008,LONDYN,7,0,7
2008,LILIANA,34,0,34
2008,LILIA,16,0,16
2008,LEILA,50,0,50
2008,LEILAH,9,0,9
2008,LEILANI,7,0,7
2008,LENA,32,0,32
2008,LEONA,11,0,11
2008,LEXI,25,0,25
2008,LEXIE,19,0,19
2008,LEXIS,8,0,8
2008,LILIAN,21,0,21
2008,LEXUS,7,0,7
2008,LIA,32,0,32
2008,LIANA,14,0,14
2008,LIANNE,10,0,10
2008,LIBBY,9,0,9
2008,LIBERTY,11,0,11
2008,LILA,43,0,43
2008,LILAH,33,0,33
2008,LILI,7,0,7
2008,LEYLA,9,0,9
2008,LORELAI,10,0,10
2008,LORELEI,10,0,10
2008,LORENA,6,0,6
2008,MADDIE,7,0,7
2008,MADDISON,44,0,44
2008,MADELAINE,7,0,7
2008,MADELEINE,117,0,117
2008,MADELINE,171,0,171
2008,MADELYN,135,0,135
2008,MADELYNN,20,0,20
2008,MADELYNNE,6,0,6
2008,MADALYNN,8,0,8
2008,MADILYN,18,0,18
2008,MADINA,7,0,7
2008,MADISON,497,0,497
2008,MADISYN,27,0,27
2008,MADYSON,25,0,25
2008,MAE,12,0,12
2008,MAEVE,39,0,39
2008,MAGALIE,7,0,7
2008,MAGDALENA,8,0,8
2008,MADILYNN,13,0,13
2008,MADALYN,17,0,17
2008,MACY,28,0,28
2008,MACKENZIE,263,11,252
2008,LOUISE,6,0,6
2008,LUCIA,25,0,25
2008,LUCIANA,6,0,6
2008,LUCIE,9,0,9
2008,LUCILLE,10,0,10
2008,LUCY,87,0,87
2008,LUNA,15,0,15
2008,LYDIA,55,0,55
2008,LYLA,41,0,41
2008,LYLAH,6,0,6
2008,LYNN,7,0,7
2008,LYRA,7,0,7
2008,LYRIC,10,0,10
2008,LÉA,18,0,18
2008,MABEL,7,0,7
2008,MACEY,13,0,13
2008,MACIE,6,0,6
2008,MACKAYLA,9,0,9
2008,MACKENNA,8,0,8
2008,LEIGHTON,18,11,7
2008,MAGGIE,69,0,69
2008,LEIGHA,12,0,12
2008,LEENA,14,0,14
2008,KEISHA,7,0,7
2008,KELLY,33,0,33
2008,KELSEY,14,0,14
2008,KENDAL,6,0,6
2008,KENDALL,16,7,9
2008,KENDRA,57,0,57
2008,KENNEDI,6,0,6
2008,KENNEDY,68,0,68
2008,KEIRA,246,0,246
2008,KENZIE,10,0,10
2008,KEYANNA,8,0,8
2008,KHADIJA,24,0,24
2008,KHADIJAH,13,0,13
2008,KHLOE,12,0,12
2008,KHUSHI,19,0,19
2008,KIANA,27,0,27
2008,KIANNA,22,0,22
2008,KIARA,52,0,52
2008,KEYA,7,0,7
2008,KIERA,64,0,64
2008,KEELY,7,0,7
2008,KEANNA,12,0,12
2008,KATHRYN,52,0,52
2008,KATHY,13,0,13
2008,KATIA,9,0,9
2008,KATIE,93,0,93
2008,KATRINA,58,0,58
2008,KAVYA,6,0,6
2008,KAYA,28,0,28
2008,KAYDANCE,7,0,7
2008,KEELEY,8,0,8
2008,KAYDEN,117,95,22
2008,KAYLA,220,0,220
2008,KAYLAH,8,0,8
2008,KAYLEE,116,0,116
2008,KAYLEIGH,58,0,58
2008,KAYLEY,10,0,10
2008,KAYLIE,34,0,34
2008,KAYLIN,14,0,14
2008,KAYLYNN,9,0,9
2008,KAYDENCE,27,0,27
2008,KIERRA,11,0,11
2008,KIERSTEN,15,0,15
2008,KILEY,7,0,7
2008,LAMAR,15,7,8
2008,LANA,36,0,36
2008,LARA,43,0,43
2008,LARISSA,30,0,30
2008,LAURA,101,0,101
2008,LAUREL,13,0,13
2008,LAUREN,366,0,366
2008,LAURENCE,8,0,8
2008,LAINEY,9,0,9
2008,LAURIE,8,0,8
2008,LAYAN,9,0,9
2008,LAYLA,138,0,138
2008,LEA,26,0,26
2008,LEAH,329,0,329
2008,LEANNA,21,0,21
2008,LEANNE,12,0,12
2008,LEELA,7,0,7
2008,LEEN,10,0,10
2008,LAURYN,27,0,27
2008,LAILA,41,0,41
2008,LAIBA,15,0,15
2008,LACEY,26,0,26
2008,KIMBERLY,25,0,25
2008,KIMORA,12,0,12
2008,KIRA,39,0,39
2008,KIRAN,15,7,8
2008,KIRSTEN,20,0,20
2008,KLARA,6,0,6
2008,KLOE,6,0,6
2008,KRISTA,10,0,10
2008,KRISTEN,34,0,34
2008,KRISTIN,6,0,6
2008,KRISTINA,29,0,29
2008,KRISTINE,7,0,7
2008,KYA,10,0,10
2008,KYLA,60,0,60
2008,KYLAH,9,0,9
2008,KYLEE,28,0,28
2008,KYLEIGH,25,0,25
2008,KYLIE,120,0,120
2008,KYRA,61,0,61
2008,LEIA,20,0,20
2008,MAHEEN,7,0,7
2008,MAHI,12,0,12
2008,MAHNOOR,17,0,17
2008,ZOHA,10,0,10
2008,ZOEY,82,0,82
2008,ZOE,171,0,171
2008,ZEHRA,6,0,6
2008,ZAYNAH,10,0,10
2008,ZAYNAB,8,0,8
2008,ZAYNA,6,0,6
2008,ZARAH,7,0,7
2008,ZOIE,7,0,7
2008,ZARA,61,0,61
2008,ZAINA,12,0,12
2008,ZAHRAA,8,0,8
2008,ZAHRA,57,0,57
2008,ZAHARA,8,0,8
2008,ZAARA,7,0,7
2008,YUSRA,13,0,13
2008,YSABELLE,7,0,7
2008,YOLANDA,7,0,7
2008,ZAINAB,72,0,72
2008,YASMINE,18,0,18
2008,ZOYA,25,0,25
2008,ZOË,46,0,46
2008,MERISSA,6,0,6
2008,MIA,265,0,265
2008,MIAH,11,0,11
2008,MICAELA,10,0,10
2008,MICAH,73,67,6
2008,MICHAELA,52,0,52
2008,MICHELA,21,0,21
2008,MICHELLE,107,0,107
2008,ZOÉ,36,0,36
2008,MIKA,24,6,18
2008,MIKAYLA,115,0,115
2008,MILA,50,0,50
2008,MILAN,31,25,6
2008,MILENA,21,0,21
2008,ÉMILIE,20,0,20
2008,ÉLODIE,11,0,11
2008,ÈVE,7,0,7
2008,ZUNAIRAH,6,0,6
2008,MIKAELA,46,0,46
2008,YASMINA,7,0,7
2008,YASMIN,17,0,17
2008,YASMEEN,13,0,13
2008,VERONIKA,17,0,17
2008,VERONICA,79,0,79
2008,VERA,16,0,16
2008,VANESSA,222,0,222
2008,VALÉRIE,7,0,7
2008,VALERIE,38,0,38
2008,VALERIA,17,0,17
2008,VALENTINA,44,0,44
2008,VICKY,8,0,8
2008,UNA,7,0,7
2008,UMA,6,0,6
2008,TÉA,7,0,7
2008,TYRA,11,0,11
2008,TYLER,407,400,7
2008,TRUDY,10,0,10
2008,TRISTYN,6,0,6
2008,TRISTAN,315,309,6
2008,TRISTA,14,0,14
2008,UMAIZA,6,0,6
2008,VICTORIA,382,0,382
2008,VIDHI,10,0,10
2008,VIENNA,24,0,24
2008,YARA,24,0,24
2008,YAEL,7,0,7
2008,WYNTER,7,0,7
2008,WINTER,7,0,7
2008,WINNIE,9,0,9
2008,WILLOW,43,0,43
2008,WILLA,8,0,8
2008,WHITNEY,10,0,10
2008,WERONIKA,6,0,6
2008,WENDY,9,0,9
2008,WANIYA,6,0,6
2008,VIVIENNE,12,0,12
2008,VIVIANA,8,0,8
2008,VIVIAN,59,0,59
2008,VITTORIA,7,0,7
2008,VIRGINIA,14,0,14
2008,VIOLET,95,0,95
2008,VIOLA,7,0,7
2008,VIKTORIA,10,0,10
2008,MERCEDES,18,0,18
2008,MELODY,45,0,45
2008,MELISSA,56,0,56
2008,MELINDA,11,0,11
2008,MANMEET,6,0,6
2008,MANNAT,23,0,23
2008,MARA,12,0,12
2008,MAREN,8,0,8
2008,MARGARET,51,0,51
2008,MARGARETHA,6,0,6
2008,MARGOT,12,0,12
2008,MARIA,169,0,169
2008,MANHA,13,0,13
2008,MARIAH,57,0,57
2008,MARIAN,7,0,7
2008,MARIANA,22,0,22
2008,MARIANNA,8,0,8
2008,MARIANNE,11,0,11
2008,MARIE,25,0,25
2008,MARIELLA,9,0,9
2008,MARIELLE,6,0,6
2008,MARIKA,6,0,6
2008,MARIAM,63,0,63
2008,MANDY,9,0,9
2008,MANAHIL,10,0,10
2008,MANAAL,6,0,6
2008,MAIA,40,0,40
2008,MAIJA,9,0,9
2008,MAIRA,19,0,19
2008,MAISIE,8,0,8
2008,MAIYA,16,0,16
2008,MAJA,15,0,15
2008,MAKAYLA,152,0,152
2008,MAKENA,7,0,7
2008,MAKENNA,41,0,41
2008,MAKENZIE,21,0,21
2008,MALAIKA,11,0,11
2008,MALAK,18,0,18
2008,MALAYA,9,0,9
2008,MALEAH,6,0,6
2008,MALIA,12,0,12
2008,MALIHA,7,0,7
2008,MALIKA,11,0,11
2008,MALIYAH,7,0,7
2008,MALLORY,22,0,22
2008,MARILYN,10,0,10
2008,TRINITY,97,0,97
2008,MARIN,11,0,11
2008,MARISA,22,0,22
2008,MAYAH,9,0,9
2008,MAÏKA,6,0,6
2008,MCKAYLA,23,0,23
2008,MCKENNA,35,0,35
2008,MCKENZIE,18,0,18
2008,MEA,7,0,7
2008,MEADOW,24,0,24
2008,MEAGAN,18,0,18
2008,MAYA,384,0,384
2008,MEAGHAN,13,0,13
2008,MEGAN,177,0,177
2008,MEGHAN,67,0,67
2008,MEHAR,7,0,7
2008,MEHER,7,0,7
2008,MEHREEN,7,0,7
2008,MELANIE,49,0,49
2008,MELIA,11,0,11
2008,MELINA,26,0,26
2008,MEERA,9,0,9
2008,MAY,6,0,6
2008,MAXINE,6,0,6
2008,MAUDE,7,0,7
2008,MARISOL,10,0,10
2008,MARISSA,105,0,105
2008,MARIYA,7,0,7
2008,MARLEE,31,0,31
2008,MARLEIGH,6,0,6
2008,MARLEY,84,10,74
2008,MARLIE,10,0,10
2008,MARLOWE,7,0,7
2008,MARTA,8,0,8
2008,MARTHA,16,0,16
2008,MARTINA,24,0,24
2008,MARWA,14,0,14
2008,MARY,89,0,89
2008,MARYAM,72,0,72
2008,MARYN,6,0,6
2008,MATAYA,6,0,6
2008,MATEA,7,0,7
2008,MATILDA,19,0,19
2008,MATTEA,14,0,14
2008,MARINA,25,0,25
2008,MILICA,10,0,10
2008,ALEAH,17,0,17
2008,ALANNAH,12,0,12
2008,FRANKIE,5,5,0
2008,FRASER,8,8,0
2008,FREDERICK,14,14,0
2008,FREDRICK,6,6,0
2008,FYNN,5,5,0
2008,GABRIEL,396,396,0
2008,GAGE,47,47,0
2008,GARETH,7,7,0
2008,FRANK,28,28,0
2008,GARRETT,29,29,0
2008,GAURAV,5,5,0
2008,GAVEN,5,5,0
2008,GAVIN,342,342,0
2008,GAVYN,13,13,0
2008,GEOFFREY,5,5,0
2008,GEORGE,111,111,0
2008,GERALD,13,13,0
2008,GERARD,8,8,0
2008,GARY,9,9,0
2008,GIACOMO,12,12,0
2008,FRANCO,5,5,0
2008,FRANCIS,27,27,0
2008,FARHAN,11,11,0
2008,FARIS,10,10,0
2008,FELIPE,5,5,0
2008,FELIX,48,48,0
2008,FÉLIX,25,25,0
2008,FERNANDO,9,9,0
2008,FILIP,26,26,0
2008,FILIPE,5,5,0
2008,FRANCISCO,10,10,0
2008,FINDLEY,9,9,0
2008,FINN,39,39,0
2008,FINNEGAN,10,10,0
2008,FINNLEY,7,7,0
2008,FIONN,9,9,0
2008,FISHER,7,7,0
2008,FLETCHER,10,10,0
2008,FOSTER,6,6,0
2008,FRANCESCO,39,39,0
2008,FINLAY,18,18,0
2008,GIAN,12,12,0
2008,GIANCARLO,6,6,0
2008,GIANLUCA,35,35,0
2008,GRYPHON,6,6,0
2008,GUILLAUME,8,8,0
2008,GURJOT,7,7,0
2008,GURMAN,17,17,0
2008,GURSHAAN,17,17,0
2008,GURSHAN,14,14,0
2008,GURTAJ,5,5,0
2008,GURVEER,6,6,0
2008,GRYFFIN,5,5,0
2008,GUS,6,6,0
2008,HADI,15,15,0
2008,HAIDEN,13,13,0
2008,HAIDER,12,12,0
2008,HAMMAD,6,6,0
2008,HAMZA,66,66,0
2008,HAMZAH,20,20,0
2008,HARIS,13,13,0
2008,HARISHAN,6,6,0
2008,HAADI,5,5,0
2008,GRIFFIN,69,69,0
2008,GRIFFEN,9,9,0
2008,GREYSON,20,20,0
2008,GIANMARCO,6,6,0
2008,GIANNI,5,5,0
2008,GIANPAOLO,5,5,0
2008,GIBSON,11,11,0
2008,GIDEON,16,16,0
2008,GIOVANNI,30,30,0
2008,GIULIANO,8,8,0
2008,GIUSEPPE,19,19,0
2008,GLEN,9,9,0
2008,GORDON,21,21,0
2008,GRADY,26,26,0
2008,GRAEME,20,20,0
2008,GRAHAM,36,36,0
2008,GRANT,38,38,0
2008,GRAYDEN,18,18,0
2008,GRAYDON,28,28,0
2008,GRAYSEN,6,6,0
2008,GRAYSON,74,74,0
2008,GREGORY,49,49,0
2008,FARES,5,5,0
2008,HARJAP,7,7,0
2008,FARAN,5,5,0
2008,FAIZAAN,5,5,0
2008,DYLON,5,5,0
2008,EAMON,13,13,0
2008,EASON,5,5,0
2008,EASTON,40,40,0
2008,EDAN,6,6,0
2008,EDDIE,5,5,0
2008,EDGAR,5,5,0
2008,EDISON,6,6,0
2008,DWAYNE,6,6,0
2008,EDMOND,5,5,0
2008,EDUARD,5,5,0
2008,EDUARDO,6,6,0
2008,EDWARD,63,63,0
2008,EDWIN,21,21,0
2008,EHSAN,6,6,0
2008,ELI,69,69,0
2008,ELIAS,64,64,0
2008,ELIE,5,5,0
2008,EDMUND,8,8,0
2008,ELIJAH,173,173,0
2008,DUSTIN,32,32,0
2008,DRYDEN,5,5,0
2008,DIMITRIOS,14,14,0
2008,DION,8,8,0
2008,DOMENIC,32,32,0
2008,DOMENICO,13,13,0
2008,DOMINIC,124,124,0
2008,DOMINICK,16,16,0
2008,DOMINIK,33,33,0
2008,DON,5,5,0
2008,DUNCAN,35,35,0
2008,DONALD,17,17,0
2008,DONTAE,6,6,0
2008,DONTE,5,5,0
2008,DORIAN,14,14,0
2008,DOUGLAS,19,19,0
2008,DOV,6,6,0
2008,DRAKE,37,37,0
2008,DRAVEN,6,6,0
2008,DRAYDEN,10,10,0
2008,DONOVAN,16,16,0
2008,ELIO,7,7,0
2008,ELIOT,7,7,0
2008,ELLIOT,48,48,0
2008,ERVIN,7,7,0
2008,ESHAAN,7,7,0
2008,ESHAN,11,11,0
2008,ESTEBAN,11,11,0
2008,ETHAN,1015,1015,0
2008,ETHEN,5,5,0
2008,ETHYN,5,5,0
2008,ÉTIENNE,5,5,0
2008,ERROL,6,6,0
2008,EUAN,7,7,0
2008,EVAN,551,551,0
2008,EVANGELOS,5,5,0
2008,EVERETT,31,31,0
2008,EWAN,41,41,0
2008,EZEKIEL,17,17,0
2008,EZRA,33,33,0
2008,FABIO,6,6,0
2008,FAISAL,11,11,0
2008,EUGENE,7,7,0
2008,ERNESTO,5,5,0
2008,ERNEST,5,5,0
2008,ERIK,56,56,0
2008,ELLIS,5,5,0
2008,ELVIS,5,5,0
2008,EMANUEL,20,20,0
2008,EMIL,7,7,0
2008,EMILE,6,6,0
2008,ÉMILE,9,9,0
2008,EMILIO,14,14,0
2008,EMMANUEL,48,48,0
2008,EMMET,5,5,0
2008,EMMETT,36,36,0
2008,EMMITT,8,8,0
2008,ENES,5,5,0
2008,ENOCH,8,8,0
2008,ENRIQUE,7,7,0
2008,ENZO,10,10,0
2008,EOIN,5,5,0
2008,EPHRAIM,6,6,0
2008,ERIC,237,237,0
2008,ERICK,10,10,0
2008,FAIZAN,8,8,0
2008,HARJAS,9,9,0
2008,HARJOT,7,7,0
2008,HARMAN,16,16,0
2008,JEREMIAH,61,61,0
2008,JÉRÉMIE,7,7,0
2008,JEREMY,97,97,0
2008,JÉRÉMY,14,14,0
2008,JERICHO,9,9,0
2008,JERMAINE,9,9,0
2008,JEROME,17,17,0
2008,JÉRÔME,5,5,0
2008,JENSEN,6,6,0
2008,JERRY,30,30,0
2008,JESSE,153,153,0
2008,JET,5,5,0
2008,JETT,9,9,0
2008,JEVON,5,5,0
2008,JIBRIL,6,6,0
2008,JIMMY,9,9,0
2008,JOAO,6,6,0
2008,JOAQUIN,12,12,0
2008,JESIAH,6,6,0
2008,JOE,13,13,0
2008,JEFFREY,41,41,0
2008,JEFF,5,5,0
2008,JAWAD,6,6,0
2008,JAX,11,11,0
2008,JAXEN,8,8,0
2008,JAXON,109,109,0
2008,JAXSON,47,47,0
2008,JAXTON,9,9,0
2008,JAY,23,23,0
2008,JAYCE,17,17,0
2008,JEFFERY,15,15,0
2008,JAYDAN,5,5,0
2008,JAYLAN,6,6,0
2008,JAYLEN,30,30,0
2008,JAYSON,23,23,0
2008,JEAN,6,6,0
2008,JEAN-PAUL,6,6,0
2008,JED,6,6,0
2008,JEDIDIAH,5,5,0
2008,JEEVAN,9,9,0
2008,JAYDON,24,24,0
2008,JOEL,102,102,0
2008,JOEY,27,27,0
2008,JOHAN,12,12,0
2008,JUAN,15,15,0
2008,JUDAH,24,24,0
2008,JUDE,71,71,0
2008,JULIAN,201,201,0
2008,JULIEN,39,39,0
2008,JULIO,7,7,0
2008,JULIUS,20,20,0
2008,JUN,5,5,0
2008,JOVAN,14,14,0
2008,JUNIOR,6,6,0
2008,JUSTUS,10,10,0
2008,KABIR,11,11,0
2008,KACPER,6,6,0
2008,KADE,15,15,0
2008,KADEN,118,118,0
2008,KAEDEN,13,13,0
2008,KAEL,23,23,0
2008,KAELAN,10,10,0
2008,JUSTIN,348,348,0
2008,JOSIAH,82,82,0
2008,JOSHUA,738,738,0
2008,JOSH,27,27,0
2008,JOHANN,5,5,0
2008,JOHANNES,5,5,0
2008,JOHN,263,263,0
2008,JOHNATHAN,47,47,0
2008,JOHNATHON,7,7,0
2008,JOHNNY,16,16,0
2008,JOHN-PAUL,6,6,0
2008,JON,11,11,0
2008,JONAH,96,96,0
2008,JONAS,37,37,0
2008,JONATHAN,238,238,0
2008,JONATHON,14,14,0
2008,JORDEN,5,5,0
2008,JORDON,14,14,0
2008,JORGE,5,5,0
2008,JOSE,24,24,0
2008,JOSÉ,8,8,0
2008,JOSEF,6,6,0
2008,JOSEPH,359,359,0
2008,JAVON,8,8,0
2008,JAVIER,6,6,0
2008,JASRAJ,10,10,0
2008,JASPER,40,40,0
2008,HUGH,11,11,0
2008,HUGO,23,23,0
2008,HUMZA,9,9,0
2008,HUSNAIN,5,5,0
2008,HUSSAIN,12,12,0
2008,HUSSEIN,13,13,0
2008,HUY,6,6,0
2008,HUZAIFA,5,5,0
2008,HUDSON,130,130,0
2008,IAIN,9,9,0
2008,IBRAHEEM,16,16,0
2008,IBRAHIM,78,78,0
2008,ILIJA,6,6,0
2008,ILYAS,6,6,0
2008,IMMANUEL,7,7,0
2008,IMRAN,14,14,0
2008,IOANNIS,8,8,0
2008,IRFAN,6,6,0
2008,IAN,119,119,0
2008,HOWARD,5,5,0
2008,HOLDEN,35,35,0
2008,HISHAM,5,5,0
2008,HAROLD,6,6,0
2008,HAROON,14,14,0
2008,HARRIS,12,12,0
2008,HARRISON,72,72,0
2008,HARRY,22,22,0
2008,HARSHAN,5,5,0
2008,HARVEER,5,5,0
2008,HASAN,23,23,0
2008,HASEEB,6,6,0
2008,HASHIM,10,10,0
2008,HASSAAN,6,6,0
2008,HASSAN,34,34,0
2008,HAYDN,6,6,0
2008,HEATH,10,10,0
2008,HEINRICH,6,6,0
2008,HENRI,9,9,0
2008,HENRY,153,153,0
2008,HEZEKIAH,5,5,0
2008,HIMMAT,6,6,0
2008,ISA,6,6,0
2008,DIMITRI,18,18,0
2008,ISAAC,248,248,0
2008,ISAIAH,163,163,0
2008,JAIDEEP,7,7,0
2008,JAISON,6,6,0
2008,JAKE,160,160,0
2008,JAKOB,66,66,0
2008,JAKUB,10,10,0
2008,JALEN,18,18,0
2008,JAMAL,12,12,0
2008,JAMARIO,5,5,0
2008,JAI,9,9,0
2008,JAMES,499,499,0
2008,JAMIESON,6,6,0
2008,JARED,43,43,0
2008,JARON,5,5,0
2008,JARVIS,6,6,0
2008,JASHAN,7,7,0
2008,JASKARAN,11,11,0
2008,JASMAN,8,8,0
2008,JASON,186,186,0
2008,JAMESON,18,18,0
2008,JAHZIAH,6,6,0
2008,JAHSIAH,6,6,0
2008,JAHMAR,6,6,0
2008,ISHAAN,18,18,0
2008,ISHAN,10,10,0
2008,ISIAH,12,12,0
2008,ISMAIL,15,15,0
2008,ISRAEL,13,13,0
2008,ISSA,7,7,0
2008,ISSAC,8,8,0
2008,IVAN,69,69,0
2008,IZAIAH,8,8,0
2008,JACE,37,37,0
2008,JACK,598,598,0
2008,JACKSON,351,351,0
2008,JACKY,7,7,0
2008,JACOB,892,892,0
2008,JACQUES,6,6,0
2008,JAD,18,18,0
2008,JADON,14,14,0
2008,JAEDEN,11,11,0
2008,JAGGER,5,5,0
2008,ISAAK,11,11,0
2008,KAELEN,9,9,0
2008,DILSHAN,5,5,0
2008,DILLON,23,23,0
2008,ASHAZ,6,6,0
2008,ASHER,38,38,0
2008,ASHTON,133,133,0
2008,ASHTYN,6,6,0
2008,ASHVIN,5,5,0
2008,ASHWIN,15,15,0
2008,ASWIN,5,5,0
2008,ATHAN,6,6,0
2008,ASAD,5,5,0
2008,ATTICUS,5,5,0
2008,AUSTEN,6,6,0
2008,AUSTIN,297,297,0
2008,AUSTYN,5,5,0
2008,AVI,7,7,0
2008,AVINASH,6,6,0
2008,AXEL,13,13,0
2008,AYAAN,69,69,0
2008,AYAN,18,18,0
2008,ATTILIO,5,5,0
2008,AYDAN,18,18,0
2008,ARYAN,57,57,0
2008,ARUSHAN,5,5,0
2008,ARHAM,9,9,0
2008,ARI,19,19,0
2008,ARIAN,15,15,0
2008,ARJUN,47,47,0
2008,ARMAAN,54,54,0
2008,ARMAN,25,25,0
2008,ARMANDO,6,6,0
2008,ARMIN,6,6,0
2008,ARVIN,12,12,0
2008,ARNAV,17,17,0
2008,ARSALAN,6,6,0
2008,ARSH,7,7,0
2008,ARSHAAN,5,5,0
2008,ARSHDEEP,8,8,0
2008,ARTHUR,23,23,0
2008,ARTIN,7,7,0
2008,ARUN,6,6,0
2008,ARUSH,5,5,0
2008,ARON,6,6,0
2008,AYDIN,26,26,0
2008,AYMAN,11,11,0
2008,AYOUB,7,7,0
2008,BLAZE,6,6,0
2008,BODEN,5,5,0
2008,BODHI,5,5,0
2008,BOGDAN,8,8,0
2008,BOSCO,5,5,0
2008,BOSTON,8,8,0
2008,BOWEN,6,6,0
2008,BRAD,7,7,0
2008,BLAINE,7,7,0
2008,BRADEN,38,38,0
2008,BRADY,132,132,0
2008,BRADYN,9,9,0
2008,BRAEDAN,7,7,0
2008,BRAEDEN,61,61,0
2008,BRAEDON,13,13,0
2008,BRAEDYN,6,6,0
2008,BRAIDEN,18,18,0
2008,BRANDEN,9,9,0
2008,BRADLEY,51,51,0
2008,BISHOP,5,5,0
2008,BILLY,12,12,0
2008,BILL,6,6,0
2008,AYUB,7,7,0
2008,AYUSH,6,6,0
2008,AZAAN,5,5,0
2008,AZIZ,5,5,0
2008,BALKARAN,5,5,0
2008,BARON,6,6,0
2008,BARRETT,8,8,0
2008,BEAU,9,9,0
2008,BECK,9,9,0
2008,BECKETT,19,19,0
2008,BECKHAM,8,8,0
2008,BEN,33,33,0
2008,BENJAMIN,637,637,0
2008,BENNETT,26,26,0
2008,BENNY,5,5,0
2008,BENOIT,7,7,0
2008,BENSON,7,7,0
2008,BENTLEY,6,6,0
2008,BILAL,36,36,0
2008,ARES,7,7,0
2008,BRANDON,209,209,0
2008,AREEB,5,5,0
2008,ANWAR,7,7,0
2008,AJANI,5,5,0
2008,AJAY,12,12,0
2008,AKASH,8,8,0
2008,AKRAM,5,5,0
2008,AKSHAY,5,5,0
2008,ALAN,35,35,0
2008,ALASTAIR,9,9,0
2008,ALBERT,27,27,0
2008,AIDYN,8,8,0
2008,ALBERTO,6,6,0
2008,ALEC,27,27,0
2008,ALEJANDRO,32,32,0
2008,ALEKSA,8,8,0
2008,ALEKSANDAR,14,14,0
2008,ALEKSANDER,6,6,0
2008,ALEN,5,5,0
2008,ALESSANDRO,54,54,0
2008,ALESSIO,20,20,0
2008,ALDEN,15,15,0
2008,ALEXANDER,733,733,0
2008,AIDEN,449,449,0
2008,AHSAN,10,10,0
2008,ADAMO,11,11,0
2008,ADEL,5,5,0
2008,ADEN,27,27,0
2008,ADIL,8,8,0
2008,ADITYA,22,22,0
2008,ADNAN,11,11,0
2008,ADONIS,5,5,0
2008,ADRIAN,186,186,0
2008,AIDAN,342,342,0
2008,ADRIANO,30,30,0
2008,ADRIEN,15,15,0
2008,ADYN,5,5,0
2008,AEDAN,11,11,0
2008,AFFAN,6,6,0
2008,AGAM,6,6,0
2008,AHMAD,53,53,0
2008,AHMED,57,57,0
2008,AHMET,6,6,0
2008,ADRIEL,14,14,0
2008,ALEXANDRE,79,79,0
2008,ALEXANDROS,6,6,0
2008,ALEXANDRU,10,10,0
2008,ANDREAS,25,25,0
2008,ANDREI,17,17,0
2008,ANDRES,17,17,0
2008,ANDREW,456,456,0
2008,ANDY,37,37,0
2008,ANEESH,5,5,0
2008,ANGAD,20,20,0
2008,ANGELO,41,41,0
2008,ANDRÉ,20,20,0
2008,ANGUS,21,21,0
2008,ANSH,14,14,0
2008,ANSON,23,23,0
2008,ANTE,6,6,0
2008,ANTHONY,368,368,0
2008,ANTOINE,30,30,0
2008,ANTON,14,14,0
2008,ANTONIO,72,72,0
2008,ANTONY,10,10,0
2008,ANISH,9,9,0
2008,ANDRE,33,33,0
2008,ANDERSON,40,40,0
2008,ANAS,11,11,0
2008,ALEXI,14,14,0
2008,ALFRED,9,9,0
2008,ALI,134,134,0
2008,ALIJAH,8,8,0
2008,ALISTAIR,5,5,0
2008,ALLAN,19,19,0
2008,ALLEN,25,25,0
2008,ALVIN,38,38,0
2008,AMAAN,6,6,0
2008,AMAAR,7,7,0
2008,AMADEO,5,5,0
2008,AMAN,5,5,0
2008,AMAR,8,8,0
2008,AMARE,6,6,0
2008,AMARI,17,17,0
2008,AMEER,11,11,0
2008,AMIR,22,22,0
2008,AMITOJ,5,5,0
2008,AMMAR,18,18,0
2008,AQEEL,5,5,0
2008,BRAXTON,24,24,0
2008,BRAYDEN,225,225,0
2008,BRAYDON,44,44,0
2008,CRISTIANO,25,25,0
2008,CROSBY,6,6,0
2008,CRUZ,29,29,0
2008,CULLEN,7,7,0
2008,CURTIS,61,61,0
2008,CYRUS,26,26,0
2008,DAKSH,5,5,0
2008,DALE,9,9,0
2008,CRISTIAN,43,43,0
2008,DALLAS,23,23,0
2008,DAMIAN,77,77,0
2008,DAMIANO,7,7,0
2008,DAMIEN,67,67,0
2008,DAMION,7,7,0
2008,DAMON,23,23,0
2008,DANE,21,21,0
2008,DANIAL,9,9,0
2008,DANIEL,685,685,0
2008,DALTON,16,16,0
2008,DANIYAL,10,10,0
2008,CRAIG,8,8,0
2008,CORWIN,5,5,0
2008,COLLIN,19,19,0
2008,COLSON,5,5,0
2008,COLT,5,5,0
2008,COLTEN,17,17,0
2008,COLTON,146,146,0
2008,CONAN,5,5,0
2008,CONNER,44,44,0
2008,CONNOR,326,326,0
2008,CORY,10,10,0
2008,CONOR,17,17,0
2008,CONSTANTINE,7,7,0
2008,COOPER,161,161,0
2008,CORBAN,5,5,0
2008,CORBEN,5,5,0
2008,CORBIN,30,30,0
2008,COREY,23,23,0
2008,CORMAC,8,8,0
2008,CORRADO,6,6,0
2008,CONRAD,14,14,0
2008,DANNY,33,33,0
2008,DANTE,81,81,0
2008,DANTÉ,8,8,0
2008,DENIS,12,12,0
2008,DENNIS,21,21,0
2008,DENVER,12,12,0
2008,DENZEL,10,10,0
2008,DEON,6,6,0
2008,DEREK,61,61,0
2008,DERRICK,11,11,0
2008,DESMOND,36,36,0
2008,DEEGAN,9,9,0
2008,DESTIN,6,6,0
2008,DEVAN,12,12,0
2008,DEVEN,7,7,0
2008,DEVIN,72,72,0
2008,DEVONTE,5,5,0
2008,DEXTER,40,40,0
2008,DHRUV,13,13,0
2008,DIEGO,40,40,0
2008,DILAN,6,6,0
2008,DEV,22,22,0
2008,DECLAN,96,96,0
2008,DEANDRE,5,5,0
2008,DEAN,56,56,0
2008,DANYAL,6,6,0
2008,DARIAN,18,18,0
2008,DARIEN,12,12,0
2008,DARIO,17,17,0
2008,DARIUS,54,54,0
2008,DARREN,33,33,0
2008,DARRYL,5,5,0
2008,DARWIN,9,9,0
2008,DAVE,9,9,0
2008,DAVID,363,363,0
2008,DAVIN,20,20,0
2008,DAVION,5,5,0
2008,DAVIS,18,18,0
2008,DAWSON,52,52,0
2008,DAX,17,17,0
2008,DAXTON,5,5,0
2008,DAYNE,9,9,0
2008,DAYTON,12,12,0
2008,DEACON,13,13,0
2008,COLIN,140,140,0
2008,COLETON,7,7,0
2008,COLE,318,318,0
2008,COLBY,40,40,0
2008,BRYSON,43,43,0
2008,BYRON,7,7,0
2008,CADE,9,9,0
2008,CADEN,80,80,0
2008,CAEDEN,9,9,0
2008,CAEL,6,6,0
2008,CAELAN,18,18,0
2008,CAIDEN,29,29,0
2008,BRYDON,7,7,0
2008,CAIN,7,7,0
2008,CALDER,5,5,0
2008,CALE,10,10,0
2008,CALEB,299,299,0
2008,CALEN,8,8,0
2008,CALLUM,86,86,0
2008,CALUM,21,21,0
2008,CALVIN,57,57,0
2008,CAMDEN,17,17,0
2008,CAIUS,5,5,0
2008,BRYDEN,10,10,0
2008,BRYCEN,10,10,0
2008,BRYCE,68,68,0
2008,BRAYLEN,5,5,0
2008,BRAYLON,10,10,0
2008,BRENDAN,56,56,0
2008,BRENDEN,13,13,0
2008,BRENDON,13,13,0
2008,BRENNAN,31,31,0
2008,BRENNEN,9,9,0
2008,BRENT,16,16,0
2008,BRETT,22,22,0
2008,BRIAN,95,95,0
2008,BROCK,44,44,0
2008,BRODEN,9,9,0
2008,BRODIE,26,26,0
2008,BRODY,212,212,0
2008,BRONSON,5,5,0
2008,BRUCE,21,21,0
2008,BRUNO,12,12,0
2008,BRYAN,33,33,0
2008,BRYANT,7,7,0
2008,CAMILO,6,6,0
2008,DILRAJ,6,6,0
2008,CAMPBELL,15,15,0
2008,CAMRON,10,10,0
2008,CHAYCE,6,6,0
2008,CHRIS,20,20,0
2008,CHRISTIAN,271,271,0
2008,CHRISTIANO,7,7,0
2008,CHRISTIEN,6,6,0
2008,CHRISTOPHER,276,276,0
2008,CHRISTOS,7,7,0
2008,CIAN,5,5,0
2008,CHASE,222,222,0
2008,CIARAN,10,10,0
2008,CLARKE,6,6,0
2008,CLAUDE,5,5,0
2008,CLAYTON,42,42,0
2008,CLINTON,9,9,0
2008,COBY,11,11,0
2008,CODY,107,107,0
2008,COEN,14,14,0
2008,COHEN,120,120,0
2008,CLARK,23,23,0
2008,CHARLES,164,164,0
2008,CHANDLER,5,5,0
2008,CHANCE,11,11,0
2008,CARL,11,11,0
2008,CARLO,7,7,0
2008,CARLOS,30,30,0
2008,CARMELO,9,9,0
2008,CARMINE,5,5,0
2008,CARSEN,5,5,0
2008,CARSON,187,187,0
2008,CARTER,408,408,0
2008,CASE,5,5,0
2008,CASH,28,28,0
2008,CAYDEN,57,57,0
2008,CAYSON,6,6,0
2008,CECIL,6,6,0
2008,CEDRIC,9,9,0
2008,CÉDRIC,10,10,0
2008,CÉDRIK,6,6,0
2008,CHACE,16,16,0
2008,CHAD,15,15,0
2008,CHAIM,7,7,0
2008,CAMREN,5,5,0
2008,ALAYNA,14,0,14
2008,KAIDAN,5,5,0
2008,KAIDYN,9,9,0
2008,SONNY,7,7,0
2008,SOREN,9,9,0
2008,SPENCER,134,134,0
2008,STANLEY,9,9,0
2008,STEFAN,33,33,0
2008,STEFANO,30,30,0
2008,STEPHAN,8,8,0
2008,STEPHEN,54,54,0
2008,SOLOMON,14,14,0
2008,STERLING,10,10,0
2008,STEVEN,81,81,0
2008,STEWART,7,7,0
2008,STUART,5,5,0
2008,SUBHAN,9,9,0
2008,SUFYAN,5,5,0
2008,SUHAAN,5,5,0
2008,SUKHRAJ,6,6,0
2008,SULAIMAN,9,9,0
2008,STEVE,8,8,0
2008,SULEMAN,5,5,0
2008,SOHAN,6,6,0
2008,SINA,5,5,0
2008,SHAHEER,10,10,0
2008,SHAI,5,5,0
2008,SHAMAR,5,5,0
2008,SHANE,65,65,0
2008,SHAUN,17,17,0
2008,SHAURYA,5,5,0
2008,SHAWN,62,62,0
2008,SHAYAN,20,20,0
2008,SOHAM,5,5,0
2008,SHAYDEN,7,7,0
2008,SHELDON,21,21,0
2008,SHIV,7,7,0
2008,SHIVAM,14,14,0
2008,SHMUEL,6,6,0
2008,SHUBH,5,5,0
2008,SILAS,29,29,0
2008,SIMEON,6,6,0
2008,SIMON,154,154,0
2008,SHAYNE,9,9,0
2008,SULLIVAN,19,19,0
2008,SUTTON,6,6,0
2008,SYED,82,82,0
2008,TEVIN,5,5,0
2008,THEO,24,24,0
2008,THÉO,7,7,0
2008,THEODORE,45,45,0
2008,THOMAS,334,334,0
2008,TIAGO,33,33,0
2008,TIERNAN,9,9,0
2008,TIMOTHY,81,81,0
2008,TERRY,10,10,0
2008,TIMUR,7,7,0
2008,TITUS,9,9,0
2008,TOBIAS,28,28,0
2008,TOBIN,8,8,0
2008,TOBY,14,14,0
2008,TOM,6,6,0
2008,TOMAS,28,28,0
2008,TOMISLAV,5,5,0
2008,TOMMY,13,13,0
2008,TITAN,5,5,0
2008,TERRENCE,14,14,0
2008,TERRANCE,10,10,0
2008,TEODOR,5,5,0
2008,TAHA,18,18,0
2008,TAHIR,5,5,0
2008,TAI,5,5,0
2008,TAIT,5,5,0
2008,TALEN,6,6,0
2008,TALHA,14,14,0
2008,TALON,16,16,0
2008,TANNER,70,70,0
2008,TANUSH,6,6,0
2008,TARIQ,7,7,0
2008,TATE,12,12,0
2008,TAVIAN,6,6,0
2008,TAVION,5,5,0
2008,TAVISH,5,5,0
2008,TAYDEN,12,12,0
2008,TAYSHAUN,10,10,0
2008,TED,5,5,0
2008,TEEGAN,6,6,0
2008,TEJAS,7,7,0
2008,SHAAN,13,13,0
2008,TONY,13,13,0
2008,SETH,142,142,0
2008,SEBASTIEN,34,34,0
2008,ROBERTO,11,11,0
2008,ROCCO,24,24,0
2008,RODNEY,6,6,0
2008,RODRIGO,7,7,0
2008,ROGAN,14,14,0
2008,ROGER,10,10,0
2008,ROHAAN,5,5,0
2008,ROHAN,31,31,0
2008,ROBERT,189,189,0
2008,ROLAND,6,6,0
2008,ROMEO,11,11,0
2008,RON,6,6,0
2008,RONAK,6,6,0
2008,RONALD,16,16,0
2008,RONAN,47,47,0
2008,RONIN,14,14,0
2008,RONIT,5,5,0
2008,ROSHAN,7,7,0
2008,ROMAN,43,43,0
2008,ROSS,10,10,0
2008,ROBBIE,10,10,0
2008,RISHI,17,17,0
2008,RAYAAN,11,11,0
2008,RAYDEN,6,6,0
2008,RAYHAN,16,16,0
2008,RAYMOND,41,41,0
2008,RAYYAN,49,49,0
2008,REED,44,44,0
2008,REGINALD,9,9,0
2008,REHAN,17,17,0
2008,ROAN,5,5,0
2008,REID,65,65,0
2008,RÉMI,7,7,0
2008,REMY,9,9,0
2008,REUBEN,13,13,0
2008,RICARDO,13,13,0
2008,RICHARD,94,94,0
2008,RICKY,20,20,0
2008,RICO,5,5,0
2008,RISHAN,5,5,0
2008,REMI,8,8,0
2008,ROWEN,12,12,0
2008,ROY,9,9,0
2008,ROYCE,6,6,0
2008,SAMEER,11,11,0
2008,SAMI,22,22,0
2008,SAMIR,13,13,0
2008,SAMMY,6,6,0
2008,SAMSON,5,5,0
2008,SAMUEL,458,458,0
2008,SANJAY,7,7,0
2008,SANTIAGO,29,29,0
2008,SAM,53,53,0
2008,SANTINO,8,8,0
2008,SAVION,5,5,0
2008,SAWYER,53,53,0
2008,SAYED,6,6,0
2008,SCOTT,51,51,0
2008,SEAMUS,24,24,0
2008,SEAN,135,135,0
2008,SEBASTIAN,234,234,0
2008,SEBASTIANO,6,6,0
2008,SARTAJ,5,5,0
2008,SALVATORE,11,11,0
2008,SALEM,5,5,0
2008,SALEH,6,6,0
2008,RUBEN,15,15,0
2008,RUDRA,8,8,0
2008,RUDY,5,5,0
2008,RUSSELL,41,41,0
2008,RYDER,94,94,0
2008,RYERSON,9,9,0
2008,RYKER,28,28,0
2008,RYLAND,19,19,0
2008,SAAD,16,16,0
2008,SABASTIAN,5,5,0
2008,SACHA,7,7,0
2008,SACHIN,9,9,0
2008,SAFEER,6,6,0
2008,SAFWAN,6,6,0
2008,SAHEJ,7,7,0
2008,SAHIB,21,21,0
2008,SAHIL,21,21,0
2008,SAID,5,5,0
2008,SAIF,17,17,0
2008,SÉBASTIEN,23,23,0
2008,TORIN,5,5,0
2008,TRACE,7,7,0
2008,TRAVIS,71,71,0
2008,AARUSHI,6,0,6
2008,AASHNA,6,0,6
2008,ABAGAIL,6,0,6
2008,ABBEY,35,0,35
2008,ABBIE,11,0,11
2008,ABBIGAIL,34,0,34
2008,ABBIGALE,10,0,10
2008,ABBY,76,0,76
2008,AARNA,7,0,7
2008,ABBYGAIL,13,0,13
2008,ABIGAEL,9,0,9
2008,ABIGAIL,590,0,590
2008,ABIGALE,12,0,12
2008,ABIGAYLE,20,0,20
2008,ABIHA,7,0,7
2008,ABRIELLE,6,0,6
2008,ABYGAIL,6,0,6
2008,ADA,18,0,18
2008,ABEERA,7,0,7
2008,ADALYN,6,0,6
2008,AANYA,20,0,20
2008,AALIYAH,93,0,93
2008,ZAIN,37,37,0
2008,ZAK,5,5,0
2008,ZAKARIA,15,15,0
2008,ZAKARIYA,13,13,0
2008,ZAKARY,16,16,0
2008,ZANDER,37,37,0
2008,ZANE,23,23,0
2008,ZAVIER,14,14,0
2008,AAMINA,6,0,6
2008,ZAYAN,16,16,0
2008,ZAYDEN,7,7,0
2008,ZAYN,5,5,0
2008,ZECHARIAH,8,8,0
2008,ZEESHAN,8,8,0
2008,ZI,5,5,0
2008,ZIAD,6,6,0
2008,ZION,19,19,0
2008,AALIYA,7,0,7
2008,ZAYD,8,8,0
2008,ADDISON,303,5,298
2008,ADDISYN,9,0,9
2008,ADDYSON,29,0,29
2008,AIMEE,10,0,10
2008,AINSLEY,55,0,55
2008,AINSLIE,7,0,7
2008,AISHA,35,0,35
2008,AISLIN,7,0,7
2008,AISLING,7,0,7
2008,AISLINN,6,0,6
2008,AISLYN,7,0,7
2008,AILEEN,8,0,8
2008,AIYANA,13,0,13
2008,AKEELAH,6,0,6
2008,AKIRA,6,0,6
2008,AKSHAYA,6,0,6
2008,ALAA,10,0,10
2008,ALAINA,27,0,27
2008,ALANA,37,0,37
2008,ALANAH,7,0,7
2008,ALANNA,24,0,24
2008,AIZA,13,0,13
2008,AILA,10,0,10
2008,AIKAM,16,8,8
2008,AIDA,7,0,7
2008,ADELAIDE,39,0,39
2008,ADELE,10,0,10
2008,ADELINE,16,0,16
2008,ADELLE,10,0,10
2008,ADELYN,6,0,6
2008,ADIBA,6,0,6
2008,ADINA,14,0,14
2008,ADISON,6,0,6
2008,ADITI,8,0,8
2008,ADRIA,6,0,6
2008,ADRIANA,70,0,70
2008,ADRIANNA,49,0,49
2008,ADRIENNE,8,0,8
2008,ADYSON,9,0,9
2008,ADÈLE,10,0,10
2008,AGANETHA,7,0,7
2008,AGATHA,21,0,21
2008,AGNES,7,0,7
2008,AHANA,6,0,6
2008,ZAID,21,21,0
2008,ZACKERY,12,12,0
2008,ZACKARY,64,64,0
2008,ZACK,10,10,0
2008,USMAN,10,10,0
2008,UZAIR,7,7,0
2008,VANCE,6,6,0
2008,VANSH,5,5,0
2008,VARUN,8,8,0
2008,VASILIOS,6,6,0
2008,VAUGHN,13,13,0
2008,VED,8,8,0
2008,UMER,6,6,0
2008,VEDANT,6,6,0
2008,VICTOR,50,50,0
2008,VIHAAN,7,7,0
2008,VIKTOR,7,7,0
2008,VINCE,11,11,0
2008,VINCENT,123,123,0
2008,VINCENZO,10,10,0
2008,VIVEK,6,6,0
2008,VLADIMIR,5,5,0
2008,VEER,7,7,0
2008,UMAR,16,16,0
2008,UDAY,6,6,0
2008,TYSON,146,146,0
2008,TRAYVON,5,5,0
2008,TRENT,59,59,0
2008,TRENTON,24,24,0
2008,TREVOR,53,53,0
2008,TREY,23,23,0
2008,TREYVON,6,6,0
2008,TRISTEN,22,22,0
2008,TRISTIN,12,12,0
2008,TROY,56,56,0
2008,TRYSTAN,14,14,0
2008,TUCKER,27,27,0
2008,TURNER,7,7,0
2008,TY,41,41,0
2008,TYCE,7,7,0
2008,TYE,13,13,0
2008,TYLOR,7,7,0
2008,TYRELL,7,7,0
2008,TYRESE,11,11,0
2008,TYSEN,5,5,0
2008,VLADISLAV,8,8,0
2008,RAY,12,12,0
2008,VRAJ,7,7,0
2008,WALEED,9,9,0
2008,YASEEN,13,13,0
2008,YASH,12,12,0
2008,YASIN,9,9,0
2008,YASIR,6,6,0
2008,YAZAN,7,7,0
2008,YEHUDA,5,5,0
2008,YOSEF,9,9,0
2008,YOUSEF,12,12,0
2008,YANNICK,6,6,0
2008,YOUSIF,8,8,0
2008,YOUSUF,11,11,0
2008,YUSEF,9,9,0
2008,YUSUF,60,60,0
2008,YUVRAJ,22,22,0
2008,ZACHARIAH,14,14,0
2008,ZACHARIE,12,12,0
2008,ZACHARY,334,334,0
2008,ZACHERY,14,14,0
2008,YOUSSEF,8,8,0
2008,YAHYA,19,19,0
2008,YAAKOV,5,5,0
2008,XZAVIER,8,8,0
2008,WALI,5,5,0
2008,WALKER,8,8,0
2008,WALTER,12,12,0
2008,WARREN,17,17,0
2008,WASEEM,5,5,0
2008,WAYLON,9,9,0
2008,WAYNE,13,13,0
2008,WESLEY,79,79,0
2008,WESTON,18,18,0
2008,WILHELM,7,7,0
2008,WILL,11,11,0
2008,WILLEM,12,12,0
2008,WILLIAM,662,662,0
2008,WILLY,15,15,0
2008,WILSON,13,13,0
2008,WINSTON,11,11,0
2008,WYATT,165,165,0
2008,XANDER,53,53,0
2008,XAVIER,219,219,0
2008,WADE,14,14,0
2008,KAIDEN,81,81,0
2008,RAUL,6,6,0
2008,RAPHAËL,7,7,0
2008,LEON,17,17,0
2008,LEONARD,14,14,0
2008,LEONARDO,30,30,0
2008,LEROY,6,6,0
2008,LEV,7,7,0
2008,LEVI,80,80,0
2008,LEVON,5,5,0
2008,LEWIS,18,18,0
2008,LÉO,5,5,0
2008,LIAM,683,683,0
2008,LINDEN,13,13,0
2008,LINKIN,11,11,0
2008,LIOR,5,5,0
2008,LLOYD,6,6,0
2008,LOCHLAN,11,11,0
2008,LOGHAN,5,5,0
2008,LOÏC,11,11,0
2008,LORENZO,20,20,0
2008,LINCOLN,90,90,0
2008,LOUIS,31,31,0
2008,LEO,86,86,0
2008,LEMUEL,5,5,0
2008,LAITH,6,6,0
2008,LANCE,9,9,0
2008,LANDEN,43,43,0
2008,LANDON,173,173,0
2008,LANDYN,16,16,0
2008,LANE,10,10,0
2008,LAURENT,5,5,0
2008,LAVERNE,5,5,0
2008,LENNON,8,8,0
2008,LAWRENCE,13,13,0
2008,LAYNE,10,10,0
2008,LAYTON,5,5,0
2008,LAZAR,7,7,0
2008,LEANDRO,8,8,0
2008,LEE,7,7,0
2008,LEELAND,7,7,0
2008,LEIF,7,7,0
2008,LELAND,25,25,0
2008,LAWSON,10,10,0
2008,LUC,25,25,0
2008,LUCA,217,217,0
2008,LUCAS,729,729,0
2008,MALEK,6,6,0
2008,MALIK,37,37,0
2008,MANAV,11,11,0
2008,MANJOT,5,5,0
2008,MANNIX,5,5,0
2008,MANRAJ,18,18,0
2008,MANSOOR,8,8,0
2008,MANUEL,9,9,0
2008,MALCOLM,47,47,0
2008,MANVEER,7,7,0
2008,MARC,48,48,0
2008,MARCEL,10,10,0
2008,MARCELLO,7,7,0
2008,MARCO,81,81,0
2008,MARCOS,9,9,0
2008,MARCUS,238,238,0
2008,MAREK,17,17,0
2008,MARIO,24,24,0
2008,MANVIR,11,11,0
2008,MALAKI,5,5,0
2008,MALAKAI,16,16,0
2008,MALACHI,46,46,0
2008,LUCIAN,6,6,0
2008,LUCIANO,10,10,0
2008,LUCIEN,5,5,0
2008,LUIS,19,19,0
2008,LUKA,58,58,0
2008,LUKAS,114,114,0
2008,LUKE,292,292,0
2008,LYAM,6,6,0
2008,LYNDON,7,7,0
2008,MAAZ,10,10,0
2008,MADDEN,23,23,0
2008,MADDOX,28,28,0
2008,MAGNUS,12,12,0
2008,MAHAD,13,13,0
2008,MAHDI,14,14,0
2008,MAHMOUD,6,6,0
2008,MAKAI,8,8,0
2008,MAKSIM,17,17,0
2008,MAKSYM,6,6,0
2008,LACHLAN,31,31,0
2008,MARK,100,100,0
2008,KYSON,5,5,0
2008,KYLER,23,23,0
2008,KAYLEB,10,10,0
2008,KAYNE,11,11,0
2008,KEAGAN,26,26,0
2008,KEANU,6,6,0
2008,KEATON,28,28,0
2008,KEEGAN,107,107,0
2008,KEELAN,5,5,0
2008,KEENAN,25,25,0
2008,KAVIN,7,7,0
2008,KEERAN,5,5,0
2008,KEIGAN,6,6,0
2008,KEIRAN,15,15,0
2008,KEITH,32,32,0
2008,KELLEN,6,6,0
2008,KELTON,6,6,0
2008,KELVIN,17,17,0
2008,KEN,5,5,0
2008,KENDRICK,5,5,0
2008,KEGAN,6,6,0
2008,KENNETH,44,44,0
2008,KASH,9,9,0
2008,KARTER,8,8,0
2008,KAIN,5,5,0
2008,KALAN,8,8,0
2008,KALE,27,27,0
2008,KALEB,105,105,0
2008,KALEN,6,6,0
2008,KALVIN,6,6,0
2008,KAMDEN,5,5,0
2008,KAMERON,22,22,0
2008,KARTHIK,6,6,0
2008,KAMIL,6,6,0
2008,KANE,30,30,0
2008,KARAN,11,11,0
2008,KARANVIR,5,5,0
2008,KAREEM,24,24,0
2008,KARIM,11,11,0
2008,KARL,9,9,0
2008,KARMAN,8,8,0
2008,KARSON,15,15,0
2008,KAMRAN,5,5,0
2008,KENNY,13,13,0
2008,KENYON,5,5,0
2008,KEON,17,17,0
2008,KOLBY,11,11,0
2008,KOLE,24,24,0
2008,KOLTON,19,19,0
2008,KONNOR,6,6,0
2008,KONRAD,6,6,0
2008,KONSTANTINOS,8,8,0
2008,KRISH,33,33,0
2008,KRISHNA,6,6,0
2008,KOHL,8,8,0
2008,KRISTIAN,17,17,0
2008,KRISTOPHER,12,12,0
2008,KRYSTIAN,5,5,0
2008,KURT,9,9,0
2008,KURTIS,15,15,0
2008,KYAN,16,16,0
2008,KYE,8,8,0
2008,KYLAN,7,7,0
2008,KYLE,243,243,0
2008,KRISTOFER,5,5,0
2008,KOHEN,12,12,0
2008,KOEN,23,23,0
2008,KODY,22,22,0
2008,KESHAV,7,7,0
2008,KESHAWN,5,5,0
2008,KEVIN,174,174,0
2008,KHAI,5,5,0
2008,KHALED,9,9,0
2008,KHALEEL,5,5,0
2008,KHALID,19,19,0
2008,KHALIL,8,8,0
2008,KHOA,5,5,0
2008,KIAN,40,40,0
2008,KIEFER,11,11,0
2008,KIERAN,71,71,0
2008,KILLIAN,5,5,0
2008,KING,5,5,0
2008,KINGSLEY,10,10,0
2008,KINGSTON,65,65,0
2008,KISHAN,8,8,0
2008,KOBE,20,20,0
2008,KOBY,9,9,0
2008,KYMANI,10,10,0
2008,MARKO,48,48,0
2008,MARKUS,43,43,0
2008,MARLON,6,6,0
2008,NOVAK,5,5,0
2008,OAKLEY,5,5,0
2008,ODIN,9,9,0
2008,OLIVER,240,240,0
2008,OLIVIER,36,36,0
2008,OM,11,11,0
2008,OMAR,82,82,0
2008,OMER,10,10,0
2008,NORMAN,8,8,0
2008,OMID,8,8,0
2008,OSCAR,73,73,0
2008,OSKAR,7,7,0
2008,OSMAN,6,6,0
2008,OTIS,7,7,0
2008,OWEN,668,668,0
2008,OWYN,8,8,0
2008,PABLO,8,8,0
2008,PANAGIOTIS,6,6,0
2008,ORION,10,10,0
2008,PAOLO,19,19,0
2008,NOLAN,264,264,0
2008,NOAM,6,6,0
2008,NEWTON,6,6,0
2008,NICHOLAS,559,559,0
2008,NICK,15,15,0
2008,NICKOLAS,37,37,0
2008,NICO,23,23,0
2008,NICOLAS,154,154,0
2008,NIGEL,20,20,0
2008,NIKHIL,27,27,0
2008,NOEL,16,16,0
2008,NIKO,17,17,0
2008,NIKOLAI,12,12,0
2008,NIKOLAOS,7,7,0
2008,NIKOLAS,50,50,0
2008,NIKOLAUS,5,5,0
2008,NIMA,5,5,0
2008,NISHAN,5,5,0
2008,NIXON,5,5,0
2008,NOAH,794,794,0
2008,NIKOLA,22,22,0
2008,PARSA,10,10,0
2008,PARTH,7,7,0
2008,PATRICK,140,140,0
2008,QUINLAN,9,9,0
2008,QUINTEN,16,16,0
2008,QUINTIN,28,28,0
2008,QUINTON,36,36,0
2008,RAFAEL,23,23,0
2008,RAGHAV,6,6,0
2008,RAHEEM,11,11,0
2008,RAHUL,5,5,0
2008,QUINCY,7,7,0
2008,RAIDEN,9,9,0
2008,RAINE,6,6,0
2008,RAJVEER,7,7,0
2008,RAMSEY,7,7,0
2008,RANBIR,7,7,0
2008,RANDY,12,12,0
2008,RANVEER,6,6,0
2008,RANVIR,5,5,0
2008,RAPHAEL,20,20,0
2008,RAIN,6,6,0
2008,QUENTIN,22,22,0
2008,QASIM,7,7,0
2008,PRINCETON,5,5,0
2008,PAUL,75,75,0
2008,PAXTON,15,15,0
2008,PEARSON,6,6,0
2008,PEDRO,5,5,0
2008,PETAR,5,5,0
2008,PETER,122,122,0
2008,PHILIP,47,47,0
2008,PHILIPPE,17,17,0
2008,PHILLIP,16,16,0
2008,PIERCE,17,17,0
2008,PIERRE,5,5,0
2008,PIERSON,5,5,0
2008,PIOTR,5,5,0
2008,PORTER,13,13,0
2008,PRABHJOT,9,9,0
2008,PRANAV,8,8,0
2008,PRAVEEN,5,5,0
2008,PRESTON,108,108,0
2008,PRINCE,10,10,0
2008,NEVIN,7,7,0
2008,NEVEN,6,6,0
2008,NEVAN,5,5,0
2008,NEO,9,9,0
2008,MAVERICK,18,18,0
2008,MAX,163,163,0
2008,MAXIM,53,53,0
2008,MAXIME,37,37,0
2008,MAXIMILIAN,27,27,0
2008,MAXIMILLIAN,6,6,0
2008,MAXIMO,5,5,0
2008,MAXIMUS,57,57,0
2008,MAURICE,5,5,0
2008,MAXWELL,125,125,0
2008,MAYSON,6,6,0
2008,MAZIN,5,5,0
2008,MEKHI,14,14,0
2008,MELVIN,6,6,0
2008,MEMPHIS,10,10,0
2008,MENACHEM,5,5,0
2008,MERRICK,10,10,0
2008,MICHAEL,564,564,0
2008,MAXX,8,8,0
2008,MATTIAS,12,12,0
2008,MATTHIEU,12,12,0
2008,MATTHIAS,15,15,0
2008,MARSHALL,36,36,0
2008,MARTIN,65,65,0
2008,MARVIN,8,8,0
2008,MARWAN,7,7,0
2008,MASON,290,290,0
2008,MASSIMO,49,49,0
2008,MATEO,103,103,0
2008,MATEUS,7,7,0
2008,MATEUSZ,5,5,0
2008,MATHEW,40,40,0
2008,MATHIAS,18,18,0
2008,MATHIEU,33,33,0
2008,MATHIS,14,14,0
2008,MATIAS,19,19,0
2008,MATIN,5,5,0
2008,MATT,14,14,0
2008,MATTEO,189,189,0
2008,MATTEUS,5,5,0
2008,MATTHEW,851,851,0
2008,MICHEAL,14,14,0
2008,RASHAD,10,10,0
2008,MICHEL,5,5,0
2008,MIKAEL,8,8,0
2008,MUSTAFA,45,45,0
2008,MYLES,73,73,0
2008,NABIL,6,6,0
2008,NASH,23,23,0
2008,NATE,28,28,0
2008,NATHAN,835,835,0
2008,NATHANAEL,19,19,0
2008,NATHANIAL,13,13,0
2008,MUSA,16,16,0
2008,NATHANIEL,224,224,0
2008,NAVRAJ,11,11,0
2008,NAYAN,5,5,0
2008,NAZAR,5,5,0
2008,NEEL,17,17,0
2008,NEHAN,8,8,0
2008,NEHEMIAH,5,5,0
2008,NEIL,31,31,0
2008,NELSON,16,16,0
2008,NATHEN,6,6,0
2008,MURTAZA,6,6,0
2008,MURRAY,7,7,0
2008,MUJTABA,5,5,0
2008,MIKAH,5,5,0
2008,MIKAIL,7,7,0
2008,MIKE,7,7,0
2008,MIKHAIL,14,14,0
2008,MILAD,6,6,0
2008,MILES,50,50,0
2008,MILLER,8,8,0
2008,MILO,24,24,0
2008,MIRZA,5,5,0
2008,MITCHELL,76,76,0
2008,MOHAMAD,18,18,0
2008,MOHAMED,55,55,0
2008,MOHAMMAD,94,94,0
2008,MOHAMMED,63,63,0
2008,MOIZ,5,5,0
2008,MOSES,9,9,0
2008,MOSHE,8,8,0
2008,MUHAMMAD,200,200,0
2008,MUHAMMED,17,17,0
2008,MIGUEL,60,60,0
2008,MILEY,53,0,53
2009,JAN,6,6,0
2009,RAY,7,7,0
2009,DIMITRI,12,12,0
2009,DILLON,19,19,0
2009,DIESEL,6,6,0
2009,DIEGO,39,39,0
2009,DHRUV,13,13,0
2009,DEZMOND,6,6,0
2009,DEXTER,39,39,0
2009,DEVONTE,5,5,0
2009,DEVIN,60,60,0
2009,DEVEN,12,12,0
2009,DEVAN,16,16,0
2009,DEV,14,14,0
2009,DESMOND,44,44,0
2009,DESHAWN,9,9,0
2009,DERRICK,15,15,0
2009,DERICK,6,6,0
2009,DEREK,51,51,0
2009,DENZEL,9,9,0
2009,DENVER,16,16,0
2009,DENNIS,18,18,0
2009,DENIZ,7,7,0
2009,DENIS,10,10,0
2009,DEEGAN,5,5,0
2009,DECLAN,94,94,0
2009,DEAN,50,50,0
2009,DEAGAN,5,5,0
2009,DEACON,19,19,0
2009,DAYTON,6,6,0
2009,DAXTON,18,18,0
2009,DIMITRIOS,9,9,0
2009,DAX,14,14,0
2009,DION,5,5,0
2009,DOMENICO,18,18,0
2009,EITAN,9,9,0
2009,EHAN,6,6,0
2009,EESA,6,6,0
2009,EDWIN,20,20,0
2009,EDWARD,90,90,0
2009,EDRIS,5,5,0
2009,EDMOND,7,7,0
2009,EDISON,9,9,0
2009,EDGAR,9,9,0
2009,EDDIE,7,7,0
2009,EDAN,5,5,0
2009,EASTON,31,31,0
2009,EAMON,12,12,0
2009,DYSON,6,6,0
2009,DWAYNE,8,8,0
2009,DUSTIN,32,32,0
2009,DUNCAN,26,26,0
2009,DRYDEN,9,9,0
2009,DRAYDEN,13,13,0
2009,DRAVEN,7,7,0
2009,DRAKE,35,35,0
2009,DOUGLAS,26,26,0
2009,DORIAN,11,11,0
2009,DONOVAN,19,19,0
2009,DONALD,12,12,0
2009,DON,5,5,0
2009,DOMINIK,37,37,0
2009,DOMINICK,23,23,0
2009,DOMINIC,159,159,0
2009,DOMENIC,21,21,0
2009,DAWSON,51,51,0
2009,DAVIS,18,18,0
2009,DAVIN,15,15,0
2009,CRAIG,9,9,0
2009,CORY,13,13,0
2009,CORNELIUS,12,12,0
2009,COREY,8,8,0
2009,CORBIN,31,31,0
2009,COOPER,136,136,0
2009,CONSTANTINE,10,10,0
2009,CONRAD,11,11,0
2009,CONOR,27,27,0
2009,CONNOR,336,336,0
2009,CONNER,30,30,0
2009,CONLAN,6,6,0
2009,COLTON,144,144,0
2009,COLTEN,31,31,0
2009,COLLIN,36,36,0
2009,COLIN,132,132,0
2009,COLETON,5,5,0
2009,COLE,320,320,0
2009,COLBY,53,53,0
2009,COHEN,107,107,0
2009,COEN,12,12,0
2009,CODY,81,81,0
2009,COBY,9,9,0
2009,CLINTON,8,8,0
2009,CLAYTON,13,13,0
2009,CLARKE,7,7,0
2009,CLARK,22,22,0
2009,CIARAN,7,7,0
2009,CIAN,11,11,0
2009,CRISTIAN,48,48,0
2009,CRISTIANO,31,31,0
2009,CRUZ,37,37,0
2009,CULLEN,7,7,0
2009,DAVID,359,359,0
2009,DAVEN,5,5,0
2009,DASHIELL,8,8,0
2009,DARWIN,7,7,0
2009,DARSH,7,7,0
2009,DARREN,40,40,0
2009,DARIUS,49,49,0
2009,DARIO,18,18,0
2009,DARIEN,16,16,0
2009,DARIAN,6,6,0
2009,DAREK,5,5,0
2009,DARCY,10,10,0
2009,DANYLO,6,6,0
2009,DANYAL,5,5,0
2009,ELI,82,82,0
2009,DANTE,80,80,0
2009,DANIYAL,15,15,0
2009,DANISH,5,5,0
2009,DANILO,6,6,0
2009,DANIEL,659,659,0
2009,DANIAL,6,6,0
2009,DANE,25,25,0
2009,DAMON,29,29,0
2009,DAMION,7,7,0
2009,DAMIEN,60,60,0
2009,DAMIAN,64,64,0
2009,DALTON,19,19,0
2009,DAKSH,8,8,0
2009,CYRUS,22,22,0
2009,CURTIS,46,46,0
2009,DANNY,30,30,0
2009,ELIAS,64,64,0
2009,ELIJAH,188,188,0
2009,ELIOT,8,8,0
2009,GRADY,28,28,0
2009,GORDON,19,19,0
2009,GIUSEPPE,20,20,0
2009,GIULIANO,9,9,0
2009,GIOVANNI,29,29,0
2009,GIDEON,9,9,0
2009,GIBSON,7,7,0
2009,GIANNI,7,7,0
2009,GIANLUCA,32,32,0
2009,GIAN,7,7,0
2009,GIACOMO,5,5,0
2009,GERHARD,5,5,0
2009,GERALD,11,11,0
2009,GEORGIOS,5,5,0
2009,GEORGES,6,6,0
2009,GEORGE,101,101,0
2009,GEOFFREY,5,5,0
2009,GAVYN,11,11,0
2009,GAVIN,316,316,0
2009,GARY,18,18,0
2009,GARRETT,24,24,0
2009,GARETH,7,7,0
2009,GALEN,5,5,0
2009,GAGE,63,63,0
2009,GABRIELE,5,5,0
2009,GABRIEL,432,432,0
2009,FYNN,11,11,0
2009,FREDRICK,8,8,0
2009,FREDERICK,26,26,0
2009,GRAEME,28,28,0
2009,GRAHAM,35,35,0
2009,GRANT,39,39,0
2009,GRAYDEN,14,14,0
2009,HARMAN,14,14,0
2009,HARLAN,8,8,0
2009,HARJOT,10,10,0
2009,HARJAS,7,7,0
2009,HARJAAP,8,8,0
2009,HARISH,5,5,0
2009,HARIS,9,9,0
2009,HAO,7,7,0
2009,HANSON,5,5,0
2009,HANS,6,6,0
2009,HANK,6,6,0
2009,HAMZAH,9,9,0
2009,HAMZA,61,61,0
2009,HAMMAD,6,6,0
2009,FRASER,6,6,0
2009,HAIDER,11,11,0
2009,HADI,20,20,0
2009,GURVEER,5,5,0
2009,GURSHAN,14,14,0
2009,GURSHAAN,7,7,0
2009,GURMAN,17,17,0
2009,GURJOT,6,6,0
2009,GURJAAP,6,6,0
2009,GRYPHON,7,7,0
2009,GRIFFIN,78,78,0
2009,GREYSON,21,21,0
2009,GREY,7,7,0
2009,GREGORY,39,39,0
2009,GRAYSON,84,84,0
2009,GRAYDON,37,37,0
2009,HAIDEN,6,6,0
2009,CHRISTOS,7,7,0
2009,FRANZ,8,8,0
2009,FRANK,23,23,0
2009,ESHAN,13,13,0
2009,ESHAAN,8,8,0
2009,ERVIN,5,5,0
2009,ERNESTO,5,5,0
2009,ERIK,42,42,0
2009,ERICK,5,5,0
2009,ÉRIC,5,5,0
2009,ERIC,189,189,0
2009,EOGHAN,5,5,0
2009,ENZO,10,10,0
2009,ENRIQUE,8,8,0
2009,ENOCH,7,7,0
2009,EMRE,5,5,0
2009,EMMITT,7,7,0
2009,EMMETT,73,73,0
2009,EMMET,5,5,0
2009,EMMANUEL,43,43,0
2009,EMILIO,17,17,0
2009,EMILIANO,6,6,0
2009,ÉMILE,5,5,0
2009,EMILE,7,7,0
2009,EMIL,7,7,0
2009,EMANUEL,14,14,0
2009,ELYAS,5,5,0
2009,ELY,7,7,0
2009,ELVIS,9,9,0
2009,ELLIS,10,10,0
2009,ELLIOTT,63,63,0
2009,ELIYAHU,6,6,0
2009,ETHAN,1040,1040,0
2009,ETHEN,9,9,0
2009,ETHYN,6,6,0
2009,ETIENNE,5,5,0
2009,FRANCO,7,7,0
2009,FRANCIS,22,22,0
2009,FRANCESCO,37,37,0
2009,FOX,5,5,0
2009,FOSTER,9,9,0
2009,FLYNN,5,5,0
2009,FISHER,7,7,0
2009,FIONN,8,8,0
2009,FINNLEY,7,7,0
2009,FINNEGAN,9,9,0
2009,FINN,66,66,0
2009,FINLAY,17,17,0
2009,FILIP,26,26,0
2009,FERNANDO,6,6,0
2009,FRANKIE,10,10,0
2009,FÉLIX,27,27,0
2009,FELIPE,8,8,0
2009,FEDERICO,5,5,0
2009,FARIS,11,11,0
2009,FARHAN,10,10,0
2009,FAIZAN,8,8,0
2009,FAISAL,8,8,0
2009,FABIAN,6,6,0
2009,EZRA,39,39,0
2009,EZEKIEL,19,19,0
2009,EWAN,47,47,0
2009,EVERETT,39,39,0
2009,EVAN,557,557,0
2009,EUAN,7,7,0
2009,ÉTIENNE,11,11,0
2009,FELIX,59,59,0
2009,HARMANDEEP,5,5,0
2009,CHRISTOPHER,241,241,0
2009,CHRISTIANO,5,5,0
2009,ANDRES,14,14,0
2009,ANDREI,15,15,0
2009,ANDREAS,19,19,0
2009,ANDRÉ,13,13,0
2009,ANDRE,42,42,0
2009,ANDI,5,5,0
2009,ANDERSON,42,42,0
2009,ANDERS,5,5,0
2009,ANASTASIOS,6,6,0
2009,ANAS,10,10,0
2009,AMMAR,14,14,0
2009,AMMAAR,5,5,0
2009,AMIR,34,34,0
2009,AMIN,11,11,0
2009,AMER,6,6,0
2009,AMEER,6,6,0
2009,AMARI,12,12,0
2009,AMAR,11,11,0
2009,AMAN,10,10,0
2009,AMAAR,6,6,0
2009,AMAAN,7,7,0
2009,ALVIN,25,25,0
2009,ALLEN,21,21,0
2009,ALLAN,30,30,0
2009,ALISTAIR,12,12,0
2009,ALFRED,8,8,0
2009,ALEXZANDER,12,12,0
2009,ALEXI,10,10,0
2009,ALEXEY,6,6,0
2009,ANDREW,422,422,0
2009,ALEXANDROS,10,10,0
2009,ANDREY,9,9,0
2009,ANGAD,22,22,0
2009,ARMIN,5,5,0
2009,ARMANDO,6,6,0
2009,ARMAN,20,20,0
2009,ARMAAN,53,53,0
2009,ARLO,7,7,0
2009,ARLIND,8,8,0
2009,ARJUN,52,52,0
2009,ARJAN,10,10,0
2009,ARIYAN,6,6,0
2009,ARIE,5,5,0
2009,ARIAN,17,17,0
2009,ARI,20,20,0
2009,ARHAM,9,9,0
2009,ARCHER,13,13,0
2009,ARAV,11,11,0
2009,ARASH,7,7,0
2009,APOLLO,5,5,0
2009,ANTONY,8,8,0
2009,ANTONIO,82,82,0
2009,ANTON,15,15,0
2009,ANTOINE,22,22,0
2009,ANTHONY,357,357,0
2009,ANSON,14,14,0
2009,ANSH,12,12,0
2009,ANOOP,5,5,0
2009,ANISH,11,11,0
2009,ANIS,5,5,0
2009,ANGUS,22,22,0
2009,ANGELO,37,37,0
2009,ANDY,45,45,0
2009,ALEXANDRO,7,7,0
2009,ALEXANDRE,83,83,0
2009,ALEXANDER,748,748,0
2009,ADHAM,5,5,0
2009,ADEN,32,32,0
2009,ADAN,9,9,0
2009,ADAMO,6,6,0
2009,ADAM,360,360,0
2009,ACE,8,8,0
2009,ABRAR,6,6,0
2009,ABRAM,17,17,0
2009,ABRAHAM,28,28,0
2009,ABNER,5,5,0
2009,ABISHAN,6,6,0
2009,ABHIJOT,8,8,0
2009,ABEL,7,7,0
2009,ABDULRAHMAN,7,7,0
2009,ABDULLAH,72,72,0
2009,ABDULAZIZ,6,6,0
2009,ABDUL,41,41,0
2009,ABDALLAH,9,9,0
2009,ABBAS,16,16,0
2009,AAYAN,31,31,0
2009,AARYAN,15,15,0
2009,AARUSH,8,8,0
2009,AARON,236,236,0
2009,AARIZ,13,13,0
2009,AARAV,26,26,0
2009,AARAN,10,10,0
2009,AAIDEN,5,5,0
2009,AADI,8,8,0
2009,AADEN,38,38,0
2009,ADIL,13,13,0
2009,ADITYA,17,17,0
2009,ADNAN,11,11,0
2009,ADONIS,5,5,0
2009,ALESSIO,20,20,0
2009,ALESSANDRO,57,57,0
2009,ALEKSANDER,13,13,0
2009,ALEKSANDAR,19,19,0
2009,ALEK,5,5,0
2009,ALEJANDRO,21,21,0
2009,ALEC,26,26,0
2009,ALDEN,5,5,0
2009,ALBERT,19,19,0
2009,ALASTAIR,6,6,0
2009,ALAN,27,27,0
2009,AKSHAYAN,5,5,0
2009,AKSHAY,5,5,0
2009,AKHIL,6,6,0
2009,ARNAV,14,14,0
2009,AKEEM,6,6,0
2009,AJESH,8,8,0
2009,AJEESH,7,7,0
2009,AJAY,17,17,0
2009,AIDYN,7,7,0
2009,AIDEN,478,478,0
2009,AIDAN,263,263,0
2009,AHYAN,5,5,0
2009,AHMED,84,84,0
2009,AHMAD,44,44,0
2009,AEDAN,10,10,0
2009,ADRIEN,14,14,0
2009,ADRIEL,15,15,0
2009,ADRIANO,23,23,0
2009,ADRIAN,172,172,0
2009,AKASH,12,12,0
2009,ARON,7,7,0
2009,ARSH,5,5,0
2009,ARTEM,5,5,0
2009,CAELAN,11,11,0
2009,CAEL,5,5,0
2009,CAEDEN,5,5,0
2009,CADEN,74,74,0
2009,CADE,5,5,0
2009,BYRON,10,10,0
2009,BRYSON,49,49,0
2009,BRYDEN,14,14,0
2009,BRYCEN,13,13,0
2009,BRYCE,77,77,0
2009,BRYAN,52,52,0
2009,BRUNO,10,10,0
2009,BRUCE,22,22,0
2009,BROOKS,5,5,0
2009,BRONSON,8,8,0
2009,BROGAN,6,6,0
2009,BRODY,162,162,0
2009,BRODIE,41,41,0
2009,BRODERICK,6,6,0
2009,BROCK,56,56,0
2009,BRIAN,83,83,0
2009,BRETT,27,27,0
2009,BRENT,8,8,0
2009,BRENNEN,10,10,0
2009,BRENNAN,44,44,0
2009,BRENDON,7,7,0
2009,BRENDEN,17,17,0
2009,BRENDAN,43,43,0
2009,BRAYLON,11,11,0
2009,CAIDEN,38,38,0
2009,CAIN,8,8,0
2009,CAIUS,7,7,0
2009,CALE,11,11,0
2009,CHRISTIAN,299,299,0
2009,CHRIS,22,22,0
2009,CHAYSE,5,5,0
2009,CHAYCE,8,8,0
2009,CHASE,273,273,0
2009,CHARLES,165,165,0
2009,CHANCE,12,12,0
2009,CHAD,12,12,0
2009,CHACE,33,33,0
2009,CÉDRIK,6,6,0
2009,CÉDRIC,11,11,0
2009,CEDRIC,9,9,0
2009,CAYDEN,59,59,0
2009,CASSIUS,7,7,0
2009,BRAYDON,30,30,0
2009,CASH,32,32,0
2009,CARSON,197,197,0
2009,CARMINE,7,7,0
2009,CARMELO,7,7,0
2009,CARLOS,33,33,0
2009,CARLO,8,8,0
2009,CARL,7,7,0
2009,CAMRON,7,7,0
2009,CAMPBELL,23,23,0
2009,CAMILO,6,6,0
2009,CAMDEN,39,39,0
2009,CALVIN,72,72,0
2009,CALUM,13,13,0
2009,CALLUM,93,93,0
2009,CALEB,274,274,0
2009,CARTER,440,440,0
2009,CHRISTOPHE,5,5,0
2009,BRAYDEN,269,269,0
2009,BRANDON,175,175,0
2009,AYYAN,6,6,0
2009,AYUSH,6,6,0
2009,AYMAN,15,15,0
2009,AYDIN,26,26,0
2009,AYDEN,148,148,0
2009,AYDAN,7,7,0
2009,AYAN,15,15,0
2009,AYAAN,70,70,0
2009,AXEL,11,11,0
2009,AVRAHAM,5,5,0
2009,AVINASH,8,8,0
2009,AVI,10,10,0
2009,AUSTYN,13,13,0
2009,AUSTIN,304,304,0
2009,AUSTEN,8,8,0
2009,AUGUSTUS,5,5,0
2009,AUGUSTINE,5,5,0
2009,AUDRIC,5,5,0
2009,ATTICUS,13,13,0
2009,ATLAS,5,5,0
2009,ASHWIN,11,11,0
2009,ASHTON,110,110,0
2009,ASHER,45,45,0
2009,ASHAR,5,5,0
2009,ASAD,7,7,0
2009,ARYAN,52,52,0
2009,ARVIN,20,20,0
2009,ARUN,6,6,0
2009,ARTHUR,14,14,0
2009,AZAAN,19,19,0
2009,AZAN,7,7,0
2009,BABY,8,8,0
2009,BALRAJ,6,6,0
2009,BRANDEN,13,13,0
2009,BRAIDEN,14,14,0
2009,BRAEDYN,10,10,0
2009,BRAEDON,7,7,0
2009,BRAEDEN,39,39,0
2009,BRADY,97,97,0
2009,BRADLEY,66,66,0
2009,BRADEN,30,30,0
2009,BOYD,7,7,0
2009,BOWEN,12,12,0
2009,BOSTON,17,17,0
2009,BOSCO,8,8,0
2009,BLAZE,6,6,0
2009,BILLY,10,10,0
2009,BRAXTON,19,19,0
2009,BILAL,27,27,0
2009,BENTLEY,9,9,0
2009,BENSON,10,10,0
2009,BENOIT,6,6,0
2009,BENNY,10,10,0
2009,BENNETT,55,55,0
2009,BENJAMIN,677,677,0
2009,BENEDICT,9,9,0
2009,BEN,41,41,0
2009,BECKETT,10,10,0
2009,BEAU,9,9,0
2009,BASSEL,6,6,0
2009,BASIL,8,8,0
2009,BARRETT,7,7,0
2009,BARON,7,7,0
2009,BENYAMIN,6,6,0
2009,HAROLD,7,7,0
2009,HAROON,12,12,0
2009,HARRIS,6,6,0
2009,MATIAS,28,28,0
2009,MATHIS,12,12,0
2009,MATHIEU,22,22,0
2009,MATHIAS,16,16,0
2009,MATHEW,42,42,0
2009,MATEUSZ,7,7,0
2009,MATEO,109,109,0
2009,MASSIMO,45,45,0
2009,MASON,359,359,0
2009,MARVIN,11,11,0
2009,MARTIN,56,56,0
2009,MARSHALL,31,31,0
2009,MARLON,11,11,0
2009,MARKUS,42,42,0
2009,MARKO,37,37,0
2009,MARK,97,97,0
2009,MARIO,16,16,0
2009,MAREK,9,9,0
2009,MARCUS,200,200,0
2009,MARCOS,7,7,0
2009,MARCO,74,74,0
2009,MARCELLO,15,15,0
2009,MARCEL,18,18,0
2009,MARC-ANDRÉ,5,5,0
2009,MARC,26,26,0
2009,MANVEER,9,9,0
2009,MANUEL,14,14,0
2009,MANRAJ,10,10,0
2009,MANAV,12,12,0
2009,MATT,5,5,0
2009,MALIK,48,48,0
2009,MATTEO,186,186,0
2009,MATTHEW,687,687,0
2009,MIHAILO,5,5,0
2009,MIGUEL,43,43,0
2009,MICHELE,10,10,0
2009,MICHEL,5,5,0
2009,MICHEAL,23,23,0
2009,MICHAL,7,7,0
2009,MICHAEL,525,525,0
2009,MICAH,72,72,0
2009,MENACHEM,7,7,0
2009,MEMPHIS,20,20,0
2009,MEKHI,5,5,0
2009,MEHTAB,8,8,0
2009,MEHDI,5,5,0
2009,MAYSON,7,7,0
2009,MAXX,10,10,0
2009,MAXWELL,90,90,0
2009,MAXTON,8,8,0
2009,MAXIMUS,48,48,0
2009,MAXIMO,8,8,0
2009,MAXIMILLIAN,9,9,0
2009,MAXIMILIANO,12,12,0
2009,MAXIMILIAN,34,34,0
2009,MAXIME,63,63,0
2009,MAXIM,76,76,0
2009,MAX,159,159,0
2009,MAVERICK,17,17,0
2009,MAURICIO,5,5,0
2009,MATTIAS,9,9,0
2009,MATTHIAS,20,20,0
2009,MATTEUS,10,10,0
2009,MALEK,12,12,0
2009,MALCOLM,56,56,0
2009,MALAKAI,19,19,0
2009,LOCHLAN,15,15,0
2009,LLOYD,8,8,0
2009,LIONEL,5,5,0
2009,LINUS,6,6,0
2009,LINKIN,10,10,0
2009,LINKEN,5,5,0
2009,LINDEN,7,7,0
2009,LINCOLN,116,116,0
2009,LIEM,5,5,0
2009,LIAM,880,880,0
2009,LEX,8,8,0
2009,LEWIS,13,13,0
2009,LEVI,102,102,0
2009,LEONIDAS,10,10,0
2009,LEONARDO,38,38,0
2009,LEONARD,13,13,0
2009,LEON,16,16,0
2009,LÉO,8,8,0
2009,LEO,88,88,0
2009,LENNOX,16,16,0
2009,LENNON,13,13,0
2009,LELAND,48,48,0
2009,LEELAND,9,9,0
2009,LEE,17,17,0
2009,LEANDRO,10,10,0
2009,LAZAR,9,9,0
2009,LAWSON,12,12,0
2009,LAWRENCE,11,11,0
2009,LARRY,7,7,0
2009,LOCHLANN,6,6,0
2009,LOÏC,16,16,0
2009,LORENZO,18,18,0
2009,LOUIS,17,17,0
2009,MALACHI,45,45,0
2009,MAKSYM,9,9,0
2009,MAKSIM,16,16,0
2009,MAKAI,10,10,0
2009,MAHMOUD,8,8,0
2009,MAHIR,5,5,0
2009,MAHDI,18,18,0
2009,MAHAD,10,10,0
2009,MAGUIRE,6,6,0
2009,MAGNUS,6,6,0
2009,MADDOX,39,39,0
2009,MADDEX,6,6,0
2009,MADDEN,19,19,0
2009,MAC,6,6,0
2009,MIKAEEL,6,6,0
2009,MAAZ,11,11,0
2009,LYAM,5,5,0
2009,LUKE,259,259,0
2009,LUKAS,144,144,0
2009,LUKA,67,67,0
2009,LUIS,15,15,0
2009,LUIGI,7,7,0
2009,LUCIUS,7,7,0
2009,LUCIEN,5,5,0
2009,LUCIANO,12,12,0
2009,LUCIAN,21,21,0
2009,LUCCA,6,6,0
2009,LUCAS,710,710,0
2009,LUCA,204,204,0
2009,LUC,17,17,0
2009,LYNDON,8,8,0
2009,MIKAEL,11,11,0
2009,MIKAH,5,5,0
2009,MIKAIL,7,7,0
2009,PETER,124,124,0
2009,PETAR,5,5,0
2009,PEDRO,5,5,0
2009,PEARSON,5,5,0
2009,PEARCE,9,9,0
2009,PAXTON,11,11,0
2009,PAVEL,5,5,0
2009,PAUL,61,61,0
2009,PATRYK,9,9,0
2009,PATRICK,126,126,0
2009,PASCAL,6,6,0
2009,PARTH,10,10,0
2009,PARSA,7,7,0
2009,PARAM,5,5,0
2009,PAOLO,11,11,0
2009,PABLO,14,14,0
2009,OWEN,637,637,0
2009,OWAIS,7,7,0
2009,OSMAN,8,8,0
2009,OSKAR,13,13,0
2009,OSCAR,60,60,0
2009,ORLANDO,12,12,0
2009,ORION,16,16,0
2009,OREN,5,5,0
2009,OMER,10,10,0
2009,OMARI,9,9,0
2009,OMAR,98,98,0
2009,OM,12,12,0
2009,OLIVIER,64,64,0
2009,PHILIP,51,51,0
2009,PHILIPPE,12,12,0
2009,PHILLIP,19,19,0
2009,PIERCE,25,25,0
2009,RASHAD,6,6,0
2009,RAPHAËL,14,14,0
2009,RAPHAEL,22,22,0
2009,RANVEER,6,6,0
2009,RANDY,12,12,0
2009,RANBIR,5,5,0
2009,RAMI,12,12,0
2009,RAMEEN,5,5,0
2009,RAJAN,5,5,0
2009,RAIDEN,22,22,0
2009,RAHUL,6,6,0
2009,RAHEEM,6,6,0
2009,RAGHAV,6,6,0
2009,RAFAEL,29,29,0
2009,OLIVER,241,241,0
2009,QUINTON,45,45,0
2009,QUINTEN,13,13,0
2009,QUINLAN,12,12,0
2009,QUINCY,13,13,0
2009,QUENTIN,43,43,0
2009,QASIM,7,7,0
2009,QAIS,6,6,0
2009,PRINCE,12,12,0
2009,PRESTON,109,109,0
2009,PRANAV,10,10,0
2009,PRABHNOOR,5,5,0
2009,PRABHJOT,5,5,0
2009,PORTER,14,14,0
2009,PIETRO,7,7,0
2009,PIERRE,7,7,0
2009,QUINTIN,23,23,0
2009,LANE,10,10,0
2009,ODIN,21,21,0
2009,NORMAN,9,9,0
2009,NATHAN,757,757,0
2009,NATE,16,16,0
2009,NASIR,5,5,0
2009,NASH,23,23,0
2009,NAMAN,8,8,0
2009,NABIL,6,6,0
2009,NABEEL,8,8,0
2009,MYLES,67,67,0
2009,MUSTAFA,35,35,0
2009,MUSAB,7,7,0
2009,MUSA,23,23,0
2009,MUHAMMED,17,17,0
2009,MUHAMMAD,204,204,0
2009,MUAZ,5,5,0
2009,MOSES,17,17,0
2009,MORDECHAI,5,5,0
2009,MOHID,8,8,0
2009,MOHAMMED,55,55,0
2009,MOHAMMAD,98,98,0
2009,MOHAMED,46,46,0
2009,MOHAMAD,16,16,0
2009,MITCHELL,68,68,0
2009,MIRZA,5,5,0
2009,MILO,26,26,0
2009,MILLER,10,10,0
2009,MILES,73,73,0
2009,MILAN,37,37,0
2009,MIKHAIL,12,12,0
2009,MIKE,6,6,0
2009,NATHANAEL,19,19,0
2009,NATHANIAL,12,12,0
2009,NATHANIEL,174,174,0
2009,NATNAEL,5,5,0
2009,NOLAN,233,233,0
2009,NOEL,18,18,0
2009,NOAM,9,9,0
2009,NOAH,844,844,0
2009,NIXON,7,7,0
2009,NISHAN,5,5,0
2009,NIMA,5,5,0
2009,NIKOLAS,29,29,0
2009,NIKOLAI,7,7,0
2009,NIKOLA,19,19,0
2009,NIKO,20,20,0
2009,NIKKO,5,5,0
2009,NIKHIL,25,25,0
2009,NIHAL,6,6,0
2009,OAKLEY,5,5,0
2009,NIGEL,27,27,0
2009,NICOLA,8,8,0
2009,NICO,39,39,0
2009,NICKOLAS,35,35,0
2009,NICK,10,10,0
2009,NICHOLAS,482,482,0
2009,NEVAN,7,7,0
2009,NEO,5,5,0
2009,NELSON,9,9,0
2009,NEIL,30,30,0
2009,NEHEMIAH,7,7,0
2009,NEEL,12,12,0
2009,NAVID,5,5,0
2009,NAVEEN,6,6,0
2009,NAVEED,5,5,0
2009,NICOLAS,154,154,0
2009,LANDYN,16,16,0
2009,LANDON,223,223,0
2009,LANDIN,8,8,0
2009,JAYVIN,5,5,0
2009,JAYVEN,7,7,0
2009,JAYSON,25,25,0
2009,JAYLEN,27,27,0
2009,JAYDON,24,24,0
2009,JAYDIN,5,5,0
2009,JAYDAN,5,5,0
2009,JAYCE,14,14,0
2009,JAY,21,21,0
2009,JAXXON,8,8,0
2009,JAXTON,7,7,0
2009,JAXSON,55,55,0
2009,JAXON,125,125,0
2009,JAXEN,9,9,0
2009,JAX,15,15,0
2009,JAWAD,8,8,0
2009,JAVIER,10,10,0
2009,JASRAJ,6,6,0
2009,JASPER,42,42,0
2009,JASON,170,170,0
2009,JASKARAN,10,10,0
2009,JASIAH,5,5,0
2009,JASHAN,12,12,0
2009,JASE,9,9,0
2009,JARRETT,5,5,0
2009,JARED,45,45,0
2009,JAMIESON,5,5,0
2009,JAMESON,10,10,0
2009,JAMES,507,507,0
2009,JEEVAN,8,8,0
2009,JEFF,7,7,0
2009,JEFFERY,12,12,0
2009,JEFFREY,41,41,0
2009,JON,7,7,0
2009,JOHNSON,5,5,0
2009,JOHNNY,30,30,0
2009,JOHNATHAN,39,39,0
2009,JOHN,273,273,0
2009,JOHAN,15,15,0
2009,JOEY,17,17,0
2009,JOEL,124,124,0
2009,JOE,5,5,0
2009,JOBAN,5,5,0
2009,JOAQUIN,12,12,0
2009,JIN,6,6,0
2009,JIMMY,10,10,0
2009,JIBRIL,6,6,0
2009,JAMAL,11,11,0
2009,JEVON,6,6,0
2009,JETHRO,7,7,0
2009,JESSE,132,132,0
2009,JESIAH,7,7,0
2009,JERRY,13,13,0
2009,JEROME,7,7,0
2009,JERMAINE,10,10,0
2009,JERICHO,5,5,0
2009,JÉRÉMY,9,9,0
2009,JEREMY,108,108,0
2009,JÉRÉMIE,5,5,0
2009,JEREMIAH,65,65,0
2009,JENSON,9,9,0
2009,JENSEN,14,14,0
2009,JELANI,5,5,0
2009,JETT,17,17,0
2009,JONAH,119,119,0
2009,JALEN,17,17,0
2009,JAKOB,59,59,0
2009,IDRIS,9,9,0
2009,IBRAHIM,70,70,0
2009,IBRAHEEM,19,19,0
2009,IAN,111,111,0
2009,IAIN,13,13,0
2009,HUSSEIN,14,14,0
2009,HUSSAIN,22,22,0
2009,HUMZA,5,5,0
2009,HUGO,33,33,0
2009,HUGH,18,18,0
2009,HUDSON,175,175,0
2009,HOWARD,6,6,0
2009,HOLDEN,43,43,0
2009,HIMMAT,7,7,0
2009,HEZEKIAH,5,5,0
2009,HENRY,171,171,0
2009,HENRIK,7,7,0
2009,HENRI,10,10,0
2009,HEINRICH,6,6,0
2009,HECTOR,7,7,0
2009,HEATH,12,12,0
2009,HAYDN,7,7,0
2009,HASSAN,37,37,0
2009,HASHIM,9,9,0
2009,HASAN,30,30,0
2009,HARVEER,5,5,0
2009,HARUN,5,5,0
2009,HARRY,25,25,0
2009,HARRISON,87,87,0
2009,ILYAS,10,10,0
2009,IMMANUEL,6,6,0
2009,IMRAN,16,16,0
2009,ISA,7,7,0
2009,JAKE,139,139,0
2009,JAIVEER,7,7,0
2009,JAI,13,13,0
2009,JAHZIAH,5,5,0
2009,JAHSIAH,7,7,0
2009,JAGGER,5,5,0
2009,JAEDEN,9,9,0
2009,JADON,17,17,0
2009,JAD,17,17,0
2009,JACQUES,9,9,0
2009,JACOBY,6,6,0
2009,JACOB,828,828,0
2009,JACKY,7,7,0
2009,JACKSON,383,383,0
2009,JAKUB,18,18,0
2009,JACK,569,569,0
2009,IZAIAH,16,16,0
2009,IZAAK,6,6,0
2009,IVAN,82,82,0
2009,ISSAC,21,21,0
2009,ISRAEL,10,10,0
2009,ISMAIL,16,16,0
2009,ISMAEEL,5,5,0
2009,ISIAH,10,10,0
2009,ISHMAEL,5,5,0
2009,ISHAN,6,6,0
2009,ISHAAN,22,22,0
2009,ISAIAH,147,147,0
2009,ISAAK,16,16,0
2009,ISAAC,269,269,0
2009,JACE,39,39,0
2009,RAYAAN,11,11,0
2009,JONAS,28,28,0
2009,JONATHON,7,7,0
2009,KNOX,14,14,0
2009,KISHAN,8,8,0
2009,KIRK,7,7,0
2009,KIRAN,12,12,0
2009,KIPTYN,5,5,0
2009,KINGSTON,89,89,0
2009,KINGSLEY,10,10,0
2009,KING,9,9,0
2009,KILLIAN,7,7,0
2009,KIERNAN,5,5,0
2009,KIERAN,71,71,0
2009,KIEFER,5,5,0
2009,KIAN,40,40,0
2009,KHALIL,10,10,0
2009,KHALID,11,11,0
2009,KHALEEL,6,6,0
2009,KHAI,7,7,0
2009,KEVIN,148,148,0
2009,KEON,7,7,0
2009,KENTON,5,5,0
2009,KENT,7,7,0
2009,KENNY,7,7,0
2009,KENNETH,38,38,0
2009,KENDRICK,6,6,0
2009,KELVIN,16,16,0
2009,KELTON,10,10,0
2009,KELLEN,6,6,0
2009,KELLAN,8,8,0
2009,KEITH,26,26,0
2009,KOBE,20,20,0
2009,KODY,12,12,0
2009,KOEN,17,17,0
2009,KOHEN,10,10,0
2009,LANDEN,54,54,0
2009,LANDAN,6,6,0
2009,LANCE,10,10,0
2009,LAITH,10,10,0
2009,LACHLAN,27,27,0
2009,KYSON,7,7,0
2009,KYMANI,7,7,0
2009,KYLER,38,38,0
2009,KYLE,224,224,0
2009,KYLAN,6,6,0
2009,KYE,9,9,0
2009,KYAN,7,7,0
2009,KUSH,8,8,0
2009,KURTIS,23,23,0
2009,KEIRAN,5,5,0
2009,KURT,9,9,0
2009,KRISTOPHER,16,16,0
2009,KRISTIAN,19,19,0
2009,KRISH,29,29,0
2009,KRIS,5,5,0
2009,KORBIN,9,9,0
2009,KORBEN,5,5,0
2009,KONSTANTINOS,8,8,0
2009,KONRAD,5,5,0
2009,KONNOR,5,5,0
2009,KOLTON,26,26,0
2009,KOLTEN,6,6,0
2009,KOLE,15,15,0
2009,KOLBY,10,10,0
2009,KOHL,5,5,0
2009,KRYSTIAN,7,7,0
2009,JONATHAN,243,243,0
2009,KEIGAN,6,6,0
2009,KEELAN,6,6,0
2009,KAIDEN,74,74,0
2009,KAELEN,7,7,0
2009,KAELAN,7,7,0
2009,KAEL,13,13,0
2009,KAEDEN,18,18,0
2009,KADYN,10,10,0
2009,KADIN,6,6,0
2009,KADEN,95,95,0
2009,KADE,22,22,0
2009,KABIR,17,17,0
2009,JUSTIN,344,344,0
2009,JULIUS,22,22,0
2009,JULIO,7,7,0
2009,JULIEN,36,36,0
2009,JULIANO,6,6,0
2009,JULIAN,182,182,0
2009,JUJHAR,5,5,0
2009,JUDAH,34,34,0
2009,JUAN,16,16,0
2009,JOVAN,11,11,0
2009,JOSIAH,97,97,0
2009,JOSHUA,699,699,0
2009,JOSH,22,22,0
2009,JOSEPH,360,360,0
2009,JOSEF,7,7,0
2009,JOSE,12,12,0
2009,JORGE,8,8,0
2009,JORDON,13,13,0
2009,JORDEN,6,6,0
2009,KAIDYN,5,5,0
2009,KALE,17,17,0
2009,KALEB,115,115,0
2009,KALEM,5,5,0
2009,KEEGAN,103,103,0
2009,KEATON,39,39,0
2009,KEANU,5,5,0
2009,KEANE,6,6,0
2009,KEAGAN,29,29,0
2009,KAYSON,8,8,0
2009,KAYLEB,7,7,0
2009,KAYAN,5,5,0
2009,KAVIN,14,14,0
2009,KASRA,6,6,0
2009,KASHTON,5,5,0
2009,KASH,8,8,0
2009,KARTIK,5,5,0
2009,KARTER,17,17,0
2009,KEENAN,28,28,0
2009,KARSTEN,8,8,0
2009,KARSEN,10,10,0
2009,KARMAN,8,8,0
2009,KARL,13,13,0
2009,KARIM,20,20,0
2009,KAREEM,16,16,0
2009,KARAN,10,10,0
2009,KARAM,9,9,0
2009,KANE,31,31,0
2009,KAMRAN,6,6,0
2009,KAMIL,5,5,0
2009,KAMAL,7,7,0
2009,KALVIN,8,8,0
2009,KALIB,5,5,0
2009,KALEN,9,9,0
2009,KARSON,22,22,0
2009,KAMERON,9,9,0
2009,RAYDEN,10,10,0
2009,RAYMOND,35,35,0
2009,ESHAAL,13,0,13
2009,ESHAL,32,0,32
2009,ESME,8,0,8
2009,ESMÉ,8,0,8
2009,ESSENCE,6,0,6
2009,ESTELLE,8,0,8
2009,ESTHER,41,0,41
2009,EUNICE,9,0,9
2009,EVA,188,0,188
2009,EVALYN,7,0,7
2009,EVANGELINA,9,0,9
2009,EVANGELINE,45,0,45
2009,EVE,39,0,39
2009,EVELINA,8,0,8
2009,EVELYN,139,0,139
2009,EVELYNN,12,0,12
2009,EVIE,10,0,10
2009,FAITH,145,0,145
2009,FAIZA,8,0,8
2009,ESHA,8,0,8
2009,FALLON,7,0,7
2009,ERYN,7,0,7
2009,ERIKA,45,0,45
2009,EMA,13,0,13
2009,EMAAN,14,0,14
2009,EMAN,7,0,7
2009,EMBER,10,0,10
2009,EMELIA,8,0,8
2009,EMERSON,68,46,22
2009,EMERSYN,7,0,7
2009,EMERY,23,12,11
2009,EMILEE,14,0,14
2009,EMILIA,42,0,42
2009,EMILIE,33,0,33
2009,EMILY,668,0,668
2009,EMMA,878,0,878
2009,EMMA-LEE,10,0,10
2009,EMMALEE,8,0,8
2009,EMMANUELLA,6,0,6
2009,EMMERSON,10,0,10
2009,EMMY,7,0,7
2009,ERICA,59,0,59
2009,ERIN,69,0,69
2009,ELYSSA,13,0,13
2009,FARAH,17,0,17
2009,FATEMA,8,0,8
2009,GIANNA,22,0,22
2009,GILLIAN,27,0,27
2009,GINA,7,0,7
2009,GIORGIA,7,0,7
2009,GISELE,6,0,6
2009,GISELLE,15,0,15
2009,GIULIA,19,0,19
2009,GIULIANA,18,0,18
2009,GLORIA,28,0,28
2009,GRACE,418,0,418
2009,GRACELYN,11,0,11
2009,GRACELYNN,7,0,7
2009,GRACIE,68,0,68
2009,GRETA,6,0,6
2009,GUNEET,13,0,13
2009,GURLEEN,22,0,22
2009,GURNEET,13,0,13
2009,GURNOOR,9,0,9
2009,GWEN,13,0,13
2009,GIA,18,0,18
2009,FARRAH,13,0,13
2009,GEORGINA,13,0,13
2009,GENEVIEVE,27,0,27
2009,FATIMA,74,0,74
2009,FATIMAH,11,0,11
2009,FATMA,8,0,8
2009,FAYE,14,0,14
2009,FELICIA,11,0,11
2009,FELICITY,14,0,14
2009,FINLEY,46,32,14
2009,FIONA,78,0,78
2009,FLORA,11,0,11
2009,FLORENCE,12,0,12
2009,FRANCES,16,0,16
2009,FRANCESCA,24,0,24
2009,FREYA,9,0,9
2009,GABRIELA,60,0,60
2009,GABRIELLA,195,0,195
2009,GABRIELLE,139,0,139
2009,GEMMA,30,0,30
2009,GENESIS,12,0,12
2009,GENEVA,6,0,6
2009,GEORGIA,98,0,98
2009,GWENDOLYN,18,0,18
2009,ELYSE,22,0,22
2009,ELSA,14,0,14
2009,DAPHNE,35,0,35
2009,DARA,7,0,7
2009,DARIA,24,0,24
2009,DARLA,7,0,7
2009,DARYA,12,0,12
2009,DAVINA,8,0,8
2009,DAYNA,7,0,7
2009,DEANNA,20,0,20
2009,DEBORAH,17,0,17
2009,DELANEY,16,0,16
2009,DELIA,7,0,7
2009,DELILAH,33,0,33
2009,DENISE,8,0,8
2009,DESIRAE,6,0,6
2009,DESIREE,12,0,12
2009,DESTINEE,7,0,7
2009,DESTINY,53,0,53
2009,DEVON,57,49,8
2009,DEVYN,11,0,11
2009,DANYA,9,0,9
2009,DIANA,48,0,48
2009,DANIKA,62,0,62
2009,DANIELLA,69,0,69
2009,CONNIE,10,0,10
2009,CONSTANCE,8,0,8
2009,CORA,25,0,25
2009,CORAL,6,0,6
2009,CORALIE,9,0,9
2009,CORDELIA,17,0,17
2009,COURTNEY,31,0,31
2009,CRISTINA,29,0,29
2009,CRYSTAL,23,0,23
2009,CYNTHIA,28,0,28
2009,DAHLIA,21,0,21
2009,DAISY,21,0,21
2009,DAKOTA,61,21,40
2009,DALIA,28,0,28
2009,DALLAS,47,37,10
2009,DANA,30,0,30
2009,DANIA,13,0,13
2009,DANICA,71,0,71
2009,DANIELA,39,0,39
2009,DANIELLE,57,0,57
2009,ELSIE,16,0,16
2009,DILPREET,6,0,6
2009,DINA,22,0,22
2009,ELIANA,47,0,47
2009,ELIANNA,7,0,7
2009,ELINA,18,0,18
2009,ELISA,19,0,19
2009,ELISABETH,18,0,18
2009,ELISE,67,0,67
2009,ELISHA,18,0,18
2009,ELISSA,15,0,15
2009,ELIZA,34,0,34
2009,ELIZABETH,323,0,323
2009,ELLA,531,0,531
2009,ELLE,36,0,36
2009,ELLEN,26,0,26
2009,ELLIANA,14,0,14
2009,ELLIE,49,0,49
2009,ELLIOT,72,64,8
2009,ELODIE,11,0,11
2009,ELOISE,11,0,11
2009,ELORA,13,0,13
2009,ELENI,16,0,16
2009,DIMITRA,6,0,6
2009,ELENA,42,0,42
2009,ELAYNA,7,0,7
2009,DIVINA,6,0,6
2009,DIVYA,12,0,12
2009,DIYA,39,0,39
2009,DOMINIQUE,13,5,8
2009,DONNA,6,0,6
2009,DOROTHY,10,0,10
2009,DREW,51,41,10
2009,DUA,8,0,8
2009,DYLAN,400,387,13
2009,EDEN,100,9,91
2009,EDIE,9,0,9
2009,EDITH,9,0,9
2009,EDNA,8,0,8
2009,EESHA,9,0,9
2009,EILEEN,15,0,15
2009,EKAM,7,0,7
2009,ELA,12,0,12
2009,ELAINA,20,0,20
2009,ELAINE,19,0,19
2009,ELEANOR,39,0,39
2009,COLBIE,6,0,6
2009,GWENYTH,19,0,19
2009,HADIA,8,0,8
2009,JAYLA,38,0,38
2009,JAYLIN,11,5,6
2009,JAYME,10,0,10
2009,JAZLYN,11,0,11
2009,JAZMIN,14,0,14
2009,JAZMINE,12,0,12
2009,JAZMYN,12,0,12
2009,JELENA,6,0,6
2009,JEMMA,13,0,13
2009,JENELLE,7,0,7
2009,JENNA,98,0,98
2009,JENNAH,8,0,8
2009,JENNIFER,68,0,68
2009,JENNY,21,0,21
2009,JERSEY,13,0,13
2009,JESSICA,194,0,194
2009,JESSIE,27,0,27
2009,JEWEL,7,0,7
2009,JIA,20,9,11
2009,JAYDEN,442,389,53
2009,JILL,7,0,7
2009,JAYDE,8,0,8
2009,JAYCEE,8,0,8
2009,JALIYAH,7,0,7
2009,JAMIE,64,34,30
2009,JANA,26,0,26
2009,JANAE,9,0,9
2009,JANE,36,0,36
2009,JANELLE,25,0,25
2009,JANESSA,12,0,12
2009,JANET,8,0,8
2009,JANICE,13,0,13
2009,JANIYAH,7,0,7
2009,JANNAT,20,0,20
2009,JASLEEN,31,0,31
2009,JASMEEN,6,0,6
2009,JASMEET,6,0,6
2009,JASMIN,29,0,29
2009,JASMINE,170,0,170
2009,JASMYN,7,0,7
2009,JASNOOR,9,0,9
2009,JAYA,12,0,12
2009,JAYDA,42,0,42
2009,JAIME,18,0,18
2009,JILLIAN,71,0,71
2009,JOANNA,39,0,39
2009,JULIANNE,15,0,15
2009,JULIE,32,0,32
2009,JULIET,21,0,21
2009,JULIETTE,44,0,44
2009,JUNE,13,0,13
2009,JUSTICE,20,14,6
2009,JUSTINA,9,0,9
2009,JUSTINE,20,0,20
2009,KADENCE,20,0,20
2009,KAELYN,20,0,20
2009,KAI,110,104,6
2009,KAIA,19,0,19
2009,KAIJA,8,0,8
2009,KAILA,6,0,6
2009,KAILEE,6,0,6
2009,KAILEY,32,0,32
2009,KAILYN,24,0,24
2009,KAITLIN,19,0,19
2009,KAITLYN,173,0,173
2009,JULIANNA,75,0,75
2009,JIYA,22,0,22
2009,JULIANA,76,0,76
2009,JUDY,18,0,18
2009,JOANNE,14,0,14
2009,JOCELYN,49,0,49
2009,JOELLE,16,0,16
2009,JOHANNA,9,0,9
2009,JOLENE,10,0,10
2009,JOLIE,11,0,11
2009,JORDAN,278,223,55
2009,JORDIN,6,0,6
2009,JORDYN,105,0,105
2009,JORDYNN,8,0,8
2009,JORJA,39,0,39
2009,JOSEPHINE,42,0,42
2009,JOSIE,11,0,11
2009,JOURNEY,7,0,7
2009,JOVIE,6,0,6
2009,JOY,23,0,23
2009,JOYCE,25,0,25
2009,JUDE,69,63,6
2009,JUDITH,12,0,12
2009,JULIA,378,0,378
2009,GWYNETH,16,0,16
2009,JAIDYN,22,5,17
2009,JAIDA,16,0,16
2009,HARLOW,20,0,20
2009,HARMONY,42,0,42
2009,HARNOOR,16,0,16
2009,HARPER,17,0,17
2009,HARRIET,6,0,6
2009,HAVEN,17,6,11
2009,HAYA,13,0,13
2009,HAYDEN,314,258,56
2009,HAYLEE,31,0,31
2009,HAYLEIGH,10,0,10
2009,HAYLEY,50,0,50
2009,HAYLIE,9,0,9
2009,HAZEL,40,0,40
2009,HEATHER,14,0,14
2009,HEAVEN,9,0,9
2009,HEBA,8,0,8
2009,HEIDI,43,0,43
2009,HELEN,21,0,21
2009,HELENA,40,0,40
2009,HARLEY,27,16,11
2009,HIBA,13,0,13
2009,HARLEEN,12,0,12
2009,HANNAH,365,0,365
2009,HADLEY,10,0,10
2009,HAFSA,13,0,13
2009,HAFSAH,10,0,10
2009,HAILEE,20,0,20
2009,HAILEIGH,8,0,8
2009,HAILEY,327,0,327
2009,HAILIE,8,0,8
2009,HALA,12,0,12
2009,HALEY,42,0,42
2009,HALIMA,6,0,6
2009,HALLE,14,0,14
2009,HAMNA,6,0,6
2009,HANA,24,0,24
2009,HANAH,6,0,6
2009,HANAN,7,0,7
2009,HANEEN,7,0,7
2009,HANIA,10,0,10
2009,HANIYA,11,0,11
2009,HANNA,48,0,48
2009,HARINI,8,0,8
2009,JAIDEN,59,48,11
2009,HILLARY,7,0,7
2009,HOPE,55,0,55
2009,ISHA,14,0,14
2009,ISIS,9,0,9
2009,ISLA,115,0,115
2009,ISOBEL,21,0,21
2009,ISRA,11,0,11
2009,IVANA,10,0,10
2009,IVY,69,0,69
2009,IYLA,8,0,8
2009,IZABELA,7,0,7
2009,IZABELLA,46,0,46
2009,IZABELLE,11,0,11
2009,JACEY,10,0,10
2009,JACQUELINE,32,0,32
2009,JADA,41,0,41
2009,JADE,111,7,104
2009,JADEN,110,93,17
2009,JADYN,25,6,19
2009,JAELYN,22,0,22
2009,JAHZARA,7,0,7
2009,ISADORA,6,0,6
2009,HOLLY,50,0,50
2009,ISABELLE,259,0,259
2009,ISABELL,7,0,7
2009,HUDA,9,0,9
2009,HUNTER,271,260,11
2009,HUSNA,7,0,7
2009,IDA,7,0,7
2009,ILIANA,7,0,7
2009,IMAAN,10,0,10
2009,IMAN,17,0,17
2009,IMOGEN,10,0,10
2009,INAAYA,12,0,12
2009,INARA,9,0,9
2009,INAYA,14,0,14
2009,INDIRA,8,0,8
2009,IQRA,11,0,11
2009,IRELAND,13,0,13
2009,IRELYN,10,0,10
2009,IRENE,18,0,18
2009,IRIS,43,0,43
2009,ISABEL,104,0,104
2009,ISABELA,10,0,10
2009,ISABELLA,723,0,723
2009,CLOÉ,8,0,8
2009,CLOE,8,0,8
2009,CLAUDIA,36,0,36
2009,AMIRA,24,0,24
2009,AMIRAH,10,0,10
2009,AMIYAH,6,0,6
2009,AMNA,19,0,19
2009,AMRIT,18,8,10
2009,AMRITA,6,0,6
2009,AMY,98,0,98
2009,AMÉLIE,35,0,35
2009,ANA,41,0,41
2009,ANABEL,7,0,7
2009,ANABELLE,21,0,21
2009,ANAHITA,7,0,7
2009,ANANYA,9,0,9
2009,ANASTASIA,52,0,52
2009,ANAYA,40,0,40
2009,ANAÏS,8,0,8
2009,ANDIE,7,0,7
2009,ANDREA,76,7,69
2009,ANEESA,6,0,6
2009,AMINA,32,0,32
2009,ANGEL,71,16,55
2009,AMIA,6,0,6
2009,AMELIA,230,0,230
2009,ALORA,11,0,11
2009,ALTHEA,6,0,6
2009,ALYA,7,0,7
2009,ALYCIA,6,0,6
2009,ALYSA,6,0,6
2009,ALYSHA,13,0,13
2009,ALYSON,14,0,14
2009,ALYSSA,344,0,344
2009,ALYSSIA,8,0,8
2009,ALYVIA,11,0,11
2009,AMALIA,9,0,9
2009,AMANDA,74,0,74
2009,AMANI,10,0,10
2009,AMARA,23,0,23
2009,AMAYA,34,0,34
2009,AMAYAH,7,0,7
2009,AMBER,66,0,66
2009,AMEERA,8,0,8
2009,AMEERAH,6,0,6
2009,AMELIE,6,0,6
2009,ALMA,12,0,12
2009,ANGELA,62,0,62
2009,ANGELIKA,9,0,9
2009,ANNIKA,32,0,32
2009,ANTONELLA,6,0,6
2009,ANTONIA,11,0,11
2009,ANUSHKA,9,0,9
2009,ANYA,30,0,30
2009,AOIFE,7,0,7
2009,APRIL,18,0,18
2009,ARABELLA,19,0,19
2009,ARDEN,7,0,7
2009,AREEBA,10,0,10
2009,ARIA,24,0,24
2009,ARIANA,85,0,85
2009,ARIANNA,113,0,113
2009,ARIANNE,8,0,8
2009,ARIEL,40,0,40
2009,ARIELLA,14,0,14
2009,ARIELLE,34,0,34
2009,ARINA,7,0,7
2009,ARISA,6,0,6
2009,ANNIE,44,0,44
2009,ANGELICA,37,0,37
2009,ANNETTE,6,0,6
2009,ANNALISE,8,0,8
2009,ANGELINA,144,0,144
2009,ANGELINE,13,0,13
2009,ANGELIQUE,11,0,11
2009,ANGIE,14,0,14
2009,ANIA,6,0,6
2009,ANIELA,6,0,6
2009,ANIKA,32,0,32
2009,ANISA,13,0,13
2009,ANISHA,7,0,7
2009,ANISSA,9,0,9
2009,ANITA,15,0,15
2009,ANIYA,11,0,11
2009,ANIYAH,12,0,12
2009,ANJALI,21,0,21
2009,ANN,6,0,6
2009,ANNA,222,0,222
2009,ANNABEL,13,0,13
2009,ANNABELLA,31,0,31
2009,ANNABELLE,86,0,86
2009,ANNE,37,0,37
2009,ARISHA,10,0,10
2009,ALLYSSA,10,0,10
2009,ALLY,13,0,13
2009,ADIA,8,0,8
2009,ADINA,9,0,9
2009,ADISON,9,0,9
2009,ADITI,12,0,12
2009,ADRIA,6,0,6
2009,ADRIANA,67,0,67
2009,ADRIANNA,66,0,66
2009,ADRIENNE,11,0,11
2009,ADYSON,7,0,7
2009,ADÈLE,6,0,6
2009,AGATHA,10,0,10
2009,AIKAM,14,6,8
2009,AILA,8,0,8
2009,AILI,6,0,6
2009,AIMEE,12,0,12
2009,AINSLEY,50,0,50
2009,AINSLIE,7,0,7
2009,AISHA,44,0,44
2009,AISHWARYA,8,0,8
2009,ADELYN,14,0,14
2009,AISLINN,8,0,8
2009,ADELLE,6,0,6
2009,ADELE,14,0,14
2009,AANYA,10,0,10
2009,ABAGAIL,11,0,11
2009,ABBEY,13,0,13
2009,ABBIE,11,0,11
2009,ABBIGAIL,34,0,34
2009,ABBIGALE,10,0,10
2009,ABBIGAYLE,6,0,6
2009,ABBY,61,0,61
2009,ABBYGAIL,14,0,14
2009,ABIGAIL,602,0,602
2009,ABIGALE,11,0,11
2009,ABIGAYLE,24,0,24
2009,ABISHA,11,0,11
2009,ABRIELLE,10,0,10
2009,ADA,11,0,11
2009,ADDISON,318,9,309
2009,ADDISYN,23,0,23
2009,ADDYSON,33,0,33
2009,ADELAIDE,37,0,37
2009,ADELINE,13,0,13
2009,ALLYSON,16,0,16
2009,AISLYN,9,0,9
2009,ALAA,6,0,6
2009,ALEXYS,6,0,6
2009,ALI,136,129,7
2009,ALIA,20,0,20
2009,ALIAH,8,0,8
2009,ALICE,88,0,88
2009,ALICIA,50,0,50
2009,ALINA,59,0,59
2009,ALISA,18,0,18
2009,ALISHA,42,0,42
2009,ALISHBA,13,0,13
2009,ALISON,39,0,39
2009,ALISSA,15,0,15
2009,ALIVIA,46,0,46
2009,ALIYA,40,0,40
2009,ALIYAH,79,0,79
2009,ALIZA,18,0,18
2009,ALLEGRA,11,0,11
2009,ALLIE,26,0,26
2009,ALLISON,75,0,75
2009,ALEXUS,8,0,8
2009,AKSHAYA,9,0,9
2009,ALEXIS,457,20,437
2009,ALEXIA,87,0,87
2009,ALAINA,24,0,24
2009,ALANA,27,0,27
2009,ALANAH,8,0,8
2009,ALANNA,15,0,15
2009,ALANNAH,13,0,13
2009,ALAYAH,7,0,7
2009,ALAYNA,21,0,21
2009,ALEAH,12,0,12
2009,ALEENA,51,0,51
2009,ALEEZA,15,0,15
2009,ALEIGHA,10,0,10
2009,ALEKSANDRA,7,0,7
2009,ALENA,15,0,15
2009,ALESSANDRA,30,0,30
2009,ALESSIA,65,0,65
2009,ALEX,155,148,7
2009,ALEXA,140,0,140
2009,ALEXANDRA,226,0,226
2009,ALEXANDRIA,41,0,41
2009,ALEXIE,10,0,10
2009,ARIYA,9,0,9
2009,AROUSH,7,0,7
2009,ARWA,11,0,11
2009,CARLEY,18,0,18
2009,CARLIE,6,0,6
2009,CARLY,52,0,52
2009,CARMEN,23,0,23
2009,CAROL,9,0,9
2009,CAROLINA,7,0,7
2009,CAROLINE,28,0,28
2009,CAROLYN,9,0,9
2009,CARRINGTON,6,0,6
2009,CARYS,30,0,30
2009,CASEY,32,17,15
2009,CASSANDRA,64,0,64
2009,CASSIDY,62,0,62
2009,CASSIE,14,0,14
2009,CATALINA,8,0,8
2009,CATE,9,0,9
2009,CATERINA,6,0,6
2009,CATHERINE,65,0,65
2009,CATHY,10,0,10
2009,CARLEIGH,6,0,6
2009,CAYDENCE,11,0,11
2009,CARLEE,6,0,6
2009,CARISSA,18,0,18
2009,CAILYN,14,0,14
2009,CAITLIN,43,0,43
2009,CAITLYN,54,0,54
2009,CAITLYNN,7,0,7
2009,CALEIGH,25,0,25
2009,CALI,31,0,31
2009,CALISTA,12,0,12
2009,CALLEIGH,18,0,18
2009,CALLIA,7,0,7
2009,CALLIE,54,0,54
2009,CAMERON,368,343,25
2009,CAMILA,25,0,25
2009,CAMILLA,13,0,13
2009,CAMILLE,33,0,33
2009,CAMRYN,40,0,40
2009,CANDICE,10,0,10
2009,CAPRI,8,0,8
2009,CARA,46,0,46
2009,CARINA,15,0,15
2009,CARLA,11,0,11
2009,CAELYN,6,0,6
2009,CAYLA,7,0,7
2009,CECILIA,18,0,18
2009,CHELSEA,128,0,128
2009,CHELSEY,9,0,9
2009,CHERYL,7,0,7
2009,CHEYANNE,14,0,14
2009,CHEYENNE,33,0,33
2009,CHIARA,41,0,41
2009,CHLOE,526,0,526
2009,CHLOEE,6,0,6
2009,CHLOÉ,50,0,50
2009,CHLOË,14,0,14
2009,CHRISTINA,96,0,96
2009,CHRISTINE,26,0,26
2009,CIARA,48,0,48
2009,CIERRA,9,0,9
2009,CINDY,15,0,15
2009,CLAIRE,285,0,285
2009,CLARA,93,0,93
2009,CLARE,22,0,22
2009,CLARISSA,7,0,7
2009,CHAYA,6,0,6
2009,CAYLEE,16,0,16
2009,CHARMAINE,6,0,6
2009,CHARLIZE,19,0,19
2009,CECILY,6,0,6
2009,CELESTE,18,0,18
2009,CELIA,14,0,14
2009,CELINA,22,0,22
2009,CELINE,27,0,27
2009,CHANA,8,0,8
2009,CHANEL,11,0,11
2009,CHANELLE,9,0,9
2009,CHANTAL,9,0,9
2009,CHANTEL,7,0,7
2009,CHANTELLE,7,0,7
2009,CHARIS,9,0,9
2009,CHARITY,12,0,12
2009,CHARLEE,22,0,22
2009,CHARLEIGH,11,0,11
2009,CHARLENE,6,0,6
2009,CHARLEY,14,0,14
2009,CHARLI,9,0,9
2009,CHARLIE,146,93,53
2009,CHARLOTTE,357,0,357
2009,CADENCE,64,0,64
2009,BÉATRICE,7,0,7
2009,BRYNN,40,0,40
2009,AUGUST,13,6,7
2009,AURORA,67,0,67
2009,AUTUMN,86,0,86
2009,AVA,764,0,764
2009,AVAH,18,0,18
2009,AVALON,8,0,8
2009,AVALYN,7,0,7
2009,AVANI,6,0,6
2009,AVERI,6,0,6
2009,AVERIE,11,0,11
2009,AVERY,399,78,321
2009,AVIA,6,0,6
2009,AVNEET,12,0,12
2009,AYA,27,0,27
2009,AYAH,14,0,14
2009,AYANA,8,0,8
2009,AYANNA,13,0,13
2009,AYDA,6,0,6
2009,AYESHA,39,0,39
2009,AUDRINA,16,0,16
2009,AYLA,54,0,54
2009,AUDREY,199,0,199
2009,AUBREE,10,0,10
2009,ARWEN,9,0,9
2009,ARYA,32,12,20
2009,ARYANA,28,0,28
2009,ARYANNA,17,0,17
2009,ASHA,18,0,18
2009,ASHLEE,11,0,11
2009,ASHLEEN,7,0,7
2009,ASHLEIGH,7,0,7
2009,ASHLEY,153,0,153
2009,ASHLYN,57,0,57
2009,ASHLYNN,37,0,37
2009,ASHNA,6,0,6
2009,ASHTYN,11,5,6
2009,ASIA,23,0,23
2009,ASIYA,10,0,10
2009,ASMA,6,0,6
2009,ASPEN,6,0,6
2009,ASTRID,6,0,6
2009,ATHENA,46,0,46
2009,AUBREY,68,6,62
2009,AYSHA,11,0,11
2009,AYVA,7,0,7
2009,AZARIA,7,0,7
2009,BRIANNA,162,0,162
2009,BRIANNE,11,0,11
2009,BRIAR,18,0,18
2009,BRIDGET,30,0,30
2009,BRIDGETTE,7,0,7
2009,BRIELLE,26,0,26
2009,BRIGITTE,6,0,6
2009,BRINLEY,9,0,9
2009,BRITTANY,6,0,6
2009,BRONWYN,33,0,33
2009,BROOK,9,0,9
2009,BROOKE,227,0,227
2009,BROOKE-LYNN,9,0,9
2009,BROOKELYN,7,0,7
2009,BROOKELYNN,10,0,10
2009,BROOKLYN,228,6,222
2009,BROOKLYNN,71,0,71
2009,BROOKLYNNE,8,0,8
2009,BRYANNA,7,0,7
2009,BRIANA,22,0,22
2009,BRIA,10,0,10
2009,BRENNA,16,0,16
2009,BREE,15,0,15
2009,BAILEE,7,0,7
2009,BAILEY,58,12,46
2009,BARBARA,11,0,11
2009,BATOUL,6,0,6
2009,BEATRICE,33,0,33
2009,BEATRIX,7,0,7
2009,BELLA,71,0,71
2009,BELLE,8,0,8
2009,BERNICE,9,0,9
2009,KAITLYNN,14,0,14
2009,BETHANY,37,0,37
2009,BIANCA,94,0,94
2009,BIANKA,6,0,6
2009,BLAIR,20,8,12
2009,BLAKE,171,164,7
2009,BLYTHE,6,0,6
2009,BRAELYN,7,0,7
2009,BREA,9,0,9
2009,BREANNA,52,0,52
2009,BREANNE,7,0,7
2009,BETHEL,10,0,10
2009,KAIYA,16,0,16
2009,KALEIGH,13,0,13
2009,KALEY,7,0,7
2009,ROSALIND,6,0,6
2009,ROSE,58,0,58
2009,ROSELYN,6,0,6
2009,ROSEMARY,18,0,18
2009,ROWAN,141,95,46
2009,ROXANNA,10,0,10
2009,ROXANNE,13,0,13
2009,RUBY,108,0,108
2009,RUTH,28,0,28
2009,RYAN,629,622,7
2009,RYANN,9,0,9
2009,RYANNE,6,0,6
2009,RYEN,8,0,8
2009,RYLAN,87,72,15
2009,RYLEE,80,13,67
2009,RYLEIGH,46,0,46
2009,RYLEY,29,18,11
2009,RYLIE,23,5,18
2009,RYLYNN,11,0,11
2009,ROSALIE,23,0,23
2009,SAANVI,6,0,6
2009,ROSA,6,0,6
2009,ROCHELLE,7,0,7
2009,REINA,9,0,9
2009,RENEE,24,0,24
2009,RENÉE,9,0,9
2009,RHEA,23,0,23
2009,RHIANNA,9,0,9
2009,RHIANNON,10,0,10
2009,RHYAN,7,0,7
2009,RHYS,58,52,6
2009,RIA,33,0,33
2009,RIANNA,12,0,12
2009,RIANNE,7,0,7
2009,RIDA,11,0,11
2009,RIHANNA,21,0,21
2009,RILEY,307,207,100
2009,RITA,11,0,11
2009,RIVER,32,19,13
2009,RIYA,31,0,31
2009,ROBIN,23,15,8
2009,ROBYN,25,0,25
2009,RORY,44,25,19
2009,REGINA,6,0,6
2009,SABINA,13,0,13
2009,SABRINA,100,0,100
2009,SANIYA,6,0,6
2009,SANIYAH,6,0,6
2009,SANVI,8,0,8
2009,SAOIRSE,9,0,9
2009,SAPHIRA,12,0,12
2009,SARA,176,0,176
2009,SARAH,477,0,477
2009,SARAI,6,0,6
2009,SARIAH,7,0,7
2009,SARINA,27,0,27
2009,SASHA,61,10,51
2009,SAVANAH,7,0,7
2009,SAVANNA,25,0,25
2009,SAVANNAH,132,0,132
2009,SAWYER,75,66,9
2009,SCARLET,14,0,14
2009,SCARLETT,93,0,93
2009,SEANNA,7,0,7
2009,SELENA,66,0,66
2009,SANDRINE,6,0,6
2009,SABINE,6,0,6
2009,SANDRA,14,0,14
2009,SAMIYA,6,0,6
2009,SADIE,150,0,150
2009,SAFA,14,0,14
2009,SAFIA,7,0,7
2009,SAFIYA,10,0,10
2009,SAGE,31,5,26
2009,SAHANA,11,0,11
2009,SAHAR,10,0,10
2009,SAHARA,7,0,7
2009,SAIGE,14,0,14
2009,SAKINA,12,0,12
2009,SALENA,7,0,7
2009,SALLY,7,0,7
2009,SALMA,19,0,19
2009,SAMA,6,0,6
2009,SAMAIRA,7,0,7
2009,SAMANTHA,310,0,310
2009,SAMARA,20,0,20
2009,SAMIA,8,0,8
2009,SAMIRA,11,0,11
2009,SANA,23,0,23
2009,SELINA,38,0,38
2009,REGAN,17,5,12
2009,REESE,97,14,83
2009,OCEAN,18,5,13
2009,OLIVE,19,0,19
2009,OLIVIA,967,0,967
2009,OPHELIA,9,0,9
2009,PAIGE,203,0,203
2009,PAISLEY,26,0,26
2009,PAITYN,19,0,19
2009,PARIS,10,0,10
2009,PARKER,162,147,15
2009,PARNEET,10,0,10
2009,PATIENCE,12,0,12
2009,PATRICIA,15,0,15
2009,PAULA,8,0,8
2009,PAULINA,10,0,10
2009,PAULINE,6,0,6
2009,PAYDEN,6,0,6
2009,PAYTEN,10,0,10
2009,PAYTON,165,23,142
2009,PEARL,13,0,13
2009,NYLAH,13,0,13
2009,PEIGHTON,10,0,10
2009,NYLA,28,0,28
2009,NYA,11,0,11
2009,NICOLE,179,0,179
2009,NICOLETTA,9,0,9
2009,NICOLETTE,9,0,9
2009,NIKA,10,0,10
2009,NIKI,10,0,10
2009,NIKITA,21,10,11
2009,NIKKI,8,0,8
2009,NIKOLINA,6,0,6
2009,NINA,39,0,39
2009,NOA,27,0,27
2009,NOELLA,7,0,7
2009,NOELLE,25,0,25
2009,NOLA,7,0,7
2009,NOOR,40,5,35
2009,NORA,55,0,55
2009,NORAH,57,0,57
2009,NOUR,13,0,13
2009,NOVA,11,0,11
2009,NOÉMIE,9,0,9
2009,NYAH,14,0,14
2009,REET,14,0,14
2009,PENELOPE,30,0,30
2009,PEYTON,230,39,191
2009,RAINA,17,0,17
2009,RAINE,19,12,7
2009,RAMONA,7,0,7
2009,RANEEM,7,0,7
2009,RANIA,15,0,15
2009,RAPHAËLLE,8,0,8
2009,RAQUEL,17,0,17
2009,RAVEN,11,0,11
2009,RAVNEET,9,0,9
2009,RAYA,24,0,24
2009,RAYNA,19,0,19
2009,RAYNE,30,10,20
2009,RAYYAN,55,46,9
2009,REAGAN,29,5,24
2009,REBECCA,125,0,125
2009,REBEKA,7,0,7
2009,REBEKAH,30,0,30
2009,REECE,29,21,8
2009,REEM,12,0,12
2009,RAIN,7,0,7
2009,PETRA,11,0,11
2009,RAHMA,7,0,7
2009,RACHEL,295,0,295
2009,PHOEBE,25,0,25
2009,PHOENIX,73,49,24
2009,PIA,6,0,6
2009,PIPER,61,0,61
2009,POLINA,8,0,8
2009,POOJA,7,0,7
2009,POPPY,9,0,9
2009,PORTIA,12,0,12
2009,PRABHLEEN,7,0,7
2009,PRECIOUS,7,0,7
2009,PRESLEY,32,5,27
2009,PRISCILLA,18,0,18
2009,PRISHA,9,0,9
2009,PRIYA,18,0,18
2009,PYPER,8,0,8
2009,PÉNÉLOPE,7,0,7
2009,QUINN,152,113,39
2009,RABIA,8,0,8
2009,RACHAEL,45,0,45
2009,RACHELLE,11,0,11
2009,SEPHORA,9,0,9
2009,SERAPHINA,7,0,7
2009,SERENA,98,0,98
2009,TIYA,6,0,6
2009,TORI,11,0,11
2009,TRACY,10,0,10
2009,TRINITY,89,0,89
2009,TRISHA,11,0,11
2009,TRISTAN,313,307,6
2009,TRUDY,8,0,8
2009,TYLER,381,375,6
2009,TYRA,7,0,7
2009,TÉA,12,0,12
2009,UMA,6,0,6
2009,VALENTINA,56,0,56
2009,VALERIA,19,0,19
2009,VALERIE,36,0,36
2009,VANESSA,146,0,146
2009,VENUS,7,0,7
2009,VERA,13,0,13
2009,VERONICA,65,0,65
2009,VERONIKA,15,0,15
2009,TINA,40,0,40
2009,VICTORIA,363,0,363
2009,TIFFANY,65,0,65
2009,TIANNA,31,0,31
2009,TAYA,32,0,32
2009,TAYAH,9,0,9
2009,TAYLA,18,0,18
2009,TAYLOR,293,39,254
2009,TEAGAN,81,18,63
2009,TEAGHAN,10,0,10
2009,TEAH,6,0,6
2009,TEGAN,23,7,16
2009,TEHYA,7,0,7
2009,TENZIN,22,13,9
2009,TERESA,15,0,15
2009,TESS,16,0,16
2009,TESSA,79,0,79
2009,TEYA,9,0,9
2009,THALIA,15,0,15
2009,THEA,18,0,18
2009,THERESA,14,0,14
2009,THERESE,6,0,6
2009,TIA,39,0,39
2009,TIARA,6,0,6
2009,TATYANA,6,0,6
2009,VIENNA,26,0,26
2009,VIOLA,9,0,9
2009,ZAINA,19,0,19
2009,ZAINAB,76,0,76
2009,ZARA,73,0,73
2009,ZAYNA,7,0,7
2009,ZAYNAB,14,0,14
2009,ZEINAB,14,0,14
2009,ZIA,7,0,7
2009,ZOE,146,0,146
2009,ZOEY,116,0,116
2009,ZOHA,15,0,15
2009,ZOIE,7,0,7
2009,ZOYA,27,0,27
2009,ZOÉ,35,0,35
2009,ZOË,39,0,39
2009,ÉLISE,7,0,7
2009,ÉLODIE,9,0,9
2009,ÉMILIE,15,0,15
2009,ÉVA,6,0,6
2009,RAYAN,50,50,0
2009,ZAHRAA,6,0,6
2009,VIKTORIA,10,0,10
2009,ZAHRA,58,0,58
2009,YUNA,6,0,6
2009,VIOLET,111,0,111
2009,VIVIAN,66,0,66
2009,VIVIANA,7,0,7
2009,VIVIEN,6,0,6
2009,VIVIENNE,36,0,36
2009,WENDY,9,0,9
2009,WHITNEY,9,0,9
2009,WILLA,8,0,8
2009,WILLOW,64,0,64
2009,WINNIE,6,0,6
2009,WINTER,6,0,6
2009,YAEL,11,0,11
2009,YARA,18,0,18
2009,YASHVI,6,0,6
2009,YASMEEN,17,0,17
2009,YASMIN,21,0,21
2009,YASMINA,6,0,6
2009,YASMINE,27,0,27
2009,YUMNA,6,0,6
2009,YUSRA,13,0,13
2009,TATUM,17,0,17
2009,TATIANA,38,0,38
2009,TASNEEM,9,0,9
2009,SHIRLEY,7,0,7
2009,SHIVANI,6,0,6
2009,SHREYA,20,0,20
2009,SHYANN,6,0,6
2009,SHYANNE,15,0,15
2009,SHYLA,30,0,30
2009,SHYLAH,7,0,7
2009,SIANNA,8,0,8
2009,SIDNEY,22,8,14
2009,SIENA,33,0,33
2009,SIENNA,135,0,135
2009,SIERA,8,0,8
2009,SIERRA,139,0,139
2009,SIMAR,11,0,11
2009,SIMONA,22,0,22
2009,SIMONE,25,0,25
2009,SIMRA,13,0,13
2009,SIMRAN,23,0,23
2009,SIMRAT,10,0,10
2009,SHILOH,23,0,23
2009,SIYA,10,0,10
2009,SHEZA,10,0,10
2009,SHELBY,53,0,53
2009,SERENE,9,0,9
2009,SERENITY,45,0,45
2009,SHAE,6,0,6
2009,SHAELYN,17,0,17
2009,SHAINA,7,0,7
2009,SHAKIRA,6,0,6
2009,SHANAYA,6,0,6
2009,SHANELLE,7,0,7
2009,SHANIA,9,0,9
2009,SHANNON,25,0,25
2009,SHANZAY,6,0,6
2009,SHARON,16,0,16
2009,SHAUNA,11,0,11
2009,SHAWNA,6,0,6
2009,SHAY,9,0,9
2009,SHAYLA,24,0,24
2009,SHAYLYNN,6,0,6
2009,SHAYNA,10,0,10
2009,SHAYNE,6,0,6
2009,SHERRY,6,0,6
2009,SKYE,25,0,25
2009,SKYLA,19,0,19
2009,SKYLAR,49,16,33
2009,SYDNEY,246,9,237
2009,SYEDA,18,0,18
2009,SYLVIA,16,0,16
2009,TABITHA,7,0,7
2009,TAHLIA,7,0,7
2009,TAIYA,7,0,7
2009,TALA,15,0,15
2009,TALIA,48,0,48
2009,TALIAH,7,0,7
2009,TALIYAH,14,0,14
2009,TALYA,6,0,6
2009,TAMARA,19,0,19
2009,TAMIA,6,0,6
2009,TANIA,10,0,10
2009,TANISHA,16,0,16
2009,TANYA,17,0,17
2009,TARA,38,0,38
2009,TARYN,14,0,14
2009,TASHA,6,0,6
2009,SYDNEE,9,0,9
2009,SUSANNA,7,0,7
2009,SUSANA,10,0,10
2009,SUSAN,15,0,15
2009,SKYLER,33,25,8
2009,SLOAN,9,0,9
2009,SLOANE,21,0,21
2009,SOFIA,318,0,318
2009,SOFIE,17,0,17
2009,SOHA,14,0,14
2009,SOLEIL,14,0,14
2009,SONIA,21,0,21
2009,SONYA,10,0,10
2009,NICHOLE,6,0,6
2009,SOPHIA,658,0,658
2009,SORAYA,11,0,11
2009,STACEY,9,0,9
2009,STEFANIA,9,0,9
2009,STELLA,112,0,112
2009,STEPHANIE,68,0,68
2009,SUMAYA,10,0,10
2009,SUMMER,90,0,90
2009,SUNNY,15,9,6
2009,SURI,6,0,6
2009,SOPHIE,466,0,466
2009,AAMINAH,7,0,7
2009,NIA,33,0,33
2009,NEVE,24,0,24
2009,LAYNE,13,7,6
2009,LEA,19,0,19
2009,LEAH,410,0,410
2009,LEANNA,21,0,21
2009,LEANNE,22,0,22
2009,LEEN,10,0,10
2009,LEENA,17,0,17
2009,LEIA,23,0,23
2009,LEIGHA,11,0,11
2009,LEIGHTON,11,0,11
2009,LEILA,58,0,58
2009,LEILANI,8,0,8
2009,LENA,29,0,29
2009,LEONA,17,0,17
2009,LESLIE,7,0,7
2009,LEXI,30,0,30
2009,LEXIE,18,0,18
2009,LEYA,8,0,8
2009,LEYLA,14,0,14
2009,LAYLAH,6,0,6
2009,LIA,60,0,60
2009,LAYLA,161,0,161
2009,LAYA,12,0,12
2009,KYLEIGH,8,0,8
2009,KYLIE,116,0,116
2009,KYRA,42,0,42
2009,LAAIBAH,6,0,6
2009,LACEY,23,0,23
2009,LAIBA,21,0,21
2009,LAILA,62,0,62
2009,LAILAH,7,0,7
2009,LAINE,6,0,6
2009,LAINEY,6,0,6
2009,LAMAR,8,0,8
2009,LANA,38,0,38
2009,LARA,50,0,50
2009,LARISSA,20,0,20
2009,LAURA,92,0,92
2009,LAUREL,7,0,7
2009,LAUREN,305,0,305
2009,LAURENCE,8,0,8
2009,LAURYN,28,0,28
2009,LAYAN,11,0,11
2009,KYLEE,27,0,27
2009,LIAH,7,0,7
2009,LIANNA,7,0,7
2009,LISA,32,0,32
2009,LIV,10,0,10
2009,LIVIA,22,0,22
2009,LIYA,8,0,8
2009,LIYANA,6,0,6
2009,LOGAN,690,660,30
2009,LOLA,52,0,52
2009,LONDON,52,14,38
2009,LONDYN,7,0,7
2009,LORELAI,15,0,15
2009,LORELEI,9,0,9
2009,LORENA,6,0,6
2009,LORI,6,0,6
2009,LOUISA,10,0,10
2009,LOUISE,9,0,9
2009,LUCIA,22,0,22
2009,LUCIE,11,0,11
2009,LUCILLE,10,0,10
2009,LUCINDA,6,0,6
2009,LINDSEY,13,0,13
2009,LIANA,23,0,23
2009,LINDSAY,25,0,25
2009,LINA,32,0,32
2009,LIBBY,12,0,12
2009,LIBERTY,13,0,13
2009,LILA,57,0,57
2009,LILAH,32,0,32
2009,LILIA,17,0,17
2009,LILIAN,30,0,30
2009,LILIANA,38,0,38
2009,LILIANNA,11,0,11
2009,LILITH,10,0,10
2009,LILLI,6,0,6
2009,LILLIAN,128,0,128
2009,LILLIANA,6,0,6
2009,LILLIANNA,8,0,8
2009,LILLIE,8,0,8
2009,LILLY,79,0,79
2009,LILY,438,0,438
2009,LILYAN,7,0,7
2009,LILYANA,8,0,8
2009,LILYANNA,10,0,10
2009,LINDA,14,0,14
2009,LUCY,106,0,106
2009,KYLA,68,0,68
2009,KRYSTAL,8,0,8
2009,KATELIN,8,0,8
2009,KATELYN,117,0,117
2009,KATELYNN,14,0,14
2009,KATERINA,23,0,23
2009,KATHARINE,10,0,10
2009,KATHERINE,139,0,139
2009,KATHLEEN,29,0,29
2009,KATHRYN,39,0,39
2009,KATHY,9,0,9
2009,KATIE,78,0,78
2009,KATRINA,25,0,25
2009,KAVYA,6,0,6
2009,KAYA,39,6,33
2009,KAYCEE,7,0,7
2009,KAYDEN,123,113,10
2009,KAYDENCE,28,0,28
2009,KAYLA,203,0,203
2009,KAYLEE,134,0,134
2009,KAYLEIGH,50,0,50
2009,KATE,121,0,121
2009,KAYLEY,16,0,16
2009,KATARINA,23,0,23
2009,KASSANDRA,12,0,12
2009,KALI,20,0,20
2009,KALIA,9,0,9
2009,KALINA,6,0,6
2009,KALISTA,6,0,6
2009,KALLIE,12,0,12
2009,KAMRYN,16,0,16
2009,KARA,61,0,61
2009,KARAH,6,0,6
2009,KAREENA,7,0,7
2009,KAREN,21,0,21
2009,KARINA,35,0,35
2009,KARISHMA,8,0,8
2009,KARISSA,17,0,17
2009,KARLA,8,0,8
2009,KARLY,6,0,6
2009,KAROLINA,6,0,6
2009,KARYS,7,0,7
2009,KASEY,19,8,11
2009,KASIA,6,0,6
2009,KASSIDY,18,0,18
2009,KYA,9,0,9
2009,KAYLIE,23,0,23
2009,KAYLYN,9,0,9
2009,KIANA,34,0,34
2009,KIANNA,14,0,14
2009,KIARA,68,0,68
2009,KIERA,52,0,52
2009,KIERRA,8,0,8
2009,KIERSTEN,15,0,15
2009,KILEY,9,0,9
2009,KIMBERLY,25,0,25
2009,KINLEY,7,0,7
2009,KINZA,6,0,6
2009,KIRA,47,0,47
2009,KIRSTEN,12,0,12
2009,KLARA,10,0,10
2009,KRISHA,12,0,12
2009,KRISTA,9,0,9
2009,KRISTEN,16,0,16
2009,KRISTIN,7,0,7
2009,KRISTINA,27,0,27
2009,KRISTINE,10,0,10
2009,KHUSHI,11,0,11
2009,KAYLIN,12,0,12
2009,KHLOE,28,0,28
2009,KHADIJAH,10,0,10
2009,KEANNA,6,0,6
2009,KEARA,7,0,7
2009,KEELEY,10,0,10
2009,KEELY,11,0,11
2009,KEIRA,175,0,175
2009,KEISHA,12,0,12
2009,KELLY,40,7,33
2009,KELSEY,23,0,23
2009,KENADIE,7,0,7
2009,KENDAL,7,0,7
2009,KENDALL,24,0,24
2009,KENDRA,59,0,59
2009,KENNEDY,76,0,76
2009,KENYA,6,0,6
2009,KENZIE,16,0,16
2009,KEYA,7,0,7
2009,KEZIAH,15,0,15
2009,KHADEEJA,9,0,9
2009,KHADIJA,19,0,19
2009,KHERINGTON,7,0,7
2009,LUNA,10,0,10
2009,LYDIA,63,0,63
2009,LYLA,81,0,81
2009,MELANIE,41,0,41
2009,MELIA,7,0,7
2009,MELINA,30,0,30
2009,MELINDA,11,0,11
2009,MELISSA,62,0,62
2009,MELODIE,9,0,9
2009,MELODY,50,0,50
2009,MERCEDES,17,0,17
2009,MEREDITH,16,0,16
2009,MIA,301,0,301
2009,MIAH,15,0,15
2009,MICAELA,14,0,14
2009,MICHAELA,50,0,50
2009,MICHELLE,112,0,112
2009,MIKA,25,5,20
2009,MIKAELA,46,0,46
2009,MIKAYLA,105,0,105
2009,MILA,48,0,48
2009,MILANA,15,0,15
2009,MEHAR,7,0,7
2009,MILENA,22,0,22
2009,MEGHAN,61,0,61
2009,MEERA,13,0,13
2009,MARTINA,15,0,15
2009,MARWA,21,0,21
2009,MARY,75,0,75
2009,MARYAM,88,0,88
2009,MARYANN,7,0,7
2009,MARYN,6,0,6
2009,MATILDA,22,0,22
2009,MATTEA,16,0,16
2009,MAUDE,10,0,10
2009,MAXINE,10,0,10
2009,MAYA,414,0,414
2009,MAYAH,6,0,6
2009,MCKAYLA,13,0,13
2009,MCKENNA,36,0,36
2009,MCKENZIE,19,0,19
2009,MEADOW,28,0,28
2009,MEAGAN,19,0,19
2009,MEAGHAN,10,0,10
2009,MEENA,7,0,7
2009,MEGAN,179,0,179
2009,MARTHA,22,0,22
2009,MILEY,37,0,37
2009,MINA,19,0,19
2009,NADA,6,0,6
2009,NADIA,58,0,58
2009,NADINE,10,0,10
2009,NAHLA,13,0,13
2009,NAIMA,8,0,8
2009,NANCY,20,0,20
2009,NAOMI,166,0,166
2009,NATALEE,7,0,7
2009,NATALIA,75,0,75
2009,NATALIE,213,0,213
2009,NATALYA,7,0,7
2009,NATASHA,66,0,66
2009,NATHALIE,9,0,9
2009,NAYA,11,0,11
2009,NEHA,11,0,11
2009,NELLA,9,0,9
2009,NELLIE,6,0,6
2009,NELLY,8,0,8
2009,NEVAEH,152,0,152
2009,NABIHA,10,0,10
2009,MILLA,7,0,7
2009,NABEEHA,7,0,7
2009,MYSHA,9,0,9
2009,MIRA,27,0,27
2009,MIRANDA,27,0,27
2009,MIRIAM,35,0,35
2009,MISHA,10,0,10
2009,MIYA,31,0,31
2009,MOLLY,95,0,95
2009,MONICA,46,0,46
2009,MONIKA,6,0,6
2009,MONIQUE,6,0,6
2009,MORGAN,153,36,117
2009,MORIAH,6,0,6
2009,MUSKAAN,6,0,6
2009,MUSKAN,8,0,8
2009,MYA,278,0,278
2009,MYAH,33,0,33
2009,MYLA,40,0,40
2009,MYLEE,8,0,8
2009,MYRA,16,0,16
2009,MYRIAM,11,0,11
2009,MÉLODIE,9,0,9
2009,MARLOWE,12,0,12
2009,MARLO,6,0,6
2009,MARLIE,7,0,7
2009,MADISON,493,0,493
2009,MADISYN,28,0,28
2009,MADYSON,24,0,24
2009,MAE,7,0,7
2009,MAEVA,7,0,7
2009,MAEVE,52,0,52
2009,MAGALIE,7,0,7
2009,MAGDALENA,7,0,7
2009,MAGGIE,52,0,52
2009,MAHA,10,0,10
2009,MAHAM,6,0,6
2009,MAHEEN,11,0,11
2009,MAHEK,6,0,6
2009,MAHI,16,0,16
2009,MAHNOOR,12,0,12
2009,MAIA,45,0,45
2009,MAIJA,6,0,6
2009,MAIRA,19,0,19
2009,MAISIE,11,0,11
2009,MADINA,8,0,8
2009,MAIYA,16,0,16
2009,MADILYN,22,0,22
2009,MADELYNE,6,0,6
2009,LYLAH,14,0,14
2009,LYNN,7,0,7
2009,LYRA,15,0,15
2009,LYRIC,16,7,9
2009,LÉA,15,0,15
2009,MABEL,9,0,9
2009,MACEY,11,0,11
2009,MACIE,8,0,8
2009,MACKENNA,9,0,9
2009,MACKENZIE,225,21,204
2009,MACY,30,0,30
2009,MADALYN,14,0,14
2009,MADDALENA,6,0,6
2009,MADDISON,52,0,52
2009,MADDYSON,6,0,6
2009,MADELAINE,14,0,14
2009,MADELEINE,94,0,94
2009,MADELINE,156,0,156
2009,MADELYN,131,0,131
2009,MADELYNN,25,0,25
2009,MAJA,11,0,11
2009,MAKAYLA,168,0,168
2009,MAKENA,9,0,9
2009,MARIAH,49,0,49
2009,MARIAM,78,0,78
2009,MARIANA,22,0,22
2009,MARIANNA,8,0,8
2009,MARIANNE,14,0,14
2009,MARIE,24,0,24
2009,MARIELLA,7,0,7
2009,MARIELLE,7,0,7
2009,MARIKA,7,0,7
2009,MARILYN,7,0,7
2009,MARIN,7,0,7
2009,MARINA,26,0,26
2009,MARISA,18,0,18
2009,MARISSA,74,0,74
2009,MARIYA,6,0,6
2009,MARLEE,26,0,26
2009,MARLEIGH,8,0,8
2009,MARLENE,7,0,7
2009,MARLEY,54,5,49
2009,MARIA,167,0,167
2009,MARGOT,7,0,7
2009,MARGARET,61,0,61
2009,MAREN,7,0,7
2009,MAKENNA,37,0,37
2009,MAKENZIE,20,0,20
2009,MALAIKA,15,0,15
2009,MALAK,36,0,36
2009,MALAYA,10,0,10
2009,MALEAH,8,0,8
2009,MALEEHA,7,0,7
2009,MALIA,36,0,36
2009,MALIAH,8,0,8
2009,NEVEAH,6,0,6
2009,MALIHA,11,0,11
2009,MALIYA,11,0,11
2009,MALIYAH,14,0,14
2009,MALLORY,16,0,16
2009,MANAAL,7,0,7
2009,MANHA,16,0,16
2009,MANNAT,18,0,18
2009,MANREET,6,0,6
2009,MARA,23,0,23
2009,MARCELLA,8,0,8
2009,MALINA,8,0,8
2009,AALIYAH,98,0,98
2009,TIANA,35,0,35
2009,RAYHAN,6,6,0
2009,TRAVIS,79,79,0
2009,TRACE,9,9,0
2009,TONY,22,22,0
2009,TOMMY,11,11,0
2009,TOMAS,21,21,0
2009,TOM,6,6,0
2009,TOBIN,7,7,0
2009,TOBIAS,21,21,0
2009,TITUS,12,12,0
2009,TIMOTHY,74,74,0
2009,TIERNAN,8,8,0
2009,TIAGO,25,25,0
2009,THOMAS,304,304,0
2009,THEODORE,44,44,0
2009,THEODOR,5,5,0
2009,THÉO,6,6,0
2009,THEO,20,20,0
2009,TRENT,56,56,0
2009,TERRY,7,7,0
2009,TRENTON,30,30,0
2009,TREY,13,13,0
2009,TYSON,162,162,0
2009,TYRUS,5,5,0
2009,TYRONE,10,10,0
2009,TYRESE,5,5,0
2009,TYRELL,6,6,0
2009,TYE,12,12,0
2009,TYCE,10,10,0
2009,TY,54,54,0
2009,TUCKER,28,28,0
2009,TRYSTAN,5,5,0
2009,TROY,42,42,0
2009,TRISTON,5,5,0
2009,TRISTIN,6,6,0
2009,TRISTIAN,5,5,0
2009,TRISTEN,18,18,0
2009,TREYVON,6,6,0
2009,TREYTON,6,6,0
2009,TREVOR,44,44,0
2009,TERRENCE,21,21,0
2009,TERRANCE,14,14,0
2009,TERENCE,8,8,0
2009,SUKHRAJ,5,5,0
2009,SUKHMAN,5,5,0
2009,SUFYAN,7,7,0
2009,SUBHAN,11,11,0
2009,STUART,6,6,0
2009,STONE,5,5,0
2009,STEWART,7,7,0
2009,STEVEN,69,69,0
2009,STEVE,8,8,0
2009,STEPHEN,45,45,0
2009,STEPHAN,14,14,0
2009,STEFANO,28,28,0
2009,STEFAN,35,35,0
2009,STAVROS,5,5,0
2009,STANLEY,20,20,0
2009,SPENCER,110,110,0
2009,SOREN,7,7,0
2009,SULAIMAN,12,12,0
2009,SULEMAN,5,5,0
2009,SULLIVAN,17,17,0
2009,SYED,59,59,0
2009,TEJ,5,5,0
2009,TAYDEN,9,9,0
2009,TAVISH,6,6,0
2009,TAVIS,5,5,0
2009,TAVIAN,5,5,0
2009,TATE,10,10,0
2009,TARIQ,11,11,0
2009,TAREK,7,7,0
2009,UMAR,17,17,0
2009,TARAN,6,6,0
2009,TANNER,67,67,0
2009,TANAY,5,5,0
2009,TALON,17,17,0
2009,TALHA,7,7,0
2009,TALAN,6,6,0
2009,TALAL,5,5,0
2009,TAI,6,6,0
2009,TAHA,29,29,0
2009,TANVEER,6,6,0
2009,UMER,6,6,0
2009,USMAN,11,11,0
2009,UZAIR,6,6,0
2009,ZACKERY,27,27,0
2009,ZACKARY,49,49,0
2009,ZACK,13,13,0
2009,ZACHERY,13,13,0
2009,ZACHARY,312,312,0
2009,ZACHARIE,8,8,0
2009,ZACHARIAH,12,12,0
2009,ZACH,7,7,0
2009,ZAC,6,6,0
2009,YUVRAJ,30,30,0
2009,YUSUF,48,48,0
2009,YUSEF,10,10,0
2009,YURI,8,8,0
2009,YUG,5,5,0
2009,YOUSUF,20,20,0
2009,YOUSSEF,18,18,0
2009,YOUSIF,9,9,0
2009,ZAEEM,5,5,0
2009,ZAID,23,23,0
2009,ZAIN,39,39,0
2009,ZAKARIA,17,17,0
2009,ZOHAIR,5,5,0
2009,ZOHAIB,7,7,0
2009,ZIYAD,6,6,0
2009,ZION,19,19,0
2009,ZEPHANIAH,5,5,0
2009,ZEESHAN,8,8,0
2009,ZECHARIAH,6,6,0
2009,ZAYN,13,13,0
2009,YOUSEF,26,26,0
2009,ZAYDEN,13,13,0
2009,ZAYAN,16,16,0
2009,ZAYAAN,8,8,0
2009,ZAVIER,13,13,0
2009,ZANE,15,15,0
2009,ZANDER,42,42,0
2009,ZAKI,8,8,0
2009,ZAKARY,6,6,0
2009,ZAKARIYA,21,21,0
2009,ZAYD,15,15,0
2009,SONNY,11,11,0
2009,YOSEPH,5,5,0
2009,YISROEL,5,5,0
2009,WALEED,5,5,0
2009,WADE,16,16,0
2009,VIVEK,8,8,0
2009,VIRAJ,6,6,0
2009,VINCENZO,13,13,0
2009,VINCENT,115,115,0
2009,VINCE,11,11,0
2009,VIKTOR,5,5,0
2009,VIJAY,5,5,0
2009,VIHAAN,9,9,0
2009,VICTOR,64,64,0
2009,VICENTE,5,5,0
2009,VEER,15,15,0
2009,VAUGHN,15,15,0
2009,VARUN,5,5,0
2009,VANCE,10,10,0
2009,VAN,6,6,0
2009,WALID,5,5,0
2009,WALKER,18,18,0
2009,WALTER,13,13,0
2009,WARREN,18,18,0
2009,YI,6,6,0
2009,YASIR,11,11,0
2009,YASIN,11,11,0
2009,YASH,13,13,0
2009,YASEEN,15,15,0
2009,YAHYA,17,17,0
2009,XAVIER,221,221,0
2009,XANDER,52,52,0
2009,YOSEF,7,7,0
2009,WINSTON,14,14,0
2009,WILLY,6,6,0
2009,WILLIAM,733,733,0
2009,WILLEM,13,13,0
2009,WILL,10,10,0
2009,WILHELM,5,5,0
2009,WESTON,25,25,0
2009,WESLEY,104,104,0
2009,WAYNE,8,8,0
2009,WILSON,13,13,0
2009,SOLOMON,17,17,0
2009,WYATT,171,171,0
2009,SIMON,149,149,0
2009,ROHAN,38,38,0
2009,ROHIT,6,6,0
2009,ROLAND,8,8,0
2009,ROMAN,61,61,0
2009,ROMEO,20,20,0
2009,RONALD,8,8,0
2009,RONAN,40,40,0
2009,RONIN,23,23,0
2009,ROSARIO,5,5,0
2009,ROSS,13,13,0
2009,ROWEN,10,10,0
2009,ROY,13,13,0
2009,ROHAIL,5,5,0
2009,ROYCE,7,7,0
2009,RUDRA,9,9,0
2009,RUI,6,6,0
2009,RUSSELL,37,37,0
2009,RYDER,144,144,0
2009,RYERSON,15,15,0
2009,RYKER,38,38,0
2009,RYLAND,9,9,0
2009,RYLEN,7,7,0
2009,SAAD,20,20,0
2009,SABASTIAN,10,10,0
2009,SACHA,9,9,0
2009,SACHIN,12,12,0
2009,RUBEN,11,11,0
2009,SAEED,6,6,0
2009,ROHAAN,5,5,0
2009,RODRIGO,11,11,0
2009,SOHRAB,5,5,0
2009,REED,34,34,0
2009,REEVE,6,6,0
2009,REGINALD,9,9,0
2009,REHAN,14,14,0
2009,REID,81,81,0
2009,REILLY,17,17,0
2009,REMI,8,8,0
2009,RÉMI,5,5,0
2009,REMINGTON,6,6,0
2009,REMY,11,11,0
2009,REUBEN,13,13,0
2009,ROGER,13,13,0
2009,REX,8,8,0
2009,RIAN,7,7,0
2009,RICARDO,24,24,0
2009,RICHARD,88,88,0
2009,RICKY,11,11,0
2009,RIDWAN,6,6,0
2009,RIO,8,8,0
2009,RISHAN,7,7,0
2009,RISHI,16,16,0
2009,RISHON,5,5,0
2009,ROAN,5,5,0
2009,ROBERT,149,149,0
2009,ROCCO,19,19,0
2009,RHETT,5,5,0
2009,SAFWAN,5,5,0
2009,ROBERTO,9,9,0
2009,SAHIBDEEP,7,7,0
2009,SEHAJ,7,7,0
2009,SETH,131,131,0
2009,SHAAN,21,21,0
2009,SHAHEER,6,6,0
2009,SHAHID,5,5,0
2009,SHAHMEER,5,5,0
2009,SHAI,6,6,0
2009,SHAMAR,5,5,0
2009,SHANE,48,48,0
2009,SHAUN,15,15,0
2009,SHAURYA,6,6,0
2009,SHAWN,56,56,0
2009,SÉBASTIEN,27,27,0
2009,SHAYAN,18,18,0
2009,SHEA,7,7,0
2009,SHEAMUS,5,5,0
2009,SHELDON,23,23,0
2009,SHEMAR,7,7,0
2009,SHI,5,5,0
2009,SHIV,16,16,0
2009,SHIVAM,5,5,0
2009,SHIVEN,5,5,0
2009,SHREY,6,6,0
2009,SAHIB,26,26,0
2009,SIMEON,12,12,0
2009,SILAS,38,38,0
2009,SHAYDEN,5,5,0
2009,SEBASTIEN,35,35,0
2009,SHAYAAN,12,12,0
2009,SEBASTIAN,239,239,0
2009,SAI,5,5,0
2009,SAID,6,6,0
2009,SEBASTIANO,6,6,0
2009,SAIF,10,10,0
2009,SALEH,6,6,0
2009,SALIM,6,6,0
2009,SALMAN,10,10,0
2009,SALVATORE,13,13,0
2009,SAMEER,15,15,0
2009,SAMI,23,23,0
2009,SAMIR,6,6,0
2009,SAMMY,8,8,0
2009,SAMSON,9,9,0
2009,SAM,58,58,0
2009,SAHIL,26,26,0
2009,SAMUEL,447,447,0
2009,SCOTT,36,36,0
2009,SAYED,13,13,0
2009,SARTAJ,14,14,0
2009,SARIM,7,7,0
2009,SAUL,5,5,0
2009,SANTINO,12,12,0
2009,SANTIAGO,41,41,0
2009,SANJAY,5,5,0
2009,SANAD,6,6,0
2009,SEAN,112,112,0
2009,SEAMUS,17,17,0
2010,DUNYA,7,0,7
2010,EILEEN,12,0,12
2010,DYLAN,387,366,21
2010,EDEN,86,8,78
2010,EDIE,6,0,6
2010,EDYN,9,0,9
2010,ELENA,83,0,83
2010,ELA,13,0,13
2010,ELENI,12,0,12
2010,ELAINA,21,0,21
2010,ELAYNA,10,0,10
2010,DUAA,7,0,7
2010,ELEANOR,45,0,45
2010,EKAM,17,9,8
2010,ELAINE,17,0,17
2010,DIANA,44,0,44
2010,DREW,49,39,10
2010,DESTINY,42,0,42
2010,ELIA,6,0,6
2010,DESIREE,13,0,13
2010,DEVON,58,45,13
2010,DEVYN,18,8,10
2010,DHRUVI,7,0,7
2010,DUA,11,0,11
2010,DIANE,7,0,7
2010,DIVYA,14,0,14
2010,DIYA,30,0,30
2010,DOMINIQUE,10,0,10
2010,DONYA,7,0,7
2010,DORIS,8,0,8
2010,DOROTHY,7,0,7
2010,DINA,13,0,13
2010,ELIANA,45,0,45
2010,EMAAN,19,0,19
2010,ELIF,11,0,11
2010,ELORA,12,0,12
2010,ELSA,16,0,16
2010,ELSIE,18,0,18
2010,ELYSE,19,0,19
2010,ELYSSA,9,0,9
2010,EMA,10,0,10
2010,ELOISE,21,0,21
2010,EMAN,7,0,7
2010,EMELIA,8,0,8
2010,EMERSON,69,53,16
2010,EMERSYN,9,0,9
2010,EMERY,23,13,10
2010,DENISE,8,0,8
2010,EMILEE,8,0,8
2010,EMBER,16,0,16
2010,ELODIE,8,0,8
2010,ELLY,7,0,7
2010,ELLIOTT,76,65,11
2010,ELIN,11,0,11
2010,ELINA,16,0,16
2010,ELISA,22,0,22
2010,ELISABETH,19,0,19
2010,ELISE,58,0,58
2010,ELISHA,23,8,15
2010,ELISSA,21,0,21
2010,ELIZA,31,0,31
2010,ELIZABETH,260,0,260
2010,ELLA,599,0,599
2010,ELLE,39,0,39
2010,ELLEN,27,0,27
2010,ELLIANA,12,0,12
2010,ELLIE,76,0,76
2010,ELLIOT,95,88,7
2010,ELIANNA,7,0,7
2010,DELILAH,34,0,34
2010,CHLOE,588,0,588
2010,DELANEY,23,0,23
2010,CHRISTIE,6,0,6
2010,CHRISTINA,76,0,76
2010,CHRISTINE,23,0,23
2010,CHRISTY,6,0,6
2010,CIANA,6,0,6
2010,CIARA,49,0,49
2010,CHRISTA,8,0,8
2010,CIERRA,12,0,12
2010,CLAIRA,10,0,10
2010,CLAIRE,299,0,299
2010,CLARA,136,0,136
2010,CLARE,24,0,24
2010,CLARISSA,10,0,10
2010,CLAUDIA,28,0,28
2010,CINDY,10,0,10
2010,CLOEY,7,0,7
2010,CHLOË,13,0,13
2010,EMILIA,63,0,63
2010,CHARLEE,27,0,27
2010,CHARLEIGH,10,0,10
2010,CHARLENE,9,0,9
2010,CHARLEY,25,0,25
2010,CHARLI,7,0,7
2010,CHARLIE,153,107,46
2010,CHLOÉ,63,0,63
2010,CHARLIZE,15,0,15
2010,CHAYA,9,0,9
2010,CHELSEA,112,0,112
2010,CHELSEY,16,0,16
2010,CHEYANNE,18,0,18
2010,CHEYENNE,33,0,33
2010,CHIARA,36,0,36
2010,CHARLOTTE,411,0,411
2010,COLBIE,6,0,6
2010,COLLEEN,10,0,10
2010,CONNIE,11,0,11
2010,DANIELLA,51,0,51
2010,DANIELLE,77,0,77
2010,DANIKA,74,0,74
2010,DANYA,8,0,8
2010,DAPHNE,24,0,24
2010,DAPHNÉE,6,0,6
2010,DANIELA,38,0,38
2010,DARCY,19,12,7
2010,DARYA,10,0,10
2010,DAWN,7,0,7
2010,DAYNA,6,0,6
2010,DEANNA,17,0,17
2010,DEBORAH,9,0,9
2010,DEENA,7,0,7
2010,DARIA,15,0,15
2010,DANICA,82,0,82
2010,DANIA,14,0,14
2010,DANI,6,0,6
2010,CONSTANCE,8,0,8
2010,CORA,29,0,29
2010,CORALIE,11,0,11
2010,CORALINE,8,0,8
2010,CORDELIA,13,0,13
2010,COURTNEY,20,0,20
2010,CRISTIANA,6,0,6
2010,CRISTINA,12,0,12
2010,CRYSTAL,17,0,17
2010,CYNTHIA,34,0,34
2010,DAHLIA,19,0,19
2010,DAISY,19,0,19
2010,DAKOTA,59,23,36
2010,DALIA,14,0,14
2010,DANA,24,0,24
2010,DELIA,8,0,8
2010,EMILIE,30,0,30
2010,GEMMA,38,0,38
2010,EMILY,624,0,624
2010,IMOGEN,11,0,11
2010,IMANI,8,0,8
2010,IMAN,20,0,20
2010,IMAAN,11,0,11
2010,ILIANA,9,0,9
2010,ILA,7,0,7
2010,INAAYA,19,0,19
2010,HUNTER,259,249,10
2010,HOPE,54,0,54
2010,HONOR,7,0,7
2010,HOLLY,55,0,55
2010,HIRA,6,0,6
2010,HILLARY,11,0,11
2010,HILARY,13,0,13
2010,HUDA,12,0,12
2010,HIBBA,6,0,6
2010,HAILEE,13,0,13
2010,HAFSA,21,0,21
2010,GRACIE,63,0,63
2010,GRETA,8,0,8
2010,GUNEET,10,0,10
2010,GURLEEN,14,0,14
2010,GURNEET,7,0,7
2010,GURNOOR,14,0,14
2010,HAIDYN,6,0,6
2010,GWEN,17,0,17
2010,GWENYTH,14,0,14
2010,GWYNETH,9,0,9
2010,HABIBA,8,0,8
2010,HADASSAH,6,0,6
2010,HADIA,7,0,7
2010,HADLEY,21,0,21
2010,GWENDOLYN,19,0,19
2010,HIBA,20,0,20
2010,HELENA,37,0,37
2010,HELEN,19,0,19
2010,HAREEM,7,0,7
2010,HANNAH,323,0,323
2010,HANNA,40,0,40
2010,HANIYA,14,0,14
2010,HANIA,11,0,11
2010,HANAN,9,0,9
2010,HARLEEN,20,0,20
2010,HANA,24,0,24
2010,HALLE,12,0,12
2010,HALEY,34,0,34
2010,HALA,10,0,10
2010,HAILIE,6,0,6
2010,CHARITY,7,0,7
2010,HAILEY,320,0,320
2010,HALLIE,6,0,6
2010,HARLEY,20,7,13
2010,HARLOW,24,0,24
2010,HARMONY,42,0,42
2010,HEIDI,33,0,33
2010,HEAVEN,9,0,9
2010,HEATHER,11,0,11
2010,HAZEL,32,0,32
2010,HAYLIE,14,0,14
2010,HAYLEY,63,0,63
2010,HAYLEIGH,10,0,10
2010,HAYLEE,19,0,19
2010,HAYDEN,267,226,41
2010,HAYA,9,0,9
2010,HAWA,8,0,8
2010,HAVEN,16,6,10
2010,HARVEEN,8,0,8
2010,HARPER,37,7,30
2010,HARNOOR,18,6,12
2010,GRACELYN,8,0,8
2010,EMILIJA,7,0,7
2010,GRACE,412,0,412
2010,GLORIA,22,0,22
2010,ESSENCE,7,0,7
2010,ESTELLA,9,0,9
2010,ESTELLE,15,0,15
2010,ESTHER,46,0,46
2010,EUNICE,9,0,9
2010,EVA,164,0,164
2010,ESMÉ,12,0,12
2010,EVALYN,8,0,8
2010,EVANGELINA,10,0,10
2010,EVANGELINE,71,0,71
2010,EVE,36,0,36
2010,EVELYN,153,0,153
2010,EVELYNN,14,0,14
2010,EVERLEIGH,18,0,18
2010,EVAN,504,497,7
2010,EVERLY,9,0,9
2010,ESME,9,0,9
2010,ESHAAL,19,0,19
2010,EMMA,795,0,795
2010,EMMA-LEE,9,0,9
2010,EMMAH,6,0,6
2010,EMMALEE,6,0,6
2010,EMMANUELLE,8,0,8
2010,EMME,8,0,8
2010,ESHAL,25,0,25
2010,EMMELINE,10,0,10
2010,EMMY,9,0,9
2010,ERICA,63,0,63
2010,ERICKA,7,0,7
2010,ERIKA,30,0,30
2010,ERIN,59,0,59
2010,ESHA,7,0,7
2010,EMMERSON,8,0,8
2010,EVIE,13,0,13
2010,FAHIMA,6,0,6
2010,FAITH,140,0,140
2010,GABRIELLE,115,0,115
2010,GENESIS,20,0,20
2010,GENEVA,6,0,6
2010,GENEVIEVE,33,0,33
2010,GENEVIÈVE,7,0,7
2010,GEORGIA,95,0,95
2010,GABRIELLA,190,0,190
2010,GIA,30,0,30
2010,GIANNA,29,0,29
2010,GILLIAN,25,0,25
2010,GINA,10,0,10
2010,GISELLE,18,0,18
2010,GIULIA,17,0,17
2010,GIULIANA,11,0,11
2010,GIADA,9,0,9
2010,GABRIELA,51,0,51
2010,FREYA,18,0,18
2010,FRANCESCA,28,0,28
2010,FALLON,7,0,7
2010,FARAH,25,0,25
2010,FARRAH,18,0,18
2010,FATHIMA,6,0,6
2010,FATIMA,88,0,88
2010,FATIMAH,8,0,8
2010,FATMA,6,0,6
2010,FAYE,10,0,10
2010,FELICIA,11,0,11
2010,FELICITY,19,0,19
2010,FINLEY,45,36,9
2010,FIONA,86,0,86
2010,FLORA,9,0,9
2010,FLORENCE,13,0,13
2010,FRANCES,18,0,18
2010,GLORY,6,0,6
2010,CHANTELLE,9,0,9
2010,ASHLYNN,26,0,26
2010,CHANELLE,14,0,14
2010,ANGIE,14,0,14
2010,ANGÉLIQUE,6,0,6
2010,ANIKA,26,0,26
2010,ANISA,16,0,16
2010,ANISHA,6,0,6
2010,ANISSA,6,0,6
2010,ANGELIQUE,10,0,10
2010,ANITA,8,0,8
2010,ANJA,10,0,10
2010,ANJALI,18,0,18
2010,ANMOL,7,0,7
2010,ANN,7,0,7
2010,ANNA,224,0,224
2010,ANNABEL,17,0,17
2010,ANIYAH,15,0,15
2010,ANNABELLA,25,0,25
2010,ANGELINE,7,0,7
2010,ANGELICA,39,0,39
2010,AMY,92,0,92
2010,AMÉLIA,14,0,14
2010,AMÉLIE,33,0,33
2010,ANA,37,0,37
2010,ANABEL,6,0,6
2010,ANABELLA,7,0,7
2010,ANGELINA,128,0,128
2010,ANABELLE,21,0,21
2010,ANASTASIA,60,0,60
2010,ANAYA,28,0,28
2010,ANDIE,10,0,10
2010,ANDREA,71,10,61
2010,ANGEL,62,17,45
2010,ANGELA,76,0,76
2010,ANANYA,8,0,8
2010,ANNABELLE,112,0,112
2010,ANNALISE,15,0,15
2010,ANNE,27,0,27
2010,ARIELLA,13,0,13
2010,ARIELLE,25,0,25
2010,ARISHA,6,0,6
2010,ARIYA,6,0,6
2010,ARIYANA,8,0,8
2010,AROUSH,12,0,12
2010,ARIEL,53,8,45
2010,ARWA,8,0,8
2010,ARYA,33,9,24
2010,ARYANA,22,0,22
2010,ARYANNA,12,0,12
2010,ASHA,17,0,17
2010,ASHLEE,8,0,8
2010,ASHLEEN,10,0,10
2010,ARWEN,6,0,6
2010,ARIANNE,13,0,13
2010,ARIANNA,148,0,148
2010,ARIANE,9,0,9
2010,ANNEKE,9,0,9
2010,ANNETTE,12,0,12
2010,ANNIE,41,0,41
2010,ANNIKA,39,0,39
2010,ANTONELLA,10,0,10
2010,ANUREET,6,0,6
2010,ANUSHA,7,0,7
2010,ANUSHKA,15,0,15
2010,ANYA,23,0,23
2010,APRIL,30,0,30
2010,ARABELLA,20,0,20
2010,ARDEN,13,6,7
2010,AREEBA,7,0,7
2010,ARIA,38,5,33
2010,ARIANA,82,0,82
2010,AMRIT,6,0,6
2010,ASHLEIGH,10,0,10
2010,AMNA,16,0,16
2010,AMIRA,38,0,38
2010,ALEXA,162,0,162
2010,ALEXANDRA,222,0,222
2010,ALEXANDRIA,36,0,36
2010,ALEXI,15,7,8
2010,ALEXIA,83,0,83
2010,ALEXIE,14,0,14
2010,ALEX,168,161,7
2010,ALEXIS,360,19,341
2010,ALI,175,161,14
2010,ALIA,23,0,23
2010,ALIAH,6,0,6
2010,ALIANA,7,0,7
2010,ALICE,121,0,121
2010,ALICIA,58,0,58
2010,ALEXUS,9,0,9
2010,ALINA,56,0,56
2010,ALESSIA,57,0,57
2010,ALENA,22,0,22
2010,AKSHAYA,10,0,10
2010,ALAINA,23,0,23
2010,ALANA,27,0,27
2010,ALANNA,20,0,20
2010,ALANNAH,6,0,6
2010,ALAYA,8,0,8
2010,ALESSANDRA,21,0,21
2010,ALAYAH,7,0,7
2010,ALEAH,15,0,15
2010,ALEENA,61,0,61
2010,ALEEZA,31,0,31
2010,ALEIGHA,8,0,8
2010,ALEJANDRA,9,0,9
2010,ALEKSANDRA,12,0,12
2010,ALAYNA,20,0,20
2010,ALISA,16,0,16
2010,ALISHA,36,0,36
2010,ALISHBA,26,0,26
2010,ALYSSIA,9,0,9
2010,ALYVIA,17,0,17
2010,AMAL,7,0,7
2010,AMALIA,9,0,9
2010,AMANDA,62,0,62
2010,AMANI,6,0,6
2010,ALYSSA,308,0,308
2010,AMARA,16,0,16
2010,AMBER,61,0,61
2010,AMEERA,10,0,10
2010,AMELIA,276,0,276
2010,AMELIE,17,0,17
2010,AMINA,28,0,28
2010,AMINAH,8,0,8
2010,AMAYA,25,0,25
2010,ALYSON,16,0,16
2010,ALYSHA,17,0,17
2010,ALYSA,8,0,8
2010,ALISON,39,0,39
2010,ALISSA,14,0,14
2010,ALIVIA,57,0,57
2010,ALIYA,38,0,38
2010,ALIYAH,67,0,67
2010,ALIZA,23,0,23
2010,ALLEGRA,12,0,12
2010,ALLIE,33,0,33
2010,ALLISON,72,0,72
2010,ALLY,18,0,18
2010,ALLYSON,18,0,18
2010,ALMA,12,0,12
2010,ALORA,7,0,7
2010,ALVEENA,7,0,7
2010,ALYCIA,7,0,7
2010,AMIRAH,10,0,10
2010,CHANTAL,12,0,12
2010,ASHLEY,137,0,137
2010,INAYA,19,0,19
2010,CAITLIN,38,0,38
2010,CAITLYN,57,0,57
2010,CALEIGH,20,0,20
2010,CALI,26,0,26
2010,CALISTA,24,0,24
2010,CALLA,9,0,9
2010,CAILYN,13,0,13
2010,CALLEIGH,9,0,9
2010,CALLISTA,6,0,6
2010,CALYSTA,6,0,6
2010,CAMERON,330,312,18
2010,CAMILA,25,0,25
2010,CAMILLA,19,0,19
2010,CAMILLE,41,0,41
2010,CALLIE,49,0,49
2010,CAMRYN,34,5,29
2010,CAILIN,6,0,6
2010,CADENCE,49,0,49
2010,BRONTE,6,0,6
2010,BRONWYN,25,0,25
2010,BROOK,8,0,8
2010,BROOKE,177,0,177
2010,BROOKE-LYNN,8,0,8
2010,BROOKELYN,6,0,6
2010,CAELYN,7,0,7
2010,BROOKLYN,232,0,232
2010,BRYANNA,11,0,11
2010,BRYN,6,0,6
2010,BRYNLEE,10,0,10
2010,BRYNN,31,0,31
2010,BRYNNE,6,0,6
2010,BUSHRA,7,0,7
2010,BROOKLYNN,65,0,65
2010,CANDACE,6,0,6
2010,CANDICE,6,0,6
2010,CAPRI,11,0,11
2010,CASSIE,12,0,12
2010,CATARINA,6,0,6
2010,CATE,7,0,7
2010,CATHERINE,70,0,70
2010,CATHY,8,0,8
2010,CAYLEE,12,0,12
2010,CASSIDY,45,0,45
2010,CEANNA,6,0,6
2010,CELENA,6,0,6
2010,CELESTE,14,0,14
2010,CELINA,22,0,22
2010,CELINE,20,0,20
2010,CHANA,8,0,8
2010,CHANEL,16,0,16
2010,CECILIA,40,0,40
2010,CASSIA,6,0,6
2010,CASSANDRA,74,0,74
2010,CASEY,41,20,21
2010,CARA,30,0,30
2010,CARINA,14,0,14
2010,CARISSA,14,0,14
2010,CARLA,7,0,7
2010,CARLEIGH,8,0,8
2010,CARLEY,8,0,8
2010,CARLY,38,0,38
2010,CARMELLA,8,0,8
2010,CARMEN,29,0,29
2010,CAROL,8,0,8
2010,CAROLINA,8,0,8
2010,CAROLINE,43,0,43
2010,CAROLYN,7,0,7
2010,CARRIE,9,0,9
2010,CARYS,10,0,10
2010,BRITTANY,11,0,11
2010,ASHLYN,39,0,39
2010,BRINLEY,8,0,8
2010,BRIELLE,41,0,41
2010,AVANI,7,0,7
2010,AVARY,10,0,10
2010,AVAYA,6,0,6
2010,AVERI,8,0,8
2010,AVERIE,14,0,14
2010,AVERY,464,76,388
2010,AVALYN,6,0,6
2010,AVNEET,22,0,22
2010,AVRIL,10,0,10
2010,AYA,29,0,29
2010,AYAH,23,0,23
2010,AYANA,12,0,12
2010,AYANNA,7,0,7
2010,AYESHA,40,0,40
2010,AVNI,9,0,9
2010,AYLA,39,0,39
2010,AVALON,10,0,10
2010,AVA,693,0,693
2010,ASHNA,8,0,8
2010,ASIA,7,0,7
2010,ASMA,8,0,8
2010,ASPEN,6,0,6
2010,ASTRID,9,0,9
2010,ATHENA,42,0,42
2010,AVAH,12,0,12
2010,AUBREE,12,0,12
2010,AUBRIE,11,0,11
2010,AUDREY,193,0,193
2010,AUDRINA,21,0,21
2010,AURELIA,6,0,6
2010,AURORA,56,0,56
2010,AUTUMN,84,0,84
2010,AUBREY,68,5,63
2010,AYLIN,7,0,7
2010,AYRA,12,0,12
2010,AYSHA,7,0,7
2010,BLYTHE,7,0,7
2010,BRAELYN,9,0,9
2010,BREANNA,42,0,42
2010,BREANNE,6,0,6
2010,BREE,19,0,19
2010,BRENDA,7,0,7
2010,BLAKE,177,166,11
2010,BRENNA,11,0,11
2010,BRIANA,18,0,18
2010,BRIANNA,134,0,134
2010,BRIANNE,14,0,14
2010,BRIAR,26,0,26
2010,BRIDGET,20,0,20
2010,BRIDGETTE,7,0,7
2010,BRIA,9,0,9
2010,BLAIRE,7,0,7
2010,BLAIR,21,8,13
2010,BILLIE,9,0,9
2010,AYVA,15,0,15
2010,AZALEA,9,0,9
2010,AZARIAH,6,0,6
2010,BABY,20,12,8
2010,BAILEY,55,8,47
2010,BARBARA,10,0,10
2010,BEATRICE,22,0,22
2010,BEATRIX,9,0,9
2010,BELLA,80,0,80
2010,BELLE,7,0,7
2010,BERNICE,7,0,7
2010,BETH,9,0,9
2010,BETHANY,30,0,30
2010,BIANCA,85,0,85
2010,BIANKA,8,0,8
2010,BRIGITTE,10,0,10
2010,INAYAH,7,0,7
2010,IQRA,10,0,10
2010,IRELAND,20,0,20
2010,RANIA,14,0,14
2010,RAQUEL,17,0,17
2010,RAVEN,9,0,9
2010,RAVNEET,9,0,9
2010,RAWAN,7,0,7
2010,RAYA,24,0,24
2010,RAYAN,66,60,6
2010,RAYANN,6,0,6
2010,RAYNA,20,0,20
2010,RAYNE,26,0,26
2010,REAGAN,14,0,14
2010,REBECCA,141,0,141
2010,REBEKAH,29,0,29
2010,REEGAN,12,6,6
2010,REEM,17,0,17
2010,REESE,105,21,84
2010,REET,20,0,20
2010,REGAN,14,0,14
2010,REGINA,8,0,8
2010,REINA,7,0,7
2010,RENEE,25,0,25
2010,RENÉE,18,0,18
2010,RHEA,21,0,21
2010,RAMEEN,7,0,7
2010,RHIANNON,7,0,7
2010,RAINE,13,7,6
2010,RAELYN,14,0,14
2010,PENELOPE,50,0,50
2010,PENNY,10,0,10
2010,PEYTON,208,34,174
2010,PHOEBE,29,0,29
2010,PHOENIX,63,38,25
2010,PIPER,62,0,62
2010,POPPY,22,0,22
2010,PRABHLEEN,8,0,8
2010,PRECIOUS,9,0,9
2010,PRESLEY,22,0,22
2010,PRINCESS,20,0,20
2010,PRISCILLA,16,0,16
2010,PRISHA,8,0,8
2010,PRIYA,18,0,18
2010,PUNEET,9,0,9
2010,PYPER,6,0,6
2010,QUEENIE,10,0,10
2010,QUINN,190,94,96
2010,RABIA,6,0,6
2010,RACHAEL,31,0,31
2010,RACHEL,215,0,215
2010,RAE,8,0,8
2010,RAEGAN,7,0,7
2010,RAINA,24,0,24
2010,PEARL,19,0,19
2010,RHYAN,6,0,6
2010,RIDA,17,0,17
2010,RYLEIGH,43,0,43
2010,RYLEY,26,18,8
2010,RYLIE,38,5,33
2010,RYLIN,8,0,8
2010,SAANVI,8,0,8
2010,SABINA,8,0,8
2010,SABRINA,97,0,97
2010,SACHI,6,0,6
2010,SADAF,6,0,6
2010,SADIE,133,0,133
2010,SAFA,9,0,9
2010,SAFIA,11,0,11
2010,SAFIYA,15,0,15
2010,SAGE,18,0,18
2010,SAHANA,20,0,20
2010,SAHAR,19,0,19
2010,SAHARA,9,0,9
2010,SAIGE,6,0,6
2010,SAIRA,7,0,7
2010,SALENA,6,0,6
2010,SALINA,6,0,6
2010,SALLY,9,0,9
2010,SALMA,26,0,26
2010,RYLEE,71,6,65
2010,RIA,16,0,16
2010,RYLAN,94,77,17
2010,RYAN,571,560,11
2010,RIHANNA,11,0,11
2010,RILEY,277,175,102
2010,RITA,10,0,10
2010,RIVER,59,38,21
2010,RIYA,34,0,34
2010,ROBIN,17,6,11
2010,ROBYN,14,0,14
2010,ROMY,8,0,8
2010,RORY,41,25,16
2010,ROSA,14,0,14
2010,ROSALIE,38,0,38
2010,ROSE,45,0,45
2010,ROSEMARY,17,0,17
2010,ROSLYN,7,0,7
2010,ROWAN,117,79,38
2010,ROWYN,9,0,9
2010,ROWYNN,6,0,6
2010,ROXANA,6,0,6
2010,RUBY,107,0,107
2010,RUMAISA,11,0,11
2010,RUTH,19,0,19
2010,RYA,11,0,11
2010,RYAH,7,0,7
2010,RYANN,8,0,8
2010,PAYTON,140,16,124
2010,PAYTEN,7,0,7
2010,PAVNEET,6,0,6
2010,MYKA,6,0,6
2010,MYLA,33,0,33
2010,MYLAH,10,0,10
2010,MYLEE,8,0,8
2010,MYLIE,6,0,6
2010,MYRA,18,0,18
2010,MYRIAM,7,0,7
2010,MYSHA,8,0,8
2010,MÉLODIE,7,0,7
2010,NABIHA,8,0,8
2010,NADA,11,0,11
2010,NADIA,47,0,47
2010,NADINE,15,0,15
2010,NAHLA,8,0,8
2010,NAILAH,6,0,6
2010,NAIMA,7,0,7
2010,NANCY,16,0,16
2010,NAOMI,137,0,137
2010,NATALIA,80,0,80
2010,NATALIE,190,0,190
2010,NATASHA,46,0,46
2010,NATHALIE,13,0,13
2010,NATHANIA,6,0,6
2010,MYAH,38,0,38
2010,NAVREET,9,0,9
2010,MYA,239,0,239
2010,MORGAN,154,33,121
2010,MIKA,18,5,13
2010,MIKAELA,50,0,50
2010,MIKAYLA,124,0,124
2010,MILA,76,0,76
2010,MILAN,36,29,7
2010,MILANA,22,0,22
2010,MILENA,19,0,19
2010,MILEY,37,0,37
2010,MILLA,11,0,11
2010,MINA,18,0,18
2010,MINAHIL,7,0,7
2010,MIRA,30,0,30
2010,MIRANDA,33,0,33
2010,MIRIAM,36,0,36
2010,MISCHA,8,0,8
2010,MISHA,8,0,8
2010,MIYA,16,0,16
2010,MOIRA,9,0,9
2010,MOLLIE,10,0,10
2010,MOLLY,121,0,121
2010,MONA,9,0,9
2010,MONICA,33,0,33
2010,MONIKA,7,0,7
2010,MORIAH,13,0,13
2010,NAWAL,9,0,9
2010,NAYA,8,0,8
2010,NEELA,6,0,6
2010,NYLA,27,0,27
2010,NYLAH,15,0,15
2010,NYOMI,6,0,6
2010,OCEAN,17,6,11
2010,OCEANA,11,0,11
2010,OLIVE,21,0,21
2010,OLIVIA,914,0,914
2010,OPHELIA,8,0,8
2010,ORIANA,8,0,8
2010,OVIYA,6,0,6
2010,PAIGE,178,0,178
2010,PAISLEY,34,0,34
2010,PAITYN,18,0,18
2010,PARI,6,0,6
2010,PARIS,11,0,11
2010,PARISA,6,0,6
2010,PARKER,151,137,14
2010,PARNEET,7,0,7
2010,PATIENCE,12,0,12
2010,PATRICIA,13,0,13
2010,PAULA,12,0,12
2010,PAULINA,9,0,9
2010,PAULINE,6,0,6
2010,NYAH,15,0,15
2010,NYA,9,0,9
2010,NOÉMIE,12,0,12
2010,NOUR,16,0,16
2010,NEHA,9,0,9
2010,NELLA,7,0,7
2010,NELLIE,9,0,9
2010,NELLY,13,0,13
2010,NERIAH,6,0,6
2010,NEVAEH,169,0,169
2010,NEVE,21,0,21
2010,NEVEAH,11,0,11
2010,NIA,16,0,16
2010,NIAMH,6,0,6
2010,NICOLE,141,0,141
2010,SALOME,6,0,6
2010,NIKA,12,0,12
2010,NIKITA,26,9,17
2010,NIKKI,13,0,13
2010,NIMRAT,7,0,7
2010,NIMRIT,6,0,6
2010,NINA,31,0,31
2010,NOA,19,0,19
2010,NOELLE,17,0,17
2010,NOLA,10,0,10
2010,NOOR,40,0,40
2010,NORA,49,0,49
2010,NORAH,62,0,62
2010,NIKI,7,0,7
2010,SAMA,7,0,7
2010,SAMAIRA,9,0,9
2010,SAMANTHA,271,0,271
2010,THEA,18,0,18
2010,THEODORA,6,0,6
2010,THERESA,9,0,9
2010,THERESE,6,0,6
2010,TIA,22,0,22
2010,TIANA,34,0,34
2010,TIANNA,32,0,32
2010,TIARA,9,0,9
2010,TIFFANY,46,0,46
2010,TINA,20,0,20
2010,TORI,17,0,17
2010,TRACY,8,0,8
2010,TREASURE,6,0,6
2010,TRINITY,66,0,66
2010,TÉA,9,0,9
2010,UMA,6,0,6
2010,VALENCIA,6,0,6
2010,VALENTINA,68,0,68
2010,VALERIA,20,0,20
2010,VALERIE,33,0,33
2010,VANESSA,154,0,154
2010,VERA,22,0,22
2010,VERONICA,74,0,74
2010,THALIA,11,0,11
2010,VERONIKA,14,0,14
2010,TEYA,7,0,7
2010,TESS,9,0,9
2010,TALYA,7,0,7
2010,TAMARA,21,0,21
2010,TANISHA,13,0,13
2010,TANYA,10,0,10
2010,TARA,30,0,30
2010,TARYN,22,0,22
2010,TASNEEM,14,0,14
2010,TATIANA,28,0,28
2010,TATIANNA,6,0,6
2010,TATUM,22,8,14
2010,TAYA,30,0,30
2010,TAYAH,6,0,6
2010,TAYLA,6,0,6
2010,TAYLER,7,0,7
2010,TAYLOR,269,27,242
2010,TEAGAN,86,16,70
2010,TEAGHAN,7,0,7
2010,TEGAN,21,0,21
2010,TEHYA,13,0,13
2010,TENLEY,18,0,18
2010,TENZIN,17,10,7
2010,TEODORA,6,0,6
2010,TERESA,15,0,15
2010,TESSA,104,0,104
2010,VIANNA,13,0,13
2010,VICKY,13,0,13
2010,VICTORIA,338,0,338
2010,YVONNE,13,0,13
2010,ZAARA,8,0,8
2010,ZAHRA,53,0,53
2010,ZAHRAA,10,0,10
2010,ZAINA,22,0,22
2010,ZAINAB,80,0,80
2010,ZARA,69,0,69
2010,ZARAH,6,0,6
2010,ZAYNA,6,0,6
2010,ZAYNAB,17,0,17
2010,ZOE,183,0,183
2010,ZOEY,123,0,123
2010,ZOFIA,6,0,6
2010,ZOHA,18,0,18
2010,ZOIE,8,0,8
2010,ZOYA,28,0,28
2010,ZOÉ,24,0,24
2010,ZOË,31,0,31
2010,ZUNAIRAH,7,0,7
2010,ÈVE,10,0,10
2010,ÉLODIE,8,0,8
2010,ÉLOÏSE,9,0,9
2010,ÉMILIE,24,0,24
2010,YUSRA,6,0,6
2010,YUNA,7,0,7
2010,YUMNA,7,0,7
2010,YI,7,0,7
2010,VIENNA,51,0,51
2010,VIKTORIA,9,0,9
2010,VIOLA,7,0,7
2010,VIOLET,153,0,153
2010,VIRGINIA,10,0,10
2010,VITTORIA,7,0,7
2010,VIVIAN,56,0,56
2010,VIVIANA,8,0,8
2010,VIVIEN,6,0,6
2010,VIVIENNE,37,0,37
2010,WANIA,6,0,6
2010,TALIA,58,0,58
2010,WHITNEY,8,0,8
2010,WILLOW,59,0,59
2010,WINNIE,8,0,8
2010,WINTER,9,0,9
2010,WYNTER,8,0,8
2010,XIN,6,0,6
2010,YANA,6,0,6
2010,YARA,22,0,22
2010,YASHVI,9,0,9
2010,YASMEEN,9,0,9
2010,YASMIN,13,0,13
2010,YASMINE,17,0,17
2010,WILLA,10,0,10
2010,MIIA,6,0,6
2010,TALA,15,0,15
2010,TABITHA,12,0,12
2010,SELINA,30,0,30
2010,SERAFINA,6,0,6
2010,SERAPHINA,8,0,8
2010,SERENA,98,0,98
2010,SERENE,7,0,7
2010,SERENITY,53,0,53
2010,SERINA,7,0,7
2010,SHAE,7,0,7
2010,SHAELYN,6,0,6
2010,SHAELYNN,6,0,6
2010,SHAILA,6,0,6
2010,SHANIA,24,0,24
2010,SHANNON,19,0,19
2010,SHARON,13,0,13
2010,SHAYE,6,0,6
2010,SHAYLA,28,0,28
2010,SHAYNA,15,0,15
2010,SHAYNE,11,5,6
2010,SHEA,18,12,6
2010,SHEENA,6,0,6
2010,SHELBY,31,0,31
2010,SHEZA,10,0,10
2010,SHILOH,33,7,26
2010,SELENA,85,0,85
2010,SHIRA,9,0,9
2010,SELAH,7,0,7
2010,SEERAT,20,0,20
2010,SAMARA,18,0,18
2010,SAMIRA,9,0,9
2010,SAMIYA,6,0,6
2010,SAMREEN,6,0,6
2010,SANA,29,0,29
2010,SANDRA,19,0,19
2010,SANIYA,7,0,7
2010,SANIYAH,9,0,9
2010,SANJANA,6,0,6
2010,SAOIRSE,9,0,9
2010,SARA,169,0,169
2010,SARAH,418,0,418
2010,SARINA,26,0,26
2010,SASHA,38,11,27
2010,SASKIA,7,0,7
2010,SAVANAH,7,0,7
2010,SAVANNA,17,0,17
2010,SAVANNAH,134,0,134
2010,SAWYER,106,89,17
2010,SCARLET,21,0,21
2010,SCARLETT,141,0,141
2010,SCARLETTE,7,0,7
2010,SCOTIA,6,0,6
2010,SEHAJ,18,8,10
2010,SHIRLEY,8,0,8
2010,SHOSHANA,9,0,9
2010,SHREEYA,7,0,7
2010,SONYA,8,0,8
2010,SOPHIA,713,0,713
2010,SOPHIE,433,0,433
2010,SORAYA,9,0,9
2010,STACEY,7,0,7
2010,STEFANIA,9,0,9
2010,STEFANIE,9,0,9
2010,STELLA,153,0,153
2010,STEPHANIE,60,0,60
2010,SUKHMANI,9,0,9
2010,SUMAYA,16,0,16
2010,SUMMER,95,0,95
2010,SUNNY,16,8,8
2010,SUSAN,8,0,8
2010,SUSANA,7,0,7
2010,SUSIE,8,0,8
2010,SUZANNA,6,0,6
2010,SUZANNE,7,0,7
2010,SYDNEE,15,0,15
2010,SYDNEY,213,13,200
2010,SYEDA,14,0,14
2010,SYLVIA,23,0,23
2010,SYLVIE,7,0,7
2010,SONIA,12,0,12
2010,SOLEIL,6,0,6
2010,SOFIE,10,0,10
2010,SOFIA,313,0,313
2010,SHREYA,14,0,14
2010,SHRIYA,6,0,6
2010,SHRUTI,6,0,6
2010,SHYANNE,11,0,11
2010,SHYLA,24,0,24
2010,SHYLAH,6,0,6
2010,SIA,10,0,10
2010,SIANNA,7,0,7
2010,SIDNEY,42,21,21
2010,SIENA,36,0,36
2010,SIENNA,151,0,151
2010,TAHLIA,12,0,12
2010,SIERRA,111,0,111
2010,SIMAR,8,0,8
2010,SIMONA,26,0,26
2010,SIMONE,31,0,31
2010,SIMRAN,32,0,32
2010,SIMRAT,11,0,11
2010,SIYA,8,0,8
2010,SKYE,17,0,17
2010,SKYLA,22,0,22
2010,SKYLAR,42,13,29
2010,SLOAN,12,0,12
2010,SLOANE,34,0,34
2010,SILVER,6,0,6
2010,AIZA,19,0,19
2010,MICHELLE,95,0,95
2010,MICHAELLA,8,0,8
2010,KARISSA,13,0,13
2010,KARLEE,10,0,10
2010,KARLEY,8,0,8
2010,KARLIE,7,0,7
2010,KARMA,9,0,9
2010,KAROLINA,6,0,6
2010,KARSYN,7,0,7
2010,KASEY,15,6,9
2010,KASSANDRA,22,0,22
2010,KASSIDY,10,0,10
2010,KATARINA,21,0,21
2010,KATE,99,0,99
2010,KATELYN,102,0,102
2010,KATELYNN,18,0,18
2010,KATERINA,14,0,14
2010,KATHERINE,111,0,111
2010,KATHLEEN,19,0,19
2010,KATHRYN,33,0,33
2010,KATHY,10,0,10
2010,KATIA,11,0,11
2010,KATIE,73,0,73
2010,KATRINA,36,0,36
2010,KAYA,21,0,21
2010,KARIS,6,0,6
2010,KAYCEE,6,0,6
2010,KARINA,36,0,36
2010,KARA,68,0,68
2010,KACEY,6,0,6
2010,KADENCE,7,0,7
2010,KAELYN,33,0,33
2010,KAI,123,116,7
2010,KAIA,24,0,24
2010,KAIDENCE,7,0,7
2010,KAILA,12,0,12
2010,KAILEE,15,0,15
2010,KAILEY,20,0,20
2010,KAILYN,25,0,25
2010,KAITLIN,12,0,12
2010,KAITLYN,137,0,137
2010,KAITLYNN,10,0,10
2010,KAIYA,17,0,17
2010,KALEIGH,15,0,15
2010,KALEY,9,0,9
2010,KALI,23,0,23
2010,KALINA,8,0,8
2010,KALIYAH,15,0,15
2010,KALLI,7,0,7
2010,KALLIE,12,0,12
2010,KAMILA,10,0,10
2010,KAMRYN,12,0,12
2010,KAREN,16,0,16
2010,JUSTINE,12,0,12
2010,KAYDEN,112,102,10
2010,KAYLA,171,0,171
2010,KHUSHI,11,0,11
2010,KIANA,37,0,37
2010,KIANNA,25,0,25
2010,KIARA,46,0,46
2010,KIERA,60,0,60
2010,KIERRA,7,0,7
2010,KIERSTEN,8,0,8
2010,KILEY,11,0,11
2010,KIMBERLY,22,0,22
2010,KIMORA,7,0,7
2010,KINLEY,8,0,8
2010,KINSLEY,12,0,12
2010,KINZA,8,0,8
2010,KIRA,40,0,40
2010,KIRSTEN,14,0,14
2010,KLARA,7,0,7
2010,KLOE,15,0,15
2010,KRISHA,14,0,14
2010,KRISTA,9,0,9
2010,KRISTEN,14,0,14
2010,KRISTIN,7,0,7
2010,KRISTINA,30,0,30
2010,KRISTINE,8,0,8
2010,KHLOE,44,0,44
2010,KAYDENCE,26,0,26
2010,KHADIJAH,8,0,8
2010,KEZIAH,8,0,8
2010,KAYLAH,8,0,8
2010,KAYLAN,6,0,6
2010,KAYLEE,113,0,113
2010,KAYLEIGH,46,0,46
2010,KAYLEN,8,0,8
2010,KAYLEY,13,0,13
2010,KAYLIE,16,0,16
2010,KAYLIN,22,0,22
2010,KAYLYN,8,0,8
2010,KAYLYNN,10,0,10
2010,KEELY,8,0,8
2010,KEIRA,167,0,167
2010,KEISHA,7,0,7
2010,KELLY,29,0,29
2010,KELSEY,17,0,17
2010,KENDALL,16,0,16
2010,KENDRA,42,0,42
2010,KENLEY,7,0,7
2010,KENNA,6,0,6
2010,KENNEDY,62,7,55
2010,KENSINGTON,6,0,6
2010,KENZIE,27,0,27
2010,KEYANNA,8,0,8
2010,KHADIJA,20,0,20
2010,JUSTINA,7,0,7
2010,JUSTICE,27,14,13
2010,JUNE,13,0,13
2010,JAELYN,24,0,24
2010,JAELYNN,7,0,7
2010,JAHZARA,6,0,6
2010,JAIDA,20,0,20
2010,SANTIAGO,38,38,0
2010,JAIDYN,10,0,10
2010,JAIME,26,7,19
2010,JAMIE,47,25,22
2010,JANA,37,0,37
2010,JANAE,9,0,9
2010,JANE,27,0,27
2010,JANELLE,28,0,28
2010,JANESSA,13,0,13
2010,JANET,8,0,8
2010,JANICE,13,0,13
2010,JANNAT,10,0,10
2010,JAPJI,12,0,12
2010,JASLEEN,19,0,19
2010,JASMEEN,6,0,6
2010,JASMEET,7,0,7
2010,JASMIN,21,0,21
2010,JASMINE,164,0,164
2010,JASMYN,7,0,7
2010,JAEDA,9,0,9
2010,JAYA,14,0,14
2010,JADYN,14,0,14
2010,JADE,91,5,86
2010,IRENE,13,0,13
2010,IRIS,40,0,40
2010,ISABEL,97,0,97
2010,ISABELA,13,0,13
2010,ISABELL,10,0,10
2010,ISABELLA,782,0,782
2010,ISABELLE,244,0,244
2010,ISHA,10,0,10
2010,ISHANA,7,0,7
2010,ISIS,6,0,6
2010,ISLA,123,0,123
2010,ISOBEL,13,0,13
2010,ISRA,9,0,9
2010,IVA,6,0,6
2010,IVANA,9,0,9
2010,IVY,72,0,72
2010,IZABELA,10,0,10
2010,IZABELLA,41,0,41
2010,IZABELLE,9,0,9
2010,JACEY,8,0,8
2010,JACLYN,6,0,6
2010,JACQUELINE,25,0,25
2010,JADA,52,0,52
2010,JADEN,112,97,15
2010,JAYCEE,8,0,8
2010,JAYDA,34,0,34
2010,JAYDE,16,0,16
2010,JOELLE,20,0,20
2010,JOEY,26,17,9
2010,JOHANNA,15,0,15
2010,JOLENE,12,0,12
2010,JOLIE,11,0,11
2010,JORDAN,285,234,51
2010,JORDANA,11,0,11
2010,JORDYN,112,0,112
2010,JORDYNN,6,0,6
2010,JORJA,24,0,24
2010,JOSEPHINE,57,0,57
2010,JOSIE,25,0,25
2010,JOY,24,0,24
2010,JOYCE,14,0,14
2010,JUDE,75,69,6
2010,JUDY,16,0,16
2010,JULIA,364,0,364
2010,JULIANA,57,0,57
2010,JULIANNA,54,0,54
2010,JULIANNE,27,0,27
2010,JULIE,34,0,34
2010,JULIET,41,0,41
2010,JULIETTE,39,0,39
2010,JOCELYN,45,0,45
2010,JOANNE,14,0,14
2010,JOANNA,43,0,43
2010,JOANIE,6,0,6
2010,JAYDEN,417,378,39
2010,JAYLA,43,0,43
2010,JAYLAH,9,0,9
2010,JAYLIN,6,0,6
2010,JAYLYN,7,0,7
2010,JAYLYNN,7,0,7
2010,JAYMEE,7,0,7
2010,JAYNA,6,0,6
2010,JAZMIN,15,0,15
2010,JAZMINE,12,0,12
2010,JAZMYN,12,0,12
2010,KRYSTAL,9,0,9
2010,JELENA,8,0,8
2010,JENNA,114,0,114
2010,JENNIFER,47,0,47
2010,JENNY,18,0,18
2010,JERSEY,10,0,10
2010,JESSA,6,0,6
2010,JESSICA,183,0,183
2010,JESSIE,25,0,25
2010,JEWEL,10,0,10
2010,JIA,20,8,12
2010,JILLIAN,61,0,61
2010,JIYA,16,0,16
2010,JEMMA,6,0,6
2010,KYA,13,0,13
2010,KYLA,68,0,68
2010,KYLAH,8,0,8
2010,MALAIKA,14,0,14
2010,MALAK,20,0,20
2010,MALEAH,12,0,12
2010,MALIA,27,0,27
2010,MALIAH,8,0,8
2010,MALIHA,11,0,11
2010,MALIKA,11,0,11
2010,MALIYAH,17,0,17
2010,MALLORY,22,0,22
2010,MANAHIL,10,0,10
2010,MANAL,7,0,7
2010,MANDY,13,0,13
2010,MANHA,13,0,13
2010,MANNAT,24,0,24
2010,MANREET,13,0,13
2010,MANUELA,6,0,6
2010,MARA,13,0,13
2010,MARGARET,47,0,47
2010,MARGARETHA,8,0,8
2010,MARIA,166,0,166
2010,MARIAH,47,0,47
2010,MARIAM,74,0,74
2010,MARIAMA,6,0,6
2010,MAKINLEY,6,0,6
2010,MARIANA,16,0,16
2010,MAKENZIE,18,0,18
2010,MAKENA,10,0,10
2010,MADILYN,23,0,23
2010,MADILYNN,7,0,7
2010,MADINA,10,0,10
2010,MADISON,395,0,395
2010,MADISYN,24,0,24
2010,MADYSON,18,0,18
2010,MAE,11,0,11
2010,MAELLE,33,0,33
2010,MAEVA,9,0,9
2010,MAEVE,55,0,55
2010,MAGDALENA,13,0,13
2010,MAGGIE,43,0,43
2010,MAHA,6,0,6
2010,MAHI,13,0,13
2010,MAHNOOR,11,0,11
2010,MAIA,40,0,40
2010,MAIRA,14,0,14
2010,MAISIE,14,0,14
2010,MAIYA,8,0,8
2010,MAJA,17,0,17
2010,MAKAELA,6,0,6
2010,MAKAILA,10,0,10
2010,MAKAYLA,168,0,168
2010,MAKENNA,44,0,44
2010,MARIANNA,15,0,15
2010,MARIE,20,0,20
2010,MARIELLA,7,0,7
2010,MEADOW,16,0,16
2010,MEAGAN,7,0,7
2010,MEAGHAN,8,0,8
2010,MEAH,8,0,8
2010,MEDINA,8,0,8
2010,MEERA,7,0,7
2010,MEGAN,170,0,170
2010,MEGHAN,31,0,31
2010,MEHAK,6,0,6
2010,MELANIA,6,0,6
2010,MELANIE,51,0,51
2010,MELIA,8,0,8
2010,MELINA,25,0,25
2010,MELINDA,14,0,14
2010,MELISSA,50,0,50
2010,MELODY,62,0,62
2010,MERCEDES,7,0,7
2010,MEREDITH,19,0,19
2010,MIA,371,0,371
2010,MIAH,17,0,17
2010,MICAELA,11,0,11
2010,MICAH,90,78,12
2010,MICHAELA,43,0,43
2010,MCKINLEY,9,0,9
2010,MCKENZIE,23,0,23
2010,MCKENNA,43,0,43
2010,MCKAYLA,12,0,12
2010,MARIELLE,6,0,6
2010,MARINA,25,0,25
2010,MARION,6,0,6
2010,MARISA,20,0,20
2010,MARISSA,71,0,71
2010,MARLEE,12,0,12
2010,MARLEY,56,0,56
2010,MARLO,6,0,6
2010,MARLOWE,10,0,10
2010,MARTA,9,0,9
2010,MARTHA,16,0,16
2010,MADELYNN,29,0,29
2010,MARTINA,14,0,14
2010,MARY,72,0,72
2010,MARYAM,99,0,99
2010,MATILDA,23,0,23
2010,MATTEA,13,0,13
2010,MAUDE,17,0,17
2010,MAXINE,8,0,8
2010,MAY,8,0,8
2010,MAYA,352,0,352
2010,MAYAH,8,0,8
2010,MAËLLE,40,0,40
2010,MAÏKA,9,0,9
2010,MARWA,29,0,29
2010,MICHELA,12,0,12
2010,MADELYN,84,0,84
2010,MADELEINE,99,0,99
2010,LEIGHA,13,0,13
2010,LEIGHTON,21,8,13
2010,LEILA,52,0,52
2010,LENA,32,0,32
2010,LEONA,15,0,15
2010,LETICIA,6,0,6
2010,LEXI,45,0,45
2010,LEXIE,23,0,23
2010,LEXIS,7,0,7
2010,LEXUS,9,0,9
2010,LEXY,6,0,6
2010,LEYLA,11,0,11
2010,LIA,53,0,53
2010,LIAH,6,0,6
2010,LIANA,15,0,15
2010,LIANNA,8,0,8
2010,LIBBY,7,0,7
2010,LIBERTY,11,0,11
2010,LIDIA,6,0,6
2010,LILA,49,0,49
2010,LILAH,38,0,38
2010,LILIA,8,0,8
2010,LILIAN,33,0,33
2010,LEIA,21,0,21
2010,LILIANA,48,0,48
2010,LEENA,18,0,18
2010,LEANNE,23,0,23
2010,KYLEE,24,0,24
2010,KYLEIGH,15,0,15
2010,KYLIE,105,0,105
2010,KYRA,33,0,33
2010,LACEY,26,0,26
2010,LAIBA,15,0,15
2010,LAILA,56,0,56
2010,LAILAH,9,0,9
2010,LAMAR,11,5,6
2010,LANA,52,0,52
2010,LANEY,7,0,7
2010,LARA,47,0,47
2010,LARISSA,15,0,15
2010,LAURA,80,0,80
2010,LAUREL,7,0,7
2010,LAUREN,292,0,292
2010,LAURIE,6,0,6
2010,LAURYN,29,0,29
2010,LAYAN,14,0,14
2010,LAYLA,156,0,156
2010,LEA,17,0,17
2010,LEAH,345,0,345
2010,LEANNA,13,0,13
2010,LEEN,9,0,9
2010,LILIANNA,12,0,12
2010,LILIANNE,9,0,9
2010,LILLIAN,147,0,147
2010,LUCINDA,6,0,6
2010,LUCY,92,0,92
2010,LUELLA,6,0,6
2010,LUISA,7,0,7
2010,LUNA,14,0,14
2010,LYDIA,75,0,75
2010,LYLA,72,0,72
2010,LYLAH,8,0,8
2010,LYRA,16,0,16
2010,LYRIC,15,0,15
2010,LÉA,18,0,18
2010,MACAYLA,6,0,6
2010,MACEY,7,0,7
2010,MACI,8,0,8
2010,MACIE,12,0,12
2010,MACKAYLA,8,0,8
2010,MACKENNA,20,0,20
2010,MACKENZIE,243,20,223
2010,MACY,33,0,33
2010,MADALYN,20,0,20
2010,MADDIE,8,0,8
2010,MADDISON,54,0,54
2010,MADELAINE,20,0,20
2010,LUCILLE,9,0,9
2010,LUCIE,12,0,12
2010,LUCIANA,12,0,12
2010,LUCIA,27,0,27
2010,LILLIANNA,10,0,10
2010,LILLIE,13,0,13
2010,LILLY,82,0,82
2010,LILY,451,0,451
2010,LILY-ANNE,8,0,8
2010,LILYANA,12,0,12
2010,LILYANNE,6,0,6
2010,LINA,27,0,27
2010,LINDA,19,0,19
2010,LINDSAY,14,0,14
2010,LINDSEY,16,0,16
2010,MADELINE,101,0,101
2010,LISA,28,0,28
2010,LIVIA,21,0,21
2010,LIYANA,6,0,6
2010,LOGAN,689,663,26
2010,LOLA,62,0,62
2010,LONDON,29,7,22
2010,LONDYN,8,0,8
2010,LORA,8,0,8
2010,LORELEI,18,0,18
2010,LORRAINE,6,0,6
2010,LOTUS,6,0,6
2010,LUANA,6,0,6
2010,LIV,8,0,8
2010,AIYANA,6,0,6
2010,SANTINO,20,20,0
2010,AISHA,58,0,58
2010,MARKUS,43,43,0
2010,MARKO,40,40,0
2010,MARK,95,95,0
2010,MARIO,19,19,0
2010,MAREK,14,14,0
2010,MARCUS,249,249,0
2010,MARCOS,7,7,0
2010,MARCO,80,80,0
2010,MARLON,8,8,0
2010,MARCELO,7,7,0
2010,MARC,25,25,0
2010,MANUEL,12,12,0
2010,MANRAJ,15,15,0
2010,MANPREET,5,5,0
2010,MANAV,8,8,0
2010,MALIQUE,5,5,0
2010,MALIKAI,5,5,0
2010,MALIK,53,53,0
2010,MARCEL,11,11,0
2010,MARQUES,7,7,0
2010,MARSHALL,41,41,0
2010,MARTIN,48,48,0
2010,MAURICIO,6,6,0
2010,MAURICE,9,9,0
2010,MATTIAS,10,10,0
2010,MATTHIEU,7,7,0
2010,MATTHIAS,13,13,0
2010,MATTHEW,634,634,0
2010,MATTEO,191,191,0
2010,MATIAS,19,19,0
2010,MATHIS,27,27,0
2010,MATHIEU,26,26,0
2010,MATHIAS,19,19,0
2010,MATHEW,43,43,0
2010,MATHÉO,6,6,0
2010,MATEUSZ,5,5,0
2010,MATEO,105,105,0
2010,MASSIMO,32,32,0
2010,MASON,399,399,0
2010,MASEN,5,5,0
2010,MARVIN,7,7,0
2010,MALEK,7,7,0
2010,MAVERICK,19,19,0
2010,MALCOLM,39,39,0
2010,MALACHI,58,58,0
2010,LUIS,17,17,0
2010,LUIGI,6,6,0
2010,LUDOVIC,5,5,0
2010,LUCIUS,8,8,0
2010,LUCIEN,9,9,0
2010,LUCIANO,13,13,0
2010,LUCIAN,10,10,0
2010,LUCCA,9,9,0
2010,LUKA,78,78,0
2010,LUCAS,758,758,0
2010,LUC,36,36,0
2010,LOUKAS,6,6,0
2010,LOUKA,6,6,0
2010,LOUIS,25,25,0
2010,LOUIE,5,5,0
2010,LORENZO,22,22,0
2010,LOÏC,12,12,0
2010,LOCHLAN,20,20,0
2010,LUCA,206,206,0
2010,LUKAS,138,138,0
2010,LUKE,287,287,0
2010,LUKUS,5,5,0
2010,MAKSYMILIAN,7,7,0
2010,MAKSYM,11,11,0
2010,MAKSIM,19,19,0
2010,MAKAI,7,7,0
2010,MAHMOUD,5,5,0
2010,MAHIR,5,5,0
2010,MAHDI,19,19,0
2010,MAHAD,11,11,0
2010,MAGNUS,6,6,0
2010,MADDOX,36,36,0
2010,MADDIX,5,5,0
2010,MADDEX,5,5,0
2010,MADDEN,27,27,0
2010,MAC,7,7,0
2010,MAAZ,8,8,0
2010,LYNDON,7,7,0
2010,LYNDEN,6,6,0
2010,LYLE,7,7,0
2010,LYAM,9,9,0
2010,MALAKAI,19,19,0
2010,MAX,182,182,0
2010,MAXIM,78,78,0
2010,MAXIME,50,50,0
2010,NEEL,8,8,0
2010,NAVRAJ,10,10,0
2010,NAVIN,7,7,0
2010,NAVEEN,10,10,0
2010,NAVEED,5,5,0
2010,NATHEN,11,11,0
2010,NATHANIEL,223,223,0
2010,NATHANAEL,23,23,0
2010,NEHEMIAH,5,5,0
2010,NATHAN,747,747,0
2010,NASH,51,51,0
2010,NAHOM,8,8,0
2010,NABIL,7,7,0
2010,MYLES,78,78,0
2010,MUSTAFA,37,37,0
2010,MUSA,20,20,0
2010,MURTAZA,9,9,0
2010,MURAD,6,6,0
2010,NATE,28,28,0
2010,NEIL,26,26,0
2010,NELSON,12,12,0
2010,NEVEN,7,7,0
2010,NOAH,752,752,0
2010,NIXON,13,13,0
2010,NISHAN,7,7,0
2010,NIMA,5,5,0
2010,NIKOLAS,47,47,0
2010,NIKOLAOS,8,8,0
2010,NIKOLAI,10,10,0
2010,NIKOLA,23,23,0
2010,NIKO,12,12,0
2010,NIKHIL,26,26,0
2010,NIHAL,6,6,0
2010,NIGEL,15,15,0
2010,NICOLAS,149,149,0
2010,NICOLA,6,6,0
2010,NICO,32,32,0
2010,NICKOLAS,32,32,0
2010,NICK,14,14,0
2010,NICHOLAS,445,445,0
2010,NEVIN,7,7,0
2010,MUJTABA,10,10,0
2010,MUHAMMED,19,19,0
2010,MUHAMMAD,206,206,0
2010,MUAZ,6,6,0
2010,MICHELE,5,5,0
2010,MICHEL,7,7,0
2010,MICHEAL,16,16,0
2010,MICHAEL,526,526,0
2010,MICAIAH,5,5,0
2010,MENACHEM,10,10,0
2010,MEMPHIS,6,6,0
2010,MELVIN,6,6,0
2010,MEKHI,5,5,0
2010,MEHTAAB,5,5,0
2010,MEHDI,5,5,0
2010,MAZEN,7,7,0
2010,MAXX,6,6,0
2010,MAXWELL,106,106,0
2010,MAXTON,5,5,0
2010,MAXIMUS,67,67,0
2010,MAXIMILLIAN,5,5,0
2010,MAXIMILIANO,5,5,0
2010,MAXIMILIAN,38,38,0
2010,MIGUEL,47,47,0
2010,LIONEL,10,10,0
2010,MIKAEEL,6,6,0
2010,MIKAËL,6,6,0
2010,MOSTAFA,5,5,0
2010,MOSHE,6,6,0
2010,MOSES,11,11,0
2010,MOOSA,6,6,0
2010,MOMIN,7,7,0
2010,MOHAMMED,58,58,0
2010,MOHAMMAD,89,89,0
2010,MOHAMED,66,66,0
2010,MOHAMAD,19,19,0
2010,MITCHELL,42,42,0
2010,MIRZA,5,5,0
2010,MIR,5,5,0
2010,MILO,34,34,0
2010,MILLER,17,17,0
2010,MILES,73,73,0
2010,MILAD,6,6,0
2010,MIKHAIL,13,13,0
2010,MIKE,5,5,0
2010,MIKAIL,7,7,0
2010,MIKAEL,13,13,0
2010,LINKIN,12,12,0
2010,LINDEN,12,12,0
2010,LINCOLN,88,88,0
2010,KANE,32,32,0
2010,KAMRON,5,5,0
2010,KAMRAN,7,7,0
2010,KAMIL,5,5,0
2010,KAMERON,15,15,0
2010,KAMDEN,6,6,0
2010,KAMAL,6,6,0
2010,KALLUM,5,5,0
2010,KARAN,9,9,0
2010,KALLEN,5,5,0
2010,KALEB,121,121,0
2010,KALE,21,21,0
2010,KAIN,5,5,0
2010,KAIDEN,85,85,0
2010,KAELEN,8,8,0
2010,KAELEB,5,5,0
2010,KAELAN,10,10,0
2010,KAEL,10,10,0
2010,KALEN,10,10,0
2010,KARANVEER,6,6,0
2010,KAREEM,35,35,0
2010,KARIM,9,9,0
2010,KEATON,42,42,0
2010,KEAGAN,27,27,0
2010,KAYSON,5,5,0
2010,KAYSEN,7,7,0
2010,KAYNE,7,7,0
2010,KAYDIN,5,5,0
2010,KAVIN,7,7,0
2010,KASRA,6,6,0
2010,KASON,6,6,0
2010,KASHIF,5,5,0
2010,KASH,11,11,0
2010,KASEN,5,5,0
2010,KARTHIK,5,5,0
2010,KARTER,19,19,0
2010,KARSTEN,5,5,0
2010,KARSON,26,26,0
2010,KARSEN,5,5,0
2010,KARMAN,6,6,0
2010,KARL,14,14,0
2010,KAEDEN,15,15,0
2010,KADEN,60,60,0
2010,KADE,20,20,0
2010,KACPER,6,6,0
2010,JOHNSON,5,5,0
2010,JOHNNY,18,18,0
2010,JOHNATHON,12,12,0
2010,JOHNATHAN,28,28,0
2010,JOHN,252,252,0
2010,JOHANN,8,8,0
2010,JOHAN,15,15,0
2010,JOEL,91,91,0
2010,JOE,12,12,0
2010,JOASH,6,6,0
2010,JOAQUIN,16,16,0
2010,JIMMY,9,9,0
2010,JIBRIL,6,6,0
2010,JI,5,5,0
2010,JETT,18,18,0
2010,JETHRO,9,9,0
2010,JET,6,6,0
2010,JESSY,7,7,0
2010,JESSE,105,105,0
2010,JON,11,11,0
2010,KEEGAN,87,87,0
2010,JONAH,119,119,0
2010,JONATHAN,254,254,0
2010,KABIR,15,15,0
2010,JUSTIN,282,282,0
2010,JULIUS,15,15,0
2010,JULIO,5,5,0
2010,JULIEN,28,28,0
2010,JULIAN,162,162,0
2010,JUDAH,26,26,0
2010,JUAN,15,15,0
2010,JOZIAH,5,5,0
2010,JOVAN,17,17,0
2010,JOSUE,7,7,0
2010,JOSIAH,93,93,0
2010,JOSHUA,612,612,0
2010,JOSH,19,19,0
2010,JOSEPH,337,337,0
2010,JOSE,15,15,0
2010,JORDON,8,8,0
2010,JORDEN,11,11,0
2010,JONATHON,11,11,0
2010,JONAS,19,19,0
2010,NOAM,8,8,0
2010,KEENAN,35,35,0
2010,KEITH,32,32,0
2010,LANE,13,13,0
2010,LANDYN,21,21,0
2010,LANDON,223,223,0
2010,LANDIN,5,5,0
2010,LANDEN,60,60,0
2010,LANDAN,6,6,0
2010,LANCE,11,11,0
2010,LAITH,12,12,0
2010,LARRY,8,8,0
2010,LACHLAN,36,36,0
2010,KYLE,178,178,0
2010,KYLAN,6,6,0
2010,KYE,6,6,0
2010,KYAN,9,9,0
2010,KURTIS,20,20,0
2010,KURT,10,10,0
2010,KRYSTIAN,6,6,0
2010,KRISTOPHER,11,11,0
2010,KYLER,25,25,0
2010,LAWRENCE,12,12,0
2010,LAWSON,15,15,0
2010,LAYNE,14,14,0
2010,LIAM,917,917,0
2010,LEWIS,17,17,0
2010,LEVIN,5,5,0
2010,LEVI,122,122,0
2010,LEONIDAS,11,11,0
2010,LEONEL,6,6,0
2010,LEONARDO,39,39,0
2010,LEONARD,9,9,0
2010,LEON,21,21,0
2010,LÉO,11,11,0
2010,LEO,101,101,0
2010,LENNOX,19,19,0
2010,LENNON,15,15,0
2010,LELAND,42,42,0
2010,LEIF,18,18,0
2010,LEE,16,16,0
2010,LEANDRO,15,15,0
2010,LAZAR,5,5,0
2010,LAYTON,6,6,0
2010,KRISTIAN,26,26,0
2010,KRISHNA,8,8,0
2010,KRISHAN,6,6,0
2010,KRISH,28,28,0
2010,KING,8,8,0
2010,KIERAN,82,82,0
2010,KIAN,49,49,0
2010,KHALIL,7,7,0
2010,KHALID,18,18,0
2010,KHALED,5,5,0
2010,KEYON,7,7,0
2010,KEYAAN,5,5,0
2010,KEVIN,150,150,0
2010,KEON,6,6,0
2010,KENNY,10,10,0
2010,KENNETH,38,38,0
2010,KENDRICK,7,7,0
2010,KENAN,6,6,0
2010,KEN,14,14,0
2010,KELVIN,10,10,0
2010,KELTON,5,5,0
2010,KELLEN,12,12,0
2010,KELLAN,27,27,0
2010,KINGSLEY,34,34,0
2010,KEIRAN,8,8,0
2010,KINGSTON,67,67,0
2010,KIPTYN,8,8,0
2010,KORBIN,8,8,0
2010,KONSTANTINOS,7,7,0
2010,KONSTANTINE,5,5,0
2010,KONRAD,5,5,0
2010,KONNOR,5,5,0
2010,KONNER,7,7,0
2010,KOLTON,17,17,0
2010,KOLTEN,14,14,0
2010,KOLE,15,15,0
2010,KOLBY,10,10,0
2010,KOHL,5,5,0
2010,KOHEN,23,23,0
2010,KOEN,24,24,0
2010,KODY,11,11,0
2010,KOBI,5,5,0
2010,KOBE,18,18,0
2010,KNOX,8,8,0
2010,KISHAN,7,7,0
2010,KIRAN,6,6,0
2010,KIPTON,5,5,0
2010,NOEL,15,15,0
2010,NOLAN,213,213,0
2010,NORMAN,7,7,0
2010,TYE,13,13,0
2010,TYLER,390,390,0
2010,TYLOR,5,5,0
2010,TYRELL,10,10,0
2010,TYRESE,8,8,0
2010,TYRONE,7,7,0
2010,TYSEN,5,5,0
2010,TYSON,142,142,0
2010,TYCE,6,6,0
2010,UMAIR,5,5,0
2010,UMER,7,7,0
2010,USMAN,16,16,0
2010,UZAIR,8,8,0
2010,VALENTINO,5,5,0
2010,VAN,10,10,0
2010,VANCE,8,8,0
2010,VANSH,9,9,0
2010,VARUN,7,7,0
2010,UMAR,16,16,0
2010,TY,66,66,0
2010,TURNER,7,7,0
2010,TUCKER,23,23,0
2010,TOBIN,8,8,0
2010,TOBY,10,10,0
2010,TODD,6,6,0
2010,TOMAS,20,20,0
2010,TOMMY,7,7,0
2010,TONY,24,24,0
2010,TRACE,6,6,0
2010,TRAVIS,88,88,0
2010,TRENT,47,47,0
2010,TRENTON,24,24,0
2010,TREVOR,36,36,0
2010,TREY,23,23,0
2010,TREYVON,7,7,0
2010,TRISTAN,308,308,0
2010,TRISTEN,18,18,0
2010,TRISTIN,8,8,0
2010,TRISTON,7,7,0
2010,TROY,41,41,0
2010,TRYSTAN,12,12,0
2010,VAUGHN,9,9,0
2010,VEER,14,14,0
2010,VICTOR,77,77,0
2010,VIKTOR,10,10,0
2010,WOLFGANG,7,7,0
2010,WYATT,170,170,0
2010,XANDER,51,51,0
2010,XAVIER,211,211,0
2010,YAHYA,18,18,0
2010,YAQUB,7,7,0
2010,YASEEN,18,18,0
2010,YASH,15,15,0
2010,YASIN,11,11,0
2010,YASIR,9,9,0
2010,YASSER,5,5,0
2010,YASSIN,5,5,0
2010,YAZAN,10,10,0
2010,YEHUDA,6,6,0
2010,YISROEL,10,10,0
2010,YOSEF,11,11,0
2010,YOUSEF,17,17,0
2010,YOUSIF,22,22,0
2010,YOUSSEF,12,12,0
2010,WINSTON,19,19,0
2010,TOBIAS,21,21,0
2010,WILSON,13,13,0
2010,WILLIAM,657,657,0
2010,VINCE,8,8,0
2010,VINCENT,106,106,0
2010,VINCENZO,12,12,0
2010,VIRAJ,8,8,0
2010,VISHNU,7,7,0
2010,VIVAN,5,5,0
2010,VRAJ,8,8,0
2010,WADE,15,15,0
2010,WALEED,10,10,0
2010,WALKER,15,15,0
2010,WALTER,21,21,0
2010,WARREN,30,30,0
2010,WAYLON,8,8,0
2010,WAYNE,15,15,0
2010,WEI,6,6,0
2010,WESLEY,97,97,0
2010,WESTON,31,31,0
2010,WILL,14,14,0
2010,WILLEM,15,15,0
2010,WILLY,11,11,0
2010,YOUSUF,18,18,0
2010,TITUS,16,16,0
2010,TIMUR,8,8,0
2010,SHIV,9,9,0
2010,SHIVAM,12,12,0
2010,SHREY,6,6,0
2010,SIDDHARTH,8,8,0
2010,SILAS,55,55,0
2010,SIMEON,7,7,0
2010,SIMON,157,157,0
2010,SKYLER,34,34,0
2010,SHELDON,16,16,0
2010,SOLOMON,19,19,0
2010,SOREN,7,7,0
2010,SPENCER,111,111,0
2010,STANLEY,19,19,0
2010,STAVROS,7,7,0
2010,STEFAN,47,47,0
2010,STEFANO,19,19,0
2010,STEPHAN,16,16,0
2010,STEPHEN,44,44,0
2010,SONNY,7,7,0
2010,SHAYDEN,5,5,0
2010,SHAYAN,16,16,0
2010,SHAYAAN,14,14,0
2010,SARIM,9,9,0
2010,AISHAH,9,0,9
2010,SARTAJ,7,7,0
2010,SAYED,6,6,0
2010,SCOTT,40,40,0
2010,SEAMUS,16,16,0
2010,SEAN,109,109,0
2010,SEBASTIAN,230,230,0
2010,SEBASTIEN,24,24,0
2010,SÉBASTIEN,28,28,0
2010,SETH,94,94,0
2010,SHAAN,21,21,0
2010,SHAHEER,10,10,0
2010,SHALOM,5,5,0
2010,SHAMAR,6,6,0
2010,SHANE,39,39,0
2010,SHAUN,18,18,0
2010,SHAURYA,9,9,0
2010,SHAWN,39,39,0
2010,STERLING,5,5,0
2010,STEVEN,63,63,0
2010,STEWART,6,6,0
2010,STUART,7,7,0
2010,TEJAS,6,6,0
2010,TEODOR,7,7,0
2010,TERENCE,11,11,0
2010,TERRENCE,25,25,0
2010,TERRY,10,10,0
2010,THADDEUS,8,8,0
2010,THARUN,5,5,0
2010,THEO,27,27,0
2010,THÉO,12,12,0
2010,THEODORE,65,65,0
2010,THÉODORE,5,5,0
2010,THERON,5,5,0
2010,THIAGO,7,7,0
2010,THOMAS,308,308,0
2010,TIAGO,31,31,0
2010,TIANYI,8,8,0
2010,TIGER,14,14,0
2010,TIM,7,7,0
2010,TIMOTHY,89,89,0
2010,TEEGAN,7,7,0
2010,TITAN,6,6,0
2010,TEDDY,5,5,0
2010,TAVIN,7,7,0
2010,SUBHAN,12,12,0
2010,SUHAIB,5,5,0
2010,SUKHRAJ,8,8,0
2010,SULAIMAN,8,8,0
2010,SULAYMAN,5,5,0
2010,SULLIVAN,27,27,0
2010,SYED,69,69,0
2010,SYLAS,6,6,0
2010,TAHA,27,27,0
2010,TAJ,5,5,0
2010,TALAL,10,10,0
2010,TALAN,9,9,0
2010,TALEN,5,5,0
2010,TALHA,7,7,0
2010,TALON,13,13,0
2010,TANNER,63,63,0
2010,TARAN,10,10,0
2010,TARIQ,10,10,0
2010,TATE,16,16,0
2010,TAYDEN,5,5,0
2010,JERRY,13,13,0
2010,YUNUS,7,7,0
2010,YUSIF,5,5,0
2010,RASHAD,8,8,0
2010,RAPHAËL,8,8,0
2010,RAPHAEL,33,33,0
2010,RANVEER,6,6,0
2010,RANDY,8,8,0
2010,RANDALL,7,7,0
2010,RAMIN,5,5,0
2010,RAMI,6,6,0
2010,RAY,12,12,0
2010,RALPH,9,9,0
2010,RAIN,6,6,0
2010,RAIDEN,16,16,0
2010,RAHUL,5,5,0
2010,RAHEEM,5,5,0
2010,RAFAY,7,7,0
2010,RAFAEL,23,23,0
2010,QUINTON,45,45,0
2010,QUINTIN,32,32,0
2010,RAJVEER,8,8,0
2010,RAYAAN,8,8,0
2010,RAYDEN,5,5,0
2010,RAYHAN,13,13,0
2010,RIZWAN,6,6,0
2010,RISHI,13,13,0
2010,RICKY,16,16,0
2010,RICHARD,70,70,0
2010,RICARDO,13,13,0
2010,RIAN,5,5,0
2010,RHYS,68,68,0
2010,REX,11,11,0
2010,REUBEN,17,17,0
2010,REMY,5,5,0
2010,RÉMI,8,8,0
2010,REMI,6,6,0
2010,REILLY,10,10,0
2010,REID,129,129,0
2010,REHAN,19,19,0
2010,REED,31,31,0
2010,REECE,14,14,0
2010,RAYYAN,43,43,0
2010,RAYMOND,34,34,0
2010,QUINTEN,15,15,0
2010,QUINLAN,9,9,0
2010,QUINCY,9,9,0
2010,QUIN,8,8,0
2010,PARAS,5,5,0
2010,PAOLO,18,18,0
2010,PABLO,8,8,0
2010,OWEN,617,617,0
2010,OWAIS,6,6,0
2010,OTIS,5,5,0
2010,OSMAN,9,9,0
2010,OSKAR,13,13,0
2010,OSCAR,66,66,0
2010,ORLANDO,8,8,0
2010,ORION,8,8,0
2010,OREN,6,6,0
2010,OMER,12,12,0
2010,OMAR,79,79,0
2010,OM,9,9,0
2010,OLIVIER,39,39,0
2010,OLIVER,262,262,0
2010,ODIN,14,14,0
2010,OAKLEY,5,5,0
2010,PARSA,6,6,0
2010,ROBERT,159,159,0
2010,PASCAL,6,6,0
2010,PAUL,68,68,0
2010,QUENTIN,29,29,0
2010,QASIM,5,5,0
2010,QAIS,6,6,0
2010,PRINCE,19,19,0
2010,PRESTON,104,104,0
2010,PRANAV,8,8,0
2010,PRABHNOOR,5,5,0
2010,PORTER,10,10,0
2010,PIERRE,7,7,0
2010,PIERCE,19,19,0
2010,PHILLIP,13,13,0
2010,PHILIPPE,10,10,0
2010,PHILIP,38,38,0
2010,PETER,97,97,0
2010,PETAR,5,5,0
2010,PERRY,5,5,0
2010,PEDRO,8,8,0
2010,PEARSON,6,6,0
2010,PAXTON,17,17,0
2010,PATRICK,109,109,0
2010,YUSEF,5,5,0
2010,ROBERTO,14,14,0
2010,RODERICK,6,6,0
2010,ZAYDEN,10,10,0
2010,ZAYN,6,6,0
2010,ZAYNE,7,7,0
2010,ZEESHAN,7,7,0
2010,ZEV,8,8,0
2010,ZEYAD,5,5,0
2010,ZIAD,5,5,0
2010,ZION,22,22,0
2010,ZAYD,16,16,0
2010,ZIYAD,7,7,0
2010,SANTHOSH,11,11,0
2010,SANJAY,7,7,0
2010,SANDRO,7,7,0
2010,SAMUEL,437,437,0
2010,SAMSON,11,11,0
2010,SAMRATH,5,5,0
2010,SAMMY,7,7,0
2010,SAMIR,9,9,0
2010,ZOHAIB,9,9,0
2010,ZAYAN,19,19,0
2010,ZAVIER,15,15,0
2010,ZANE,25,25,0
2010,YUSUF,75,75,0
2010,YUVRAJ,22,22,0
2010,ZAC,6,6,0
2010,ZACHARIA,5,5,0
2010,ZACHARIAH,20,20,0
2010,ZACHARIE,6,6,0
2010,ZACHARY,276,276,0
2010,ZACHERY,11,11,0
2010,ZACK,18,18,0
2010,ZACKARY,35,35,0
2010,ZACKERY,15,15,0
2010,ZAID,20,20,0
2010,ZAIN,42,42,0
2010,ZAKARIA,14,14,0
2010,ZAKARIYA,18,18,0
2010,ZAKARY,11,11,0
2010,ZAKI,5,5,0
2010,ZAKIR,5,5,0
2010,ZANDER,27,27,0
2010,SAMI,22,22,0
2010,SAMEER,12,12,0
2010,SAM,64,64,0
2010,SALVATORE,11,11,0
2010,ROWEN,9,9,0
2010,ROSS,9,9,0
2010,ROSHAN,11,11,0
2010,RONNIE,6,6,0
2010,RONIT,6,6,0
2010,RONIN,28,28,0
2010,RONAN,56,56,0
2010,RONALDO,5,5,0
2010,RONALD,17,17,0
2010,RONAK,5,5,0
2010,RON,6,6,0
2010,ROMEO,21,21,0
2010,ROMAN,59,59,0
2010,ROLAND,10,10,0
2010,ROHAN,31,31,0
2010,ROHAAN,11,11,0
2010,ROGER,6,6,0
2010,ROGAN,5,5,0
2010,RODNEY,10,10,0
2010,ROY,14,14,0
2010,ROCCO,25,25,0
2010,ROYCE,14,14,0
2010,RUDRA,12,12,0
2010,SALMAN,5,5,0
2010,SALIM,7,7,0
2010,SAJJAD,6,6,0
2010,SAIF,12,12,0
2010,SAID,7,7,0
2010,SAHIL,15,15,0
2010,SAHIB,26,26,0
2010,SAFWAN,11,11,0
2010,SACHIN,5,5,0
2010,SACHA,9,9,0
2010,SAAD,17,17,0
2010,RYLAND,15,15,0
2010,RYKER,32,32,0
2010,RYERSON,15,15,0
2010,RYDER,146,146,0
2010,RYDEN,6,6,0
2010,RUSSELL,28,28,0
2010,RUI,8,8,0
2010,RUDY,7,7,0
2010,RUBEN,12,12,0
2010,JEROME,15,15,0
2010,JAIDEN,51,40,11
2010,JERICHO,9,9,0
2010,BISHOP,7,7,0
2010,BILLY,7,7,0
2010,BILL,5,5,0
2010,BILAL,35,35,0
2010,BENTLY,7,7,0
2010,BENTLEY,73,73,0
2010,BENSON,17,17,0
2010,BENOÎT,5,5,0
2010,BLAINE,10,10,0
2010,BENOIT,7,7,0
2010,BENNETT,38,38,0
2010,BENJAMIN,698,698,0
2010,BENICIO,5,5,0
2010,BENEDICT,5,5,0
2010,BENCE,6,6,0
2010,BENAIAH,5,5,0
2010,BEN,42,42,0
2010,BECKHAM,5,5,0
2010,BENNY,12,12,0
2010,BLAISE,7,7,0
2010,BLAZE,5,5,0
2010,BODHI,6,6,0
2010,BRAYLON,5,5,0
2010,BRAYDON,30,30,0
2010,BRAYDEN,249,249,0
2010,BRAYDAN,5,5,0
2010,BRAXTON,31,31,0
2010,BRANDON,156,156,0
2010,BRANDEN,7,7,0
2010,BRAIDEN,16,16,0
2010,BRAEDON,7,7,0
2010,BRAEDEN,38,38,0
2010,BRAEDAN,5,5,0
2010,BRADY,106,106,0
2010,BRADLEY,64,64,0
2010,BRADEN,27,27,0
2010,BOWEN,14,14,0
2010,BOSTON,10,10,0
2010,BOSCO,5,5,0
2010,BORIS,10,10,0
2010,BOGDAN,5,5,0
2010,BECKETT,18,18,0
2010,BRAYSON,7,7,0
2010,BEAU,18,18,0
2010,BARRETT,7,7,0
2010,ATTICUS,11,11,0
2010,ATLEY,5,5,0
2010,ATHAN,11,11,0
2010,ASHWIN,16,16,0
2010,ASHVIN,5,5,0
2010,ASHTON,118,118,0
2010,ASHER,61,61,0
2010,ASHAZ,5,5,0
2010,AUGUST,8,8,0
2010,ARYAN,41,41,0
2010,ARVIN,13,13,0
2010,ARUN,7,7,0
2010,ARTIN,7,7,0
2010,ARTHUR,32,32,0
2010,ARSHAN,6,6,0
2010,ARSH,6,6,0
2010,ARON,7,7,0
2010,ARNAV,12,12,0
2010,ARYAAN,5,5,0
2010,AUGUSTUS,6,6,0
2010,AUSTEN,7,7,0
2010,AUSTIN,296,296,0
2010,BARON,6,6,0
2010,BAO,5,5,0
2010,BALRAJ,5,5,0
2010,AZLAN,6,6,0
2010,AZAN,6,6,0
2010,AZAAN,7,7,0
2010,AYYAN,11,11,0
2010,AYUSH,7,7,0
2010,AYUB,10,10,0
2010,AYMAN,6,6,0
2010,AYDIN,15,15,0
2010,AYDEN,105,105,0
2010,AYDAN,12,12,0
2010,AYAN,20,20,0
2010,AYAAN,65,65,0
2010,AXEL,17,17,0
2010,AVRAHAM,5,5,0
2010,AVI,8,8,0
2010,AUSTYN,7,7,0
2010,BASTIAN,5,5,0
2010,BRENDAN,52,52,0
2010,BRENDEN,15,15,0
2010,BRENDON,8,8,0
2010,CHARBEL,7,7,0
2010,CHANNING,10,10,0
2010,CHANCE,36,36,0
2010,CHAD,15,15,0
2010,CHACE,24,24,0
2010,CÉDRIC,12,12,0
2010,CEDRIC,12,12,0
2010,CAYDEN,51,51,0
2010,CHARLES,219,219,0
2010,CASSIUS,8,8,0
2010,CASHTON,5,5,0
2010,CASH,22,22,0
2010,CARTER,443,443,0
2010,CARSON,174,174,0
2010,CARSEN,5,5,0
2010,CARMINE,9,9,0
2010,CARMELO,7,7,0
2010,CARLOS,31,31,0
2010,CASON,8,8,0
2010,CHASE,232,232,0
2010,CHAYSE,6,6,0
2010,CHRIS,23,23,0
2010,COLLIN,25,25,0
2010,COLIN,128,128,0
2010,COLETON,16,16,0
2010,COLESON,6,6,0
2010,COLE,275,275,0
2010,COLBY,44,44,0
2010,COHEN,126,126,0
2010,COEN,8,8,0
2010,CODY,83,83,0
2010,COBY,8,8,0
2010,CLINTON,6,6,0
2010,CLAYTON,30,30,0
2010,CLARKE,5,5,0
2010,CLARK,26,26,0
2010,CIAN,18,18,0
2010,CHRISTOS,8,8,0
2010,CHRISTOPHER,204,204,0
2010,CHRISTIANO,7,7,0
2010,CHRISTIAN,217,217,0
2010,CARLO,8,8,0
2010,CARL,10,10,0
2010,CANAAN,5,5,0
2010,CAMRON,6,6,0
2010,BRYTON,6,6,0
2010,BRYSON,63,63,0
2010,BRYDEN,13,13,0
2010,BRYCEN,13,13,0
2010,BRYCE,79,79,0
2010,BRYANT,6,6,0
2010,BRYAN,52,52,0
2010,BRUNO,10,10,0
2010,BRUCE,13,13,0
2010,BRONSON,12,12,0
2010,BROGAN,5,5,0
2010,BRODY,165,165,0
2010,BRODIE,28,28,0
2010,BROCK,48,48,0
2010,BRIAN,71,71,0
2010,BRETT,23,23,0
2010,BRENT,10,10,0
2010,BRENNEN,9,9,0
2010,BRENNAN,29,29,0
2010,BURKE,5,5,0
2010,ARMIN,8,8,0
2010,BYRON,7,7,0
2010,CADEN,61,61,0
2010,CAMPBELL,8,8,0
2010,CAMILO,7,7,0
2010,CAMDEN,30,30,0
2010,CALVIN,59,59,0
2010,CALUM,17,17,0
2010,CALLUM,89,89,0
2010,CALLEN,14,14,0
2010,CALLAN,7,7,0
2010,CALEN,6,6,0
2010,CALEB,280,280,0
2010,CALE,9,9,0
2010,CALDER,10,10,0
2010,CAIUS,6,6,0
2010,CAIRO,9,9,0
2010,CAIN,8,8,0
2010,CAIDEN,24,24,0
2010,CAELAN,15,15,0
2010,CAEL,9,9,0
2010,CAEDEN,11,11,0
2010,CADE,12,12,0
2010,ARMAN,28,28,0
2010,ARMAAN,55,55,0
2010,ARLO,9,9,0
2010,ABDALLAH,6,6,0
2010,ABBAS,17,17,0
2010,AAYUSH,7,7,0
2010,AAYAN,27,27,0
2010,AARYAN,8,8,0
2010,AARUSH,12,12,0
2010,AARON,228,228,0
2010,AARIZ,17,17,0
2010,ABDIRAHMAN,9,9,0
2010,AARAV,41,41,0
2010,AAKASH,5,5,0
2010,AAHIL,8,8,0
2010,AADEN,12,12,0
2010,AALIYA,8,0,8
2010,AALIYAH,114,0,114
2010,AAMNA,7,0,7
2010,AANYA,13,0,13
2010,AARYA,6,0,6
2010,AARAN,6,6,0
2010,ABDUL,19,19,0
2010,ABDULKADIR,5,5,0
2010,ABDULLAH,68,68,0
2010,ADITYA,12,12,0
2010,ADIL,10,10,0
2010,ADEN,27,27,0
2010,ADEM,6,6,0
2010,ADAN,7,7,0
2010,ADAMO,6,6,0
2010,ADAM,412,412,0
2010,ACE,6,6,0
2010,ABRAR,6,6,0
2010,ABRAM,14,14,0
2010,ABRAHAM,20,20,0
2010,ABINASH,6,6,0
2010,ABID,5,5,0
2010,ABHIJOT,12,12,0
2010,ABHAY,5,5,0
2010,ABEL,15,15,0
2010,ABDUR,6,6,0
2010,ABDULRAHMAN,6,6,0
2010,ABDULLAHI,5,5,0
2010,ABAGAIL,10,0,10
2010,ABBEY,18,0,18
2010,ABBIE,14,0,14
2010,ABBIGAIL,41,0,41
2010,ADELYN,17,0,17
2010,ADINA,7,0,7
2010,ADITI,6,0,6
2010,ADRIANA,65,0,65
2010,ADRIANNA,61,0,61
2010,ADRIENNE,14,0,14
2010,ADYSON,6,0,6
2010,ADÈLE,9,0,9
2010,AGANETHA,10,0,10
2010,AGATHA,9,0,9
2010,AGNES,9,0,9
2010,AIDA,11,0,11
2010,AIKAM,27,12,15
2010,AILA,9,0,9
2010,AILEEN,8,0,8
2010,AIMEE,13,0,13
2010,AINSLEE,6,0,6
2010,AINSLEY,62,0,62
2010,JERMAINE,7,7,0
2010,ADELLE,13,0,13
2010,ADNAN,10,10,0
2010,ADELINE,18,0,18
2010,ADELE,32,0,32
2010,ABBIGALE,8,0,8
2010,ABBY,58,0,58
2010,ABBYGAIL,11,0,11
2010,ABIGAEL,9,0,9
2010,ABIGAIL,529,0,529
2010,ABIGALE,19,0,19
2010,ABIGAYLE,24,0,24
2010,ABINA,6,0,6
2010,ABINAYA,9,0,9
2010,ABISHA,11,0,11
2010,ABRIELLE,7,0,7
2010,ABYGAIL,7,0,7
2010,ADA,15,0,15
2010,ADALYN,17,0,17
2010,ADARA,7,0,7
2010,ADDISON,258,8,250
2010,ADDISYN,22,0,22
2010,ADDYSON,41,0,41
2010,ADELAIDE,45,0,45
2010,ADELINA,10,0,10
2010,COLSON,6,6,0
2010,ADONIS,5,5,0
2010,ADRIANO,30,30,0
2010,ANGELO,34,34,0
2010,ANGAD,19,19,0
2010,ANDY,38,38,0
2010,ANDREY,5,5,0
2010,ANDREW,374,374,0
2010,ANDRES,14,14,0
2010,ANDREI,11,11,0
2010,ANDREAS,23,23,0
2010,ANGUS,13,13,0
2010,ANDRÉ,11,11,0
2010,ANDERSON,42,42,0
2010,ANDERS,6,6,0
2010,ANASTASIOS,5,5,0
2010,ANAS,9,9,0
2010,ANAND,5,5,0
2010,ANAKIN,5,5,0
2010,AMR,5,5,0
2010,AMOS,7,7,0
2010,ANDRE,32,32,0
2010,ANHAD,6,6,0
2010,ANISH,9,9,0
2010,ANSON,22,22,0
2010,ARJUN,54,54,0
2010,ARJAN,9,9,0
2010,ARIZ,5,5,0
2010,ARISH,5,5,0
2010,ARIAN,12,12,0
2010,ARI,22,22,0
2010,ARHAM,16,16,0
2010,AREEB,5,5,0
2010,ARDA,5,5,0
2010,ARCHIE,5,5,0
2010,ARCHER,14,14,0
2010,ARAV,13,13,0
2010,ARASH,5,5,0
2010,ARAM,6,6,0
2010,ANTONY,7,7,0
2010,ANTONIO,71,71,0
2010,ANTON,12,12,0
2010,ANTOINE,22,22,0
2010,ANTHONY,305,305,0
2010,AMMAR,19,19,0
2010,AMIR,32,32,0
2010,AMIN,10,10,0
2010,AMEER,7,7,0
2010,ALEK,6,6,0
2010,ALEJANDRO,26,26,0
2010,ALEC,20,20,0
2010,ALDO,5,5,0
2010,ALBERT,23,23,0
2010,ALASTAIR,5,5,0
2010,ALAN,29,29,0
2010,AKSHAYAN,6,6,0
2010,AKASH,8,8,0
2010,AJAY,16,16,0
2010,AIDEN,418,418,0
2010,AIDAN,228,228,0
2010,AHMED,75,75,0
2010,AHMAD,42,42,0
2010,AHAD,9,9,0
2010,AFFAN,6,6,0
2010,AEDAN,7,7,0
2010,ADRIEN,12,12,0
2010,ADRIEL,13,13,0
2010,ALEKSANDAR,6,6,0
2010,ADRIAN,177,177,0
2010,ALEKSANDER,19,19,0
2010,ALESSIO,18,18,0
2010,AMEEN,9,9,0
2010,AMARI,17,17,0
2010,AMAR,20,20,0
2010,AMAN,5,5,0
2010,AMAAR,5,5,0
2010,ALY,6,6,0
2010,ALVIN,23,23,0
2010,ALLEN,23,23,0
2010,ALLAN,11,11,0
2010,ALISTAIR,10,10,0
2010,ALIJAH,6,6,0
2010,ALFRED,7,7,0
2010,ALFONSO,5,5,0
2010,ALEXZANDER,5,5,0
2010,ALEXY,6,6,0
2010,ALEXEY,5,5,0
2010,ALEXANDROS,9,9,0
2010,ALEXANDRE,60,60,0
2010,ALEXANDER,664,664,0
2010,ALESSANDRO,48,48,0
2010,COLT,5,5,0
2010,ARIS,5,5,0
2010,COLTON,214,214,0
2010,HAROON,5,5,0
2010,HARMAN,11,11,0
2010,HARJOT,9,9,0
2010,HARIS,14,14,0
2010,HARIHARAN,5,5,0
2010,HARI,5,5,0
2010,HANSON,7,7,0
2010,HANK,6,6,0
2010,HARRIS,8,8,0
2010,HAMZAH,12,12,0
2010,HAIDER,12,12,0
2010,HAIDEN,13,13,0
2010,HADI,17,17,0
2010,GURVIR,6,6,0
2010,GURVEER,6,6,0
2010,GURSHAN,20,20,0
2010,GURSHAAN,8,8,0
2010,GURMAN,10,10,0
2010,HAMZA,63,63,0
2010,HARRISON,87,87,0
2010,HARRY,19,19,0
2010,HARSHAAN,6,6,0
2010,HUDSON,173,173,0
2010,HOWARD,8,8,0
2010,HOLDEN,37,37,0
2010,HIMMAT,8,8,0
2010,HEWITT,5,5,0
2010,HENRY,211,211,0
2010,HENRI,17,17,0
2010,HENDRIX,6,6,0
2010,HENDRIK,5,5,0
2010,HEINRICH,6,6,0
2010,HEATH,6,6,0
2010,HAYDN,6,6,0
2010,HASSAN,36,36,0
2010,HASHIR,9,9,0
2010,HASHIM,12,12,0
2010,HASEEB,6,6,0
2010,HASAN,23,23,0
2010,HARVEY,5,5,0
2010,HARUN,6,6,0
2010,GURJOT,6,6,0
2010,GUNNER,5,5,0
2010,GUILLAUME,5,5,0
2010,GRIFFIN,67,67,0
2010,GIANLUCA,39,39,0
2010,GIANCARLO,13,13,0
2010,GIAN,8,8,0
2010,GERALD,13,13,0
2010,GEORGE,106,106,0
2010,GEOFFREY,6,6,0
2010,GAVYN,6,6,0
2010,GAVRIEL,6,6,0
2010,GAVIN,302,302,0
2010,GARY,14,14,0
2010,GARRETT,14,14,0
2010,GAGE,55,55,0
2010,GABRIELE,13,13,0
2010,GABRIEL,399,399,0
2010,GABE,5,5,0
2010,FYNN,7,7,0
2010,FREDERICK,12,12,0
2010,FRASER,10,10,0
2010,FRANZ,7,7,0
2010,GIANMARCO,6,6,0
2010,HUGH,18,18,0
2010,GIANNI,7,7,0
2010,GIDEON,23,23,0
2010,GRIFFEN,7,7,0
2010,GREYSON,29,29,0
2010,GREYSEN,5,5,0
2010,GREGORY,47,47,0
2010,GRAYSON,162,162,0
2010,GRAYSEN,7,7,0
2010,GRAYDON,38,38,0
2010,GRAYDEN,8,8,0
2010,GRAY,5,5,0
2010,GRANT,27,27,0
2010,GRAHAM,21,21,0
2010,GRAEME,15,15,0
2010,GRADY,35,35,0
2010,GORDON,24,24,0
2010,GIUSEPPE,17,17,0
2010,GIULIANO,8,8,0
2010,GIOVANNI,23,23,0
2010,GIORGIO,6,6,0
2010,GILBERT,7,7,0
2010,GIBSON,10,10,0
2010,FRANKLIN,5,5,0
2010,HUGO,26,26,0
2010,HUSSEIN,18,18,0
2010,JAXON,159,159,0
2010,JAXEN,11,11,0
2010,JAX,19,19,0
2010,JAWAD,13,13,0
2010,JAVIER,13,13,0
2010,JASRAJ,6,6,0
2010,JASPER,54,54,0
2010,JASON,153,153,0
2010,JAXSON,68,68,0
2010,JASIAH,7,7,0
2010,JASE,6,6,0
2010,JARVIS,6,6,0
2010,JARRETT,8,8,0
2010,JARED,43,43,0
2010,JAN,9,9,0
2010,JAMESON,20,20,0
2010,JAMES,467,467,0
2010,JAMAL,13,13,0
2010,JASHAN,11,11,0
2010,JAXXON,5,5,0
2010,JAY,21,21,0
2010,JAYCE,18,18,0
2010,JEREMY,106,106,0
2010,JÉRÉMIE,8,8,0
2010,JÉRÉMY,6,6,0
2010,COLTEN,30,30,0
2010,JEREMIAH,89,89,0
2010,JENSEN,10,10,0
2010,JEFFREY,31,31,0
2010,JEFFERY,10,10,0
2010,JEEVAN,6,6,0
2010,JEDIDIAH,5,5,0
2010,JEDIAH,5,5,0
2010,JED,5,5,0
2010,JEAN,6,6,0
2010,JAYSON,11,11,0
2010,JAYMES,5,5,0
2010,JAYLEN,22,22,0
2010,JAYKOB,5,5,0
2010,JAYDON,12,12,0
2010,JAYCOB,6,6,0
2010,JALEN,18,18,0
2010,JAKUB,20,20,0
2010,JAKOB,69,69,0
2010,JAKE,167,167,0
2010,ISRAEL,12,12,0
2010,ISMAIL,16,16,0
2010,ISIAH,7,7,0
2010,ISHAN,8,8,0
2010,ISHAAN,23,23,0
2010,ISAIAH,157,157,0
2010,ISAAK,16,16,0
2010,ISAAC,230,230,0
2010,ISA,9,9,0
2010,IMRAN,11,11,0
2010,IMAAD,5,5,0
2010,ILYAS,11,11,0
2010,ILIAS,5,5,0
2010,IDRIS,7,7,0
2010,IBRAHIM,101,101,0
2010,IBRAHEEM,10,10,0
2010,IAN,112,112,0
2010,IAIN,13,13,0
2010,HUZAIFA,11,11,0
2010,ISSAC,5,5,0
2010,HUMZA,8,8,0
2010,IVAN,52,52,0
2010,IZAAN,5,5,0
2010,JAIVEER,13,13,0
2010,JAIRUS,6,6,0
2010,JAI,15,15,0
2010,JAHZIAH,5,5,0
2010,JAHVON,5,5,0
2010,JAHMARI,6,6,0
2010,JAHEIM,6,6,0
2010,JAGJOT,7,7,0
2010,JAGGER,6,6,0
2010,JAEDEN,6,6,0
2010,JADON,15,15,0
2010,JAD,15,15,0
2010,JACOBY,5,5,0
2010,JACOB,894,894,0
2010,JACKY,8,8,0
2010,JACKSON,347,347,0
2010,JACK,499,499,0
2010,JACE,50,50,0
2010,IZAIAH,9,9,0
2010,IZAAK,7,7,0
2010,FRANK,24,24,0
2010,HUSSAIN,16,16,0
2010,FRANCIS,18,18,0
2010,DEREK,64,64,0
2010,DENVER,14,14,0
2010,DENNIS,30,30,0
2010,DENIZ,7,7,0
2010,DENIS,15,15,0
2010,DEEGAN,9,9,0
2010,DECLAN,120,120,0
2010,DEANDRE,7,7,0
2010,DERICK,6,6,0
2010,DEAN,54,54,0
2010,DAXTON,11,11,0
2010,DAX,11,11,0
2010,DAWSON,52,52,0
2010,DAVIS,17,17,0
2010,DAVIN,15,15,0
2010,DAVID,372,372,0
2010,DARWIN,8,8,0
2010,DARREN,39,39,0
2010,DEACON,18,18,0
2010,DESMOND,43,43,0
2010,DEV,20,20,0
2010,DEVAN,13,13,0
2010,DONAVIN,5,5,0
2010,DONALD,17,17,0
2010,DOMINIK,31,31,0
2010,DOMINICK,12,12,0
2010,DOMINIC,132,132,0
2010,DOMENICO,10,10,0
2010,DOMENIC,31,31,0
2010,DION,7,7,0
2010,DIMITRIOS,10,10,0
2010,DIMITRI,9,9,0
2010,DILLON,18,18,0
2010,DILLAN,5,5,0
2010,DILAN,9,9,0
2010,DIEGO,25,25,0
2010,DHRUV,10,10,0
2010,DEXTER,42,42,0
2010,DEVONTE,8,8,0
2010,DEVIN,60,60,0
2010,DEVEN,12,12,0
2010,DARIUS,60,60,0
2010,DARIO,13,13,0
2010,DARIN,5,5,0
2010,DARIEN,7,7,0
2010,CRUZ,37,37,0
2010,CROSBY,10,10,0
2010,CRISTIANO,19,19,0
2010,CRISTIAN,38,38,0
2010,CRAIG,5,5,0
2010,CORY,5,5,0
2010,CORNY,8,8,0
2010,CORNELIUS,5,5,0
2010,CORMAC,7,7,0
2010,COREY,13,13,0
2010,CORBIN,30,30,0
2010,COOPER,160,160,0
2010,CONSTANTINE,11,11,0
2010,CONRAD,8,8,0
2010,FRANCISCO,5,5,0
2010,CONOR,20,20,0
2010,CONNOR,330,330,0
2010,CONNER,34,34,0
2010,CONALL,6,6,0
2010,CULLEN,12,12,0
2010,DONOVAN,25,25,0
2010,CURTIS,38,38,0
2010,DAEMON,5,5,0
2010,DARIAN,11,11,0
2010,DANTE,99,99,0
2010,DANNY,30,30,0
2010,DANIYAL,17,17,0
2010,DANISH,5,5,0
2010,DANILO,6,6,0
2010,DANIELE,8,8,0
2010,DANIEL,573,573,0
2010,DANIAL,9,9,0
2010,DANE,17,17,0
2010,DAN,5,5,0
2010,DAMON,39,39,0
2010,DAMION,10,10,0
2010,DAMIEN,81,81,0
2010,DAMIAN,60,60,0
2010,DAMAN,5,5,0
2010,DALTON,10,10,0
2010,DALLAS,30,30,0
2010,DALE,5,5,0
2010,CYRUS,22,22,0
2010,DORIAN,14,14,0
2010,DARRYL,6,6,0
2010,DOV,5,5,0
2010,EZRA,41,41,0
2010,EWAN,41,41,0
2010,EVIN,6,6,0
2010,EVERETT,57,57,0
2010,EVEREST,5,5,0
2010,EVANDER,7,7,0
2010,ÉTIENNE,6,6,0
2010,ETIENNE,7,7,0
2010,ETHYN,8,8,0
2010,ETHEN,11,11,0
2010,ETHAN,931,931,0
2010,ESTEBAN,9,9,0
2010,ESHAN,12,12,0
2010,ESHAAN,11,11,0
2010,ESA,5,5,0
2010,ERNESTO,5,5,0
2010,ERNEST,7,7,0
2010,ERIK,37,37,0
2010,ERICK,9,9,0
2010,FAHAD,5,5,0
2010,FAISAL,15,15,0
2010,FAIZAN,7,7,0
2010,FARAZ,6,6,0
2010,FRANCESCO,33,33,0
2010,FOX,5,5,0
2010,FOSTER,14,14,0
2010,FLETCHER,10,10,0
2010,DOUGLAS,13,13,0
2010,FISHER,5,5,0
2010,FIONN,7,7,0
2010,FINNLEY,10,10,0
2010,FINNIAN,6,6,0
2010,ERIC,192,192,0
2010,FINNEGAN,13,13,0
2010,FINLAY,9,9,0
2010,FILIP,28,28,0
2010,FERNANDO,11,11,0
2010,FÉLIX,31,31,0
2010,FELIX,62,62,0
2010,FELIPE,7,7,0
2010,FATEH,5,5,0
2010,FARIS,13,13,0
2010,FARHAN,14,14,0
2010,FINN,52,52,0
2010,EPHRAIM,7,7,0
2010,EZEKIEL,37,37,0
2010,EASTON,65,65,0
2010,EESA,9,9,0
2010,DRAYDEN,12,12,0
2010,EDWARD,88,88,0
2010,EDMUND,8,8,0
2010,EDMOND,5,5,0
2010,EDISON,8,8,0
2010,EDDIE,8,8,0
2010,EASON,7,7,0
2010,EAMON,8,8,0
2010,DYSON,5,5,0
2010,DYLLAN,5,5,0
2010,DWAYNE,12,12,0
2010,DUSTIN,23,23,0
2010,DUNCAN,29,29,0
2010,DUKE,6,6,0
2010,DRAVEN,9,9,0
2010,EOIN,5,5,0
2010,DREYDEN,6,6,0
2010,DRAKE,54,54,0
2010,ELI,136,136,0
2010,ELIAS,68,68,0
2010,EDWIN,22,22,0
2010,ELIO,5,5,0
2010,ENZO,24,24,0
2010,ENRIQUE,5,5,0
2010,ENOCH,7,7,0
2010,EMRE,5,5,0
2010,EMMITT,15,15,0
2010,EMMETT,94,94,0
2010,ELIJAH,205,205,0
2010,EMMANUEL,45,45,0
2010,EMILIO,11,11,0
2010,EMMET,6,6,0
2010,ÉMILE,8,8,0
2010,ELIOT,5,5,0
2010,EMILIANO,9,9,0
2010,ELVIN,5,5,0
2010,ELYAS,9,9,0
2010,ELLIS,10,10,0
2010,EMANUEL,10,10,0
2010,EMIL,7,7,0
2011,MARIELLE,7,0,7
2011,MARINA,25,0,25
2011,MARIE,28,0,28
2011,MARIANNE,8,0,8
2011,MARIANNA,11,0,11
2011,MARISA,15,0,15
2011,MARIANA,32,0,32
2011,MARISOL,7,0,7
2011,MARIAM,67,0,67
2011,MCKAYLA,14,0,14
2011,MARIA,128,0,128
2011,MARGARETHA,7,0,7
2011,MARGARET,43,0,43
2011,MAREN,10,0,10
2011,MARA,18,0,18
2011,MANUELA,6,0,6
2011,MARISSA,53,0,53
2011,MANREET,9,0,9
2011,MCKENZIE,29,0,29
2011,MARIAH,46,0,46
2011,MARLEE,13,0,13
2011,MAYAR,6,0,6
2011,MARLENE,6,0,6
2011,MCKENNA,37,0,37
2011,MANNAT,31,0,31
2011,MAËLLE,23,0,23
2011,MAÉLIE,7,0,7
2011,MAYAH,8,0,8
2011,MAYA,356,0,356
2011,MAVIS,10,0,10
2011,MAUDE,9,0,9
2011,MATTEA,9,0,9
2011,MATILDA,24,0,24
2011,MATAYA,8,0,8
2011,MARYN,6,0,6
2011,MARYAM,82,0,82
2011,MARY,65,0,65
2011,MARWA,23,0,23
2011,MARTINA,17,0,17
2011,MARTHA,13,0,13
2011,MARLOWE,10,0,10
2011,MARLEY,34,0,34
2011,MARLEIGH,6,0,6
2011,MANHA,17,0,17
2011,MADILYNN,8,0,8
2011,MANAL,6,0,6
2011,MAHAM,7,0,7
2011,MAHA,14,0,14
2011,MAGGIE,41,0,41
2011,MAGDALENA,13,0,13
2011,MAGALIE,7,0,7
2011,MAEVE,40,0,40
2011,MAEVA,11,0,11
2011,MAELLE,20,0,20
2011,MAE,14,0,14
2011,MAHI,12,0,12
2011,MADYSON,9,0,9
2011,MADISON,385,0,385
2011,MADELEINE,91,0,91
2011,MADINA,8,0,8
2011,MADILYN,19,0,19
2011,MADIHA,7,0,7
2011,MADELYNN,19,0,19
2011,MCKINLEY,21,0,21
2011,MADELYN,111,0,111
2011,MADELINE,111,0,111
2011,MADISYN,20,0,20
2011,MANDY,8,0,8
2011,MAHNOOR,6,0,6
2011,MAIRA,12,0,12
2011,MANAHIL,7,0,7
2011,MALLORY,26,0,26
2011,MALIYAH,14,0,14
2011,MALIYA,13,0,13
2011,MALINA,8,0,8
2011,MALIKA,10,0,10
2011,MALIHA,6,0,6
2011,MALIAH,8,0,8
2011,MALIA,17,0,17
2011,MAIA,42,0,42
2011,MALENA,6,0,6
2011,MALAK,21,0,21
2011,MALAIKA,8,0,8
2011,MAKENZIE,24,0,24
2011,MAKENNA,51,0,51
2011,MAKENA,7,0,7
2011,MAKAYLA,120,0,120
2011,MAJA,7,0,7
2011,MAIYA,14,0,14
2011,MAISIE,17,0,17
2011,MALAYA,10,0,10
2011,MEADOW,14,0,14
2011,NEVA,7,0,7
2011,MEAH,8,0,8
2011,NANCY,21,0,21
2011,NAIYA,7,0,7
2011,NAIMA,12,0,12
2011,NAHLA,17,0,17
2011,NADINE,9,0,9
2011,NADIA,40,0,40
2011,NADA,14,0,14
2011,NABIHA,9,0,9
2011,NABEEHA,6,0,6
2011,MÉLODIE,9,0,9
2011,MYSHA,8,0,8
2011,MYRA,20,0,20
2011,MYLEE,6,0,6
2011,MYLA,48,0,48
2011,MYAH,36,0,36
2011,MYA,237,0,237
2011,MUSKAAN,6,0,6
2011,MORGAN,145,28,117
2011,MONIQUE,11,0,11
2011,NAOMI,124,0,124
2011,NAOMIE,6,0,6
2011,NATALIA,80,0,80
2011,NATALIE,199,0,199
2011,NIKA,13,0,13
2011,MADELAINE,8,0,8
2011,NICOLE,147,0,147
2011,NICOLA,17,10,7
2011,NIAMH,16,0,16
2011,NIA,18,0,18
2011,NEVE,23,0,23
2011,NEVAEH,147,0,147
2011,NELLY,15,0,15
2011,MONICA,19,0,19
2011,NELLIE,6,0,6
2011,NEHA,13,0,13
2011,NEDA,6,0,6
2011,NAYELI,6,0,6
2011,NAYA,14,0,14
2011,NAVYA,6,0,6
2011,NAVREET,7,0,7
2011,NATHALIE,9,0,9
2011,NATASHA,43,0,43
2011,NATALYA,16,0,16
2011,NEKO,6,0,6
2011,MONA,8,0,8
2011,MOMINA,6,0,6
2011,MOLLY,137,0,137
2011,MICAELA,10,0,10
2011,MIAH,18,0,18
2011,MIA,356,0,356
2011,MEREDITH,15,0,15
2011,MERCY,6,0,6
2011,MERCEDES,10,0,10
2011,MELODY,61,0,61
2011,MELODIE,7,0,7
2011,MELISSA,43,0,43
2011,MICAH,92,79,13
2011,MELINA,38,0,38
2011,MELANIE,52,0,52
2011,MELANIA,16,0,16
2011,MEHER,10,0,10
2011,MEHAR,10,0,10
2011,MEGHAN,26,0,26
2011,MEGAN,127,0,127
2011,MEERAB,6,0,6
2011,MEERA,14,0,14
2011,MEDINA,7,0,7
2011,MELIA,6,0,6
2011,MEAGAN,6,0,6
2011,MICHAELA,43,0,43
2011,MICHELLE,97,0,97
2011,MIYAH,6,0,6
2011,MIYA,17,0,17
2011,MISHA,11,0,11
2011,MISCHA,6,0,6
2011,MIRIAM,35,0,35
2011,MIRANDA,35,0,35
2011,MIRABELLE,7,0,7
2011,MIRA,26,0,26
2011,MINA,19,0,19
2011,MICHELA,8,0,8
2011,MILLICENT,7,0,7
2011,MILEY,24,0,24
2011,MILENA,31,0,31
2011,MILANA,22,0,22
2011,MILAN,36,29,7
2011,MILAH,6,0,6
2011,MILA,132,0,132
2011,MIKAYLA,111,0,111
2011,MIKAELA,52,0,52
2011,MIKA,17,0,17
2011,MILLA,14,0,14
2011,MADDISON,41,0,41
2011,KARLEY,7,0,7
2011,MADALYN,15,0,15
2011,KIMBERLEY,6,0,6
2011,KILEY,9,0,9
2011,KIERSTEN,6,0,6
2011,KIERRA,10,0,10
2011,KIERA,44,0,44
2011,KIARA,49,0,49
2011,KIANNA,13,0,13
2011,KIANA,30,0,30
2011,KHUSHI,7,0,7
2011,KHLOÉ,10,0,10
2011,KHLOE,83,0,83
2011,KHADIJAH,25,0,25
2011,KHADIJA,27,0,27
2011,KEZIAH,19,0,19
2011,KENZIE,50,0,50
2011,KENNEDY,81,0,81
2011,KENLEY,8,0,8
2011,KENDRA,57,0,57
2011,KENDAL,7,0,7
2011,KIMBERLY,19,0,19
2011,KIMORA,6,0,6
2011,KINLEY,18,0,18
2011,KINSEY,6,0,6
2011,LACEY,25,0,25
2011,KYRA,36,0,36
2011,KYLIE,116,0,116
2011,KYLEIGH,8,0,8
2011,KYLEE,34,0,34
2011,KYLAH,8,0,8
2011,KYLA,56,0,56
2011,KYA,10,0,10
2011,KRYSTAL,8,0,8
2011,KELSEY,15,0,15
2011,KRISTY,6,0,6
2011,KRISTINA,33,0,33
2011,KRISTEN,20,0,20
2011,KRISTA,7,0,7
2011,KRISHA,8,0,8
2011,KLOE,11,0,11
2011,KLARA,12,0,12
2011,KIRSTEN,14,0,14
2011,KIRA,28,0,28
2011,KINSLEY,25,0,25
2011,KRISTINE,7,0,7
2011,KELLY,19,0,19
2011,KEISHA,9,0,9
2011,KEIRA,144,0,144
2011,KATHARINA,9,0,9
2011,KATERINA,19,0,19
2011,KATELYNN,15,0,15
2011,KATELYN,99,0,99
2011,KATE,101,0,101
2011,KATARINA,18,0,18
2011,KASSIDY,12,0,12
2011,KASSANDRA,13,0,13
2011,KARLY,7,0,7
2011,KATHERINE,142,0,142
2011,KARLA,6,0,6
2011,KARIS,6,0,6
2011,KARINA,33,0,33
2011,KAREN,23,0,23
2011,KARA,48,0,48
2011,KAMRYN,15,0,15
2011,KALLIE,21,0,21
2011,KALIA,7,0,7
2011,KALI,17,0,17
2011,NIKITA,29,11,18
2011,KARISSA,14,0,14
2011,LAIBA,13,0,13
2011,KATHLEEN,15,0,15
2011,KATHY,9,0,9
2011,KEERAT,8,0,8
2011,KEELY,6,0,6
2011,KEELEY,7,0,7
2011,KEANNA,6,0,6
2011,KAYLYNN,8,0,8
2011,KAYLYN,7,0,7
2011,KAYLIN,18,0,18
2011,KAYLIE,17,0,17
2011,KAYLEY,11,0,11
2011,KATHRYN,44,0,44
2011,KAYLEIGH,46,0,46
2011,KAYLA,161,0,161
2011,KAYDENCE,31,0,31
2011,KAYDEN,125,115,10
2011,KAYDANCE,7,0,7
2011,KAYCEE,7,0,7
2011,KAYA,17,0,17
2011,KAVYA,9,0,9
2011,KATRINA,29,0,29
2011,KATIE,67,0,67
2011,KAYLEE,152,0,152
2011,MADALYNN,6,0,6
2011,LAILA,56,0,56
2011,LAINEY,8,0,8
2011,LORELAI,8,0,8
2011,LONDYN,9,0,9
2011,LONDON,36,7,29
2011,LOLA,45,0,45
2011,LOGAN,617,594,23
2011,LIYA,9,0,9
2011,LIVIA,28,0,28
2011,LIV,8,0,8
2011,LISA,47,0,47
2011,LIORA,6,0,6
2011,LINDSEY,10,0,10
2011,LINDSAY,24,0,24
2011,LINDA,17,0,17
2011,LINA,33,0,33
2011,LILYANNA,7,0,7
2011,LILYAN,6,0,6
2011,LILY,491,0,491
2011,LILLY,101,0,101
2011,LILLIE,8,0,8
2011,LORELEI,13,0,13
2011,LOTUS,6,0,6
2011,LOUISA,7,0,7
2011,LOUISE,8,0,8
2011,MACY,40,0,40
2011,MACKENZIE,221,8,213
2011,MACKENNA,16,0,16
2011,MACIE,12,0,12
2011,MACI,25,0,25
2011,MACEY,16,0,16
2011,MABEL,11,0,11
2011,LÉA,16,0,16
2011,LYRIC,23,7,16
2011,LILLIANNA,6,0,6
2011,LYRA,12,0,12
2011,LYLA,95,0,95
2011,LYDIA,62,0,62
2011,LUNA,30,0,30
2011,LUCY,122,0,122
2011,LUCILLE,6,0,6
2011,LUCIE,11,0,11
2011,LUCIANA,13,0,13
2011,LUCIA,31,0,31
2011,LOVINA,6,0,6
2011,LYLAH,21,0,21
2011,LILLIANA,12,0,12
2011,LILLIAN,180,0,180
2011,LILITH,6,0,6
2011,LEIGHA,13,0,13
2011,LEIA,18,0,18
2011,LEEYA,7,0,7
2011,LEENA,19,0,19
2011,LEEN,12,0,12
2011,LEANNE,15,0,15
2011,LEANNA,13,0,13
2011,LEAH,354,0,354
2011,LEA,24,0,24
2011,LEIGHTON,34,11,23
2011,LAYLAH,9,0,9
2011,LAYAN,13,0,13
2011,LAYA,6,0,6
2011,LAURYN,20,0,20
2011,LAUREN,257,0,257
2011,LAURA,85,0,85
2011,LARISSA,16,0,16
2011,LARA,45,0,45
2011,LANA,47,0,47
2011,LAMAR,14,7,7
2011,LAYLA,163,0,163
2011,LAILAH,8,0,8
2011,LEILA,65,0,65
2011,LEILANI,8,0,8
2011,LILIANNA,22,0,22
2011,LILIANA,44,0,44
2011,LILIAN,23,0,23
2011,LILIA,16,0,16
2011,LILAH,42,0,42
2011,LILA,68,0,68
2011,LIDIA,6,0,6
2011,LIBERTY,7,0,7
2011,LIANA,28,0,28
2011,LEILAH,7,0,7
2011,LIA,51,0,51
2011,LEYA,6,0,6
2011,LEXUS,6,0,6
2011,LEXIS,6,0,6
2011,LEXIE,30,0,30
2011,LEXI,63,0,63
2011,LEXA,8,0,8
2011,LEORA,6,0,6
2011,LEONA,15,0,15
2011,LENA,37,0,37
2011,LEYLA,10,0,10
2011,NIKKI,13,0,13
2011,ZARIA,6,0,6
2011,NILA,9,0,9
2011,SUSAN,9,0,9
2011,SURINA,6,0,6
2011,SURI,8,0,8
2011,SUNNY,13,7,6
2011,SUMMER,76,0,76
2011,SUMAYYAH,7,0,7
2011,SUMAYA,10,0,10
2011,SUMAIYA,6,0,6
2011,SUKHMAN,16,8,8
2011,SUHANA,8,0,8
2011,STEPHANIE,68,0,68
2011,STELLA,162,0,162
2011,STEFANIA,11,0,11
2011,STACY,7,0,7
2011,SORAYA,9,0,9
2011,SOPHIE,441,0,441
2011,SOPHIA,774,0,774
2011,SONIA,20,0,20
2011,SOLEIL,11,0,11
2011,SUSANA,6,0,6
2011,SUSANNA,8,0,8
2011,SYDNEE,7,0,7
2011,SYDNEY,179,6,173
2011,TAYA,32,0,32
2011,TATUM,20,7,13
2011,TATIANA,23,0,23
2011,TASNEEM,12,0,12
2011,TARYN,15,0,15
2011,TARA,33,0,33
2011,TANYA,7,0,7
2011,TANVI,6,0,6
2011,TANISHA,11,0,11
2011,SOHA,7,0,7
2011,TANIA,7,0,7
2011,TALIYAH,9,0,9
2011,TALIAH,8,0,8
2011,TALIA,58,0,58
2011,TALA,10,0,10
2011,TAHLIA,6,0,6
2011,TABITHA,9,0,9
2011,SYLVIE,10,0,10
2011,SYLVIA,20,0,20
2011,SYEDA,20,0,20
2011,TAMARA,21,0,21
2011,SOFIE,21,0,21
2011,SOFIA,351,0,351
2011,SLOANE,37,0,37
2011,SHILOH,26,6,20
2011,SHEZA,6,0,6
2011,SHERRY,6,0,6
2011,SHELBY,28,0,28
2011,SHEENA,6,0,6
2011,SHEA,21,14,7
2011,SHAYNA,9,0,9
2011,SHAYLA,19,0,19
2011,SHARON,13,0,13
2011,SHIRA,7,0,7
2011,SHANNON,13,0,13
2011,SHAELYN,6,0,6
2011,SERINA,9,0,9
2011,SERENITY,55,0,55
2011,SERENE,9,0,9
2011,SERENA,90,0,90
2011,SERAPHINA,7,0,7
2011,SERAFINA,7,0,7
2011,SELINA,30,0,30
2011,SELENE,7,0,7
2011,SHANIA,18,0,18
2011,TAYAH,9,0,9
2011,SHIRLEY,11,0,11
2011,SHYANNE,11,0,11
2011,SLOAN,13,0,13
2011,SKYLER,36,27,9
2011,SKYLAR,62,16,46
2011,SKYLA,19,0,19
2011,SKYE,19,0,19
2011,SIYA,6,0,6
2011,SIRAT,6,0,6
2011,SIMRIT,7,0,7
2011,SIMRAT,6,0,6
2011,SHREYA,15,0,15
2011,SIMRAN,20,0,20
2011,SIMONA,17,0,17
2011,SIMAR,8,0,8
2011,SIERRA,88,0,88
2011,SIENNA,110,0,110
2011,SIENA,28,0,28
2011,SIDNEY,29,14,15
2011,SIANNA,10,0,10
2011,SIA,7,0,7
2011,SHYLA,23,0,23
2011,SIMONE,21,0,21
2011,TAYLA,6,0,6
2011,TAYLOR,208,27,181
2011,TEAGAN,89,14,75
2011,ZAHRAA,14,0,14
2011,ZAHRA,45,0,45
2011,ZAHARA,11,0,11
2011,ZAARA,12,0,12
2011,YVONNE,7,0,7
2011,YUSRA,10,0,10
2011,YUNA,7,0,7
2011,YU,9,0,9
2011,YSABELLA,6,0,6
2011,ZAINA,15,0,15
2011,YASMINE,18,0,18
2011,YASMEEN,12,0,12
2011,YARA,35,0,35
2011,YANA,10,0,10
2011,YAEL,8,0,8
2011,XIN,6,0,6
2011,WREN,7,0,7
2011,WILLOW,72,0,72
2011,WILLA,11,0,11
2011,WHITNEY,19,0,19
2011,YASMIN,13,0,13
2011,VIVIENNE,41,0,41
2011,ZAINAB,59,0,59
2011,ZARAH,10,0,10
2011,ÉLOÏSE,6,0,6
2011,ÉLODIE,9,0,9
2011,ÉLISE,10,0,10
2011,ZUNAIRAH,8,0,8
2011,ZUNAIRA,6,0,6
2011,ZOË,41,0,41
2011,ZOÉ,38,0,38
2011,ZOYA,33,0,33
2011,ZOIE,7,0,7
2011,ZARA,73,0,73
2011,ZOHA,17,0,17
2011,ZOEY,163,0,163
2011,ZOE,194,0,194
2011,ZIA,8,0,8
2011,ZEINAB,6,0,6
2011,ZEENAT,6,0,6
2011,ZAYNAH,6,0,6
2011,ZAYNAB,10,0,10
2011,ZARIAH,10,0,10
2011,KALEY,10,0,10
2011,ZOFIA,7,0,7
2011,SELENA,95,0,95
2011,VIVIEN,6,0,6
2011,VIRGINIA,11,0,11
2011,TORI,8,0,8
2011,TINA,30,0,30
2011,TIFFANY,52,0,52
2011,TIARA,12,0,12
2011,TIANNA,25,0,25
2011,TIANA,28,0,28
2011,TIA,24,0,24
2011,THERESA,9,0,9
2011,THEODORA,7,0,7
2011,TRACY,9,0,9
2011,THEA,13,0,13
2011,TESSA,105,0,105
2011,TESS,12,0,12
2011,TERESA,15,0,15
2011,TENZIN,20,12,8
2011,TENLEY,22,0,22
2011,TEMPERANCE,7,0,7
2011,TEHYA,8,0,8
2011,TEGAN,16,0,16
2011,TEAGHAN,7,0,7
2011,THALIA,9,0,9
2011,VIVIAN,54,0,54
2011,TRINITY,69,0,69
2011,TRUDY,7,0,7
2011,VIOLETTE,8,0,8
2011,VIOLET,158,0,158
2011,VIOLA,9,0,9
2011,VIKTORIA,6,0,6
2011,VIENNA,39,0,39
2011,VICTORIA,369,0,369
2011,VICKY,8,0,8
2011,VIANNA,6,0,6
2011,VERONIKA,11,0,11
2011,TRISHA,18,0,18
2011,VERONICA,74,0,74
2011,VENICE,6,0,6
2011,VEDA,8,0,8
2011,VAYDA,6,0,6
2011,VANESSA,116,0,116
2011,VALERIE,35,0,35
2011,VALERIA,8,0,8
2011,VALENTINA,64,0,64
2011,VADA,6,0,6
2011,TÉA,9,0,9
2011,VERA,18,0,18
2011,NIKOLINA,8,0,8
2011,SELAH,8,0,8
2011,SEERIT,8,0,8
2011,RACHEL,167,0,167
2011,RACHAEL,23,0,23
2011,QUINN,234,106,128
2011,QUEENIE,6,0,6
2011,PYPER,10,0,10
2011,PRIYA,20,0,20
2011,PRISHA,9,0,9
2011,PRISCILLA,13,0,13
2011,PRINCESS,13,0,13
2011,PRESLEY,22,0,22
2011,PREET,6,0,6
2011,PRABHNOOR,6,0,6
2011,PRABHLEEN,8,0,8
2011,PORTIA,8,0,8
2011,POPPY,14,0,14
2011,POLINA,8,0,8
2011,PIPPA,8,0,8
2011,PIPER,80,0,80
2011,PIA,7,0,7
2011,RACHELLE,12,0,12
2011,RAEGAN,9,0,9
2011,RAELYN,10,0,10
2011,RAELYNN,7,0,7
2011,REECE,16,10,6
2011,REBEKAH,19,0,19
2011,REBECCA,122,0,122
2011,REAGAN,17,0,17
2011,RAYYA,6,0,6
2011,RAYNE,30,8,22
2011,RAYNA,25,0,25
2011,RAYAH,6,0,6
2011,RAYA,25,0,25
2011,PHOENIX,72,56,16
2011,RAVNEET,7,0,7
2011,RAQUEL,14,0,14
2011,RAPHAËLLE,7,0,7
2011,RANIA,13,0,13
2011,RANA,9,0,9
2011,RAMONA,7,0,7
2011,RAMEEN,11,0,11
2011,RAINE,13,0,13
2011,RAINA,21,0,21
2011,RAHMA,7,0,7
2011,RAVEN,23,9,14
2011,PHOEBE,44,0,44
2011,PHILIPPA,10,0,10
2011,PEYTON,243,31,212
2011,OCÉANE,7,0,7
2011,OCEAN,11,0,11
2011,NYOMI,7,0,7
2011,NYLAH,13,0,13
2011,NYLA,32,0,32
2011,NYAH,8,0,8
2011,NYA,12,0,12
2011,NUHA,6,0,6
2011,NOÉMIE,6,0,6
2011,OCÉANNE,6,0,6
2011,NOVA,14,0,14
2011,NORAH,69,0,69
2011,NORA,67,0,67
2011,NOOR,43,0,43
2011,NOLA,11,0,11
2011,NOELLE,23,0,23
2011,NOA,23,0,23
2011,NINA,38,0,38
2011,NIMRIT,6,0,6
2011,NIMRAT,7,0,7
2011,NOUR,18,0,18
2011,REEM,7,0,7
2011,OLIVE,36,0,36
2011,OPHELIA,6,0,6
2011,PETRA,12,0,12
2011,PERSEPHONE,6,0,6
2011,PEPPER,6,0,6
2011,PENNY,10,0,10
2011,PENELOPE,61,0,61
2011,PEARL,7,0,7
2011,PAYTON,139,13,126
2011,PAYTEN,7,0,7
2011,PAULINA,17,0,17
2011,OLIVIA,984,0,984
2011,PAULA,9,0,9
2011,PATIENCE,9,0,9
2011,PARNEET,7,0,7
2011,PARKER,167,158,9
2011,PARISA,6,0,6
2011,PARIS,6,0,6
2011,PALOMA,6,0,6
2011,PAITYN,11,0,11
2011,PAISLEY,38,0,38
2011,PAIGE,165,0,165
2011,PATRICIA,13,0,13
2011,REEMA,7,0,7
2011,REESE,113,16,97
2011,REET,24,0,24
2011,SAMANTHA,249,0,249
2011,SAMA,6,0,6
2011,SALMA,38,0,38
2011,SALLY,7,0,7
2011,SALINA,6,0,6
2011,SAKINA,8,0,8
2011,SAJA,6,0,6
2011,SAIRA,10,0,10
2011,SAIGE,12,0,12
2011,SAMARA,25,0,25
2011,SAHARA,10,0,10
2011,SAHANA,16,0,16
2011,SAGE,20,6,14
2011,SAFIYAH,6,0,6
2011,SAFIYA,8,0,8
2011,SAFIA,8,0,8
2011,SAFA,24,0,24
2011,SADIE,102,0,102
2011,SABRINA,62,0,62
2011,SABINE,7,0,7
2011,SAHAR,16,0,16
2011,SABINA,8,0,8
2011,SAMIA,7,0,7
2011,SANA,21,0,21
2011,SEERAT,30,0,30
2011,SCARLETTE,6,0,6
2011,SCARLETT,160,0,160
2011,SCARLET,26,0,26
2011,SAYDEE,6,0,6
2011,SAWYER,91,79,12
2011,SAVANNAH,147,0,147
2011,SAVANNA,23,0,23
2011,SAVANAH,12,0,12
2011,SAMIRA,9,0,9
2011,SASHA,49,10,39
2011,SARINA,17,0,17
2011,SARAH,366,0,366
2011,SARA,161,0,161
2011,SAOIRSE,10,0,10
2011,SANVI,8,0,8
2011,SANIYAH,8,0,8
2011,SANDY,8,0,8
2011,SANDRA,14,0,14
2011,SANAA,7,0,7
2011,SARON,6,0,6
2011,SEHAJ,25,13,12
2011,SABAH,6,0,6
2011,RYLYNN,8,0,8
2011,RIVER,45,31,14
2011,RITA,22,0,22
2011,RIONA,6,0,6
2011,RIO,12,6,6
2011,RILYNN,8,0,8
2011,RILEY,279,163,116
2011,RIHANNA,6,0,6
2011,RIELLE,10,0,10
2011,RIDA,15,0,15
2011,RIYA,33,0,33
2011,RIA,23,0,23
2011,RHIANNON,7,0,7
2011,RHIAN,6,0,6
2011,RHEA,19,0,19
2011,REYNA,8,0,8
2011,REYA,7,0,7
2011,RENÉE,9,0,9
2011,RENEE,26,0,26
2011,REINA,6,0,6
2011,REGAN,13,0,13
2011,RHYS,79,73,6
2011,SAANVI,19,0,19
2011,ROBIN,21,8,13
2011,RORY,59,42,17
2011,RYLIN,6,0,6
2011,RYLIE,31,10,21
2011,RYLEIGH,33,0,33
2011,RYLEE,59,0,59
2011,RYLAN,107,98,9
2011,RYDER,202,196,6
2011,RYANN,12,0,12
2011,RYAN,553,543,10
2011,RYA,10,0,10
2011,ROBYN,15,0,15
2011,RUTH,29,0,29
2011,ROXANNE,7,0,7
2011,ROWYN,6,0,6
2011,ROWAN,137,91,46
2011,ROSIE,9,0,9
2011,ROSEMARY,9,0,9
2011,ROSE,51,0,51
2011,ROSALYN,8,0,8
2011,ROSALIE,35,0,35
2011,ROSA,7,0,7
2011,RUBY,116,0,116
2011,KALEIGH,7,0,7
2011,CYNTHIA,24,0,24
2011,KAIYA,21,0,21
2011,BELLE,9,0,9
2011,BELLA,72,0,72
2011,BECKY,7,0,7
2011,BEATRIX,11,0,11
2011,BEATRICE,28,0,28
2011,BAILEY,47,13,34
2011,BAILEE,10,0,10
2011,AZRA,8,0,8
2011,AZALEA,7,0,7
2011,AYVAH,7,0,7
2011,AYVA,7,0,7
2011,AYSHA,8,0,8
2011,AYRA,9,0,9
2011,AYLIN,7,0,7
2011,AYLA,64,0,64
2011,AYESHA,52,0,52
2011,AYANNA,9,0,9
2011,AYANA,16,0,16
2011,AYAH,13,0,13
2011,BENTLEY,177,171,6
2011,BERNICE,10,0,10
2011,BETHANY,28,0,28
2011,BIANCA,73,0,73
2011,BRIELLE,76,0,76
2011,BRIDGETTE,9,0,9
2011,BRIDGET,34,0,34
2011,BRIAR,34,6,28
2011,BRIANNE,6,0,6
2011,BRIANNA,112,0,112
2011,BRIANA,18,0,18
2011,BRIA,12,0,12
2011,BRENNA,12,0,12
2011,AYA,23,0,23
2011,BRENDA,8,0,8
2011,BREANNE,7,0,7
2011,BREANNA,49,0,49
2011,BRAELYN,18,0,18
2011,BONNIE,12,0,12
2011,BLYTHE,7,0,7
2011,BLESSING,8,0,8
2011,BLAKE,207,198,9
2011,BLAIR,20,9,11
2011,BIANKA,8,0,8
2011,BREE,12,0,12
2011,AVRIL,8,0,8
2011,AVREET,7,0,7
2011,AVNI,13,0,13
2011,ASIYA,10,0,10
2011,ASIA,11,0,11
2011,ASHTON,160,154,6
2011,ASHLYNN,30,0,30
2011,ASHLYN,44,0,44
2011,ASHLEY,120,0,120
2011,ASHLEIGH,11,0,11
2011,ASHLEEN,7,0,7
2011,ASHLEE,7,0,7
2011,ASMA,7,0,7
2011,ASHA,17,0,17
2011,ASEEL,7,0,7
2011,ARYANNA,19,0,19
2011,ARYANA,18,0,18
2011,ARYA,25,0,25
2011,ARWYN,6,0,6
2011,ARWA,6,0,6
2011,ARIZONA,6,0,6
2011,ARIYA,11,0,11
2011,ARISSA,8,0,8
2011,ASEES,7,0,7
2011,BRINLEY,11,0,11
2011,ASPEN,9,0,9
2011,ATHENA,54,0,54
2011,AVNEET,14,0,14
2011,AVLEEN,10,0,10
2011,AVIANA,9,0,9
2011,AVERY,383,97,286
2011,AVERIE,16,0,16
2011,AVERI,6,0,6
2011,AVAYA,6,0,6
2011,AVALON,9,0,9
2011,AVALEE,6,0,6
2011,ASTRID,10,0,10
2011,AVAH,15,0,15
2011,AUTUMN,113,0,113
2011,AURORA,63,0,63
2011,AURELIA,8,0,8
2011,AUDRÉE,6,0,6
2011,AUDRINA,35,0,35
2011,AUDREY,214,0,214
2011,AUBRIE,9,0,9
2011,AUBREY,113,9,104
2011,AUBREE,53,0,53
2011,AVA,686,0,686
2011,ARISHA,10,0,10
2011,BRISTOL,6,0,6
2011,BRONWYN,16,0,16
2011,CHARLEE,28,0,28
2011,CHARITY,7,0,7
2011,CHANTELLE,7,0,7
2011,CHANTEL,8,0,8
2011,CHANTAL,9,0,9
2011,CHANELLE,7,0,7
2011,CHANEL,11,0,11
2011,CHANA,8,0,8
2011,CELINE,21,0,21
2011,CELINA,23,0,23
2011,CELIA,12,0,12
2011,CELESTE,28,0,28
2011,CEDAR,7,0,7
2011,CECILIA,37,0,37
2011,CECELIA,6,0,6
2011,CAYLEE,8,0,8
2011,CAYDENCE,8,0,8
2011,CATHY,8,0,8
2011,CATHERINE,88,0,88
2011,CHARLEIGH,12,0,12
2011,CHARLEY,24,0,24
2011,CHARLI,6,0,6
2011,CHARLIE,158,100,58
2011,CIERRA,8,0,8
2011,CIERA,6,0,6
2011,CIARA,34,0,34
2011,CIANA,6,0,6
2011,CHRISTY,8,0,8
2011,CHRISTINE,23,0,23
2011,CHRISTINA,66,0,66
2011,CHLOË,16,0,16
2011,CHLOÉ,64,0,64
2011,CATERINA,6,0,6
2011,CHLOE,538,0,538
2011,CHEYENNE,22,0,22
2011,CHEYANNE,7,0,7
2011,CHERYL,6,0,6
2011,CHELSEY,9,0,9
2011,CHELSEA,114,0,114
2011,CHAYA,16,0,16
2011,CHARLY,9,0,9
2011,CHARLOTTE,542,0,542
2011,CHARLIZE,17,0,17
2011,CHIARA,23,0,23
2011,CATE,8,0,8
2011,CASSIE,11,0,11
2011,CASSIDY,35,0,35
2011,CALEIGH,19,0,19
2011,CAITLYN,37,0,37
2011,CAITLIN,44,0,44
2011,CAILYN,9,0,9
2011,CAIA,6,0,6
2011,CAELYN,9,0,9
2011,CADENCE,49,0,49
2011,BÉATRICE,7,0,7
2011,BUSHRA,7,0,7
2011,CALI,35,0,35
2011,BRYNN,60,0,60
2011,BRYNLEE,14,0,14
2011,BRYN,11,0,11
2011,BRYCE,90,84,6
2011,BROOKLYNNE,7,0,7
2011,BROOKLYNN,78,0,78
2011,BROOKLYN,307,0,307
2011,BROOKELYNN,6,0,6
2011,BROOKE-LYNN,6,0,6
2011,BROOKE,163,0,163
2011,BRYNLEY,6,0,6
2011,BRITNEY,7,0,7
2011,CALISTA,14,0,14
2011,CALLIE,43,0,43
2011,CASSANDRA,55,0,55
2011,CASEY,36,20,16
2011,CARYS,12,0,12
2011,CAROLYN,8,0,8
2011,CAROLINE,32,0,32
2011,CAROLINA,12,0,12
2011,CAROL,7,0,7
2011,CARMEN,23,0,23
2011,CARLY,39,0,39
2011,CALLA,6,0,6
2011,CARLIE,9,0,9
2011,CARISSA,16,0,16
2011,CARINA,20,0,20
2011,CARA,19,0,19
2011,CANDICE,6,0,6
2011,CAMRYN,21,0,21
2011,CAMILLE,24,0,24
2011,CAMILLA,15,0,15
2011,CAMILA,32,0,32
2011,CAMERON,335,319,16
2011,CARLA,8,0,8
2011,ARIELLE,27,0,27
2011,ARIELLA,23,0,23
2011,ARIEL,46,9,37
2011,ALEEAH,7,0,7
2011,ALEAH,14,0,14
2011,ALBA,7,0,7
2011,ALAYSIA,6,0,6
2011,ALAYNA,43,0,43
2011,ALANNAH,7,0,7
2011,ALANNA,17,0,17
2011,ALANA,33,0,33
2011,ALAINA,38,0,38
2011,AKSHAYA,12,0,12
2011,AKSHARA,9,0,9
2011,AIZA,26,0,26
2011,AIYANNA,7,0,7
2011,AISLYN,11,0,11
2011,AISLING,6,0,6
2011,AISHA,67,0,67
2011,AINSLEY,69,0,69
2011,AIMEE,11,0,11
2011,AILA,15,0,15
2011,ALEENA,44,0,44
2011,ALEEZA,20,0,20
2011,ALEIGHA,8,0,8
2011,ALEJANDRA,6,0,6
2011,ALISA,17,0,17
2011,ALINA,64,0,64
2011,ALICIA,50,0,50
2011,ALICE,143,0,143
2011,ALIANNA,8,0,8
2011,ALIANA,10,0,10
2011,ALIA,31,0,31
2011,ALI,171,159,12
2011,ALEXYS,6,0,6
2011,AIKAM,12,6,6
2011,ALEXIS,320,23,297
2011,ALEXIA,56,0,56
2011,ALEXANDRIA,42,0,42
2011,ALEXANDRA,173,0,173
2011,ALEXA,132,0,132
2011,ALEX,130,123,7
2011,ALESSIA,59,0,59
2011,ALESSANDRA,27,0,27
2011,ALENA,9,0,9
2011,ALEKSANDRA,13,0,13
2011,ALEXIE,13,0,13
2011,AIDA,6,0,6
2011,AHANA,8,0,8
2011,AGNES,8,0,8
2011,ABRIELLE,12,0,12
2011,ABIHA,8,0,8
2011,ABIGAYLE,11,0,11
2011,ABIGALE,15,0,15
2011,ABIGAIL,577,0,577
2011,ABIGAEL,6,0,6
2011,ABBYGAIL,12,0,12
2011,ABBY,67,0,67
2011,ABBIGAIL,27,0,27
2011,ABYGAIL,7,0,7
2011,ABBIE,11,0,11
2011,ABAGAIL,11,0,11
2011,AARYA,14,0,14
2011,AARNA,6,0,6
2011,AANYA,15,0,15
2011,AAMINAH,9,0,9
2011,AALIYAH,121,0,121
2011,AAIRA,7,0,7
2011,AAHANA,7,0,7
2011,ÉMILIE,21,0,21
2011,ABBEY,29,0,29
2011,ALISHA,39,0,39
2011,ADA,27,0,27
2011,ADALYNN,7,0,7
2011,AGATHA,14,0,14
2011,AGANETHA,8,0,8
2011,ADÈLE,10,0,10
2011,ADYSON,8,0,8
2011,ADRIENNE,14,0,14
2011,ADRIANNA,44,0,44
2011,ADRIANA,61,0,61
2011,ADITI,9,0,9
2011,ADINA,10,0,10
2011,ADALYN,27,0,27
2011,ADELYN,20,0,20
2011,ADELINE,23,0,23
2011,ADELINA,13,0,13
2011,ADELE,39,0,39
2011,ADELAIDE,63,0,63
2011,ADEENA,7,0,7
2011,ADDYSON,42,0,42
2011,ADDISYN,22,0,22
2011,ADDISON,264,0,264
2011,ADARA,7,0,7
2011,ADELLE,15,0,15
2011,ALISHBA,18,0,18
2011,ALISON,29,0,29
2011,ALISSA,14,0,14
2011,ANJA,7,0,7
2011,ANIYAH,25,0,25
2011,ANIYA,6,0,6
2011,ANITA,15,0,15
2011,ANISHA,14,0,14
2011,ANISA,12,0,12
2011,ANIKA,42,0,42
2011,ANGIE,8,0,8
2011,ANGELIQUE,11,0,11
2011,ANJALI,19,0,19
2011,ANGELINA,91,0,91
2011,ANGELA,67,0,67
2011,ANGEL,51,8,43
2011,ANEESA,7,0,7
2011,ANDREA,60,11,49
2011,ANDIE,10,0,10
2011,ANAYA,48,0,48
2011,ANASTASIA,38,0,38
2011,ANANYA,7,0,7
2011,ANABIA,14,0,14
2011,ANGELICA,37,0,37
2011,ANABELLE,29,0,29
2011,ANJANA,10,0,10
2011,ANNA,225,0,225
2011,ARIANNE,7,0,7
2011,ARIANNA,141,0,141
2011,ARIANE,9,0,9
2011,ARIANA,107,0,107
2011,ARIA,77,0,77
2011,ARABELLE,6,0,6
2011,ARABELLA,23,0,23
2011,AQSA,8,0,8
2011,APRIL,22,0,22
2011,ANN,9,0,9
2011,AOIFE,6,0,6
2011,ANUSHKA,17,0,17
2011,ANNIKA,33,0,33
2011,ANNIE,47,0,47
2011,ANNE,27,0,27
2011,ANNALISE,12,0,12
2011,ANNALIESE,6,0,6
2011,ANNABELLE,104,0,104
2011,ANNABELLA,29,0,29
2011,ANNABEL,23,0,23
2011,ANYA,31,0,31
2011,CINDY,23,0,23
2011,ANABELLA,8,0,8
2011,ANA,23,0,23
2011,ALYSSIA,11,0,11
2011,ALYSSA,264,0,264
2011,ALYSON,8,0,8
2011,ALYSIA,6,0,6
2011,ALYSHA,9,0,9
2011,ALYSA,6,0,6
2011,ALYNA,6,0,6
2011,ALTHEA,7,0,7
2011,ALORA,7,0,7
2011,ALYVIA,6,0,6
2011,ALMA,7,0,7
2011,ALLYSON,13,0,13
2011,ALLY,17,0,17
2011,ALLISON,79,0,79
2011,ALLIE,45,0,45
2011,ALLEGRA,9,0,9
2011,ALIZA,16,0,16
2011,ALIYAH,80,0,80
2011,ALIYA,46,0,46
2011,ALIVIA,42,0,42
2011,ALLYSSA,6,0,6
2011,ANABEL,6,0,6
2011,AMAIA,6,0,6
2011,AMALIA,7,0,7
2011,AMÉLIE,29,0,29
2011,AMY,78,0,78
2011,AMRIT,6,0,6
2011,AMNA,14,0,14
2011,AMIYAH,10,0,10
2011,AMIRAH,6,0,6
2011,AMIRA,39,0,39
2011,AMINAH,14,0,14
2011,AMINA,28,0,28
2011,AMAL,7,0,7
2011,AMELIE,12,0,12
2011,AMEERA,9,0,9
2011,AMEENA,7,0,7
2011,AMBER,46,0,46
2011,AMAYAH,6,0,6
2011,AMAYA,47,0,47
2011,AMARA,13,0,13
2011,AMANI,13,6,7
2011,AMANDA,62,0,62
2011,AMANAT,6,0,6
2011,AMELIA,306,0,306
2011,KALEA,8,0,8
2011,CLAIRA,14,0,14
2011,CLARA,146,0,146
2011,IRIS,32,0,32
2011,IRENE,18,0,18
2011,IRELAND,15,0,15
2011,IRA,7,0,7
2011,IQRA,7,0,7
2011,INAYAH,7,0,7
2011,INAYA,17,0,17
2011,INAAYA,10,0,10
2011,IMOGEN,10,0,10
2011,IMAN,29,0,29
2011,IMAAN,11,0,11
2011,ILA,7,0,7
2011,HUSNA,6,0,6
2011,HUNTER,280,269,11
2011,HUDA,17,0,17
2011,HOPE,65,0,65
2011,HOLLY,58,0,58
2011,HILLARY,7,0,7
2011,HILARY,6,0,6
2011,ISABEL,97,0,97
2011,ISABELA,15,0,15
2011,ISABELL,8,0,8
2011,ISABELLA,642,0,642
2011,JADA,47,0,47
2011,JACQUELINE,26,0,26
2011,JACLYN,8,0,8
2011,IZZA,6,0,6
2011,IZABELLE,14,0,14
2011,IZABELLA,44,0,44
2011,IZABELA,8,0,8
2011,IYLA,10,0,10
2011,IVY,57,0,57
2011,HIBA,17,0,17
2011,IVANNA,6,0,6
2011,IVANA,12,0,12
2011,ISRA,10,0,10
2011,ISOBEL,26,0,26
2011,ISLA,166,0,166
2011,ISIS,8,0,8
2011,ISHIKA,7,0,7
2011,ISHA,15,0,15
2011,ISADORA,6,0,6
2011,ISABELLE,194,0,194
2011,IVANKA,6,0,6
2011,HELENA,35,0,35
2011,HELEN,29,0,29
2011,HEIDI,33,0,33
2011,HANA,34,0,34
2011,HALLIE,9,0,9
2011,HALLE,20,0,20
2011,HALIMA,7,0,7
2011,HALEY,27,0,27
2011,HAILEY,286,0,286
2011,HAILEE,14,0,14
2011,HAFSAH,8,0,8
2011,HAFSA,23,0,23
2011,HANIA,6,0,6
2011,HADLEY,30,0,30
2011,GWYNETH,17,0,17
2011,GWENYTH,10,0,10
2011,GWENDOLYN,25,0,25
2011,GWEN,8,0,8
2011,GURNOOR,36,12,24
2011,GURLEEN,25,0,25
2011,GUNEET,10,0,10
2011,GRETA,8,0,8
2011,GRACIE,68,0,68
2011,HADASSAH,8,0,8
2011,JADE,74,0,74
2011,HANIYA,7,0,7
2011,HANNAH,337,0,337
2011,HEAVEN,8,0,8
2011,HEATHER,12,0,12
2011,HAZEL,57,0,57
2011,HAYLIE,13,0,13
2011,HAYLEY,59,0,59
2011,HAYLEIGH,11,0,11
2011,HAYLEE,24,0,24
2011,HAYDEN,289,259,30
2011,HAYA,10,0,10
2011,HANNA,44,0,44
2011,HAVEN,6,0,6
2011,HARNOOR,15,0,15
2011,HARMONY,31,0,31
2011,HARLOWE,6,0,6
2011,HARLOW,29,0,29
2011,HARLEY,28,7,21
2011,HARLEEN,22,0,22
2011,HARLEE,8,0,8
2011,HARINI,7,0,7
2011,HARGUN,8,0,8
2011,HARPER,71,9,62
2011,GRACELYN,12,0,12
2011,JADEN,117,106,11
2011,JAELYN,20,0,20
2011,JUDY,20,0,20
2011,JUDE,88,77,11
2011,JOYCE,21,0,21
2011,JOY,19,0,19
2011,JOVIE,6,0,6
2011,JOURNEY,11,0,11
2011,JOSIE,16,0,16
2011,JOSEPHINE,45,0,45
2011,JORJA,29,0,29
2011,JORDYNN,11,0,11
2011,JORDYN,102,0,102
2011,JORDANA,15,0,15
2011,JORDAN,283,242,41
2011,JOLIE,11,0,11
2011,JOLENE,13,0,13
2011,JOEY,23,16,7
2011,JOELLE,14,0,14
2011,JOCELYN,72,0,72
2011,JOANNE,12,0,12
2011,JULIA,292,0,292
2011,JULIANA,51,0,51
2011,JULIANNA,59,0,59
2011,JULIANNE,18,0,18
2011,KAITLYNN,9,0,9
2011,KAITLYN,144,0,144
2011,KAITLIN,17,0,17
2011,KAILYN,20,0,20
2011,KAILEY,27,0,27
2011,KAILEIGH,6,0,6
2011,KAILEE,10,0,10
2011,KAILA,9,0,9
2011,KAIA,36,0,36
2011,JOANNA,37,0,37
2011,KAI,100,92,8
2011,KAELYN,33,0,33
2011,KADENCE,17,0,17
2011,JUSTINE,15,0,15
2011,JUSTINA,10,0,10
2011,JUSTICE,19,13,6
2011,JUNE,10,0,10
2011,JULIETTE,45,0,45
2011,JULIET,28,0,28
2011,JULIE,30,0,30
2011,KAHLAN,9,0,9
2011,JIYA,21,0,21
2011,JILLIAN,58,0,58
2011,JIA,20,8,12
2011,JASMINE,160,0,160
2011,JASMIN,20,0,20
2011,JASLEEN,23,0,23
2011,JAPJI,6,0,6
2011,JANNAT,21,0,21
2011,JANNAH,9,0,9
2011,JANNA,9,0,9
2011,JANICE,12,0,12
2011,JANET,8,0,8
2011,JASMYN,6,0,6
2011,JANESSA,7,0,7
2011,JANE,24,0,24
2011,JANAE,12,0,12
2011,JANA,28,0,28
2011,JAMIE,49,24,25
2011,JAIME,14,0,14
2011,JAIDYN,18,6,12
2011,JAIDEN,38,32,6
2011,JAIDA,20,0,20
2011,JAELYNN,8,0,8
2011,JANELLE,27,0,27
2011,JADYN,12,0,12
2011,JASNOOR,6,0,6
2011,JAYDA,26,0,26
2011,JEWEL,8,0,8
2011,JESSIE,28,0,28
2011,JESSICA,160,0,160
2011,JESSE,107,101,6
2011,JESSA,7,0,7
2011,JERSEY,12,0,12
2011,JENNY,17,0,17
2011,JENNIFER,45,0,45
2011,JENNA,78,0,78
2011,JAYA,8,0,8
2011,JEMMA,14,0,14
2011,JAZMIN,12,0,12
2011,JAZLYN,10,0,10
2011,JAYNA,7,0,7
2011,JAYLYN,6,0,6
2011,JAYLIN,6,0,6
2011,JAYLAH,7,0,7
2011,JAYLA,29,0,29
2011,JAYDEN,425,397,28
2011,JAYDE,16,0,16
2011,JAZMINE,18,0,18
2011,GRACE,370,0,370
2011,GLORIA,22,0,22
2011,GIULIANA,16,0,16
2011,EDEN,93,9,84
2011,EASTON,91,85,6
2011,DYLAN,378,358,20
2011,DUNYA,8,0,8
2011,DUA,11,0,11
2011,DREW,39,31,8
2011,DOROTHY,9,0,9
2011,DOMINIQUE,7,0,7
2011,DIYA,29,0,29
2011,DIVYA,14,0,14
2011,DIVINE,7,0,7
2011,DINA,11,0,11
2011,DIANA,37,0,37
2011,DIA,12,0,12
2011,DEVYN,11,0,11
2011,DESTINY,47,0,47
2011,DESIREE,10,0,10
2011,DESIRAE,7,0,7
2011,DENISE,11,0,11
2011,EDIE,6,0,6
2011,EILEEN,10,0,10
2011,EKAM,14,8,6
2011,ELAINA,22,0,22
2011,ELLAH,6,0,6
2011,ELLA,479,0,479
2011,ELIZABETH,287,0,287
2011,ELIZA,28,0,28
2011,ELISSA,8,0,8
2011,ELISHA,18,0,18
2011,ELISE,107,0,107
2011,ELISABETH,22,0,22
2011,ELISA,28,0,28
2011,DELPHINE,8,0,8
2011,ELINA,16,0,16
2011,ELIANNA,12,0,12
2011,ELIANE,6,0,6
2011,ELIANA,63,0,63
2011,ELIA,7,0,7
2011,ELENI,9,0,9
2011,ELENA,73,0,73
2011,ELEANOR,66,0,66
2011,ELAYNA,10,0,10
2011,ELAINE,22,0,22
2011,ELIN,8,0,8
2011,DELILAH,24,0,24
2011,DELIA,10,0,10
2011,DELANEY,21,0,21
2011,DAHLIA,23,0,23
2011,CÉLESTE,6,0,6
2011,CRYSTAL,27,0,27
2011,CRISTINA,10,0,10
2011,COURTNEY,23,0,23
2011,CORINNE,9,0,9
2011,CORINA,6,0,6
2011,CORDELIA,9,0,9
2011,CORALIE,7,0,7
2011,DAISY,19,0,19
2011,CORA,25,0,25
2011,CONNIE,11,0,11
2011,COLBIE,6,0,6
2011,CLOÉ,8,0,8
2011,CLOE,9,0,9
2011,CLEO,7,0,7
2011,CLEMENTINE,6,0,6
2011,CLAUDIA,24,0,24
2011,CLARISSA,17,0,17
2011,CLARE,16,0,16
2011,CONSTANCE,7,0,7
2011,ELLE,39,0,39
2011,DAKOTA,54,24,30
2011,DANA,30,0,30
2011,DEENA,8,0,8
2011,DEBORAH,20,0,20
2011,DEANNA,17,0,17
2011,DAYNA,7,0,7
2011,DAYA,6,0,6
2011,DAWN,7,0,7
2011,DAVINA,7,0,7
2011,DARYA,7,0,7
2011,DARIA,22,0,22
2011,DALIA,12,0,12
2011,DAPHNÉE,8,0,8
2011,DANYA,9,0,9
2011,DANNIKA,6,0,6
2011,DANIKA,58,0,58
2011,DANIELLE,56,0,56
2011,DANIELLA,48,0,48
2011,DANIELA,35,0,35
2011,DANICA,69,0,69
2011,DANIA,9,0,9
2011,DANI,10,0,10
2011,DAPHNE,37,0,37
2011,ELLEN,20,0,20
2011,ELLERY,7,0,7
2011,ELLIA,8,0,8
2011,FELICITY,18,0,18
2011,FELICIA,13,0,13
2011,FAYTH,7,0,7
2011,FAYE,7,0,7
2011,FATIMAH,20,0,20
2011,FATIMA,82,0,82
2011,FARRAH,22,0,22
2011,FARAH,9,0,9
2011,FAITH,127,0,127
2011,FINLEY,58,30,28
2011,EVIE,21,0,21
2011,EVERLEIGH,20,0,20
2011,EVELYNN,13,0,13
2011,EVELYNE,9,0,9
2011,EVELYN,235,0,235
2011,EVELINA,7,0,7
2011,EVE,28,0,28
2011,EVANGELINE,53,0,53
2011,EVANGELINA,9,0,9
2011,EVANGELIA,9,0,9
2011,EVERLY,8,0,8
2011,EVALYN,8,0,8
2011,FIONA,85,0,85
2011,FLORENCE,11,0,11
2011,GIULIA,13,0,13
2011,GISELLE,15,0,15
2011,GISELE,12,0,12
2011,GINA,6,0,6
2011,GILLIAN,15,0,15
2011,GIANNA,44,0,44
2011,GIA,46,0,46
2011,GEORGINA,7,0,7
2011,GEORGIA,106,0,106
2011,FIZZA,6,0,6
2011,GENEVIÈVE,7,0,7
2011,GENEVA,6,0,6
2011,GENESIS,16,0,16
2011,GEMMA,45,0,45
2011,GABRIELLE,102,0,102
2011,GABRIELLA,205,0,205
2011,GABRIELA,40,0,40
2011,FREYA,20,0,20
2011,FRANCESCA,15,0,15
2011,FRANCES,15,0,15
2011,GENEVIEVE,32,0,32
2011,CLAIRE,290,0,290
2011,EVA,193,0,193
2011,ESTHER,55,0,55
2011,EMERSYN,12,0,12
2011,EMERSON,89,63,26
2011,EMERALD,8,0,8
2011,EMELIA,13,0,13
2011,EMBER,13,0,13
2011,EMAN,8,0,8
2011,EMAAN,19,0,19
2011,EMA,9,0,9
2011,ELYSSA,15,0,15
2011,EMERY,40,21,19
2011,ELYSE,37,0,37
2011,ELSA,23,0,23
2011,ELORA,12,0,12
2011,ELOISE,39,0,39
2011,ELLY,7,0,7
2011,ELLIS,26,20,6
2011,ELLIOTT,82,75,7
2011,ELLIOT,86,80,6
2011,ELLIE,94,0,94
2011,ELLIANA,14,0,14
2011,ELSIE,26,0,26
2011,EUNICE,12,0,12
2011,EMILEE,15,0,15
2011,EMILIE,32,0,32
2011,ESTELLE,14,0,14
2011,ESTELLA,9,0,9
2011,ESMÉE,6,0,6
2011,ESMÉ,6,0,6
2011,ESME,17,0,17
2011,ESHAL,16,0,16
2011,ESHAAL,16,0,16
2011,ERIN,44,0,44
2011,ERIKA,35,0,35
2011,EMILIA,56,0,56
2011,ERICKA,7,0,7
2011,ENYA,7,0,7
2011,EMMY,11,0,11
2011,EMMERSON,11,0,11
2011,EMMELINE,11,0,11
2011,EMME,7,0,7
2011,EMMANUELLE,16,0,16
2011,EMMA-LEE,6,0,6
2011,EMMA,850,0,850
2011,EMILY,602,0,602
2011,ERICA,47,0,47
2011,ADRIA,7,0,7
2011,KENDALL,36,0,36
2011,ROMAN,51,51,0
2011,MASON,573,573,0
2011,MASEN,7,7,0
2011,MARVIN,12,12,0
2011,MARTIN,59,59,0
2011,MARSHALL,51,51,0
2011,MARSHAL,7,7,0
2011,MASSIMO,48,48,0
2011,MARQUES,6,6,0
2011,MARKUS,28,28,0
2011,MARKO,33,33,0
2011,MARK,91,91,0
2011,MARIO,18,18,0
2011,MAREK,16,16,0
2011,MARCUS,230,230,0
2011,MARLON,12,12,0
2011,MATEO,126,126,0
2011,MATHEW,33,33,0
2011,MATHIAS,22,22,0
2011,MAXIMILIAN,36,36,0
2011,MAXIME,39,39,0
2011,MAXIM,64,64,0
2011,MAX,187,187,0
2011,MAVERICK,31,31,0
2011,MATTIAS,14,14,0
2011,MATTHIAS,17,17,0
2011,MATTHEW,554,554,0
2011,MATTÉO,6,6,0
2011,MATTEO,161,161,0
2011,MATT,17,17,0
2011,MATIN,6,6,0
2011,MATIAS,30,30,0
2011,MATHIS,21,21,0
2011,MATHIEU,23,23,0
2011,MARCO,68,68,0
2011,MARCELLO,11,11,0
2011,MARCEL,11,11,0
2011,MARC,26,26,0
2011,MAAZ,15,15,0
2011,LYNDON,7,7,0
2011,LYLE,11,11,0
2011,LUKE,289,289,0
2011,LUKAS,113,113,0
2011,LUKA,61,61,0
2011,LUIS,15,15,0
2011,LUIGI,7,7,0
2011,LUCIUS,6,6,0
2011,LUCIEN,12,12,0
2011,LUCIANO,14,14,0
2011,LUCIAN,19,19,0
2011,LUCCA,9,9,0
2011,LUCAS,785,785,0
2011,LUCA,200,200,0
2011,MADDEN,23,23,0
2011,MAXIMILIANO,6,6,0
2011,MADDEX,6,6,0
2011,MAGNUS,12,12,0
2011,MANVEER,8,8,0
2011,MANUEL,11,11,0
2011,MANRAJ,15,15,0
2011,MALIKAI,6,6,0
2011,MALIK,51,51,0
2011,MALEK,12,12,0
2011,MALCOLM,45,45,0
2011,MALAKAI,21,21,0
2011,MALACHI,40,40,0
2011,MAKSYM,6,6,0
2011,MAKSIM,19,19,0
2011,MAJD,8,8,0
2011,MAHMOUD,8,8,0
2011,MAHDI,23,23,0
2011,MAHAD,9,9,0
2011,MADDOX,48,48,0
2011,LUC,18,18,0
2011,MAXIMILLIAN,9,9,0
2011,MAXTON,6,6,0
2011,NICHOLAS,407,407,0
2011,NELSON,11,11,0
2011,NEIL,28,28,0
2011,NEHEMIAH,14,14,0
2011,NEEL,9,9,0
2011,NEAL,6,6,0
2011,NICK,16,16,0
2011,NAVRAJ,8,8,0
2011,NATHANIAL,6,6,0
2011,NATHANAEL,16,16,0
2011,NATHAN,744,744,0
2011,NATE,25,25,0
2011,NASH,51,51,0
2011,NABIL,13,13,0
2011,NATHANIEL,202,202,0
2011,NICKOLAS,20,20,0
2011,NICO,37,37,0
2011,NICOLAS,128,128,0
2011,ODIN,17,17,0
2011,OAKLEY,13,13,0
2011,NOLAN,259,259,0
2011,NOEL,13,13,0
2011,NOAM,6,6,0
2011,NOAH,770,770,0
2011,NIXON,12,12,0
2011,NIKOLAS,36,36,0
2011,NIKOLAOS,8,8,0
2011,NIKOLAI,13,13,0
2011,NIKOLA,26,26,0
2011,NIKO,29,29,0
2011,NIKHIL,21,21,0
2011,NIHAL,6,6,0
2011,NIGEL,17,17,0
2011,MYLO,10,10,0
2011,MYLES,111,111,0
2011,MUSTAFA,45,45,0
2011,MUSAB,8,8,0
2011,MIKAEL,11,11,0
2011,MIKAEEL,6,6,0
2011,MIGUEL,59,59,0
2011,MICHEAL,17,17,0
2011,MICHAL,6,6,0
2011,MICHAEL,470,470,0
2011,MICAIAH,7,7,0
2011,MERRICK,10,10,0
2011,MENACHEM,6,6,0
2011,MEMPHIS,14,14,0
2011,MEKHI,11,11,0
2011,MEIR,8,8,0
2011,MEHTAB,6,6,0
2011,MAYSON,7,7,0
2011,MAXWELL,132,132,0
2011,MIKAËL,8,8,0
2011,MAXIMUS,74,74,0
2011,MIKAIL,9,9,0
2011,MILAD,8,8,0
2011,MUSA,17,17,0
2011,MUHAMMED,14,14,0
2011,MUHAMMAD,215,215,0
2011,MOSHE,8,8,0
2011,MOSES,10,10,0
2011,MOHID,7,7,0
2011,MOHAMMED,83,83,0
2011,MOHAMMAD,100,100,0
2011,MOHAMED,53,53,0
2011,MOHAMAD,24,24,0
2011,MITCHELL,48,48,0
2011,MIR,8,8,0
2011,MILO,34,34,0
2011,MILLER,11,11,0
2011,MILES,86,86,0
2011,MIKHAIL,16,16,0
2011,LOUIS,41,41,0
2011,LORENZO,27,27,0
2011,LOÏC,14,14,0
2011,KARMAN,6,6,0
2011,KARL,9,9,0
2011,KARIM,23,23,0
2011,KAREEM,20,20,0
2011,KARAM,12,12,0
2011,KANE,35,35,0
2011,KARSEN,7,7,0
2011,KAMRAN,7,7,0
2011,KALEN,6,6,0
2011,KALEB,90,90,0
2011,KALE,19,19,0
2011,KAINE,6,6,0
2011,KAIN,8,8,0
2011,KAIDEN,68,68,0
2011,KAMERON,14,14,0
2011,KARSON,22,22,0
2011,KARSTEN,6,6,0
2011,KARTER,17,17,0
2011,KELVIN,13,13,0
2011,KELTON,9,9,0
2011,KELLEN,6,6,0
2011,KELLAN,10,10,0
2011,KEITH,22,22,0
2011,KEIRAN,15,15,0
2011,KEENAN,31,31,0
2011,KEEGAN,73,73,0
2011,KEATON,38,38,0
2011,KEANAN,6,6,0
2011,KEAGAN,19,19,0
2011,KAYSON,6,6,0
2011,KAYLEB,7,7,0
2011,KAVIN,11,11,0
2011,KASH,7,7,0
2011,KAIDAN,7,7,0
2011,KAELAN,11,11,0
2011,KAEL,13,13,0
2011,KAEDEN,10,10,0
2011,JOSEPH,325,325,0
2011,JOSEF,10,10,0
2011,JOSE,22,22,0
2011,JORDON,7,7,0
2011,JORDEN,7,7,0
2011,JONATHON,10,10,0
2011,JONATHAN,223,223,0
2011,JONAS,22,22,0
2011,JONAH,122,122,0
2011,JON,6,6,0
2011,JOHNNY,21,21,0
2011,JOHNATHAN,39,39,0
2011,JOHN,263,263,0
2011,JOHANN,7,7,0
2011,JOHAN,12,12,0
2011,JOSH,17,17,0
2011,KEN,6,6,0
2011,JOSHUA,563,563,0
2011,JOVAN,9,9,0
2011,KADIN,8,8,0
2011,KADEN,75,75,0
2011,KADE,10,10,0
2011,KABIR,17,17,0
2011,JUSTIN,234,234,0
2011,JUNIOR,9,9,0
2011,JUN,8,8,0
2011,JULIUS,8,8,0
2011,JULIEN,42,42,0
2011,JULIANO,7,7,0
2011,JULIAN,183,183,0
2011,JUJHAR,7,7,0
2011,JUDAH,33,33,0
2011,JUAN,14,14,0
2011,JOVEN,6,6,0
2011,JOSIAH,79,79,0
2011,KENAN,15,15,0
2011,KENDRICK,9,9,0
2011,KENNETH,40,40,0
2011,LEE,7,7,0
2011,LEANDRO,15,15,0
2011,LAYTON,9,9,0
2011,LAWSON,9,9,0
2011,LAWRENCE,9,9,0
2011,LARRY,10,10,0
2011,LANE,22,22,0
2011,LANDYN,14,14,0
2011,LANDON,224,224,0
2011,LANDEN,47,47,0
2011,LANCE,9,9,0
2011,LACHLAN,33,33,0
2011,KYSON,7,7,0
2011,KYMANI,7,7,0
2011,KYLER,26,26,0
2011,LEELAND,10,10,0
2011,KYLE,185,185,0
2011,LEIF,9,9,0
2011,LENNON,13,13,0
2011,LOCHLAN,16,16,0
2011,LLOYD,7,7,0
2011,LINDEN,10,10,0
2011,LINCOLN,133,133,0
2011,LIAM,933,933,0
2011,LEX,6,6,0
2011,LEWIS,17,17,0
2011,LEVON,7,7,0
2011,LEVI,156,156,0
2011,LEONIDAS,6,6,0
2011,LEONARDO,42,42,0
2011,LEONARD,7,7,0
2011,LEON,17,17,0
2011,LEO,98,98,0
2011,LENNOX,16,16,0
2011,LELAND,36,36,0
2011,OLIVER,316,316,0
2011,KYLAN,6,6,0
2011,KUSH,6,6,0
2011,KIYAN,7,7,0
2011,KIRK,7,7,0
2011,KINGSTON,60,60,0
2011,KINGSLEY,37,37,0
2011,KING,8,8,0
2011,KIERAN,64,64,0
2011,KIAN,36,36,0
2011,KHALIL,14,14,0
2011,KHALID,19,19,0
2011,KHALED,8,8,0
2011,KEYON,6,6,0
2011,KEVIN,119,119,0
2011,KESHAV,7,7,0
2011,KEON,8,8,0
2011,KENNY,8,8,0
2011,KNOX,19,19,0
2011,KYE,10,10,0
2011,KOBE,13,13,0
2011,KOEN,18,18,0
2011,KURTIS,16,16,0
2011,KURT,6,6,0
2011,KRISTOPHER,19,19,0
2011,KRISTIAN,26,26,0
2011,KRISHNA,8,8,0
2011,KRISH,28,28,0
2011,KORBIN,11,11,0
2011,KONSTANTINOS,9,9,0
2011,KONNER,6,6,0
2011,KOLTON,17,17,0
2011,KOLTEN,7,7,0
2011,KOLE,16,16,0
2011,KOLBY,10,10,0
2011,KOHL,6,6,0
2011,KOHEN,13,13,0
2011,KODY,8,8,0
2011,JOËL,6,6,0
2011,OLIVIER,50,50,0
2011,OMAR,88,88,0
2011,TREY,20,20,0
2011,TREVOR,31,31,0
2011,TRENTON,32,32,0
2011,TRENT,37,37,0
2011,TRAVIS,99,99,0
2011,TRACE,9,9,0
2011,TRIPP,7,7,0
2011,TONY,17,17,0
2011,TOMAS,18,18,0
2011,TOBY,13,13,0
2011,TOBIAS,21,21,0
2011,TITUS,14,14,0
2011,TIMUR,7,7,0
2011,TIMOTHY,58,58,0
2011,TOMMY,14,14,0
2011,TRISTAN,281,281,0
2011,TRISTEN,12,12,0
2011,TROY,40,40,0
2011,VAN,7,7,0
2011,VALENTINO,9,9,0
2011,UZAIR,8,8,0
2011,USMAN,15,15,0
2011,UMAR,21,21,0
2011,UMAIR,6,6,0
2011,TYSON,141,141,0
2011,TYRONE,6,6,0
2011,TYRESE,6,6,0
2011,TYLER,366,366,0
2011,TYE,7,7,0
2011,TYCE,6,6,0
2011,TY,52,52,0
2011,TUCKER,18,18,0
2011,TRYSTAN,7,7,0
2011,TIAGO,28,28,0
2011,THOMAS,321,321,0
2011,THIAGO,10,10,0
2011,THEODORE,111,111,0
2011,TAJ,9,9,0
2011,TAI,6,6,0
2011,TAHA,23,23,0
2011,SYLAS,10,10,0
2011,SYED,58,58,0
2011,SULLIVAN,24,24,0
2011,SULAIMAN,9,9,0
2011,SUKHRAJ,9,9,0
2011,SUFYAN,8,8,0
2011,SUBHAN,18,18,0
2011,STEVEN,70,70,0
2011,STEVE,8,8,0
2011,STERLING,8,8,0
2011,STEPHEN,43,43,0
2011,STEPHAN,9,9,0
2011,TALAN,8,8,0
2011,VANCE,8,8,0
2011,TALHA,12,12,0
2011,TANNER,82,82,0
2011,THÉO,10,10,0
2011,THEO,28,28,0
2011,THARUN,6,6,0
2011,TERRY,15,15,0
2011,TERRENCE,16,16,0
2011,TEO,7,7,0
2011,TENNYSON,6,6,0
2011,TEJAS,15,15,0
2011,TEJ,8,8,0
2011,TEIGAN,7,7,0
2011,TEEGAN,6,6,0
2011,TAVIAN,9,9,0
2011,TATE,21,21,0
2011,TARIQ,16,16,0
2011,TAREK,6,6,0
2011,TALON,15,15,0
2011,STELLAN,6,6,0
2011,VANSH,9,9,0
2011,VED,8,8,0
2011,ZAID,20,20,0
2011,ZACKERY,9,9,0
2011,ZACKARY,46,46,0
2011,ZACK,22,22,0
2011,ZACHERY,20,20,0
2011,ZACHARY,314,314,0
2011,ZAIDEN,10,10,0
2011,ZACHARIE,6,6,0
2011,YUVRAJ,31,31,0
2011,YUSUF,73,73,0
2011,YUSEF,7,7,0
2011,YUG,7,7,0
2011,YOUSUF,11,11,0
2011,YOUSSEF,13,13,0
2011,ZACHARIAH,11,11,0
2011,ZAIN,40,40,0
2011,ZAK,8,8,0
2011,ZAKARIA,16,16,0
2011,ZUHAIR,6,6,0
2011,ZUBAIR,7,7,0
2011,ZOHAIB,7,7,0
2011,ZION,23,23,0
2011,ZIDANE,6,6,0
2011,ZEV,8,8,0
2011,ZEESHAN,9,9,0
2011,ZAYN,7,7,0
2011,ZAYDEN,6,6,0
2011,ZAYD,16,16,0
2011,ZAYAN,16,16,0
2011,ZAVIER,10,10,0
2011,ZANE,33,33,0
2011,ZANDER,47,47,0
2011,ZAKARIYA,13,13,0
2011,YOUSIF,12,12,0
2011,YOUSEF,36,36,0
2011,YOSEF,13,13,0
2011,YAZAN,7,7,0
2011,WALTER,16,16,0
2011,WALKER,17,17,0
2011,WALID,6,6,0
2011,WALEED,10,10,0
2011,WADE,11,11,0
2011,VUK,6,6,0
2011,VRAJ,6,6,0
2011,VIVAAN,12,12,0
2011,VINCENZO,17,17,0
2011,VINCENT,104,104,0
2011,VINCE,9,9,0
2011,VIKTOR,17,17,0
2011,VIHAAN,10,10,0
2011,VICTOR,63,63,0
2011,VEER,12,12,0
2011,WARREN,13,13,0
2011,VAUGHN,8,8,0
2011,WAYLON,13,13,0
2011,WESLEY,104,104,0
2011,YASIN,7,7,0
2011,YASH,7,7,0
2011,YASEEN,24,24,0
2011,YANNI,6,6,0
2011,YAHYA,28,28,0
2011,XAVIER,263,263,0
2011,XANDER,65,65,0
2011,WYNN,6,6,0
2011,WYATT,176,176,0
2011,WINSTON,14,14,0
2011,WILSON,19,19,0
2011,WILLIAM,683,683,0
2011,WILLEM,14,14,0
2011,WILHELM,12,12,0
2011,WESTON,33,33,0
2011,WAYNE,7,7,0
2011,STEFANO,18,18,0
2011,STEFAN,33,33,0
2011,STAVROS,6,6,0
2011,RAYDEN,11,11,0
2011,RAYAN,49,49,0
2011,RAYAAN,6,6,0
2011,RAY,10,10,0
2011,RAUL,7,7,0
2011,RAPHAËL,8,8,0
2011,RAYHAN,11,11,0
2011,RAPHAEL,31,31,0
2011,RANVEER,6,6,0
2011,RANDY,11,11,0
2011,RANBIR,8,8,0
2011,RAMI,8,8,0
2011,RAM,7,7,0
2011,RAJVEER,8,8,0
2011,RANVIR,7,7,0
2011,RAYMOND,41,41,0
2011,RAYYAN,51,51,0
2011,REED,30,30,0
2011,ROBERT,149,149,0
2011,RIZWAN,7,7,0
2011,RISHI,16,16,0
2011,RIDLEY,6,6,0
2011,RICKY,14,14,0
2011,RICHARD,74,74,0
2011,RICARDO,16,16,0
2011,RIAN,8,8,0
2011,REX,16,16,0
2011,REUBEN,18,18,0
2011,RENZO,6,6,0
2011,REMY,8,8,0
2011,RÉMI,9,9,0
2011,REID,101,101,0
2011,REHAN,13,13,0
2011,RAIDEN,23,23,0
2011,RAHIL,6,6,0
2011,RAHEEM,6,6,0
2011,RAFAEL,29,29,0
2011,PAXTON,19,19,0
2011,PAUL,73,73,0
2011,PATRYK,7,7,0
2011,PATRICK,100,100,0
2011,PARSA,7,7,0
2011,PAOLO,11,11,0
2011,PABLO,6,6,0
2011,OWEN,568,568,0
2011,OTIS,8,8,0
2011,OSMAN,7,7,0
2011,OSKAR,11,11,0
2011,OSCAR,72,72,0
2011,ORLANDO,7,7,0
2011,ORION,15,15,0
2011,OMER,11,11,0
2011,PEARSON,7,7,0
2011,ROCCO,23,23,0
2011,PEDRO,8,8,0
2011,PETER,119,119,0
2011,QUINTON,39,39,0
2011,QUINTIN,19,19,0
2011,QUINTEN,14,14,0
2011,QUINCY,10,10,0
2011,QUENTIN,22,22,0
2011,QASIM,11,11,0
2011,PRINCE,21,21,0
2011,PRESTON,84,84,0
2011,PORTER,8,8,0
2011,PIERSON,8,8,0
2011,PIERRE,7,7,0
2011,PIERCE,20,20,0
2011,PHILLIP,14,14,0
2011,PHILIPPE,14,14,0
2011,PHILIP,34,34,0
2011,PETAR,7,7,0
2011,RODNEY,6,6,0
2011,ROGER,11,11,0
2011,ROHAAN,11,11,0
2011,SEYED,6,6,0
2011,SETH,88,88,0
2011,SÉBASTIEN,14,14,0
2011,SEBASTIEN,32,32,0
2011,SEBASTIAN,256,256,0
2011,SEAN,95,95,0
2011,SEAMUS,11,11,0
2011,SCOTT,41,41,0
2011,SAYED,12,12,0
2011,SANTINO,15,15,0
2011,SANTIAGO,30,30,0
2011,SANDOR,6,6,0
2011,SAMUEL,406,406,0
2011,SAMSON,13,13,0
2011,SAMIR,15,15,0
2011,SEYON,7,7,0
2011,SAMI,26,26,0
2011,SHAAN,20,20,0
2011,SHANE,49,49,0
2011,STANLEY,17,17,0
2011,SPENCER,124,124,0
2011,SOREN,8,8,0
2011,SONNY,7,7,0
2011,SOLOMON,14,14,0
2011,SIMON,122,122,0
2011,SIMEON,9,9,0
2011,SILAS,54,54,0
2011,SIDDHARTH,6,6,0
2011,SHLOK,6,6,0
2011,SHELDON,18,18,0
2011,SHAYAN,16,16,0
2011,SHAYAAN,13,13,0
2011,SHAWN,53,53,0
2011,SHAUN,18,18,0
2011,SHAHEER,6,6,0
2011,OM,12,12,0
2011,SAMEER,12,12,0
2011,SALVATORE,12,12,0
2011,RUI,10,10,0
2011,RUDRA,8,8,0
2011,RUBEN,6,6,0
2011,ROYCE,17,17,0
2011,ROY,16,16,0
2011,ROWEN,17,17,0
2011,ROSS,16,16,0
2011,ROSHAN,7,7,0
2011,RONIN,26,26,0
2011,RONAN,54,54,0
2011,RONALD,12,12,0
2011,ROMEO,27,27,0
2011,ROLAND,8,8,0
2011,ROHIN,6,6,0
2011,ROHAN,28,28,0
2011,RUSSELL,30,30,0
2011,SAM,50,50,0
2011,RYDEN,14,14,0
2011,RYKER,73,73,0
2011,SALMAN,10,10,0
2011,SALIH,6,6,0
2011,SALEH,6,6,0
2011,SAIF,16,16,0
2011,SAID,8,8,0
2011,SAHIL,10,10,0
2011,SAHIB,28,28,0
2011,SAFWAN,8,8,0
2011,SAEED,8,8,0
2011,SACHIN,8,8,0
2011,SACHA,17,17,0
2011,SABASTIAN,9,9,0
2011,SAAD,11,11,0
2011,RYLEY,12,12,0
2011,RYLAND,24,24,0
2011,RYERSON,8,8,0
2011,JOEL,87,87,0
2011,MARCELO,6,6,0
2011,JOAQUIN,17,17,0
2011,CADEN,57,57,0
2011,CADE,15,15,0
2011,BYRON,14,14,0
2011,BRYSON,93,93,0
2011,BRYDEN,11,11,0
2011,BRYCEN,21,21,0
2011,CAEL,9,9,0
2011,BRYAN,17,17,0
2011,BRUCE,17,17,0
2011,BRONSON,13,13,0
2011,BROGAN,7,7,0
2011,BRODY,180,180,0
2011,BRODIE,24,24,0
2011,BRODERICK,7,7,0
2011,BRUNO,8,8,0
2011,CAELAN,14,14,0
2011,CAIDEN,28,28,0
2011,CAIN,11,11,0
2011,CARSEN,6,6,0
2011,CARMELO,6,6,0
2011,CARLOS,29,29,0
2011,CARLO,9,9,0
2011,CARL,15,15,0
2011,CAMDEN,36,36,0
2011,CALVIN,60,60,0
2011,CALUM,19,19,0
2011,CALLUM,119,119,0
2011,CALLEN,15,15,0
2011,CALLAN,15,15,0
2011,CALEB,297,297,0
2011,CALE,12,12,0
2011,CAIUS,8,8,0
2011,CAIRO,7,7,0
2011,BROCK,40,40,0
2011,BRIAN,46,46,0
2011,BRETT,25,25,0
2011,BRENT,8,8,0
2011,BOSTON,8,8,0
2011,BORIS,7,7,0
2011,BODHI,7,7,0
2011,BOBBY,7,7,0
2011,BLAZE,7,7,0
2011,BLAISE,9,9,0
2011,BLAINE,6,6,0
2011,BILLY,12,12,0
2011,BILAL,31,31,0
2011,BENYAMIN,6,6,0
2011,BENTLY,9,9,0
2011,BENSON,17,17,0
2011,BENNY,12,12,0
2011,BENNETT,59,59,0
2011,BENJAMIN,734,734,0
2011,BOWEN,13,13,0
2011,CARSON,179,179,0
2011,BRADEN,33,33,0
2011,BRADY,95,95,0
2011,BRENNEN,9,9,0
2011,BRENNAN,41,41,0
2011,BRENDON,11,11,0
2011,BRENDEN,17,17,0
2011,BRENDAN,54,54,0
2011,BRAYSON,8,8,0
2011,BRAYLON,6,6,0
2011,BRAYDON,25,25,0
2011,BRAYDEN,317,317,0
2011,BRAXTON,21,21,0
2011,BRANDON,129,129,0
2011,BRANDEN,8,8,0
2011,BRAIDEN,12,12,0
2011,BRAEDYN,6,6,0
2011,BRAEDEN,31,31,0
2011,BRADLEY,59,59,0
2011,CARTER,421,421,0
2011,CASE,6,6,0
2011,CASH,24,24,0
2011,CURTIS,35,35,0
2011,CULLEN,18,18,0
2011,CRUZE,6,6,0
2011,CRUZ,49,49,0
2011,CROSBY,14,14,0
2011,CRISTIANO,26,26,0
2011,CRISTIAN,42,42,0
2011,CRAIG,8,8,0
2011,CORY,15,15,0
2011,CORRADO,9,9,0
2011,CORMAC,6,6,0
2011,COREY,10,10,0
2011,CORBIN,28,28,0
2011,COOPER,161,161,0
2011,CONSTANTINE,7,7,0
2011,CYRUS,21,21,0
2011,CONRAD,12,12,0
2011,DAKSH,9,9,0
2011,DALTON,10,10,0
2011,DARIO,23,23,0
2011,DARIEN,7,7,0
2011,DARIAN,14,14,0
2011,DARCY,14,14,0
2011,DANTE,118,118,0
2011,DANNY,15,15,0
2011,DANIYAL,22,22,0
2011,DANILO,9,9,0
2011,DANIEL,565,565,0
2011,DANE,13,13,0
2011,DAN,9,9,0
2011,DAMON,37,37,0
2011,DAMION,6,6,0
2011,DAMIEN,87,87,0
2011,DAMIAN,65,65,0
2011,DALLAS,33,33,0
2011,BEN,37,37,0
2011,CONOR,22,22,0
2011,CONNER,20,20,0
2011,CHRISTOPHER,222,222,0
2011,CHRISTIAN,229,229,0
2011,CHRIS,19,19,0
2011,CHAYSE,8,8,0
2011,CHAYCE,8,8,0
2011,CHASE,222,222,0
2011,CHARLES,179,179,0
2011,CHANNING,6,6,0
2011,CHANCE,25,25,0
2011,CHAD,12,12,0
2011,CHACE,18,18,0
2011,CÉDRIC,10,10,0
2011,CEDRIC,13,13,0
2011,CAYDEN,49,49,0
2011,CASSIUS,11,11,0
2011,CHRISTOS,7,7,0
2011,CONNOR,250,250,0
2011,CIAN,13,13,0
2011,CLARK,29,29,0
2011,COLTON,242,242,0
2011,COLTEN,20,20,0
2011,COLT,7,7,0
2011,COLSON,10,10,0
2011,COLLIN,17,17,0
2011,COLIN,136,136,0
2011,COLESON,6,6,0
2011,COLE,273,273,0
2011,COLBY,68,68,0
2011,COHEN,119,119,0
2011,COEN,15,15,0
2011,CODY,61,61,0
2011,COBY,9,9,0
2011,CLIVE,6,6,0
2011,CLAYTON,26,26,0
2011,CIARAN,7,7,0
2011,DARIUS,59,59,0
2011,BECKHAM,9,9,0
2011,BEAU,12,12,0
2011,ALEXI,7,7,0
2011,ALEXANDRU,6,6,0
2011,ALEXANDROS,8,8,0
2011,ALEXANDRE,75,75,0
2011,ALEXANDER,616,616,0
2011,ALESSIO,21,21,0
2011,ALFRED,11,11,0
2011,ALESSANDRO,51,51,0
2011,ALEKSANDAR,13,13,0
2011,ALEJANDRO,25,25,0
2011,ALEC,19,19,0
2011,ALBERT,26,26,0
2011,ALAN,28,28,0
2011,AKSHAYAN,9,9,0
2011,ALEKSANDER,17,17,0
2011,ALISTAIR,10,10,0
2011,ALLAN,17,17,0
2011,ALLEN,18,18,0
2011,ANDERS,6,6,0
2011,ANAS,12,12,0
2011,AMMAR,12,12,0
2011,AMIR,39,39,0
2011,AMIN,11,11,0
2011,AMEER,15,15,0
2011,AMEEN,8,8,0
2011,AMBROSE,6,6,0
2011,AMARI,19,19,0
2011,AMAR,8,8,0
2011,AMAN,8,8,0
2011,AMAAR,7,7,0
2011,AMAAN,7,7,0
2011,ALVIN,24,24,0
2011,ALONSO,6,6,0
2011,AJAY,11,11,0
2011,AIDYN,7,7,0
2011,AIDEN,386,386,0
2011,AIDAN,206,206,0
2011,ABEL,14,14,0
2011,ABDULRAHMAN,12,12,0
2011,ABDULLAH,61,61,0
2011,ABDUL,31,31,0
2011,ABDIRAHMAN,6,6,0
2011,ABBAS,17,17,0
2011,AAYAN,25,25,0
2011,AARYAN,13,13,0
2011,AARUSH,9,9,0
2011,AARON,219,219,0
2011,AARNAV,8,8,0
2011,AARIZ,20,20,0
2011,AARAV,43,43,0
2011,AARAN,7,7,0
2011,AADEN,10,10,0
2011,ABRAHAM,17,17,0
2011,ANDERSON,52,52,0
2011,ABRAM,14,14,0
2011,ADAM,398,398,0
2011,AHMED,72,72,0
2011,AHMAD,52,52,0
2011,AFFAN,7,7,0
2011,AEDAN,7,7,0
2011,ADRIEN,26,26,0
2011,ADRIEL,8,8,0
2011,ADRIANO,39,39,0
2011,ADRIAN,178,178,0
2011,ADLER,6,6,0
2011,ADITYA,16,16,0
2011,ADHAM,7,7,0
2011,ADEN,22,22,0
2011,ADEL,6,6,0
2011,ADAN,8,8,0
2011,ADAMO,8,8,0
2011,ACE,10,10,0
2011,ANDRE,54,54,0
2011,ANDRÉ,18,18,0
2011,ANDREAS,16,16,0
2011,AUGUST,6,6,0
2011,ATTICUS,30,30,0
2011,ATHAN,6,6,0
2011,ASHWIN,19,19,0
2011,ASHER,82,82,0
2011,ARYEH,8,8,0
2011,ARYAN,52,52,0
2011,ARVIN,18,18,0
2011,ARUN,8,8,0
2011,ARTIN,11,11,0
2011,ARTHUR,44,44,0
2011,ARSHAN,7,7,0
2011,ARSH,6,6,0
2011,ARON,9,9,0
2011,ARNAV,18,18,0
2011,AUSTEN,6,6,0
2011,ARMIN,9,9,0
2011,AUSTIN,283,283,0
2011,AVI,8,8,0
2011,BAXTER,6,6,0
2011,BARRETT,7,7,0
2011,BARON,8,8,0
2011,AZAAN,7,7,0
2011,AYYAN,6,6,0
2011,AYUSH,10,10,0
2011,AYUB,15,15,0
2011,AYMAN,12,12,0
2011,AYDIN,16,16,0
2011,AYDEN,123,123,0
2011,AYDAN,12,12,0
2011,AYAN,15,15,0
2011,AYAAN,65,65,0
2011,AXTON,6,6,0
2011,AXEL,17,17,0
2011,AVEN,7,7,0
2011,BECKETT,32,32,0
2011,ARMANDO,7,7,0
2011,ARMAAN,46,46,0
2011,ANTOINE,17,17,0
2011,ANTHONY,313,313,0
2011,ANTE,6,6,0
2011,ANSON,15,15,0
2011,ANSH,14,14,0
2011,ANMOL,6,6,0
2011,ANISH,9,9,0
2011,ANHAD,7,7,0
2011,ANGUS,20,20,0
2011,ANGELO,26,26,0
2011,ANGAD,27,27,0
2011,ANDY,46,46,0
2011,ANDREW,379,379,0
2011,ANDRES,12,12,0
2011,ANDREI,10,10,0
2011,ANTON,13,13,0
2011,JOE,7,7,0
2011,ANTONI,6,6,0
2011,ANTONY,9,9,0
2011,ARLO,9,9,0
2011,ARJUN,50,50,0
2011,ARJEN,6,6,0
2011,ARJAN,13,13,0
2011,ARIS,8,8,0
2011,ARIAN,10,10,0
2011,ARI,18,18,0
2011,ARHAM,13,13,0
2011,ARES,8,8,0
2011,AREN,6,6,0
2011,ARDEN,6,6,0
2011,ARCHIE,7,7,0
2011,ARCHER,18,18,0
2011,ARAV,13,13,0
2011,ARAN,7,7,0
2011,ANTONIO,85,85,0
2011,DARREN,41,41,0
2011,ARMAN,30,30,0
2011,DARWIN,6,6,0
2011,HIMMAT,6,6,0
2011,HENRY,224,224,0
2011,HENRIK,7,7,0
2011,HENRI,7,7,0
2011,HENDRIX,16,16,0
2011,HEINRICH,7,7,0
2011,HOLDEN,43,43,0
2011,HEATH,10,10,0
2011,HASHIR,6,6,0
2011,HASHIM,8,8,0
2011,HASAN,24,24,0
2011,HARVEY,9,9,0
2011,HARVEER,8,8,0
2011,HARSHAN,6,6,0
2011,HASSAN,33,33,0
2011,HOWARD,7,7,0
2011,HUDSON,201,201,0
2011,HUGH,14,14,0
2011,ISAAC,262,262,0
2011,ISA,22,22,0
2011,IRFAN,6,6,0
2011,IMRAN,14,14,0
2011,ILYAS,18,18,0
2011,ILAN,6,6,0
2011,IDRIS,12,12,0
2011,IBRAHIM,84,84,0
2011,IBRAHEEM,11,11,0
2011,IAN,111,111,0
2011,IAIN,8,8,0
2011,HUSSEIN,13,13,0
2011,HUSSAIN,14,14,0
2011,HUMZA,9,9,0
2011,HUGO,39,39,0
2011,HARRY,14,14,0
2011,HARRISON,124,124,0
2011,HARRIS,12,12,0
2011,HAROON,13,13,0
2011,GURMAN,12,12,0
2011,GUNNER,6,6,0
2011,GRIFFIN,59,59,0
2011,GREYSON,47,47,0
2011,GREY,6,6,0
2011,GREGORY,35,35,0
2011,GRAYSON,176,176,0
2011,GRAYDON,9,9,0
2011,GRAYDEN,7,7,0
2011,GRAY,6,6,0
2011,GRANT,39,39,0
2011,GRAHAM,32,32,0
2011,GRAEME,13,13,0
2011,GRADY,19,19,0
2011,GORDON,27,27,0
2011,GURSHAAN,8,8,0
2011,ISAAK,15,15,0
2011,GURSHAN,13,13,0
2011,HAADI,6,6,0
2011,HARMAN,10,10,0
2011,HARLEN,6,6,0
2011,HARJAP,6,6,0
2011,HARJAAP,6,6,0
2011,HARISH,10,10,0
2011,HARIS,21,21,0
2011,HANSON,6,6,0
2011,HANS,6,6,0
2011,HANK,7,7,0
2011,HANAD,7,7,0
2011,HAMZAH,12,12,0
2011,HAMZA,66,66,0
2011,HAMMAD,6,6,0
2011,HAIDER,9,9,0
2011,HADI,18,18,0
2011,GURVEER,6,6,0
2011,ISAIAH,173,173,0
2011,ISHAAN,23,23,0
2011,ISHAN,20,20,0
2011,JEEVAN,9,9,0
2011,JEAN,6,6,0
2011,JAYSON,20,20,0
2011,JAYLEN,14,14,0
2011,JAYDON,10,10,0
2011,JAYCE,32,32,0
2011,JAY,20,20,0
2011,JAXXON,6,6,0
2011,JAXSON,92,92,0
2011,JAXON,164,164,0
2011,JAXEN,15,15,0
2011,JAX,35,35,0
2011,JAWAD,6,6,0
2011,JAVIER,9,9,0
2011,JASPER,61,61,0
2011,JEFFERSON,6,6,0
2011,JASON,134,134,0
2011,JEFFERY,7,7,0
2011,JENSEN,10,10,0
2011,DARSH,7,7,0
2011,JOAQUIM,8,8,0
2011,JIMMY,7,7,0
2011,JETT,22,22,0
2011,JETHRO,10,10,0
2011,JET,9,9,0
2011,JESIAH,6,6,0
2011,JERRY,14,14,0
2011,JEROME,12,12,0
2011,JERICHO,6,6,0
2011,JEREMY,91,91,0
2011,JÉRÉMIE,8,8,0
2011,JEREMIE,6,6,0
2011,JEREMIAH,101,101,0
2011,JENSON,9,9,0
2011,JEFFREY,48,48,0
2011,GLENN,8,8,0
2011,JASKARAN,7,7,0
2011,JARED,42,42,0
2011,JACOB,807,807,0
2011,JACKY,7,7,0
2011,JACKSON,410,410,0
2011,JACKIE,9,9,0
2011,JACK,502,502,0
2011,JACE,74,74,0
2011,IZAIAH,9,9,0
2011,IZAAK,9,9,0
2011,IVAN,55,55,0
2011,ISSAC,14,14,0
2011,ISSA,8,8,0
2011,ISRAEL,18,18,0
2011,ISMAIL,19,19,0
2011,ISMAEL,7,7,0
2011,ISIAH,8,8,0
2011,JACOBY,7,7,0
2011,JARRETT,8,8,0
2011,JAD,19,19,0
2011,JAEDEN,10,10,0
2011,JAN,11,11,0
2011,JAMISON,6,6,0
2011,JAMIESON,7,7,0
2011,JAMESON,14,14,0
2011,JAMES,512,512,0
2011,JAMAL,7,7,0
2011,JALEN,18,18,0
2011,JAKUB,18,18,0
2011,JAKOB,53,53,0
2011,JAKE,165,165,0
2011,JAIVEER,10,10,0
2011,JAI,15,15,0
2011,JAHVON,8,8,0
2011,JAHEIM,7,7,0
2011,JAGGER,7,7,0
2011,JADON,8,8,0
2011,GIUSEPPE,12,12,0
2011,JACQUES,6,6,0
2011,GIOVANNI,24,24,0
2011,DRAYDEN,6,6,0
2011,DRAVEN,9,9,0
2011,DRAKE,28,28,0
2011,DOUGLAS,14,14,0
2011,DORIAN,13,13,0
2011,DONOVAN,18,18,0
2011,DONALD,12,12,0
2011,DOMINIK,38,38,0
2011,DOMINICK,17,17,0
2011,DOMINIC,149,149,0
2011,DOMENICO,21,21,0
2011,DOMENIC,25,25,0
2011,DION,13,13,0
2011,DIMITRIOS,11,11,0
2011,DIMITRI,9,9,0
2011,DREYDEN,6,6,0
2011,DILRAJ,7,7,0
2011,DRYDEN,7,7,0
2011,DUSTIN,22,22,0
2011,ELIJAH,211,211,0
2011,ELIEZER,7,7,0
2011,ELIAS,76,76,0
2011,ELI,117,117,0
2011,EITAN,7,7,0
2011,EESA,6,6,0
2011,EDWIN,29,29,0
2011,EDWARD,86,86,0
2011,EDUARDO,8,8,0
2011,EDISON,14,14,0
2011,EDGAR,9,9,0
2011,EDDY,6,6,0
2011,EAMON,13,13,0
2011,DYSON,7,7,0
2011,DWAYNE,11,11,0
2011,DUNCAN,36,36,0
2011,ELIO,6,6,0
2011,DILLON,24,24,0
2011,DIEGO,18,18,0
2011,DEEGAN,13,13,0
2011,DECLAN,157,157,0
2011,DEANDRE,8,8,0
2011,DEAN,48,48,0
2011,DEACON,23,23,0
2011,DAYTON,13,13,0
2011,DAXTON,20,20,0
2011,DAXON,6,6,0
2011,DAX,9,9,0
2011,DAWUD,6,6,0
2011,DAWSON,51,51,0
2011,DAVIS,17,17,0
2011,DAVIN,14,14,0
2011,GIULIANO,14,14,0
2011,DAVID,325,325,0
2011,DEKLAN,6,6,0
2011,DILAN,8,8,0
2011,DELANO,7,7,0
2011,DENNIS,22,22,0
2011,DHRUV,12,12,0
2011,DEXTER,41,41,0
2011,DEVONTE,6,6,0
2011,DEVON,37,37,0
2011,DEVIN,60,60,0
2011,DEVEN,14,14,0
2011,DEVAN,11,11,0
2011,DEV,13,13,0
2011,DESMOND,57,57,0
2011,DESHAWN,6,6,0
2011,DERWIN,7,7,0
2011,DERRICK,9,9,0
2011,DEREK,39,39,0
2011,DENZEL,8,8,0
2011,DENVER,14,14,0
2011,DENIS,13,13,0
2011,ELIOT,8,8,0
2011,DEVLIN,6,6,0
2011,ELYAS,7,7,0
2011,FRANKIE,7,7,0
2011,FRANK,37,37,0
2011,FRANCO,9,9,0
2011,FRANCISCO,7,7,0
2011,FRANCIS,25,25,0
2011,FRANCESCO,38,38,0
2011,FOX,10,10,0
2011,FOSTER,12,12,0
2011,FLYNN,10,10,0
2011,FLETCHER,16,16,0
2011,FISHER,8,8,0
2011,FINNLEY,17,17,0
2011,FINNIGAN,7,7,0
2011,FINNEGAN,10,10,0
2011,FINN,63,63,0
2011,FRANKLIN,9,9,0
2011,FINLAY,14,14,0
2011,FRANZ,7,7,0
2011,FYNN,10,10,0
2011,GIDEON,16,16,0
2011,GIBSON,13,13,0
2011,ELVIS,11,11,0
2011,GIANLUCA,35,35,0
2011,GIANCARLO,12,12,0
2011,GIAN,7,7,0
2011,GIACOMO,8,8,0
2011,GERARD,6,6,0
2011,GEORGE,101,101,0
2011,GAVYN,8,8,0
2011,GAVIN,248,248,0
2011,GARY,13,13,0
2011,GARRETT,33,33,0
2011,GAGE,41,41,0
2011,GABRIEL,423,423,0
2011,FREDERICK,20,20,0
2011,FILIP,19,19,0
2011,FRASER,10,10,0
2011,FELIX,86,86,0
2011,EMANUEL,17,17,0
2011,ESA,7,7,0
2011,ERIK,40,40,0
2011,ERICK,6,6,0
2011,ERIC,155,155,0
2011,EREN,7,7,0
2011,ESHAAN,12,12,0
2011,ENZO,17,17,0
2011,EMMITT,7,7,0
2011,EMMETT,96,96,0
2011,EMMET,6,6,0
2011,EMMANUEL,52,52,0
2011,FÉLIX,43,43,0
2011,EMILIO,18,18,0
2011,ENOCH,20,20,0
2011,ESHAN,12,12,0
2011,EPHRAIM,7,7,0
2011,ETHEN,6,6,0
2011,FARIS,17,17,0
2011,ETHAN,848,848,0
2011,FARHAN,10,10,0
2011,FARAZ,7,7,0
2011,FAISAL,9,9,0
2011,FAHAD,9,9,0
2011,EZRA,48,48,0
2011,ÉMILE,9,9,0
2011,EWAN,41,41,0
2011,EVIN,6,6,0
2011,EVERETT,78,78,0
2011,EVANDER,7,7,0
2011,EZEKIEL,34,34,0
2011,EUGENE,9,9,0
2011,EVAN,453,453,0
2012,EMERY,44,11,33
2012,EMMALYN,6,0,6
2012,EMMA-LEE,6,0,6
2012,EMILY,626,0,626
2012,EMMANUELLA,8,0,8
2012,EMILIE,34,0,34
2012,EMILIA,69,0,69
2012,EMILEE,13,0,13
2012,EMMA,801,0,801
2012,ESHAL,20,0,20
2012,EMMY,12,0,12
2012,EMME,8,0,8
2012,EMMIE,8,0,8
2012,EMRY,6,0,6
2012,ENYA,6,0,6
2012,ERICA,41,0,41
2012,ERIKA,35,0,35
2012,ERIN,44,0,44
2012,ESHAAL,9,0,9
2012,EMMANUELLE,8,0,8
2012,ERA,6,0,6
2012,ELODIE,13,0,13
2012,EMERSON,89,62,27
2012,ELLIE,95,0,95
2012,ELLIOT,109,98,11
2012,ESME,10,0,10
2012,ELLIANNA,8,0,8
2012,ELLIANA,12,0,12
2012,ELLIOTT,71,59,12
2012,ELLIS,28,14,14
2012,ELLORA,6,0,6
2012,ELLY,11,0,11
2012,ELOISE,30,0,30
2012,ELORA,12,0,12
2012,ELSA,25,0,25
2012,ELSIE,25,0,25
2012,ELYSE,35,0,35
2012,ELYSIA,6,0,6
2012,ELYSSA,12,0,12
2012,EMA,11,0,11
2012,EMAAN,12,0,12
2012,EMAN,7,0,7
2012,EMBER,9,0,9
2012,EMELIA,6,0,6
2012,EMERSYN,10,0,10
2012,ESMÉ,8,0,8
2012,GABRIELA,41,0,41
2012,ESTHER,50,0,50
2012,FIONA,98,0,98
2012,FIZA,6,0,6
2012,FLORA,11,0,11
2012,FLORENCE,19,0,19
2012,FRANCES,20,0,20
2012,FRANCESCA,24,0,24
2012,FREYA,13,0,13
2012,GABRIELLA,174,0,174
2012,GABRIELLE,119,0,119
2012,FINLEY,50,33,17
2012,GEMMA,53,0,53
2012,GENEVA,6,0,6
2012,GENEVIEVE,23,0,23
2012,GENEVIÈVE,14,0,14
2012,GEORGIA,109,0,109
2012,GEORGINA,7,0,7
2012,ELLERY,7,0,7
2012,GIANNA,26,0,26
2012,GIA,42,0,42
2012,GIADA,8,0,8
2012,GENESIS,16,0,16
2012,ESTELLE,17,0,17
2012,FELICITY,17,0,17
2012,FAYE,15,0,15
2012,EUNICE,7,0,7
2012,EVA,202,0,202
2012,EVANGELIA,7,0,7
2012,EVANGELINA,6,0,6
2012,EVANGELINE,50,0,50
2012,EVE,34,0,34
2012,EVELINA,9,0,9
2012,EVELYN,245,0,245
2012,EVELYNE,9,0,9
2012,FELICIA,13,0,13
2012,EVELYNN,7,0,7
2012,EVERLEY,8,0,8
2012,EVERLY,10,0,10
2012,EVIE,19,0,19
2012,FAITH,126,0,126
2012,FARAH,12,0,12
2012,FARRAH,19,0,19
2012,FATEMA,7,0,7
2012,FATIMA,99,0,99
2012,FATIMAH,8,0,8
2012,EVERLEIGH,18,0,18
2012,ELLEN,15,0,15
2012,CORDELIA,9,0,9
2012,ELLA,527,0,527
2012,CRYSTAL,27,0,27
2012,CYNTHIA,23,0,23
2012,DAHLIA,31,0,31
2012,DAISY,28,0,28
2012,DAKOTA,46,20,26
2012,DALIA,11,0,11
2012,DALLAS,43,35,8
2012,DANA,23,0,23
2012,DANAE,6,0,6
2012,CRISTINA,12,0,12
2012,DANI,7,0,7
2012,DANICA,61,0,61
2012,DANIELA,32,0,32
2012,DANIELLA,51,0,51
2012,DANIELLE,55,0,55
2012,DANIKA,46,0,46
2012,DANYA,8,0,8
2012,DAPHNE,33,0,33
2012,DAPHNÉE,7,0,7
2012,DARCY,18,11,7
2012,DANIA,14,0,14
2012,DARIA,16,0,16
2012,COURTNEY,21,0,21
2012,CORAL,8,0,8
2012,CIENNA,6,0,6
2012,CIARA,37,0,37
2012,GILLIAN,15,0,15
2012,CIERRA,9,0,9
2012,CINDY,16,0,16
2012,CLAIR,6,0,6
2012,CLAIRA,11,0,11
2012,CLAIRE,289,0,289
2012,CLARA,146,0,146
2012,CORALIE,13,0,13
2012,CLARE,25,0,25
2012,CLAUDIA,22,0,22
2012,CLEO,7,0,7
2012,CLOE,6,0,6
2012,CLOVER,6,0,6
2012,COCO,6,0,6
2012,COLBIE,8,0,8
2012,COLETTE,8,0,8
2012,CONNIE,16,0,16
2012,CORA,29,0,29
2012,CLARISSA,14,0,14
2012,ELLE,44,0,44
2012,DAVINA,6,0,6
2012,DAYNA,10,0,10
2012,EDITH,16,0,16
2012,EDNA,8,0,8
2012,EILEEN,20,0,20
2012,EKNOOR,6,0,6
2012,ELAINA,32,0,32
2012,ELAINE,12,0,12
2012,ELEANOR,82,0,82
2012,ELENA,97,0,97
2012,ELENI,17,0,17
2012,EDIE,9,0,9
2012,ELIA,7,0,7
2012,ELIANNA,10,0,10
2012,ELINA,17,0,17
2012,ELISA,31,0,31
2012,ELISABETH,16,0,16
2012,ELISE,100,0,100
2012,ELISHA,12,0,12
2012,ELISSA,11,0,11
2012,ELIZA,33,0,33
2012,ELIZABETH,251,0,251
2012,ELIANA,80,0,80
2012,DAWN,8,0,8
2012,EDEN,100,8,92
2012,DUNYA,7,0,7
2012,DEANNA,14,0,14
2012,DELANEY,17,0,17
2012,DELIA,15,0,15
2012,DELILAH,42,0,42
2012,DELINA,6,0,6
2012,DENISE,12,0,12
2012,DESIREE,10,0,10
2012,DESTINY,36,0,36
2012,DEVYN,9,0,9
2012,DYLAN,327,315,12
2012,DIA,9,0,9
2012,DINA,11,0,11
2012,DIVYA,8,0,8
2012,DIYA,29,0,29
2012,DOMINIQUE,9,0,9
2012,DORA,6,0,6
2012,DORIS,16,0,16
2012,DOROTHY,13,0,13
2012,DREW,51,40,11
2012,DUA,12,0,12
2012,DIANA,32,0,32
2012,GINA,9,0,9
2012,JOANNA,47,0,47
2012,GIULIA,16,0,16
2012,JASMYN,6,0,6
2012,JASNOOR,6,0,6
2012,JAYA,7,0,7
2012,JAYDA,22,0,22
2012,JAYDE,6,0,6
2012,JAYDEN,404,383,21
2012,JAYLA,25,0,25
2012,JAYLYN,7,0,7
2012,JAYLYNN,7,0,7
2012,JASMINE,139,0,139
2012,JAYNA,7,0,7
2012,JAZMIN,17,0,17
2012,JAZMINE,22,0,22
2012,JAZMYN,7,0,7
2012,JELENA,8,0,8
2012,JEMMA,18,0,18
2012,JENAE,6,0,6
2012,JENNA,72,0,72
2012,JENNIFER,60,0,60
2012,JENNY,14,0,14
2012,JAZLYN,6,0,6
2012,JERSEY,8,0,8
2012,JASMIN,11,0,11
2012,JAPNOOR,6,0,6
2012,JAELYNN,12,0,12
2012,JAIDA,12,0,12
2012,JAIDYN,8,0,8
2012,JAIME,11,0,11
2012,JALIYAH,7,0,7
2012,JAMIE,42,21,21
2012,JANA,30,0,30
2012,JANAE,8,0,8
2012,JANE,26,0,26
2012,JASLEEN,18,0,18
2012,JANELLE,23,0,23
2012,JANET,6,0,6
2012,JANICE,14,0,14
2012,JANINE,6,0,6
2012,JANNA,9,0,9
2012,JANNAH,16,0,16
2012,JANNAT,13,0,13
2012,JAPJI,9,0,9
2012,JAPLEEN,7,0,7
2012,JAPNEET,8,0,8
2012,JANESSA,16,0,16
2012,JAELYN,16,0,16
2012,JESSICA,137,0,137
2012,JIA,23,8,15
2012,JULIANNE,12,0,12
2012,JULIE,42,0,42
2012,JULIET,30,0,30
2012,JULIETTE,67,0,67
2012,JUNE,14,0,14
2012,JUSTICE,28,18,10
2012,JUSTINA,13,0,13
2012,JUSTINE,10,0,10
2012,KADENCE,10,0,10
2012,JULIANNA,59,0,59
2012,KAELYN,18,0,18
2012,KAIA,25,0,25
2012,KAIDA,6,0,6
2012,KAIDENCE,7,0,7
2012,KAILA,8,0,8
2012,KAILEE,6,0,6
2012,KAILEY,28,0,28
2012,KAILYN,17,0,17
2012,CIANNA,6,0,6
2012,KAITLIN,10,0,10
2012,KAELYNN,6,0,6
2012,JESSIE,21,0,21
2012,JULIANA,65,0,65
2012,JUDY,16,0,16
2012,JILLIAN,50,0,50
2012,JIYA,20,0,20
2012,JOANNE,10,0,10
2012,JOCELYN,51,0,51
2012,JOELLE,18,0,18
2012,JOEY,21,15,6
2012,JOHANNA,15,0,15
2012,JOLENE,12,0,12
2012,JOLIE,14,0,14
2012,JULIA,308,0,308
2012,JORDAN,269,214,55
2012,JORDYN,120,10,110
2012,JORDYNN,12,0,12
2012,JORJA,13,0,13
2012,JOSEPHINE,62,0,62
2012,JOSIE,23,0,23
2012,JOURNEY,12,0,12
2012,JOY,25,0,25
2012,JOYCE,18,0,18
2012,JUDITH,7,0,7
2012,JORDANA,8,0,8
2012,GISELLE,13,0,13
2012,JADE,83,0,83
2012,JACQUELINE,28,0,28
2012,HALIMA,9,0,9
2012,HALLE,30,0,30
2012,HANA,27,0,27
2012,HANAN,6,0,6
2012,HANIA,15,0,15
2012,HANIYA,14,0,14
2012,HANNA,62,0,62
2012,HANNAH,375,0,375
2012,HAREEM,16,0,16
2012,HALEY,35,0,35
2012,HARINI,10,0,10
2012,HARLEY,34,20,14
2012,HARLOW,22,0,22
2012,HARMONY,50,0,50
2012,HARNOOR,22,6,16
2012,HARPER,137,11,126
2012,HARRIET,10,0,10
2012,HARVEEN,6,0,6
2012,HAVEN,18,6,12
2012,HAWA,8,0,8
2012,HARLEEN,23,0,23
2012,HAYA,9,0,9
2012,HALA,6,0,6
2012,HAILEE,12,0,12
2012,GIULIANA,32,0,32
2012,GLORIA,26,0,26
2012,GRACE,380,0,380
2012,GRACELYN,12,0,12
2012,GRACELYNN,7,0,7
2012,GRACIE,44,0,44
2012,GRETA,14,0,14
2012,GUNEET,14,0,14
2012,GURLEEN,19,0,19
2012,HAILEY,289,0,289
2012,GURNEET,7,0,7
2012,GWEN,13,0,13
2012,GWENDOLYN,27,0,27
2012,GWENYTH,11,0,11
2012,GWYNETH,12,0,12
2012,HADIA,8,0,8
2012,HADLEIGH,6,0,6
2012,HADLEY,40,0,40
2012,HAFSA,43,0,43
2012,HAFSAH,10,0,10
2012,GURNOOR,23,7,16
2012,JADA,30,0,30
2012,HAYDEN,209,178,31
2012,HAYLEIGH,7,0,7
2012,IRA,8,0,8
2012,IRELAND,13,0,13
2012,IRENE,23,0,23
2012,IRIS,46,0,46
2012,ISABEL,75,0,75
2012,ISABELA,11,0,11
2012,ISABELLA,578,0,578
2012,ISABELLE,187,0,187
2012,ISADORA,7,0,7
2012,IQRA,7,0,7
2012,ISHA,14,0,14
2012,ISOBEL,12,0,12
2012,ISRA,12,0,12
2012,IVANA,7,0,7
2012,IVORY,8,0,8
2012,IVY,109,0,109
2012,IYLA,9,0,9
2012,IZABELLA,41,0,41
2012,IZABELLE,6,0,6
2012,JACLYN,6,0,6
2012,ISLA,187,0,187
2012,HAYLEE,32,0,32
2012,INIYA,6,0,6
2012,INAYA,28,0,28
2012,HAYLEY,37,0,37
2012,HAZEL,65,0,65
2012,HEATHER,18,0,18
2012,HEIDI,35,0,35
2012,HELEN,18,0,18
2012,HELENA,42,0,42
2012,HIBA,13,0,13
2012,HIBBA,8,0,8
2012,HILARY,9,0,9
2012,INGRID,7,0,7
2012,HILLARY,15,0,15
2012,HOPE,50,0,50
2012,HUDA,10,0,10
2012,HUNTER,315,300,15
2012,HUSNA,9,0,9
2012,ILA,7,0,7
2012,IMAAN,9,0,9
2012,IMAN,19,0,19
2012,IMANI,10,0,10
2012,IMOGEN,16,0,16
2012,HOLLY,45,0,45
2012,CHRISTY,10,0,10
2012,KAITLYNN,7,0,7
2012,CHRISTINA,81,0,81
2012,AMAYA,43,0,43
2012,AMBER,56,0,56
2012,AMEERA,12,0,12
2012,AMELIA,347,0,347
2012,AMELIE,21,0,21
2012,AMINA,40,0,40
2012,AMINAH,10,0,10
2012,AMIRA,32,0,32
2012,AMISHA,6,0,6
2012,AMARA,22,0,22
2012,AMIYAH,13,0,13
2012,AMREEN,7,0,7
2012,AMRIT,17,8,9
2012,AMY,80,0,80
2012,AMÉLIA,7,0,7
2012,AMÉLIE,25,0,25
2012,ANA,41,0,41
2012,ANABEL,7,0,7
2012,ANABELLE,19,0,19
2012,ANABIA,7,0,7
2012,AMNA,12,0,12
2012,ANANYA,9,0,9
2012,AMANI,8,0,8
2012,AMALIA,12,0,12
2012,ALISSA,21,0,21
2012,ALIVIA,51,0,51
2012,ALIYA,41,0,41
2012,ALIYAH,83,0,83
2012,ALIZA,19,0,19
2012,ALLEGRA,8,0,8
2012,ALLIE,22,0,22
2012,ALLISON,95,0,95
2012,ALLY,13,0,13
2012,AMANDA,51,0,51
2012,ALLYSON,20,0,20
2012,ALORA,8,0,8
2012,ALTHEA,7,0,7
2012,ALYANNA,6,0,6
2012,ALYCIA,6,0,6
2012,ALYSON,19,0,19
2012,ALYSSA,246,0,246
2012,ALYSSIA,14,0,14
2012,ALYVIA,6,0,6
2012,AMAL,14,0,14
2012,ALMA,20,0,20
2012,ALISON,37,0,37
2012,ANASTASIA,56,0,56
2012,ANAÏS,10,0,10
2012,ANNABELLE,106,0,106
2012,ANNALISE,9,0,9
2012,ANNE,25,0,25
2012,ANNEKE,6,0,6
2012,ANNELIESE,6,0,6
2012,ANNIE,54,0,54
2012,ANNIKA,30,0,30
2012,ANTONIA,11,0,11
2012,ANUSHKA,9,0,9
2012,ANNABELLA,38,0,38
2012,ANYA,35,0,35
2012,APRIL,21,0,21
2012,ARABELLA,37,0,37
2012,AREEJ,7,0,7
2012,AREESHA,6,0,6
2012,ARFA,8,0,8
2012,ARIA,153,0,153
2012,ARIAH,7,0,7
2012,ARIANA,122,0,122
2012,ARIANNA,160,0,160
2012,AOIFE,8,0,8
2012,ANAYA,33,0,33
2012,ANNABELL,8,0,8
2012,ANNA,210,0,210
2012,ANDIE,8,0,8
2012,ANDREA,58,9,49
2012,ANGEL,66,15,51
2012,ANGELA,77,0,77
2012,ANGELICA,32,0,32
2012,ANGELIKA,10,0,10
2012,ANGELINA,107,0,107
2012,ANGELINE,7,0,7
2012,ANGIE,14,0,14
2012,ANNABEL,22,0,22
2012,ANIKA,33,0,33
2012,ANISHA,8,0,8
2012,ANITA,18,0,18
2012,ANIYA,6,0,6
2012,ANIYAH,20,0,20
2012,ANJA,7,0,7
2012,ANJALI,16,0,16
2012,ANJANA,18,0,18
2012,ANMOL,14,8,6
2012,ANN,7,0,7
2012,ANISA,11,0,11
2012,ARIANNE,13,0,13
2012,ALISHBA,11,0,11
2012,ALISA,21,0,21
2012,ADALYNN,15,0,15
2012,ADDISON,240,7,233
2012,ADDISYN,18,0,18
2012,ADDYSON,29,0,29
2012,ADELAIDE,74,0,74
2012,ADELE,40,0,40
2012,ADELINA,12,0,12
2012,ADELINE,18,0,18
2012,ADELLE,15,0,15
2012,ADALYN,28,0,28
2012,ADELYN,29,0,29
2012,ADINA,10,0,10
2012,ADITI,9,0,9
2012,ADLEY,7,0,7
2012,ADRIANA,73,0,73
2012,ADRIANNA,50,0,50
2012,ADRIENNE,12,0,12
2012,ADRINA,6,0,6
2012,ADÈLE,19,0,19
2012,AGATHA,19,0,19
2012,ADELYNN,15,0,15
2012,AGNES,8,0,8
2012,ADALIA,6,0,6
2012,ABRIELLE,13,0,13
2012,KAITLYN,157,0,157
2012,AANYA,14,0,14
2012,AARNA,13,0,13
2012,AARYA,14,0,14
2012,AASIYAH,6,0,6
2012,AAYAT,7,0,7
2012,ABAGAIL,14,0,14
2012,ABBEY,24,0,24
2012,ABBIE,14,0,14
2012,ADA,29,0,29
2012,ABBIGAIL,30,0,30
2012,ABBY,54,0,54
2012,ABBYGAIL,19,0,19
2012,ABEEHA,6,0,6
2012,ABIGAEL,8,0,8
2012,ABIGAIL,531,0,531
2012,ABIGALE,10,0,10
2012,ABIGAYLE,16,0,16
2012,ABIHA,11,0,11
2012,ABISHA,9,0,9
2012,ABBIGALE,11,0,11
2012,ALISHA,37,0,37
2012,AIDA,10,0,10
2012,AILEEN,9,0,9
2012,ALEKSANDRA,11,0,11
2012,ALENA,15,0,15
2012,ALESSA,6,0,6
2012,ALESSANDRA,24,0,24
2012,ALESSIA,50,0,50
2012,ALEX,128,119,9
2012,ALEXA,119,0,119
2012,ALEXANDRA,192,0,192
2012,ALEXANDRIA,32,0,32
2012,ALEEZA,13,0,13
2012,ALEXIA,70,0,70
2012,ALEXIS,270,21,249
2012,ALI,154,143,11
2012,ALIA,19,0,19
2012,ALIAH,6,0,6
2012,ALIANA,12,0,12
2012,ALIANNA,9,0,9
2012,ALICE,176,0,176
2012,ALICIA,52,0,52
2012,ALINA,53,0,53
2012,ALEXIE,8,0,8
2012,AILA,9,0,9
2012,ALEENA,56,0,56
2012,ALBA,8,0,8
2012,AIMEE,14,0,14
2012,AINSLEY,63,0,63
2012,AINSLIE,7,0,7
2012,AISHA,67,0,67
2012,AISLIN,7,0,7
2012,AISLINN,8,0,8
2012,AISLYN,6,0,6
2012,AISLYNN,6,0,6
2012,AIYANA,6,0,6
2012,ALEAH,16,0,16
2012,AIZA,15,0,15
2012,AKIRA,6,0,6
2012,AKSHARA,12,0,12
2012,AKSHAYA,7,0,7
2012,ALAINA,28,0,28
2012,ALANA,34,0,34
2012,ALANNA,21,0,21
2012,ALANNAH,12,0,12
2012,ALAYAH,7,0,7
2012,ALAYNA,36,0,36
2012,AJOONI,6,0,6
2012,CHRISTINE,23,0,23
2012,ARIEL,75,10,65
2012,ARIELLA,27,0,27
2012,CAITLIN,42,0,42
2012,CAITLYN,40,0,40
2012,CALEIGH,16,0,16
2012,CALI,40,0,40
2012,CALISTA,7,0,7
2012,CALLA,10,0,10
2012,CALLEIGH,9,0,9
2012,CALLI,6,0,6
2012,CALLIE,65,0,65
2012,CAILYN,12,0,12
2012,CAMERON,285,272,13
2012,CAMILLA,12,0,12
2012,CAMILLE,33,0,33
2012,CAMRYN,31,6,25
2012,CANDICE,10,0,10
2012,CAPRI,9,0,9
2012,CARA,40,0,40
2012,CARINA,18,0,18
2012,CARISSA,8,0,8
2012,CARLEE,8,0,8
2012,CAMILA,40,0,40
2012,CARLEIGH,7,0,7
2012,CAELYN,8,0,8
2012,BÉATRICE,10,0,10
2012,BRIAR,23,0,23
2012,BRIDGET,31,0,31
2012,BRIDGETTE,8,0,8
2012,BRIELLA,8,0,8
2012,BRIELLE,95,0,95
2012,BRINLEY,18,0,18
2012,BRISTOL,6,0,6
2012,BRITNEY,7,0,7
2012,BRITTANY,9,0,9
2012,CADENCE,35,0,35
2012,BRITTON,9,0,9
2012,BROOK,8,0,8
2012,BROOKE,155,0,155
2012,BROOKLYN,267,6,261
2012,BROOKLYNN,73,0,73
2012,BRYANNA,10,0,10
2012,BRYN,13,0,13
2012,BRYNLEE,18,0,18
2012,BRYNLEY,7,0,7
2012,BRYNN,52,0,52
2012,BRONWYN,16,0,16
2012,BRIANNA,140,0,140
2012,CARLY,33,0,33
2012,CARMEN,22,0,22
2012,CHANELLE,15,0,15
2012,CHANTAL,7,0,7
2012,CHARLEE,33,0,33
2012,CHARLEIGH,16,0,16
2012,CHARLENE,10,0,10
2012,CHARLEY,24,6,18
2012,CHARLI,10,0,10
2012,CHARLIE,181,134,47
2012,CHARLIZE,22,0,22
2012,CHANEL,16,0,16
2012,CHARLOTTE,516,0,516
2012,CHAYA,8,0,8
2012,CHELSEA,117,0,117
2012,CHELSEY,14,0,14
2012,CHERISH,6,0,6
2012,CHEYENNE,19,0,19
2012,CHIARA,26,0,26
2012,CHLOE,515,0,515
2012,CHLOÉ,41,0,41
2012,CHLOË,9,0,9
2012,CHARLY,9,0,9
2012,CARMELA,6,0,6
2012,CELINE,14,0,14
2012,CELIA,14,0,14
2012,CAROL,7,0,7
2012,CAROLINE,24,0,24
2012,CAROLYN,8,0,8
2012,CARRIE,7,0,7
2012,CARTER,492,485,7
2012,CARYS,18,0,18
2012,CASEY,36,17,19
2012,CASSANDRA,57,0,57
2012,CASSIA,8,0,8
2012,CELINA,26,0,26
2012,CASSIDY,41,0,41
2012,CATALEYA,13,0,13
2012,CATALINA,13,0,13
2012,CATE,6,0,6
2012,CATERINA,6,0,6
2012,CATHERINE,101,0,101
2012,CAYLEE,10,0,10
2012,CECELIA,7,0,7
2012,CECILIA,36,0,36
2012,CELESTE,17,0,17
2012,CASSIE,11,0,11
2012,ARIELA,8,0,8
2012,BRIANA,13,0,13
2012,BRENNA,10,0,10
2012,ASMA,17,0,17
2012,ASPEN,9,0,9
2012,ASTRID,13,0,13
2012,ATHENA,51,0,51
2012,AUBREE,82,0,82
2012,AUBREY,177,9,168
2012,AUBRIE,15,0,15
2012,AUDREY,253,0,253
2012,AUDRINA,34,0,34
2012,ASIYAH,8,0,8
2012,AURORA,63,0,63
2012,AUTUMN,99,0,99
2012,AVA,707,0,707
2012,AVAH,17,0,17
2012,AVALYN,8,0,8
2012,AVANI,18,0,18
2012,AVAYA,10,0,10
2012,AVEN,7,0,7
2012,AVERI,10,0,10
2012,AVERIE,26,0,26
2012,AURÉLIE,8,0,8
2012,AVERY,528,89,439
2012,ASIYA,10,0,10
2012,ASHVIKA,7,0,7
2012,ARIELLE,36,0,36
2012,ARISHA,11,0,11
2012,ARISSA,7,0,7
2012,ARIYA,18,0,18
2012,ARIYAH,6,0,6
2012,ARIYANA,8,0,8
2012,ARWA,8,0,8
2012,ARWEN,8,0,8
2012,ARYA,72,12,60
2012,ASIA,12,0,12
2012,ARYANA,21,0,21
2012,ASEES,9,0,9
2012,ASHA,22,0,22
2012,ASHLEE,7,0,7
2012,ASHLEEN,8,0,8
2012,ASHLEIGH,13,0,13
2012,ASHLEY,104,0,104
2012,ASHLYN,44,0,44
2012,ASHLYNN,23,0,23
2012,ASHTYN,7,0,7
2012,ARYANNA,21,0,21
2012,BRIA,14,0,14
2012,AVIA,6,0,6
2012,AVIANNA,9,0,9
2012,BEATRIZ,6,0,6
2012,BELLA,79,0,79
2012,BELLE,7,0,7
2012,BERNICE,6,0,6
2012,BETHANY,27,0,27
2012,BETTY,12,0,12
2012,BIANCA,81,0,81
2012,BILLIE,10,0,10
2012,BLAIR,20,6,14
2012,BEATRIX,13,0,13
2012,BLAIRE,9,0,9
2012,BLAKELY,8,0,8
2012,BLESSING,8,0,8
2012,BLYTHE,8,0,8
2012,BONNIE,13,0,13
2012,BRAELYN,9,0,9
2012,BRAELYNN,7,0,7
2012,BREANNA,34,0,34
2012,BREANNE,8,0,8
2012,BREE,12,0,12
2012,BLAKE,284,263,21
2012,AVIANA,8,0,8
2012,BEATRICE,37,0,37
2012,BARBARA,12,0,12
2012,AVLEEN,8,0,8
2012,AVNEET,19,0,19
2012,AVNI,8,0,8
2012,AVRIL,8,0,8
2012,AYA,44,0,44
2012,AYAH,9,0,9
2012,AYANA,18,0,18
2012,AYANNA,10,0,10
2012,AYAT,17,0,17
2012,BAYLEE,6,0,6
2012,AYESHA,36,0,36
2012,AYLIN,16,0,16
2012,AYRA,14,0,14
2012,AYVA,9,0,9
2012,AZALEA,6,0,6
2012,AZARIA,9,0,9
2012,AZARIAH,6,0,6
2012,BABY,10,0,10
2012,BAILEE,11,0,11
2012,BAILEY,38,0,38
2012,AYLA,81,0,81
2012,KAIYA,16,0,16
2012,SIDRA,6,0,6
2012,KALEY,9,0,9
2012,RORY,58,47,11
2012,ROSA,15,0,15
2012,ROSALIE,44,0,44
2012,ROSALINA,7,0,7
2012,ROSALYN,10,0,10
2012,ROSE,68,0,68
2012,ROSEMARY,6,0,6
2012,ROSIE,17,0,17
2012,ROSLYN,8,0,8
2012,ROWAN,105,84,21
2012,ROWYN,7,0,7
2012,ROXANNE,10,0,10
2012,RUBY,111,0,111
2012,RUMAISA,10,0,10
2012,RUTH,30,0,30
2012,RYA,13,0,13
2012,RYAN,545,534,11
2012,RYANN,13,0,13
2012,RYLAN,96,78,18
2012,ROMY,11,0,11
2012,ROBYN,22,0,22
2012,ROBIN,23,10,13
2012,RIYA,25,0,25
2012,REBEKAH,20,0,20
2012,REECE,19,12,7
2012,REEMA,6,0,6
2012,REENA,7,0,7
2012,REESE,118,14,104
2012,REET,16,0,16
2012,REGAN,16,0,16
2012,REID,127,119,8
2012,REINA,8,0,8
2012,RYLEE,55,0,55
2012,REMY,14,8,6
2012,RENÉE,6,0,6
2012,REYA,7,0,7
2012,RHEA,22,0,22
2012,RIA,16,0,16
2012,RIDA,8,0,8
2012,RIHANNA,9,0,9
2012,RILEY,219,135,84
2012,RITA,12,0,12
2012,RIVER,43,24,19
2012,RENEE,15,0,15
2012,RYLEIGH,41,0,41
2012,RYLEY,22,14,8
2012,RYLIE,14,0,14
2012,SAMIRA,14,0,14
2012,SAMREEN,6,0,6
2012,SANA,25,0,25
2012,SANAH,7,0,7
2012,SANDRA,10,0,10
2012,SANVI,7,0,7
2012,SAOIRSE,8,0,8
2012,SARA,155,0,155
2012,SARAH,356,0,356
2012,SAMIA,7,0,7
2012,SARENA,7,0,7
2012,SARINA,29,0,29
2012,SASHA,51,9,42
2012,SAVANAH,6,0,6
2012,SAVANNA,29,0,29
2012,SAVANNAH,140,0,140
2012,SAVERA,6,0,6
2012,SAWYER,137,109,28
2012,SCARLET,21,0,21
2012,SCARLETT,178,0,178
2012,SARIAH,10,0,10
2012,REBECCA,89,0,89
2012,SAMEEHA,9,0,9
2012,SAMANTHA,224,0,224
2012,SAANVI,11,0,11
2012,SABA,7,0,7
2012,SABINA,13,0,13
2012,SABRINA,85,0,85
2012,SADAF,6,0,6
2012,SADIE,132,0,132
2012,SAFA,16,0,16
2012,SAFIA,8,0,8
2012,SAFIYAH,6,0,6
2012,SAMARA,30,0,30
2012,SAGE,31,10,21
2012,SAHAR,10,0,10
2012,SAHARA,10,0,10
2012,SAIGE,10,0,10
2012,SAIRA,7,0,7
2012,SALINA,6,0,6
2012,SALLY,14,0,14
2012,SALMA,22,0,22
2012,SAMA,8,0,8
2012,SAMAIRA,10,0,10
2012,SAHANA,12,0,12
2012,REBECA,8,0,8
2012,REAGAN,23,0,23
2012,REA,6,0,6
2012,NOVA,17,0,17
2012,NOÉMIE,12,0,12
2012,NUHA,7,0,7
2012,NYA,14,0,14
2012,NYAH,13,0,13
2012,NYLA,32,0,32
2012,NYLAH,25,0,25
2012,OCEAN,9,0,9
2012,OCEANA,6,0,6
2012,NOUR,6,0,6
2012,OCÉANE,6,0,6
2012,OLIVIA,909,0,909
2012,OVIYA,7,0,7
2012,PAIGE,142,0,142
2012,PAISLEE,9,0,9
2012,PAISLEY,72,0,72
2012,PAITYN,8,0,8
2012,PARIS,16,0,16
2012,PARKER,216,189,27
2012,PARNEET,9,0,9
2012,OLIVE,29,0,29
2012,PATIENCE,10,0,10
2012,NORAH,93,0,93
2012,NOOR,49,7,42
2012,NERIAH,10,0,10
2012,NEVAEH,136,0,136
2012,NEVE,18,0,18
2012,NEVEAH,12,0,12
2012,NIA,38,0,38
2012,NIAMH,6,0,6
2012,NICOLE,116,0,116
2012,NICOLETTE,6,0,6
2012,NIKA,10,0,10
2012,NORA,97,0,97
2012,NIKI,10,0,10
2012,NIKKI,7,0,7
2012,NILA,9,0,9
2012,NIMRAT,10,0,10
2012,NIMRIT,8,0,8
2012,NINA,47,0,47
2012,NOA,21,0,21
2012,NOELLE,22,0,22
2012,NOEMI,7,0,7
2012,NOLA,8,0,8
2012,NIKITA,17,0,17
2012,SCARLETTE,12,0,12
2012,PATRICIA,9,0,9
2012,PAULINA,7,0,7
2012,PYPER,10,0,10
2012,QUEENA,6,0,6
2012,QUEENIE,10,0,10
2012,QUINN,202,78,124
2012,RACHAEL,29,0,29
2012,RACHEL,162,0,162
2012,RAEGAN,13,0,13
2012,RAELYN,12,0,12
2012,RAELYNN,9,0,9
2012,PUNEET,7,0,7
2012,RAHAF,7,0,7
2012,RAINA,18,0,18
2012,RANIA,16,0,16
2012,RAVEN,18,9,9
2012,RAVNEET,6,0,6
2012,RAYA,26,0,26
2012,RAYANN,6,0,6
2012,RAYNA,20,0,20
2012,RAYNE,11,0,11
2012,RAZAN,6,0,6
2012,RAIN,6,0,6
2012,PAULA,11,0,11
2012,PRIYA,27,0,27
2012,PRISCILLA,13,0,13
2012,PAYTEN,8,0,8
2012,PAYTON,126,7,119
2012,PEARL,18,0,18
2012,PEIGHTON,10,0,10
2012,PENELOPE,80,0,80
2012,PENNY,8,0,8
2012,PETRA,20,0,20
2012,PEYTON,194,30,164
2012,PHILIPPA,8,0,8
2012,PRISHA,7,0,7
2012,PHOEBE,36,0,36
2012,PIA,8,0,8
2012,PIPER,75,0,75
2012,POLINA,7,0,7
2012,POPPY,19,0,19
2012,PORTIA,10,0,10
2012,PRABHLEEN,6,0,6
2012,PRECIOUS,10,0,10
2012,PRESLEY,29,0,29
2012,PRINCESS,10,0,10
2012,PHOENIX,71,47,24
2012,SEERAT,23,0,23
2012,SEHAJ,24,10,14
2012,SELENA,85,0,85
2012,VERA,15,0,15
2012,VERONICA,57,0,57
2012,VERONIKA,10,0,10
2012,VIANNA,6,0,6
2012,VICKY,9,0,9
2012,VICTORIA,371,0,371
2012,VIDA,6,0,6
2012,VIENNA,46,0,46
2012,VIKTORIA,10,0,10
2012,VENUS,6,0,6
2012,VIOLA,12,0,12
2012,VIRGINIA,9,0,9
2012,VIVIAN,70,0,70
2012,VIVIANA,9,0,9
2012,VIVIANNA,6,0,6
2012,VIVIANNE,6,0,6
2012,ÉMILIE,15,0,15
2012,ÉLOÏSE,7,0,7
2012,ÉLODIE,9,0,9
2012,ÉLISE,10,0,10
2012,VIOLET,183,0,183
2012,ZURI,9,0,9
2012,VEDA,6,0,6
2012,VALERIE,47,0,47
2012,TESS,7,0,7
2012,TESSA,87,0,87
2012,THALIA,17,0,17
2012,THEA,20,0,20
2012,THERESA,11,0,11
2012,TIA,27,0,27
2012,TIANA,42,0,42
2012,TIANNA,19,0,19
2012,TIARA,6,0,6
2012,VANESSA,129,0,129
2012,TIFFANY,44,0,44
2012,TORI,9,0,9
2012,TRINITY,57,0,57
2012,TRISHA,17,0,17
2012,TRISTA,6,0,6
2012,TRUDY,7,0,7
2012,TÉA,8,0,8
2012,VADA,9,0,9
2012,VALENTINA,71,0,71
2012,VALERIA,10,0,10
2012,TINA,21,0,21
2012,TERESA,18,0,18
2012,ZUNAIRAH,6,0,6
2012,ZOË,41,0,41
2012,YUNA,6,0,6
2012,YU,11,0,11
2012,YSABELLA,6,0,6
2012,YASMINE,27,0,27
2012,YASMINA,8,0,8
2012,YASMIN,23,0,23
2012,YASMEEN,8,0,8
2012,YARA,19,0,19
2012,YANA,6,0,6
2012,YUSRA,18,0,18
2012,YAEL,9,0,9
2012,WYNTER,7,0,7
2012,WREN,13,0,13
2012,WINTER,11,0,11
2012,WINNIE,6,0,6
2012,WILMA,6,0,6
2012,WILLOW,78,0,78
2012,WILLA,19,0,19
2012,WHITNEY,20,0,20
2012,WENDY,8,0,8
2012,XIN,6,0,6
2012,ZUNAIRA,8,0,8
2012,ZAARA,7,0,7
2012,ZAHRA,75,0,75
2012,ZOÉ,32,0,32
2012,ZOYA,43,0,43
2012,ZOHA,19,0,19
2012,ZOFIA,10,0,10
2012,ZOEY,179,0,179
2012,ZOE,231,0,231
2012,ZIVA,10,0,10
2012,ZION,38,32,6
2012,ZIA,6,0,6
2012,ZAHARA,12,0,12
2012,ZEINAB,7,0,7
2012,ZAYNAH,6,0,6
2012,ZAYNAB,17,0,17
2012,ZAYNA,6,0,6
2012,ZARIA,7,0,7
2012,ZARA,86,0,86
2012,ZAIRA,7,0,7
2012,ZAINAB,68,0,68
2012,ZAINA,11,0,11
2012,ZAHRAA,9,0,9
2012,ZEENAT,8,0,8
2012,NELLY,7,0,7
2012,TEODORA,6,0,6
2012,TENLEY,20,0,20
2012,AALIYAH,108,0,108
2012,SIENA,24,0,24
2012,SIENNA,139,0,139
2012,SIERRA,87,0,87
2012,SIMAR,12,0,12
2012,SIMONA,17,0,17
2012,SIMONE,27,0,27
2012,SIMRAN,23,0,23
2012,SIMRAT,8,0,8
2012,SIDNEY,16,10,6
2012,SIYA,13,0,13
2012,SKYLA,27,0,27
2012,SKYLAR,75,12,63
2012,SKYLER,44,29,15
2012,SLOAN,19,0,19
2012,SLOANE,39,0,39
2012,SOFIA,383,0,383
2012,SOFIE,15,0,15
2012,SOFIYA,6,0,6
2012,SOHA,12,0,12
2012,SKYE,32,0,32
2012,SOLEIL,11,0,11
2012,SIANNA,9,0,9
2012,SHYANNE,13,0,13
2012,SELINA,36,0,36
2012,SERAFINA,6,0,6
2012,SERAPHINA,8,0,8
2012,SERENA,87,0,87
2012,SERENITY,49,0,49
2012,SERINA,8,0,8
2012,SHAELYN,8,0,8
2012,SHANIA,10,0,10
2012,SHANNON,17,0,17
2012,SHYLA,12,0,12
2012,SHANZAY,7,0,7
2012,SHAYLA,16,0,16
2012,SHAYLEE,7,0,7
2012,SHAYNA,10,0,10
2012,SHEA,25,13,12
2012,SHELBY,33,0,33
2012,SHIFA,6,0,6
2012,SHILOH,35,11,24
2012,SHIRA,6,0,6
2012,SHREYA,16,0,16
2012,SHARON,22,0,22
2012,TENZIN,18,8,10
2012,SONIA,21,0,21
2012,SOPHIA,762,0,762
2012,TALIYAH,8,0,8
2012,TALYA,7,0,7
2012,TAMARA,9,0,9
2012,TANIA,6,0,6
2012,TANISHA,13,0,13
2012,TANYA,11,0,11
2012,TARA,28,0,28
2012,TARYN,11,0,11
2012,TASNEEM,6,0,6
2012,TALIAH,7,0,7
2012,TATIANA,24,0,24
2012,TATUM,22,9,13
2012,TAYA,21,0,21
2012,TAYLA,7,0,7
2012,TAYLOR,164,25,139
2012,TEA,6,0,6
2012,TEAGAN,54,13,41
2012,TEAGHAN,8,0,8
2012,TEEGAN,6,0,6
2012,TEGAN,31,7,24
2012,TATIANNA,9,0,9
2012,SONYA,7,0,7
2012,TALIA,67,0,67
2012,TALA,12,0,12
2012,SOPHIE,390,0,390
2012,STACY,6,0,6
2012,STEFANIA,6,0,6
2012,STELLA,170,0,170
2012,STEPHANIE,46,0,46
2012,STEVIE,8,0,8
2012,SUHA,6,0,6
2012,SUKHMANI,10,0,10
2012,SUMAYA,8,0,8
2012,TALEEN,6,0,6
2012,SUMAYYAH,7,0,7
2012,SURI,13,0,13
2012,SUSANA,12,0,12
2012,SUSANNA,9,0,9
2012,SYDNEE,6,0,6
2012,SYDNEY,153,0,153
2012,SYEDA,17,0,17
2012,SYLVIA,21,0,21
2012,SYLVIE,6,0,6
2012,TABITHA,13,0,13
2012,SUMMER,86,0,86
2012,NEHA,12,0,12
2012,NEELA,9,0,9
2012,NAYA,17,0,17
2012,LEANNA,11,0,11
2012,LEANNE,13,0,13
2012,LEELA,6,0,6
2012,LEEN,8,0,8
2012,LEENA,18,0,18
2012,LEIA,28,0,28
2012,LEIGHA,9,0,9
2012,LEIGHTON,24,9,15
2012,LEILA,49,0,49
2012,LEANDRA,7,0,7
2012,LEILANI,6,0,6
2012,LEONA,23,0,23
2012,LEXI,54,0,54
2012,LEXIE,30,0,30
2012,LEXUS,6,0,6
2012,LEYLA,13,0,13
2012,LIA,60,0,60
2012,LIANA,23,0,23
2012,LIARA,7,0,7
2012,LIBBY,6,0,6
2012,LENA,45,0,45
2012,LIBERTY,8,0,8
2012,LEAH,294,0,294
2012,LAYLAH,12,0,12
2012,KYLEE,27,0,27
2012,KYLEIGH,16,0,16
2012,KYLIE,91,0,91
2012,KYRA,42,0,42
2012,LACEY,27,0,27
2012,LAILA,66,0,66
2012,LAILAH,8,0,8
2012,LAKSHMI,6,0,6
2012,LAMAR,10,0,10
2012,LEA,25,0,25
2012,LANA,34,0,34
2012,LARISSA,16,0,16
2012,LAURA,73,0,73
2012,LAUREL,10,0,10
2012,LAUREN,231,0,231
2012,LAURIE,6,0,6
2012,LAURYN,26,0,26
2012,LAYA,9,0,9
2012,LAYAN,18,0,18
2012,LAYLA,176,0,176
2012,LARA,46,0,46
2012,KYLAH,7,0,7
2012,LIDIA,11,0,11
2012,LILAH,35,0,35
2012,LOGAN,638,614,24
2012,LOLA,50,0,50
2012,LONDON,51,11,40
2012,LONDYN,12,0,12
2012,LORELAI,9,0,9
2012,LORELEI,11,0,11
2012,LORIE,6,0,6
2012,LOUISA,7,0,7
2012,LOUISE,9,0,9
2012,LIZA,6,0,6
2012,LUCIA,33,0,33
2012,LUCIE,14,0,14
2012,LUCILLE,8,0,8
2012,LUCINDA,7,0,7
2012,LUCY,127,0,127
2012,LUJAIN,6,0,6
2012,LUNA,40,0,40
2012,LYDIA,82,0,82
2012,LYLA,90,0,90
2012,LYLAH,16,0,16
2012,LUCIANA,11,0,11
2012,LILA,63,0,63
2012,LIYANA,11,0,11
2012,LIVIA,30,0,30
2012,LILIA,23,0,23
2012,LILIAN,26,0,26
2012,LILIANA,57,0,57
2012,LILIANNA,15,0,15
2012,LILITH,11,0,11
2012,LILLIAN,187,0,187
2012,LILLIANA,11,0,11
2012,LILLIANNA,13,0,13
2012,LILLIE,9,0,9
2012,LIYA,9,0,9
2012,LILLY,67,0,67
2012,LILY-ANN,9,0,9
2012,LILYANNA,12,0,12
2012,LINA,31,0,31
2012,LINDA,9,0,9
2012,LINDSAY,21,0,21
2012,LINDSEY,7,0,7
2012,LINNEA,6,0,6
2012,LISA,31,0,31
2012,LIV,13,0,13
2012,LILY,447,0,447
2012,LYNETTE,8,0,8
2012,KYLA,55,0,55
2012,KRYSTAL,10,0,10
2012,KATERINA,21,0,21
2012,KATHARINA,6,0,6
2012,KATHARINE,6,0,6
2012,KATHERINE,145,0,145
2012,KATHLEEN,18,0,18
2012,KATHRYN,42,0,42
2012,KATIA,13,0,13
2012,KATIE,68,0,68
2012,KATRINA,25,0,25
2012,KATELYNN,15,0,15
2012,KATY,6,0,6
2012,KAYA,22,0,22
2012,KAYCEE,8,0,8
2012,KAYDEN,125,119,6
2012,KAYDENCE,33,0,33
2012,KAYLA,125,0,125
2012,KAYLEE,97,0,97
2012,KAYLEIGH,32,0,32
2012,KAYLEY,13,0,13
2012,KAYLIE,16,0,16
2012,KAVYA,6,0,6
2012,KAYLIN,13,0,13
2012,KATELYN,103,0,103
2012,KATARINA,12,0,12
2012,KALI,25,0,25
2012,KALINA,6,0,6
2012,KALISTA,6,0,6
2012,KALIYA,7,0,7
2012,KALIYAH,12,0,12
2012,KALLIE,12,0,12
2012,KAMILA,9,0,9
2012,KAMRYN,12,0,12
2012,KARA,38,0,38
2012,KATE,81,0,81
2012,KAREN,22,0,22
2012,KARISSA,11,0,11
2012,KARLEE,11,0,11
2012,KARLY,8,0,8
2012,KARMA,14,6,8
2012,KAROLINA,9,0,9
2012,KASEY,7,0,7
2012,KASSANDRA,14,0,14
2012,KASSIDY,16,0,16
2012,KATALINA,7,0,7
2012,KARINA,41,0,41
2012,KYA,14,0,14
2012,KAYLYN,7,0,7
2012,KEELY,6,0,6
2012,KIERSTEN,8,0,8
2012,KILEY,9,0,9
2012,KIM,7,0,7
2012,KIMBERLY,19,0,19
2012,KIMORA,9,0,9
2012,KINLEY,27,0,27
2012,KINSEY,7,0,7
2012,KINSLEY,17,0,17
2012,KIRA,40,0,40
2012,KIERRA,9,0,9
2012,KIRSTEN,10,0,10
2012,KLOE,10,0,10
2012,KORI,6,0,6
2012,KRISHA,13,0,13
2012,KRISTA,12,0,12
2012,KRISTEN,22,0,22
2012,KRISTIANA,6,0,6
2012,KRISTINA,26,0,26
2012,KRISTINE,14,0,14
2012,KRISTY,10,0,10
2012,KLARA,11,0,11
2012,KAYLYNN,9,0,9
2012,KIERA,44,0,44
2012,KIANNA,10,0,10
2012,KEERAT,11,0,11
2012,KEIRA,130,0,130
2012,KELLY,21,0,21
2012,KELSEY,16,0,16
2012,KENDAL,10,0,10
2012,KENDALL,21,0,21
2012,KENDRA,38,0,38
2012,KENDYL,6,0,6
2012,KENLEY,7,0,7
2012,KIARA,53,0,53
2012,KENNA,6,0,6
2012,KENZI,7,0,7
2012,KENZIE,58,0,58
2012,KEZIAH,7,0,7
2012,KHADIJA,18,0,18
2012,KHADIJAH,24,0,24
2012,KHALEESI,9,0,9
2012,KHLOE,95,0,95
2012,KHUSHI,11,0,11
2012,KIANA,40,0,40
2012,KENNEDY,82,0,82
2012,KALEIGH,14,0,14
2012,LYNN,6,0,6
2012,LÉA,8,0,8
2012,MEREDITH,22,0,22
2012,MIA,404,0,404
2012,MIAH,15,0,15
2012,MICAELA,12,0,12
2012,MICAH,91,77,14
2012,MICHAELA,31,0,31
2012,MICHELA,8,0,8
2012,MICHELLE,81,0,81
2012,MIKA,13,0,13
2012,MERCY,8,0,8
2012,MIKAELA,46,0,46
2012,MIKAYLA,107,0,107
2012,MILA,187,0,187
2012,MILAN,43,32,11
2012,MILANA,26,0,26
2012,MILANIA,12,0,12
2012,MILENA,22,0,22
2012,MILEY,23,0,23
2012,MILLA,7,0,7
2012,MILLER,29,22,7
2012,MIKAILA,7,0,7
2012,MILLIE,9,0,9
2012,MERCEDES,13,0,13
2012,MELODIE,6,0,6
2012,MAYAR,10,0,10
2012,MAYSA,8,0,8
2012,MAÉLIE,6,0,6
2012,MAËLLE,18,0,18
2012,MCKAYLA,12,0,12
2012,MCKENNA,46,0,46
2012,MCKENZIE,16,0,16
2012,MCKINLEY,9,0,9
2012,MEADOW,11,0,11
2012,MELODY,73,0,73
2012,MEAGAN,7,0,7
2012,MEGHAN,21,0,21
2012,MEHAR,14,0,14
2012,MEI,7,0,7
2012,MELANIA,9,0,9
2012,MELANIE,35,0,35
2012,MELIA,16,0,16
2012,MELINA,19,0,19
2012,MELISA,6,0,6
2012,MELISSA,47,0,47
2012,MEGAN,101,0,101
2012,MAYAH,8,0,8
2012,MINA,13,0,13
2012,MIRA,22,0,22
2012,NADIA,38,0,38
2012,NADINE,12,0,12
2012,NAHLA,11,0,11
2012,NAIA,6,0,6
2012,NAIMA,8,0,8
2012,NAIYA,9,0,9
2012,NALA,10,0,10
2012,NANCY,28,0,28
2012,NAOMI,120,0,120
2012,NADA,13,0,13
2012,NAOMIE,7,0,7
2012,NATALIA,78,0,78
2012,NATALIE,193,0,193
2012,NATALYA,6,0,6
2012,NATASHA,31,0,31
2012,NATHALIE,13,0,13
2012,NAVA,8,0,8
2012,NAVREET,8,0,8
2012,NAVYA,10,0,10
2012,NAWAL,11,0,11
2012,NATALEE,7,0,7
2012,MINAHIL,8,0,8
2012,MÉLODIE,12,0,12
2012,MYRIAM,9,0,9
2012,MIRANDA,21,0,21
2012,MIRIAM,32,0,32
2012,MISCHA,7,0,7
2012,MISHA,9,0,9
2012,MIYA,17,0,17
2012,MOIRA,8,0,8
2012,MOLLIE,6,0,6
2012,MOLLY,91,0,91
2012,MONA,6,0,6
2012,MYSHA,6,0,6
2012,MONICA,23,0,23
2012,MORGAN,121,23,98
2012,MYA,205,0,205
2012,MYAH,39,0,39
2012,MYELLE,6,0,6
2012,MYLA,42,0,42
2012,MYLAH,14,0,14
2012,MYLEE,8,0,8
2012,MYLIE,8,0,8
2012,MYRA,27,0,27
2012,MONROE,8,0,8
2012,LYRA,13,0,13
2012,MAYA,357,0,357
2012,MAVIS,8,0,8
2012,MAEVE,53,0,53
2012,MAGDALENA,9,0,9
2012,MAGGIE,48,0,48
2012,MAHA,7,0,7
2012,MAHEEN,7,0,7
2012,MAHI,7,0,7
2012,MAHNOOR,11,0,11
2012,MAIA,39,0,39
2012,MAIRA,10,0,10
2012,MAEVA,6,0,6
2012,MAISIE,13,0,13
2012,MAJA,15,0,15
2012,MAKAYLA,109,0,109
2012,MAKENA,8,0,8
2012,MAKENNA,44,0,44
2012,MAKENZIE,15,0,15
2012,MALAIKA,13,0,13
2012,MALAK,14,0,14
2012,MALEAH,8,0,8
2012,MALIA,24,0,24
2012,MAIYA,18,0,18
2012,MALIAH,6,0,6
2012,MAELLE,16,0,16
2012,MADYSON,8,0,8
2012,MABEL,11,0,11
2012,MACEY,14,0,14
2012,MACI,23,0,23
2012,MACIE,10,0,10
2012,MACKAYLA,8,0,8
2012,MACKENNA,11,0,11
2012,MACKENZIE,222,17,205
2012,MACY,29,0,29
2012,MADALYN,16,0,16
2012,MAE,15,0,15
2012,MADALYNN,8,0,8
2012,MADELAINE,7,0,7
2012,MADELEINE,107,0,107
2012,MADELINE,116,0,116
2012,MADELYN,90,0,90
2012,MADELYNN,14,0,14
2012,MADILYN,21,0,21
2012,MADINA,6,0,6
2012,MADISON,369,0,369
2012,MADISYN,15,0,15
2012,MADDISON,41,0,41
2012,MAXINE,6,0,6
2012,MALIHA,11,0,11
2012,MALINA,6,0,6
2012,MARILYN,7,0,7
2012,MARIN,6,0,6
2012,MARINA,16,0,16
2012,MARION,9,0,9
2012,MARISA,11,0,11
2012,MARISSA,43,0,43
2012,MARIYA,6,0,6
2012,MARLEE,11,0,11
2012,MARLEY,44,9,35
2012,MARIJA,6,0,6
2012,MARLOWE,9,0,9
2012,MARTINA,9,0,9
2012,MARWA,14,0,14
2012,MARWAH,6,0,6
2012,MARY,66,0,66
2012,MARYAM,94,0,94
2012,MASA,6,0,6
2012,MATEA,10,0,10
2012,MATILDA,30,0,30
2012,MATTEA,9,0,9
2012,MARTHA,18,0,18
2012,MALIN,6,0,6
2012,MARIELLE,10,0,10
2012,MARIE,31,0,31
2012,MALIYA,7,0,7
2012,MALIYAH,20,0,20
2012,MALLORY,14,0,14
2012,MANAAL,6,0,6
2012,MANAHIL,6,0,6
2012,MANDY,10,0,10
2012,MANHA,20,0,20
2012,MANNAT,11,0,11
2012,MANREET,15,0,15
2012,MARIELLA,9,0,9
2012,MANYA,6,0,6
2012,MARA,13,0,13
2012,MAREN,11,0,11
2012,MARGARET,51,0,51
2012,MARGOT,10,0,10
2012,MARIA,141,0,141
2012,MARIAH,40,0,40
2012,MARIAM,63,0,63
2012,MARIANA,14,0,14
2012,MARIANNA,11,0,11
2012,MAPLE,9,0,9
2012,AALIYA,7,0,7
2012,SYLAS,10,10,0
2012,ODIN,15,15,0
2012,JETHRO,7,7,0
2012,JETT,19,19,0
2012,JIAN,6,6,0
2012,JIBRIL,9,9,0
2012,JIMMY,11,11,0
2012,JOAQUIN,12,12,0
2012,JOEL,65,65,0
2012,JOHAN,14,14,0
2012,JOHANN,6,6,0
2012,JOHN,254,254,0
2012,JOHNATHAN,39,39,0
2012,JESSE,95,95,0
2012,JOHNNY,17,17,0
2012,JONAS,18,18,0
2012,JONATHAN,210,210,0
2012,JORDEN,6,6,0
2012,JORY,6,6,0
2012,JOSE,7,7,0
2012,JOSEPH,284,284,0
2012,JOSH,19,19,0
2012,JOSHUA,513,513,0
2012,JOSIAH,74,74,0
2012,JOVAN,21,21,0
2012,JOZEF,6,6,0
2012,JONAH,95,95,0
2012,JUAN,25,25,0
2012,JERRY,21,21,0
2012,JERMAINE,6,6,0
2012,JAWAD,6,6,0
2012,JAX,55,55,0
2012,JAXEN,17,17,0
2012,JAXON,266,266,0
2012,JAXSON,145,145,0
2012,JAXTON,11,11,0
2012,JAXX,10,10,0
2012,JAXXON,7,7,0
2012,JAXYN,6,6,0
2012,JAY,25,25,0
2012,JAYCE,58,58,0
2012,JEROME,10,10,0
2012,JAYCOB,9,9,0
2012,JAYDON,12,12,0
2012,JAYLEN,22,22,0
2012,JAYSON,17,17,0
2012,JAYVON,6,6,0
2012,JEEVAN,7,7,0
2012,JEFFERY,7,7,0
2012,JEFFREY,39,39,0
2012,JENSEN,20,20,0
2012,JENSON,17,17,0
2012,JEREMIAH,72,72,0
2012,JEREMY,117,117,0
2012,JAYDAN,7,7,0
2012,JUDAH,25,25,0
2012,JUDE,61,61,0
2012,JULES,7,7,0
2012,KARTER,25,25,0
2012,KASH,9,9,0
2012,KASON,14,14,0
2012,KAVIN,7,7,0
2012,KAYNE,6,6,0
2012,KAYSON,9,9,0
2012,KEAGAN,20,20,0
2012,KEANE,7,7,0
2012,KEATON,36,36,0
2012,KEEGAN,68,68,0
2012,KEELAN,6,6,0
2012,KARSON,29,29,0
2012,KEENAN,42,42,0
2012,KEITH,25,25,0
2012,KELLAN,16,16,0
2012,KELLEN,9,9,0
2012,KELVIN,14,14,0
2012,KENDRICK,9,9,0
2012,KENNETH,41,41,0
2012,KENTON,6,6,0
2012,KEON,11,11,0
2012,KESHAV,6,6,0
2012,KEVIN,106,106,0
2012,KHALED,10,10,0
2012,KEIRAN,9,9,0
2012,KARM,6,6,0
2012,KARL,10,10,0
2012,KARIM,15,15,0
2012,JULIAN,197,197,0
2012,JULIEN,35,35,0
2012,JULIUS,24,24,0
2012,JUN,9,9,0
2012,JUSTIN,197,197,0
2012,KABIR,22,22,0
2012,KADE,16,16,0
2012,KADEN,80,80,0
2012,KAEDEN,13,13,0
2012,KAEL,18,18,0
2012,KAELAN,8,8,0
2012,KAELEB,6,6,0
2012,KAELEN,8,8,0
2012,KAI,115,115,0
2012,KAIDEN,91,91,0
2012,KAIN,8,8,0
2012,KALE,16,16,0
2012,KALEB,111,111,0
2012,KALEN,7,7,0
2012,KAMERON,7,7,0
2012,KAMIL,6,6,0
2012,KAMRAN,10,10,0
2012,KANE,31,31,0
2012,KARAM,7,7,0
2012,KAREEM,33,33,0
2012,JAVIER,12,12,0
2012,KHALID,18,18,0
2012,JASRAJ,11,11,0
2012,JASON,166,166,0
2012,HANSON,7,7,0
2012,HAO,9,9,0
2012,HARI,6,6,0
2012,HARIS,10,10,0
2012,HARMAN,14,14,0
2012,HAROLD,6,6,0
2012,HAROON,12,12,0
2012,HARRIS,6,6,0
2012,HARRISON,129,129,0
2012,HARRY,13,13,0
2012,HARUN,7,7,0
2012,HANS,6,6,0
2012,HARVEY,14,14,0
2012,HASHIM,8,8,0
2012,HASNAIN,7,7,0
2012,HASSAN,32,32,0
2012,HEATH,10,10,0
2012,HEINRICH,14,14,0
2012,HENDRIK,7,7,0
2012,HENDRIX,9,9,0
2012,HENRI,19,19,0
2012,HENRY,289,289,0
2012,HOLDEN,48,48,0
2012,HOWARD,8,8,0
2012,HASAN,19,19,0
2012,HUDSON,213,213,0
2012,HANK,10,10,0
2012,HAMZA,59,59,0
2012,GIBSON,13,13,0
2012,GIDEON,17,17,0
2012,GIOVANNI,33,33,0
2012,GIULIANO,9,9,0
2012,GIUSEPPE,19,19,0
2012,GORDON,18,18,0
2012,GRADY,26,26,0
2012,GRAEME,18,18,0
2012,GRAHAM,33,33,0
2012,GRANT,42,42,0
2012,GRAYDEN,10,10,0
2012,HAMZAH,10,10,0
2012,GRAYDON,21,21,0
2012,GREGORY,21,21,0
2012,GREY,9,9,0
2012,GREYSON,62,62,0
2012,GRIFFIN,86,86,0
2012,GUNNAR,7,7,0
2012,GURJOT,6,6,0
2012,GURMAN,8,8,0
2012,GURSHAAN,11,11,0
2012,GURSHAN,6,6,0
2012,HADI,23,23,0
2012,HAIDEN,8,8,0
2012,GRAYSON,215,215,0
2012,HUGH,14,14,0
2012,HUGO,49,49,0
2012,HUMZA,8,8,0
2012,JACOB,803,803,0
2012,JAD,18,18,0
2012,JADEN,80,80,0
2012,JADON,13,13,0
2012,JAEDEN,9,9,0
2012,JAGGER,15,15,0
2012,JAHZIAH,9,9,0
2012,JAI,10,10,0
2012,JAIDEN,37,37,0
2012,JAIVEER,8,8,0
2012,JAKE,149,149,0
2012,JACKY,6,6,0
2012,JAKOB,53,53,0
2012,JALEN,13,13,0
2012,JAMAL,10,10,0
2012,JAMES,474,474,0
2012,JAMESON,19,19,0
2012,JAMIESON,12,12,0
2012,JAN,10,10,0
2012,JARED,24,24,0
2012,JARVIS,7,7,0
2012,JASE,36,36,0
2012,JASHAN,6,6,0
2012,JASKARAN,6,6,0
2012,JAKUB,12,12,0
2012,JACKSON,502,502,0
2012,JACK,543,543,0
2012,JACE,105,105,0
2012,HUSSAIN,20,20,0
2012,HUSSEIN,14,14,0
2012,HUXLEY,7,7,0
2012,HUZAIFA,6,6,0
2012,IAIN,6,6,0
2012,IAN,109,109,0
2012,IBRAHEEM,10,10,0
2012,IBRAHIM,123,123,0
2012,ILAN,7,7,0
2012,ILYAS,20,20,0
2012,IMRAN,15,15,0
2012,ISA,23,23,0
2012,ISAAC,293,293,0
2012,ISAAK,13,13,0
2012,ISAIAH,176,176,0
2012,ISHAAN,15,15,0
2012,ISHAN,9,9,0
2012,ISIAH,7,7,0
2012,ISMAEL,9,9,0
2012,ISMAIL,17,17,0
2012,ISRAEL,16,16,0
2012,ISSA,6,6,0
2012,ISSAC,16,16,0
2012,IVAN,61,61,0
2012,IZAIAH,12,12,0
2012,JASPER,81,81,0
2012,KHALIL,12,12,0
2012,KHIZAR,6,6,0
2012,KIAN,48,48,0
2012,MAURICE,10,10,0
2012,MAVERICK,26,26,0
2012,MAX,178,178,0
2012,MAXIM,63,63,0
2012,MAXIME,40,40,0
2012,MAXIMILIAN,26,26,0
2012,MAXIMILIANO,7,7,0
2012,MAXIMILLIAN,7,7,0
2012,MAXIMO,7,7,0
2012,MAXIMUS,77,77,0
2012,MAXWELL,125,125,0
2012,MATTIAS,8,8,0
2012,MAXX,7,7,0
2012,MEHTAB,6,6,0
2012,MEKHI,7,7,0
2012,MEMPHIS,10,10,0
2012,MENNO,6,6,0
2012,MERRICK,7,7,0
2012,MESSIAH,6,6,0
2012,MICHAEL,498,498,0
2012,MICHEAL,12,12,0
2012,MIGUEL,60,60,0
2012,MIHIR,6,6,0
2012,MIKAEL,19,19,0
2012,MAYSON,8,8,0
2012,MIKAËL,6,6,0
2012,MATTHIEU,6,6,0
2012,MATTHEW,484,484,0
2012,MARCO,51,51,0
2012,MARCUS,236,236,0
2012,MAREK,6,6,0
2012,MARIO,13,13,0
2012,MARK,106,106,0
2012,MARKO,32,32,0
2012,MARKUS,36,36,0
2012,MARLON,7,7,0
2012,MARSHALL,62,62,0
2012,MARTIN,46,46,0
2012,MARVIN,12,12,0
2012,MATTHIAS,23,23,0
2012,MARWAN,7,7,0
2012,MASON,602,602,0
2012,MASSIMO,31,31,0
2012,MASYN,6,6,0
2012,MATEO,132,132,0
2012,MATHEW,29,29,0
2012,MATHIAS,14,14,0
2012,MATHIEU,23,23,0
2012,MATHIS,18,18,0
2012,MATIAS,29,29,0
2012,MATT,7,7,0
2012,MATTEO,195,195,0
2012,MASEN,14,14,0
2012,MIKAIL,7,7,0
2012,MIKEL,7,7,0
2012,MIKHAIL,15,15,0
2012,NEEL,9,9,0
2012,NEHEMIAH,12,12,0
2012,NEIL,26,26,0
2012,NELSON,15,15,0
2012,NEVEN,6,6,0
2012,NIAM,9,9,0
2012,NICHOLAS,391,391,0
2012,NICK,11,11,0
2012,NICKOLAS,18,18,0
2012,NICO,53,53,0
2012,NICOLAS,121,121,0
2012,NAVRAJ,7,7,0
2012,NIGEL,12,12,0
2012,NIKHIL,11,11,0
2012,NIKO,30,30,0
2012,NIKOLA,15,15,0
2012,NIKOLAI,12,12,0
2012,NIKOLAOS,7,7,0
2012,NIKOLAS,45,45,0
2012,NIXON,28,28,0
2012,NOAH,741,741,0
2012,NOAM,9,9,0
2012,NOEL,16,16,0
2012,NOLAN,277,277,0
2012,NIHAL,6,6,0
2012,NAVEED,6,6,0
2012,NATHEN,8,8,0
2012,NATHANIEL,215,215,0
2012,MILAD,7,7,0
2012,MILES,94,94,0
2012,MILO,28,28,0
2012,MIR,8,8,0
2012,MIRZA,7,7,0
2012,MITCHELL,44,44,0
2012,MOHAMAD,17,17,0
2012,MOHAMED,68,68,0
2012,MOHAMMAD,84,84,0
2012,MOHAMMED,67,67,0
2012,MOOSA,11,11,0
2012,MOSES,12,12,0
2012,MUHAMMAD,198,198,0
2012,MUHAMMED,13,13,0
2012,MUSA,36,36,0
2012,MUSAB,6,6,0
2012,MUSTAFA,53,53,0
2012,MYLES,106,106,0
2012,MYLO,7,7,0
2012,NABEEL,6,6,0
2012,NASH,71,71,0
2012,NASIR,8,8,0
2012,NATE,27,27,0
2012,NATHAN,646,646,0
2012,NATHANAEL,17,17,0
2012,MARCELO,7,7,0
2012,MARCELLO,9,9,0
2012,MARCEL,11,11,0
2012,MARC,18,18,0
2012,KYE,10,10,0
2012,KYLAN,7,7,0
2012,KYLE,132,132,0
2012,KYLER,23,23,0
2012,KYMANI,8,8,0
2012,LACHLAN,46,46,0
2012,LAITH,7,7,0
2012,LANCE,13,13,0
2012,LANDAN,6,6,0
2012,LANDEN,40,40,0
2012,LANDON,226,226,0
2012,KYDEN,7,7,0
2012,LANDYN,21,21,0
2012,LAWRENCE,13,13,0
2012,LAWSON,7,7,0
2012,LAYNE,15,15,0
2012,LAYTON,8,8,0
2012,LAZAR,7,7,0
2012,LEANDRO,11,11,0
2012,LEIF,6,6,0
2012,LELAND,36,36,0
2012,LENNON,16,16,0
2012,LENNOX,35,35,0
2012,LEO,148,148,0
2012,LANE,20,20,0
2012,KYAN,9,9,0
2012,KUSH,8,8,0
2012,KURTIS,15,15,0
2012,KIERAN,56,56,0
2012,KING,12,12,0
2012,KINGSLEY,41,41,0
2012,KINGSTON,47,47,0
2012,KIRAN,15,15,0
2012,KISHAN,7,7,0
2012,KIYAN,6,6,0
2012,KNOX,17,17,0
2012,KOBE,16,16,0
2012,KODY,7,7,0
2012,KOEN,22,22,0
2012,KOHEN,18,18,0
2012,KOLBY,8,8,0
2012,KOLE,14,14,0
2012,KOLTEN,9,9,0
2012,KOLTON,22,22,0
2012,KONNOR,7,7,0
2012,KONSTANTINOS,8,8,0
2012,KORBIN,12,12,0
2012,KOSTA,6,6,0
2012,KRISH,37,37,0
2012,KRISTIAN,21,21,0
2012,KRISTOPHER,8,8,0
2012,KRUZ,10,10,0
2012,KURT,9,9,0
2012,LÉO,12,12,0
2012,GIANLUCA,35,35,0
2012,LEON,18,18,0
2012,LEONARDO,35,35,0
2012,LYNDON,9,9,0
2012,LYRIC,12,12,0
2012,MAC,6,6,0
2012,MADDEN,15,15,0
2012,MADDEX,7,7,0
2012,MADDIX,8,8,0
2012,MADDOX,46,46,0
2012,MAGNUS,11,11,0
2012,MAHDI,18,18,0
2012,MAHMOUD,9,9,0
2012,MAISON,8,8,0
2012,LYLE,7,7,0
2012,MAKAI,11,11,0
2012,MAKSIM,21,21,0
2012,MAKSYM,8,8,0
2012,MALACHI,54,54,0
2012,MALAKAI,23,23,0
2012,MALCOLM,61,61,0
2012,MALEK,14,14,0
2012,MALIK,52,52,0
2012,MANAV,9,9,0
2012,MANRAJ,16,16,0
2012,MANUEL,15,15,0
2012,MANVEER,7,7,0
2012,MAKS,8,8,0
2012,LUKE,263,263,0
2012,LUKAS,132,132,0
2012,LUKA,74,74,0
2012,LEONIDAS,10,10,0
2012,LEV,10,10,0
2012,LEVI,157,157,0
2012,LEVON,9,9,0
2012,LEWIS,20,20,0
2012,LIAM,957,957,0
2012,LINCOLN,154,154,0
2012,LINDEN,15,15,0
2012,LINUS,9,9,0
2012,LIONEL,9,9,0
2012,LIOR,6,6,0
2012,LOCHLAN,34,34,0
2012,LOÏC,14,14,0
2012,LONG,10,10,0
2012,LORENZO,32,32,0
2012,LOUIS,51,51,0
2012,LUC,13,13,0
2012,LUCA,209,209,0
2012,LUCAS,747,747,0
2012,LUCIAN,18,18,0
2012,LUCIANO,7,7,0
2012,LUCIEN,9,9,0
2012,LUCIUS,8,8,0
2012,LUIGI,7,7,0
2012,LUIS,20,20,0
2012,LEONARD,11,11,0
2012,GIANCARLO,8,8,0
2012,GIAN,6,6,0
2012,GIACOMO,6,6,0
2012,AYOUB,6,6,0
2012,AYRTON,6,6,0
2012,AZAAN,14,14,0
2012,AZLAN,9,9,0
2012,BARRETT,11,11,0
2012,BEAU,19,19,0
2012,BECKETT,29,29,0
2012,BECKHAM,14,14,0
2012,BEN,42,42,0
2012,BENJAMIN,748,748,0
2012,BENNETT,79,79,0
2012,AYMAN,10,10,0
2012,BENNY,7,7,0
2012,BENSON,29,29,0
2012,BENTLEY,202,202,0
2012,BENTLY,8,8,0
2012,BENYAMIN,6,6,0
2012,BERAT,6,6,0
2012,BILAL,23,23,0
2012,BILLY,6,6,0
2012,BLAINE,6,6,0
2012,BLAISE,8,8,0
2012,BLAZE,8,8,0
2012,BO,14,14,0
2012,BENOIT,14,14,0
2012,BORIS,6,6,0
2012,AYDIN,30,30,0
2012,AYDAN,7,7,0
2012,ARSH,7,7,0
2012,ARTHUR,42,42,0
2012,ARTIN,6,6,0
2012,ARVIN,28,28,0
2012,ARYAN,71,71,0
2012,ASAD,7,7,0
2012,ASHAR,10,10,0
2012,ASHER,98,98,0
2012,ASHTON,108,108,0
2012,ASHVIN,6,6,0
2012,ASHWIN,23,23,0
2012,AYDEN,95,95,0
2012,ATHAN,13,13,0
2012,AUGUST,19,19,0
2012,AUGUSTUS,6,6,0
2012,AUSTEN,14,14,0
2012,AUSTIN,309,309,0
2012,AUSTYN,7,7,0
2012,AVI,13,13,0
2012,AVINASH,6,6,0
2012,AVRAHAM,8,8,0
2012,AXEL,21,21,0
2012,AYAAN,63,63,0
2012,AYAN,13,13,0
2012,ATTICUS,28,28,0
2012,BOSCO,6,6,0
2012,BOSTON,18,18,0
2012,BOWEN,11,11,0
2012,BRYSON,75,75,0
2012,BYRON,7,7,0
2012,CADE,9,9,0
2012,CADEN,49,49,0
2012,CAEL,7,7,0
2012,CAELAN,6,6,0
2012,CAELLUM,6,6,0
2012,CAIDEN,21,21,0
2012,CAIN,8,8,0
2012,CAIRO,8,8,0
2012,CALE,7,7,0
2012,BRYDEN,6,6,0
2012,CALEB,322,322,0
2012,CALLEN,12,12,0
2012,CALLUM,86,86,0
2012,CALUM,9,9,0
2012,CALVIN,71,71,0
2012,CAMDEN,28,28,0
2012,CAMILO,9,9,0
2012,CAMPBELL,10,10,0
2012,CAMREN,8,8,0
2012,CAMRON,6,6,0
2012,CARL,11,11,0
2012,CARLO,6,6,0
2012,CALLAN,13,13,0
2012,BRYCEN,13,13,0
2012,BRYCE,88,88,0
2012,BRYANT,6,6,0
2012,BRADEN,27,27,0
2012,BRADLEY,64,64,0
2012,BRADY,75,75,0
2012,BRAEDEN,31,31,0
2012,BRAIDEN,6,6,0
2012,BRANDON,135,135,0
2012,BRANTLEY,13,13,0
2012,BRAXTON,29,29,0
2012,BRAYDEN,229,229,0
2012,BRAYDON,26,26,0
2012,BRAYLON,6,6,0
2012,BRENDAN,39,39,0
2012,BRENDEN,12,12,0
2012,BRENDON,6,6,0
2012,BRENNAN,28,28,0
2012,BRENT,12,12,0
2012,BRETT,25,25,0
2012,BRIAN,60,60,0
2012,BROCK,51,51,0
2012,BRODIE,24,24,0
2012,BRODY,131,131,0
2012,BROGAN,9,9,0
2012,BRONSON,14,14,0
2012,BRUCE,29,29,0
2012,BRYAN,55,55,0
2012,ARSALAN,7,7,0
2012,ARON,8,8,0
2012,ARNAV,34,34,0
2012,ARMANDO,6,6,0
2012,ADIL,8,8,0
2012,ADITYA,20,20,0
2012,ADRIAN,183,183,0
2012,ADRIANO,38,38,0
2012,ADRIEL,6,6,0
2012,ADRIEN,20,20,0
2012,AEDAN,11,11,0
2012,AHMAD,59,59,0
2012,AHMED,59,59,0
2012,AIDAN,171,171,0
2012,AIDEN,412,412,0
2012,ADEN,27,27,0
2012,AIKAM,12,12,0
2012,AKASH,9,9,0
2012,ALAN,27,27,0
2012,ALASDAIR,6,6,0
2012,ALBERT,26,26,0
2012,ALDEN,12,12,0
2012,ALEC,28,28,0
2012,ALEJANDRO,27,27,0
2012,ALEKS,7,7,0
2012,ALEKSANDAR,18,18,0
2012,ALEKSANDER,17,17,0
2012,ALESSANDRO,38,38,0
2012,AJAY,16,16,0
2012,ADEEB,6,6,0
2012,ADAM,377,377,0
2012,ACE,7,7,0
2012,AADAM,8,8,0
2012,AADEN,9,9,0
2012,AAMIR,7,7,0
2012,AARAV,47,47,0
2012,AARIZ,20,20,0
2012,AARNAV,6,6,0
2012,AARON,238,238,0
2012,AARUSH,12,12,0
2012,AARYAN,19,19,0
2012,AAYAN,19,19,0
2012,ABBAS,14,14,0
2012,ABDALLAH,10,10,0
2012,ABDIRAHMAN,8,8,0
2012,ABDUL,34,34,0
2012,ABDULAZIZ,7,7,0
2012,ABDULLAH,73,73,0
2012,ABDULLAHI,6,6,0
2012,ABDULRAHMAN,12,12,0
2012,ABDURAHMAN,6,6,0
2012,ABDUR-RAHMAN,7,7,0
2012,ABEL,24,24,0
2012,ABHIJOT,6,6,0
2012,ABHINAV,6,6,0
2012,ABRAHAM,31,31,0
2012,ABRAM,14,14,0
2012,ALESSIO,26,26,0
2012,CARLOS,25,25,0
2012,ALEXANDER,638,638,0
2012,ALEXANDROS,8,8,0
2012,ANDY,37,37,0
2012,ANGAD,17,17,0
2012,ANGELO,26,26,0
2012,ANGUS,32,32,0
2012,ANHAD,6,6,0
2012,ANISH,9,9,0
2012,ANSON,11,11,0
2012,ANTHONY,286,286,0
2012,ANTOINE,14,14,0
2012,ANTON,14,14,0
2012,ANTONIO,77,77,0
2012,ANDREW,349,349,0
2012,ANTONY,6,6,0
2012,ARCHER,25,25,0
2012,ARCHIE,6,6,0
2012,ARHAM,12,12,0
2012,ARI,24,24,0
2012,ARIAN,9,9,0
2012,ARIE,12,12,0
2012,ARJAN,10,10,0
2012,ARJUN,59,59,0
2012,ARLO,14,14,0
2012,ARMAAN,60,60,0
2012,ARMAN,27,27,0
2012,APOLLO,6,6,0
2012,ANDRES,13,13,0
2012,ANDREJ,8,8,0
2012,ANDREI,11,11,0
2012,ALEXI,9,9,0
2012,ALEXZANDER,10,10,0
2012,ALFRED,8,8,0
2012,ALIJAH,6,6,0
2012,ALISTAIR,16,16,0
2012,ALLAN,11,11,0
2012,ALLEN,17,17,0
2012,ALVIN,29,29,0
2012,AMADEO,6,6,0
2012,AMAN,7,7,0
2012,AMAR,10,10,0
2012,AMARI,22,22,0
2012,AMEEN,6,6,0
2012,AMEER,8,8,0
2012,AMIN,6,6,0
2012,AMIR,28,28,0
2012,AMMAR,19,19,0
2012,AMOS,8,8,0
2012,AMR,7,7,0
2012,ANAKIN,8,8,0
2012,ANAS,13,13,0
2012,ANDERSON,35,35,0
2012,ANDRE,34,34,0
2012,ANDRÉ,9,9,0
2012,ANDREAS,19,19,0
2012,ALEXANDRE,64,64,0
2012,OAKLEY,11,11,0
2012,CARMELO,13,13,0
2012,CARSON,207,207,0
2012,EKAMJOT,6,6,0
2012,ELAN,6,6,0
2012,ELI,138,138,0
2012,ELIAS,74,74,0
2012,ELIE,12,12,0
2012,ELIJAH,266,266,0
2012,ELIO,6,6,0
2012,ELIOT,10,10,0
2012,ELVIN,7,7,0
2012,ELVIS,9,9,0
2012,EMANUEL,8,8,0
2012,EKAM,6,6,0
2012,ÉMILE,6,6,0
2012,EMIR,7,7,0
2012,EMMANUEL,72,72,0
2012,EMMERSON,6,6,0
2012,EMMET,7,7,0
2012,EMMETT,119,119,0
2012,EMMITT,15,15,0
2012,EMRE,6,6,0
2012,ENRIQUE,7,7,0
2012,ENZO,20,20,0
2012,EREN,7,7,0
2012,ERIC,186,186,0
2012,EMILIO,21,21,0
2012,ERICK,6,6,0
2012,EITAN,7,7,0
2012,EDWIN,28,28,0
2012,DIMITRI,14,14,0
2012,DIMITRIOS,6,6,0
2012,DION,7,7,0
2012,DOMENIC,24,24,0
2012,DOMENICO,23,23,0
2012,DOMINIC,212,212,0
2012,DOMINICK,25,25,0
2012,DOMINIK,33,33,0
2012,DONALD,12,12,0
2012,DONOVAN,14,14,0
2012,DORIAN,16,16,0
2012,EESA,7,7,0
2012,DOUGLAS,17,17,0
2012,DRAVEN,9,9,0
2012,DUNCAN,27,27,0
2012,DUSTIN,26,26,0
2012,DWAYNE,7,7,0
2012,DYSON,7,7,0
2012,EASON,14,14,0
2012,EASTON,102,102,0
2012,EDDIE,12,12,0
2012,EDDY,6,6,0
2012,EDISON,21,21,0
2012,EDWARD,89,89,0
2012,DRAKE,23,23,0
2012,ERIK,40,40,0
2012,ESHAAN,11,11,0
2012,ESHAN,10,10,0
2012,FIRAS,6,6,0
2012,FISHER,8,8,0
2012,FLETCHER,12,12,0
2012,FLYNN,9,9,0
2012,FOSTER,17,17,0
2012,FRANCESCO,45,45,0
2012,FRANCIS,27,27,0
2012,FRANCISCO,6,6,0
2012,FRANK,20,20,0
2012,FRANKLIN,12,12,0
2012,FRASER,12,12,0
2012,FINNLEY,10,10,0
2012,FREDERICK,15,15,0
2012,GABRIEL,420,420,0
2012,GABRIELE,8,8,0
2012,GAEL,6,6,0
2012,GAGE,51,51,0
2012,GARNET,6,6,0
2012,GARRETT,24,24,0
2012,GARY,10,10,0
2012,GAVIN,277,277,0
2012,GAVYN,7,7,0
2012,GEORGE,98,98,0
2012,GERALD,9,9,0
2012,FYNN,10,10,0
2012,FINNIGAN,6,6,0
2012,FINNEGAN,17,17,0
2012,FINN,70,70,0
2012,ESTEBAN,6,6,0
2012,ETHAN,891,891,0
2012,ETIENNE,7,7,0
2012,ÉTIENNE,9,9,0
2012,EUAN,7,7,0
2012,EUGENE,11,11,0
2012,EVAN,453,453,0
2012,EVANGELOS,10,10,0
2012,EVERETT,78,78,0
2012,EWAN,41,41,0
2012,EZEKIEL,30,30,0
2012,EZRA,55,55,0
2012,FABIAN,7,7,0
2012,FAHAD,6,6,0
2012,FAISAL,11,11,0
2012,FAIZAN,6,6,0
2012,FARHAN,10,10,0
2012,FARIS,14,14,0
2012,FELIPE,6,6,0
2012,FELIX,100,100,0
2012,FÉLIX,37,37,0
2012,FERGUS,6,6,0
2012,FERNANDO,17,17,0
2012,FILIP,17,17,0
2012,FINLAY,6,6,0
2012,DILLON,12,12,0
2012,DILLAN,7,7,0
2012,DIEGO,30,30,0
2012,DHRUV,7,7,0
2012,COHEN,110,110,0
2012,COLBY,69,69,0
2012,COLE,231,231,0
2012,COLIN,122,122,0
2012,COLLIN,16,16,0
2012,COLTEN,20,20,0
2012,COLTON,283,283,0
2012,CONALL,6,6,0
2012,CONNER,38,38,0
2012,CONNOR,269,269,0
2012,CONOR,19,19,0
2012,COEN,14,14,0
2012,CONRAD,10,10,0
2012,CORBIN,32,32,0
2012,COREY,14,14,0
2012,CORMAC,8,8,0
2012,CORNELIUS,10,10,0
2012,CRAIG,10,10,0
2012,CRISTIAN,35,35,0
2012,CRISTIANO,29,29,0
2012,CROSBY,13,13,0
2012,CRUZ,48,48,0
2012,CULLEN,10,10,0
2012,CURTIS,46,46,0
2012,COOPER,194,194,0
2012,CODY,64,64,0
2012,CLINTON,7,7,0
2012,CLAYTON,27,27,0
2012,CASE,6,6,0
2012,CASH,27,27,0
2012,CASPIAN,7,7,0
2012,CASSIUS,10,10,0
2012,CAYDEN,43,43,0
2012,CEDRIC,16,16,0
2012,CÉDRIC,10,10,0
2012,CHACE,10,10,0
2012,CHAD,8,8,0
2012,CHAEL,6,6,0
2012,CHAIM,9,9,0
2012,CHANCE,29,29,0
2012,CHANNING,8,8,0
2012,CHARBEL,8,8,0
2012,CHARLES,192,192,0
2012,CHASE,234,234,0
2012,CHAYCE,8,8,0
2012,CHESTER,6,6,0
2012,CHRIS,30,30,0
2012,CHRISTIAN,207,207,0
2012,CHRISTOPHER,188,188,0
2012,CHRISTOS,7,7,0
2012,CIAN,15,15,0
2012,CIARAN,8,8,0
2012,CLARK,31,31,0
2012,CYRIL,8,8,0
2012,CARSEN,6,6,0
2012,CYRUS,28,28,0
2012,DALTON,10,10,0
2012,DAYTON,8,8,0
2012,DEACON,15,15,0
2012,DEAN,52,52,0
2012,DEANDRE,8,8,0
2012,DECLAN,163,163,0
2012,DEEGAN,8,8,0
2012,DEEN,7,7,0
2012,DEKLAN,11,11,0
2012,DENIS,8,8,0
2012,DENNIS,20,20,0
2012,DENVER,9,9,0
2012,DAXTON,21,21,0
2012,DENZEL,9,9,0
2012,DERRICK,10,10,0
2012,DESHAWN,9,9,0
2012,DESMOND,53,53,0
2012,DEV,9,9,0
2012,DEVAN,7,7,0
2012,DEVANSH,6,6,0
2012,DEVESH,6,6,0
2012,DEVIN,53,53,0
2012,DEVON,35,35,0
2012,DEVONTE,8,8,0
2012,DEXTER,58,58,0
2012,DEREK,69,69,0
2012,DAX,14,14,0
2012,DAWSON,40,40,0
2012,DAVIS,21,21,0
2012,DAMIAN,78,78,0
2012,DAMIEN,62,62,0
2012,DAMION,6,6,0
2012,DAMON,37,37,0
2012,DAN,9,9,0
2012,DANE,16,16,0
2012,DANIAL,6,6,0
2012,DANIEL,543,543,0
2012,DANILO,6,6,0
2012,DANIYAL,14,14,0
2012,DANNY,23,23,0
2012,DANTE,76,76,0
2012,DANYLO,6,6,0
2012,DARIAN,11,11,0
2012,DARIEN,6,6,0
2012,DARIO,19,19,0
2012,DARIUS,58,58,0
2012,DARREN,39,39,0
2012,DARRYL,8,8,0
2012,DARSH,10,10,0
2012,DARWIN,7,7,0
2012,DARYL,6,6,0
2012,DASH,6,6,0
2012,DAVID,318,318,0
2012,DAVIN,9,9,0
2012,DALE,7,7,0
2012,OLIVER,354,354,0
2012,VIVIEN,13,0,13
2012,VALENTINO,7,7,0
2012,TRAVIS,77,77,0
2012,TRAE,6,6,0
2012,TRACE,8,8,0
2012,TORIN,6,6,0
2012,TONY,17,17,0
2012,TOMMY,13,13,0
2012,TRAYVON,7,7,0
2012,TOMAS,14,14,0
2012,TOBY,12,12,0
2012,TOBIN,10,10,0
2012,TOBIAS,24,24,0
2012,TITUS,13,13,0
2012,TIMOTHY,82,82,0
2012,TIAGO,21,21,0
2012,TOM,6,6,0
2012,TRENT,34,34,0
2012,TRENTON,24,24,0
2012,TREVOR,40,40,0
2012,UZAIR,6,6,0
2012,USMAN,10,10,0
2012,UMAR,18,18,0
2012,TYSON,117,117,0
2012,TYLER,327,327,0
2012,TYE,6,6,0
2012,TY,36,36,0
2012,TUCKER,28,28,0
2012,TRYSTAN,12,12,0
2012,TROY,40,40,0
2012,TRITON,6,6,0
2012,TRISTEN,15,15,0
2012,TRISTAN,283,283,0
2012,TREYVON,6,6,0
2012,TREY,19,19,0
2012,THOMAS,299,299,0
2012,THIAGO,6,6,0
2012,THÉODORE,8,8,0
2012,THEODORE,105,105,0
2012,VIVIENNE,43,0,43
2012,SYED,60,60,0
2012,SULLIVAN,30,30,0
2012,SULAIMAN,15,15,0
2012,SUFYAN,6,6,0
2012,SUBHAN,15,15,0
2012,STUART,8,8,0
2012,STEWART,8,8,0
2012,STEVEN,56,56,0
2012,STEVE,8,8,0
2012,STEPHEN,41,41,0
2012,STEPHAN,7,7,0
2012,STEFANO,23,23,0
2012,STEFAN,49,49,0
2012,STANLEY,11,11,0
2012,TAFARI,7,7,0
2012,VAN,12,12,0
2012,TAHA,21,21,0
2012,TALHA,8,8,0
2012,THEO,35,35,0
2012,THADDEUS,7,7,0
2012,TERRY,8,8,0
2012,TERRENCE,12,12,0
2012,TERRANCE,6,6,0
2012,TEO,13,13,0
2012,TEJAS,11,11,0
2012,TED,6,6,0
2012,TAYLAN,6,6,0
2012,TAYDEN,7,7,0
2012,TATE,19,19,0
2012,TARIQ,6,6,0
2012,TANNER,64,64,0
2012,TAMIM,6,6,0
2012,TALON,15,15,0
2012,TAJ,7,7,0
2012,VAUGHN,19,19,0
2012,VEER,18,18,0
2012,VICTOR,57,57,0
2012,ZACK,19,19,0
2012,ZACHARY,311,311,0
2012,ZACHARIAH,14,14,0
2012,ZACH,6,6,0
2012,ZAC,8,8,0
2012,YUVRAJ,16,16,0
2012,YUSUF,88,88,0
2012,YUNUS,7,7,0
2012,YOUSUF,17,17,0
2012,YOUSSEF,22,22,0
2012,YOUSIF,11,11,0
2012,YOUSEF,27,27,0
2012,YOSEF,8,8,0
2012,YAZAN,11,11,0
2012,YASIR,8,8,0
2012,ZACKARY,42,42,0
2012,YASIN,8,8,0
2012,ZACKERY,12,12,0
2012,ZAIN,48,48,0
2012,ZEV,7,7,0
2012,ZEPHYR,9,9,0
2012,ZAYNE,9,9,0
2012,ZAYN,19,19,0
2012,ZAYDEN,19,19,0
2012,ZAYD,16,16,0
2012,ZAYAN,17,17,0
2012,ZAYAAN,8,8,0
2012,ZAVIER,8,8,0
2012,ZANE,34,34,0
2012,ZANDER,50,50,0
2012,ZAKI,7,7,0
2012,ZAKARY,10,10,0
2012,ZAKARIYA,26,26,0
2012,ZAKARIA,8,8,0
2012,ZAID,15,15,0
2012,SPENCER,133,133,0
2012,YASH,11,11,0
2012,YASEEN,24,24,0
2012,WAYLON,8,8,0
2012,WARREN,23,23,0
2012,WALTER,18,18,0
2012,WALLACE,7,7,0
2012,WALKER,13,13,0
2012,WALEED,11,11,0
2012,WADE,18,18,0
2012,VIVAAN,15,15,0
2012,VISHNU,6,6,0
2012,VIRAJ,6,6,0
2012,VINCENZO,9,9,0
2012,VINCENT,123,123,0
2012,VINCE,7,7,0
2012,VIKTOR,17,17,0
2012,VIHAAN,10,10,0
2012,WAYNE,15,15,0
2012,YASER,6,6,0
2012,WESLEY,99,99,0
2012,WESTLEY,8,8,0
2012,YAHYA,42,42,0
2012,YAHIA,6,6,0
2012,YAAKOV,9,9,0
2012,XZAVIER,7,7,0
2012,XAVIER,250,250,0
2012,XANDER,57,57,0
2012,WYATT,192,192,0
2012,WINSTON,15,15,0
2012,WILSON,20,20,0
2012,WILLY,7,7,0
2012,WILLIAM,724,724,0
2012,WILLEM,11,11,0
2012,WILL,12,12,0
2012,WILHELM,8,8,0
2012,WESTON,60,60,0
2012,WESTIN,6,6,0
2012,SOREN,13,13,0
2012,THÉO,13,13,0
2012,SOLOMON,21,21,0
2012,RAYHAN,9,9,0
2012,RAYDEN,12,12,0
2012,RAYAN,43,43,0
2012,RAYAAN,7,7,0
2012,RAY,12,12,0
2012,RASHAD,6,6,0
2012,RAPHAEL,31,31,0
2012,RANVIR,8,8,0
2012,RANVEER,8,8,0
2012,RANDY,8,8,0
2012,RANBIR,6,6,0
2012,RALPH,7,7,0
2012,RAIDEN,13,13,0
2012,SONNY,7,7,0
2012,RAFAY,8,8,0
2012,RAYMOND,49,49,0
2012,RAFAEL,30,30,0
2012,RAYYAN,42,42,0
2012,REHAN,8,8,0
2012,ROBERTO,9,9,0
2012,ROBERT,147,147,0
2012,RISHI,9,9,0
2012,RISHAAN,6,6,0
2012,RIO,12,12,0
2012,RICKY,12,12,0
2012,RICHARD,70,70,0
2012,RICARDO,9,9,0
2012,RHYS,74,74,0
2012,REYANSH,7,7,0
2012,REUBEN,15,15,0
2012,RÉMY,6,6,0
2012,RÉMI,6,6,0
2012,REMI,10,10,0
2012,REILLY,8,8,0
2012,REED,43,43,0
2012,ROCCO,20,20,0
2012,QUINTON,49,49,0
2012,QUINTEN,13,13,0
2012,PARSA,8,8,0
2012,PAOLO,16,16,0
2012,PABLO,7,7,0
2012,OWYN,6,6,0
2012,OWEN,625,625,0
2012,OTIS,8,8,0
2012,OSMAN,8,8,0
2012,OSKAR,15,15,0
2012,OSCAR,84,84,0
2012,ORLANDO,9,9,0
2012,ORION,16,16,0
2012,OREN,7,7,0
2012,OMER,10,10,0
2012,OMAR,98,98,0
2012,OM,11,11,0
2012,PATRICK,124,124,0
2012,QUINTIN,16,16,0
2012,PAUL,57,57,0
2012,PAXTON,20,20,0
2012,QUINLAN,7,7,0
2012,QUINCY,10,10,0
2012,QUENTIN,21,21,0
2012,QASIM,8,8,0
2012,PRINCE,17,17,0
2012,PRESTON,115,115,0
2012,PRANAV,6,6,0
2012,PORTER,23,23,0
2012,PIERRE,7,7,0
2012,PIERCE,25,25,0
2012,PHILLIP,10,10,0
2012,PHILIPPE,11,11,0
2012,PHILIP,43,43,0
2012,PETER,116,116,0
2012,PEDRO,7,7,0
2012,PAULO,7,7,0
2012,RODRIGO,8,8,0
2012,RAHEEM,8,8,0
2012,ROHAN,28,28,0
2012,SÉBASTIEN,14,14,0
2012,SEBASTIEN,22,22,0
2012,SEBASTIAN,249,249,0
2012,SEAN,90,90,0
2012,SEAMUS,17,17,0
2012,SCOTT,27,27,0
2012,SAUL,6,6,0
2012,SARIM,7,7,0
2012,SANTINO,9,9,0
2012,SANTIAGO,40,40,0
2012,SANJAY,11,11,0
2012,SAMUEL,420,420,0
2012,SAMSON,13,13,0
2012,SAMIR,9,9,0
2012,SAMI,17,17,0
2012,SETH,101,101,0
2012,SAMEER,10,10,0
2012,SEYON,6,6,0
2012,SHAHEER,8,8,0
2012,SIRAJ,7,7,0
2012,ROGER,6,6,0
2012,SIMEON,9,9,0
2012,SILAS,59,59,0
2012,SIDDHARTH,9,9,0
2012,SHIV,8,8,0
2012,SHELDON,12,12,0
2012,SHAYNE,10,10,0
2012,OLIVIER,46,46,0
2012,SHAYAN,13,13,0
2012,SHAYAAN,13,13,0
2012,SHAY,7,7,0
2012,SHAWN,37,37,0
2012,SHAUN,10,10,0
2012,SHANE,51,51,0
2012,SHAAN,12,12,0
2012,SAMARTH,6,6,0
2012,SIMON,125,125,0
2012,SALVATORE,10,10,0
2012,RUDRA,6,6,0
2012,RUBEN,10,10,0
2012,ROYCE,13,13,0
2012,ROYAL,6,6,0
2012,ROY,12,12,0
2012,ROWEN,8,8,0
2012,ROSS,9,9,0
2012,ROSHAN,11,11,0
2012,RONIN,27,27,0
2012,RONAN,64,64,0
2012,RONALD,17,17,0
2012,RON,6,6,0
2012,ROMEO,30,30,0
2012,ROMAN,40,40,0
2012,SAM,48,48,0
2012,RUI,8,8,0
2012,RUSSELL,24,24,0
2012,ROLAND,13,13,0
2012,RYERSON,19,19,0
2012,RYDER,154,154,0
2012,SALMAN,14,14,0
2012,SALEH,7,7,0
2012,SAIF,19,19,0
2012,SAI,7,7,0
2012,SAHIBJOT,6,6,0
2012,SAHIB,23,23,0
2012,SAHIL,14,14,0
2012,SACHIN,9,9,0
2012,SACHA,8,8,0
2012,SAAD,11,11,0
2012,RYU,7,7,0
2012,RYLAND,30,30,0
2012,RYKER,63,63,0
2012,SAFWAN,8,8,0
2013,KHALID,28,28,0
2013,KEON,12,12,0
2013,KEVIN,93,93,0
2013,KEYAAN,6,6,0
2013,KHALED,10,10,0
2013,KHALIL,17,17,0
2013,KIYAN,9,9,0
2013,KIAN,47,47,0
2013,KIERAN,61,61,0
2013,KING,11,11,0
2013,KINGSLEY,37,37,0
2013,KINGSTON,50,50,0
2013,KISHAN,10,10,0
2013,KASEN,6,6,0
2013,KIAAN,6,6,0
2013,KENT,7,7,0
2013,KEIRAN,6,6,0
2013,KENDRICK,19,19,0
2013,KNOX,17,17,0
2013,KASH,7,7,0
2013,KAVIN,10,10,0
2013,KAYLEB,8,8,0
2013,KAYNE,7,7,0
2013,KAYSEN,6,6,0
2013,KEAGAN,16,16,0
2013,KEATON,42,42,0
2013,KEEGAN,67,67,0
2013,KEENAN,26,26,0
2013,KEITH,21,21,0
2013,KELLAN,19,19,0
2013,KELLEN,7,7,0
2013,KELVIN,10,10,0
2013,KENAN,8,8,0
2013,KENNETH,28,28,0
2013,KOBE,15,15,0
2013,KYRIE,12,12,0
2013,KOEN,16,16,0
2013,LANDEN,34,34,0
2013,LANDON,187,187,0
2013,LANDYN,27,27,0
2013,LANE,12,12,0
2013,LARRY,7,7,0
2013,LAURENT,7,7,0
2013,LAWRENCE,20,20,0
2013,LAWSON,15,15,0
2013,LAYNE,12,12,0
2013,LAYTON,6,6,0
2013,LAZAR,9,9,0
2013,LEANDRO,19,19,0
2013,LEE,9,9,0
2013,LEIF,14,14,0
2013,KARTER,23,23,0
2013,LANCE,18,18,0
2013,KODY,13,13,0
2013,LAITH,6,6,0
2013,KYSON,6,6,0
2013,KOHEN,21,21,0
2013,KOLBY,10,10,0
2013,KOLE,11,11,0
2013,KOLTON,29,29,0
2013,KONNOR,9,9,0
2013,KONSTANTINOS,10,10,0
2013,KORBIN,11,11,0
2013,KRISH,35,35,0
2013,KRISTIAN,17,17,0
2013,KRISTOPHER,10,10,0
2013,KURTIS,18,18,0
2013,KYE,12,12,0
2013,KYLE,135,135,0
2013,KYLER,24,24,0
2013,KYMANI,11,11,0
2013,LACHLAN,40,40,0
2013,KARSON,28,28,0
2013,NIHAL,9,9,0
2013,KARL,14,14,0
2013,NIKO,33,33,0
2013,NIKKO,7,7,0
2013,NIKHIL,13,13,0
2013,JIBRIL,8,8,0
2013,JIMMY,11,11,0
2013,JOAQUIN,15,15,0
2013,JOEL,71,71,0
2013,JOEY,23,23,0
2013,JOHAN,16,16,0
2013,JOHN,248,248,0
2013,JOHNATHAN,37,37,0
2013,JOHNATHON,6,6,0
2013,JOHNNY,19,19,0
2013,JOHNSON,8,8,0
2013,JON,6,6,0
2013,NIKOLA,19,19,0
2013,JONAH,92,92,0
2013,NIKOLAI,12,12,0
2013,NIKOLAS,37,37,0
2013,OMER,7,7,0
2013,LELAND,27,27,0
2013,OMAR,97,97,0
2013,OM,11,11,0
2013,OLIVIER,43,43,0
2013,OLIVER,408,408,0
2013,ODIN,30,30,0
2013,OAKLEY,11,11,0
2013,NYLE,6,6,0
2013,NORMAN,8,8,0
2013,NOLAN,270,270,0
2013,NOEL,19,19,0
2013,NOAM,10,10,0
2013,NOAH,795,795,0
2013,NIXON,39,39,0
2013,NIKOLAOS,7,7,0
2013,JONAS,23,23,0
2013,JONATHAN,192,192,0
2013,JORDON,6,6,0
2013,KAEDEN,15,15,0
2013,KAEL,15,15,0
2013,KAELEN,7,7,0
2013,KAI,89,89,0
2013,KAIDEN,68,68,0
2013,KALE,7,7,0
2013,KALEB,98,98,0
2013,KALLEN,7,7,0
2013,KAMERON,12,12,0
2013,KAMRAN,6,6,0
2013,KANE,22,22,0
2013,KARAM,11,11,0
2013,KARAN,9,9,0
2013,KAREEM,29,29,0
2013,KARIM,15,15,0
2013,KADEN,51,51,0
2013,KADE,12,12,0
2013,KACPER,6,6,0
2013,KABIR,23,23,0
2013,JORGE,6,6,0
2013,JOSE,9,9,0
2013,JOSEF,7,7,0
2013,JOSEPH,311,311,0
2013,JOSH,19,19,0
2013,JOSHUA,490,490,0
2013,JOSIAH,78,78,0
2013,KARMAN,7,7,0
2013,JOVAN,16,16,0
2013,JUDAH,34,34,0
2013,JULIAN,173,173,0
2013,JULIEN,38,38,0
2013,JULIUS,26,26,0
2013,JUNIOR,7,7,0
2013,JUSTIN,139,139,0
2013,JUSTUS,9,9,0
2013,JUAN,13,13,0
2013,LENNOX,21,21,0
2013,NICO,38,38,0
2013,LÉO,9,9,0
2013,MEIR,9,9,0
2013,MEKHI,10,10,0
2013,MELVIN,8,8,0
2013,MEMPHIS,19,19,0
2013,MERRICK,9,9,0
2013,MICHAEL,401,401,0
2013,MICHAL,7,7,0
2013,MICHEAL,7,7,0
2013,MIGUEL,38,38,0
2013,MIKAEEL,10,10,0
2013,MIKAEL,19,19,0
2013,MIKAIL,9,9,0
2013,MIKE,6,6,0
2013,MIKHAIL,15,15,0
2013,MILES,97,97,0
2013,MEHTAB,7,7,0
2013,MILO,37,37,0
2013,MAZIN,6,6,0
2013,MAXX,7,7,0
2013,MATIAS,30,30,0
2013,MATT,6,6,0
2013,MATTEO,148,148,0
2013,MATTHEW,472,472,0
2013,MATTHIAS,14,14,0
2013,MATTIAS,9,9,0
2013,MAVERICK,58,58,0
2013,MAX,172,172,0
2013,MAXIM,51,51,0
2013,MAXIME,37,37,0
2013,MAXIMILIAN,29,29,0
2013,MAXIMILLIAN,7,7,0
2013,MAXIMUS,83,83,0
2013,MAXTON,6,6,0
2013,MAXWELL,169,169,0
2013,MAYSON,11,11,0
2013,MATHIS,18,18,0
2013,MIR,8,8,0
2013,MOHAMAD,8,8,0
2013,NATHANIEL,197,197,0
2013,NEEL,8,8,0
2013,NEHEMIAH,9,9,0
2013,NEIL,29,29,0
2013,NELSON,20,20,0
2013,NEO,6,6,0
2013,NEVAN,6,6,0
2013,NEVIN,6,6,0
2013,NIALL,7,7,0
2013,NIAM,6,6,0
2013,NICHOLAS,337,337,0
2013,NICK,8,8,0
2013,NICKOLAS,16,16,0
2013,OREN,6,6,0
2013,NICOLAS,111,111,0
2013,NATHANAEL,19,19,0
2013,MITCHELL,33,33,0
2013,NATHAN,634,634,0
2013,NASH,55,55,0
2013,MOHAMED,62,62,0
2013,MOHAMMAD,88,88,0
2013,MOHAMMED,56,56,0
2013,MOHID,7,7,0
2013,MONTGOMERY,8,8,0
2013,MOSES,17,17,0
2013,MOSHE,8,8,0
2013,MUHAMMAD,245,245,0
2013,MUHAMMED,8,8,0
2013,MURTAZA,8,8,0
2013,MUSA,28,28,0
2013,MUSAB,6,6,0
2013,MUSTAFA,50,50,0
2013,MYLES,123,123,0
2013,MYLO,6,6,0
2013,NATE,17,17,0
2013,MATHIEU,9,9,0
2013,MATHIAS,24,24,0
2013,MATHEW,29,29,0
2013,LUCAS,803,803,0
2013,LUCCA,6,6,0
2013,LUCIAN,9,9,0
2013,LUCIANO,15,15,0
2013,LUIGI,8,8,0
2013,LUIS,17,17,0
2013,LUKA,59,59,0
2013,LUKAS,120,120,0
2013,LUKE,283,283,0
2013,LYAM,11,11,0
2013,LYNDON,7,7,0
2013,MAAZ,10,10,0
2013,MADDEN,21,21,0
2013,MADDEX,7,7,0
2013,MADDOX,44,44,0
2013,LUCA,210,210,0
2013,MAGNUS,11,11,0
2013,LUC,19,19,0
2013,LOUIS,42,42,0
2013,LEON,27,27,0
2013,LEONARD,9,9,0
2013,LEONARDO,46,46,0
2013,LEONIDAS,9,9,0
2013,LEVI,175,175,0
2013,LEVON,7,7,0
2013,LEWIS,19,19,0
2013,LIAM,838,838,0
2013,LINCOLN,217,217,0
2013,LINDEN,15,15,0
2013,LIONEL,9,9,0
2013,LOCHLAN,34,34,0
2013,LOÏC,17,17,0
2013,LOÏK,8,8,0
2013,LORENZO,37,37,0
2013,LOUKA,8,8,0
2013,MAHAD,9,9,0
2013,MAHDI,9,9,0
2013,MAHIR,8,8,0
2013,MARIO,17,17,0
2013,MARK,103,103,0
2013,MARKO,21,21,0
2013,MARKUS,36,36,0
2013,MARQUIS,6,6,0
2013,MARSHALL,47,47,0
2013,MARTIN,48,48,0
2013,MARVIN,6,6,0
2013,MARWAN,6,6,0
2013,MASON,627,627,0
2013,MASSIMO,42,42,0
2013,MATEO,128,128,0
2013,MATEUS,10,10,0
2013,MATHÉO,11,11,0
2013,MATHEUS,6,6,0
2013,MAREK,16,16,0
2013,MARCUS,202,202,0
2013,MARCOS,11,11,0
2013,MARCO,55,55,0
2013,MAHMOUD,12,12,0
2013,MAKS,7,7,0
2013,MAKSIM,24,24,0
2013,MALACHI,42,42,0
2013,MALAKAI,19,19,0
2013,MALCOLM,69,69,0
2013,MALEK,14,14,0
2013,LEO,190,190,0
2013,MALIK,50,50,0
2013,MANAV,7,7,0
2013,MANRAJ,14,14,0
2013,MANUEL,9,9,0
2013,MANVIR,6,6,0
2013,MARC,16,16,0
2013,MARCEL,21,21,0
2013,MARCELO,7,7,0
2013,MALIKAI,6,6,0
2013,ORION,16,16,0
2013,SOLOMON,19,19,0
2013,OSCAR,82,82,0
2013,TRISTAN,231,231,0
2013,TREY,17,17,0
2013,TREVOR,26,26,0
2013,TRENTON,17,17,0
2013,TRENT,29,29,0
2013,TRAVIS,60,60,0
2013,TORIN,6,6,0
2013,TONY,22,22,0
2013,TOMMY,16,16,0
2013,TOMAS,14,14,0
2013,TOM,11,11,0
2013,TOBY,21,21,0
2013,TOBIAS,27,27,0
2013,TITUS,16,16,0
2013,TITAN,8,8,0
2013,TRISTEN,9,9,0
2013,TIMOTHY,63,63,0
2013,TRISTIN,6,6,0
2013,TRYSTAN,13,13,0
2013,VED,8,8,0
2013,VAUGHN,10,10,0
2013,VANSH,6,6,0
2013,VAN,11,11,0
2013,VALENTINO,10,10,0
2013,UZAIR,6,6,0
2013,USMAN,12,12,0
2013,URIAH,10,10,0
2013,UMAR,26,26,0
2013,TYSON,133,133,0
2013,TYRESE,8,8,0
2013,TYLER,264,264,0
2013,TYE,10,10,0
2013,TY,30,30,0
2013,TUCKER,35,35,0
2013,TROY,31,31,0
2013,VEER,14,14,0
2013,TIAGO,30,30,0
2013,THIAGO,8,8,0
2013,TALAL,6,6,0
2013,TAI,6,6,0
2013,TAHA,24,24,0
2013,SYLAS,15,15,0
2013,SYED,76,76,0
2013,SULTAN,10,10,0
2013,SULLIVAN,26,26,0
2013,SULEIMAN,6,6,0
2013,SULAIMAN,9,9,0
2013,SUFYAN,6,6,0
2013,SUBHAN,20,20,0
2013,STEVEN,55,55,0
2013,STERLING,12,12,0
2013,STEPHEN,41,41,0
2013,STEPHAN,8,8,0
2013,TALHA,7,7,0
2013,THOMAS,340,340,0
2013,TALON,20,20,0
2013,TANNER,42,42,0
2013,THÉODORE,9,9,0
2013,THEODORE,128,128,0
2013,THÉO,13,13,0
2013,THEO,36,36,0
2013,TERRY,9,9,0
2013,TERRENCE,14,14,0
2013,TERRANCE,14,14,0
2013,TERENCE,9,9,0
2013,TEODOR,7,7,0
2013,TEO,7,7,0
2013,TEJAS,7,7,0
2013,TAYDEN,6,6,0
2013,TAVISH,6,6,0
2013,TATE,23,23,0
2013,TARIQ,6,6,0
2013,TANISH,6,6,0
2013,STEFANO,9,9,0
2013,VIAAN,6,6,0
2013,VIHAAN,26,26,0
2013,ZAID,15,15,0
2013,ZACKERY,11,11,0
2013,ZACKARY,35,35,0
2013,ZACK,15,15,0
2013,ZACHERY,6,6,0
2013,ZACHARY,287,287,0
2013,ZACHARIAH,12,12,0
2013,ZAC,6,6,0
2013,YUVRAJ,30,30,0
2013,YUSUF,71,71,0
2013,YUSEF,6,6,0
2013,YOUSUF,20,20,0
2013,YOUSSEF,18,18,0
2013,YOUSIF,13,13,0
2013,YOUSEF,36,36,0
2013,ZAIDEN,8,8,0
2013,YOSEF,8,8,0
2013,ZAIN,48,48,0
2013,ZAKARIYA,21,21,0
2013,JETT,22,22,0
2013,ZION,21,21,0
2013,ZEV,9,9,0
2013,ZECHARIAH,9,9,0
2013,ZAYNE,9,9,0
2013,ZAYN,34,34,0
2013,ZAYDEN,34,34,0
2013,ZAYD,21,21,0
2013,ZAYAN,16,16,0
2013,ZAVIYAR,6,6,0
2013,ZAVIER,9,9,0
2013,ZANE,33,33,0
2013,ZANDER,46,46,0
2013,ZAKI,9,9,0
2013,ZAKARY,9,9,0
2013,ZAKARIA,13,13,0
2013,VICTOR,55,55,0
2013,YEHUDA,7,7,0
2013,YASIR,6,6,0
2013,WAYNE,8,8,0
2013,WAYLON,8,8,0
2013,WARREN,17,17,0
2013,WALTER,18,18,0
2013,WALKER,20,20,0
2013,WADE,17,17,0
2013,VLADIMIR,8,8,0
2013,VIVAAN,10,10,0
2013,VITO,6,6,0
2013,VIRAJ,8,8,0
2013,VINCENZO,26,26,0
2013,VINCENT,113,113,0
2013,VINCE,6,6,0
2013,VIKTOR,10,10,0
2013,VIKRAM,8,8,0
2013,WESLEY,132,132,0
2013,YAZAN,13,13,0
2013,WESTIN,6,6,0
2013,WESTON,81,81,0
2013,YASIN,7,7,0
2013,YASH,8,8,0
2013,YASEEN,18,18,0
2013,YAHYA,31,31,0
2013,XAVIER,257,257,0
2013,XANDER,47,47,0
2013,WYATT,200,200,0
2013,WINSTON,21,21,0
2013,WILSON,16,16,0
2013,WILLY,6,6,0
2013,WILLIAM,695,695,0
2013,WILLEM,16,16,0
2013,WILL,7,7,0
2013,WILHELM,7,7,0
2013,WILFRED,6,6,0
2013,WESTLEY,7,7,0
2013,STEFAN,24,24,0
2013,STANLEY,20,20,0
2013,SOREN,8,8,0
2013,REED,31,31,0
2013,REECE,11,11,0
2013,RAYYAN,27,27,0
2013,RAYMOND,36,36,0
2013,RAYHAN,10,10,0
2013,RAYDEN,13,13,0
2013,RAYAN,50,50,0
2013,RAYAAN,14,14,0
2013,RAY,15,15,0
2013,RAPHAËL,7,7,0
2013,RAPHAEL,32,32,0
2013,RANVIR,6,6,0
2013,RANVEER,10,10,0
2013,RAMI,6,6,0
2013,RAKAN,6,6,0
2013,REGINALD,7,7,0
2013,RAJVEER,8,8,0
2013,REHAN,13,13,0
2013,REILLY,10,10,0
2013,RIO,7,7,0
2013,RIDWAN,6,6,0
2013,RICO,8,8,0
2013,RICKY,12,12,0
2013,RICHARD,55,55,0
2013,RICARDO,10,10,0
2013,RIAN,13,13,0
2013,RHYS,54,54,0
2013,RHETT,7,7,0
2013,REYANSH,11,11,0
2013,REX,7,7,0
2013,REUBEN,12,12,0
2013,REMY,18,18,0
2013,REMINGTON,10,10,0
2013,RÉMI,7,7,0
2013,REID,118,118,0
2013,RISHAAN,11,11,0
2013,RAIDEN,24,24,0
2013,RAFAY,6,6,0
2013,PETER,121,121,0
2013,PETAR,6,6,0
2013,PEDRO,8,8,0
2013,PEARSON,6,6,0
2013,PAXTON,18,18,0
2013,PAUL,61,61,0
2013,PATRICK,106,106,0
2013,PASCAL,10,10,0
2013,PARSA,6,6,0
2013,PAOLO,14,14,0
2013,PABLO,11,11,0
2013,OWEN,543,543,0
2013,OTIS,7,7,0
2013,OSMAN,6,6,0
2013,OSKAR,9,9,0
2013,PHILIP,34,34,0
2013,RAHMAN,6,6,0
2013,PHILIPPE,10,10,0
2013,PIERCE,18,18,0
2013,RAFAEL,24,24,0
2013,RADIN,7,7,0
2013,QUINTON,38,38,0
2013,QUINTIN,18,18,0
2013,QUINTEN,13,13,0
2013,QUINCY,7,7,0
2013,QUENTIN,35,35,0
2013,QASIM,15,15,0
2013,PRINCETON,7,7,0
2013,PRINCE,21,21,0
2013,PRESTON,91,91,0
2013,PRANAV,9,9,0
2013,PORTER,14,14,0
2013,PIETRO,6,6,0
2013,PIERRE,9,9,0
2013,PHILLIP,21,21,0
2013,RISHI,11,11,0
2013,ROBERT,145,145,0
2013,ROBERTO,6,6,0
2013,SÉBASTIEN,22,22,0
2013,SEBASTIEN,36,36,0
2013,SEBASTIAN,268,268,0
2013,SEAN,54,54,0
2013,SEAMUS,14,14,0
2013,SCOTT,30,30,0
2013,SARIM,6,6,0
2013,SANTINO,12,12,0
2013,SANTIAGO,35,35,0
2013,SAMUEL,406,406,0
2013,SAMSON,16,16,0
2013,SAMMY,6,6,0
2013,SAMIR,7,7,0
2013,SAMI,16,16,0
2013,SAMER,6,6,0
2013,SETH,74,74,0
2013,SAMEER,15,15,0
2013,SHAAN,12,12,0
2013,SHANE,30,30,0
2013,SONNY,9,9,0
2013,SIMON,123,123,0
2013,SIMEON,12,12,0
2013,SILAS,80,80,0
2013,SIDDHARTH,8,8,0
2013,SHREY,6,6,0
2013,SHMUEL,7,7,0
2013,SHIVAM,8,8,0
2013,SHELDON,10,10,0
2013,SHAYNE,10,10,0
2013,SHAYAN,14,14,0
2013,SHAYAAN,8,8,0
2013,SHAWN,43,43,0
2013,SHAURYA,7,7,0
2013,SHAUN,10,10,0
2013,SHAHEER,7,7,0
2013,SAMAR,6,6,0
2013,SAM,40,40,0
2013,SALVATORE,7,7,0
2013,ROWEN,16,16,0
2013,ROSS,17,17,0
2013,RONIT,7,7,0
2013,RONIN,23,23,0
2013,RONAN,48,48,0
2013,RONALD,7,7,0
2013,RON,6,6,0
2013,ROMEO,27,27,0
2013,ROMAN,56,56,0
2013,ROLAND,15,15,0
2013,ROHAN,25,25,0
2013,ROHAAN,6,6,0
2013,ROGER,12,12,0
2013,RODRIGO,7,7,0
2013,ROCCO,35,35,0
2013,ROY,18,18,0
2013,ROYCE,17,17,0
2013,RUBEN,7,7,0
2013,RUDRA,9,9,0
2013,SALMAN,12,12,0
2013,SALEH,11,11,0
2013,SAIF,11,11,0
2013,SAI,6,6,0
2013,SAHIL,12,12,0
2013,SAHIB,31,31,0
2013,SAFWAN,7,7,0
2013,ORLANDO,13,13,0
2013,SACHIN,11,11,0
2013,RYLEY,9,9,0
2013,RYLAND,17,17,0
2013,RYKER,96,96,0
2013,RYERSON,12,12,0
2013,RYDER,169,169,0
2013,RYDEN,7,7,0
2013,RUSSELL,21,21,0
2013,SAAD,9,9,0
2013,NIGEL,12,12,0
2013,NATALIE,169,0,169
2013,AADYA,6,0,6
2013,TAYLOR,137,24,113
2013,TAYLA,10,0,10
2013,TAYA,9,0,9
2013,TATYANA,8,0,8
2013,TATUM,19,9,10
2013,TATIANA,19,0,19
2013,TARYN,11,0,11
2013,TARA,28,0,28
2013,TANYA,12,0,12
2013,TANVI,9,0,9
2013,TANVEER,8,0,8
2013,TANISHA,8,0,8
2013,TANIA,7,0,7
2013,TEAGAN,51,8,43
2013,TAMIA,10,0,10
2013,TAMAR,10,0,10
2013,TALYA,6,0,6
2013,TALIYA,6,0,6
2013,TALIA,82,0,82
2013,TALEEN,11,0,11
2013,TALA,13,0,13
2013,TABITHA,10,0,10
2013,SYLVIE,10,0,10
2013,SYLVIA,19,0,19
2013,SYEDA,24,0,24
2013,SYDNEY,151,0,151
2013,SYBIL,6,0,6
2013,SUSIE,11,0,11
2013,TAMARA,17,0,17
2013,TEGAN,26,0,26
2013,TENLEY,16,0,16
2013,TENZIN,24,14,10
2013,VICTORIA,387,0,387
2013,VICKY,16,0,16
2013,VERONIKA,20,0,20
2013,VERONICA,75,0,75
2013,VERA,23,0,23
2013,VEDA,6,0,6
2013,VAYDA,7,0,7
2013,VANESSA,105,0,105
2013,VALERIE,38,0,38
2013,VALERIA,7,0,7
2013,VALENTINA,83,0,83
2013,VALENCIA,7,0,7
2013,UMA,6,0,6
2013,TÉA,6,0,6
2013,TRISHA,12,0,12
2013,TRINITY,58,0,58
2013,TRACY,9,0,9
2013,TORI,13,0,13
2013,TINA,28,0,28
2013,TIFFANY,36,0,36
2013,TIANNA,17,0,17
2013,TIANA,29,0,29
2013,TIA,27,0,27
2013,THERESA,9,0,9
2013,THEA,26,0,26
2013,THALIA,12,0,12
2013,TESSA,95,0,95
2013,TERRA,6,0,6
2013,TERESA,11,0,11
2013,SUSANNAH,6,0,6
2013,VIDA,10,0,10
2013,SUSANNA,7,0,7
2013,SUSAN,11,0,11
2013,SIMRA,6,0,6
2013,SIMONE,21,0,21
2013,SIMONA,18,0,18
2013,SIMAR,7,0,7
2013,SIERRA,72,0,72
2013,SIENNA,114,0,114
2013,SIENA,22,0,22
2013,SIDRA,11,0,11
2013,SIDNEY,23,12,11
2013,SIA,7,0,7
2013,SHYLA,8,0,8
2013,SHYANNE,8,0,8
2013,SHREYA,14,0,14
2013,SIMRAT,9,0,9
2013,SHIRLEY,8,0,8
2013,SHERRY,7,0,7
2013,SHELBY,32,0,32
2013,SHEA,18,10,8
2013,SHAYNA,6,0,6
2013,SHAYLA,17,0,17
2013,SHAYE,6,0,6
2013,SHAY,9,0,9
2013,SHAUNA,7,0,7
2013,SHARON,12,0,12
2013,SHANNON,13,0,13
2013,SHANIA,10,0,10
2013,SHANAYA,16,0,16
2013,SHAE,7,0,7
2013,SHILOH,20,0,20
2013,SIOBHAN,8,0,8
2013,SIYA,7,0,7
2013,SKYE,27,0,27
2013,SURI,7,0,7
2013,SUMMER,97,0,97
2013,SUMAYYAH,6,0,6
2013,SUMAIYA,6,0,6
2013,SUKHMANI,7,0,7
2013,SUHANA,6,0,6
2013,STEVIE,6,0,6
2013,STEPHANIE,42,0,42
2013,STELLA,180,0,180
2013,STAVROULA,6,0,6
2013,STACY,7,0,7
2013,SPENCER,152,144,8
2013,SORA,6,0,6
2013,SOPHIE,345,0,345
2013,SOPHIA,755,0,755
2013,SONYA,9,0,9
2013,SONJA,6,0,6
2013,SONIA,11,0,11
2013,SONAM,8,0,8
2013,SOLEIL,6,0,6
2013,SOHA,13,0,13
2013,SOFIYA,9,0,9
2013,SOFIE,15,0,15
2013,SOFIA,370,0,370
2013,SLOANE,53,0,53
2013,SLOAN,23,6,17
2013,SKYLER,52,33,19
2013,SKYLAR,105,12,93
2013,SKYLA,23,0,23
2013,SUSANA,15,0,15
2013,VIENNA,41,0,41
2013,VIKTORIA,16,0,16
2013,VIOLA,9,0,9
2013,JAMISON,11,11,0
2013,JAN,12,12,0
2013,JARED,30,30,0
2013,JASE,153,153,0
2013,JASHAN,6,6,0
2013,JASKIRAT,7,7,0
2013,JASON,160,160,0
2013,JASPER,74,74,0
2013,JASRAJ,11,11,0
2013,JAVIER,7,7,0
2013,JAWAD,6,6,0
2013,JAX,71,71,0
2013,JAXEN,26,26,0
2013,JAMESON,22,22,0
2013,JAXON,301,301,0
2013,JAXTON,8,8,0
2013,JAXX,9,9,0
2013,JAXXON,13,13,0
2013,JAY,24,24,0
2013,JAYCE,61,61,0
2013,JAYDAN,8,8,0
2013,JAYDON,11,11,0
2013,JAYLEN,23,23,0
2013,JAYSON,18,18,0
2013,JEDIDIAH,8,8,0
2013,JEEVAN,9,9,0
2013,JEFFERSON,7,7,0
2013,JEFFERY,6,6,0
2013,JAXSON,168,168,0
2013,JAMES,517,517,0
2013,JAMAL,12,12,0
2013,JALEN,11,11,0
2013,ISAIAH,167,167,0
2013,ISHAAN,22,22,0
2013,ISHAN,9,9,0
2013,ISMAEL,9,9,0
2013,ISMAIL,14,14,0
2013,ISRAEL,13,13,0
2013,ISSA,12,12,0
2013,ISSAC,13,13,0
2013,IVAN,61,61,0
2013,IZAIAH,8,8,0
2013,IZAYAH,6,6,0
2013,JACE,166,166,0
2013,JACK,531,531,0
2013,JACKSON,502,502,0
2013,JACKY,8,8,0
2013,JACOB,702,702,0
2013,JACQUES,7,7,0
2013,JAD,17,17,0
2013,JADEN,64,64,0
2013,JADON,8,8,0
2013,JAEDEN,6,6,0
2013,JAGGER,8,8,0
2013,JAHSIAH,7,7,0
2013,JAHZIAH,6,6,0
2013,JAIDEN,28,28,0
2013,JAKE,143,143,0
2013,JAKOB,49,49,0
2013,JAKUB,13,13,0
2013,JALAL,6,6,0
2013,JEFFREY,29,29,0
2013,JENSEN,22,22,0
2013,JEREMIAH,91,91,0
2013,JÉRÉMIE,11,11,0
2013,ZAHRA,59,0,59
2013,ZAHARA,7,0,7
2013,YVONNE,9,0,9
2013,YUSRA,17,0,17
2013,YU,6,0,6
2013,YSABELLE,6,0,6
2013,YSABELLA,6,0,6
2013,YOLANDA,9,0,9
2013,YASMINE,22,0,22
2013,YASMIN,25,0,25
2013,YASMEEN,9,0,9
2013,YARA,16,0,16
2013,YANA,7,0,7
2013,YAEL,12,0,12
2013,WYNTER,10,0,10
2013,WREN,9,0,9
2013,WINTER,12,0,12
2013,WINNIE,6,0,6
2013,WINIFRED,6,0,6
2013,WILLOW,109,0,109
2013,WILLA,14,0,14
2013,WHITNEY,15,0,15
2013,VIVIENNE,35,0,35
2013,VIVIEN,9,0,9
2013,VIVIANA,11,0,11
2013,VIVIAN,77,0,77
2013,VIRGINIA,7,0,7
2013,VIOLETTE,10,0,10
2013,VIOLET,209,0,209
2013,ZAHRAA,11,0,11
2013,SERINA,11,0,11
2013,ZAINA,14,0,14
2013,ZARA,85,0,85
2013,JEREMY,119,119,0
2013,JÉRÉMY,7,7,0
2013,JERICHO,8,8,0
2013,JEROME,13,13,0
2013,JERRY,16,16,0
2013,JESSE,85,85,0
2013,JETHRO,10,10,0
2013,ÉMILIE,19,0,19
2013,ÉLOÏSE,9,0,9
2013,ÉLODIE,12,0,12
2013,ÉLISE,7,0,7
2013,ZURI,7,0,7
2013,ZOË,39,0,39
2013,ZOÉ,30,0,30
2013,ZOYA,58,0,58
2013,ZOOEY,7,0,7
2013,ZOIE,8,0,8
2013,ZOHA,14,0,14
2013,ZOFIA,7,0,7
2013,ZOEY,228,0,228
2013,ZOE,199,0,199
2013,ZEYNEP,7,0,7
2013,ZENIA,6,0,6
2013,ZENDAYA,11,0,11
2013,ZEINA,9,0,9
2013,ZAYNAB,15,0,15
2013,ZAYNA,7,0,7
2013,ZARIAH,12,0,12
2013,ZARIA,7,0,7
2013,ZAINAB,81,0,81
2013,ISAAK,15,15,0
2013,SERENITY,49,0,49
2013,SERENA,111,0,111
2013,NOÉMIE,12,0,12
2013,NOVA,20,0,20
2013,NOUR,10,0,10
2013,NORAH,117,0,117
2013,NORA,137,0,137
2013,NOOR,41,7,34
2013,NOLA,11,0,11
2013,NOEMI,6,0,6
2013,NOELLE,31,0,31
2013,NOA,30,6,24
2013,NIYAH,11,0,11
2013,NINA,60,0,60
2013,NIMRIT,14,0,14
2013,NUSAYBAH,6,0,6
2013,NIMRAT,15,0,15
2013,NIKOLINA,7,0,7
2013,NIKKI,10,0,10
2013,NIKITA,19,6,13
2013,NIKI,9,0,9
2013,NIKA,6,0,6
2013,NICOLE,116,0,116
2013,NIA,29,0,29
2013,NEVEAH,11,0,11
2013,NEVE,15,0,15
2013,NEVAEH,135,0,135
2013,NERIAH,13,0,13
2013,AADHYA,13,0,13
2013,NEELA,6,0,6
2013,NILA,6,0,6
2013,NYA,19,0,19
2013,NYAH,19,0,19
2013,NYLA,31,0,31
2013,PIPER,94,0,94
2013,PIA,7,0,7
2013,PHOENIX,72,52,20
2013,PHOEBE,44,0,44
2013,PEYTON,170,29,141
2013,PETRA,12,0,12
2013,PENNY,10,0,10
2013,PENELOPE,97,0,97
2013,PEIGHTON,11,0,11
2013,PEARL,14,0,14
2013,PAYTON,97,0,97
2013,PAYTEN,10,0,10
2013,PAULINA,10,0,10
2013,PAULA,8,0,8
2013,PATRICIA,15,0,15
2013,PATIENCE,13,0,13
2013,PARKER,229,207,22
2013,PARIS,16,0,16
2013,PARI,8,0,8
2013,PAMELA,7,0,7
2013,PAITYN,9,0,9
2013,PAISLEY,78,0,78
2013,PAIGE,135,0,135
2013,OVIYA,7,0,7
2013,OPHELIA,18,0,18
2013,OLIVIA,978,0,978
2013,OLIVE,56,0,56
2013,OCEAN,6,0,6
2013,NYLAH,29,0,29
2013,NAYA,28,0,28
2013,PIPPA,8,0,8
2013,NATHALIE,7,0,7
2013,NATALYA,6,0,6
2013,MINA,13,0,13
2013,MILLIE,6,0,6
2013,MILLER,26,19,7
2013,MILICA,9,0,9
2013,MILEY,22,0,22
2013,MILENA,37,0,37
2013,MILANIA,13,0,13
2013,MILANA,22,0,22
2013,MILAN,48,42,6
2013,MILA,222,0,222
2013,MIKAYLA,88,0,88
2013,MIKAELA,48,0,48
2013,MIKA,10,0,10
2013,MIRA,30,0,30
2013,MICHELLE,63,0,63
2013,MICHAELLA,6,0,6
2013,MICHAELA,42,0,42
2013,MICAH,95,85,10
2013,MICAELA,13,0,13
2013,MIAH,13,0,13
2013,MIA,429,0,429
2013,MEREDITH,17,0,17
2013,MERCY,7,0,7
2013,MERCEDES,8,0,8
2013,MELODY,47,0,47
2013,MELISSA,30,0,30
2013,MELINDA,9,0,9
2013,MELINA,21,0,21
2013,MICHELA,9,0,9
2013,MIRABELLE,8,0,8
2013,MIRANDA,29,0,29
2013,MIRELLA,6,0,6
2013,NATALIA,80,0,80
2013,NAOMI,150,0,150
2013,NANCY,23,0,23
2013,NALA,11,0,11
2013,NAIA,6,0,6
2013,NAHLA,11,0,11
2013,NADINE,11,0,11
2013,NADIA,36,0,36
2013,NADA,7,0,7
2013,NABIHA,9,0,9
2013,MÉLODIE,7,0,7
2013,MYSHA,8,0,8
2013,MYRIAM,6,0,6
2013,MYRA,26,0,26
2013,MYLEE,6,0,6
2013,MYLAH,12,0,12
2013,MYLA,49,0,49
2013,MYAH,32,0,32
2013,MYA,168,0,168
2013,MUSKAAN,6,0,6
2013,MORGAN,128,25,103
2013,MONROE,6,0,6
2013,MONICA,23,0,23
2013,MONA,8,0,8
2013,MOLLY,99,0,99
2013,MIYAH,6,0,6
2013,MIYA,9,0,9
2013,MISHA,9,0,9
2013,MIRIAM,37,0,37
2013,NATASHA,37,0,37
2013,POLINA,6,0,6
2013,POPPY,17,0,17
2013,PORTIA,8,0,8
2013,SAIGE,11,0,11
2013,SAHAR,12,0,12
2013,SAHANA,9,0,9
2013,SAGE,37,9,28
2013,SAFIYYA,7,0,7
2013,SAFIYA,11,0,11
2013,SAFA,15,0,15
2013,SADIE,197,0,197
2013,SABRINA,62,0,62
2013,SABINA,9,0,9
2013,SABA,6,0,6
2013,SAANVI,13,0,13
2013,RYLYNN,7,0,7
2013,SAIRA,6,0,6
2013,RYLIE,14,0,14
2013,RYLEE,68,6,62
2013,RYLAN,79,67,12
2013,RYANN,7,0,7
2013,RYAN,468,451,17
2013,RUTH,31,0,31
2013,RUMAISA,9,0,9
2013,RUBY,127,0,127
2013,ROWYN,16,0,16
2013,ROWAN,131,94,37
2013,ROSLYN,8,0,8
2013,ROSIE,19,0,19
2013,ROSEMARY,10,0,10
2013,ROSELYN,10,0,10
2013,RYLEIGH,35,0,35
2013,SAKINA,9,0,9
2013,SALLY,8,0,8
2013,SALMA,26,0,26
2013,SERAPHINA,11,0,11
2013,SELMA,7,0,7
2013,SELINA,27,0,27
2013,SELENA,85,0,85
2013,SELAH,8,0,8
2013,SEHAJ,23,11,12
2013,SEERAT,22,0,22
2013,SCARLETTE,8,0,8
2013,SCARLETT,205,0,205
2013,SCARLET,26,0,26
2013,SAWYER,152,122,30
2013,SAVANNAH,143,0,143
2013,SAVANNA,22,0,22
2013,SAVANAH,10,0,10
2013,SASHA,46,11,35
2013,SARINA,24,0,24
2013,SARIAH,7,0,7
2013,SARAI,7,0,7
2013,SARAH,292,0,292
2013,SARA,130,0,130
2013,SAPHIRA,6,0,6
2013,SAOIRSE,6,0,6
2013,SANVI,9,0,9
2013,SANDY,8,0,8
2013,SANA,23,0,23
2013,SAMIRA,11,0,11
2013,SAMARA,18,0,18
2013,SAMANTHA,215,0,215
2013,SAMA,14,0,14
2013,ROSE,64,0,64
2013,ROSALYN,14,0,14
2013,ROSALIE,55,0,55
2013,ROSALEE,7,0,7
2013,RAYNA,26,0,26
2013,RAYANN,7,0,7
2013,RAYA,25,0,25
2013,RAVNEET,11,0,11
2013,RAVEN,16,0,16
2013,RAQUEL,9,0,9
2013,RANIA,9,0,9
2013,RANA,7,0,7
2013,RAMONA,8,0,8
2013,RAMEEN,8,0,8
2013,RAINA,16,0,16
2013,RAHMA,6,0,6
2013,RAHAF,6,0,6
2013,RAELYNN,15,0,15
2013,RAEGAN,7,0,7
2013,RAE,6,0,6
2013,RACHEL,151,0,151
2013,RACHAEL,17,0,17
2013,QUINN,248,79,169
2013,QUEENIE,9,0,9
2013,PYPER,12,0,12
2013,PUNEET,10,0,10
2013,PRIYA,22,0,22
2013,PRISHA,11,0,11
2013,PRISCILLA,6,0,6
2013,PRINCESS,10,0,10
2013,PRESLEY,28,6,22
2013,PRECIOUS,13,0,13
2013,PRABHLEEN,6,0,6
2013,RAYNE,10,0,10
2013,SERENE,13,0,13
2013,RAZAN,7,0,7
2013,REBECCA,101,0,101
2013,ROSA,10,0,10
2013,RORY,55,41,14
2013,ROMY,8,0,8
2013,ROBYN,18,0,18
2013,ROBIN,24,9,15
2013,RIYA,25,0,25
2013,RIVKA,6,0,6
2013,RIVER,61,32,29
2013,RITA,10,0,10
2013,RINA,6,0,6
2013,RILEY,250,136,114
2013,RIHANNA,6,0,6
2013,RIDA,8,0,8
2013,RIANNE,6,0,6
2013,RIANNA,8,0,8
2013,RIA,12,0,12
2013,RHIANNON,6,0,6
2013,RHEA,20,0,20
2013,REYA,9,0,9
2013,RENÉE,7,0,7
2013,RENEE,21,0,21
2013,REMI,6,0,6
2013,REINA,8,0,8
2013,REGINA,6,0,6
2013,REGAN,11,0,11
2013,REET,16,0,16
2013,REESE,103,11,92
2013,REEM,6,0,6
2013,REBEKAH,16,0,16
2013,REAGAN,26,0,26
2013,MELIKA,6,0,6
2013,ISAAC,325,325,0
2013,IMRAN,23,23,0
2013,BO,8,8,0
2013,BOAZ,6,6,0
2013,BOBBY,6,6,0
2013,BOHDAN,6,6,0
2013,BOSTON,10,10,0
2013,BOWEN,20,20,0
2013,BRADEN,21,21,0
2013,BRADLEY,68,68,0
2013,BRADY,75,75,0
2013,BRADYN,6,6,0
2013,BRAEDEN,26,26,0
2013,BRAIDEN,9,9,0
2013,BRANDEN,12,12,0
2013,BLAZE,8,8,0
2013,BRANDON,131,131,0
2013,BRAXTON,23,23,0
2013,BRAYDEN,207,207,0
2013,BRAYDON,14,14,0
2013,BRENDAN,35,35,0
2013,BRENDEN,9,9,0
2013,BRENNAN,28,28,0
2013,BRENT,7,7,0
2013,BRETT,17,17,0
2013,BRIAN,61,61,0
2013,BROCK,43,43,0
2013,BRODERICK,6,6,0
2013,BRODIE,15,15,0
2013,BRODY,131,131,0
2013,BRANTLEY,20,20,0
2013,BLAISE,7,7,0
2013,BLAINE,8,8,0
2013,BILAL,27,27,0
2013,AUSTEN,11,11,0
2013,AUSTIN,271,271,0
2013,AVI,15,15,0
2013,AVIRAJ,7,7,0
2013,AXEL,21,21,0
2013,AXTON,9,9,0
2013,AYAAN,80,80,0
2013,AYAN,24,24,0
2013,AYDAN,8,8,0
2013,AYDEN,85,85,0
2013,AYDIN,27,27,0
2013,AYMAN,9,9,0
2013,AYOUB,9,9,0
2013,AYUB,6,6,0
2013,AYUSH,8,8,0
2013,AZAAN,14,14,0
2013,BANE,7,7,0
2013,BARRETT,7,7,0
2013,BASIL,7,7,0
2013,BEAU,31,31,0
2013,BECKETT,37,37,0
2013,BECKHAM,7,7,0
2013,BEN,39,39,0
2013,BENICIO,7,7,0
2013,BENJAMIN,755,755,0
2013,BENNETT,101,101,0
2013,BENNY,8,8,0
2013,BENSON,30,30,0
2013,BENTLEY,176,176,0
2013,BRONSON,24,24,0
2013,AUGUSTUS,7,7,0
2013,BROOKS,11,11,0
2013,BRUNO,13,13,0
2013,CASPER,9,9,0
2013,CASSIUS,10,10,0
2013,CAYDEN,51,51,0
2013,CEDRIC,15,15,0
2013,CÉDRIC,11,11,0
2013,CHACE,13,13,0
2013,CHAEL,6,6,0
2013,CHAIM,6,6,0
2013,CHANCE,18,18,0
2013,CHANNING,6,6,0
2013,CHARLES,202,202,0
2013,CHASE,228,228,0
2013,CHAYCE,9,9,0
2013,CASON,8,8,0
2013,CHAYSE,7,7,0
2013,CHRISTIAN,228,228,0
2013,CHRISTOPHER,193,193,0
2013,CIAN,12,12,0
2013,CIARAN,12,12,0
2013,CLARK,59,59,0
2013,CLAUDIO,6,6,0
2013,CLAYTON,39,39,0
2013,COBY,10,10,0
2013,CODY,50,50,0
2013,COEN,8,8,0
2013,COHEN,98,98,0
2013,COLE,204,204,0
2013,COLIN,83,83,0
2013,CHRIS,16,16,0
2013,CASH,36,36,0
2013,CARTER,500,500,0
2013,CARSON,153,153,0
2013,BRYAN,29,29,0
2013,BRYCE,64,64,0
2013,BRYCEN,14,14,0
2013,BRYDEN,11,11,0
2013,BRYSEN,8,8,0
2013,BRYSON,72,72,0
2013,BYRON,11,11,0
2013,CADE,10,10,0
2013,CADEN,34,34,0
2013,CAEL,8,8,0
2013,CAELAN,15,15,0
2013,CAIDEN,23,23,0
2013,CAIN,6,6,0
2013,CAIRO,8,8,0
2013,CAIUS,9,9,0
2013,CALE,8,8,0
2013,CALEB,290,290,0
2013,CALLAN,22,22,0
2013,CALLEN,17,17,0
2013,CALLUM,79,79,0
2013,CALUM,15,15,0
2013,CALVIN,66,66,0
2013,CAMDEN,70,70,0
2013,CAMPBELL,14,14,0
2013,CARL,12,12,0
2013,CARLO,6,6,0
2013,CARLOS,25,25,0
2013,CARMELO,12,12,0
2013,CARMINE,7,7,0
2013,BRUCE,22,22,0
2013,AUGUSTINE,7,7,0
2013,ATTICUS,35,35,0
2013,ATLAS,8,8,0
2013,AEDAN,8,8,0
2013,AFFAN,14,14,0
2013,AGAM,8,8,0
2013,AHMAD,51,51,0
2013,AHMED,60,60,0
2013,AIDAN,124,124,0
2013,AIDEN,361,361,0
2013,AIKAM,11,11,0
2013,AJAY,14,14,0
2013,AKASH,9,9,0
2013,AKSHAY,6,6,0
2013,AKSHAYAN,6,6,0
2013,ALAN,23,23,0
2013,ADRIEN,20,20,0
2013,ALARIC,9,9,0
2013,ALDEN,11,11,0
2013,ALEC,28,28,0
2013,ALEJANDRO,24,24,0
2013,ALEKSANDAR,20,20,0
2013,ALEKSANDER,15,15,0
2013,ALEN,6,6,0
2013,ALESSANDRO,30,30,0
2013,ALESSIO,21,21,0
2013,ALEX,124,124,0
2013,ALEXANDER,599,599,0
2013,ALEXANDRE,49,49,0
2013,ALEXANDROS,7,7,0
2013,ALEXI,6,6,0
2013,ALBERT,22,22,0
2013,ADRIEL,12,12,0
2013,ADRIANO,37,37,0
2013,ADRIAN,156,156,0
2013,AARAN,6,6,0
2013,AARAV,55,55,0
2013,AARIZ,17,17,0
2013,AARON,199,199,0
2013,AARUSH,10,10,0
2013,AARYAN,20,20,0
2013,AAYAN,14,14,0
2013,ABBAS,13,13,0
2013,ABDALLAH,6,6,0
2013,ABDUL,34,34,0
2013,ABDULAZIZ,7,7,0
2013,ABDULLAH,72,72,0
2013,ABDULRAHMAN,10,10,0
2013,ABDURAHMAN,6,6,0
2013,ABDURRAHMAN,10,10,0
2013,ABDUR-RAHMAN,6,6,0
2013,ABEL,47,47,0
2013,ABHIJOT,6,6,0
2013,ABRAHAM,25,25,0
2013,ABRAM,13,13,0
2013,ABUBAKAR,6,6,0
2013,ACE,13,13,0
2013,ACHILLES,7,7,0
2013,ADAM,377,377,0
2013,ADEL,6,6,0
2013,ADEN,29,29,0
2013,ADITYA,11,11,0
2013,ADNAN,11,11,0
2013,ADONIS,6,6,0
2013,ALEXY,8,8,0
2013,ALFRED,7,7,0
2013,ALIJAH,7,7,0
2013,ALISTAIR,12,12,0
2013,ANTONY,9,9,0
2013,APOLLO,7,7,0
2013,ARAV,7,7,0
2013,ARCHER,47,47,0
2013,ARES,8,8,0
2013,ARHAAN,6,6,0
2013,ARHAM,16,16,0
2013,ARI,34,34,0
2013,ARIAN,17,17,0
2013,ARIE,15,15,0
2013,ARIUS,6,6,0
2013,ARJAN,13,13,0
2013,ARJUN,61,61,0
2013,ARLO,29,29,0
2013,ARMAAN,60,60,0
2013,ARMAN,20,20,0
2013,ARMIN,8,8,0
2013,ARNAV,23,23,0
2013,ARNOLD,6,6,0
2013,ARON,13,13,0
2013,ARSH,8,8,0
2013,ARTHUR,57,57,0
2013,ARTIN,9,9,0
2013,ARVIN,21,21,0
2013,ARYAN,50,50,0
2013,ASHER,100,100,0
2013,ASHTON,99,99,0
2013,ASHWIN,14,14,0
2013,ASTON,6,6,0
2013,ANTONIO,91,91,0
2013,COLLIN,13,13,0
2013,ANTON,15,15,0
2013,ANTHONY,256,256,0
2013,ALLAN,10,10,0
2013,ALLEN,26,26,0
2013,ALVIN,20,20,0
2013,AMAAN,7,7,0
2013,AMAN,6,6,0
2013,AMANI,6,6,0
2013,AMAR,6,6,0
2013,AMARI,19,19,0
2013,AMEER,12,12,0
2013,AMIN,9,9,0
2013,AMIR,40,40,0
2013,AMMAR,17,17,0
2013,AMOS,9,9,0
2013,ANAS,14,14,0
2013,ANDERSON,36,36,0
2013,ANDRE,36,36,0
2013,ANDRÉ,9,9,0
2013,ANDREAS,20,20,0
2013,ANDRES,7,7,0
2013,ANDREW,328,328,0
2013,ANDREY,6,6,0
2013,ANDY,39,39,0
2013,ANGAD,26,26,0
2013,ANGELO,25,25,0
2013,ANGUS,24,24,0
2013,ANISH,16,16,0
2013,ANOOP,6,6,0
2013,ANSH,8,8,0
2013,ANSON,19,19,0
2013,ANTOINE,22,22,0
2013,ISA,29,29,0
2013,COLSON,10,10,0
2013,COLTON,295,295,0
2013,FRANCO,7,7,0
2013,FRANK,27,27,0
2013,FRANKLIN,8,8,0
2013,FRANZ,7,7,0
2013,FRASER,10,10,0
2013,FREDERICK,20,20,0
2013,FYNN,6,6,0
2013,GABRIEL,392,392,0
2013,GABRIELE,7,7,0
2013,GAEL,6,6,0
2013,GAGE,42,42,0
2013,GARETH,6,6,0
2013,GARRETT,20,20,0
2013,FRANCISCO,11,11,0
2013,GARY,15,15,0
2013,GAVYN,6,6,0
2013,GEORGE,121,121,0
2013,GERALD,7,7,0
2013,GIACOMO,9,9,0
2013,GIAN,7,7,0
2013,GIANCARLO,6,6,0
2013,GIANLUCA,30,30,0
2013,GIANNI,9,9,0
2013,GIBSON,14,14,0
2013,GIDEON,28,28,0
2013,GILBERT,6,6,0
2013,GIORGIO,7,7,0
2013,GIOVANNI,20,20,0
2013,GAVIN,260,260,0
2013,FRANCIS,38,38,0
2013,FRANCESCO,40,40,0
2013,FOSTER,10,10,0
2013,ESSA,7,7,0
2013,ETHAN,820,820,0
2013,ÉTIENNE,8,8,0
2013,EUAN,9,9,0
2013,EVAN,400,400,0
2013,EVANDER,8,8,0
2013,EVERETT,88,88,0
2013,EWAN,48,48,0
2013,EZEKIEL,35,35,0
2013,EZRA,60,60,0
2013,FABIAN,11,11,0
2013,FAISAL,13,13,0
2013,FARHAN,14,14,0
2013,FARIS,10,10,0
2013,FATEH,17,17,0
2013,FELIPE,6,6,0
2013,FELIX,102,102,0
2013,FÉLIX,41,41,0
2013,FERNANDO,7,7,0
2013,FILIP,22,22,0
2013,FINDLEY,7,7,0
2013,FINLAY,15,15,0
2013,FINN,89,89,0
2013,FINNEGAN,16,16,0
2013,FINNLEY,14,14,0
2013,FIONN,10,10,0
2013,FLETCHER,18,18,0
2013,FLYNN,13,13,0
2013,FORREST,6,6,0
2013,GIULIANO,10,10,0
2013,ESHAN,10,10,0
2013,GIUSEPPE,16,16,0
2013,GRADY,26,26,0
2013,HASHEM,6,6,0
2013,HASHIM,16,16,0
2013,HASHIR,9,9,0
2013,HASSAN,42,42,0
2013,HEATH,11,11,0
2013,HEINRICH,11,11,0
2013,HENDRIK,13,13,0
2013,HENDRIX,9,9,0
2013,HENRI,17,17,0
2013,HENRIK,12,12,0
2013,HENRY,314,314,0
2013,HIMMAT,9,9,0
2013,HOLDEN,45,45,0
2013,HASAN,25,25,0
2013,HOWARD,7,7,0
2013,HUGH,24,24,0
2013,HUGO,45,45,0
2013,HUMZA,10,10,0
2013,HUSSAIN,16,16,0
2013,HUSSEIN,20,20,0
2013,HUXLEY,7,7,0
2013,HUZAIFA,9,9,0
2013,IAN,87,87,0
2013,IBRAHEEM,12,12,0
2013,IBRAHIM,96,96,0
2013,IDRIS,13,13,0
2013,ILAN,6,6,0
2013,ILYAS,13,13,0
2013,HUDSON,300,300,0
2013,HARVEY,12,12,0
2013,HARRY,20,20,0
2013,HARRISON,112,112,0
2013,GRAEME,20,20,0
2013,GRAHAM,32,32,0
2013,GRANT,37,37,0
2013,GRAYDEN,11,11,0
2013,GRAYDON,18,18,0
2013,GRAYSEN,11,11,0
2013,GRAYSON,247,247,0
2013,GREGORY,26,26,0
2013,GREYSEN,6,6,0
2013,GREYSON,101,101,0
2013,GRIFFIN,78,78,0
2013,GURFATEH,10,10,0
2013,GURMAN,11,11,0
2013,GURSHAAN,11,11,0
2013,GURSHAN,14,14,0
2013,GURTAJ,7,7,0
2013,HABIB,6,6,0
2013,HADI,27,27,0
2013,HAIDER,6,6,0
2013,HAMDAN,6,6,0
2013,HAMZA,66,66,0
2013,HAMZAH,6,6,0
2013,HANK,11,11,0
2013,HANS,6,6,0
2013,HARIS,12,12,0
2013,HARJAS,7,7,0
2013,HARLAN,9,9,0
2013,HAROON,11,11,0
2013,HARRIS,15,15,0
2013,GORDON,27,27,0
2013,ERNEST,6,6,0
2013,ERIK,43,43,0
2013,ERIC,137,137,0
2013,DARIO,17,17,0
2013,DARIUS,45,45,0
2013,DARREN,36,36,0
2013,DARRYL,7,7,0
2013,DARSH,13,13,0
2013,DARWIN,12,12,0
2013,DAVID,322,322,0
2013,DAVIN,15,15,0
2013,DAVIS,19,19,0
2013,DAWSON,55,55,0
2013,DAX,11,11,0
2013,DAXTON,24,24,0
2013,DAYTON,9,9,0
2013,DARIAN,12,12,0
2013,DEACON,19,19,0
2013,DEANDRE,10,10,0
2013,DECLAN,199,199,0
2013,DEKLAN,7,7,0
2013,DEMETRIUS,6,6,0
2013,DENIS,9,9,0
2013,DENNIS,32,32,0
2013,DENVER,14,14,0
2013,DENZEL,10,10,0
2013,DEREK,41,41,0
2013,DERRICK,13,13,0
2013,DESMOND,45,45,0
2013,DESTIN,6,6,0
2013,DEV,12,12,0
2013,DEAN,66,66,0
2013,DARCY,11,11,0
2013,DANTE,76,76,0
2013,DANNY,33,33,0
2013,CONNER,18,18,0
2013,CONNOR,270,270,0
2013,CONOR,17,17,0
2013,CONRAD,10,10,0
2013,CONSTANTINE,7,7,0
2013,COOPER,154,154,0
2013,CORBIN,33,33,0
2013,COREY,17,17,0
2013,CORMAC,6,6,0
2013,CORNELIUS,11,11,0
2013,CORY,15,15,0
2013,CRISTIAN,31,31,0
2013,CRISTIANO,32,32,0
2013,CROSBY,9,9,0
2013,CRUZ,46,46,0
2013,CULLEN,11,11,0
2013,CURTIS,31,31,0
2013,CYRUS,27,27,0
2013,DALE,6,6,0
2013,DALTON,6,6,0
2013,DAMEN,7,7,0
2013,DAMIAN,77,77,0
2013,DAMIEN,67,67,0
2013,DAMON,43,43,0
2013,DANE,16,16,0
2013,DANIAL,8,8,0
2013,DANIEL,548,548,0
2013,DANILO,10,10,0
2013,DANIYAL,19,19,0
2013,DEVAN,7,7,0
2013,DEVANSH,6,6,0
2013,DEVEN,12,12,0
2013,DEVIN,42,42,0
2013,EDMUND,6,6,0
2013,EDWARD,85,85,0
2013,EDWIN,36,36,0
2013,EESA,18,18,0
2013,EITAN,6,6,0
2013,EKAM,8,8,0
2013,ELI,154,154,0
2013,ELIAS,80,80,0
2013,ELIJAH,251,251,0
2013,ELIOT,10,10,0
2013,ELIOTT,6,6,0
2013,ELLIOTT,81,81,0
2013,ELTON,6,6,0
2013,ELVIN,7,7,0
2013,ELVIS,8,8,0
2013,ELYAS,9,9,0
2013,EMANUEL,21,21,0
2013,EMIL,6,6,0
2013,ÉMILE,10,10,0
2013,EMILIO,19,19,0
2013,EMIR,6,6,0
2013,EMMANUEL,55,55,0
2013,EMMET,10,10,0
2013,EMMETT,178,178,0
2013,EMMITT,11,11,0
2013,EMRE,7,7,0
2013,ENOCH,10,10,0
2013,ENZO,14,14,0
2013,EPHRAIM,6,6,0
2013,EDMOND,6,6,0
2013,COLTEN,29,29,0
2013,EDISON,20,20,0
2013,EDDY,10,10,0
2013,DEVON,28,28,0
2013,DEXTER,55,55,0
2013,DHRUV,13,13,0
2013,DIEGO,18,18,0
2013,DILLON,15,15,0
2013,DIMITRI,14,14,0
2013,DIMITRIOS,6,6,0
2013,DION,14,14,0
2013,DOMENIC,23,23,0
2013,DOMENICO,11,11,0
2013,DOMINIC,206,206,0
2013,DOMINICK,16,16,0
2013,DOMINIK,25,25,0
2013,DONALD,12,12,0
2013,DONOVAN,13,13,0
2013,DONTAE,8,8,0
2013,DORIAN,12,12,0
2013,DOUGLAS,14,14,0
2013,DRAKE,15,15,0
2013,DRAYDEN,8,8,0
2013,DUKE,11,11,0
2013,DUNCAN,34,34,0
2013,DUSTIN,27,27,0
2013,DWAYNE,10,10,0
2013,DYSON,6,6,0
2013,EAMON,6,6,0
2013,EASON,13,13,0
2013,EASTON,145,145,0
2013,EDDIE,9,9,0
2013,EDGAR,10,10,0
2013,MELIA,13,0,13
2013,NELLY,10,0,10
2013,MEHAR,6,0,6
2013,CHRISTIANA,6,0,6
2013,CHRISTA,7,0,7
2013,CHLOÉ,55,0,55
2013,CHLOE,504,0,504
2013,CHIARA,41,0,41
2013,CHEYENNE,17,0,17
2013,CHEYANNE,6,0,6
2013,CHELSEY,7,0,7
2013,CHELSEA,119,0,119
2013,CHAYA,9,0,9
2013,CHARLOTTE,610,0,610
2013,CHARLIZE,16,0,16
2013,CHARLIE,219,141,78
2013,CHRISTINA,72,0,72
2013,CHARLI,8,0,8
2013,CHARLENE,8,0,8
2013,CHARLEIGH,15,0,15
2013,CHARLEE,37,0,37
2013,CHANTELLE,6,0,6
2013,CHANEL,10,0,10
2013,CHANA,6,0,6
2013,CELINE,18,0,18
2013,CELINA,15,0,15
2013,CELIA,8,0,8
2013,CELESTE,30,0,30
2013,CECILY,6,0,6
2013,CECILIA,38,0,38
2013,CECELIA,10,0,10
2013,CHARLEY,26,0,26
2013,CHRISTINE,24,0,24
2013,CIARA,36,0,36
2013,CIENNA,6,0,6
2013,DANA,25,0,25
2013,DALLAS,48,35,13
2013,DALIA,17,0,17
2013,DAKOTA,48,16,32
2013,DAISY,17,0,17
2013,DAHLIA,28,0,28
2013,DAENERYS,6,0,6
2013,CÉLESTE,8,0,8
2013,CYNTHIA,29,0,29
2013,CRYSTAL,12,0,12
2013,COURTNEY,9,0,9
2013,CORINNE,6,0,6
2013,CORDELIA,9,0,9
2013,CORALINE,7,0,7
2013,CORALIE,11,0,11
2013,CORAL,6,0,6
2013,CORA,31,0,31
2013,COLBY,57,51,6
2013,COCO,8,0,8
2013,CLOÉ,6,0,6
2013,CLEO,7,0,7
2013,CLEMENTINE,12,0,12
2013,CLAUDIA,21,0,21
2013,CLARISSA,16,0,16
2013,CLARE,24,0,24
2013,CLARA,145,0,145
2013,CLAIRE,272,0,272
2013,CLAIRA,8,0,8
2013,CINDY,14,0,14
2013,CAYLEIGH,7,0,7
2013,DANI,7,0,7
2013,CAYLEE,7,0,7
2013,CATALINA,16,0,16
2013,CADENCE,30,0,30
2013,BÉATRICE,7,0,7
2013,BRYNN,65,0,65
2013,BRYNLEY,9,0,9
2013,BRYNLEE,19,0,19
2013,BRYN,25,0,25
2013,BRYANNA,6,0,6
2013,BROOKLYNN,55,0,55
2013,BROOKLYN,263,0,263
2013,BROOKE,136,0,136
2013,BRONWYN,14,0,14
2013,BRITTANY,6,0,6
2013,BRITNEY,6,0,6
2013,CAILYN,6,0,6
2013,BRINLEY,16,0,16
2013,BRIELLA,12,0,12
2013,BRIDGETTE,11,0,11
2013,BRIDGET,34,0,34
2013,BRIAR,26,0,26
2013,BRIANNE,6,0,6
2013,BRIANNA,98,0,98
2013,BRIANA,8,0,8
2013,BRIA,19,0,19
2013,BRENNA,10,0,10
2013,BRENDA,6,0,6
2013,BREE,11,0,11
2013,BREANNE,8,0,8
2013,BREANNA,37,0,37
2013,BRIELLE,91,0,91
2013,CAITLIN,26,0,26
2013,CAITLYN,27,0,27
2013,CALEIGH,7,0,7
2013,CATALEYA,17,0,17
2013,CASSIE,9,0,9
2013,CASSIDY,54,0,54
2013,CASSIA,6,0,6
2013,CASSANDRA,50,0,50
2013,CASEY,30,21,9
2013,CARYS,18,0,18
2013,CAROLYN,6,0,6
2013,CAROLINE,39,0,39
2013,CAROLINA,10,0,10
2013,CAROL,8,0,8
2013,CARMEN,25,0,25
2013,CARLY,23,0,23
2013,CARLEY,9,0,9
2013,CARLA,7,0,7
2013,CARISSA,13,0,13
2013,CARIS,6,0,6
2013,CARINA,13,0,13
2013,CARA,32,0,32
2013,CAMRYN,19,0,19
2013,CAMILLE,37,0,37
2013,CAMILLA,20,0,20
2013,CAMILA,33,0,33
2013,CAMERON,292,278,14
2013,CAMBRIA,7,0,7
2013,CALLIE,50,0,50
2013,CALLA,10,0,10
2013,CALISTA,13,0,13
2013,CALI,35,0,35
2013,CATHERINE,97,0,97
2013,DANIA,8,0,8
2013,DANICA,69,0,69
2013,DANIELA,33,0,33
2013,EMMANUELLE,6,0,6
2013,EMMANUELLA,8,0,8
2013,EMMALYNN,6,0,6
2013,EMMALYN,8,0,8
2013,EMMALEE,6,0,6
2013,EMMA-ROSE,6,0,6
2013,EMMA,913,0,913
2013,EMILY,587,0,587
2013,EMILIE,41,0,41
2013,EMILIA,92,0,92
2013,EMILEE,15,0,15
2013,EMERY,52,21,31
2013,EMERSYN,17,0,17
2013,EMME,9,0,9
2013,EMERSON,104,75,29
2013,EMELIA,18,0,18
2013,EMBER,16,0,16
2013,EMAN,6,0,6
2013,EMAAN,11,0,11
2013,EMA,7,0,7
2013,ELYSE,30,0,30
2013,ELSIE,33,0,33
2013,ELSA,25,0,25
2013,ELORA,8,0,8
2013,ELOISE,43,0,43
2013,ELODIE,14,0,14
2013,ELLORA,6,0,6
2013,ELLIS,39,30,9
2013,EMERALD,11,0,11
2013,EMMELINE,12,0,12
2013,EMMERSON,6,0,6
2013,EMMERSYN,6,0,6
2013,EVERLY,49,0,49
2013,EVERLEIGH,29,0,29
2013,EVER,6,0,6
2013,EVELYNN,16,0,16
2013,EVELYNE,7,0,7
2013,EVELYN,265,0,265
2013,EVELINA,6,0,6
2013,EVELEEN,6,0,6
2013,EVE,43,0,43
2013,EVANGELINE,47,0,47
2013,EVALYN,13,0,13
2013,EVALINA,6,0,6
2013,EVA,195,0,195
2013,EUNICE,15,0,15
2013,ETTA,8,0,8
2013,ESTHER,49,0,49
2013,ESTELLE,15,0,15
2013,ESTELLA,7,0,7
2013,ESMÉE,6,0,6
2013,ESMÉ,9,0,9
2013,ESME,8,0,8
2013,ESHAL,17,0,17
2013,ESHAAL,15,0,15
2013,ESHA,6,0,6
2013,ERIN,40,0,40
2013,ERIKA,30,0,30
2013,ERICA,40,0,40
2013,EMMY,10,0,10
2013,EMMIE,7,0,7
2013,ELLIOT,113,102,11
2013,ELLIETTE,6,0,6
2013,ELLIE,129,0,129
2013,ELLIANA,14,0,14
2013,DOROTHY,15,0,15
2013,DORIS,7,0,7
2013,DONNA,6,0,6
2013,DOMINIQUE,8,0,8
2013,DOMINIKA,7,0,7
2013,DIYA,34,0,34
2013,DIVYA,10,0,10
2013,DINA,9,0,9
2013,DIANA,43,0,43
2013,DIA,7,0,7
2013,DEVYN,11,0,11
2013,DESTINY,34,0,34
2013,DESTINEE,6,0,6
2013,DESIREE,18,0,18
2013,DENISE,7,0,7
2013,DEMI,9,0,9
2013,DELILAH,59,0,59
2013,DELANEY,14,0,14
2013,DEBORAH,15,0,15
2013,DEANNA,17,0,17
2013,DAYNA,9,0,9
2013,DARLA,6,0,6
2013,DARIA,10,0,10
2013,DAPHNÉE,8,0,8
2013,DAPHNE,41,0,41
2013,DANYA,12,0,12
2013,DANIKA,36,0,36
2013,DANIELLE,54,0,54
2013,DANIELLA,52,0,52
2013,DREW,36,29,7
2013,BRAELYN,12,0,12
2013,DUA,9,0,9
2013,DYLAN,354,337,17
2013,ELLERY,6,0,6
2013,ELLEN,16,0,16
2013,MELANIE,39,0,39
2013,ELLA,438,0,438
2013,ELIZABETH,290,0,290
2013,ELIZA,40,0,40
2013,ELISSA,16,0,16
2013,ELISHA,11,0,11
2013,ELISE,95,0,95
2013,ELISABETH,27,0,27
2013,ELISA,26,0,26
2013,ELINA,18,0,18
2013,ELIN,18,0,18
2013,ELIF,8,0,8
2013,ELIANNA,11,0,11
2013,ELIANA,76,0,76
2013,ELIA,7,0,7
2013,ELENI,8,0,8
2013,ELENA,103,0,103
2013,ELEANOR,98,0,98
2013,ELAYNA,7,0,7
2013,ELAINE,19,0,19
2013,ELAINA,20,0,20
2013,ELA,6,0,6
2013,EKNOOR,7,0,7
2013,EILEEN,10,0,10
2013,EDITH,17,0,17
2013,EDIE,13,0,13
2013,EDEN,102,7,95
2013,DUNYA,9,0,9
2013,BONNIE,9,0,9
2013,BLYTHE,15,0,15
2013,BLAKELY,10,0,10
2013,ALLIE,19,0,19
2013,ALLEGRA,16,0,16
2013,ALIZA,19,0,19
2013,ALIYAH,85,0,85
2013,ALIYA,28,0,28
2013,ALIVIA,47,0,47
2013,ALISSA,16,0,16
2013,ALISON,35,0,35
2013,ALISHBA,7,0,7
2013,ALISHA,35,0,35
2013,ALISA,18,0,18
2013,ALINA,63,0,63
2013,ALICIA,58,0,58
2013,ALLISON,75,0,75
2013,ALICE,162,0,162
2013,ALIA,19,0,19
2013,ALI,157,148,9
2013,ALEXIS,206,17,189
2013,ALEXIE,10,0,10
2013,ALEXIA,46,0,46
2013,ALEXANDRIA,38,0,38
2013,ALEXANDRA,178,0,178
2013,ALEXA,100,0,100
2013,ALESSIA,51,0,51
2013,ALESSANDRA,40,0,40
2013,ALENA,12,0,12
2013,ALEKSANDRA,13,0,13
2013,ALEJANDRA,7,0,7
2013,ALIANA,6,0,6
2013,ALLY,25,0,25
2013,ALLYSON,18,0,18
2013,ALMA,13,0,13
2013,AMÉLIA,8,0,8
2013,AMY,71,0,71
2013,AMRIT,6,0,6
2013,AMREEN,9,0,9
2013,AMNA,14,0,14
2013,AMIYAH,16,0,16
2013,AMIYA,8,0,8
2013,AMIRAH,8,0,8
2013,AMIRA,35,0,35
2013,AMINAH,6,0,6
2013,AMINA,27,0,27
2013,AMELIE,11,0,11
2013,AMELIA,354,0,354
2013,AMEERAH,7,0,7
2013,AMEERA,7,0,7
2013,AMBER,49,0,49
2013,AMAYAH,7,0,7
2013,AMAYA,43,0,43
2013,AMARA,21,0,21
2013,AMANDA,34,0,34
2013,AMALIA,8,0,8
2013,AMAL,7,0,7
2013,ALYVIA,17,0,17
2013,ALYSSIA,6,0,6
2013,ALYSSA,245,0,245
2013,ALYSON,7,0,7
2013,ALYA,11,0,11
2013,ALTHEA,10,0,10
2013,ALORA,12,0,12
2013,ALEIGHA,7,0,7
2013,ALEEZA,14,0,14
2013,ALEENA,53,0,53
2013,ALEEN,6,0,6
2013,ADELINA,11,0,11
2013,ADELE,28,0,28
2013,ADELAIDE,68,0,68
2013,ADEENA,6,0,6
2013,ADDYSON,12,0,12
2013,ADDISYN,22,0,22
2013,ADDISON,231,8,223
2013,ADALYNN,11,0,11
2013,ADALYN,21,0,21
2013,ADA,25,0,25
2013,ABRIELLE,10,0,10
2013,ABIHA,7,0,7
2013,ABIGALE,11,0,11
2013,ABIGAIL,496,0,496
2013,ABEEHA,8,0,8
2013,ABBYGAIL,11,0,11
2013,ABBY,60,0,60
2013,ABBIGAIL,15,0,15
2013,ABBIE,11,0,11
2013,ABBEY,16,0,16
2013,AAYAT,6,0,6
2013,AARYA,7,0,7
2013,AARNA,8,0,8
2013,AARADHYA,9,0,9
2013,AANYA,11,0,11
2013,AAMINAH,11,0,11
2013,AALIYAH,116,0,116
2013,AALIYA,6,0,6
2013,AAIMA,6,0,6
2013,ADELINE,27,0,27
2013,AMÉLIE,21,0,21
2013,ADELLE,10,0,10
2013,ADELYNE,7,0,7
2013,ALEAH,18,0,18
2013,ALBA,10,0,10
2013,ALAYNA,24,0,24
2013,ALAYAH,8,0,8
2013,ALANNAH,8,0,8
2013,ALANNA,22,0,22
2013,ALANA,24,0,24
2013,ALAINA,23,0,23
2013,AKSHARA,11,0,11
2013,AKIRA,11,0,11
2013,AIZAH,11,0,11
2013,AIZA,31,0,31
2013,AIYANA,11,0,11
2013,AISLYNN,10,0,10
2013,AISHA,60,0,60
2013,AINSLIE,6,0,6
2013,AINSLEY,49,0,49
2013,AIMEE,13,0,13
2013,AILA,14,0,14
2013,AGNES,9,0,9
2013,AGATHA,11,0,11
2013,AGANETHA,6,0,6
2013,ADÈLE,8,0,8
2013,ADRIENNE,10,0,10
2013,ADRIANNA,73,0,73
2013,ADRIANA,64,0,64
2013,ADRIA,9,0,9
2013,ADINA,9,0,9
2013,ADELYNN,16,0,16
2013,ADELYN,40,0,40
2013,EVIE,26,0,26
2013,ANA,42,0,42
2013,ANABELLA,9,0,9
2013,AVNEET,21,0,21
2013,AVLEEN,7,0,7
2013,AVIELLE,9,0,9
2013,AVIANA,6,0,6
2013,AVEYA,6,0,6
2013,AVERY,572,75,497
2013,AVERIE,28,0,28
2013,AVERI,7,0,7
2013,AVAYA,10,0,10
2013,AVANI,7,0,7
2013,AVAH,13,0,13
2013,AVA,672,0,672
2013,AUTUMN,106,0,106
2013,AVNI,8,0,8
2013,AURORA,63,0,63
2013,AUGUST,29,23,6
2013,AUDRINA,17,0,17
2013,AUDREY,275,0,275
2013,AUBRIE,16,0,16
2013,AUBREY,176,6,170
2013,AUBREE,93,0,93
2013,ATHENA,78,0,78
2013,ASTRID,8,0,8
2013,ASPEN,6,0,6
2013,ASMA,7,0,7
2013,ASIYAH,6,0,6
2013,ASIYA,11,0,11
2013,ASIA,13,0,13
2013,AURELIA,10,0,10
2013,AVRIL,9,0,9
2013,AYA,34,0,34
2013,AYAH,18,0,18
2013,BLAKE,301,265,36
2013,BLAIR,20,7,13
2013,BILLIE,6,0,6
2013,BIANCA,77,0,77
2013,BETTY,6,0,6
2013,BETHANY,31,0,31
2013,BETH,6,0,6
2013,BERNICE,9,0,9
2013,BERNADETTE,6,0,6
2013,BERKLEY,6,0,6
2013,BELLA,72,0,72
2013,BEATRIX,19,0,19
2013,BEATRICE,50,0,50
2013,BARBARA,7,0,7
2013,BANI,8,0,8
2013,BAILEY,35,7,28
2013,BAHAR,7,0,7
2013,BABY,19,9,10
2013,AZARIAH,14,7,7
2013,AZALEA,9,0,9
2013,AYVA,17,0,17
2013,AYRA,7,0,7
2013,AYLIN,7,0,7
2013,AYLA,72,0,72
2013,AYESHA,45,0,45
2013,AYDA,6,0,6
2013,AYAT,8,0,8
2013,AYANNA,14,0,14
2013,AYANA,21,0,21
2013,ASHTYN,6,0,6
2013,ASHLYNN,16,0,16
2013,ASHLYN,32,0,32
2013,ASHLEY,71,0,71
2013,ANNABELLA,27,0,27
2013,ANNABEL,23,0,23
2013,ANNA,245,0,245
2013,ANN,9,0,9
2013,ANJANA,9,0,9
2013,ANJALI,10,0,10
2013,ANIYAH,24,0,24
2013,ANIYA,6,0,6
2013,ANITA,10,0,10
2013,ANISHA,6,0,6
2013,ANISA,14,0,14
2013,ANIKA,49,0,49
2013,ANGIE,12,0,12
2013,ANGELINE,13,0,13
2013,ANGELINA,98,0,98
2013,ANGELICA,31,0,31
2013,ANGELA,60,0,60
2013,ANGEL,49,12,37
2013,ANEESA,8,0,8
2013,ANDREA,25,0,25
2013,ANDIE,12,0,12
2013,ANAÏS,10,0,10
2013,ANAYAH,11,0,11
2013,ANAYA,56,0,56
2013,ANASTASIA,63,0,63
2013,ANANYA,9,0,9
2013,ANAIAH,9,0,9
2013,ANABIA,10,0,10
2013,ANABELLE,25,0,25
2013,ANNABELLE,124,0,124
2013,ANABEL,8,0,8
2013,ANNE,24,0,24
2013,ANNELIESE,6,0,6
2013,ASHLEEN,9,0,9
2013,ASHA,15,0,15
2013,ARYANNA,22,0,22
2013,ARYANA,24,0,24
2013,ARYA,97,7,90
2013,ARWEN,7,0,7
2013,ARIZONA,9,0,9
2013,ARIYAH,9,0,9
2013,ARIYA,30,0,30
2013,ARISSA,9,0,9
2013,ARISHA,8,0,8
2013,ARIELLE,39,0,39
2013,ARIELLA,40,0,40
2013,ARIEL,68,7,61
2013,ARIANNE,9,0,9
2013,ARIANNA,184,0,184
2013,ARIANE,15,0,15
2013,ARIANA,139,0,139
2013,ARIAH,9,0,9
2013,ARIADNE,6,0,6
2013,ARIA,227,0,227
2013,AREESHA,6,0,6
2013,ARABELLA,24,0,24
2013,APRIL,17,0,17
2013,ANYA,27,0,27
2013,ANTONIA,13,0,13
2013,ANTONELLA,7,0,7
2013,ANNIKA,39,0,39
2013,ANNIE,52,0,52
2013,ANNE-MARIE,6,0,6
2013,FAITH,144,0,144
2013,ELLE,36,0,36
2013,FARRAH,9,0,9
2013,LEONA,12,0,12
2013,LENNON,34,25,9
2013,LENA,38,0,38
2013,LEILANI,8,0,8
2013,LEILA,48,0,48
2013,LEIGHTON,15,0,15
2013,LEIGHA,10,0,10
2013,LEIA,21,0,21
2013,LEENA,16,0,16
2013,LEEN,10,0,10
2013,LEELA,6,0,6
2013,LEEAH,6,0,6
2013,LEANNE,9,0,9
2013,LETICIA,6,0,6
2013,LEANNA,19,0,19
2013,LEA,24,0,24
2013,LAYLA,182,0,182
2013,LAYAN,16,0,16
2013,LAYAH,7,0,7
2013,LAURYN,17,0,17
2013,LAURIE,10,0,10
2013,LAURENCE,6,0,6
2013,LAUREN,233,0,233
2013,LAUREL,7,0,7
2013,LAURA,57,0,57
2013,FARAH,15,0,15
2013,LARA,33,0,33
2013,LANEY,6,0,6
2013,LEAH,305,0,305
2013,LEXI,71,0,71
2013,LEXIE,30,0,30
2013,LEYLA,16,0,16
2013,LIVIA,33,0,33
2013,LIV,15,0,15
2013,LISA,28,0,28
2013,LINDSAY,12,0,12
2013,LINDA,12,0,12
2013,LINA,33,0,33
2013,LILYANNA,6,0,6
2013,LILYANA,11,0,11
2013,LILY-ANNE,7,0,7
2013,LILY-ANN,6,0,6
2013,LILY,385,0,385
2013,LILLY,79,0,79
2013,LILLIANNA,7,0,7
2013,LILLIANA,10,0,10
2013,LILLIAN,185,0,185
2013,LILLIA,7,0,7
2013,LILITH,17,0,17
2013,LILIANNE,7,0,7
2013,LILIANNA,15,0,15
2013,LILIANA,53,0,53
2013,LILIAN,24,0,24
2013,LILIA,15,0,15
2013,LILAH,58,0,58
2013,LILA,50,0,50
2013,LIBERTY,11,0,11
2013,LIBBY,8,0,8
2013,LIANNA,9,0,9
2013,LIANA,27,0,27
2013,LIA,51,0,51
2013,LANA,39,0,39
2013,LIYA,15,0,15
2013,LAMAR,11,0,11
2013,LAINEY,13,0,13
2013,KEZIAH,11,0,11
2013,KEZIA,7,0,7
2013,KENZIE,64,0,64
2013,KENZI,9,0,9
2013,KENZA,6,0,6
2013,KENSLEY,6,0,6
2013,KENSINGTON,12,0,12
2013,KENNEDY,90,0,90
2013,KENNA,8,0,8
2013,KENLEY,8,0,8
2013,KENDRA,35,0,35
2013,KENDALL,40,0,40
2013,KELSEY,16,0,16
2013,KHADIJA,24,0,24
2013,KELLY,32,0,32
2013,KEILA,7,0,7
2013,KEEVA,7,0,7
2013,KEELEY,6,0,6
2013,KAYLYN,7,0,7
2013,KAYLIN,7,0,7
2013,KAYLIE,13,0,13
2013,KAYLEY,14,0,14
2013,KAYLEIGH,42,0,42
2013,KAYLEE,103,0,103
2013,KAYLA,101,0,101
2013,KAYDENCE,27,0,27
2013,KAYDEN,104,94,10
2013,KAYA,21,0,21
2013,KEIRA,127,0,127
2013,KHADIJAH,22,0,22
2013,KHALEESI,14,0,14
2013,KHLOE,83,0,83
2013,LAILAH,7,0,7
2013,LAILA,49,0,49
2013,LAIBA,11,0,11
2013,LACEY,25,0,25
2013,KYRA,34,0,34
2013,KYLIE,112,0,112
2013,KYLEIGH,20,0,20
2013,KYLEE,16,0,16
2013,KYLA,59,0,59
2013,KRYSTAL,6,0,6
2013,KRISTINE,10,0,10
2013,KRISTINA,24,0,24
2013,KRISTEN,17,0,17
2013,KRISHA,11,0,11
2013,KOURTNEY,8,0,8
2013,KORA,6,0,6
2013,KLARA,9,0,9
2013,KIRAN,17,9,8
2013,KIRA,48,0,48
2013,KINSLEY,30,0,30
2013,KINLEY,31,0,31
2013,KIMORA,6,0,6
2013,KIMBERLY,19,0,19
2013,KIERRA,10,0,10
2013,KIERA,32,0,32
2013,KIARA,50,0,50
2013,KIANNA,10,0,10
2013,KIANA,14,0,14
2013,KHLOÉ,13,0,13
2013,LAKSHMI,8,0,8
2013,LIYANA,14,0,14
2013,LOGAN,591,583,8
2013,LOLA,43,0,43
2013,MARIE,25,0,25
2013,MARIANNE,11,0,11
2013,MARIANNA,12,0,12
2013,MARIANA,23,0,23
2013,MARIAN,6,0,6
2013,MARIAM,65,0,65
2013,MARIAH,53,0,53
2013,MARIA,121,0,121
2013,MARGOT,12,0,12
2013,MARGARETHA,7,0,7
2013,MARGARET,48,0,48
2013,MARA,18,0,18
2013,MAPLE,9,0,9
2013,MARIELLA,10,0,10
2013,MANREET,12,0,12
2013,MANHA,19,0,19
2013,MANAL,6,0,6
2013,MANAHIL,8,0,8
2013,MALLORY,17,0,17
2013,MALIYAH,20,0,20
2013,MALIYA,7,0,7
2013,MALINA,7,0,7
2013,MALIN,6,0,6
2013,MALIKA,10,0,10
2013,MALIHA,7,0,7
2013,MALIAH,7,0,7
2013,MALIA,24,0,24
2013,MALAYA,12,0,12
2013,MANNAT,25,0,25
2013,MARINA,23,0,23
2013,MARISA,8,0,8
2013,MARISSA,39,0,39
2013,MEGHAN,22,0,22
2013,MEGAN,80,0,80
2013,MEERA,19,0,19
2013,MEAH,6,0,6
2013,MEADOW,13,0,13
2013,MCKINLEY,16,0,16
2013,MCKENZIE,19,0,19
2013,MCKENNA,39,0,39
2013,MCKAYLA,14,0,14
2013,MAËLLE,15,0,15
2013,MAYSA,9,0,9
2013,MAYA,358,0,358
2013,MAY,11,0,11
2013,MAXINE,10,0,10
2013,MAVIS,13,0,13
2013,MAUDE,10,0,10
2013,MATTEA,9,0,9
2013,MATILDA,32,0,32
2013,MARYAM,95,0,95
2013,MARY,65,0,65
2013,MARWAH,6,0,6
2013,MARWA,22,0,22
2013,MARTINA,15,0,15
2013,MARTHA,7,0,7
2013,MARLOWE,21,0,21
2013,MARLEY,45,11,34
2013,MARLEIGH,8,0,8
2013,MARLEE,17,0,17
2013,MARIYAH,9,0,9
2013,MALAK,12,0,12
2013,MAKENZIE,22,0,22
2013,MAKENNA,30,0,30
2013,MAKENA,7,0,7
2013,MACI,23,0,23
2013,MACEY,13,0,13
2013,MABEL,11,0,11
2013,MAARIYAH,6,0,6
2013,MAAHI,6,0,6
2013,LÉA,21,0,21
2013,LYRIC,18,6,12
2013,LYRA,12,0,12
2013,LYLAH,18,0,18
2013,LYLA,103,0,103
2013,LYDIA,78,0,78
2013,LYANA,6,0,6
2013,LUX,7,0,7
2013,LUNA,37,0,37
2013,LUISA,6,0,6
2013,LUCY,120,0,120
2013,LUCINDA,6,0,6
2013,LUCILLE,16,0,16
2013,LUCIE,7,0,7
2013,LUCIANA,6,0,6
2013,LUCIA,27,0,27
2013,LOUISE,8,0,8
2013,LOUISA,15,0,15
2013,LORIE,7,0,7
2013,LORENA,7,0,7
2013,LORELEI,22,0,22
2013,LORELAI,11,0,11
2013,LONDYN,21,0,21
2013,LONDON,42,17,25
2013,MACIE,14,0,14
2013,KAVYA,7,0,7
2013,MACKENNA,11,0,11
2013,MACKINLEY,9,0,9
2013,MAKAYLA,80,0,80
2013,MAKAILA,6,0,6
2013,MAJA,13,0,13
2013,MAISIE,15,0,15
2013,MAIRA,13,0,13
2013,MAIA,34,0,34
2013,MAHNOOR,8,0,8
2013,MAHI,12,0,12
2013,MAHA,9,0,9
2013,MAGNOLIA,6,0,6
2013,MAGGIE,42,0,42
2013,MAGDALENA,7,0,7
2013,MAEVE,75,0,75
2013,MAELLE,11,0,11
2013,MAELIE,6,0,6
2013,MAE,17,0,17
2013,MADYSON,7,0,7
2013,MADISYN,15,0,15
2013,MADISON,310,0,310
2013,MADILYN,18,0,18
2013,MADELYNN,12,0,12
2013,MADELYN,106,0,106
2013,MADELINE,124,0,124
2013,MADELEINE,95,0,95
2013,MADELAINE,7,0,7
2013,MADDISON,39,0,39
2013,MADALYNN,7,0,7
2013,MADALYN,9,0,9
2013,MACY,31,0,31
2013,MACKENZIE,240,12,228
2013,KATY,6,0,6
2013,LARISSA,10,0,10
2013,KATIE,58,0,58
2013,HILLARY,11,0,11
2013,HILARY,7,0,7
2013,HIBA,13,0,13
2013,HENLEY,9,0,9
2013,HELENA,39,0,39
2013,HELEN,20,0,20
2013,HEIDI,39,0,39
2013,HEATHER,16,0,16
2013,HAZEL,67,0,67
2013,HAYLEY,55,0,55
2013,HAYLEE,17,0,17
2013,HAYDEN,199,165,34
2013,HAYA,9,0,9
2013,HOLLAND,6,0,6
2013,HAVEN,25,7,18
2013,HARRIET,6,0,6
2013,HARPER,166,7,159
2013,HARNOOR,11,0,11
2013,HARMONY,25,0,25
2013,HARLOWE,6,0,6
2013,HARLOW,32,0,32
2013,HARLEY,25,12,13
2013,HARLEEN,15,0,15
2013,HARLEE,6,0,6
2013,HARGUN,10,0,10
2013,HAREEM,14,0,14
2013,HANNAH,391,0,391
2013,HANNA,76,0,76
2013,HARTLEY,6,0,6
2013,HOLLY,52,0,52
2013,HOPE,50,0,50
2013,HUDA,9,0,9
2013,ISOBEL,12,0,12
2013,ISLA,256,0,256
2013,ISIS,9,0,9
2013,ISHA,10,0,10
2013,ISADORA,6,0,6
2013,ISABELLE,193,0,193
2013,ISABELLA,514,0,514
2013,ISABELA,7,0,7
2013,ISABEL,92,0,92
2013,IRIS,56,0,56
2013,IRENE,22,0,22
2013,IRELYN,7,0,7
2013,IRELAND,15,0,15
2013,IRA,8,0,8
2013,IQRA,7,0,7
2013,INDIANA,7,0,7
2013,INAYAH,12,0,12
2013,INAYA,32,0,32
2013,INAAYAH,6,0,6
2013,INAAYA,17,0,17
2013,IMOGEN,6,0,6
2013,IMANI,6,0,6
2013,IMAN,14,0,14
2013,IMAAN,6,0,6
2013,ILARIA,6,0,6
2013,ILA,10,0,10
2013,HUSNA,10,0,10
2013,HUNTER,413,394,19
2013,HUMAIRA,6,0,6
2013,HANIYA,13,0,13
2013,ISRA,9,0,9
2013,HANIA,7,0,7
2013,HALLIE,14,0,14
2013,GIADA,6,0,6
2013,GIA,35,0,35
2013,GEORGINA,10,0,10
2013,GEORGIA,143,0,143
2013,GENEVIÈVE,10,0,10
2013,GENEVIEVE,52,0,52
2013,GENESIS,17,0,17
2013,GEMMA,59,0,59
2013,GABRIELLE,100,0,100
2013,GABRIELLA,171,0,171
2013,GABRIELA,49,0,49
2013,FREYA,17,0,17
2013,FRANKIE,10,0,10
2013,GIANNA,24,0,24
2013,FRANCESCA,26,0,26
2013,FLORENCE,24,0,24
2013,FLORA,10,0,10
2013,FLAVIE,6,0,6
2013,FIZA,6,0,6
2013,FIONA,99,0,99
2013,FINLEY,62,34,28
2013,FELICITY,16,0,16
2013,FELICIA,7,0,7
2013,FAYE,13,0,13
2013,FATOUMATA,7,0,7
2013,FATMA,7,0,7
2013,FATIMAH,11,0,11
2013,FATIMA,92,0,92
2013,FRANCES,17,0,17
2013,GILLIAN,7,0,7
2013,GISELLE,14,0,14
2013,GIULIA,14,0,14
2013,HALLE,22,0,22
2013,KATRINA,32,0,32
2013,HALI,6,0,6
2013,HALEY,18,0,18
2013,HAILIE,7,0,7
2013,HAILEY,293,0,293
2013,HAILEE,13,0,13
2013,HAFSAH,10,0,10
2013,HAFSA,25,0,25
2013,HADLEY,38,0,38
2013,HADIYA,10,0,10
2013,HADIA,9,0,9
2013,HADASSAH,6,0,6
2013,GWYNETH,13,0,13
2013,GWENYTH,17,0,17
2013,GWENDOLYN,35,0,35
2013,GWEN,16,0,16
2013,GURNOOR,17,0,17
2013,GURNEET,7,0,7
2013,GURLEEN,21,0,21
2013,GURBANI,8,0,8
2013,GUNEET,7,0,7
2013,GRETA,7,0,7
2013,GRACIE,41,0,41
2013,GRACELYNN,8,0,8
2013,GRACELYN,21,0,21
2013,GRACE,348,0,348
2013,GLORIA,27,0,27
2013,GIULIANA,39,0,39
2013,HANA,36,0,36
2013,IVANA,10,0,10
2013,HALIMA,9,0,9
2013,IVORY,9,0,9
2013,KAITLIN,12,0,12
2013,KAILYN,13,0,13
2013,KAILEY,20,0,20
2013,KAILA,7,0,7
2013,KAIA,22,0,22
2013,KAELYNN,9,0,9
2013,KAELYN,19,0,19
2013,KADENCE,14,0,14
2013,KACEY,10,0,10
2013,JUSTINE,6,0,6
2013,JUSTINA,9,0,9
2013,JUSTICE,21,13,8
2013,JUNO,7,0,7
2013,KAITLYN,89,0,89
2013,JUNIPER,6,0,6
2013,JULIETTE,39,0,39
2013,JULIET,29,0,29
2013,JULIE,37,0,37
2013,JULIANNE,14,0,14
2013,JULIANNA,54,0,54
2013,JULIANA,71,0,71
2013,JULIA,269,0,269
2013,JUDY,14,0,14
2013,JUDITH,15,0,15
2013,JUDE,69,62,7
2013,JOYCE,21,0,21
2013,JOY,21,0,21
2013,JOVIE,6,0,6
2013,JUNE,29,0,29
2013,KAIYA,9,0,9
2013,KALEIGH,9,0,9
2013,KALEY,12,0,12
2013,IVANNA,6,0,6
2013,KATIA,8,0,8
2013,KATHRYN,28,0,28
2013,KATHLEEN,17,0,17
2013,KATHERINE,127,0,127
2013,KATHARINA,6,0,6
2013,KATERINA,17,0,17
2013,KATELYNN,9,0,9
2013,KATELYN,75,0,75
2013,KATE,101,0,101
2013,KATARINA,23,0,23
2013,KATALINA,9,0,9
2013,KASSIDY,16,0,16
2013,KASSANDRA,8,0,8
2013,KASIA,8,0,8
2013,KASEY,7,0,7
2013,KAROLINA,10,0,10
2013,KARMA,8,0,8
2013,KARLY,8,0,8
2013,KARISSA,14,0,14
2013,KARINA,33,0,33
2013,KAREN,15,0,15
2013,KARA,41,0,41
2013,KAMRYN,13,0,13
2013,KAMILA,8,0,8
2013,KALLIE,8,0,8
2013,KALIYAH,9,0,9
2013,KALINA,7,0,7
2013,KALI,21,0,21
2013,JOVANA,6,0,6
2013,JOURNEY,13,0,13
2013,KALEA,6,0,6
2013,JOSEPHINE,67,0,67
2013,JASNEET,7,0,7
2013,JASMINE,162,0,162
2013,JASMIN,7,0,7
2013,JASLEEN,17,0,17
2013,JAPNEET,11,0,11
2013,JAPLEEN,6,0,6
2013,JANNAT,9,0,9
2013,JANNAH,13,0,13
2013,JANIYAH,6,0,6
2013,JANICE,10,0,10
2013,JANET,7,0,7
2013,JANESSA,12,0,12
2013,JANE,29,0,29
2013,JANAE,8,0,8
2013,JANA,34,0,34
2013,JAMIE,36,22,14
2013,JAIDA,10,0,10
2013,JAELYNN,10,0,10
2013,JAELYN,12,0,12
2013,JADYN,8,0,8
2013,JADE,62,0,62
2013,JADA,28,0,28
2013,JACQUELINE,23,0,23
2013,JACLYN,7,0,7
2013,IZABELLE,6,0,6
2013,IZABELLA,34,0,34
2013,IYLA,10,0,10
2013,JOSIE,24,0,24
2013,IVY,131,0,131
2013,JAYA,9,0,9
2013,JAYDA,21,0,21
2013,JANELLE,33,0,33
2013,JOANNE,12,0,12
2013,JORJA,14,0,14
2013,JAYDE,13,0,13
2013,JORDYNN,6,0,6
2013,JORDYN,67,0,67
2013,JORDAN,238,197,41
2013,JOLENE,20,0,20
2013,JOHANNA,10,0,10
2013,JOELLE,13,0,13
2013,JOCELYN,46,0,46
2013,JOANNA,39,0,39
2013,JIYA,21,0,21
2013,JILLIAN,43,0,43
2013,JIA,18,6,12
2013,JESSIE,24,0,24
2013,JESSICA,134,0,134
2013,JEWEL,11,0,11
2013,JERSEY,10,0,10
2013,JAYDEN,383,370,13
2013,JAYLA,25,0,25
2013,JAYLAH,6,0,6
2013,JAYLYN,6,0,6
2013,JAZLYN,8,0,8
2013,JAZMINE,17,0,17
2013,JAZMYN,6,0,6
2013,JAZMIN,8,0,8
2013,JEMMA,16,0,16
2013,JENNA,41,0,41
2013,JENNIFER,40,0,40
2013,JENNY,11,0,11
2013,JEAN,6,0,6
2014,ARAN,10,10,0
2014,APOLLO,12,12,0
2014,ARASH,7,7,0
2014,ARCHIE,7,7,0
2014,ARAV,7,7,0
2014,ARCHER,50,50,0
2014,ARHAM,20,20,0
2014,ANDREAS,12,12,0
2014,ARI,31,31,0
2014,ARIAN,14,14,0
2014,ARIE,8,8,0
2014,ARIS,6,6,0
2014,ANTONY,6,6,0
2014,ARIYAN,6,6,0
2014,ARHUM,6,6,0
2014,ANTONIO,66,66,0
2014,ANDREI,11,11,0
2014,ANTOINE,13,13,0
2014,ANTHONY,254,254,0
2014,ANSON,20,20,0
2014,ANSH,7,7,0
2014,ANOOP,6,6,0
2014,ANISH,11,11,0
2014,ANGUS,18,18,0
2014,ANGELO,26,26,0
2014,ANGAD,12,12,0
2014,ANDRE,32,32,0
2014,ANDY,41,41,0
2014,ANDREW,275,275,0
2014,ANDRES,9,9,0
2014,ARJAN,13,13,0
2014,ANTON,17,17,0
2014,ARJUN,76,76,0
2014,AXL,9,9,0
2014,ARMAAN,65,65,0
2014,ATTICUS,36,36,0
2014,AUGUSTINE,12,12,0
2014,AUSTEN,6,6,0
2014,AUSTIN,312,312,0
2014,AUSTYN,8,8,0
2014,AVEER,6,6,0
2014,ATLAS,14,14,0
2014,AVI,17,17,0
2014,AVRAJ,6,6,0
2014,AXEL,25,25,0
2014,AYAAN,76,76,0
2014,AYAN,19,19,0
2014,ANDRÉ,9,9,0
2014,AYDEN,94,94,0
2014,AVRAHAM,9,9,0
2014,ARLO,27,27,0
2014,ATHAN,6,6,0
2014,ASHWIN,25,25,0
2014,ARMAN,25,25,0
2014,ARMIN,16,16,0
2014,ARNAV,22,22,0
2014,ARON,6,6,0
2014,ARTHUR,63,63,0
2014,ARTIN,10,10,0
2014,ASTON,7,7,0
2014,ARVIN,15,15,0
2014,ARYAN,53,53,0
2014,ASA,7,7,0
2014,ASAD,6,6,0
2014,ASHAR,8,8,0
2014,ASHER,116,116,0
2014,ASHTON,94,94,0
2014,ARWIN,6,6,0
2014,ANDERSON,29,29,0
2014,AARAN,8,8,0
2014,AMOS,7,7,0
2014,ADRIANO,36,36,0
2014,ADRIAN,190,190,0
2014,ADNAN,6,6,0
2014,ADITYA,9,9,0
2014,ADIL,6,6,0
2014,ADEN,24,24,0
2014,ADAM,395,395,0
2014,ACE,18,18,0
2014,ABRAM,24,24,0
2014,ABRAHAM,21,21,0
2014,ABEL,59,59,0
2014,ABDURRAHMAN,6,6,0
2014,ABDULRAHMAN,18,18,0
2014,ABDULLAH,78,78,0
2014,ABDUL,35,35,0
2014,ABDALLAH,10,10,0
2014,ABBAS,15,15,0
2014,AYDIN,25,25,0
2014,ÉMILE,11,11,0
2014,ÉTIENNE,7,7,0
2014,AADAM,10,10,0
2014,AADEN,6,6,0
2014,AAHIL,8,8,0
2014,ADRIEL,9,9,0
2014,AARAV,57,57,0
2014,AARIZ,15,15,0
2014,AARON,171,171,0
2014,AARUSH,13,13,0
2014,AARYAN,21,21,0
2014,AAYAN,11,11,0
2014,AAYUSH,8,8,0
2014,AARIB,6,6,0
2014,ADRIEN,23,23,0
2014,AGAM,11,11,0
2014,AHMAD,44,44,0
2014,ALFRED,14,14,0
2014,ALIJAH,6,6,0
2014,ALISTAIR,23,23,0
2014,ALLAN,15,15,0
2014,ALLEN,16,16,0
2014,ALVIN,30,30,0
2014,ALEXANDROS,6,6,0
2014,AMAAN,8,8,0
2014,AMARI,20,20,0
2014,AMEEN,8,8,0
2014,AMEER,20,20,0
2014,AMIN,7,7,0
2014,AMIR,60,60,0
2014,AMMAR,12,12,0
2014,AMAR,9,9,0
2014,ANAS,9,9,0
2014,ALEXANDRE,50,50,0
2014,ALEX,106,106,0
2014,AHMED,72,72,0
2014,AIDAN,130,130,0
2014,AIDEN,391,391,0
2014,AJAY,9,9,0
2014,ALAN,24,24,0
2014,ALASTAIR,8,8,0
2014,ALEXANDER,576,576,0
2014,ALBERT,30,30,0
2014,ALEC,28,28,0
2014,ALEJANDRO,26,26,0
2014,ALEKSANDAR,11,11,0
2014,ALEKSANDER,16,16,0
2014,ALESSANDRO,37,37,0
2014,ALESSIO,16,16,0
2014,ALDEN,12,12,0
2014,AYMAN,11,11,0
2014,NOEL,21,21,0
2014,AZAAN,17,17,0
2014,LYRA,12,0,12
2014,LYRIC,13,0,13
2014,MABEL,25,0,25
2014,MACEY,9,0,9
2014,MACI,21,0,21
2014,MACIE,13,0,13
2014,MACKAYLA,7,0,7
2014,LYNN,6,0,6
2014,MACKENNA,15,0,15
2014,MACKINLEY,7,0,7
2014,MACY,34,0,34
2014,MADALYN,7,0,7
2014,MADALYNN,6,0,6
2014,MADDISON,45,0,45
2014,MADELAINE,7,0,7
2014,MADELEINE,120,0,120
2014,MACKENZIE,235,14,221
2014,MADELINE,84,0,84
2014,LYLAH,19,0,19
2014,LYDIA,91,0,91
2014,LORELAI,9,0,9
2014,LORELEI,13,0,13
2014,LORENA,9,0,9
2014,LORETTA,8,0,8
2014,LORRAINE,7,0,7
2014,LOUISA,14,0,14
2014,LOUISE,9,0,9
2014,LYLA,123,0,123
2014,LUCIA,23,0,23
2014,LUCIE,10,0,10
2014,LUCILLE,16,0,16
2014,LUCINDA,12,0,12
2014,LUCY,148,0,148
2014,LUELLA,7,0,7
2014,LUNA,49,0,49
2014,LUX,6,0,6
2014,LUCIANA,10,0,10
2014,LONDYN,13,0,13
2014,MADELYN,117,0,117
2014,MADILYN,21,0,21
2014,MAISY,9,0,9
2014,MAIYA,9,0,9
2014,MAJA,9,0,9
2014,MAKAYLA,81,0,81
2014,MAKENNA,28,0,28
2014,MAKENZIE,22,0,22
2014,MAKINLEY,8,0,8
2014,MAISIE,28,0,28
2014,MALAIKA,8,0,8
2014,MALAYA,10,0,10
2014,MALIA,35,0,35
2014,MALIHA,6,0,6
2014,MALIKA,9,0,9
2014,MALINA,8,0,8
2014,MALIYAH,13,0,13
2014,MALLORY,14,0,14
2014,MALAK,16,0,16
2014,MADELYNN,11,0,11
2014,MAIRA,12,0,12
2014,MAHNOOR,6,0,6
2014,MADINA,14,0,14
2014,MADISON,292,0,292
2014,MADISYN,15,0,15
2014,MAE,21,0,21
2014,MAÉLIE,7,0,7
2014,MAELLE,17,0,17
2014,MAËLLE,18,0,18
2014,MAIA,31,0,31
2014,MAEVA,9,0,9
2014,MAGDALENA,8,0,8
2014,MAGGIE,45,0,45
2014,MAGNOLIA,8,0,8
2014,MAHA,12,0,12
2014,MAHAM,8,0,8
2014,MAHI,10,0,10
2014,MAHIRA,6,0,6
2014,MAEVE,71,0,71
2014,MANHA,12,0,12
2014,LONDON,56,9,47
2014,LOIS,9,0,9
2014,LAURA,71,0,71
2014,LAUREL,11,0,11
2014,LAUREN,182,0,182
2014,LAURIE,9,0,9
2014,LAURYN,14,0,14
2014,LAYAH,6,0,6
2014,LAYAN,17,0,17
2014,LARISSA,9,0,9
2014,LAYLA,160,0,160
2014,LEA,18,0,18
2014,LÉA,21,0,21
2014,LEAH,263,0,263
2014,LEANNA,14,0,14
2014,LEANNE,10,0,10
2014,LEELA,12,0,12
2014,LEEN,9,0,9
2014,LAYLAH,12,0,12
2014,LEENA,17,0,17
2014,LARA,54,0,54
2014,LAMAR,9,0,9
2014,KRISTIN,6,0,6
2014,KRISTINA,19,0,19
2014,KRISTINE,7,0,7
2014,KRYSTAL,7,0,7
2014,KYA,6,0,6
2014,KYLA,52,0,52
2014,KYLEE,25,0,25
2014,LANA,57,0,57
2014,KYLEIGH,18,0,18
2014,KYRA,33,0,33
2014,KYRIE,15,9,6
2014,LACEY,28,0,28
2014,LAIBA,12,0,12
2014,LAILA,52,0,52
2014,LAILAH,10,0,10
2014,LAINEY,11,0,11
2014,KYLIE,96,0,96
2014,LOLA,35,0,35
2014,LEIA,35,0,35
2014,LEIGHTON,10,0,10
2014,LILLIANA,20,0,20
2014,LILLIANNA,12,0,12
2014,LILLIE,9,0,9
2014,LILLY,78,0,78
2014,LILY,388,0,388
2014,LILYANA,10,0,10
2014,LILYANNA,10,0,10
2014,LILLIAN,168,0,168
2014,LINA,32,0,32
2014,LINDSAY,7,0,7
2014,LISA,34,0,34
2014,LIV,15,0,15
2014,LIVIA,33,0,33
2014,LIYA,8,0,8
2014,LIYANA,11,0,11
2014,LOGAN,628,609,19
2014,LINDA,8,0,8
2014,LEIGHA,14,0,14
2014,LILITH,12,0,12
2014,LILIANE,8,0,8
2014,LEILA,58,0,58
2014,LENA,43,0,43
2014,LENNON,43,23,20
2014,LENNOX,42,36,6
2014,LEONA,31,0,31
2014,LEXI,45,0,45
2014,LEXIE,31,0,31
2014,LILIANNA,12,0,12
2014,LEYLA,13,0,13
2014,LIANA,29,0,29
2014,LIBBY,12,0,12
2014,LILA,58,0,58
2014,LILAH,44,0,44
2014,LILIA,20,0,20
2014,LILIAN,30,0,30
2014,LILIANA,51,0,51
2014,LIA,31,0,31
2014,KRISTEN,16,0,16
2014,MANNAT,15,0,15
2014,MANUELA,8,0,8
2014,NAHLA,8,0,8
2014,NAILAH,6,0,6
2014,NANCY,17,0,17
2014,NAOMI,135,0,135
2014,NAOMIE,9,0,9
2014,NATALIA,85,0,85
2014,NATALIE,187,0,187
2014,NADINE,12,0,12
2014,NATALYA,9,0,9
2014,NATHALIE,10,0,10
2014,NAVREET,6,0,6
2014,NAVYA,11,0,11
2014,NAWAL,7,0,7
2014,AYYAN,6,6,0
2014,NEHA,6,0,6
2014,NELLY,10,0,10
2014,NATASHA,20,0,20
2014,NERIAH,12,0,12
2014,NADIA,42,0,42
2014,MYRA,40,0,40
2014,MIRA,54,0,54
2014,MIRANDA,24,0,24
2014,MIRIAM,41,0,41
2014,MISHA,7,0,7
2014,MIYA,18,0,18
2014,MIYAH,6,0,6
2014,MOLLY,88,0,88
2014,MYRIAM,6,0,6
2014,MONA,7,0,7
2014,MONROE,12,0,12
2014,MORGAN,123,27,96
2014,MORIAH,8,0,8
2014,MYA,167,0,167
2014,MYAH,24,0,24
2014,MYLA,37,0,37
2014,MYLAH,9,0,9
2014,MONICA,18,0,18
2014,MINAHIL,9,0,9
2014,NEVAEH,114,0,114
2014,NEVEAH,8,0,8
2014,NORAH,150,0,150
2014,NOUR,11,0,11
2014,NOVA,24,0,24
2014,NYA,14,0,14
2014,NYAH,16,0,16
2014,NYLA,37,0,37
2014,NYLAH,18,0,18
2014,NORA,162,0,162
2014,OCEAN,12,6,6
2014,OLIVE,46,0,46
2014,OLIVIA,918,0,918
2014,OPHELIA,27,0,27
2014,PAIGE,109,0,109
2014,PAISLEE,16,0,16
2014,PAISLEY,120,0,120
2014,PAITYN,8,0,8
2014,OCTAVIA,9,0,9
2014,NEVE,13,0,13
2014,NOOR,36,0,36
2014,NOÉMIE,18,0,18
2014,NIA,18,0,18
2014,NIAH,6,0,6
2014,NIAMH,6,0,6
2014,NICHOLE,6,0,6
2014,NICOLE,106,0,106
2014,NIKA,15,0,15
2014,NIKI,7,0,7
2014,NOLA,10,0,10
2014,NIKITA,15,8,7
2014,NILA,9,0,9
2014,NIMRAT,14,0,14
2014,NIMRIT,7,0,7
2014,NINA,54,0,54
2014,NIYA,7,0,7
2014,NOA,18,0,18
2014,NOELLE,32,0,32
2014,NIKKI,12,0,12
2014,MANREET,17,0,17
2014,MINA,24,0,24
2014,MILLICENT,8,0,8
2014,MARISSA,23,0,23
2014,MARIYAH,8,0,8
2014,MARLEE,15,0,15
2014,MARLEIGH,6,0,6
2014,MARLEY,38,0,38
2014,MARLIE,7,0,7
2014,MARLOWE,17,0,17
2014,MARISA,9,0,9
2014,MARTA,8,0,8
2014,MARTINA,16,0,16
2014,MARWA,15,0,15
2014,MARY,64,0,64
2014,MARYAM,109,0,109
2014,MATILDA,31,0,31
2014,MATTEA,6,0,6
2014,MAVIS,27,0,27
2014,MARTHA,15,0,15
2014,MAXINE,10,0,10
2014,MARINA,21,0,21
2014,MARILYN,12,0,12
2014,MARA,16,0,16
2014,MAREN,6,0,6
2014,MARGARET,65,0,65
2014,MARGAUX,8,0,8
2014,MARGOT,13,0,13
2014,MARIA,133,0,133
2014,MARIAH,50,0,50
2014,MARIN,7,0,7
2014,MARIAM,60,0,60
2014,MARIANA,14,0,14
2014,MARIANNA,11,0,11
2014,MARIANNE,11,0,11
2014,MARIE,26,0,26
2014,MARIELLE,8,0,8
2014,MARIKA,6,0,6
2014,MARILOU,6,0,6
2014,MARIAN,8,0,8
2014,MILLIE,12,0,12
2014,MAY,6,0,6
2014,MAYAH,6,0,6
2014,MEREDITH,16,0,16
2014,MIA,415,0,415
2014,MIAH,16,0,16
2014,MICAELA,9,0,9
2014,MICHAELA,32,0,32
2014,MICHELLE,65,0,65
2014,MIKA,24,6,18
2014,MERCEDES,9,0,9
2014,MIKAELA,36,0,36
2014,MIKHAILA,6,0,6
2014,MILA,239,0,239
2014,MILAN,45,36,9
2014,MILANA,25,0,25
2014,MILANIA,15,0,15
2014,MILENA,35,0,35
2014,MILEY,7,0,7
2014,MIKAYLA,76,0,76
2014,MAYA,332,0,332
2014,MERAL,6,0,6
2014,MÉLODIE,6,0,6
2014,MCKAYLA,12,0,12
2014,MCKENNA,33,0,33
2014,MCKENZIE,17,0,17
2014,MCKINLEY,15,0,15
2014,MEADOW,16,0,16
2014,MEERA,14,0,14
2014,MEGAN,60,0,60
2014,MELODY,72,0,72
2014,MEGHAN,16,0,16
2014,MEHER,13,0,13
2014,MEHREEN,6,0,6
2014,MELANIE,26,0,26
2014,MELIA,6,0,6
2014,MELINA,33,0,33
2014,MELINDA,9,0,9
2014,MELISSA,36,0,36
2014,MEHAR,10,0,10
2014,PARIS,17,0,17
2014,KRISTA,9,0,9
2014,KOURTNEY,11,0,11
2014,HOPE,60,0,60
2014,HUDA,13,0,13
2014,HUNTER,365,350,15
2014,ILA,10,0,10
2014,ILARIA,6,0,6
2014,IMAAN,12,0,12
2014,IMAN,10,0,10
2014,HOLLY,56,0,56
2014,IMANI,11,0,11
2014,INAAYA,24,0,24
2014,INARA,9,0,9
2014,INAYA,18,0,18
2014,INAYAH,18,0,18
2014,INDIGO,6,0,6
2014,INES,7,0,7
2014,INÈS,6,0,6
2014,IMOGEN,15,0,15
2014,INGRID,6,0,6
2014,HOLLAND,7,0,7
2014,HILARY,7,0,7
2014,HAVEN,20,0,20
2014,HAWA,10,0,10
2014,HAYA,10,0,10
2014,HAYDEN,219,187,32
2014,HAYLEE,15,0,15
2014,HAYLEIGH,6,0,6
2014,HAYLEY,47,0,47
2014,HILLARY,11,0,11
2014,HAYLIE,6,0,6
2014,HEATHER,12,0,12
2014,HEAVEN,11,0,11
2014,HEIDI,52,0,52
2014,HELEN,16,0,16
2014,HELENA,30,0,30
2014,HENLEY,23,6,17
2014,HIBA,11,0,11
2014,HAZEL,86,0,86
2014,HARVEEN,6,0,6
2014,INIYA,7,0,7
2014,IRA,18,9,9
2014,JACLYN,12,0,12
2014,JACQUELINE,30,0,30
2014,JADA,17,0,17
2014,JADE,76,0,76
2014,JAELYN,13,0,13
2014,JAELYNN,7,0,7
2014,JAIDA,6,0,6
2014,IZABELLE,10,0,10
2014,JAMIE,49,29,20
2014,JANAE,7,0,7
2014,JANE,25,0,25
2014,JANELLE,23,0,23
2014,JANESSA,12,0,12
2014,JANICE,17,0,17
2014,JANINE,7,0,7
2014,JANNAH,10,0,10
2014,JANA,32,0,32
2014,IQRA,12,0,12
2014,IZABELLA,44,0,44
2014,IYLA,12,0,12
2014,IRELAND,11,0,11
2014,IRENE,20,0,20
2014,IRIS,68,0,68
2014,ISABEL,101,0,101
2014,ISABELA,11,0,11
2014,ISABELL,6,0,6
2014,ISABELLA,490,0,490
2014,IZABELA,7,0,7
2014,ISABELLE,192,0,192
2014,ISIS,10,0,10
2014,ISLA,273,0,273
2014,ISOBEL,13,0,13
2014,ISRA,17,0,17
2014,IVANA,12,0,12
2014,IVORY,8,0,8
2014,IVY,138,0,138
2014,ISHA,11,0,11
2014,JANNAT,8,0,8
2014,HARTLEY,6,0,6
2014,HARPER,183,6,177
2014,GABRIELA,36,0,36
2014,GABRIELLA,169,0,169
2014,GABRIELLE,80,0,80
2014,GEMMA,66,0,66
2014,GENESIS,16,0,16
2014,GENEVIEVE,38,0,38
2014,GENEVIÈVE,10,0,10
2014,FREYJA,7,0,7
2014,GEORGIA,127,0,127
2014,GIA,35,0,35
2014,GIANNA,35,0,35
2014,GILLIAN,18,0,18
2014,GIORGIA,9,0,9
2014,GISELLE,11,0,11
2014,GIULIA,9,0,9
2014,GIULIANA,24,0,24
2014,GEORGINA,10,0,10
2014,GLORIA,28,0,28
2014,FREYA,37,0,37
2014,FRANCESCA,25,0,25
2014,EVERLY,103,0,103
2014,EVIE,21,0,21
2014,FAITH,111,0,111
2014,FARAH,11,0,11
2014,FARRAH,17,0,17
2014,FATIMA,104,0,104
2014,FATIMAH,15,0,15
2014,FRANKIE,12,0,12
2014,FAYE,18,0,18
2014,FELICITY,25,0,25
2014,FINLEY,75,41,34
2014,FINNLEY,31,24,7
2014,FIONA,114,0,114
2014,FLORA,12,0,12
2014,FLORENCE,34,0,34
2014,FRANCES,23,0,23
2014,FELICIA,9,0,9
2014,HARRIET,11,0,11
2014,GRACE,354,0,354
2014,GRACIE,41,0,41
2014,HALLE,18,0,18
2014,HALLIE,6,0,6
2014,HANA,43,0,43
2014,HANEEN,6,0,6
2014,HANIA,8,0,8
2014,HANIYA,18,0,18
2014,HANNA,61,0,61
2014,HALINA,6,0,6
2014,HANNAH,379,0,379
2014,HARGUN,10,0,10
2014,HARLEE,6,0,6
2014,HARLEEN,12,0,12
2014,HARLEY,30,14,16
2014,HARLOW,29,0,29
2014,HARMONY,27,0,27
2014,HARNOOR,13,0,13
2014,HAREEM,10,0,10
2014,GRACELYN,21,0,21
2014,HALIMA,6,0,6
2014,HALA,8,0,8
2014,GRETA,18,0,18
2014,GURLEEN,8,0,8
2014,GURNOOR,19,8,11
2014,GWEN,14,0,14
2014,GWENDOLYN,40,0,40
2014,GWENYTH,8,0,8
2014,GWYNETH,9,0,9
2014,HALEY,28,0,28
2014,HADASSAH,10,0,10
2014,HADIYA,6,0,6
2014,HADLEY,60,0,60
2014,HAFSA,21,0,21
2014,HAFSAH,7,0,7
2014,HAILEE,14,0,14
2014,HAILEY,201,0,201
2014,HAILIE,7,0,7
2014,HADIA,11,0,11
2014,KRISHA,13,0,13
2014,JAPJI,9,0,9
2014,JAPNEET,9,0,9
2014,KATARINA,19,0,19
2014,KATE,106,0,106
2014,KATELYN,91,0,91
2014,KATELYNN,12,0,12
2014,KATERINA,14,0,14
2014,KATHERINE,109,0,109
2014,KATHLEEN,21,0,21
2014,KATANA,7,0,7
2014,KATHRYN,31,0,31
2014,KATIE,47,0,47
2014,KATRINA,16,0,16
2014,KAVYA,11,0,11
2014,KAYA,21,0,21
2014,KAYDEN,145,139,6
2014,KAYDENCE,19,0,19
2014,KAYLA,105,0,105
2014,KATIA,8,0,8
2014,KAYLEE,103,0,103
2014,KATALINA,8,0,8
2014,KASSANDRA,19,0,19
2014,KALINA,9,0,9
2014,KALIYAH,8,0,8
2014,KALLIE,16,0,16
2014,KAMILA,14,0,14
2014,KAMRYN,9,0,9
2014,KARA,42,0,42
2014,KAREN,21,0,21
2014,KASSIDY,13,0,13
2014,KARINA,35,0,35
2014,KARLA,6,0,6
2014,KARLEE,8,0,8
2014,KARLEIGH,6,0,6
2014,KARLEY,7,0,7
2014,KARLIE,7,0,7
2014,KARMA,6,0,6
2014,KAROLINA,8,0,8
2014,KARISSA,7,0,7
2014,KALIA,8,0,8
2014,KAYLEIGH,36,0,36
2014,KAYLIE,17,0,17
2014,KHADIJAH,24,0,24
2014,KHLOE,76,0,76
2014,KHLOÉ,6,0,6
2014,KHUSHI,6,0,6
2014,KIANA,20,0,20
2014,KIANNA,11,0,11
2014,KIARA,32,0,32
2014,KHADIJA,22,0,22
2014,KIERA,27,0,27
2014,KINLEY,21,0,21
2014,KINSLEY,37,0,37
2014,KIRA,38,0,38
2014,KIRSTEN,6,0,6
2014,KLARA,22,0,22
2014,KORA,7,0,7
2014,KORI,8,0,8
2014,KIMBERLY,21,0,21
2014,KAYLEY,14,0,14
2014,KEZIAH,9,0,9
2014,KENZIE,59,0,59
2014,KAYLIN,7,0,7
2014,KEANNA,6,0,6
2014,KEERAT,8,0,8
2014,KEEVA,8,0,8
2014,KEIRA,109,0,109
2014,KELLY,21,0,21
2014,KELSEY,15,0,15
2014,NOAH,722,722,0
2014,KENDALL,53,0,53
2014,KENLEY,10,0,10
2014,KENNA,11,0,11
2014,KENNEDY,75,0,75
2014,KENSI,8,0,8
2014,KENSIE,9,0,9
2014,KENSINGTON,13,0,13
2014,KENZI,12,0,12
2014,KENDRA,32,0,32
2014,JAPLEEN,8,0,8
2014,KALI,30,0,30
2014,KALEIGH,6,0,6
2014,JERSEY,11,0,11
2014,JESSA,6,0,6
2014,JESSICA,125,0,125
2014,JESSIE,23,0,23
2014,JEWEL,6,0,6
2014,JIA,22,7,15
2014,JILLIAN,41,0,41
2014,JENNY,20,0,20
2014,JIYA,10,0,10
2014,JOANNE,9,0,9
2014,JOCELYN,54,0,54
2014,JOELLE,17,0,17
2014,JOHANNA,12,0,12
2014,JOLENE,13,0,13
2014,JOLIE,8,0,8
2014,JORDAN,228,197,31
2014,JOANNA,40,0,40
2014,JORDYN,93,0,93
2014,JENNIFER,43,0,43
2014,JENNA,61,0,61
2014,JASLEEN,15,0,15
2014,JASMIN,13,0,13
2014,JASMINE,157,0,157
2014,JAYDA,21,0,21
2014,JAYDE,10,0,10
2014,JAYDEN,356,339,17
2014,JAYLA,19,0,19
2014,JENNAH,9,0,9
2014,JAYLYN,6,0,6
2014,JAYNA,7,0,7
2014,JAZLYN,7,0,7
2014,JAZMIN,8,0,8
2014,JAZMINE,9,0,9
2014,JAZMYN,6,0,6
2014,JEMMA,20,0,20
2014,JENESSA,7,0,7
2014,JAYLYNN,11,0,11
2014,KALEY,11,0,11
2014,JORDYNN,10,0,10
2014,JOSEPHINE,68,0,68
2014,JUSTICE,20,14,6
2014,JUSTINA,8,0,8
2014,JUSTINE,14,0,14
2014,KACEY,12,0,12
2014,KADENCE,9,0,9
2014,KAELYN,21,0,21
2014,KAELYNN,6,0,6
2014,JUNO,9,0,9
2014,KAIA,28,0,28
2014,KAILEE,6,0,6
2014,KAILEY,32,0,32
2014,KAILYN,8,0,8
2014,KAIRI,9,0,9
2014,KAITLIN,9,0,9
2014,KAITLYN,108,0,108
2014,KAIYA,11,0,11
2014,KAILA,6,0,6
2014,JORJA,10,0,10
2014,JUNIPER,12,0,12
2014,JULIETTE,41,0,41
2014,JOSIE,25,0,25
2014,JOUD,7,0,7
2014,JOURNEY,9,0,9
2014,JOVIE,6,0,6
2014,JOY,33,0,33
2014,JOYCE,24,0,24
2014,JUBILEE,8,0,8
2014,JUNE,18,0,18
2014,JUDE,96,88,8
2014,JUDY,12,0,12
2014,JULIA,254,0,254
2014,JULIANA,63,0,63
2014,JULIANNA,71,0,71
2014,JULIANNE,13,0,13
2014,JULIE,27,0,27
2014,JULIET,33,0,33
2014,JUDITH,8,0,8
2014,PARKER,245,220,25
2014,PATRICIA,11,0,11
2014,PAULINA,8,0,8
2014,TY,21,21,0
2014,TUCKER,40,40,0
2014,TRYSTAN,8,8,0
2014,TROY,42,42,0
2014,TRISTEN,14,14,0
2014,TRISTAN,196,196,0
2014,TRIPP,7,7,0
2014,TYLER,228,228,0
2014,TREY,6,6,0
2014,TRENTON,10,10,0
2014,TRENT,23,23,0
2014,TRAVIS,61,61,0
2014,TORIN,9,9,0
2014,TONY,15,15,0
2014,TOMMY,19,19,0
2014,TOMAS,24,24,0
2014,TREVOR,24,24,0
2014,TOBY,12,12,0
2014,TYRUS,7,7,0
2014,UMAR,20,20,0
2014,VINCENZO,15,15,0
2014,VINCENT,127,127,0
2014,VIKTOR,17,17,0
2014,VIHAAN,26,26,0
2014,VICTOR,54,54,0
2014,VIAAN,9,9,0
2014,VEER,15,15,0
2014,TYSON,113,113,0
2014,VEDANT,6,6,0
2014,VAUGHN,8,8,0
2014,VANSH,6,6,0
2014,VAN,9,9,0
2014,VALENTINO,6,6,0
2014,USMAN,10,10,0
2014,URIEL,7,7,0
2014,URIAH,7,7,0
2014,VED,7,7,0
2014,VIRAJ,10,10,0
2014,TOBIN,13,13,0
2014,TITUS,17,17,0
2014,TALAL,10,10,0
2014,TAHA,8,8,0
2014,TÉO,6,6,0
2014,SYLAS,16,16,0
2014,SYED,66,66,0
2014,SULTAN,13,13,0
2014,SULLIVAN,41,41,0
2014,TALON,19,19,0
2014,SULAYMAN,6,6,0
2014,SUBHAN,10,10,0
2014,STEVEN,41,41,0
2014,STERLING,14,14,0
2014,STEPHEN,39,39,0
2014,STEPHAN,10,10,0
2014,STEFANOS,6,6,0
2014,STEFANO,15,15,0
2014,SULAIMAN,17,17,0
2014,TOBIAS,34,34,0
2014,TANNER,72,72,0
2014,TARIQ,8,8,0
2014,TIMOTHY,64,64,0
2014,TIM,9,9,0
2014,TIAGO,30,30,0
2014,THORIN,6,6,0
2014,THOMAS,303,303,0
2014,THIAGO,19,19,0
2014,THEODORE,186,186,0
2014,TARAN,6,6,0
2014,THEO,55,55,0
2014,THÉODORE,16,16,0
2014,THÉO,16,16,0
2014,TERRY,8,8,0
2014,TERRENCE,9,9,0
2014,TERENCE,6,6,0
2014,TEJAS,8,8,0
2014,TATE,27,27,0
2014,THATCHER,8,8,0
2014,STEFAN,35,35,0
2014,VISHNU,6,6,0
2014,VUK,6,6,0
2014,ZANE,42,42,0
2014,ZANDER,66,66,0
2014,ZAKARIYA,26,26,0
2014,ZAKARIA,14,14,0
2014,ZAKAI,6,6,0
2014,ZAK,6,6,0
2014,ZAIN,56,56,0
2014,ZAVIER,7,7,0
2014,ZAIDEN,12,12,0
2014,ZACKARY,30,30,0
2014,ZACK,17,17,0
2014,ZACHERY,6,6,0
2014,ZACHARY,261,261,0
2014,ZACHARIAH,11,11,0
2014,YUVRAJ,22,22,0
2014,YUSUF,97,97,0
2014,ZAID,30,30,0
2014,YUSEF,8,8,0
2014,ZAVIYAR,6,6,0
2014,ZAYD,34,34,0
2014,ZOHA,21,0,21
2014,ZOYA,48,0,48
2014,ZURI,11,0,11
2014,ZYANA,6,0,6
2014,ZUBAIR,6,6,0
2014,ZORAWAR,7,7,0
2014,ZOHAIB,6,6,0
2014,ZAYAN,16,16,0
2014,ZION,27,27,0
2014,ZEV,6,6,0
2014,ZEKE,7,7,0
2014,ZEESHAN,6,6,0
2014,ZAYYAN,10,10,0
2014,ZAYNE,16,16,0
2014,ZAYN,24,24,0
2014,ZAYDEN,34,34,0
2014,ZIAD,8,8,0
2014,VIVAAN,21,21,0
2014,YUNUS,6,6,0
2014,YOUSUF,26,26,0
2014,WILLIAM,703,703,0
2014,WILLEM,17,17,0
2014,WILL,11,11,0
2014,WESTON,75,75,0
2014,WESTLEY,13,13,0
2014,WESTIN,10,10,0
2014,WESLEY,155,155,0
2014,WILLY,6,6,0
2014,WAYNE,9,9,0
2014,WARREN,16,16,0
2014,WARIS,7,7,0
2014,WALTER,14,14,0
2014,WALLACE,11,11,0
2014,WALKER,32,32,0
2014,WALEED,7,7,0
2014,WADE,14,14,0
2014,WAYLON,12,12,0
2014,YUG,7,7,0
2014,WILSON,14,14,0
2014,WYATT,242,242,0
2014,YOUSSEF,18,18,0
2014,YOUSIF,12,12,0
2014,YOUSEF,34,34,0
2014,YOSEF,7,7,0
2014,YONATAN,7,7,0
2014,YI,7,7,0
2014,YAZAN,11,11,0
2014,WINSTON,24,24,0
2014,YASIR,8,8,0
2014,YASEEN,23,23,0
2014,YAMEN,6,6,0
2014,YAHYA,21,21,0
2014,YAAKOV,6,6,0
2014,XZAVIER,10,10,0
2014,XAVIER,230,230,0
2014,XANDER,58,58,0
2014,YASH,6,6,0
2014,ZOFIA,6,0,6
2014,STAVROS,6,6,0
2014,SOREN,7,7,0
2014,RAY,9,9,0
2014,RAPHAEL,31,31,0
2014,RAPHAËL,12,12,0
2014,RANVEER,11,11,0
2014,RANDY,7,7,0
2014,RANBIR,7,7,0
2014,RALPH,7,7,0
2014,RAYAAN,9,9,0
2014,RAIDEN,26,26,0
2014,RAFAEL,40,40,0
2014,RÉMI,11,11,0
2014,QUINTUS,7,7,0
2014,QUINTON,41,41,0
2014,QUINTIN,13,13,0
2014,QUINTEN,12,12,0
2014,QUINLAN,6,6,0
2014,RAFAY,7,7,0
2014,QUENTIN,28,28,0
2014,RAYAN,51,51,0
2014,RAYHAN,7,7,0
2014,RICKY,6,6,0
2014,RICHARD,58,58,0
2014,RICARDO,15,15,0
2014,RIAN,7,7,0
2014,RHYS,71,71,0
2014,RHETT,8,8,0
2014,REYANSH,9,9,0
2014,RAYDEN,14,14,0
2014,REX,9,9,0
2014,REMINGTON,13,13,0
2014,REILLY,8,8,0
2014,REID,119,119,0
2014,REHAN,7,7,0
2014,REED,38,38,0
2014,RAYYAN,50,50,0
2014,RAYMOND,38,38,0
2014,REUBEN,17,17,0
2014,RIO,9,9,0
2014,QASIM,8,8,0
2014,PRINCE,22,22,0
2014,OSKAR,7,7,0
2014,OSCAR,104,104,0
2014,ORSON,8,8,0
2014,ORLANDO,10,10,0
2014,ORION,16,16,0
2014,OMID,7,7,0
2014,OMER,13,13,0
2014,OSMAN,8,8,0
2014,OMARI,7,7,0
2014,OM,10,10,0
2014,OLIVIER,61,61,0
2014,OLIVER,502,502,0
2014,ODIN,36,36,0
2014,OAKLEY,19,19,0
2014,NYLE,9,9,0
2014,NOLAN,316,316,0
2014,OMAR,93,93,0
2014,QAIS,6,6,0
2014,OTIS,12,12,0
2014,OWEN,533,533,0
2014,PRESTON,103,103,0
2014,PORTER,24,24,0
2014,PIERRE,9,9,0
2014,PIERCE,25,25,0
2014,PHINEAS,6,6,0
2014,PHILLIP,22,22,0
2014,PHILIPPE,11,11,0
2014,OWAIS,8,8,0
2014,PHILIP,47,47,0
2014,PEARSON,7,7,0
2014,PAXTON,17,17,0
2014,PAUL,57,57,0
2014,PATRICK,103,103,0
2014,PASHA,8,8,0
2014,PARSA,9,9,0
2014,PAOLO,11,11,0
2014,PETER,112,112,0
2014,STANLEY,20,20,0
2014,RISHAAN,9,9,0
2014,ROBERT,120,120,0
2014,SHAHEER,8,8,0
2014,SHAAN,22,22,0
2014,SEYON,7,7,0
2014,SETH,72,72,0
2014,SERGIO,6,6,0
2014,SEBASTIEN,24,24,0
2014,SEBASTIAN,269,269,0
2014,SHANE,34,34,0
2014,SEAN,52,52,0
2014,SCOTT,33,33,0
2014,SAYED,11,11,0
2014,SAUL,6,6,0
2014,SARIM,6,6,0
2014,SANTINO,15,15,0
2014,SANTIAGO,42,42,0
2014,SANJAY,6,6,0
2014,SEAMUS,14,14,0
2014,SAMUEL,380,380,0
2014,SHAUN,7,7,0
2014,SHAWN,39,39,0
2014,SONNY,8,8,0
2014,SOLOMON,29,29,0
2014,SMITH,7,7,0
2014,SIMON,138,138,0
2014,SIMEON,7,7,0
2014,SILAS,76,76,0
2014,SIDNEY,19,19,0
2014,SHAURYA,7,7,0
2014,SIDDHARTH,9,9,0
2014,SHIVAM,7,7,0
2014,SHIV,7,7,0
2014,SHELDON,8,8,0
2014,SHAYNE,6,6,0
2014,SHAYAN,13,13,0
2014,SHAYAAN,8,8,0
2014,SHAY,6,6,0
2014,SHLOK,6,6,0
2014,RISHI,7,7,0
2014,SAMSON,10,10,0
2014,SAMI,19,19,0
2014,RUDY,12,12,0
2014,RUBEN,9,9,0
2014,ROYCE,20,20,0
2014,ROY,17,17,0
2014,ROSS,11,11,0
2014,ROSHAN,6,6,0
2014,RONIN,33,33,0
2014,RUSSELL,30,30,0
2014,RONAN,72,72,0
2014,ROMEO,26,26,0
2014,ROMAN,77,77,0
2014,ROLAND,12,12,0
2014,ROHAN,29,29,0
2014,RODERICK,6,6,0
2014,ROCKY,7,7,0
2014,ROCCO,23,23,0
2014,RONALD,16,16,0
2014,SAMIR,11,11,0
2014,RYDEN,12,12,0
2014,RYERSON,13,13,0
2014,SAMEER,7,7,0
2014,SAMARTH,7,7,0
2014,SAM,49,49,0
2014,SALMAN,9,9,0
2014,SAIF,7,7,0
2014,SAID,6,6,0
2014,SAHIL,7,7,0
2014,RYDER,166,166,0
2014,SAHIBJOT,6,6,0
2014,SACHIN,6,6,0
2014,SACHA,7,7,0
2014,SAAD,10,10,0
2014,SÉBASTIEN,24,24,0
2014,RYLAND,19,19,0
2014,RYLAN,52,52,0
2014,RYKER,111,111,0
2014,SAHIB,25,25,0
2014,ZOEYA,6,0,6
2014,ZOEY,214,0,214
2014,ZOË,39,0,39
2014,SAGE,33,7,26
2014,SAHANA,14,0,14
2014,SAHAR,10,0,10
2014,SAHARA,7,0,7
2014,SAIGE,8,0,8
2014,SAKINA,8,0,8
2014,SALLY,8,0,8
2014,SAFIYA,14,0,14
2014,SALMA,22,0,22
2014,SAMA,9,0,9
2014,SAMAIRA,10,0,10
2014,SAMANTHA,155,0,155
2014,SAMAR,22,10,12
2014,SAMARA,24,0,24
2014,SAMIA,6,0,6
2014,SAMIRA,12,0,12
2014,SALOME,6,0,6
2014,SANA,29,0,29
2014,SAFA,25,0,25
2014,SABRINA,50,0,50
2014,ROWEN,17,10,7
2014,ROWYN,8,0,8
2014,ROXANA,6,0,6
2014,ROXANNE,7,0,7
2014,RUBY,135,0,135
2014,RUTH,29,0,29
2014,RYA,10,0,10
2014,SADIE,202,0,202
2014,RYAN,460,447,13
2014,RYLEE,66,0,66
2014,RYLEIGH,46,0,46
2014,RYLEY,14,7,7
2014,RYLIE,28,0,28
2014,RYLYNN,11,0,11
2014,SAANVI,16,0,16
2014,SABINA,8,0,8
2014,RYANN,11,0,11
2014,ROWAN,138,105,33
2014,SANAYA,8,0,8
2014,SANDY,7,0,7
2014,SEHAJ,20,7,13
2014,SELAH,7,0,7
2014,SELENA,83,0,83
2014,SELENE,9,0,9
2014,SELINA,27,0,27
2014,SERAFINA,9,0,9
2014,SERAPHINA,6,0,6
2014,SEERAT,29,0,29
2014,SEREN,7,0,7
2014,SERENE,7,0,7
2014,SERENITY,59,0,59
2014,SERINA,6,0,6
2014,SHAE,6,0,6
2014,SHANAYA,26,0,26
2014,SHANIA,12,0,12
2014,SHANNON,6,0,6
2014,SERENA,91,0,91
2014,SANDRA,8,0,8
2014,SCARLETTE,12,0,12
2014,SCARLET,23,0,23
2014,SANIYA,7,0,7
2014,SANJANA,10,0,10
2014,SANVI,6,0,6
2014,SAOIRSE,9,0,9
2014,SARA,118,0,118
2014,SARAH,279,0,279
2014,SARAI,9,0,9
2014,SCARLETT,281,0,281
2014,SARENA,6,0,6
2014,SARIAH,11,0,11
2014,SARINA,14,0,14
2014,SASHA,22,0,22
2014,SAVANNA,19,0,19
2014,SAVANNAH,150,0,150
2014,SAVERA,7,0,7
2014,SAWYER,182,145,37
2014,SARGUN,8,0,8
2014,SHARON,11,0,11
2014,ROSLYN,8,0,8
2014,ROSEMARY,22,0,22
2014,PRIYA,17,0,17
2014,PYPER,8,0,8
2014,QUEENIE,7,0,7
2014,QUINN,247,74,173
2014,RACHAEL,18,0,18
2014,RACHEL,145,0,145
2014,RAEGAN,13,0,13
2014,PRISHA,6,0,6
2014,RAELYN,12,0,12
2014,RAHMA,9,0,9
2014,RAINA,12,0,12
2014,RAINE,12,0,12
2014,RANIA,19,0,19
2014,RAPHAËLLE,9,0,9
2014,RAQUEL,13,0,13
2014,RAVEN,16,0,16
2014,RAELYNN,15,0,15
2014,RAYA,28,0,28
2014,PRISCILLA,21,0,21
2014,PRESLEY,43,7,36
2014,PAYTEN,6,0,6
2014,PAYTON,80,0,80
2014,PEARL,26,0,26
2014,PENELOPE,140,0,140
2014,PENNY,14,0,14
2014,PEPPER,6,0,6
2014,PETRA,17,0,17
2014,PRINCESS,11,0,11
2014,PEYTON,165,25,140
2014,PHOEBE,40,0,40
2014,PHOENIX,57,37,20
2014,PIPER,113,0,113
2014,PIPPA,9,0,9
2014,POLINA,8,0,8
2014,POPPY,46,0,46
2014,PRECIOUS,8,0,8
2014,PHILIPPA,10,0,10
2014,ROSIE,19,0,19
2014,RAYAH,7,0,7
2014,RAYNE,14,0,14
2014,RILEY,256,123,133
2014,RILYNN,8,0,8
2014,RITA,11,0,11
2014,RIVER,102,63,39
2014,RIYA,32,0,32
2014,ROBIN,30,16,14
2014,ROBYN,22,0,22
2014,RIA,14,0,14
2014,ROMY,7,0,7
2014,ROSA,12,0,12
2014,ROSALEE,6,0,6
2014,ROSALIE,60,0,60
2014,ROSALINA,6,0,6
2014,ROSALIND,9,0,9
2014,ROSALYN,9,0,9
2014,ROSE,78,0,78
2014,RORY,67,51,16
2014,RAYNA,17,0,17
2014,RHEA,23,0,23
2014,REYA,11,0,11
2014,RAZAN,6,0,6
2014,REAGAN,30,6,24
2014,REBECCA,88,0,88
2014,REBEKAH,19,0,19
2014,REECE,21,15,6
2014,REEM,7,0,7
2014,REESE,73,7,66
2014,REYNA,11,0,11
2014,REET,24,0,24
2014,REHMAT,6,0,6
2014,REIGN,6,0,6
2014,REINA,8,0,8
2014,REMI,8,0,8
2014,REMY,29,21,8
2014,RENA,7,0,7
2014,RENEE,28,0,28
2014,REGAN,10,0,10
2014,SHAYLA,16,0,16
2014,SHAYNA,9,0,9
2014,SHEA,15,8,7
2014,VAYDA,9,0,9
2014,VEDA,9,0,9
2014,VERA,32,0,32
2014,VERONICA,59,0,59
2014,VERONIKA,14,0,14
2014,VICKI,6,0,6
2014,VICKY,8,0,8
2014,VANESSA,110,0,110
2014,VICTORIA,344,0,344
2014,VIENNA,47,0,47
2014,VIKTORIA,9,0,9
2014,VIOLA,10,0,10
2014,VIOLET,254,0,254
2014,VIOLETTA,6,0,6
2014,VIOLETTE,11,0,11
2014,VIRGINIA,7,0,7
2014,VIDA,8,0,8
2014,VIVIAN,78,0,78
2014,VALERIE,39,0,39
2014,VALENTINA,83,0,83
2014,THEODORA,7,0,7
2014,THERESA,9,0,9
2014,TIA,20,0,20
2014,TIANA,26,0,26
2014,TIANNA,9,0,9
2014,TIARA,7,0,7
2014,TIFFANY,41,0,41
2014,VALERIA,10,0,10
2014,TINA,20,0,20
2014,TRACY,8,0,8
2014,TRINITY,62,0,62
2014,TRISHA,11,0,11
2014,TRUDY,11,0,11
2014,VADA,9,0,9
2014,VAIDA,6,0,6
2014,VALENCIA,6,0,6
2014,TORI,6,0,6
2014,THEA,38,0,38
2014,VIVIANA,6,0,6
2014,VIVIENNE,63,0,63
2014,ZAHRA,81,0,81
2014,ZAHRAA,10,0,10
2014,ZAINA,14,0,14
2014,ZAINAB,60,0,60
2014,ZANIYAH,6,0,6
2014,ZARA,77,0,77
2014,ZARIA,10,0,10
2014,ZAARA,7,0,7
2014,ZARIAH,8,0,8
2014,ZAYNAB,17,0,17
2014,ZEHRA,6,0,6
2014,ZEINAB,6,0,6
2014,ZENDAYA,8,0,8
2014,ZIYA,12,0,12
2014,ZOE,232,0,232
2014,ZOÉ,43,0,43
2014,ZAYNA,7,0,7
2014,VIVIEN,9,0,9
2014,YUSRA,17,0,17
2014,YUMNA,9,0,9
2014,WANIYA,6,0,6
2014,WENDY,6,0,6
2014,WHITNEY,16,0,16
2014,WILLA,15,0,15
2014,WILLOW,79,0,79
2014,WINTER,11,0,11
2014,WREN,6,0,6
2014,YUNA,15,0,15
2014,WYNTER,11,0,11
2014,YARA,22,0,22
2014,YASMEEN,7,0,7
2014,YASMIN,24,0,24
2014,YASMINA,12,0,12
2014,YASMINE,18,0,18
2014,YOLANDA,8,0,8
2014,YU,15,8,7
2014,YANA,7,0,7
2014,THALIA,18,0,18
2014,TESSA,139,0,139
2014,TESS,12,0,12
2014,SLOAN,20,0,20
2014,SLOANE,58,0,58
2014,SOFIA,361,0,361
2014,SOFÍA,7,0,7
2014,SOFIE,23,0,23
2014,SOLEIL,12,0,12
2014,SONIA,8,0,8
2014,SKYLER,37,15,22
2014,SONYA,8,0,8
2014,SOPHIE,286,0,286
2014,SORA,6,0,6
2014,SORAYA,7,0,7
2014,SPENCER,182,165,17
2014,STELLA,160,0,160
2014,STEPHANIE,46,0,46
2014,STEVIE,8,0,8
2014,SOPHIA,613,0,613
2014,STORM,7,0,7
2014,SKYLAR,94,12,82
2014,SKYE,42,0,42
2014,SHELBY,28,0,28
2014,SHEZA,8,0,8
2014,SHILOH,25,10,15
2014,SHIRLEY,6,0,6
2014,SHREYA,16,0,16
2014,SHYLA,9,0,9
2014,SIA,8,0,8
2014,SKYLA,19,0,19
2014,SIENA,27,0,27
2014,SIERRA,76,0,76
2014,SILVER,8,0,8
2014,SIMAR,7,0,7
2014,SIMONA,14,0,14
2014,SIMONE,29,0,29
2014,SIMRAN,8,0,8
2014,SKY,6,0,6
2014,SIENNA,118,0,118
2014,SUKHMANI,7,0,7
2014,SUMAYA,12,0,12
2014,SUMAYAH,6,0,6
2014,TANYA,11,0,11
2014,TARA,23,0,23
2014,TARYN,15,0,15
2014,TASNEEM,7,0,7
2014,TATIANA,12,0,12
2014,TATUM,23,13,10
2014,TAYA,11,0,11
2014,TANVI,12,0,12
2014,TAYLOR,141,19,122
2014,TEAH,6,0,6
2014,TEGAN,26,0,26
2014,TEMPERANCE,7,0,7
2014,TENLEY,15,0,15
2014,TENZIN,16,10,6
2014,TEODORA,6,0,6
2014,TERESA,14,0,14
2014,TEAGAN,41,0,41
2014,TANISHA,9,0,9
2014,TAMARA,14,0,14
2014,TALYA,6,0,6
2014,SUMAYYAH,6,0,6
2014,SUMMER,81,0,81
2014,SUSAN,9,0,9
2014,SUSANA,6,0,6
2014,SUSANNA,9,0,9
2014,SUSANNAH,6,0,6
2014,SUSIE,19,0,19
2014,SUTTON,8,0,8
2014,SYDNEY,126,8,118
2014,SYEDA,19,0,19
2014,SYLVIA,19,0,19
2014,SYLVIE,9,0,9
2014,TAHLIA,8,0,8
2014,TALA,17,0,17
2014,TALEEN,9,0,9
2014,TALIA,72,0,72
2014,TALIYAH,11,0,11
2014,EVERLEY,19,0,19
2014,EVERLEIGH,31,0,31
2014,NAYA,40,0,40
2014,EVELYNE,10,0,10
2014,JAXSON,202,202,0
2014,JAXTON,13,13,0
2014,JAXX,8,8,0
2014,JAXXON,15,15,0
2014,JAY,14,14,0
2014,JAYCE,67,67,0
2014,JAYCOB,8,8,0
2014,JAXON,284,284,0
2014,JAYLEN,20,20,0
2014,JAZIAH,6,6,0
2014,JEAN,10,10,0
2014,JEEVAN,9,9,0
2014,JEFFERY,10,10,0
2014,JEFFREY,33,33,0
2014,JENSEN,27,27,0
2014,JEREMIAH,96,96,0
2014,JAYSON,11,11,0
2014,JEREMY,101,101,0
2014,JAXEN,19,19,0
2014,JAWAD,7,7,0
2014,JAKOB,53,53,0
2014,JAKUB,12,12,0
2014,JALEN,17,17,0
2014,JAMAL,13,13,0
2014,JAMES,525,525,0
2014,JAMESON,29,29,0
2014,JAMIESON,6,6,0
2014,JAX,60,60,0
2014,JAMISON,6,6,0
2014,JASE,99,99,0
2014,JASHAN,6,6,0
2014,JASIAH,6,6,0
2014,JASON,146,146,0
2014,JASPER,90,90,0
2014,JASRAJ,9,9,0
2014,JAVIER,13,13,0
2014,JARED,30,30,0
2014,JAKE,126,126,0
2014,JERMAINE,8,8,0
2014,JERRY,19,19,0
2014,JOSEF,8,8,0
2014,JOSEPH,294,294,0
2014,JOSH,14,14,0
2014,JOSHUA,392,392,0
2014,JOSIAH,94,94,0
2014,JOVAN,16,16,0
2014,JOZIAH,9,9,0
2014,JOSE,12,12,0
2014,JUAN,13,13,0
2014,JULIAN,216,216,0
2014,JULIANO,10,10,0
2014,JULIEN,30,30,0
2014,JULIUS,20,20,0
2014,JUSTIN,130,130,0
2014,KABIR,19,19,0
2014,KADE,17,17,0
2014,JUDAH,46,46,0
2014,JEROME,15,15,0
2014,JORGE,9,9,0
2014,JONATHAN,222,222,0
2014,JESSE,85,85,0
2014,JETHRO,10,10,0
2014,JETT,20,20,0
2014,JIMMY,7,7,0
2014,JOAQUIN,12,12,0
2014,JOE,8,8,0
2014,JOEL,63,63,0
2014,JORDON,6,6,0
2014,JOEY,21,21,0
2014,JOHANN,8,8,0
2014,JOHN,256,256,0
2014,JOHNATHAN,26,26,0
2014,JOHNNY,32,32,0
2014,JON,7,7,0
2014,JONAH,102,102,0
2014,JONAS,13,13,0
2014,JOHAN,25,25,0
2014,KADEN,71,71,0
2014,JAIVEER,9,9,0
2014,JAI,10,10,0
2014,HASHIM,6,6,0
2014,HASHIR,8,8,0
2014,HASSAN,42,42,0
2014,HEATH,14,14,0
2014,HEINRICH,8,8,0
2014,HENDRIK,6,6,0
2014,HENDRIX,17,17,0
2014,HASAN,29,29,0
2014,HENRI,20,20,0
2014,HENRY,300,300,0
2014,HEZEKIAH,6,6,0
2014,HIMMAT,10,10,0
2014,HOLDEN,72,72,0
2014,HOWARD,6,6,0
2014,HUDSON,367,367,0
2014,HUGH,25,25,0
2014,HENRIK,20,20,0
2014,HUGO,48,48,0
2014,HARVIR,9,9,0
2014,HARSHAAN,6,6,0
2014,HADI,22,22,0
2014,HAIDAR,6,6,0
2014,HAIDEN,7,7,0
2014,HAIDER,9,9,0
2014,HAMZA,64,64,0
2014,HAMZAH,8,8,0
2014,HANK,10,10,0
2014,HARVEY,30,30,0
2014,HAO,10,10,0
2014,HARLAN,7,7,0
2014,HARMAN,13,13,0
2014,HAROLD,7,7,0
2014,HAROON,11,11,0
2014,HARRIS,13,13,0
2014,HARRISON,162,162,0
2014,HARRY,23,23,0
2014,HARIS,6,6,0
2014,JAIDEN,40,40,0
2014,HUMZA,11,11,0
2014,HUSSEIN,16,16,0
2014,ISSA,15,15,0
2014,ISSAC,11,11,0
2014,IVAN,57,57,0
2014,IZAAN,8,8,0
2014,IZAIAH,13,13,0
2014,JÉRÉMIE,7,7,0
2014,JÉRÉMY,6,6,0
2014,ISRAEL,16,16,0
2014,JACE,155,155,0
2014,JACKSON,484,484,0
2014,JACOB,698,698,0
2014,JACOBY,6,6,0
2014,JAD,21,21,0
2014,JADEN,65,65,0
2014,JADON,6,6,0
2014,JAGGER,7,7,0
2014,JACK,541,541,0
2014,HUSSAIN,18,18,0
2014,ISMAIL,12,12,0
2014,ISMAEEL,6,6,0
2014,HUXLEY,17,17,0
2014,HUZAIFA,11,11,0
2014,IAN,106,106,0
2014,IBRAHEEM,12,12,0
2014,IBRAHIM,107,107,0
2014,IDRIS,18,18,0
2014,ILYA,6,6,0
2014,ISMAEL,8,8,0
2014,ILYAS,14,14,0
2014,IMRAN,17,17,0
2014,ISA,19,19,0
2014,ISAAC,307,307,0
2014,ISAAK,13,13,0
2014,ISAIAH,160,160,0
2014,ISHAAN,16,16,0
2014,ISHAN,11,11,0
2014,IMMANUEL,9,9,0
2014,GUY,6,6,0
2014,KAEDEN,9,9,0
2014,KAI,127,127,0
2014,LEONIDAS,17,17,0
2014,LEV,14,14,0
2014,LEVI,194,194,0
2014,LEVON,8,8,0
2014,LEWIS,29,29,0
2014,LEX,8,8,0
2014,LIAM,831,831,0
2014,LEONARDO,86,86,0
2014,LINCOLN,275,275,0
2014,LINKIN,7,7,0
2014,LIONEL,12,12,0
2014,LLOYD,8,8,0
2014,LO¤C,20,20,0
2014,LOCHLAN,55,55,0
2014,LORENZO,44,44,0
2014,LOUIE,11,11,0
2014,LINDEN,16,16,0
2014,LOUIS,40,40,0
2014,LEONARD,15,15,0
2014,LEO,174,174,0
2014,LAITH,11,11,0
2014,LANCE,12,12,0
2014,LANDEN,29,29,0
2014,LANDON,172,172,0
2014,LANDYN,23,23,0
2014,LANE,14,14,0
2014,LARRY,6,6,0
2014,LEON,32,32,0
2014,LAWRENCE,16,16,0
2014,LAYNE,10,10,0
2014,LAYTON,11,11,0
2014,LAZAR,6,6,0
2014,LEANDRO,17,17,0
2014,LEE,7,7,0
2014,LEIF,17,17,0
2014,LELAND,20,20,0
2014,LAWSON,11,11,0
2014,LACHLAN,54,54,0
2014,LUC,15,15,0
2014,LUCAS,696,696,0
2014,MAHER,6,6,0
2014,MAHIR,7,7,0
2014,MAHMOUD,6,6,0
2014,MAKAI,9,9,0
2014,MAKSIM,24,24,0
2014,MAKSYM,8,8,0
2014,MALACHI,46,46,0
2014,MAHDI,16,16,0
2014,MALAKAI,22,22,0
2014,MALCOLM,75,75,0
2014,MALEK,11,11,0
2014,MALIK,47,47,0
2014,MANRAJ,10,10,0
2014,MANUEL,11,11,0
2014,MARC,21,21,0
2014,MARCEL,14,14,0
2014,MALAKI,6,6,0
2014,LUCA,195,195,0
2014,MAHAD,6,6,0
2014,MADHAV,7,7,0
2014,LUCCA,7,7,0
2014,LUCIAN,13,13,0
2014,LUCIANO,12,12,0
2014,LUCIEN,13,13,0
2014,LUCIUS,7,7,0
2014,LUIS,15,15,0
2014,LUKA,64,64,0
2014,MAGNUS,14,14,0
2014,LUKAS,102,102,0
2014,LYLE,8,8,0
2014,LYNDEN,6,6,0
2014,MÉDÉRIC,6,6,0
2014,MACK,8,8,0
2014,MADDEN,23,23,0
2014,MADDEX,9,9,0
2014,MADDOX,47,47,0
2014,LUKE,271,271,0
2014,KAEL,6,6,0
2014,LÉO,23,23,0
2014,KYLER,17,17,0
2014,KAYSEN,9,9,0
2014,KAYSON,9,9,0
2014,KEAGAN,11,11,0
2014,KEATON,31,31,0
2014,KEEGAN,64,64,0
2014,KEENAN,22,22,0
2014,KEIRAN,6,6,0
2014,KAVIN,12,12,0
2014,KEITH,24,24,0
2014,KELLEN,7,7,0
2014,KELVIN,14,14,0
2014,KENAN,11,11,0
2014,KENDRICK,21,21,0
2014,KENJI,7,7,0
2014,KENNETH,34,34,0
2014,KENTON,10,10,0
2014,KELLAN,17,17,0
2014,KEON,9,9,0
2014,KASON,13,13,0
2014,KASE,7,7,0
2014,KAIDEN,75,75,0
2014,KAIUS,9,9,0
2014,KALE,13,13,0
2014,KALEB,84,84,0
2014,KALEN,8,8,0
2014,KAMDEN,6,6,0
2014,KAMERON,10,10,0
2014,KASH,9,9,0
2014,KAMRAN,11,11,0
2014,KARAM,8,8,0
2014,KARAN,7,7,0
2014,KAREEM,18,18,0
2014,KARIM,26,26,0
2014,KARL,6,6,0
2014,KARSON,39,39,0
2014,KARTER,27,27,0
2014,KANE,39,39,0
2014,KYMANI,6,6,0
2014,KESHAV,8,8,0
2014,KHAI,8,8,0
2014,KOLE,8,8,0
2014,KOLTEN,11,11,0
2014,KOLTON,18,18,0
2014,KONNOR,7,7,0
2014,KONRAD,6,6,0
2014,KORBIN,7,7,0
2014,KOSTA,8,8,0
2014,KOLBY,15,15,0
2014,KRISH,25,25,0
2014,KRISHNA,6,6,0
2014,KRISTIAN,13,13,0
2014,KRUZ,7,7,0
2014,KURTIS,11,11,0
2014,KYAN,10,10,0
2014,KYE,6,6,0
2014,KYLE,124,124,0
2014,KRISHIV,7,7,0
2014,KEVIN,94,94,0
2014,KOHL,6,6,0
2014,KOEN,10,10,0
2014,KHALED,13,13,0
2014,KHALID,19,19,0
2014,KIAAN,7,7,0
2014,KIAN,74,74,0
2014,KIERAN,56,56,0
2014,KILLIAN,9,9,0
2014,KIMI,11,11,0
2014,KOHEN,26,26,0
2014,KING,16,16,0
2014,KINGSTON,55,55,0
2014,KIRAN,12,12,0
2014,KIRK,6,6,0
2014,KIYAN,11,11,0
2014,KNOX,27,27,0
2014,KOBE,13,13,0
2014,KODY,6,6,0
2014,KINGSLEY,29,29,0
2014,GUS,7,7,0
2014,GURSHAN,10,10,0
2014,GURSHAAN,12,12,0
2014,CLAYTON,31,31,0
2014,CLINTON,7,7,0
2014,CLIVE,6,6,0
2014,CLYDE,8,8,0
2014,COBY,6,6,0
2014,CODY,47,47,0
2014,COEN,17,17,0
2014,CLARKSON,6,6,0
2014,COHEN,100,100,0
2014,COLE,208,208,0
2014,COLIN,106,106,0
2014,COLLIN,18,18,0
2014,COLSON,9,9,0
2014,COLT,11,11,0
2014,COLTEN,18,18,0
2014,COLTON,259,259,0
2014,COLBY,35,35,0
2014,CONNER,32,32,0
2014,CLARKE,13,13,0
2014,CILLIAN,7,7,0
2014,CAYDEN,48,48,0
2014,CEDRIC,12,12,0
2014,CHACE,6,6,0
2014,CHAD,15,15,0
2014,CHANCE,21,21,0
2014,CHARBEL,8,8,0
2014,CHARLES,247,247,0
2014,CLARK,67,67,0
2014,CHASE,213,213,0
2014,CHAYTON,8,8,0
2014,CHESTER,8,8,0
2014,CHRIS,25,25,0
2014,CHRISTIAN,205,205,0
2014,CHRISTOPHER,143,143,0
2014,CHRISTOS,7,7,0
2014,CIAN,15,15,0
2014,CHAYSE,7,7,0
2014,CASTIEL,6,6,0
2014,CONNOR,289,289,0
2014,CONRAD,6,6,0
2014,DANIEL,500,500,0
2014,DANIYAL,13,13,0
2014,DANNY,19,19,0
2014,DANTÉ,6,6,0
2014,DANTE,97,97,0
2014,DARIAN,8,8,0
2014,DARIEN,10,10,0
2014,DANE,8,8,0
2014,DARIO,16,16,0
2014,DARREN,41,41,0
2014,DARWIN,7,7,0
2014,DASTAN,7,7,0
2014,DAVID,309,309,0
2014,DAVIN,11,11,0
2014,DAVIS,24,24,0
2014,DAWSON,54,54,0
2014,DARIUS,35,35,0
2014,CONOR,22,22,0
2014,DAN,7,7,0
2014,DAMION,6,6,0
2014,COOPER,134,134,0
2014,CORBIN,37,37,0
2014,COREY,17,17,0
2014,CRISTIAN,30,30,0
2014,CRISTIANO,24,24,0
2014,CROSBY,11,11,0
2014,CRUZ,34,34,0
2014,DAMON,40,40,0
2014,CULLEN,10,10,0
2014,CY,6,6,0
2014,CYRUS,30,30,0
2014,DALE,7,7,0
2014,DALLAS,47,47,0
2014,DALTON,11,11,0
2014,DAMIAN,68,68,0
2014,DAMIEN,73,73,0
2014,CURTIS,34,34,0
2014,DAX,24,24,0
2014,CASSIUS,12,12,0
2014,CARSON,172,172,0
2014,BOSCO,6,6,0
2014,BOSTON,11,11,0
2014,BOWEN,13,13,0
2014,BRADEN,17,17,0
2014,BRADLEY,63,63,0
2014,BRADY,71,71,0
2014,BRAEDEN,12,12,0
2014,BORIS,7,7,0
2014,BRANDEN,6,6,0
2014,BRANTLEY,30,30,0
2014,BRAXTON,30,30,0
2014,BRAYDEN,211,211,0
2014,BRAYDON,11,11,0
2014,BRAYLEN,7,7,0
2014,BRENDAN,32,32,0
2014,BRENNAN,23,23,0
2014,BRANDON,93,93,0
2014,BRENNEN,6,6,0
2014,BODHI,15,15,0
2014,BLAINE,7,7,0
2014,AZLAN,7,7,0
2014,BARON,6,6,0
2014,BARRETT,13,13,0
2014,BASIL,6,6,0
2014,BEAU,50,50,0
2014,BECKETT,48,48,0
2014,BECKHAM,10,10,0
2014,BO,6,6,0
2014,BEN,40,40,0
2014,BENJAMIN,717,717,0
2014,BENNETT,123,123,0
2014,BENNY,8,8,0
2014,BENOIT,8,8,0
2014,BENSON,26,26,0
2014,BERNARD,7,7,0
2014,BILAL,35,35,0
2014,BENEDICT,8,8,0
2014,CASH,25,25,0
2014,BRENT,11,11,0
2014,BRIAN,55,55,0
2014,CAIRO,6,6,0
2014,CAIUS,6,6,0
2014,CALE,6,6,0
2014,CALEB,309,309,0
2014,CALLAN,23,23,0
2014,CALLEN,17,17,0
2014,CALLUM,100,100,0
2014,CAIDEN,27,27,0
2014,CALUM,7,7,0
2014,CAMDEN,60,60,0
2014,CAMILO,10,10,0
2014,CARL,14,14,0
2014,CARLO,6,6,0
2014,CARLOS,31,31,0
2014,CARMELO,8,8,0
2014,CARSEN,6,6,0
2014,CALVIN,78,78,0
2014,BRETT,18,18,0
2014,CAELAN,7,7,0
2014,CAEDEN,13,13,0
2014,BROCK,35,35,0
2014,BRODIE,33,33,0
2014,BRODY,161,161,0
2014,BRONSON,23,23,0
2014,BROOKS,16,16,0
2014,BRUCE,30,30,0
2014,BRUNO,11,11,0
2014,CAEL,6,6,0
2014,BRYAN,39,39,0
2014,BRYDEN,7,7,0
2014,BRYSEN,11,11,0
2014,BRYSON,82,82,0
2014,BYRON,11,11,0
2014,CÉDRIC,15,15,0
2014,CADE,14,14,0
2014,CADEN,39,39,0
2014,BRYCEN,19,19,0
2014,DAXTON,27,27,0
2014,DAYTON,8,8,0
2014,DEACON,28,28,0
2014,FLYNN,17,17,0
2014,FOREST,6,6,0
2014,FORREST,12,12,0
2014,FOSTER,12,12,0
2014,FOX,11,11,0
2014,FRANCESCO,35,35,0
2014,FRANCIS,39,39,0
2014,FLETCHER,21,21,0
2014,FRANCISCO,6,6,0
2014,FRANK,31,31,0
2014,FRANKLIN,8,8,0
2014,FRASER,8,8,0
2014,FREDERICK,47,47,0
2014,FREDRICK,6,6,0
2014,FYNN,11,11,0
2014,GABE,6,6,0
2014,FRANCO,8,8,0
2014,GABRIEL,383,383,0
2014,FISHER,10,10,0
2014,FINNIAN,9,9,0
2014,EWAN,44,44,0
2014,EYAD,9,9,0
2014,EZEKIEL,34,34,0
2014,EZRA,79,79,0
2014,FÉLIX,43,43,0
2014,FAHAD,10,10,0
2014,FAISAL,19,19,0
2014,FINNIGAN,9,9,0
2014,FARHAN,8,8,0
2014,FATEH,9,9,0
2014,FELIX,128,128,0
2014,FERGUS,9,9,0
2014,FILIP,14,14,0
2014,FINLAY,15,15,0
2014,FINN,85,85,0
2014,FINNEGAN,21,21,0
2014,FARIS,19,19,0
2014,EVERETT,85,85,0
2014,GABRIELE,6,6,0
2014,GALEN,6,6,0
2014,GRAHAM,34,34,0
2014,GRANT,39,39,0
2014,GRAYDEN,9,9,0
2014,GRAYDON,12,12,0
2014,GRAYSEN,8,8,0
2014,GRAYSON,297,297,0
2014,GREGORY,21,21,0
2014,GRAEME,14,14,0
2014,GREYSEN,7,7,0
2014,GRIFFIN,100,100,0
2014,GRYPHON,8,8,0
2014,EVELYNN,17,0,17
2014,GUNNAR,7,7,0
2014,GUNNER,10,10,0
2014,GURFATEH,12,12,0
2014,GURMAN,13,13,0
2014,GREYSON,105,105,0
2014,GAGE,28,28,0
2014,GRADY,23,23,0
2014,GIUSEPPE,22,22,0
2014,GARRETT,16,16,0
2014,GAVIN,224,224,0
2014,GAVYN,10,10,0
2014,GEORGE,154,154,0
2014,GERALD,9,9,0
2014,GERARD,6,6,0
2014,GIACOMO,7,7,0
2014,GORDON,21,21,0
2014,GIANCARLO,6,6,0
2014,GIANMARCO,6,6,0
2014,GIBSON,8,8,0
2014,GIDEON,25,25,0
2014,GILBERT,9,9,0
2014,GIORGIO,6,6,0
2014,GIOVANNI,23,23,0
2014,GIULIANO,12,12,0
2014,GIANLUCA,30,30,0
2014,EVANDER,13,13,0
2014,EVAN,349,349,0
2014,EUGENE,15,15,0
2014,DIMITRI,13,13,0
2014,DION,8,8,0
2014,DOMENIC,18,18,0
2014,DOMENICO,7,7,0
2014,DOMINIC,181,181,0
2014,DOMINICK,18,18,0
2014,DOMINIK,25,25,0
2014,DILLON,15,15,0
2014,DONALD,11,11,0
2014,DORIAN,11,11,0
2014,DOUGLAS,27,27,0
2014,DRAKE,8,8,0
2014,DUKE,8,8,0
2014,DUNCAN,28,28,0
2014,DUSTIN,20,20,0
2014,DYSON,6,6,0
2014,DONOVAN,19,19,0
2014,EAMON,8,8,0
2014,DILLAN,6,6,0
2014,DHYAN,7,7,0
2014,DEAN,54,54,0
2014,DECLAN,168,168,0
2014,DEEGAN,9,9,0
2014,DEEN,8,8,0
2014,DENIS,8,8,0
2014,DENNIS,14,14,0
2014,DENVER,16,16,0
2014,DIEGO,17,17,0
2014,DENZEL,9,9,0
2014,DERRICK,11,11,0
2014,DESMOND,46,46,0
2014,DEV,11,11,0
2014,DEVEN,6,6,0
2014,DEVIN,30,30,0
2014,DEXTER,26,26,0
2014,DHRUV,20,20,0
2014,DEREK,44,44,0
2014,EASON,8,8,0
2014,EASTON,120,120,0
2014,EDDIE,8,8,0
2014,EMILIO,24,24,0
2014,EMMANUEL,49,49,0
2014,EMMET,11,11,0
2014,EMMETT,230,230,0
2014,EMMITT,15,15,0
2014,ENOCH,14,14,0
2014,ENZO,34,34,0
2014,EMILIANO,7,7,0
2014,EPHRAIM,6,6,0
2014,ERIK,35,35,0
2014,ERNEST,6,6,0
2014,ESA,6,6,0
2014,ESHAAN,7,7,0
2014,ESHAN,7,7,0
2014,ESTEBAN,8,8,0
2014,ETHAN,740,740,0
2014,ERIC,150,150,0
2014,EMILE,6,6,0
2014,EMIL,9,9,0
2014,EMANUEL,10,10,0
2014,EDDY,10,10,0
2014,EDGAR,10,10,0
2014,EDISON,18,18,0
2014,EDMUND,9,9,0
2014,EDWARD,105,105,0
2014,EDWIN,33,33,0
2014,EESA,20,20,0
2014,EHSAN,6,6,0
2014,ELAN,6,6,0
2014,ELI,172,172,0
2014,ELIAS,78,78,0
2014,ELIJAH,254,254,0
2014,ELIO,7,7,0
2014,ELIOT,13,13,0
2014,ELIOTT,7,7,0
2014,ELVIN,8,8,0
2014,ELVIS,7,7,0
2014,MARCELLO,11,11,0
2014,MARCO,55,55,0
2014,KEYA,8,0,8
2014,MARCUS,194,194,0
2014,DOROTHY,12,0,12
2014,DORIS,10,0,10
2014,DORCAS,8,0,8
2014,DORA,7,0,7
2014,DOMINIQUE,6,0,6
2014,DIYA,22,0,22
2014,DIVYA,7,0,7
2014,DREW,53,43,10
2014,DINA,11,0,11
2014,DIAMOND,11,0,11
2014,DIA,7,0,7
2014,DEVON,25,16,9
2014,DESTINY,32,0,32
2014,DESTINEE,8,0,8
2014,DESIREE,9,0,9
2014,DEMI,6,0,6
2014,DIANA,39,0,39
2014,DELPHINE,8,0,8
2014,DUA,8,0,8
2014,EDEN,94,16,78
2014,ELIANA,76,0,76
2014,ELIA,7,0,7
2014,ELENI,15,0,15
2014,ELENA,112,0,112
2014,ELEANOR,105,0,105
2014,ELAINE,18,0,18
2014,ELAINA,31,0,31
2014,DYLAN,311,285,26
2014,ELA,15,0,15
2014,EKAM,18,9,9
2014,EIRA,6,0,6
2014,EILEEN,21,0,21
2014,EILA,6,0,6
2014,EESHA,6,0,6
2014,EDITH,20,0,20
2014,EDIE,12,0,12
2014,EKNOOR,8,0,8
2014,ELIANNA,18,0,18
2014,DELINA,6,0,6
2014,DELIA,12,0,12
2014,CRYSTAL,15,0,15
2014,COURTNEY,11,0,11
2014,COSETTE,6,0,6
2014,CORINNE,8,0,8
2014,CORDELIA,8,0,8
2014,CORALINE,7,0,7
2014,CORALIE,12,0,12
2014,CYNTHIA,28,0,28
2014,CORA,45,0,45
2014,CONNIE,6,0,6
2014,COLETTE,8,0,8
2014,COLBIE,9,0,9
2014,COCO,6,0,6
2014,CLOVER,7,0,7
2014,CLEMENTINE,9,0,9
2014,CLAUDIA,21,0,21
2014,CONSTANCE,10,0,10
2014,DELILAH,53,0,53
2014,CYRINE,6,0,6
2014,DAISY,25,0,25
2014,DELANEY,13,0,13
2014,DEBORAH,8,0,8
2014,DEANNA,6,0,6
2014,DAVINA,15,0,15
2014,DARIA,15,0,15
2014,DARCY,17,11,6
2014,DAPHNE,33,0,33
2014,DAHLIA,27,0,27
2014,DANIKA,45,0,45
2014,DANIELLA,53,0,53
2014,DANIELA,36,0,36
2014,DANICA,60,0,60
2014,DANIA,8,0,8
2014,DANA,20,0,20
2014,DALIA,23,0,23
2014,DAKOTA,29,12,17
2014,DANIELLE,45,0,45
2014,CLARISSA,10,0,10
2014,ELIF,6,0,6
2014,ELINA,16,0,16
2014,ERICA,34,0,34
2014,EMMY,16,0,16
2014,EMMI,6,0,6
2014,EMMERSON,11,0,11
2014,EMMELINE,13,0,13
2014,EMME,6,0,6
2014,EMMANUELLE,14,0,14
2014,ERIKA,23,0,23
2014,EMMANUELLA,10,0,10
2014,EMMALINE,8,0,8
2014,EMMA,878,0,878
2014,EMILY,563,0,563
2014,ÉMILIE,21,0,21
2014,EMILIE,26,0,26
2014,EMILIANA,6,0,6
2014,EMILIA,104,0,104
2014,EMMALYN,7,0,7
2014,EMERY,56,15,41
2014,ERIN,39,0,39
2014,ESHAAL,22,0,22
2014,AUBRIE,17,0,17
2014,AUDREY,327,0,327
2014,AUDRINA,23,0,23
2014,EVELYN,310,0,310
2014,EVELINE,6,0,6
2014,EVELINA,12,0,12
2014,ÈVE,8,0,8
2014,ESHA,7,0,7
2014,EVE,37,0,37
2014,EVA,214,0,214
2014,EUNICE,14,0,14
2014,ESTHER,40,0,40
2014,ESTELLE,16,0,16
2014,ESMÉ,8,0,8
2014,ESME,16,0,16
2014,ESHAL,14,0,14
2014,EVANGELINE,50,0,50
2014,ELIN,12,0,12
2014,EMERSYN,20,0,20
2014,EMERALD,7,0,7
2014,ELLIE,162,0,162
2014,ELLIANA,13,0,13
2014,ELLIA,6,0,6
2014,ELLERY,7,0,7
2014,ELLEN,19,0,19
2014,ELLE,36,0,36
2014,ELLA,420,0,420
2014,ELLIOT,121,98,23
2014,ELIZABETH,274,0,274
2014,ELISSA,17,0,17
2014,ELISHA,10,0,10
2014,ÉLISE,7,0,7
2014,ELISE,73,0,73
2014,ELISABETH,24,0,24
2014,ELISA,21,0,21
2014,ELINOR,8,0,8
2014,ELIZA,40,0,40
2014,EMERSON,125,100,25
2014,ELLIOTT,107,94,13
2014,ELLY,8,0,8
2014,EMELIA,12,0,12
2014,EMBER,12,0,12
2014,EMAN,6,0,6
2014,EMAAN,18,0,18
2014,EMA,15,0,15
2014,ELYSSA,8,0,8
2014,ELYSIA,6,0,6
2014,ELLIS,48,35,13
2014,ELYSE,37,0,37
2014,ELSIE,42,0,42
2014,ELSA,77,0,77
2014,ELORA,19,0,19
2014,ÉLOÏSE,9,0,9
2014,ELOISE,35,0,35
2014,ÉLODIE,7,0,7
2014,ELODIE,16,0,16
2014,ELYANA,9,0,9
2014,AUBREY,199,0,199
2014,CLARE,14,0,14
2014,CLAIRE,288,0,288
2014,BONNIE,6,0,6
2014,BLYTHE,16,0,16
2014,BLAKELY,14,0,14
2014,BLAKE,291,260,31
2014,BLAIRE,13,0,13
2014,BLAIR,24,6,18
2014,BIANKA,7,0,7
2014,BRAELYN,15,0,15
2014,BIANCA,58,0,58
2014,BETHANY,33,0,33
2014,BENTLEY,163,155,8
2014,AUGUST,40,31,9
2014,BELLA,74,0,74
2014,BEATRIZ,6,0,6
2014,BEATRIX,15,0,15
2014,BÉATRICE,8,0,8
2014,BETTY,9,0,9
2014,BEATRICE,49,0,49
2014,BRAELYNN,11,0,11
2014,BREANNA,19,0,19
2014,BROOKLYNN,57,0,57
2014,BROOKLYN,235,0,235
2014,BROOKE,111,0,111
2014,BRONWYN,14,0,14
2014,BRITTNEY,8,0,8
2014,BRITTANY,9,0,9
2014,BRINLEY,30,0,30
2014,BREA,6,0,6
2014,BRIELLE,79,0,79
2014,BRIDGET,25,0,25
2014,BRIAR,37,0,37
2014,BRIANNA,84,0,84
2014,BRIANA,14,0,14
2014,BRIA,31,0,31
2014,BRENNA,10,0,10
2014,BREE,11,0,11
2014,BRIELLA,23,0,23
2014,BRYCE,86,79,7
2014,BAYLEE,7,0,7
2014,BAILEY,49,9,40
2014,AVIANA,8,0,8
2014,AVIA,9,0,9
2014,AVERY,565,92,473
2014,AVERIE,30,0,30
2014,AVELYN,9,0,9
2014,AVAYA,11,0,11
2014,AVANI,15,0,15
2014,AVLEEN,10,0,10
2014,AVA-LYNN,6,0,6
2014,AVALINA,6,0,6
2014,AVAH,16,0,16
2014,AVA,650,0,650
2014,AUTUMN,121,0,121
2014,AURORA,91,0,91
2014,AURELIA,12,0,12
2014,MARCOS,7,7,0
2014,AVALYN,11,0,11
2014,BARBARA,8,0,8
2014,AVNEET,10,0,10
2014,AVNOOR,7,0,7
2014,BAILEE,7,0,7
2014,BABY,25,19,6
2014,AZALEA,12,0,12
2014,AYZA,9,0,9
2014,AYVA,11,0,11
2014,AYSHA,8,0,8
2014,AYRA,16,0,16
2014,AVNI,10,0,10
2014,AYLIN,9,0,9
2014,AYESHA,32,0,32
2014,AYAT,14,0,14
2014,AYANNA,7,0,7
2014,AYANA,21,0,21
2014,AYAH,21,0,21
2014,AYA,28,0,28
2014,AVRIL,9,0,9
2014,AYLA,70,0,70
2014,CLARA,199,0,199
2014,BRYNLEE,41,0,41
2014,BRYNN,42,0,42
2014,CHARLENE,7,0,7
2014,CHARLEIGH,20,0,20
2014,CHARLEE,30,0,30
2014,CHANTELLE,14,0,14
2014,CHANEL,12,0,12
2014,CELINE,31,0,31
2014,CELINA,21,0,21
2014,CHARLEY,25,7,18
2014,CELIA,12,0,12
2014,CECILY,8,0,8
2014,CECILIA,41,0,41
2014,CECELIA,9,0,9
2014,CAYLEIGH,7,0,7
2014,CAYLA,7,0,7
2014,CATTLEYA,6,0,6
2014,CATHY,6,0,6
2014,CELESTE,25,0,25
2014,CATHERINE,79,0,79
2014,CHARLIE,231,143,88
2014,CHARLOTTE,578,0,578
2014,CLAIRA,12,0,12
2014,CLAIR,6,0,6
2014,CINDY,16,0,16
2014,CIARA,29,0,29
2014,CHRISTINE,25,0,25
2014,CHRISTINA,46,0,46
2014,CHLOË,13,0,13
2014,CHARLIZE,17,0,17
2014,CHLOÉ,58,0,58
2014,CHIARA,28,0,28
2014,CHEYENNE,15,0,15
2014,CHEYANNE,7,0,7
2014,CHERYL,6,0,6
2014,CHELSEY,10,0,10
2014,CHELSEA,99,0,99
2014,CHAYA,12,0,12
2014,CHLOE,491,0,491
2014,BRYNLEY,9,0,9
2014,CATARINA,7,0,7
2014,CATALEYA,12,0,12
2014,CAMRYN,27,0,27
2014,CAMILLE,33,0,33
2014,CAMILLA,26,0,26
2014,CAMILA,28,0,28
2014,CAMERON,263,253,10
2014,CALLISTA,6,0,6
2014,CALLIE,72,0,72
2014,CANDICE,8,0,8
2014,CALLA,13,0,13
2014,CALI,36,0,36
2014,CALEIGH,10,0,10
2014,CAITLYN,22,0,22
2014,CAITLIN,27,0,27
2014,CAELYN,7,0,7
2014,CADENCE,40,0,40
2014,BUSHRA,6,0,6
2014,CALISTA,9,0,9
2014,CATALINA,18,0,18
2014,CARA,43,0,43
2014,CARISSA,8,0,8
2014,CASSIE,9,0,9
2014,CASSIDY,37,0,37
2014,CASSIA,7,0,7
2014,CASSANDRA,59,0,59
2014,CASEY,39,23,16
2014,CARYS,16,0,16
2014,CARTER,465,458,7
2014,CARINA,19,0,19
2014,CAROLYN,6,0,6
2014,CAROLINA,11,0,11
2014,CAROL,6,0,6
2014,CARMEN,16,0,16
2014,CARLY,25,0,25
2014,CARLEY,7,0,7
2014,CARLEIGH,7,0,7
2014,CARLEE,6,0,6
2014,CAROLINE,39,0,39
2014,AUBREE,115,0,115
2014,CARLA,10,0,10
2014,ASTRID,11,0,11
2014,NIKOLAOS,8,8,0
2014,NIKOLAS,31,31,0
2014,NILE,6,6,0
2014,NIMA,7,7,0
2014,NIXON,46,46,0
2014,NOAM,8,8,0
2014,AADHYA,12,0,12
2014,NIKOLAI,12,12,0
2014,AALIYA,11,0,11
2014,AAMINAH,7,0,7
2014,AAMNA,6,0,6
2014,AANYA,22,0,22
2014,AARNA,16,0,16
2014,AARYA,25,0,25
2014,ABBEY,16,0,16
2014,ABBIE,9,0,9
2014,AALIYAH,99,0,99
2014,ABBIGAIL,10,0,10
2014,NIKOLA,27,27,0
2014,NIKKO,6,6,0
2014,NAYAN,8,8,0
2014,NEAL,7,7,0
2014,NEHEMIAH,10,10,0
2014,NEIL,31,31,0
2014,NELSON,13,13,0
2014,NIAM,15,15,0
2014,NICHOLAS,338,338,0
2014,NIKO,26,26,0
2014,NICK,12,12,0
2014,NICO,45,45,0
2014,NICOLA,10,10,0
2014,NICOLAS,118,118,0
2014,NIGEL,10,10,0
2014,NIHAL,9,9,0
2014,NIKAN,6,6,0
2014,NIKHIL,13,13,0
2014,NICKOLAS,17,17,0
2014,NAVIN,6,6,0
2014,ABBY,51,0,51
2014,ABEERA,7,0,7
2014,ADORA,6,0,6
2014,ADRIA,8,0,8
2014,ADRIANA,72,0,72
2014,ADRIANNA,37,0,37
2014,ADRIENNE,9,0,9
2014,AGATHA,8,0,8
2014,AGNES,19,0,19
2014,ADINA,12,0,12
2014,AIDA,11,0,11
2014,AIMEE,9,0,9
2014,AIMÉE,8,0,8
2014,AINSLEE,6,0,6
2014,AINSLEY,71,0,71
2014,AISHA,54,0,54
2014,AISLING,6,0,6
2014,AISLYNN,7,0,7
2014,AILA,11,0,11
2014,ABBYGAIL,10,0,10
2014,ADELYNN,20,0,20
2014,ADELLE,8,0,8
2014,ABIGAIL,520,0,520
2014,ABIGALE,6,0,6
2014,ABRIELLE,12,0,12
2014,ADA,26,0,26
2014,ADALYN,44,0,44
2014,ADALYNN,32,0,32
2014,ADDILYN,6,0,6
2014,ADELYN,39,0,39
2014,ADDISON,222,0,222
2014,ADDYSON,13,0,13
2014,ADEENA,6,0,6
2014,ADELAIDE,61,0,61
2014,ADELE,38,0,38
2014,ADÈLE,9,0,9
2014,ADELINA,16,0,16
2014,ADELINE,38,0,38
2014,ADDISYN,7,0,7
2014,AIZA,35,0,35
2014,NATHANIEL,166,166,0
2014,NATHAN,563,563,0
2014,MATHEUS,6,6,0
2014,MATHEW,20,20,0
2014,MATHIAS,21,21,0
2014,MATHIEU,20,20,0
2014,MATHIS,14,14,0
2014,MATIAS,17,17,0
2014,MATTEO,153,153,0
2014,MATEUS,8,8,0
2014,MATTHEW,438,438,0
2014,MATTIAS,9,9,0
2014,MAVERICK,84,84,0
2014,MAX,202,202,0
2014,MAXIM,46,46,0
2014,MAXIME,27,27,0
2014,MAXIMILIAN,35,35,0
2014,MAXIMILIANO,10,10,0
2014,MATTHIAS,25,25,0
2014,MAXIMILLIAN,8,8,0
2014,MATEO,108,108,0
2014,MASSIMO,39,39,0
2014,MAREK,6,6,0
2014,ATHENA,66,0,66
2014,MARIO,14,14,0
2014,MARIUS,7,7,0
2014,MARK,88,88,0
2014,MARKO,30,30,0
2014,MARKUS,28,28,0
2014,MATÉO,8,8,0
2014,MARLON,8,8,0
2014,MARSHAL,6,6,0
2014,MARSHALL,57,57,0
2014,MARTIN,59,59,0
2014,MARVIN,14,14,0
2014,MARWAN,6,6,0
2014,MASEN,8,8,0
2014,MASON,658,658,0
2014,MARQUES,10,10,0
2014,NATHANAEL,24,24,0
2014,MAXIMUS,88,88,0
2014,MAXWELL,160,160,0
2014,MOHAMAD,11,11,0
2014,MOHAMED,59,59,0
2014,MOHAMMAD,97,97,0
2014,MOHAMMED,59,59,0
2014,MONTGOMERY,7,7,0
2014,MORRIS,8,8,0
2014,MOSES,18,18,0
2014,MITCHELL,33,33,0
2014,MUHAMMAD,258,258,0
2014,MUJTABA,6,6,0
2014,MUSA,31,31,0
2014,MUSTAFA,54,54,0
2014,MYLES,111,111,0
2014,NABIL,10,10,0
2014,NASH,74,74,0
2014,NATE,19,19,0
2014,MUHAMMED,17,17,0
2014,MAXTON,6,6,0
2014,MIRZA,6,6,0
2014,MILLER,28,28,0
2014,MAXX,9,9,0
2014,MAYSON,10,10,0
2014,MEHDI,6,6,0
2014,MEKHI,9,9,0
2014,MEMPHIS,19,19,0
2014,MERRICK,7,7,0
2014,MICAH,91,91,0
2014,MILO,39,39,0
2014,MICHAEL,419,419,0
2014,MIGUEL,44,44,0
2014,MIHAILO,8,8,0
2014,MIKAïL,6,6,0
2014,MIKAEL,16,16,0
2014,MIKAIL,11,11,0
2014,MIKHAIL,18,18,0
2014,MILES,111,111,0
2014,MICHEAL,8,8,0
2014,AIZAH,15,0,15
2014,MIKAEEL,8,8,0
2014,AKIRA,10,0,10
2014,ANGIE,11,0,11
2014,ANIKA,34,0,34
2014,ANISA,6,0,6
2014,ANISHA,9,0,9
2014,ANITA,16,0,16
2014,ANIYAH,20,0,20
2014,ANJALI,17,0,17
2014,ANGELIQUE,7,0,7
2014,ANJANA,8,0,8
2014,ANNA,248,0,248
2014,ANNABEL,27,0,27
2014,ANNABELL,6,0,6
2014,ANNABELLA,29,0,29
2014,ANNABELLE,154,0,154
2014,ANNALISA,6,0,6
2014,ANNALISE,13,0,13
2014,ANN,12,0,12
2014,ANNE,21,0,21
2014,ANGELINA,91,0,91
2014,ANGELIA,6,0,6
2014,ANABEL,7,0,7
2014,ANABELLA,9,0,9
2014,ANABELLE,17,0,17
2014,ANABIA,10,0,10
2014,ANAÏS,12,0,12
2014,ANALIA,6,0,6
2014,ANANYA,10,0,10
2014,ANGELICA,27,0,27
2014,ANASTASIA,65,0,65
2014,ANAYAH,19,0,19
2014,ANDI,10,0,10
2014,ANDIE,13,0,13
2014,ANDREA,49,0,49
2014,ANDRIANA,6,0,6
2014,ANGEL,45,11,34
2014,ANGELA,84,0,84
2014,ANAYA,78,0,78
2014,ANNELIESE,8,0,8
2014,ANNIE,49,0,49
2014,ANNIKA,40,0,40
2014,ARIYAH,13,0,13
2014,ARIYANA,6,0,6
2014,ARWEN,9,0,9
2014,ARYA,138,11,127
2014,ARYANA,22,0,22
2014,ARYANNA,20,0,20
2014,ASEES,6,0,6
2014,ARIYA,32,0,32
2014,ASHA,14,0,14
2014,ASHLEY,67,0,67
2014,ASHLYN,36,0,36
2014,ASHLYNN,16,0,16
2014,ASIYA,12,0,12
2014,AJOONI,11,0,11
2014,ASPEN,7,0,7
2014,ASMA,11,0,11
2014,ASHLEEN,6,0,6
2014,ARISSA,12,0,12
2014,ARISHA,11,0,11
2014,ARINA,10,0,10
2014,ANTONELLA,6,0,6
2014,ANTONIA,6,0,6
2014,ANUSHKA,6,0,6
2014,ANYA,29,0,29
2014,APRIL,27,0,27
2014,ARABELLA,38,0,38
2014,ARDEN,6,0,6
2014,AREESHA,6,0,6
2014,ARIA,298,0,298
2014,ARIANA,161,0,161
2014,ARIANE,10,0,10
2014,ARIANNA,193,0,193
2014,ARIANNE,10,0,10
2014,ARIEL,78,11,67
2014,ARIELA,6,0,6
2014,ARIELLA,50,0,50
2014,ARIELLE,66,0,66
2014,ANA,39,0,39
2014,AMYRA,6,0,6
2014,ARIAH,8,0,8
2014,AMRITA,6,0,6
2014,ALEXI,9,0,9
2014,ALEXIA,60,0,60
2014,ALEXIE,10,0,10
2014,ALEXIS,199,18,181
2014,ALI,150,140,10
2014,ALIA,32,0,32
2014,ALIANNA,7,0,7
2014,ALEXANDRIA,44,0,44
2014,ALICE,181,0,181
2014,ALINA,55,0,55
2014,ALISA,16,0,16
2014,ALISHA,28,0,28
2014,ALISHBA,6,0,6
2014,ALISON,35,0,35
2014,ALISSA,9,0,9
2014,ALIVIA,61,0,61
2014,ALICIA,49,0,49
2014,ALEXANDRA,168,0,168
2014,ALEXA,89,0,89
2014,ALESSIA,60,0,60
2014,AKSHARA,10,0,10
2014,ALAINA,32,0,32
2014,AMY,61,0,61
2014,ALANA,22,0,22
2014,ALANNA,15,0,15
2014,ALANNAH,10,0,10
2014,ALARA,6,0,6
2014,ALAYA,9,0,9
2014,ALAYNA,37,0,37
2014,ALBA,9,0,9
2014,ALEAH,20,0,20
2014,ALEENA,40,0,40
2014,ALEEZA,17,0,17
2014,ALEIGHA,9,0,9
2014,ALEKSANDRA,16,0,16
2014,AKSHAYA,7,0,7
2014,ALESSANDRA,43,0,43
2014,ALIYA,30,0,30
2014,ALIYAH,67,0,67
2014,ALENA,17,0,17
2014,ALIZAH,7,0,7
2014,AMARA,18,0,18
2014,AMAYA,41,0,41
2014,AMAYAH,9,0,9
2014,AMBER,39,0,39
2014,AMEERA,11,0,11
2014,AMELIA,378,0,378
2014,AMÉLIA,8,0,8
2014,AMÉLIE,28,0,28
2014,AMIA,6,0,6
2014,AMINA,33,0,33
2014,AMINAH,12,0,12
2014,AMIRA,35,0,35
2014,AMIRAH,17,0,17
2014,AMREEN,9,0,9
2014,ALIZA,15,0,15
2014,AMIYAH,13,0,13
2014,AMNA,12,0,12
2014,AMANI,8,0,8
2014,AMANDA,37,0,37
2014,AMELIE,11,0,11
2014,AMALIA,10,0,10
2014,ALLISON,77,0,77
2014,ALLIE,36,0,36
2014,ALLY,13,0,13
2014,ALLYSON,7,0,7
2014,ALMA,13,0,13
2014,ALYANNA,6,0,6
2014,ALYSHA,7,0,7
2014,ALLEGRA,7,0,7
2014,ALORA,17,0,17
2014,ALYSON,12,0,12
2014,ALYSSA,187,0,187
2014,ALYSSANDRA,6,0,6
2014,ALYSSIA,8,0,8
2014,ALYVIA,12,0,12
2014,AMAL,12,0,12
2015,DAMON,35,35,0
2015,DANYAL,7,7,0
2015,DANNY,17,17,0
2015,DANIYAL,20,20,0
2015,DANIEL,476,476,0
2015,DANE,10,10,0
2015,DAN,6,6,0
2015,DANTE,78,78,0
2015,DAMIEN,62,62,0
2015,CRUZ,48,48,0
2015,DALTON,17,17,0
2015,CYRUS,28,28,0
2015,CURTIS,45,45,0
2015,CULLEN,26,26,0
2015,CORY,8,8,0
2015,CROSBY,11,11,0
2015,CRISTIANO,36,36,0
2015,CRISTIAN,25,25,0
2015,COREY,10,10,0
2015,DARIAN,12,12,0
2015,CORNELIUS,10,10,0
2015,DAMIAN,69,69,0
2015,DARIO,13,13,0
2015,DECLAN,169,169,0
2015,DARREN,28,28,0
2015,DESMOND,42,42,0
2015,DEV,6,6,0
2015,DEVAN,6,6,0
2015,DEREK,38,38,0
2015,DEON,6,6,0
2015,DENZEL,9,9,0
2015,DENVER,28,28,0
2015,DENNIS,16,16,0
2015,DENIS,11,11,0
2015,DEKLAN,11,11,0
2015,DEANDRE,6,6,0
2015,DARIUS,36,36,0
2015,DEAN,71,71,0
2015,DAYTON,7,7,0
2015,DAXTON,36,36,0
2015,DAXON,7,7,0
2015,DAX,18,18,0
2015,DAWSON,62,62,0
2015,DAVIS,21,21,0
2015,DAVIN,14,14,0
2015,DAVIDE,6,6,0
2015,DAVID,305,305,0
2015,DASHIELL,6,6,0
2015,DARWIN,13,13,0
2015,DEACON,30,30,0
2015,CORBIN,40,40,0
2015,CEDRIC,13,13,0
2015,CONSTANTINE,10,10,0
2015,CHASE,169,169,0
2015,CHARLES,233,233,0
2015,CHARBEL,8,8,0
2015,CHANCE,15,15,0
2015,CHAD,13,13,0
2015,CHACE,14,14,0
2015,CAYSON,7,7,0
2015,CAYDEN,35,35,0
2015,CASSIUS,15,15,0
2015,CASPIAN,6,6,0
2015,CASPER,7,7,0
2015,CHAYCE,6,6,0
2015,CASH,25,25,0
2015,CARVER,6,6,0
2015,CARSON,133,133,0
2015,CARSEN,7,7,0
2015,CARMELO,13,13,0
2015,CARLOS,16,16,0
2015,CARLO,7,7,0
2015,CARL,7,7,0
2015,CAMPBELL,7,7,0
2015,DEVANSH,6,6,0
2015,CAMILO,6,6,0
2015,CAMDEN,60,60,0
2015,CASE,10,10,0
2015,COOPER,141,141,0
2015,CHRIS,27,27,0
2015,CHRISTOPHER,165,165,0
2015,CONRAD,17,17,0
2015,CONOR,20,20,0
2015,CONNOR,286,286,0
2015,CONNER,19,19,0
2015,CONAN,7,7,0
2015,COLTON,230,230,0
2015,COLTEN,12,12,0
2015,COLT,11,11,0
2015,COLSON,6,6,0
2015,COLLIN,19,19,0
2015,COLIN,84,84,0
2015,CHRISTIAN,191,191,0
2015,COLE,192,192,0
2015,COHEN,91,91,0
2015,COEN,20,20,0
2015,CODY,50,50,0
2015,CLIVE,9,9,0
2015,CLIFFORD,8,8,0
2015,CLAYTON,39,39,0
2015,CLARK,68,68,0
2015,CILLIAN,17,17,0
2015,CIARAN,12,12,0
2015,CIAN,19,19,0
2015,CHRISTOS,9,9,0
2015,COLBY,35,35,0
2015,DEVEN,9,9,0
2015,FELIPE,9,9,0
2015,DEVON,23,23,0
2015,FINDLAY,8,8,0
2015,FILIP,25,25,0
2015,FELIX,142,142,0
2015,FATEH,21,21,0
2015,FARIS,10,10,0
2015,FAISAL,7,7,0
2015,FAHAD,9,9,0
2015,FABIAN,7,7,0
2015,FÉLIX,36,36,0
2015,EZRA,79,79,0
2015,EZEKIEL,40,40,0
2015,EWAN,28,28,0
2015,EVERETT,124,124,0
2015,EVEREST,6,6,0
2015,EVANDER,10,10,0
2015,EVAN,333,333,0
2015,EUGENE,11,11,0
2015,EUAN,7,7,0
2015,ETHAN,703,703,0
2015,ESHAAN,6,6,0
2015,ESA,6,6,0
2015,ERNEST,8,8,0
2015,ERIK,32,32,0
2015,FINLAY,16,16,0
2015,FINN,105,105,0
2015,FINNEGAN,24,24,0
2015,FINNICK,6,6,0
2015,GAVIN,209,209,0
2015,CALVIN,72,72,0
2015,GARY,10,10,0
2015,GARRETT,24,24,0
2015,GANNON,6,6,0
2015,GAGE,36,36,0
2015,GABRIELE,9,9,0
2015,GABRIEL,420,420,0
2015,FYNN,13,13,0
2015,FREDERICK,37,37,0
2015,FRASER,7,7,0
2015,ERICK,6,6,0
2015,FRANKLIN,13,13,0
2015,FRANCO,8,8,0
2015,FRANCIS,49,49,0
2015,FRANCESCO,31,31,0
2015,FOX,13,13,0
2015,FOSTER,10,10,0
2015,FORREST,20,20,0
2015,FOREST,9,9,0
2015,FLYNN,12,12,0
2015,FLETCHER,15,15,0
2015,FIONN,9,9,0
2015,FINNIGAN,8,8,0
2015,FRANK,26,26,0
2015,DEVIN,28,28,0
2015,ERIC,111,111,0
2015,ENZO,29,29,0
2015,EASON,28,28,0
2015,DUSTIN,15,15,0
2015,DUNCAN,24,24,0
2015,DUKE,15,15,0
2015,DRAKE,9,9,0
2015,DOUGLAS,16,16,0
2015,DORIAN,17,17,0
2015,DONOVAN,15,15,0
2015,DONALD,23,23,0
2015,DOMINIK,28,28,0
2015,DOMINICK,17,17,0
2015,DOMINIC,199,199,0
2015,DOMENICO,11,11,0
2015,DOMENIC,22,22,0
2015,DION,13,13,0
2015,DIMITRIOS,6,6,0
2015,DIMITRI,12,12,0
2015,DILLON,14,14,0
2015,DILAN,7,7,0
2015,DIEGO,27,27,0
2015,DHRUV,11,11,0
2015,DEZMOND,7,7,0
2015,DEXTER,29,29,0
2015,EASTON,125,125,0
2015,EDDIE,8,8,0
2015,EDGAR,9,9,0
2015,EDISON,32,32,0
2015,ENOCH,10,10,0
2015,EMRY,6,6,0
2015,EMMITT,20,20,0
2015,EMMETT,229,229,0
2015,EMMET,19,19,0
2015,EMMANUEL,55,55,0
2015,EMILIO,16,16,0
2015,EMERIC,7,7,0
2015,EMANUEL,17,17,0
2015,ELYAS,8,8,0
2015,ELVIN,7,7,0
2015,EPHRAIM,10,10,0
2015,ELTON,6,6,0
2015,ELIOTT,6,6,0
2015,ELIO,6,6,0
2015,ELIJAH,260,260,0
2015,ELIAS,107,107,0
2015,ELI,134,134,0
2015,EKAM,9,9,0
2015,EITAN,8,8,0
2015,EESA,19,19,0
2015,EDWIN,28,28,0
2015,EDWARD,106,106,0
2015,EDMUND,8,8,0
2015,ELON,6,6,0
2015,CALUM,9,9,0
2015,ALIJAH,6,6,0
2015,CALLEN,14,14,0
2015,ANDERSON,35,35,0
2015,ANDERS,8,8,0
2015,ANAY,6,6,0
2015,ANAS,18,18,0
2015,AMOS,8,8,0
2015,AMMAR,25,25,0
2015,AMIR,53,53,0
2015,AMIN,9,9,0
2015,AMEER,14,14,0
2015,AMBROSE,8,8,0
2015,AMARI,14,14,0
2015,AMAR,8,8,0
2015,AMAN,6,6,0
2015,ALVIN,29,29,0
2015,ALLEN,14,14,0
2015,ALLAN,11,11,0
2015,ALISTAIR,22,22,0
2015,ALFRED,12,12,0
2015,ALEXZANDER,7,7,0
2015,ALEXANDROS,7,7,0
2015,ALEXANDRE,52,52,0
2015,ALEXANDER,568,568,0
2015,ALEX,100,100,0
2015,ANDRÉ,10,10,0
2015,ANDRE,39,39,0
2015,ANDREAS,16,16,0
2015,ANDREI,11,11,0
2015,ARIAN,11,11,0
2015,ARI,40,40,0
2015,ARHAM,25,25,0
2015,AREN,7,7,0
2015,ARCHIE,8,8,0
2015,ARCHER,35,35,0
2015,ARAV,6,6,0
2015,ARAD,9,9,0
2015,ANTONY,7,7,0
2015,ANTONIO,62,62,0
2015,ANTONI,7,7,0
2015,ALESSIO,14,14,0
2015,ANTON,11,11,0
2015,ANTHONY,268,268,0
2015,ANSON,18,18,0
2015,ANSH,13,13,0
2015,ANOOP,6,6,0
2015,ANGUS,22,22,0
2015,ANGELO,35,35,0
2015,ANGAD,19,19,0
2015,ANDY,37,37,0
2015,ANDREY,6,6,0
2015,ANDREW,283,283,0
2015,ANDRES,14,14,0
2015,ANTOINE,18,18,0
2015,ARIE,9,9,0
2015,ALESSANDRO,25,25,0
2015,ALEKSANDAR,10,10,0
2015,ABRAHAM,27,27,0
2015,ABEL,49,49,0
2015,ABDURRAHMAN,10,10,0
2015,ABDURAHMAN,6,6,0
2015,ABDULLAHI,8,8,0
2015,ABDULLAH,73,73,0
2015,ABDULAZIZ,7,7,0
2015,ABDUL,30,30,0
2015,ABDALLAH,9,9,0
2015,ABBAS,15,15,0
2015,AAYAN,14,14,0
2015,AARYAN,15,15,0
2015,AARUSH,9,9,0
2015,AARON,185,185,0
2015,AARIZ,15,15,0
2015,AARIV,6,6,0
2015,AARAV,50,50,0
2015,AARAN,7,7,0
2015,AAHIL,6,6,0
2015,AADEN,7,7,0
2015,ÉTIENNE,7,7,0
2015,ÉDOUARD,9,9,0
2015,GEORGE,150,150,0
2015,ABRAM,16,16,0
2015,ACE,17,17,0
2015,ADAM,375,375,0
2015,ADEL,6,6,0
2015,ALEJANDRO,20,20,0
2015,ALEC,21,21,0
2015,ALDEN,9,9,0
2015,ALBERT,23,23,0
2015,ALAN,26,26,0
2015,AKRAM,6,6,0
2015,AKEEM,6,6,0
2015,AKASH,7,7,0
2015,AJEET,8,8,0
2015,AJAY,12,12,0
2015,AIDEN,368,368,0
2015,ALEKSANDER,22,22,0
2015,AIDAN,111,111,0
2015,AHMAD,45,45,0
2015,AGAM,10,10,0
2015,AFFAN,11,11,0
2015,ADVIK,7,7,0
2015,ADRIEN,16,16,0
2015,ADRIEL,19,19,0
2015,ADRIANO,27,27,0
2015,ADRIAN,184,184,0
2015,ADNAN,11,11,0
2015,ADITYA,15,15,0
2015,ADEN,22,22,0
2015,AHMED,66,66,0
2015,ARIES,8,8,0
2015,ARIYAN,7,7,0
2015,ARJAN,18,18,0
2015,BRETT,15,15,0
2015,BRENT,8,8,0
2015,BRENNAN,19,19,0
2015,BRENDAN,29,29,0
2015,BRECKEN,7,7,0
2015,BRAYDON,15,15,0
2015,BRAYDEN,170,170,0
2015,BRAXTON,39,39,0
2015,BRANTLEY,29,29,0
2015,BRANSON,6,6,0
2015,BRANDON,71,71,0
2015,BRAIDEN,9,9,0
2015,BRAEDEN,12,12,0
2015,BRADY,67,67,0
2015,BRADLEY,53,53,0
2015,BRADEN,9,9,0
2015,BOWEN,20,20,0
2015,BOSTON,7,7,0
2015,BODIE,7,7,0
2015,BODHI,25,25,0
2015,BODEN,12,12,0
2015,BODE,6,6,0
2015,BO,17,17,0
2015,BRIAN,42,42,0
2015,BRIXTON,6,6,0
2015,BROCK,31,31,0
2015,BRODERICK,6,6,0
2015,CALLAN,9,9,0
2015,CALLAHAN,6,6,0
2015,CALEB,314,314,0
2015,CAIRO,6,6,0
2015,CAIN,11,11,0
2015,CAIDEN,37,37,0
2015,CAELAN,8,8,0
2015,CADEN,58,58,0
2015,CADE,12,12,0
2015,CÉDRIC,14,14,0
2015,BYRON,7,7,0
2015,BLAINE,11,11,0
2015,BURHANUDDIN,9,9,0
2015,BRYSEN,6,6,0
2015,BRYDEN,10,10,0
2015,BRYCEN,11,11,0
2015,BRYCE,77,77,0
2015,BRYAN,33,33,0
2015,BRUNO,7,7,0
2015,BRUCE,27,27,0
2015,BROOKS,21,21,0
2015,BRONSON,23,23,0
2015,BRODY,133,133,0
2015,BRODIE,24,24,0
2015,BRYSON,66,66,0
2015,BISHOP,6,6,0
2015,BINYAMIN,7,7,0
2015,BILAL,19,19,0
2015,AVEER,10,10,0
2015,AUSTIN,280,280,0
2015,AUSTEN,10,10,0
2015,AUGUSTUS,11,11,0
2015,AUGUSTINE,9,9,0
2015,AUGUST,36,36,0
2015,ATTICUS,41,41,0
2015,ATLAS,15,15,0
2015,ATHANASIOS,6,6,0
2015,ASHWIN,17,17,0
2015,ASHTON,105,105,0
2015,AVI,17,17,0
2015,ASHER,135,135,0
2015,ARYAN,61,61,0
2015,ARVIN,14,14,0
2015,ARTIN,11,11,0
2015,ARTHUR,66,66,0
2015,ARON,8,8,0
2015,ARNAV,13,13,0
2015,ARMIN,19,19,0
2015,ARMAN,18,18,0
2015,ARMAAN,36,36,0
2015,ARLO,27,27,0
2015,ARJUN,63,63,0
2015,ASAD,8,8,0
2015,CALLUM,72,72,0
2015,AVIRAJ,10,10,0
2015,AXEL,33,33,0
2015,BENYAMIN,6,6,0
2015,BENTON,11,11,0
2015,BENTLEY,136,136,0
2015,BENSON,36,36,0
2015,BENOîT,8,8,0
2015,BENNETT,147,147,0
2015,BENJAMIN,748,748,0
2015,BENEDICT,7,7,0
2015,BEN,38,38,0
2015,BECKHAM,17,17,0
2015,BECKETT,58,58,0
2015,AVYAN,6,6,0
2015,BEAU,65,65,0
2015,BASTIAN,7,7,0
2015,BARRETT,27,27,0
2015,AZLAN,9,9,0
2015,AZAAN,11,11,0
2015,AYUB,8,8,0
2015,AYMAN,10,10,0
2015,AYDIN,32,32,0
2015,AYDEN,80,80,0
2015,AYAN,16,16,0
2015,AYAAN,62,62,0
2015,AXL,13,13,0
2015,BEAR,6,6,0
2015,GEORGIOS,9,9,0
2015,JOSIAH,79,79,0
2015,GIACOMO,7,7,0
2015,RALPH,6,6,0
2015,RAMI,8,8,0
2015,RANDY,11,11,0
2015,RANVEER,11,11,0
2015,RANVIR,6,6,0
2015,RAPHAËL,10,10,0
2015,RAPHAEL,35,35,0
2015,RAY,10,10,0
2015,RAYAAN,9,9,0
2015,RAYAN,66,66,0
2015,RAYDEN,8,8,0
2015,RAYLAN,11,11,0
2015,RAYMOND,32,32,0
2015,RAYYAN,49,49,0
2015,REED,33,33,0
2015,REHAN,13,13,0
2015,REID,100,100,0
2015,REILLY,7,7,0
2015,REMINGTON,21,21,0
2015,RAKAN,7,7,0
2015,RAJVEER,6,6,0
2015,RAIDEN,27,27,0
2015,RAHMAN,6,6,0
2015,PEDRO,8,8,0
2015,PETER,110,110,0
2015,PHILIP,41,41,0
2015,PHILIPPE,8,8,0
2015,PHILLIP,15,15,0
2015,PIERCE,20,20,0
2015,PORTER,11,11,0
2015,PRANAV,7,7,0
2015,PRESTON,95,95,0
2015,REUBEN,24,24,0
2015,QAIS,6,6,0
2015,QUENTIN,30,30,0
2015,QUINCY,7,7,0
2015,QUINTEN,15,15,0
2015,QUINTIN,14,14,0
2015,QUINTON,45,45,0
2015,RÉMI,10,10,0
2015,RAFAEL,35,35,0
2015,RAHEEM,7,7,0
2015,RAHIM,6,6,0
2015,QASIM,9,9,0
2015,PAXTON,26,26,0
2015,REX,8,8,0
2015,REYANSH,18,18,0
2015,RONAN,56,56,0
2015,RONIK,6,6,0
2015,RONIN,26,26,0
2015,ROSHAN,10,10,0
2015,ROSS,7,7,0
2015,ROWEN,20,20,0
2015,ROY,21,21,0
2015,ROYCE,17,17,0
2015,RUBEN,8,8,0
2015,RUDY,6,6,0
2015,RUSSELL,32,32,0
2015,RYDER,154,154,0
2015,RYERSON,12,12,0
2015,RYKER,101,101,0
2015,RYLAND,14,14,0
2015,SÉBASTIEN,18,18,0
2015,SAAD,16,16,0
2015,SACHA,7,7,0
2015,SAHIB,21,21,0
2015,RONALD,8,8,0
2015,RON,6,6,0
2015,ROMEO,29,29,0
2015,ROMAN,77,77,0
2015,RHETT,18,18,0
2015,RHYS,54,54,0
2015,RIAAN,23,23,0
2015,RICARDO,8,8,0
2015,RICHARD,58,58,0
2015,RICKY,11,11,0
2015,RIO,9,9,0
2015,RISHAAN,8,8,0
2015,RISHI,11,11,0
2015,REYAN,6,6,0
2015,RIVAN,6,6,0
2015,ROAN,6,6,0
2015,ROBERT,130,130,0
2015,ROBERTO,7,7,0
2015,ROCCO,29,29,0
2015,RODRIGO,9,9,0
2015,ROGER,12,12,0
2015,ROHAN,14,14,0
2015,ROHIN,7,7,0
2015,ROLAND,21,21,0
2015,RIYAN,7,7,0
2015,SAHIL,6,6,0
2015,PAUL,57,57,0
2015,PASCAL,8,8,0
2015,MOUSA,6,6,0
2015,MUHAMMAD,274,274,0
2015,MUHAMMED,16,16,0
2015,MURRAY,6,6,0
2015,MURTAZA,9,9,0
2015,MUSA,40,40,0
2015,MUSAB,6,6,0
2015,MUSTAFA,36,36,0
2015,MYLES,124,124,0
2015,MYRON,6,6,0
2015,NABEEL,7,7,0
2015,NABIL,7,7,0
2015,NASH,103,103,0
2015,NASIR,7,7,0
2015,NATE,21,21,0
2015,NATHAN,634,634,0
2015,NATHANAEL,21,21,0
2015,NATHANIEL,183,183,0
2015,NAVEEN,6,6,0
2015,MOSHE,6,6,0
2015,MOSES,14,14,0
2015,MOOSA,6,6,0
2015,MONTGOMERY,14,14,0
2015,MICHEAL,6,6,0
2015,MICHEL,6,6,0
2015,MIGUEL,53,53,0
2015,MIKAEEL,9,9,0
2015,MIKAEL,28,28,0
2015,MIKAIL,8,8,0
2015,MIKE,6,6,0
2015,MIKHAIL,9,9,0
2015,MILAN,36,36,0
2015,NEEL,7,7,0
2015,MILES,109,109,0
2015,MILO,48,48,0
2015,MINH,6,6,0
2015,MIR,7,7,0
2015,MIRZA,6,6,0
2015,MITCHELL,40,40,0
2015,MOHAMAD,15,15,0
2015,MOHAMED,52,52,0
2015,MOHAMMAD,87,87,0
2015,MOHAMMED,66,66,0
2015,MILLER,26,26,0
2015,PATRICK,102,102,0
2015,NEHEMIAH,18,18,0
2015,NELSON,9,9,0
2015,OAKLEY,23,23,0
2015,ODIN,30,30,0
2015,OLIVER,532,532,0
2015,OLIVIER,49,49,0
2015,OMAR,99,99,0
2015,OMER,10,10,0
2015,ONKAR,6,6,0
2015,ONYX,9,9,0
2015,ORION,22,22,0
2015,ORLANDO,12,12,0
2015,OSCAR,88,88,0
2015,OSKAR,15,15,0
2015,OSMAN,7,7,0
2015,OTIS,13,13,0
2015,OTTO,6,6,0
2015,OWEN,548,548,0
2015,PABLO,9,9,0
2015,PAOLO,9,9,0
2015,PARAM,8,8,0
2015,NYLE,6,6,0
2015,NORMAN,12,12,0
2015,NOLAN,272,272,0
2015,NOEL,9,9,0
2015,NEVEN,6,6,0
2015,NIAM,16,16,0
2015,NICHOLAS,298,298,0
2015,NICK,9,9,0
2015,NICKOLAS,12,12,0
2015,NICO,54,54,0
2015,NICOLAS,109,109,0
2015,NIGEL,6,6,0
2015,NIHAAL,6,6,0
2015,NEIL,24,24,0
2015,NIHAL,7,7,0
2015,NIKO,26,26,0
2015,NIKOLA,16,16,0
2015,NIKOLAI,19,19,0
2015,NIKOLAOS,6,6,0
2015,NIKOLAS,31,31,0
2015,NIVAAN,8,8,0
2015,NIXON,46,46,0
2015,NOAH,735,735,0
2015,NOAM,11,11,0
2015,NIKHIL,9,9,0
2015,MICHAEL,398,398,0
2015,SAID,7,7,0
2015,SALEH,9,9,0
2015,VIVAAN,19,19,0
2015,VLADIMIR,8,8,0
2015,WADE,16,16,0
2015,WALI,11,11,0
2015,WALKER,36,36,0
2015,WALTER,35,35,0
2015,WARREN,20,20,0
2015,WAYLON,7,7,0
2015,WAYNE,8,8,0
2015,WESLEY,194,194,0
2015,WESTIN,9,9,0
2015,WESTLEY,12,12,0
2015,WESTON,104,104,0
2015,WILDER,7,7,0
2015,WILL,7,7,0
2015,WILLEM,13,13,0
2015,WILLIAM,655,655,0
2015,WILLY,6,6,0
2015,WILSON,17,17,0
2015,VIRAJ,7,7,0
2015,VIRAAJ,6,6,0
2015,VINCENZO,18,18,0
2015,VINCENT,126,126,0
2015,TY,17,17,0
2015,TYLER,200,200,0
2015,TYSON,104,104,0
2015,UMAIR,6,6,0
2015,UMAR,27,27,0
2015,URIAH,11,11,0
2015,USMAN,7,7,0
2015,UZAIR,7,7,0
2015,VALENTINO,10,10,0
2015,WINSTON,29,29,0
2015,VAN,8,8,0
2015,VARUN,6,6,0
2015,VAUGHN,8,8,0
2015,VED,6,6,0
2015,VEER,14,14,0
2015,VIAAN,9,9,0
2015,VICTOR,77,77,0
2015,VIHAAN,24,24,0
2015,VIKTOR,17,17,0
2015,VINCE,10,10,0
2015,VANCE,7,7,0
2015,TUCKER,34,34,0
2015,WOLF,6,6,0
2015,XANDER,65,65,0
2015,ZACKERY,8,8,0
2015,ZAID,20,20,0
2015,ZAIDEN,15,15,0
2015,ZAIN,51,51,0
2015,ZAKARIA,20,20,0
2015,ZAKARIYA,24,24,0
2015,ZANDER,39,39,0
2015,ZANE,40,40,0
2015,ZAVIER,20,20,0
2015,ZAYAAN,6,6,0
2015,ZAYAN,18,18,0
2015,ZAYD,28,28,0
2015,ZAYDEN,30,30,0
2015,ZAYN,59,59,0
2015,ZAYNE,16,16,0
2015,ZAYYAN,6,6,0
2015,ZECHARIAH,7,7,0
2015,ZEKE,7,7,0
2015,ZORAWAR,9,9,0
2015,ZACKARY,25,25,0
2015,ZACK,26,26,0
2015,ZACHARY,267,267,0
2015,ZACHARIAH,11,11,0
2015,XAVIER,221,221,0
2015,XZAVIER,6,6,0
2015,YAHYA,29,29,0
2015,YANNICK,7,7,0
2015,YASEEN,17,17,0
2015,YASH,7,7,0
2015,YASIN,9,9,0
2015,YASIR,7,7,0
2015,YAZAN,7,7,0
2015,WYATT,246,246,0
2015,YI,6,6,0
2015,YOSEF,18,18,0
2015,YOUSEF,35,35,0
2015,YOUSIF,14,14,0
2015,YOUSSEF,12,12,0
2015,YOUSUF,22,22,0
2015,YUNUS,6,6,0
2015,YUSUF,93,93,0
2015,YUVRAJ,31,31,0
2015,ZACH,6,6,0
2015,YOHAN,6,6,0
2015,SAIF,19,19,0
2015,TRYSTAN,7,7,0
2015,TRISTEN,9,9,0
2015,SHAWN,34,34,0
2015,SHAYAAN,8,8,0
2015,SHAYAN,17,17,0
2015,SHIVAM,7,7,0
2015,SHIVANSH,6,6,0
2015,SILAS,70,70,0
2015,SIMEON,8,8,0
2015,SIMON,131,131,0
2015,SOLOMON,25,25,0
2015,SOREN,13,13,0
2015,STANLEY,19,19,0
2015,STEFAN,41,41,0
2015,STEFANO,14,14,0
2015,STEPHAN,10,10,0
2015,STEPHEN,38,38,0
2015,STERLING,15,15,0
2015,STEVE,6,6,0
2015,STEVEN,38,38,0
2015,SUBHAN,11,11,0
2015,SHAUN,7,7,0
2015,SHANE,32,32,0
2015,SHAAN,15,15,0
2015,SEYON,6,6,0
2015,SALEM,6,6,0
2015,SALMAN,12,12,0
2015,SALVATORE,9,9,0
2015,SAM,61,61,0
2015,SAMAR,7,7,0
2015,SAMEER,8,8,0
2015,SAMI,29,29,0
2015,SAMIR,8,8,0
2015,SAMSON,17,17,0
2015,SUFYAN,8,8,0
2015,SAMUEL,383,383,0
2015,SANTINO,11,11,0
2015,SARIM,11,11,0
2015,SCOTT,27,27,0
2015,SEAMUS,15,15,0
2015,SEAN,50,50,0
2015,SEBASTIAN,285,285,0
2015,SEBASTIEN,21,21,0
2015,SELIM,6,6,0
2015,SETH,68,68,0
2015,SANTIAGO,39,39,0
2015,TROY,41,41,0
2015,SULAIMAN,15,15,0
2015,SULEIMAN,7,7,0
2015,THOMAS,323,323,0
2015,TIAGO,29,29,0
2015,TIBERIUS,6,6,0
2015,TIM,6,6,0
2015,TIMOTHY,80,80,0
2015,TIMUR,8,8,0
2015,TITUS,22,22,0
2015,TOBIAS,48,48,0
2015,TOBY,7,7,0
2015,TODD,6,6,0
2015,TOMAS,12,12,0
2015,TOMMY,11,11,0
2015,TONY,12,12,0
2015,TRAVIS,51,51,0
2015,TRENT,22,22,0
2015,TRENTON,18,18,0
2015,TREVOR,28,28,0
2015,TREY,8,8,0
2015,TRISTAN,190,190,0
2015,THIAGO,8,8,0
2015,THEODORE,229,229,0
2015,THEO,89,89,0
2015,THATCHER,8,8,0
2015,SULLIVAN,35,35,0
2015,SULTAN,8,8,0
2015,SYED,62,62,0
2015,SYLAS,7,7,0
2015,TAHA,12,12,0
2015,TAJ,8,8,0
2015,TALHA,6,6,0
2015,TALON,14,14,0
2015,TANNER,58,58,0
2015,SULAYMAN,6,6,0
2015,TAREK,6,6,0
2015,TATE,24,24,0
2015,TEJAS,10,10,0
2015,TEO,13,13,0
2015,TERRANCE,6,6,0
2015,TERRENCE,8,8,0
2015,TERRY,12,12,0
2015,THÉO,22,22,0
2015,THÉODORE,7,7,0
2015,THADDEUS,10,10,0
2015,TARIQ,6,6,0
2015,MICAH,80,80,0
2015,MESSIAH,7,7,0
2015,MEMPHIS,14,14,0
2015,JAX,62,62,0
2015,JAXEN,10,10,0
2015,JAXON,232,232,0
2015,JAXSON,169,169,0
2015,JAXTON,11,11,0
2015,JAXX,15,15,0
2015,JAXXON,13,13,0
2015,JAY,21,21,0
2015,JAYCE,73,73,0
2015,JAYDON,6,6,0
2015,JAYLEN,16,16,0
2015,JAYSON,13,13,0
2015,JEAN,6,6,0
2015,JEDIDIAH,7,7,0
2015,JEFFERY,6,6,0
2015,JEFFREY,29,29,0
2015,JENSEN,25,25,0
2015,JEREMIAH,93,93,0
2015,JEREMY,99,99,0
2015,JAWAD,9,9,0
2015,JAVIER,6,6,0
2015,JASRAJ,14,14,0
2015,JASPER,100,100,0
2015,JAD,24,24,0
2015,JAGGER,8,8,0
2015,JAI,16,16,0
2015,JAIDEN,21,21,0
2015,JAIRUS,6,6,0
2015,JAIVEER,13,13,0
2015,JAKE,128,128,0
2015,JAKOB,44,44,0
2015,JAKUB,13,13,0
2015,JERICHO,7,7,0
2015,JALEN,6,6,0
2015,JAMES,536,536,0
2015,JAMESON,47,47,0
2015,JAMIESON,10,10,0
2015,JAMISON,8,8,0
2015,JAN,13,13,0
2015,JARED,21,21,0
2015,JASE,61,61,0
2015,JASIAH,6,6,0
2015,JASON,129,129,0
2015,JAMAL,13,13,0
2015,JACOB,618,618,0
2015,JEROME,6,6,0
2015,JESSE,70,70,0
2015,JUJHAR,8,8,0
2015,JULIAN,169,169,0
2015,JULIEN,20,20,0
2015,JULIO,7,7,0
2015,JULIUS,30,30,0
2015,JUN,6,6,0
2015,JUSTICE,18,18,0
2015,JUSTIN,127,127,0
2015,KABIR,25,25,0
2015,KADE,23,23,0
2015,KADEN,67,67,0
2015,KAEDEN,13,13,0
2015,KAELAN,7,7,0
2015,KAI,134,134,0
2015,KAIDEN,86,86,0
2015,KAIRO,7,7,0
2015,KAIUS,6,6,0
2015,KALEB,85,85,0
2015,KALEN,7,7,0
2015,JUDAH,39,39,0
2015,JUAN,16,16,0
2015,JOVIN,7,7,0
2015,JOVAN,6,6,0
2015,JETHRO,9,9,0
2015,JETT,25,25,0
2015,JIAN,7,7,0
2015,JIBREEL,6,6,0
2015,JIMMY,12,12,0
2015,JOAQUIN,13,13,0
2015,JOE,6,6,0
2015,JOEL,71,71,0
2015,JOHAN,19,19,0
2015,JERRY,12,12,0
2015,JOHN,262,262,0
2015,JOHNNY,30,30,0
2015,JOHNSON,10,10,0
2015,JONAH,70,70,0
2015,JONAS,25,25,0
2015,JONATHAN,192,192,0
2015,JOSE,18,18,0
2015,JOSEPH,286,286,0
2015,JOSH,9,9,0
2015,JOSHUA,373,373,0
2015,JOHNATHAN,31,31,0
2015,KAMDEN,6,6,0
2015,JACKSON,470,470,0
2015,JACE,125,125,0
2015,GURSHAAN,7,7,0
2015,GURTAJ,6,6,0
2015,GURVEER,6,6,0
2015,GUS,9,9,0
2015,HAADI,9,9,0
2015,HADI,17,17,0
2015,HAIDER,6,6,0
2015,HAMZA,52,52,0
2015,HAMZAH,10,10,0
2015,HANK,7,7,0
2015,HARIS,12,12,0
2015,HARLAN,8,8,0
2015,HAROLD,6,6,0
2015,HAROON,7,7,0
2015,HARRIS,12,12,0
2015,HARRISON,172,172,0
2015,HARRY,13,13,0
2015,HARVEY,36,36,0
2015,HASAN,21,21,0
2015,GURJOT,6,6,0
2015,GURFATEH,13,13,0
2015,GUNNER,6,6,0
2015,GUNNAR,9,9,0
2015,GIANCARLO,8,8,0
2015,GIANLUCA,23,23,0
2015,GIANNI,9,9,0
2015,GIBSON,15,15,0
2015,GIDEON,26,26,0
2015,GIOVANNI,28,28,0
2015,GIULIANO,6,6,0
2015,GIUSEPPE,11,11,0
2015,GORDON,21,21,0
2015,HASHIM,9,9,0
2015,GRADY,22,22,0
2015,GRAHAM,42,42,0
2015,GRANT,15,15,0
2015,GRAY,7,7,0
2015,GRAYDEN,7,7,0
2015,GRAYSEN,9,9,0
2015,GRAYSON,287,287,0
2015,GREGORY,24,24,0
2015,GREYSON,96,96,0
2015,GRIFFIN,86,86,0
2015,GRAEME,8,8,0
2015,JACK,576,576,0
2015,HASHIR,9,9,0
2015,HASSAN,35,35,0
2015,ILYA,9,9,0
2015,ILYAS,18,18,0
2015,IMMANUEL,8,8,0
2015,IMRAN,20,20,0
2015,ISA,23,23,0
2015,ISAAC,306,306,0
2015,ISAAK,18,18,0
2015,ISAIAH,158,158,0
2015,ISHAAN,17,17,0
2015,ISHAN,12,12,0
2015,ISMAEL,11,11,0
2015,ISMAIL,19,19,0
2015,ISRAEL,14,14,0
2015,ISSA,12,12,0
2015,ISSAC,9,9,0
2015,IVAN,52,52,0
2015,IZAAK,6,6,0
2015,IZAAN,6,6,0
2015,IZAIAH,12,12,0
2015,IDRIS,25,25,0
2015,IDREES,6,6,0
2015,IBRAHIM,122,122,0
2015,IBRAHEEM,10,10,0
2015,HEATH,14,14,0
2015,HECTOR,7,7,0
2015,HEINRICH,13,13,0
2015,HENDRIK,14,14,0
2015,HENDRIX,32,32,0
2015,HENRI,11,11,0
2015,HENRIK,12,12,0
2015,HENRY,385,385,0
2015,HEZEKIAH,6,6,0
2015,HASNAIN,7,7,0
2015,HIMMAT,12,12,0
2015,HUDSON,397,397,0
2015,HUGH,23,23,0
2015,HUGO,47,47,0
2015,HUMZA,8,8,0
2015,HUSSAIN,16,16,0
2015,HUSSEIN,18,18,0
2015,HUXLEY,15,15,0
2015,HUZAIFA,15,15,0
2015,IAN,78,78,0
2015,HOLDEN,44,44,0
2015,KAMERON,10,10,0
2015,KANE,43,43,0
2015,KARAM,8,8,0
2015,MAAZ,10,10,0
2015,MACK,17,17,0
2015,MADDEN,29,29,0
2015,MADDEX,6,6,0
2015,MADDOX,57,57,0
2015,MAGNUS,21,21,0
2015,MAHAD,11,11,0
2015,MAHDI,15,15,0
2015,MAKAI,10,10,0
2015,MAKSIM,17,17,0
2015,MAKSYM,9,9,0
2015,MALACHI,46,46,0
2015,MALAKAI,29,29,0
2015,MALCOLM,71,71,0
2015,MALEK,7,7,0
2015,MALIK,45,45,0
2015,MANAV,6,6,0
2015,MANRAJ,12,12,0
2015,MARC,24,24,0
2015,LYLE,6,6,0
2015,LYAM,7,7,0
2015,LUKE,274,274,0
2015,LUKASZ,6,6,0
2015,LINCOLN,329,329,0
2015,LINDEN,14,14,0
2015,LINKIN,9,9,0
2015,LIONEL,13,13,0
2015,LO¤C,15,15,0
2015,LOCHLAN,29,29,0
2015,LORENZO,55,55,0
2015,LOUIE,8,8,0
2015,LOUIS,61,61,0
2015,MARCEL,14,14,0
2015,LUC,11,11,0
2015,LUCAS,707,707,0
2015,LUCCA,8,8,0
2015,LUCIAN,13,13,0
2015,LUCIANO,14,14,0
2015,LUCIEN,6,6,0
2015,LUCIUS,6,6,0
2015,LUIS,17,17,0
2015,LUKA,63,63,0
2015,LUKAS,97,97,0
2015,LUCA,173,173,0
2015,LIAM,793,793,0
2015,MARCELLO,9,9,0
2015,MARCO,62,62,0
2015,MATTHIEU,6,6,0
2015,MATTIAS,12,12,0
2015,MAVERICK,74,74,0
2015,MAVRICK,6,6,0
2015,MAX,196,196,0
2015,MAXEN,6,6,0
2015,MAXIM,45,45,0
2015,MAXIME,26,26,0
2015,MAXIMILIAN,36,36,0
2015,MAXIMILIANO,15,15,0
2015,MAXIMO,7,7,0
2015,MAXIMUS,90,90,0
2015,MAXTON,8,8,0
2015,MAXWELL,141,141,0
2015,MAXX,11,11,0
2015,MAYSON,8,8,0
2015,MAZEN,6,6,0
2015,MAZIN,7,7,0
2015,MD,6,6,0
2015,MATTHIAS,21,21,0
2015,MATTHEW,384,384,0
2015,MATTEO,161,161,0
2015,MATIAS,23,23,0
2015,MARCOS,9,9,0
2015,MARCUS,218,218,0
2015,MARIO,15,15,0
2015,MARK,63,63,0
2015,MARKO,22,22,0
2015,MARKUS,34,34,0
2015,MARLON,6,6,0
2015,MARSHALL,58,58,0
2015,MARTIN,67,67,0
2015,MARCELO,10,10,0
2015,MARVIN,16,16,0
2015,MASEN,6,6,0
2015,MASON,630,630,0
2015,MASSIMO,27,27,0
2015,MATEO,115,115,0
2015,MATEUS,7,7,0
2015,MATHEW,14,14,0
2015,MATHIAS,24,24,0
2015,MATHIEU,11,11,0
2015,MATHIS,17,17,0
2015,MARWAN,6,6,0
2015,LEYTON,10,10,0
2015,LEWIS,23,23,0
2015,LEVY,6,6,0
2015,KEON,11,11,0
2015,KESLER,6,6,0
2015,KEVIN,92,92,0
2015,KEYAN,6,6,0
2015,KEYON,6,6,0
2015,KHALED,8,8,0
2015,KHALID,15,15,0
2015,KHALIL,16,16,0
2015,KIAAN,9,9,0
2015,KIAN,59,59,0
2015,KIERAN,47,47,0
2015,KILLIAN,14,14,0
2015,KING,15,15,0
2015,KINGSLEY,42,42,0
2015,KINGSTON,67,67,0
2015,KIRAN,10,10,0
2015,KISHAN,6,6,0
2015,KIYAN,8,8,0
2015,KNOX,34,34,0
2015,KENTON,8,8,0
2015,KENNETH,39,39,0
2015,KENDRICK,14,14,0
2015,KENAN,7,7,0
2015,KAREEM,24,24,0
2015,KARIM,13,13,0
2015,KARL,8,8,0
2015,KARSON,28,28,0
2015,KARTER,39,39,0
2015,KARTHIK,6,6,0
2015,KASH,12,12,0
2015,KASHTON,6,6,0
2015,KAYDEN,119,119,0
2015,KOBE,17,17,0
2015,KAYSEN,7,7,0
2015,KEAGAN,14,14,0
2015,KEATON,40,40,0
2015,KEEGAN,66,66,0
2015,KEENAN,16,16,0
2015,KEITH,29,29,0
2015,KELLAN,13,13,0
2015,KELTON,7,7,0
2015,KELVIN,10,10,0
2015,KEN,7,7,0
2015,KAYSON,14,14,0
2015,KOBY,7,7,0
2015,KODY,10,10,0
2015,KOEN,19,19,0
2015,LANDEN,36,36,0
2015,LANDON,207,207,0
2015,LANDYN,23,23,0
2015,LANE,14,14,0
2015,LAWRENCE,22,22,0
2015,LAWSON,20,20,0
2015,LAYNE,12,12,0
2015,LAZAR,9,9,0
2015,LEANDRO,13,13,0
2015,LANCE,9,9,0
2015,LEIF,6,6,0
2015,LEO,199,199,0
2015,LEON,22,22,0
2015,LEONARD,18,18,0
2015,LEONARDO,59,59,0
2015,LEONEL,7,7,0
2015,LEONIDAS,17,17,0
2015,LEV,15,15,0
2015,LEVI,237,237,0
2015,LEVON,7,7,0
2015,LELAND,21,21,0
2015,GERALD,6,6,0
2015,LAITH,13,13,0
2015,LÉON,6,6,0
2015,KOHEN,20,20,0
2015,KOLBY,7,7,0
2015,KOLE,15,15,0
2015,KOLTEN,11,11,0
2015,KOLTON,27,27,0
2015,KONNOR,8,8,0
2015,KONSTANTIN,6,6,0
2015,KONSTANTINOS,6,6,0
2015,KRISH,24,24,0
2015,LACHLAN,47,47,0
2015,KRISTIAN,15,15,0
2015,KRYSTIAN,6,6,0
2015,KURTIS,6,6,0
2015,KUSH,7,7,0
2015,KYLAN,6,6,0
2015,KYLE,103,103,0
2015,KYLER,18,18,0
2015,KYRIE,25,25,0
2015,KYSON,11,11,0
2015,LÉO,27,27,0
2015,KRISTOPHER,9,9,0
2015,PRINCE,15,15,0
2015,NURA,6,0,6
2015,SAHANA,6,0,6
2015,HAILEY,236,0,236
2015,HALA,6,0,6
2015,HALEY,34,0,34
2015,HALIMA,10,0,10
2015,HALLE,15,0,15
2015,HALLIE,9,0,9
2015,HANA,43,0,43
2015,HANEEN,7,0,7
2015,HANIYA,15,0,15
2015,HANNA,43,0,43
2015,HANNAH,354,0,354
2015,HAREEM,14,0,14
2015,HARGUN,8,0,8
2015,HARINI,7,0,7
2015,HARLEEN,16,0,16
2015,HARLEY,35,13,22
2015,HARLOW,41,0,41
2015,HAILEE,10,0,10
2015,HAIDYN,7,0,7
2015,HAFSAH,7,0,7
2015,HAFSA,21,0,21
2015,GLORIA,22,0,22
2015,GRACE,357,0,357
2015,GRACELYN,16,0,16
2015,GRACELYNN,9,0,9
2015,GRACIE,41,0,41
2015,GRETA,7,0,7
2015,GUINEVERE,6,0,6
2015,GUNREET,9,0,9
2015,HARLOWE,6,0,6
2015,GURLEEN,6,0,6
2015,GURNOOR,10,0,10
2015,GWEN,24,0,24
2015,GWENDOLYN,37,0,37
2015,GWENYTH,7,0,7
2015,GWYNETH,16,0,16
2015,HADIA,6,0,6
2015,HADIYA,7,0,7
2015,HADLEY,53,0,53
2015,GURNEET,8,0,8
2015,GIULIANA,21,0,21
2015,HARMONY,31,0,31
2015,HARPER,221,0,221
2015,HUDA,7,0,7
2015,HUMAIRA,9,0,9
2015,HUNTER,398,369,29
2015,HUSNA,8,0,8
2015,IDA,6,0,6
2015,ILA,15,0,15
2015,ILARIA,6,0,6
2015,ILIANA,8,0,8
2015,IMAAN,8,0,8
2015,IMAN,13,0,13
2015,IMANI,10,0,10
2015,IMOGEN,11,0,11
2015,INAAYA,31,0,31
2015,INARA,17,0,17
2015,INAYA,25,0,25
2015,INAYAH,13,0,13
2015,INDIA,6,0,6
2015,HOPE,57,0,57
2015,HOLLY,47,0,47
2015,HILLARY,11,0,11
2015,HIBA,9,0,9
2015,HARRIET,12,0,12
2015,HARSEERAT,6,0,6
2015,HAVEN,23,7,16
2015,HAWA,13,0,13
2015,HAYA,18,0,18
2015,HAYAT,6,0,6
2015,HAYDEN,196,149,47
2015,HAYLEE,12,0,12
2015,HARNOOR,12,0,12
2015,HAYLEIGH,6,0,6
2015,HAZEL,133,0,133
2015,HEATHER,17,0,17
2015,HEAVEN,7,0,7
2015,HEER,6,0,6
2015,HEIDI,47,0,47
2015,HELEN,20,0,20
2015,HELENA,32,0,32
2015,HENLEY,9,0,9
2015,HAYLEY,33,0,33
2015,INDIE,6,0,6
2015,GIULIA,24,0,24
2015,GIORGIA,8,0,8
2015,EMMY,16,0,16
2015,ENAYA,6,0,6
2015,ERICA,28,0,28
2015,ERIKA,26,0,26
2015,ERIN,25,0,25
2015,ESHAAL,11,0,11
2015,ESME,18,0,18
2015,ESMÉ,8,0,8
2015,ESMÉE,6,0,6
2015,ESMERALDA,7,0,7
2015,ESTELLA,8,0,8
2015,ESTELLE,25,0,25
2015,ESTHER,44,0,44
2015,ETTA,12,0,12
2015,EUNICE,9,0,9
2015,EVA,172,0,172
2015,EVANGELINE,62,0,62
2015,EMMERSON,7,0,7
2015,EMMELINE,11,0,11
2015,EMME,6,0,6
2015,EMMANUELLE,9,0,9
2015,ELYSE,19,0,19
2015,ELYSIA,8,0,8
2015,EMA,6,0,6
2015,EMAAN,15,0,15
2015,EMBER,18,0,18
2015,EMELIA,16,0,16
2015,EMERALD,10,0,10
2015,EMERSON,170,119,51
2015,EVE,39,0,39
2015,EMERSYN,19,0,19
2015,EMILEE,10,0,10
2015,EMILIA,124,0,124
2015,EMILIE,34,0,34
2015,ÉMILIE,11,0,11
2015,EMILY,534,0,534
2015,EMMA,861,0,861
2015,EMMA-LEE,7,0,7
2015,EMMALINE,7,0,7
2015,EMERY,73,23,50
2015,GISELLE,18,0,18
2015,ÈVE,6,0,6
2015,EVELYN,369,0,369
2015,FLORENCE,40,0,40
2015,FRANCES,31,0,31
2015,FRANCESCA,35,0,35
2015,FRANKIE,23,6,17
2015,FREYA,57,0,57
2015,FREYJA,12,0,12
2015,GABRIELA,34,0,34
2015,GABRIELLA,139,0,139
2015,GABRIELLE,102,0,102
2015,GEMMA,55,0,55
2015,GENESIS,23,8,15
2015,GENEVIEVE,36,0,36
2015,GEORGIA,136,0,136
2015,GEORGINA,7,0,7
2015,GIA,33,0,33
2015,GIANNA,27,0,27
2015,GILLIAN,10,0,10
2015,FLORA,9,0,9
2015,FIONA,88,0,88
2015,FINNLEY,31,25,6
2015,FINLEY,105,63,42
2015,EVELYNE,16,0,16
2015,EVELYNN,18,0,18
2015,EVER,7,0,7
2015,EVERLEE,13,0,13
2015,EVERLEIGH,35,0,35
2015,EVERLEY,17,0,17
2015,EVERLY,116,0,116
2015,EVIE,15,0,15
2015,EVELINA,16,0,16
2015,FAITH,93,0,93
2015,FARAH,15,0,15
2015,FARIDA,8,0,8
2015,FARRAH,14,0,14
2015,FATIMA,104,0,104
2015,FATIMAH,12,0,12
2015,FAYE,15,0,15
2015,FELICIA,7,0,7
2015,FELICITY,38,0,38
2015,FALLON,6,0,6
2015,ELYANA,7,0,7
2015,INGRID,10,0,10
2015,IRA,15,6,9
2015,KADENCE,7,0,7
2015,KAELYN,22,0,22
2015,KAIA,35,0,35
2015,KAILA,6,0,6
2015,KAILEE,7,0,7
2015,KAILEY,17,0,17
2015,KAILYN,13,0,13
2015,KAITLIN,10,0,10
2015,KAITLYN,87,0,87
2015,KAITLYNN,7,0,7
2015,KAIYA,19,0,19
2015,KALEIGH,6,0,6
2015,KALEY,8,0,8
2015,KALI,22,0,22
2015,KALIA,7,0,7
2015,KALINA,16,0,16
2015,KALIYAH,7,0,7
2015,KACEY,8,0,8
2015,JUSTINA,10,0,10
2015,JUNIPER,16,0,16
2015,JUNE,16,0,16
2015,JORJA,8,0,8
2015,JOSEPHINE,72,0,72
2015,JOSIE,31,0,31
2015,JOSLYN,6,0,6
2015,JOURNEY,8,0,8
2015,JOVIE,7,0,7
2015,JOY,26,0,26
2015,JOYCE,15,0,15
2015,KALLIE,13,0,13
2015,JUDE,86,68,18
2015,JUDY,15,0,15
2015,JULIA,237,0,237
2015,JULIANA,59,0,59
2015,JULIANNA,43,0,43
2015,JULIANNE,11,0,11
2015,JULIE,28,0,28
2015,JULIET,43,0,43
2015,JULIETTE,44,0,44
2015,JUDITH,10,0,10
2015,JORDYN,88,0,88
2015,KAMILA,7,0,7
2015,KARA,45,0,45
2015,KATHRYN,25,0,25
2015,KATIA,6,0,6
2015,KATIE,41,0,41
2015,KATRINA,30,0,30
2015,KAYA,16,0,16
2015,KAYDENCE,20,0,20
2015,KAYLA,97,0,97
2015,KAYLEE,91,0,91
2015,KAYLEIGH,30,0,30
2015,KAYLEY,9,0,9
2015,KAYLIE,10,0,10
2015,KAYLIN,10,0,10
2015,KEELY,8,0,8
2015,KEERAT,6,0,6
2015,KEEVA,6,0,6
2015,KEIRA,115,0,115
2015,KELLY,23,0,23
2015,KATHLEEN,17,0,17
2015,KATHERINE,97,0,97
2015,KATHARINA,6,0,6
2015,KATERINA,26,0,26
2015,KAREENA,6,0,6
2015,KAREN,12,0,12
2015,KARINA,24,0,24
2015,KARIS,7,0,7
2015,KARISSA,6,0,6
2015,KARLA,6,0,6
2015,KARLEE,9,0,9
2015,KARLIE,8,0,8
2015,KAMRYN,6,0,6
2015,KARMA,6,0,6
2015,KASEY,7,0,7
2015,KASSANDRA,11,0,11
2015,KASSIDY,9,0,9
2015,KATALINA,12,0,12
2015,KATARINA,13,0,13
2015,KATE,92,0,92
2015,KATELYN,72,0,72
2015,KATELYNN,8,0,8
2015,KAROLINA,6,0,6
2015,IQRA,12,0,12
2015,JORDAN,216,188,28
2015,JOLENE,16,0,16
2015,JACQUELINE,23,0,23
2015,JADA,29,0,29
2015,JADE,103,0,103
2015,JADEN,81,72,9
2015,JADYN,6,0,6
2015,JAELYN,14,0,14
2015,JAELYNN,11,0,11
2015,JAHZARA,7,0,7
2015,JAIDA,7,0,7
2015,JAIME,9,0,9
2015,JAINA,7,0,7
2015,JALIYAH,7,0,7
2015,JAMIE,59,29,30
2015,JAMILA,8,0,8
2015,JANA,22,0,22
2015,JANAE,9,0,9
2015,JANE,31,0,31
2015,IZABELLE,6,0,6
2015,IZABELLA,27,0,27
2015,IZABEL,6,0,6
2015,IYLA,12,0,12
2015,IRELAND,7,0,7
2015,IRENE,27,0,27
2015,IRIS,81,0,81
2015,ISABEL,84,0,84
2015,ISABELA,8,0,8
2015,ISABELLA,479,0,479
2015,ISABELLE,222,0,222
2015,ISADORA,9,0,9
2015,JANELLE,23,0,23
2015,ISHA,7,0,7
2015,ISLA,297,0,297
2015,ISOBEL,19,0,19
2015,ISRA,10,0,10
2015,ISRAA,6,0,6
2015,IVA,9,0,9
2015,IVANA,7,0,7
2015,IVORY,7,0,7
2015,IVY,162,0,162
2015,ISHANA,7,0,7
2015,JOLIE,9,0,9
2015,JANESSA,11,0,11
2015,JANICE,9,0,9
2015,JENNA,50,0,50
2015,JENNAH,6,0,6
2015,JENNIFER,29,0,29
2015,JENNY,15,0,15
2015,JESSA,13,0,13
2015,JESSICA,80,0,80
2015,JESSIE,34,6,28
2015,JEWEL,13,0,13
2015,JIA,10,0,10
2015,JILLIAN,28,0,28
2015,JIYA,12,0,12
2015,JOANNA,61,0,61
2015,JOANNE,7,0,7
2015,JOCELYN,58,0,58
2015,JOELLE,15,0,15
2015,JOEY,32,25,7
2015,JOHANNA,17,0,17
2015,JEMMA,15,0,15
2015,JAZMINE,12,0,12
2015,JAZMIN,6,0,6
2015,JAZLYN,7,0,7
2015,JANIYAH,9,0,9
2015,JANNA,6,0,6
2015,JANNAH,7,0,7
2015,JANNAT,17,0,17
2015,JAPJI,12,0,12
2015,JAPNEET,8,0,8
2015,JASLEEN,12,0,12
2015,JASMIN,12,0,12
2015,JANET,8,0,8
2015,JASMINA,6,0,6
2015,JAYCEE,8,0,8
2015,JAYDA,20,0,20
2015,JAYDE,8,0,8
2015,JAYDEN,291,279,12
2015,JAYLA,18,0,18
2015,JAYLAH,9,0,9
2015,JAYLYNN,6,0,6
2015,JAYNA,9,0,9
2015,JASMINE,124,0,124
2015,KELSEY,12,0,12
2015,ELSIE,33,0,33
2015,ELORA,28,0,28
2015,AYA,25,0,25
2015,AYAH,25,0,25
2015,AYANA,12,0,12
2015,AYANNA,7,0,7
2015,AYAT,7,0,7
2015,AYESHA,36,0,36
2015,AYEZA,8,0,8
2015,AYLA,95,0,95
2015,AYRA,12,0,12
2015,AYSHA,8,0,8
2015,AYVA,13,0,13
2015,AYVAH,6,0,6
2015,AZALEA,20,0,20
2015,AZARIAH,15,8,7
2015,AZRA,6,0,6
2015,BAANI,6,0,6
2015,BABY,27,17,10
2015,AVREEN,7,0,7
2015,AVNOOR,11,0,11
2015,AVNEET,13,0,13
2015,AVLEEN,20,0,20
2015,AUDREY,288,0,288
2015,AUDRINA,22,0,22
2015,AURELIA,20,0,20
2015,AURORA,118,0,118
2015,AUSTYN,12,6,6
2015,AUTUMN,128,0,128
2015,AVA,653,0,653
2015,AVAH,11,0,11
2015,BAILEY,43,0,43
2015,AVALON,8,0,8
2015,AVALYNN,10,0,10
2015,AVANI,15,0,15
2015,AVAYA,7,0,7
2015,AVELINE,7,0,7
2015,AVERIE,30,0,30
2015,AVERY,502,79,423
2015,AVIA,8,0,8
2015,AVIANA,8,0,8
2015,AVALYN,6,0,6
2015,AUDRA,6,0,6
2015,BANI,6,0,6
2015,BEATRICE,43,0,43
2015,BRIANA,6,0,6
2015,BRIANNA,83,0,83
2015,BRIANNE,7,0,7
2015,BRIAR,37,0,37
2015,BRIDGET,31,0,31
2015,BRIDGETTE,6,0,6
2015,BRIELLA,17,0,17
2015,BRIELLE,82,0,82
2015,BRINLEY,33,0,33
2015,BRISTOL,6,0,6
2015,BRITTANY,11,0,11
2015,BRONWYN,14,0,14
2015,BROOKE,123,0,123
2015,BROOKLYN,232,0,232
2015,BROOKLYNN,45,0,45
2015,BRYN,7,0,7
2015,BRYNLEE,28,0,28
2015,BRIA,16,0,16
2015,BREANNA,18,0,18
2015,BREA,10,0,10
2015,BRAELYNN,8,0,8
2015,BÉATRICE,11,0,11
2015,BEATRIX,23,0,23
2015,BECCA,6,0,6
2015,BELLA,72,0,72
2015,BELLE,9,0,9
2015,BETH,8,0,8
2015,BETHANY,29,0,29
2015,BETHEL,6,0,6
2015,BARBARA,8,0,8
2015,BETTY,10,0,10
2015,BLAIR,41,12,29
2015,BLAIRE,18,0,18
2015,BLAKE,279,246,33
2015,BLAKELEY,6,0,6
2015,BLAKELY,24,0,24
2015,BLYTHE,8,0,8
2015,BONNIE,8,0,8
2015,BRAELYN,21,0,21
2015,BIANCA,67,0,67
2015,BRYNN,41,0,41
2015,AUBRIE,11,0,11
2015,AUBREE,98,0,98
2015,ANIKA,35,0,35
2015,ANITA,10,0,10
2015,ANIYA,9,0,9
2015,ANIYAH,19,0,19
2015,ANJA,6,0,6
2015,ANN,6,0,6
2015,ANNA,259,0,259
2015,ANNABEL,20,0,20
2015,ANNABELLA,30,0,30
2015,ANNABELLE,123,0,123
2015,ANNALEE,6,0,6
2015,ANNALISA,8,0,8
2015,ANNALISE,15,0,15
2015,ANNE,15,0,15
2015,ANNELIESE,10,0,10
2015,ANNIE,45,0,45
2015,ANNIKA,36,0,36
2015,ANGELINE,11,0,11
2015,ANGELINA,83,0,83
2015,ANGELIKA,6,0,6
2015,ANGELICA,20,0,20
2015,AMREEN,8,0,8
2015,AMY,55,0,55
2015,ANA,38,0,38
2015,ANABEL,6,0,6
2015,ANABELLA,7,0,7
2015,ANABELLE,22,0,22
2015,ANAÏS,15,0,15
2015,ANAIYA,8,0,8
2015,ANOUK,8,0,8
2015,ANANYA,18,0,18
2015,ANAYA,62,0,62
2015,ANAYAH,21,0,21
2015,ANDI,17,0,17
2015,ANDIE,17,0,17
2015,ANDREA,39,7,32
2015,ANEESA,7,0,7
2015,ANGEL,49,7,42
2015,ANGELA,64,0,64
2015,ANASTASIA,60,0,60
2015,AUBREY,189,7,182
2015,ANTONIA,8,0,8
2015,ANVI,9,0,9
2015,ARWA,8,0,8
2015,ARWEN,6,0,6
2015,ARYA,124,7,117
2015,ARYANA,17,0,17
2015,ARYANNA,12,0,12
2015,ASEES,6,0,6
2015,ASHA,9,0,9
2015,ASHLEY,76,0,76
2015,ASHLYN,17,0,17
2015,ASHLYNN,19,0,19
2015,ASIA,8,0,8
2015,ASIYA,10,0,10
2015,ASIYAH,6,0,6
2015,ASMA,9,0,9
2015,ASPEN,19,0,19
2015,ASTRID,10,0,10
2015,ATHENA,84,0,84
2015,ARIZONA,7,0,7
2015,ARIYANA,9,0,9
2015,ARIYAH,12,0,12
2015,ARIYA,34,0,34
2015,ANYA,27,0,27
2015,AOIFE,8,0,8
2015,APRIL,23,0,23
2015,AQSA,8,0,8
2015,ARABELLA,44,0,44
2015,ARABELLE,6,0,6
2015,AREEBA,7,0,7
2015,ARIA,336,0,336
2015,ANUSHKA,7,0,7
2015,ARIAH,17,0,17
2015,ARIANE,10,0,10
2015,ARIANNA,144,0,144
2015,ARIANNE,6,0,6
2015,ARIEL,70,8,62
2015,ARIELA,10,0,10
2015,ARIELLA,37,0,37
2015,ARIELLE,34,0,34
2015,ARISSA,8,0,8
2015,ARIANA,170,0,170
2015,ELSA,61,0,61
2015,BUSHRA,6,0,6
2015,CAIA,6,0,6
2015,DESTINY,26,0,26
2015,DEVORA,6,0,6
2015,DEVYN,7,0,7
2015,DIA,9,0,9
2015,DIAMOND,7,0,7
2015,DIANA,45,0,45
2015,DINA,12,0,12
2015,DIVINE,8,0,8
2015,DIVYA,7,0,7
2015,DIYA,21,0,21
2015,DOMINIQUE,15,0,15
2015,DONYA,6,0,6
2015,DORIS,8,0,8
2015,DOROTHY,9,0,9
2015,DREW,55,44,11
2015,DUA,9,0,9
2015,DYLAN,278,254,24
2015,DESIREE,8,0,8
2015,DENISE,11,0,11
2015,DELPHINE,9,0,9
2015,DELILAH,63,0,63
2015,DANIA,11,0,11
2015,DANICA,43,0,43
2015,DANIELA,32,0,32
2015,DANIELLA,45,0,45
2015,DANIELLE,53,0,53
2015,DANIKA,28,0,28
2015,DANYA,7,0,7
2015,DAPHNE,31,0,31
2015,EDEN,89,18,71
2015,DAPHNÉ,6,0,6
2015,DARLA,6,0,6
2015,DAWN,7,0,7
2015,DAYA,8,0,8
2015,DAYNA,6,0,6
2015,DEANNA,9,0,9
2015,DEBORAH,10,0,10
2015,DELANEY,10,0,10
2015,DELIA,11,0,11
2015,DARIA,8,0,8
2015,DANI,16,0,16
2015,EDIE,8,0,8
2015,EILEEN,7,0,7
2015,ELIZABETH,278,0,278
2015,ELLA,431,0,431
2015,ELLE,27,0,27
2015,ELLEN,18,0,18
2015,ELLENA,10,0,10
2015,ELLIA,11,0,11
2015,ELLIANA,19,0,19
2015,ELLIANNA,9,0,9
2015,ELLIE,185,0,185
2015,ELLIOT,116,105,11
2015,ELLIOTT,112,98,14
2015,ELLIS,38,29,9
2015,ELLY,14,0,14
2015,ELODIE,9,0,9
2015,ÉLODIE,12,0,12
2015,ELOISE,52,0,52
2015,ÉLOÏSE,9,0,9
2015,ELIZA,49,0,49
2015,ELISSA,12,0,12
2015,ELISHA,7,0,7
2015,ELISE,84,0,84
2015,ELAINA,37,0,37
2015,ELAINE,17,0,17
2015,ELAYNA,11,0,11
2015,ELEANOR,128,0,128
2015,ELEANORA,6,0,6
2015,ELEKTRA,8,0,8
2015,ELENA,112,0,112
2015,ELENI,9,0,9
2015,EDITH,27,0,27
2015,ELIA,9,0,9
2015,ELIANNA,11,0,11
2015,ELIF,7,0,7
2015,ELIN,6,0,6
2015,ELINA,16,0,16
2015,ELINOR,8,0,8
2015,ELIORA,6,0,6
2015,ELISA,22,0,22
2015,ELISABETH,15,0,15
2015,ELIANA,88,0,88
2015,CADENCE,38,0,38
2015,DANA,14,0,14
2015,DALIA,12,0,12
2015,CARYS,13,0,13
2015,CASEY,34,24,10
2015,CASSANDRA,50,0,50
2015,CASSIA,15,0,15
2015,CASSIDY,41,0,41
2015,CATALEYA,19,0,19
2015,CATALINA,28,0,28
2015,CATHERINE,85,0,85
2015,CATHY,8,0,8
2015,CECELIA,7,0,7
2015,CECILIA,67,0,67
2015,CECILY,9,0,9
2015,CELESTE,24,0,24
2015,CÉLESTE,7,0,7
2015,CELINA,21,0,21
2015,CELINE,36,0,36
2015,CHANEL,9,0,9
2015,CARTER,471,463,8
2015,CAROLYN,8,0,8
2015,CAROLINE,31,0,31
2015,CAROLINA,11,0,11
2015,CAITLIN,25,0,25
2015,CAITLYN,18,0,18
2015,CALEIGH,14,0,14
2015,CALI,39,0,39
2015,CALLA,19,0,19
2015,CALLIE,65,0,65
2015,CALLIOPE,7,0,7
2015,CAMERON,239,224,15
2015,CHANTELLE,8,0,8
2015,CAMILA,29,0,29
2015,CAMILLE,33,0,33
2015,CAMRYN,12,0,12
2015,CANDICE,13,0,13
2015,CARA,24,0,24
2015,CARINA,15,0,15
2015,CARLY,23,0,23
2015,CARMELA,7,0,7
2015,CARMEN,24,0,24
2015,CAMILLA,23,0,23
2015,DALLAS,59,50,9
2015,CHARLEE,42,0,42
2015,CHARLENE,8,0,8
2015,CLARISSA,16,0,16
2015,CLARKE,18,10,8
2015,CLAUDIA,13,0,13
2015,CLEMENTINE,9,0,9
2015,COLBIE,8,0,8
2015,COLETTE,10,0,10
2015,CONNIE,8,0,8
2015,CORA,41,0,41
2015,CORAL,6,0,6
2015,CORALIE,13,0,13
2015,CORDELIA,12,0,12
2015,COURTNEY,12,0,12
2015,CRYSTAL,23,0,23
2015,CYNTHIA,21,0,21
2015,DAHLIA,29,0,29
2015,DAISY,32,0,32
2015,DAKOTA,46,18,28
2015,CLARE,25,0,25
2015,CLARA,184,0,184
2015,CLAIRE,305,0,305
2015,CLAIRA,13,0,13
2015,CHARLEY,23,0,23
2015,CHARLIE,211,138,73
2015,CHARLIZE,8,0,8
2015,CHARLOTTE,685,0,685
2015,CHAYA,10,0,10
2015,CHELSEA,83,0,83
2015,CHELSEY,9,0,9
2015,CHEYENNE,9,0,9
2015,CHARLEIGH,17,0,17
2015,CHIARA,26,0,26
2015,CHLOÉ,63,0,63
2015,CHLOË,6,0,6
2015,CHRISTIANA,7,0,7
2015,CHRISTINA,59,0,59
2015,CHRISTINE,20,0,20
2015,CIARA,18,0,18
2015,CIERRA,6,0,6
2015,CINDY,18,0,18
2015,CHLOE,430,0,430
2015,KENDALL,46,0,46
2015,KENDRA,23,0,23
2015,KENLEY,7,0,7
2015,RUBY,139,0,139
2015,RUHI,8,0,8
2015,RUQAYYAH,6,0,6
2015,RUTH,25,0,25
2015,RYAN,449,431,18
2015,RYANN,15,0,15
2015,RYLAN,81,66,15
2015,RYLEE,56,0,56
2015,RYLEIGH,40,0,40
2015,RYLIE,28,6,22
2015,SAANVI,11,0,11
2015,SABINA,6,0,6
2015,SABRINA,69,0,69
2015,SADIE,178,0,178
2015,SAFA,15,0,15
2015,SAFIA,6,0,6
2015,SAFIYA,12,0,12
2015,ROXANNE,6,0,6
2015,ROWYN,7,0,7
2015,ROWAN,137,93,44
2015,ROSLYN,8,0,8
2015,RILYNN,9,0,9
2015,RIPLEY,7,0,7
2015,RITA,18,0,18
2015,RIVER,83,49,34
2015,RIYA,23,0,23
2015,ROBIN,26,16,10
2015,ROBYN,26,0,26
2015,ROMY,10,0,10
2015,SAGE,45,9,36
2015,RORY,81,52,29
2015,ROSALIA,6,0,6
2015,ROSALIE,68,0,68
2015,ROSALYN,11,0,11
2015,ROSANNA,8,0,8
2015,ROSE,101,0,101
2015,ROSELYN,8,0,8
2015,ROSEMARY,19,0,19
2015,ROSIE,14,0,14
2015,ROSA,13,0,13
2015,RILEY,254,108,146
2015,SAHAR,10,0,10
2015,SAIGE,10,0,10
2015,SAVANNAH,160,0,160
2015,SAVREEN,11,0,11
2015,SAWYER,210,160,50
2015,SCARLET,34,0,34
2015,SCARLETT,304,0,304
2015,SCARLETTE,14,0,14
2015,SCOTLYN,6,0,6
2015,SEERAT,29,0,29
2015,SEHAJ,13,0,13
2015,SELAH,9,0,9
2015,SELENA,95,0,95
2015,SELIN,7,0,7
2015,SELINA,27,0,27
2015,SELMA,7,0,7
2015,SERAFINA,6,0,6
2015,SERAPHINA,9,0,9
2015,SEREN,8,0,8
2015,SAVANNA,22,0,22
2015,SASHA,30,9,21
2015,SARINA,23,0,23
2015,SARGUN,9,0,9
2015,SAIRA,10,0,10
2015,SAKINA,12,0,12
2015,SALENA,6,0,6
2015,SALINA,8,0,8
2015,SALLY,11,0,11
2015,SALMA,22,0,22
2015,SAMA,14,0,14
2015,SAMAIRA,7,0,7
2015,SAHARA,7,0,7
2015,SAMANTHA,134,0,134
2015,SAMIRA,11,0,11
2015,SANA,20,0,20
2015,SANDRA,13,0,13
2015,SANDY,6,0,6
2015,SAOIRSE,11,0,11
2015,SAPHIRA,6,0,6
2015,SARA,127,0,127
2015,SARAH,257,0,257
2015,SAMARA,14,0,14
2015,SERENA,86,0,86
2015,RIDLEY,6,0,6
2015,RIA,10,0,10
2015,PAISLEY,139,0,139
2015,PAITYN,12,0,12
2015,PARIS,15,0,15
2015,PARISA,8,0,8
2015,PARKER,210,175,35
2015,PARNEET,9,0,9
2015,PASCALE,6,0,6
2015,PATRICIA,12,0,12
2015,PAULINA,9,0,9
2015,PAYTON,81,0,81
2015,PEARL,22,0,22
2015,PEIGHTON,6,0,6
2015,PENELOPE,167,0,167
2015,PENNY,16,0,16
2015,PETRA,14,0,14
2015,PEYTON,148,22,126
2015,PHOEBE,33,0,33
2015,PAISLEE,16,0,16
2015,PAIGE,110,0,110
2015,OVIYA,6,0,6
2015,ORIANA,6,0,6
2015,NOOR,43,0,43
2015,NORA,188,0,188
2015,NORAH,124,0,124
2015,NOUR,14,0,14
2015,NOURA,8,0,8
2015,NOVA,54,0,54
2015,NUSAYBAH,7,0,7
2015,NYA,10,0,10
2015,PHOENIX,82,57,25
2015,NYAH,9,0,9
2015,NYLAH,19,0,19
2015,OCEAN,11,0,11
2015,OCÉANE,6,0,6
2015,OCTAVIA,32,0,32
2015,OLIVE,50,0,50
2015,OLIVIA,938,0,938
2015,OPAL,11,0,11
2015,OPHELIA,26,0,26
2015,NYLA,38,0,38
2015,RIDA,7,0,7
2015,PIPER,125,0,125
2015,POPPY,32,0,32
2015,RAYA,30,0,30
2015,RAYNA,24,0,24
2015,RAYNE,9,0,9
2015,REAGAN,22,0,22
2015,REBECCA,69,0,69
2015,REBEKAH,23,0,23
2015,REECE,24,17,7
2015,REEM,11,0,11
2015,REESE,71,13,58
2015,REET,12,0,12
2015,REIGN,18,6,12
2015,REINA,10,0,10
2015,REMI,22,8,14
2015,REMY,31,23,8
2015,RENEE,14,0,14
2015,REYA,7,0,7
2015,RHEA,20,0,20
2015,RAWAN,8,0,8
2015,RAVEN,28,6,22
2015,RAQUEL,6,0,6
2015,RANIA,9,0,9
2015,PRECIOUS,10,0,10
2015,PRESLEY,32,6,26
2015,PRINCESS,6,0,6
2015,PRISCILLA,16,0,16
2015,PRIYA,11,0,11
2015,PYPER,11,0,11
2015,QUEENIE,10,0,10
2015,QUINN,256,57,199
2015,POLINA,9,0,9
2015,RACHAEL,15,0,15
2015,RAE,11,0,11
2015,RAEGAN,13,0,13
2015,RAELYN,15,0,15
2015,RAELYNN,18,0,18
2015,RAHAF,7,0,7
2015,RAINA,13,0,13
2015,RAINE,7,0,7
2015,RAMONA,9,0,9
2015,RACHEL,121,0,121
2015,NOÉMIE,10,0,10
2015,SERENE,7,0,7
2015,SHAE,10,0,10
2015,VALERIE,53,0,53
2015,VANESSA,88,0,88
2015,VASILIKI,6,0,6
2015,VAYDA,6,0,6
2015,VEDA,13,0,13
2015,VEDIKA,6,0,6
2015,VERA,33,0,33
2015,VERONICA,48,0,48
2015,VERONIKA,10,0,10
2015,VICKY,17,0,17
2015,VICTORIA,345,0,345
2015,VIENNA,50,0,50
2015,VIKTORIA,9,0,9
2015,VIOLA,11,0,11
2015,VIOLET,268,0,268
2015,VIOLETTE,10,0,10
2015,VIVIAN,94,0,94
2015,VALERIA,13,0,13
2015,VALENTINA,87,0,87
2015,VADA,7,0,7
2015,TRUDY,9,0,9
2015,TESLA,6,0,6
2015,TESS,8,0,8
2015,TESSA,112,0,112
2015,THALIA,13,0,13
2015,THEA,39,0,39
2015,THEIA,8,0,8
2015,THEODORA,6,0,6
2015,THERESA,8,0,8
2015,VIVIANA,6,0,6
2015,TIA,26,0,26
2015,TIANNA,19,0,19
2015,TIARA,7,0,7
2015,TIFFANY,32,0,32
2015,TINA,27,0,27
2015,TORI,8,0,8
2015,TRACY,6,0,6
2015,TRINITY,40,0,40
2015,TRISHA,8,0,8
2015,TIANA,16,0,16
2015,TERESA,18,0,18
2015,VIVIEN,11,0,11
2015,WENDY,9,0,9
2015,ZARIAH,10,0,10
2015,ZAYNA,9,0,9
2015,ZAYNAB,26,0,26
2015,ZAYNAH,8,0,8
2015,ZELDA,6,0,6
2015,ZENDAYA,9,0,9
2015,ZIA,6,0,6
2015,ZION,50,44,6
2015,ZIYA,9,0,9
2015,ZOE,188,0,188
2015,ZOÉ,39,0,39
2015,ZOË,31,0,31
2015,ZOEY,210,0,210
2015,ZOFIA,6,0,6
2015,ZOHA,15,0,15
2015,ZOYA,26,0,26
2015,ZURI,11,0,11
2015,ZARIA,6,0,6
2015,ZARA,96,0,96
2015,ZAINAB,58,0,58
2015,ZAINA,14,0,14
2015,WHITNEY,10,0,10
2015,WILLA,22,0,22
2015,WILLOW,110,0,110
2015,WINIFRED,12,0,12
2015,WINNIE,18,0,18
2015,WINTER,17,0,17
2015,WREN,11,0,11
2015,YANA,10,0,10
2015,VIVIENNE,62,0,62
2015,YARA,19,0,19
2015,YASMIN,25,0,25
2015,YASMINE,23,0,23
2015,YSABELLE,6,0,6
2015,YUNA,12,0,12
2015,YUSRA,12,0,12
2015,YVONNE,6,0,6
2015,ZAHRA,86,0,86
2015,ZAHRAA,13,0,13
2015,YASMEEN,13,0,13
2015,SERENITY,44,0,44
2015,TENZIN,34,19,15
2015,TEGAN,15,0,15
2015,SIENNA,140,0,140
2015,SIERRA,68,0,68
2015,SIMAR,7,0,7
2015,SIMONA,18,0,18
2015,SIMONE,14,0,14
2015,SIMRAN,6,0,6
2015,SIOBHAN,7,0,7
2015,SIYA,8,0,8
2015,SKY,6,0,6
2015,SKYE,29,0,29
2015,SKYLA,23,0,23
2015,SKYLAR,92,7,85
2015,SKYLER,44,17,27
2015,SLOAN,27,0,27
2015,SLOANE,90,0,90
2015,SOFIA,345,0,345
2015,SOFIE,12,0,12
2015,SIENA,32,0,32
2015,SIDRA,11,0,11
2015,SIDNEY,25,18,7
2015,SIANNA,8,0,8
2015,SHAELYN,6,0,6
2015,SHANAYA,27,0,27
2015,SHANIA,11,0,11
2015,SHANNON,7,0,7
2015,SHANZAY,7,0,7
2015,SHARON,14,0,14
2015,SHAY,18,6,12
2015,SHAYLA,11,0,11
2015,SOFIJA,8,0,8
2015,SHAYNA,13,0,13
2015,SHEILA,6,0,6
2015,SHELBY,18,0,18
2015,SHERRY,6,0,6
2015,SHILOH,15,0,15
2015,SHREYA,14,0,14
2015,SHYANNE,8,0,8
2015,SHYLA,8,0,8
2015,SIA,9,0,9
2015,SHEA,20,8,12
2015,TENLEY,39,0,39
2015,SOFIYA,9,0,9
2015,SOLEIL,11,0,11
2015,TALA,19,0,19
2015,TALIA,76,0,76
2015,TALIAH,10,0,10
2015,TALIYAH,7,0,7
2015,TALLULAH,7,0,7
2015,TALYA,13,0,13
2015,TAMARA,14,0,14
2015,TANISHA,10,0,10
2015,TANVI,6,0,6
2015,TARA,31,0,31
2015,TARYN,16,0,16
2015,TATIANA,18,0,18
2015,TATUM,31,24,7
2015,TAYA,18,0,18
2015,TAYAH,6,0,6
2015,TAYLOR,134,20,114
2015,TEAGAN,32,0,32
2015,TABITHA,16,0,16
2015,SYLVIE,6,0,6
2015,SYLVIA,18,0,18
2015,SYEDA,26,0,26
2015,SONIA,17,0,17
2015,SOPHIA,605,0,605
2015,SOPHIE,281,0,281
2015,SORAYA,16,0,16
2015,SPENCER,138,119,19
2015,STACEY,9,0,9
2015,STELLA,189,0,189
2015,STEPHANIE,37,0,37
2015,SOHA,6,0,6
2015,STEVIE,9,0,9
2015,SUMAYA,6,0,6
2015,SUMAYYAH,6,0,6
2015,SUMMER,80,0,80
2015,SUSANA,8,0,8
2015,SUSIE,9,0,9
2015,SWARA,6,0,6
2015,SYBIL,9,0,9
2015,SYDNEY,133,0,133
2015,SUKHMANI,7,0,7
2015,NOEMI,8,0,8
2015,NOELLE,24,0,24
2015,NOA,29,0,29
2015,LIVIA,42,0,42
2015,LIYA,9,0,9
2015,LIYANA,15,0,15
2015,LOGAN,663,638,25
2015,LOLA,37,0,37
2015,LONDON,60,12,48
2015,LONDYN,11,0,11
2015,LORELAI,9,0,9
2015,LORELEI,16,0,16
2015,LORENA,7,0,7
2015,LORETTA,7,0,7
2015,LORI,8,0,8
2015,LOUISA,11,0,11
2015,LOUISE,12,0,12
2015,LUANA,7,0,7
2015,LUCIA,23,0,23
2015,LUCIANA,10,0,10
2015,LIV,26,0,26
2015,LISA,33,0,33
2015,LINDSEY,17,0,17
2015,LINDSAY,14,0,14
2015,LILAH,53,0,53
2015,LILIA,20,0,20
2015,LILIAN,21,0,21
2015,LILIANA,63,0,63
2015,LILIANE,6,0,6
2015,LILIANNA,12,0,12
2015,LILIANNE,11,0,11
2015,LILITH,15,0,15
2015,LUCIE,11,0,11
2015,LILLIAN,178,0,178
2015,LILLIANNA,8,0,8
2015,LILLIE,12,0,12
2015,LILLY,71,0,71
2015,LILY,366,0,366
2015,LILYANA,7,0,7
2015,LILYANNA,9,0,9
2015,LINA,36,0,36
2015,LINDA,15,0,15
2015,LILLIANA,24,0,24
2015,LILA,61,0,61
2015,LUCILLE,14,0,14
2015,LUNA,51,0,51
2015,MADINA,17,0,17
2015,MADISON,303,0,303
2015,MADISYN,13,0,13
2015,MADYSON,8,0,8
2015,MAE,22,0,22
2015,MAÉLIE,6,0,6
2015,MAELLE,12,0,12
2015,MAËLLE,12,0,12
2015,MAEVA,10,0,10
2015,MAEVE,62,0,62
2015,MAGDALENA,11,0,11
2015,MAGGIE,42,0,42
2015,MAGNOLIA,8,0,8
2015,MAIA,38,0,38
2015,MAIRA,11,0,11
2015,MAISIE,24,0,24
2015,MAISY,11,0,11
2015,MADILYNN,12,0,12
2015,MADILYN,26,0,26
2015,MADELYNN,13,0,13
2015,MADELYN,123,0,123
2015,LUX,7,0,7
2015,LYDIA,94,0,94
2015,LYLA,85,0,85
2015,LYLAH,21,0,21
2015,LYNN,7,0,7
2015,LYRA,6,0,6
2015,LYRIC,9,0,9
2015,MABEL,24,0,24
2015,LUCY,144,0,144
2015,MACEY,9,0,9
2015,MACIE,12,0,12
2015,MACKENNA,9,0,9
2015,MACKENZIE,220,10,210
2015,MACY,31,0,31
2015,MADALYN,9,0,9
2015,MADDISON,43,0,43
2015,MADELEINE,77,0,77
2015,MADELINE,106,0,106
2015,MACI,14,0,14
2015,MAIYA,6,0,6
2015,LIDIA,7,0,7
2015,LIBBY,8,0,8
2015,KITANA,6,0,6
2015,KLARA,13,0,13
2015,KLOE,6,0,6
2015,KORA,9,0,9
2015,KRISHA,8,0,8
2015,KRISTA,6,0,6
2015,KRISTEN,12,0,12
2015,KRISTINA,23,0,23
2015,KRISTINE,6,0,6
2015,KYA,7,0,7
2015,KYAH,8,0,8
2015,KYLA,48,0,48
2015,KYLAH,7,0,7
2015,KYLEE,15,0,15
2015,KYLEIGH,13,0,13
2015,KYLIE,107,0,107
2015,KYRA,30,0,30
2015,KIRSTEN,6,0,6
2015,KIRA,39,0,39
2015,KINSLEY,56,0,56
2015,KINLEY,31,0,31
2015,KENNA,20,0,20
2015,KENNEDY,71,0,71
2015,KENSINGTON,11,0,11
2015,KENZI,8,0,8
2015,KENZIE,50,0,50
2015,KENZINGTON,6,0,6
2015,KEREN,7,0,7
2015,KEZIAH,12,0,12
2015,LACEY,13,0,13
2015,KHADIJA,29,0,29
2015,KHALEESI,12,0,12
2015,KHLOE,64,0,64
2015,KHUSHI,9,0,9
2015,KIANA,20,0,20
2015,KIANNA,8,0,8
2015,KIARA,35,0,35
2015,KIERA,46,0,46
2015,KIMBERLY,18,0,18
2015,KHADIJAH,12,0,12
2015,LIBERTY,8,0,8
2015,LAILA,48,0,48
2015,LAMAR,17,9,8
2015,LEIA,30,0,30
2015,LEIGHA,7,0,7
2015,LEILA,40,0,40
2015,LEILANI,8,0,8
2015,LENA,37,0,37
2015,LENNON,60,23,37
2015,LENNOX,38,29,9
2015,LEONA,18,0,18
2015,LEORA,6,0,6
2015,LESLIE,6,0,6
2015,LETTY,6,0,6
2015,LEXI,49,0,49
2015,LEXIE,29,0,29
2015,LEYLA,15,0,15
2015,LIA,45,0,45
2015,LIANA,29,0,29
2015,LIANNA,12,0,12
2015,LEENA,23,0,23
2015,LEEN,13,0,13
2015,LEELA,10,0,10
2015,LEANNE,12,0,12
2015,LANA,49,0,49
2015,LARA,37,0,37
2015,LARISSA,14,0,14
2015,LAURA,59,0,59
2015,LAUREL,9,0,9
2015,LAUREN,158,0,158
2015,LAURENCE,14,0,14
2015,LAURIE,7,0,7
2015,LAINEY,8,0,8
2015,LAURYN,14,0,14
2015,LAYA,8,0,8
2015,LAYAN,23,0,23
2015,LAYLA,156,0,156
2015,LAYLAH,9,0,9
2015,LEA,15,0,15
2015,LÉA,29,0,29
2015,LEAH,263,0,263
2015,LEANNA,16,0,16
2015,LAVANYA,6,0,6
2015,MAJA,16,0,16
2015,MAKAYLA,48,0,48
2015,MAKENA,6,0,6
2015,MISHA,9,0,9
2015,MIYA,11,0,11
2015,MIYAH,7,0,7
2015,MOIRA,8,0,8
2015,MOLLIE,6,0,6
2015,MOLLY,58,0,58
2015,MONA,7,0,7
2015,MONICA,26,0,26
2015,MONIKA,6,0,6
2015,MONROE,12,0,12
2015,MORGAN,99,19,80
2015,MORIAH,12,0,12
2015,MYA,149,0,149
2015,MYAH,27,0,27
2015,MYELLE,6,0,6
2015,MYLA,45,0,45
2015,MYLAH,7,0,7
2015,MISCHA,7,0,7
2015,MIRIAM,32,0,32
2015,MIRANDA,23,0,23
2015,MIRAL,6,0,6
2015,MICAELA,12,0,12
2015,MICHAELA,33,0,33
2015,MICHELA,7,0,7
2015,MICHELLE,53,0,53
2015,MIKA,19,7,12
2015,MIKAELA,44,0,44
2015,MIKAYLA,60,0,60
2015,MILA,278,0,278
2015,MYRA,50,0,50
2015,MILANA,36,0,36
2015,MILEENA,6,0,6
2015,MILENA,37,0,37
2015,MILEY,6,0,6
2015,MILLIE,11,0,11
2015,MINA,23,0,23
2015,MINAHIL,6,0,6
2015,MIRA,51,0,51
2015,MIRACLE,6,0,6
2015,MILANIA,23,0,23
2015,MIAH,18,0,18
2015,MYRAH,7,0,7
2015,NADA,6,0,6
2015,NERIAH,11,0,11
2015,NEVAEH,81,0,81
2015,NEVE,10,0,10
2015,NEVEAH,7,0,7
2015,NIA,26,0,26
2015,NIAMH,7,0,7
2015,NICOLA,14,8,6
2015,NICOLE,77,0,77
2015,NIKA,9,0,9
2015,NIKITA,18,11,7
2015,NIKKI,6,0,6
2015,NILA,10,0,10
2015,NIMRAT,6,0,6
2015,NIMRIT,7,0,7
2015,NINA,48,0,48
2015,NIYA,8,0,8
2015,NIYAH,7,0,7
2015,NELLIE,7,0,7
2015,NEHA,9,0,9
2015,NEELA,6,0,6
2015,NAYA,35,0,35
2015,NADIA,30,0,30
2015,NADINE,12,0,12
2015,NAHLA,9,0,9
2015,NAILA,9,0,9
2015,NAILAH,8,0,8
2015,NALA,7,0,7
2015,NANCY,17,0,17
2015,NAOMI,155,0,155
2015,MYRIAM,8,0,8
2015,NAOMIE,6,0,6
2015,NATALIE,157,0,157
2015,NATALYA,6,0,6
2015,NATASHA,18,0,18
2015,NATHALIA,6,0,6
2015,NATHALIE,9,0,9
2015,NAVA,9,0,9
2015,NAVY,6,0,6
2015,NAVYA,12,0,12
2015,NATALIA,72,0,72
2015,MIA,450,0,450
2015,MEREDITH,12,0,12
2015,MERCY,6,0,6
2015,MARGARETHA,9,0,9
2015,MARGO,7,0,7
2015,MARGOT,24,0,24
2015,MARIA,150,0,150
2015,MARIAH,40,0,40
2015,MARIAM,70,0,70
2015,MARIAN,11,0,11
2015,MARIANA,18,0,18
2015,MARIANNA,9,0,9
2015,MARIANNE,13,0,13
2015,MARIE,22,0,22
2015,MARIELLE,8,0,8
2015,MARIGOLD,6,0,6
2015,MARILYN,11,0,11
2015,MARINA,20,0,20
2015,MARION,6,0,6
2015,MARISA,9,0,9
2015,MARGARET,49,0,49
2015,MAREN,7,0,7
2015,MARCELLA,6,0,6
2015,MARAM,6,0,6
2015,MAKENNA,33,0,33
2015,MAKENZIE,12,0,12
2015,MALAIKA,10,0,10
2015,MALAK,17,0,17
2015,MALAYA,8,0,8
2015,MALIA,32,0,32
2015,MALIAH,6,0,6
2015,MALINA,7,0,7
2015,MARISSA,29,0,29
2015,MALIYAH,18,0,18
2015,MANAL,9,0,9
2015,MANDY,6,0,6
2015,MANHA,15,0,15
2015,MANNAT,22,0,22
2015,MANREET,14,0,14
2015,MANUELA,9,0,9
2015,MAPLE,7,0,7
2015,MARA,14,0,14
2015,MALLORY,12,0,12
2015,MARITA,9,0,9
2015,MARIYA,7,0,7
2015,MARLEE,17,0,17
2015,MCKINLEY,20,0,20
2015,MEADOW,23,0,23
2015,MEDINA,7,0,7
2015,MEERA,16,0,16
2015,MEERAB,6,0,6
2015,MEGAN,58,0,58
2015,MEGHAN,16,0,16
2015,MEHAR,9,0,9
2015,MCKENZIE,21,0,21
2015,MEHREEN,6,0,6
2015,MELANIE,33,0,33
2015,MELIA,6,0,6
2015,MELINA,27,0,27
2015,MELINDA,7,0,7
2015,MELISSA,45,0,45
2015,MELODY,53,0,53
2015,MENAAL,8,0,8
2015,MERCEDES,10,0,10
2015,MEIRA,7,0,7
2015,AMIYAH,10,0,10
2015,MCKENNA,35,0,35
2015,MAYSA,6,0,6
2015,MARLEY,52,9,43
2015,MARLIE,7,0,7
2015,MARLOWE,13,0,13
2015,MARTHA,17,0,17
2015,MARTINA,18,0,18
2015,MARWA,18,0,18
2015,MARWAH,6,0,6
2015,MARY,71,0,71
2015,MCKAYLA,7,0,7
2015,MARYAM,114,0,114
2015,MATILDA,41,0,41
2015,MAUDE,6,0,6
2015,MAVIS,15,0,15
2015,MAY,10,0,10
2015,MAYA,334,0,334
2015,MAYAH,6,0,6
2015,MAYAR,7,0,7
2015,MAYLA,7,0,7
2015,MASA,9,0,9
2015,AMIYA,6,0,6
2015,LEIGHTON,18,0,18
2015,AMIRA,34,0,34
2015,ADELLE,11,0,11
2015,ADELYN,43,0,43
2015,ADELYNN,21,0,21
2015,ADINA,15,0,15
2015,ADITI,8,0,8
2015,ADLEY,12,0,12
2015,ADRIANA,66,0,66
2015,ADRIANNA,43,0,43
2015,ADRIENNE,6,0,6
2015,ADRINA,8,0,8
2015,AGATHA,10,0,10
2015,AGNES,10,0,10
2015,AILA,12,0,12
2015,AILEEN,8,0,8
2015,AILI,6,0,6
2015,AIMEE,9,0,9
2015,AIMÉE,6,0,6
2015,AINSLEY,59,0,59
2015,AISHA,67,0,67
2015,AISLYNN,11,0,11
2015,AIYANA,11,0,11
2015,AIZA,36,0,36
2015,AIZAH,10,0,10
2015,AJOONI,7,0,7
2015,AKIRA,7,0,7
2015,AKSHARA,11,0,11
2015,AKSHAYA,7,0,7
2015,ADELINE,44,0,44
2015,ADELINA,22,0,22
2015,ADÈLE,17,0,17
2015,ADELE,35,0,35
2015,AMIRAH,8,0,8
2015,AADYA,9,0,9
2015,AAIRA,8,0,8
2015,AAIRAH,9,0,9
2015,AALIYA,6,0,6
2015,AALIYAH,108,0,108
2015,AANYA,23,0,23
2015,AARADHYA,6,0,6
2015,AARNA,7,0,7
2015,AARYA,17,0,17
2015,ABAGAIL,7,0,7
2015,ABBEY,8,0,8
2015,ABBIE,10,0,10
2015,ALAINA,27,0,27
2015,ABBIGAIL,7,0,7
2015,ABBYGAIL,7,0,7
2015,ABIGAEL,10,0,10
2015,ABIGAIL,531,0,531
2015,ABIGALE,9,0,9
2015,ADA,31,0,31
2015,ADALYN,50,0,50
2015,ADALYNN,40,0,40
2015,ADDILYN,19,0,19
2015,ADDISON,232,8,224
2015,ADDISYN,12,0,12
2015,ADDYSON,13,0,13
2015,ADELA,10,0,10
2015,ADELAIDE,78,0,78
2015,ABBY,41,0,41
2015,ALANA,28,0,28
2015,ADALINE,11,0,11
2015,ALANNAH,10,0,10
2015,ALLEGRA,10,0,10
2015,ALLIE,25,0,25
2015,ALLISON,85,0,85
2015,ALLY,8,0,8
2015,ALLYSON,7,0,7
2015,ALMA,10,0,10
2015,ALORA,12,0,12
2015,ALTHEA,6,0,6
2015,ALYNA,7,0,7
2015,ALYSSA,168,0,168
2015,ALYVIA,8,0,8
2015,AMAL,16,0,16
2015,AMALIA,16,0,16
2015,ALIZA,33,0,33
2015,AMANDA,41,0,41
2015,AMARA,24,0,24
2015,AMAYA,50,0,50
2015,AMAYAH,8,0,8
2015,AMBER,47,0,47
2015,AMEERA,11,0,11
2015,AMELIA,449,0,449
2015,AMÉLIA,7,0,7
2015,AMELIE,8,0,8
2015,AMÉLIE,22,0,22
2015,AMEYA,8,0,8
2015,AMINA,42,0,42
2015,ALANNA,13,0,13
2015,AMINAH,11,0,11
2015,AMANI,9,0,9
2015,ALIYAH,64,0,64
2015,AMARIS,7,0,7
2015,ALIVIA,36,0,36
2015,ALAYAH,6,0,6
2015,ALAYNA,32,0,32
2015,ALIYA,40,0,40
2015,ALEAH,20,0,20
2015,ALEENA,52,0,52
2015,ALEEZA,12,0,12
2015,ALEKSANDRA,15,0,15
2015,ALENA,14,0,14
2015,ALESSANDRA,35,0,35
2015,ALESSIA,56,0,56
2015,ALEXA,95,0,95
2015,ALEXANDRA,185,0,185
2015,ALEXANDRIA,45,0,45
2015,ALEXIA,53,0,53
2015,ALESHA,8,0,8
2015,ALEXIS,196,15,181
2015,ALISHA,34,0,34
2015,ALISON,34,0,34
2015,ALEXIE,10,0,10
2015,ALISA,18,0,18
2015,ALINA,77,0,77
2015,ALICIA,48,0,48
2015,ALICE,217,0,217
2015,ALIDA,6,0,6
2015,ALISSA,12,0,12
2015,ALIANNA,6,0,6
2015,ALIANA,6,0,6
2015,ALIA,32,0,32
2015,ALI,134,127,7
2016,GUREET,6,0,6
2016,GRETCHEN,6,0,6
2016,GUINEVERE,6,0,6
2016,GRACIE,49,0,49
2016,GUNEET,7,0,7
2016,GRETA,12,0,12
2016,GURNOOR,13,0,13
2016,HABIBA,6,0,6
2016,GWENDOLYN,33,0,33
2016,GWENYTH,11,0,11
2016,GWYNETH,9,0,9
2016,HADASSAH,13,0,13
2016,HADIA,12,0,12
2016,GRACELYNN,14,0,14
2016,HADLEY,68,0,68
2016,HADIYA,9,0,9
2016,GWEN,22,0,22
2016,GRACELYN,21,0,21
2016,GENEVIEVE,50,0,50
2016,GIULIANA,23,0,23
2016,GABRIELLA,160,0,160
2016,HAFSA,26,0,26
2016,GABRIELLE,77,0,77
2016,GELILA,7,0,7
2016,GEMMA,60,0,60
2016,GENESIS,15,0,15
2016,GENEVA,6,0,6
2016,GENEVIÈVE,6,0,6
2016,GLORIA,24,0,24
2016,GEORGIA,131,0,131
2016,GIA,45,0,45
2016,GIADA,10,0,10
2016,GIANA,6,0,6
2016,GIANNA,23,0,23
2016,GILLIAN,11,0,11
2016,GIOVANNA,8,0,8
2016,GISELLE,22,0,22
2016,GIULIA,9,0,9
2016,GEORGINA,10,0,10
2016,HAFSAH,8,0,8
2016,HAYLEE,9,0,9
2016,HAILEY,227,0,227
2016,HARRIET,12,0,12
2016,HAVANA,6,0,6
2016,HAVEN,10,0,10
2016,HAWA,12,0,12
2016,HAYA,8,0,8
2016,HAYDEN,149,115,34
2016,HAYLEY,40,0,40
2016,HAYLIE,9,0,9
2016,HARPER,222,0,222
2016,HAZEL,143,0,143
2016,HEAVEN,17,0,17
2016,HEAVENLY,6,0,6
2016,HEIDI,41,0,41
2016,HELEN,17,0,17
2016,HELENA,28,0,28
2016,HENLEY,16,0,16
2016,HENSLEY,6,0,6
2016,GABRIELA,38,0,38
2016,HEATHER,12,0,12
2016,HAILEE,10,0,10
2016,HARNOOR,8,0,8
2016,HARLYNN,7,0,7
2016,HAJAR,6,0,6
2016,HALA,8,0,8
2016,HALEY,29,0,29
2016,HALLE,21,0,21
2016,HALLIE,12,0,12
2016,HANA,35,0,35
2016,HANAN,6,0,6
2016,HANIA,9,0,9
2016,HARMONY,27,0,27
2016,HANIYA,37,0,37
2016,HANNAH,371,0,371
2016,HAREEM,17,0,17
2016,HARGUN,6,0,6
2016,HARLEE,9,0,9
2016,HARLEIGH,6,0,6
2016,HARLEY,43,16,27
2016,HARLOW,50,0,50
2016,HARLYN,15,0,15
2016,HANNA,52,0,52
2016,FREYJA,6,0,6
2016,EMILY,478,0,478
2016,FRANKIE,22,6,16
2016,ÉMILIE,17,0,17
2016,HIBA,12,0,12
2016,EMMA,789,0,789
2016,EMMALYN,7,0,7
2016,EMMANUELLE,13,0,13
2016,EMMELINE,16,0,16
2016,EMMERSON,10,0,10
2016,EMMY,24,0,24
2016,ERICA,30,0,30
2016,ERIKA,17,0,17
2016,ERIN,36,0,36
2016,ESHAAL,23,0,23
2016,ESHAL,6,0,6
2016,ESME,27,0,27
2016,ESMÉ,12,0,12
2016,ESMÉE,11,0,11
2016,ESMERALDA,9,0,9
2016,EMILIE,22,0,22
2016,EMILIA,152,0,152
2016,EMILEE,7,0,7
2016,EMERY,39,15,24
2016,ELOÏSE,8,0,8
2016,ÉLOÏSE,12,0,12
2016,ELORA,38,0,38
2016,ELOWEN,6,0,6
2016,ELOWYN,6,0,6
2016,ELSA,43,0,43
2016,ELSIE,40,0,40
2016,ELYSE,25,0,25
2016,ESRA,7,0,7
2016,ELYSIA,6,0,6
2016,EMA,13,0,13
2016,EMAAN,18,0,18
2016,EMAN,9,0,9
2016,EMBER,21,0,21
2016,EMELIA,18,0,18
2016,EMERALD,10,0,10
2016,EMERSON,128,98,30
2016,EMERSYN,18,0,18
2016,ELYSSA,7,0,7
2016,FREYA,80,0,80
2016,ESTELLA,6,0,6
2016,ESTHER,55,0,55
2016,FARRAH,13,0,13
2016,FATEMA,8,0,8
2016,FATIMA,83,0,83
2016,FATIMAH,22,0,22
2016,FATMA,6,0,6
2016,FAYE,22,0,22
2016,FELICIA,8,0,8
2016,FELICITY,32,0,32
2016,FERN,10,0,10
2016,FINLEIGH,9,0,9
2016,FINLEY,114,78,36
2016,FINNLEY,39,29,10
2016,FIONA,81,0,81
2016,FLORA,15,0,15
2016,FLORENCE,35,0,35
2016,FRANCES,49,0,49
2016,FRANCESCA,28,0,28
2016,FARIDA,13,0,13
2016,FARAH,15,0,15
2016,FAITH,89,0,89
2016,EVIE,30,0,30
2016,ETTA,9,0,9
2016,EUNICE,9,0,9
2016,EVA,192,0,192
2016,EVALINA,6,0,6
2016,EVALYN,7,0,7
2016,EVANA,7,0,7
2016,EVANGELINA,7,0,7
2016,EVANGELINE,62,0,62
2016,ESTELLE,18,0,18
2016,EVE,36,0,36
2016,EVELINA,11,0,11
2016,EVELYN,413,0,413
2016,EVELYNE,7,0,7
2016,EVELYNN,16,0,16
2016,EVERLEE,13,0,13
2016,EVERLEIGH,61,0,61
2016,EVERLEY,26,0,26
2016,EVERLY,174,0,174
2016,ÈVE,6,0,6
2016,HILARY,6,0,6
2016,JASLEEN,12,0,12
2016,HOLLAND,10,0,10
2016,JUDY,26,0,26
2016,JULIA,232,0,232
2016,JULIANA,40,0,40
2016,JULIANNA,58,0,58
2016,JULIANNE,8,0,8
2016,JULIE,23,0,23
2016,JULIET,44,0,44
2016,JULIETTE,51,0,51
2016,JUNE,26,0,26
2016,JUNIPER,17,0,17
2016,JUNO,8,0,8
2016,JUSTICE,19,13,6
2016,JUSTINA,7,0,7
2016,KAELYN,15,0,15
2016,KAELYNN,6,0,6
2016,KAHLAN,6,0,6
2016,KAI,149,143,6
2016,JUDITH,12,0,12
2016,JUDE,89,82,7
2016,JOYCE,17,0,17
2016,JOY,41,0,41
2016,JIYA,16,0,16
2016,JOANNA,46,0,46
2016,JOANNE,16,0,16
2016,JOCELYN,38,0,38
2016,JOELLE,18,0,18
2016,JOEY,33,22,11
2016,JOHANNA,13,0,13
2016,JOLENE,18,0,18
2016,KAIA,47,0,47
2016,JOLIE,9,0,9
2016,JORDANA,7,0,7
2016,JORDYN,56,0,56
2016,JOSEPHINE,84,0,84
2016,JOSIE,26,0,26
2016,JOSSLYN,6,0,6
2016,JOURNEY,6,0,6
2016,JOVANA,7,0,7
2016,JOVIE,9,0,9
2016,JORDAN,209,184,25
2016,JILLIAN,29,0,29
2016,KAILEY,25,0,25
2016,KAIRA,6,0,6
2016,KASSANDRA,14,0,14
2016,KASSIDY,11,0,11
2016,KATARINA,15,0,15
2016,KATE,75,0,75
2016,KATELYN,42,0,42
2016,KATERINA,17,0,17
2016,KATHERINE,88,0,88
2016,KATHLEEN,14,0,14
2016,KATHRYN,20,0,20
2016,KATHY,6,0,6
2016,KATIA,9,0,9
2016,KATIE,41,0,41
2016,KATRINA,29,0,29
2016,KAVYA,9,0,9
2016,KAYA,15,0,15
2016,KAYDENCE,17,0,17
2016,KAYLA,81,0,81
2016,KASEY,8,0,8
2016,KAROLINA,8,0,8
2016,KARMA,6,0,6
2016,KARLIE,6,0,6
2016,KAIRI,8,0,8
2016,KAITLYN,45,0,45
2016,KAIYA,23,0,23
2016,KAIYAH,6,0,6
2016,KALEY,11,0,11
2016,KALI,24,0,24
2016,KALINA,6,0,6
2016,KALISTA,6,0,6
2016,KAILYN,7,0,7
2016,KALIYAH,10,0,10
2016,KAMILA,7,0,7
2016,KAMRYN,8,0,8
2016,KARA,52,0,52
2016,KAREN,14,0,14
2016,KARINA,20,0,20
2016,KARISSA,10,0,10
2016,KARLA,7,0,7
2016,KARLEE,9,0,9
2016,KALLIE,10,0,10
2016,JIA,15,6,9
2016,JEWEL,6,0,6
2016,JESSIE,25,0,25
2016,IRELAND,13,0,13
2016,IRENE,19,0,19
2016,IRHA,8,0,8
2016,IRIS,80,0,80
2016,ISABEL,95,0,95
2016,ISABELA,6,0,6
2016,ISABELL,7,0,7
2016,ISABELLA,432,0,432
2016,ISABELLE,217,0,217
2016,ISADORA,9,0,9
2016,ISHA,11,0,11
2016,ISLA,324,0,324
2016,ISOBEL,18,0,18
2016,ISRA,16,0,16
2016,IVANA,6,0,6
2016,IVORY,10,0,10
2016,IVY,159,0,159
2016,IRA,16,8,8
2016,IQRA,13,0,13
2016,INDIE,6,0,6
2016,INDIANA,8,0,8
2016,HOLLY,37,0,37
2016,HOORAIN,12,0,12
2016,HOPE,38,0,38
2016,HUDA,9,0,9
2016,HUNTER,352,329,23
2016,HUSNA,11,0,11
2016,IDA,8,0,8
2016,ILA,10,0,10
2016,IYLA,10,0,10
2016,ILYANA,7,0,7
2016,IMAN,12,0,12
2016,IMANI,15,0,15
2016,IMOGEN,11,0,11
2016,INAAYA,21,0,21
2016,INAAYAH,6,0,6
2016,INARA,7,0,7
2016,INAYA,22,0,22
2016,INAYAH,12,0,12
2016,IMAAN,7,0,7
2016,IZABEL,6,0,6
2016,IZABELLA,25,0,25
2016,IZABELLE,12,0,12
2016,JAYDE,12,0,12
2016,JAYDEN,297,284,13
2016,JAYLA,23,0,23
2016,JAYNA,6,0,6
2016,JAZLYN,14,0,14
2016,JAZMINE,18,0,18
2016,JAZMYN,6,0,6
2016,JEAN,16,8,8
2016,JAYDA,11,0,11
2016,JEANNE,6,0,6
2016,JEMIMA,7,0,7
2016,JEMMA,23,0,23
2016,JENNA,53,0,53
2016,JENNAH,6,0,6
2016,JENNIFER,36,0,36
2016,JENNY,6,0,6
2016,JESSA,11,0,11
2016,JESSICA,100,0,100
2016,JELENA,6,0,6
2016,HILLARY,10,0,10
2016,JAYA,8,0,8
2016,JASMIN,11,0,11
2016,JACQUELINE,38,0,38
2016,JADA,21,0,21
2016,JADE,100,0,100
2016,JAELYN,6,0,6
2016,JAIME,9,0,9
2016,JAMIE,40,27,13
2016,JANA,26,0,26
2016,JANAYA,6,0,6
2016,JASMINE,107,0,107
2016,JANE,43,0,43
2016,JANESSA,12,0,12
2016,JANICE,12,0,12
2016,JANNAH,11,0,11
2016,JANNAT,11,0,11
2016,JAPLEEN,6,0,6
2016,JAPNEET,7,0,7
2016,JAPNOOR,6,0,6
2016,ELOISE,50,0,50
2016,JANELLE,15,0,15
2016,ÉLODIE,15,0,15
2016,DEMI,10,0,10
2016,ELLY,11,0,11
2016,AYAH,19,0,19
2016,AYANA,17,0,17
2016,AYANNA,10,0,10
2016,AYAT,16,0,16
2016,AYESHA,44,0,44
2016,AYEZA,11,0,11
2016,AYLA,71,0,71
2016,AYLIN,7,0,7
2016,AYRA,13,0,13
2016,AYSHA,6,0,6
2016,AYVA,13,0,13
2016,AZALEA,17,0,17
2016,AZARIAH,20,11,9
2016,AZRA,7,0,7
2016,BAANI,8,0,8
2016,BABY,26,20,6
2016,BAHAR,11,0,11
2016,AYA,27,0,27
2016,AVNOOR,9,0,9
2016,AVNEET,15,0,15
2016,AVLEEN,12,0,12
2016,AUDRINA,28,0,28
2016,AUGUST,38,31,7
2016,AURELIA,15,0,15
2016,AURÉLIE,6,0,6
2016,AURORA,149,0,149
2016,AUTUMN,113,0,113
2016,AVA,657,0,657
2016,AVAH,15,0,15
2016,BAILEE,7,0,7
2016,AVALON,9,0,9
2016,AVANI,7,0,7
2016,AVELINE,11,0,11
2016,AVELYN,6,0,6
2016,AVERIE,17,0,17
2016,AVERY,453,107,346
2016,AVIA,8,0,8
2016,AVIANA,20,0,20
2016,AVIANNA,13,0,13
2016,AVALYN,10,0,10
2016,AUDREY,323,0,323
2016,BAILEY,44,8,36
2016,BATOOL,6,0,6
2016,BRENDA,6,0,6
2016,BRENNA,7,0,7
2016,BRIA,12,0,12
2016,BRIANA,8,0,8
2016,BRIANNA,63,0,63
2016,BRIANNE,10,0,10
2016,BRIAR,41,0,41
2016,BRIDGET,24,0,24
2016,BRIE,9,0,9
2016,BRIELLA,22,0,22
2016,BRIELLE,80,0,80
2016,BRINLEY,40,0,40
2016,BRISTOL,6,0,6
2016,BRONWYN,17,0,17
2016,BROOKE,105,0,105
2016,BROOKLYN,232,0,232
2016,BROOKLYNN,37,0,37
2016,BREE,6,0,6
2016,BREANNA,12,0,12
2016,BRAELYNN,20,0,20
2016,BRAELYN,18,0,18
2016,BAYLEE,11,0,11
2016,BEATRICE,30,0,30
2016,BÉATRICE,14,0,14
2016,BEATRIX,12,0,12
2016,BEATRIZ,10,0,10
2016,BELLA,56,0,56
2016,BELLAMY,14,6,8
2016,BERKELEY,10,0,10
2016,BARBARA,6,0,6
2016,BETHANY,22,0,22
2016,BILLIE,7,0,7
2016,BLAIR,28,8,20
2016,BLAIRE,14,0,14
2016,BLAKE,260,204,56
2016,BLAKELY,29,0,29
2016,BLAYKE,9,0,9
2016,BLESSING,8,0,8
2016,BLYTHE,13,0,13
2016,BIANCA,59,0,59
2016,AUDRA,8,0,8
2016,AUBRIE,13,0,13
2016,AUBREY,157,6,151
2016,ANGELICA,24,0,24
2016,ANGELINA,74,0,74
2016,ANGIE,7,0,7
2016,ANIKA,48,0,48
2016,ANISA,7,0,7
2016,ANISHA,9,0,9
2016,ANITA,14,0,14
2016,ANIYA,16,0,16
2016,ANIYAH,13,0,13
2016,ANJALI,10,0,10
2016,ANN,8,0,8
2016,ANNA,211,0,211
2016,ANNABEL,11,0,11
2016,ANNABELLA,35,0,35
2016,ANNABELLE,124,0,124
2016,ANNALISE,8,0,8
2016,ANNE,15,0,15
2016,ANGELA,64,0,64
2016,ANGEL,44,13,31
2016,ANDREA,31,0,31
2016,ANDIE,17,0,17
2016,AMINAH,11,0,11
2016,AMIRA,44,0,44
2016,AMIRAH,11,0,11
2016,AMIYAH,12,0,12
2016,AMNA,14,0,14
2016,AMREEN,9,0,9
2016,AMY,75,0,75
2016,ANA,40,0,40
2016,ANNIE,53,0,53
2016,ANABELLA,8,0,8
2016,ANABIA,14,0,14
2016,ANAÏS,6,0,6
2016,ANAIYA,8,0,8
2016,ANANYA,9,0,9
2016,ANASTASIA,61,0,61
2016,ANAYA,86,0,86
2016,ANAYAH,19,0,19
2016,ANDI,15,0,15
2016,ANABELLE,10,0,10
2016,ANNIKA,28,0,28
2016,ANTONELLA,11,0,11
2016,ANTONIA,14,0,14
2016,ARTEMIS,6,0,6
2016,ARWEN,11,0,11
2016,ARWYN,7,0,7
2016,ARYA,135,7,128
2016,ARYANA,13,0,13
2016,ARYANNA,14,0,14
2016,ASEES,10,0,10
2016,ASHA,9,0,9
2016,ARIYAH,11,0,11
2016,ASHLEY,52,0,52
2016,ASHLYNN,15,0,15
2016,ASIA,8,0,8
2016,ASIYA,20,0,20
2016,ASMA,7,0,7
2016,ASPEN,15,0,15
2016,ASTRID,16,0,16
2016,ATHENA,66,0,66
2016,AUBREE,95,0,95
2016,ASHLYN,15,0,15
2016,BRYNLEE,49,0,49
2016,ARIYA,33,0,33
2016,ARISHA,7,0,7
2016,ANYA,39,0,39
2016,AOIFE,10,0,10
2016,APRIL,30,0,30
2016,ARABELLA,38,0,38
2016,ARABELLE,7,0,7
2016,ARDEN,9,0,9
2016,ARIA,356,0,356
2016,ARIADNE,8,0,8
2016,ARISSA,9,0,9
2016,ARIAH,36,0,36
2016,ARIANE,7,0,7
2016,ARIANNA,140,0,140
2016,ARIANNE,10,0,10
2016,ARIEL,70,6,64
2016,ARIELA,6,0,6
2016,ARIELLA,31,0,31
2016,ARIELLE,52,0,52
2016,ARINA,6,0,6
2016,ARIANA,150,0,150
2016,ELODIE,14,0,14
2016,BRYNLEIGH,7,0,7
2016,BRYNN,52,0,52
2016,DENISE,7,0,7
2016,DESIREE,12,0,12
2016,DESTINY,37,0,37
2016,DEVINA,6,0,6
2016,DEVON,24,14,10
2016,DEVYN,6,0,6
2016,DIANA,41,0,41
2016,DINA,10,0,10
2016,DIVINE,8,0,8
2016,DIVYA,7,0,7
2016,DIYA,18,0,18
2016,DOMINIQUE,8,0,8
2016,DORIS,7,0,7
2016,DOROTHY,18,0,18
2016,DUA,11,0,11
2016,DUAA,6,0,6
2016,DUNYA,6,0,6
2016,KAYLEE,86,0,86
2016,DELPHINE,8,0,8
2016,DELILAH,57,0,57
2016,DELIA,8,0,8
2016,DANA,33,0,33
2016,DANIA,14,0,14
2016,DANICA,30,0,30
2016,DANIELA,31,0,31
2016,DANIELLA,37,0,37
2016,DANIELLE,45,0,45
2016,DANIKA,29,0,29
2016,DANYA,8,0,8
2016,DYLAN,249,226,23
2016,DAPHNE,41,0,41
2016,DARIA,9,0,9
2016,DARYA,11,0,11
2016,DAVINA,11,0,11
2016,DAYA,13,0,13
2016,DEANNA,15,0,15
2016,DEBORAH,14,0,14
2016,DEEMA,10,0,10
2016,DELANEY,15,0,15
2016,DARCY,8,0,8
2016,DALLAS,46,40,6
2016,EDEN,98,21,77
2016,EDITH,19,0,19
2016,ELISE,81,0,81
2016,ÉLISE,8,0,8
2016,ELISHA,11,0,11
2016,ELISSA,10,0,10
2016,ELIZA,49,0,49
2016,ELIZABETH,298,0,298
2016,ELLA,429,0,429
2016,ELLE,49,0,49
2016,ELLEN,10,0,10
2016,ELLENA,7,0,7
2016,ELLIA,7,0,7
2016,ELLIANA,17,0,17
2016,ELLIE,232,0,232
2016,ELLIOT,143,125,18
2016,ELLIOTT,119,99,20
2016,ELLIOTTE,7,0,7
2016,ELLIS,52,35,17
2016,ELISABETH,31,0,31
2016,ELISA,33,0,33
2016,ELINOR,7,0,7
2016,ELINA,15,0,15
2016,EDNA,10,0,10
2016,EESHA,6,0,6
2016,EILA,7,0,7
2016,EILEEN,15,0,15
2016,ELA,6,0,6
2016,ELAINA,24,0,24
2016,ELAINE,18,0,18
2016,ELAYNA,7,0,7
2016,EDIE,15,0,15
2016,ELEANA,7,0,7
2016,ELEANORA,6,0,6
2016,ELENA,106,0,106
2016,ELENI,8,0,8
2016,ELIA,12,0,12
2016,ELIANA,91,0,91
2016,ELIANNA,14,0,14
2016,ELIF,6,0,6
2016,ELIN,9,0,9
2016,ELEANOR,156,0,156
2016,DALIA,20,0,20
2016,DAKOTA,37,16,21
2016,DAISY,33,0,33
2016,CARTER,380,364,16
2016,CARYS,8,0,8
2016,CASEY,46,28,18
2016,CASSANDRA,47,0,47
2016,CASSIA,9,0,9
2016,CASSIDY,36,0,36
2016,CASSIE,11,0,11
2016,CATALEYA,11,0,11
2016,CATALINA,15,0,15
2016,CATHERINE,74,0,74
2016,CATHY,7,0,7
2016,CECELIA,11,0,11
2016,CECILIA,55,0,55
2016,CECILY,10,0,10
2016,CELESTE,33,0,33
2016,CELIA,19,0,19
2016,CELINA,18,0,18
2016,CAROLYN,10,0,10
2016,CAROLINE,50,0,50
2016,CAROL,6,0,6
2016,CARMEN,24,0,24
2016,CADENCE,35,0,35
2016,CAITLIN,12,0,12
2016,CAITLYN,12,0,12
2016,CALI,28,0,28
2016,CALISTA,15,0,15
2016,CALLA,17,0,17
2016,CALLIE,62,0,62
2016,CAMERON,238,222,16
2016,CELINE,30,0,30
2016,CAMILA,42,0,42
2016,CAMILLE,30,0,30
2016,CAMRYN,20,0,20
2016,CANDICE,19,0,19
2016,CARA,19,0,19
2016,CARINA,11,0,11
2016,CARLA,8,0,8
2016,CARLY,17,0,17
2016,CARMELA,8,0,8
2016,CAMILLA,29,0,29
2016,CHANEL,10,0,10
2016,CHANTELLE,11,0,11
2016,CHARLEE,40,0,40
2016,CLAIRE,307,0,307
2016,CLARA,204,0,204
2016,CLARE,22,0,22
2016,CLARKE,15,8,7
2016,CLAUDIA,22,0,22
2016,CLEMENTINE,16,0,16
2016,COLETTE,8,0,8
2016,CONSTANCE,10,0,10
2016,CLAIRA,8,0,8
2016,CORA,44,0,44
2016,CORALIE,14,0,14
2016,CORALINE,7,0,7
2016,CORDELIA,14,0,14
2016,COURTNEY,11,0,11
2016,CRISTINA,6,0,6
2016,CRYSTAL,10,0,10
2016,CYNTHIA,25,0,25
2016,DAHLIA,32,0,32
2016,CORAL,6,0,6
2016,BRYNLEY,8,0,8
2016,CINDY,9,0,9
2016,CIARA,17,0,17
2016,CHARLEIGH,22,0,22
2016,CHARLENE,7,0,7
2016,CHARLEY,22,0,22
2016,CHARLI,8,0,8
2016,CHARLIE,216,133,83
2016,CHARLIZE,10,0,10
2016,CHARLOTTE,711,0,711
2016,CHAYA,8,0,8
2016,CIERRA,9,0,9
2016,CHELSEA,77,0,77
2016,CHEYENNE,7,0,7
2016,CHIARA,24,0,24
2016,CHLOE,427,0,427
2016,CHLOÉ,39,0,39
2016,CHLOË,8,0,8
2016,CHRISTINA,57,0,57
2016,CHRISTINE,16,0,16
2016,CIANNA,6,0,6
2016,CHELSEY,8,0,8
2016,KAYLEIGH,26,0,26
2016,LAYLAH,8,0,8
2016,KAYLYN,7,0,7
2016,RYLAN,69,51,18
2016,RYLEE,69,0,69
2016,RYLEIGH,31,0,31
2016,RYLIE,23,0,23
2016,RYLYNN,6,0,6
2016,SAANVI,9,0,9
2016,SABA,6,0,6
2016,SABINA,7,0,7
2016,SABRINA,41,0,41
2016,SADAF,10,0,10
2016,SADIE,146,0,146
2016,SAFA,25,0,25
2016,SAFIYA,14,0,14
2016,SAFIYYAH,9,0,9
2016,SAGE,18,0,18
2016,SAHAR,14,0,14
2016,SAHARA,7,0,7
2016,RYANN,20,0,20
2016,RYAN,411,389,22
2016,RUTH,27,0,27
2016,RUHI,10,0,10
2016,ROMY,8,0,8
2016,RORY,73,52,21
2016,ROSA,23,0,23
2016,ROSALEE,8,0,8
2016,ROSALIA,6,0,6
2016,ROSALIE,78,0,78
2016,ROSALIND,8,0,8
2016,ROSALYN,10,0,10
2016,SAIGE,11,0,11
2016,ROSE,103,0,103
2016,ROSEMARIE,6,0,6
2016,ROSEMARY,15,0,15
2016,ROSIE,18,0,18
2016,ROSLYN,9,0,9
2016,ROWAN,169,124,45
2016,ROWYN,9,0,9
2016,RUBANI,7,0,7
2016,RUBY,128,0,128
2016,ROSELYN,9,0,9
2016,ROBYN,20,0,20
2016,SAIRA,7,0,7
2016,SAKURA,10,0,10
2016,SARINA,16,0,16
2016,SASHA,24,6,18
2016,SAVANAH,7,0,7
2016,SAVANNA,21,0,21
2016,SAVANNAH,117,0,117
2016,SAVERA,6,0,6
2016,SAVREEN,9,0,9
2016,SAWYER,204,155,49
2016,SAYLOR,6,0,6
2016,SCARLET,22,0,22
2016,SCARLETT,314,0,314
2016,SCARLETTE,15,0,15
2016,SCOTLYN,7,0,7
2016,SCOTTIE,7,0,7
2016,SEERAT,28,0,28
2016,SEERIT,6,0,6
2016,SEHAJ,29,8,21
2016,SARGUN,11,0,11
2016,SARAYA,6,0,6
2016,SARAI,6,0,6
2016,SARAH,236,0,236
2016,SALEM,13,7,6
2016,SALLY,6,0,6
2016,SALMA,28,0,28
2016,SALWA,7,0,7
2016,SAMA,13,0,13
2016,SAMANTHA,150,0,150
2016,SAMAR,15,8,7
2016,SAMARA,23,0,23
2016,SAKINA,13,0,13
2016,SAMAYA,6,0,6
2016,SAMIRA,12,0,12
2016,SANA,27,0,27
2016,SANAYA,14,0,14
2016,SANDRA,16,0,16
2016,SANIA,7,0,7
2016,SAOIRSE,20,0,20
2016,SAPPHIRE,6,0,6
2016,SARA,123,0,123
2016,SAMIA,7,0,7
2016,ROBIN,35,21,14
2016,RIYA,39,0,39
2016,RIVER,125,63,62
2016,PHOENIX,85,56,29
2016,PIA,11,0,11
2016,PIPER,102,0,102
2016,PIPPA,8,0,8
2016,POPPY,43,0,43
2016,PORTIA,7,0,7
2016,PRECIOUS,9,0,9
2016,PRESLEY,32,0,32
2016,PRINCESS,7,0,7
2016,PRISCILLA,13,0,13
2016,PRISHA,17,0,17
2016,PRIYA,16,0,16
2016,PYPER,11,0,11
2016,QUEENIE,12,0,12
2016,QUINN,260,60,200
2016,RABIA,6,0,6
2016,RACHAEL,13,0,13
2016,PHOEBE,39,0,39
2016,PHILIPPA,7,0,7
2016,PEYTON,124,15,109
2016,PETRA,14,0,14
2016,OLIVE,53,0,53
2016,OLIVIA,933,0,933
2016,OPHELIA,43,0,43
2016,ORLA,6,0,6
2016,ORLY,7,0,7
2016,OVIYA,9,0,9
2016,PAIGE,136,0,136
2016,PAISLEE,27,0,27
2016,RACHEL,118,0,118
2016,PAISLEY,139,0,139
2016,PARIS,8,0,8
2016,PARKER,207,173,34
2016,PATRICIA,9,0,9
2016,PAULINA,12,0,12
2016,PAYTON,70,0,70
2016,PEARL,26,0,26
2016,PENELOPE,168,0,168
2016,PENNY,17,0,17
2016,PAITYN,14,0,14
2016,RAE,8,0,8
2016,RAEGAN,12,0,12
2016,RAELYN,14,0,14
2016,REGINA,6,0,6
2016,REHMAT,9,0,9
2016,REIGN,21,14,7
2016,REINA,15,0,15
2016,REMI,23,12,11
2016,REMINGTON,42,33,9
2016,REMY,38,23,15
2016,RENEE,12,0,12
2016,REGAN,6,0,6
2016,REYA,14,0,14
2016,RHEA,34,0,34
2016,RIA,8,0,8
2016,RIDA,6,0,6
2016,RILEIGH,6,0,6
2016,RILEY,314,114,200
2016,RILYNN,6,0,6
2016,RIPLEY,9,0,9
2016,RITA,19,0,19
2016,REYNA,10,0,10
2016,SELAH,8,0,8
2016,REET,14,0,14
2016,REEM,11,0,11
2016,RAELYNN,20,0,20
2016,RAHMA,11,0,11
2016,RAIN,6,0,6
2016,RAINA,33,0,33
2016,RAINE,14,7,7
2016,RAMONA,9,0,9
2016,RANA,6,0,6
2016,RANIA,18,0,18
2016,REESE,57,13,44
2016,RAPHAËLLE,6,0,6
2016,RAYA,25,0,25
2016,RAYAH,8,0,8
2016,RAYNA,39,0,39
2016,RAYNE,14,0,14
2016,RAYYAN,55,49,6
2016,REAGAN,19,0,19
2016,REBECCA,84,0,84
2016,REBEKAH,15,0,15
2016,RAVEN,18,0,18
2016,ODESSA,6,0,6
2016,SELENA,88,0,88
2016,SELIN,10,0,10
2016,VERA,46,0,46
2016,VERONICA,42,0,42
2016,VERONIKA,9,0,9
2016,VIANNA,8,0,8
2016,VICKY,12,0,12
2016,VICTORIA,301,0,301
2016,VIENNA,48,0,48
2016,VIKTORIA,9,0,9
2016,VIOLA,7,0,7
2016,VIOLET,244,0,244
2016,VIOLETTE,12,0,12
2016,VIRGINIA,7,0,7
2016,VIVIAN,82,0,82
2016,VIVIEN,8,0,8
2016,VIVIENNE,53,0,53
2016,WAVERLY,7,0,7
2016,WHITNEY,6,0,6
2016,VEDA,10,0,10
2016,VAYDA,9,0,9
2016,VASILIKI,6,0,6
2016,VANESSA,69,0,69
2016,THERESA,8,0,8
2016,TIA,27,0,27
2016,TIANA,18,0,18
2016,TIANNA,17,0,17
2016,TIFFANY,38,0,38
2016,TILLY,6,0,6
2016,TINA,13,0,13
2016,TIYA,6,0,6
2016,WILLA,23,0,23
2016,TORI,9,0,9
2016,TRISHA,6,0,6
2016,TRUDY,8,0,8
2016,VADA,9,0,9
2016,VAIDA,8,0,8
2016,VALENCIA,8,0,8
2016,VALENTINA,101,0,101
2016,VALERIA,10,0,10
2016,VALERIE,47,0,47
2016,TRINITY,39,0,39
2016,THEA,70,0,70
2016,WILLOW,127,0,127
2016,WINNIE,10,0,10
2016,ZARAH,15,0,15
2016,ZARIAH,14,0,14
2016,ZAYA,6,0,6
2016,ZAYNA,10,0,10
2016,ZAYNAB,13,0,13
2016,ZAYNAH,8,0,8
2016,ZEHRA,7,0,7
2016,ZELDA,9,0,9
2016,ZENDAYA,11,0,11
2016,ZIA,9,0,9
2016,ZOE,219,0,219
2016,ZOÉ,27,0,27
2016,ZOË,38,0,38
2016,ZOEY,214,0,214
2016,ZOHA,11,0,11
2016,ZOIE,8,0,8
2016,ZOYA,47,0,47
2016,ZARA,113,0,113
2016,ZAIRA,7,0,7
2016,ZAINAB,61,0,61
2016,ZAINA,11,0,11
2016,WINONA,6,0,6
2016,WINTER,21,0,21
2016,WREN,24,6,18
2016,WYNTER,9,0,9
2016,YANA,8,0,8
2016,YARA,20,0,20
2016,YASMEEN,10,0,10
2016,YASMIN,18,0,18
2016,WINIFRED,8,0,8
2016,YASMINA,6,0,6
2016,YOLANDA,6,0,6
2016,YUNA,6,0,6
2016,YUSRA,21,0,21
2016,YVONNE,7,0,7
2016,ZAARA,6,0,6
2016,ZADIE,7,0,7
2016,ZAHARA,6,0,6
2016,ZAHRA,71,0,71
2016,YASMINE,21,0,21
2016,THALIA,21,0,21
2016,TEYA,6,0,6
2016,TESSA,114,0,114
2016,SIENA,37,0,37
2016,SIENNA,119,0,119
2016,SIERRA,43,0,43
2016,SILVER,6,0,6
2016,SIMONA,21,0,21
2016,SIMONE,28,0,28
2016,SIMRAN,16,0,16
2016,SIMRAT,8,0,8
2016,SIRAT,9,0,9
2016,SIYA,12,0,12
2016,SIYANA,6,0,6
2016,SKY,6,0,6
2016,SKYE,30,0,30
2016,SKYLA,20,0,20
2016,SKYLAR,98,11,87
2016,SKYLER,42,27,15
2016,SLOAN,35,0,35
2016,SIA,18,0,18
2016,SHYLA,12,0,12
2016,SHREYA,9,0,9
2016,SHILOH,26,12,14
2016,SELINA,23,0,23
2016,SERAFINA,7,0,7
2016,SERAPHINA,7,0,7
2016,SERENA,76,0,76
2016,SERENE,9,0,9
2016,SERENITY,40,0,40
2016,SHAE,7,0,7
2016,SHAELYN,7,0,7
2016,SLOANE,74,0,74
2016,SHAM,8,0,8
2016,SHANIA,17,0,17
2016,SHANNON,13,0,13
2016,SHARON,16,0,16
2016,SHAY,9,0,9
2016,SHAYLA,12,0,12
2016,SHAYNA,9,0,9
2016,SHEA,21,15,6
2016,SHELBY,16,0,16
2016,SHANAYA,37,0,37
2016,SOFIA,323,0,323
2016,SOFIE,10,0,10
2016,SOHA,6,0,6
2016,TALIA,84,0,84
2016,TALIYAH,7,0,7
2016,TALYA,12,0,12
2016,TAMARA,12,0,12
2016,TANISHA,9,0,9
2016,TARA,24,0,24
2016,TASNEEM,7,0,7
2016,TATIANA,11,0,11
2016,TALA,14,0,14
2016,TAYA,13,0,13
2016,TAYLA,6,0,6
2016,TAYLOR,128,23,105
2016,TEAGAN,44,0,44
2016,TEGAN,7,0,7
2016,TENLEY,32,0,32
2016,TENZIN,26,14,12
2016,TERESA,16,0,16
2016,TESS,7,0,7
2016,TAYAH,6,0,6
2016,SELENE,7,0,7
2016,TABITHA,7,0,7
2016,SYLVIA,20,0,20
2016,SOLEIL,8,0,8
2016,SONIA,6,0,6
2016,SONYA,8,0,8
2016,SOPHIA,597,0,597
2016,SOPHIE,251,0,251
2016,SORAYA,15,0,15
2016,SPENCER,126,108,18
2016,STELLA,191,0,191
2016,SYLVIE,9,0,9
2016,STEPHANIE,36,0,36
2016,SUMMER,66,0,66
2016,SUNNY,8,0,8
2016,SUSAN,6,0,6
2016,SUSIE,12,0,12
2016,SUTTON,17,6,11
2016,SYBIL,8,0,8
2016,SYDNEY,102,8,94
2016,SYEDA,29,0,29
2016,STEVIE,13,0,13
2016,OCTAVIA,45,0,45
2016,OAKLYN,9,0,9
2016,OAKLEY,34,22,12
2016,LIYA,14,0,14
2016,LIYANA,18,0,18
2016,LOGAN,591,561,30
2016,LOLA,32,0,32
2016,LONDON,39,11,28
2016,LONDYN,8,0,8
2016,LORELAI,13,0,13
2016,LORELEI,16,0,16
2016,LORENA,8,0,8
2016,LORRAINE,6,0,6
2016,LOUISA,11,0,11
2016,LOUISE,26,0,26
2016,LOVINA,7,0,7
2016,LUCIA,28,0,28
2016,LUCIANA,13,0,13
2016,LUCIE,8,0,8
2016,LUCILLE,12,0,12
2016,LIVIA,32,0,32
2016,LIV,26,0,26
2016,LISA,24,0,24
2016,LINDSEY,6,0,6
2016,LILAH,52,0,52
2016,LILIA,16,0,16
2016,LILIAN,22,0,22
2016,LILIANA,58,0,58
2016,LILIANE,7,0,7
2016,LILIANNA,11,0,11
2016,LILITH,10,0,10
2016,LILLIAN,188,0,188
2016,LUCY,156,0,156
2016,LILLIANA,12,0,12
2016,LILLY,64,0,64
2016,LILY,334,0,334
2016,LILYANA,6,0,6
2016,LILY-ANN,7,0,7
2016,LILYANNA,11,0,11
2016,LINA,26,0,26
2016,LINDA,9,0,9
2016,LINDSAY,9,0,9
2016,LILLIE,7,0,7
2016,LILA,54,0,54
2016,LUNA,83,0,83
2016,LYDIA,79,0,79
2016,MADYSON,11,0,11
2016,MAE,18,0,18
2016,MAELLE,6,0,6
2016,MAËLLE,10,0,10
2016,MAEVA,10,0,10
2016,MAEVE,83,0,83
2016,MAGALIE,7,0,7
2016,MAGDALENA,8,0,8
2016,MAGGIE,33,0,33
2016,MAGNOLIA,7,0,7
2016,MAHA,7,0,7
2016,MAHEEN,7,0,7
2016,MAHI,6,0,6
2016,MAHIRA,9,0,9
2016,MAIA,39,0,39
2016,MAIRA,8,0,8
2016,MAISIE,38,0,38
2016,MADISON,274,0,274
2016,MADINA,15,0,15
2016,MADILYNN,10,0,10
2016,MADILYN,16,0,16
2016,LYLA,90,0,90
2016,LYLAH,16,0,16
2016,LYRA,13,0,13
2016,LYRIC,10,0,10
2016,MABEL,21,0,21
2016,MACEY,8,0,8
2016,MACI,22,0,22
2016,MACIE,12,0,12
2016,LUX,6,0,6
2016,MACKENNA,11,0,11
2016,MACY,23,0,23
2016,MADALYN,6,0,6
2016,MADDIE,10,0,10
2016,MADDISON,59,0,59
2016,MADELEINE,85,0,85
2016,MADELINE,104,0,104
2016,MADELYN,132,0,132
2016,MADELYNN,10,0,10
2016,MACKENZIE,213,13,200
2016,LIELLE,7,0,7
2016,LIANNA,8,0,8
2016,LIANA,36,0,36
2016,KIERRA,6,0,6
2016,KIMBERLY,24,0,24
2016,KIMIA,6,0,6
2016,KINLEY,27,0,27
2016,KINSLEY,82,0,82
2016,KIRA,32,0,32
2016,KIYAH,6,0,6
2016,KLARA,10,0,10
2016,KRISHA,16,0,16
2016,KRISTEN,11,0,11
2016,KRISTINA,24,0,24
2016,KRYSTAL,8,0,8
2016,KYLA,42,0,42
2016,KYLEE,13,0,13
2016,KYLEIGH,7,0,7
2016,KYLIE,98,0,98
2016,KYRA,25,0,25
2016,KIERA,40,0,40
2016,KIARA,52,0,52
2016,KIANNA,6,0,6
2016,KIANA,21,0,21
2016,KEERAT,6,0,6
2016,KEIRA,100,0,100
2016,KELLY,32,0,32
2016,KELSEY,10,0,10
2016,KENDALL,28,0,28
2016,KENDRA,27,0,27
2016,KENLEY,9,0,9
2016,KENNA,11,0,11
2016,KYRAH,6,0,6
2016,KENNEDY,74,0,74
2016,KENZI,6,0,6
2016,KENZIE,38,0,38
2016,KEREN,6,0,6
2016,KEZIAH,10,0,10
2016,KHADIJA,15,0,15
2016,KHADIJAH,15,0,15
2016,KHALEESI,6,0,6
2016,KHLOE,45,0,45
2016,KENSINGTON,9,0,9
2016,LACEY,29,0,29
2016,LAIBA,9,0,9
2016,LAILA,50,0,50
2016,LEELA,8,0,8
2016,LEEN,17,0,17
2016,LEENA,14,0,14
2016,LEIA,40,0,40
2016,LEIGHTON,23,8,15
2016,LEILA,48,0,48
2016,LEILANI,9,0,9
2016,LENA,55,0,55
2016,LEANNE,16,0,16
2016,LENI,9,0,9
2016,LENNOX,61,42,19
2016,LENNYN,6,0,6
2016,LEONA,27,0,27
2016,LEXA,14,0,14
2016,LEXI,44,0,44
2016,LEXIE,25,0,25
2016,LEYLA,13,0,13
2016,LIA,56,0,56
2016,LENNON,69,28,41
2016,MAISY,14,0,14
2016,LEANNA,14,0,14
2016,LÉA,36,0,36
2016,LAILAH,6,0,6
2016,LAINEY,11,0,11
2016,LAKSHMI,8,0,8
2016,LAMAR,14,0,14
2016,LANA,51,0,51
2016,LARA,61,0,61
2016,LARISSA,6,0,6
2016,LAURA,60,0,60
2016,LEAH,233,0,233
2016,LAUREL,6,0,6
2016,LAURENCE,9,0,9
2016,LAURYN,11,0,11
2016,LAYA,6,0,6
2016,LAYAL,6,0,6
2016,LAYAN,12,0,12
2016,LAYLA,205,0,205
2016,AMINA,30,0,30
2016,LEA,20,0,20
2016,LAUREN,150,0,150
2016,MAIYA,6,0,6
2016,MAJA,14,0,14
2016,MAKAYLA,55,0,55
2016,MYA,113,0,113
2016,MYAH,29,0,29
2016,MYLA,45,0,45
2016,MYRA,43,0,43
2016,MYRAH,9,0,9
2016,NADIA,45,0,45
2016,NADINE,16,0,16
2016,NAHLA,10,0,10
2016,NAIA,7,0,7
2016,NAILA,8,0,8
2016,NAIRA,6,0,6
2016,NAIYA,7,0,7
2016,NALA,9,0,9
2016,NANCY,14,0,14
2016,NAOMI,145,0,145
2016,NATALIA,74,0,74
2016,NATALIE,156,0,156
2016,MURPHY,6,0,6
2016,MORIAH,9,0,9
2016,MORGAN,117,34,83
2016,MONROE,15,0,15
2016,MILENA,35,0,35
2016,MILLA,6,0,6
2016,MILLIE,22,0,22
2016,MINA,17,0,17
2016,MINAHIL,14,0,14
2016,MINERVA,6,0,6
2016,MINHA,6,0,6
2016,MINNA,6,0,6
2016,NATASHA,17,0,17
2016,MINSA,6,0,6
2016,MIRANDA,24,0,24
2016,MIRIAM,23,0,23
2016,MISHA,9,0,9
2016,MIYA,22,0,22
2016,MOLLIE,6,0,6
2016,MOLLY,81,0,81
2016,MONA,8,0,8
2016,MONICA,14,0,14
2016,MIRA,59,0,59
2016,NATHALIE,9,0,9
2016,NAVA,7,0,7
2016,NAVY,6,0,6
2016,NOA,18,0,18
2016,NOELLE,49,0,49
2016,NOEMI,9,0,9
2016,NOÉMIE,9,0,9
2016,NOLA,13,0,13
2016,NOOR,43,0,43
2016,NOORA,8,0,8
2016,NORA,224,0,224
2016,NIYA,7,0,7
2016,NORAH,115,0,115
2016,NOURA,6,0,6
2016,NOVA,81,7,74
2016,NURA,6,0,6
2016,NYA,10,0,10
2016,NYAH,11,0,11
2016,NYLA,44,0,44
2016,NYLAH,24,0,24
2016,NYRA,7,0,7
2016,NOUR,9,0,9
2016,MILANIA,11,0,11
2016,NITYA,8,0,8
2016,NIMRIT,6,0,6
2016,NAVYA,15,0,15
2016,NAWAL,8,0,8
2016,NAYA,27,0,27
2016,NELLIE,10,0,10
2016,NELLY,11,0,11
2016,NERIAH,8,0,8
2016,NEVAEH,83,0,83
2016,NEVE,13,0,13
2016,NINA,68,0,68
2016,NIA,22,0,22
2016,NICOLE,91,0,91
2016,NIKA,9,0,9
2016,NIKI,10,0,10
2016,NIKITA,13,6,7
2016,NIKKI,9,0,9
2016,NIKOLINA,6,0,6
2016,NILA,12,0,12
2016,NIMRAT,13,0,13
2016,NICOLA,6,0,6
2016,KAYLIE,12,0,12
2016,MILANA,21,0,21
2016,MIKAYLA,58,0,58
2016,MARGO,6,0,6
2016,MARGOT,32,0,32
2016,MARIA,158,0,158
2016,MARIAH,32,0,32
2016,MARIAM,62,0,62
2016,MARIANA,14,0,14
2016,MARIANNA,7,0,7
2016,MARIANNE,10,0,10
2016,MARIE,22,0,22
2016,MARIKA,6,0,6
2016,MARILYN,15,0,15
2016,MARINA,19,0,19
2016,MARION,9,0,9
2016,MARISA,7,0,7
2016,MARISSA,22,0,22
2016,MARLA,6,0,6
2016,MARLEE,14,0,14
2016,MARGAUX,6,0,6
2016,MARGARET,60,0,60
2016,MAREN,10,0,10
2016,MARCELLA,6,0,6
2016,MAKENNA,33,0,33
2016,MAKENZIE,18,0,18
2016,MALAIKA,10,0,10
2016,MALAK,18,0,18
2016,MALAYA,10,0,10
2016,MALIA,38,0,38
2016,MALIKA,8,0,8
2016,MALINA,10,0,10
2016,MARLEY,46,6,40
2016,MALIYA,7,0,7
2016,MALLORY,27,0,27
2016,MANAL,6,0,6
2016,MANDY,7,0,7
2016,MANHA,10,0,10
2016,MANNAT,23,0,23
2016,MANREET,11,0,11
2016,MAPLE,6,0,6
2016,MARA,21,0,21
2016,MALIYAH,15,0,15
2016,MARLOW,7,0,7
2016,MARLOWE,17,0,17
2016,MARTHA,16,0,16
2016,MELANIE,36,0,36
2016,MELIA,9,0,9
2016,MELINA,31,0,31
2016,MELINDA,6,0,6
2016,MELISSA,29,0,29
2016,MELODIE,7,0,7
2016,MELODY,52,0,52
2016,MERCEDES,9,0,9
2016,MELANIA,7,0,7
2016,MERCY,10,0,10
2016,MIA,462,0,462
2016,MIAH,8,0,8
2016,MICAELA,9,0,9
2016,MICHAELA,42,0,42
2016,MICHELA,8,0,8
2016,MICHELLE,59,0,59
2016,MIKA,19,7,12
2016,MIKAELA,42,0,42
2016,MEREDITH,26,0,26
2016,MILA,266,0,266
2016,MEHER,7,0,7
2016,MEGAN,42,0,42
2016,MARTINA,10,0,10
2016,MARWA,19,0,19
2016,MARY,75,0,75
2016,MARYAM,106,0,106
2016,MATILDA,34,0,34
2016,MATTEA,7,0,7
2016,MAVIS,27,0,27
2016,MAX,191,185,6
2016,MEGHAN,14,0,14
2016,MAXINE,16,0,16
2016,MAYA,294,0,294
2016,MAYAH,7,0,7
2016,MAYAR,6,0,6
2016,MCKENNA,37,0,37
2016,MCKENZIE,15,0,15
2016,MCKINLEY,15,0,15
2016,MEADOW,18,0,18
2016,MEERA,21,0,21
2016,MAY,6,0,6
2016,AMILIA,10,0,10
2016,ALEAH,12,0,12
2016,AMÉLIE,16,0,16
2016,GIUSEPPE,10,10,0
2016,GORDON,38,38,0
2016,GRADY,23,23,0
2016,GRAHAM,28,28,0
2016,GRANT,25,25,0
2016,GRAYDON,12,12,0
2016,GRAYSEN,10,10,0
2016,GRAYSON,283,283,0
2016,GREGORY,14,14,0
2016,GREY,6,6,0
2016,GREYSON,115,115,0
2016,GRIFFIN,100,100,0
2016,GRYPHON,6,6,0
2016,GUNNAR,13,13,0
2016,GUNNER,12,12,0
2016,GURBAAZ,6,6,0
2016,GURFATEH,12,12,0
2016,GIOVANNI,33,33,0
2016,GIORDANO,6,6,0
2016,GILBERT,6,6,0
2016,GIDEON,21,21,0
2016,FREDDY,6,6,0
2016,FREDERICK,31,31,0
2016,FYNN,8,8,0
2016,GABRIEL,400,400,0
2016,GABRIELE,6,6,0
2016,GAGE,34,34,0
2016,GARRETT,19,19,0
2016,GAVIN,178,178,0
2016,GURMAN,8,8,0
2016,GAVYN,6,6,0
2016,GEORGE,160,160,0
2016,GERALD,10,10,0
2016,GIACOMO,10,10,0
2016,GIAN,8,8,0
2016,GIANCARLO,9,9,0
2016,GIANLUCA,28,28,0
2016,GIANNI,6,6,0
2016,GIBSON,14,14,0
2016,GEOFFREY,7,7,0
2016,FRASER,7,7,0
2016,GURSHAN,8,8,0
2016,GUS,9,9,0
2016,HENDRIK,11,11,0
2016,HENDRIX,35,35,0
2016,HENRI,11,11,0
2016,HENRIK,17,17,0
2016,HENRY,384,384,0
2016,HEZEKIAH,6,6,0
2016,HIMMAT,9,9,0
2016,HOLDEN,47,47,0
2016,HOUSTON,6,6,0
2016,HUDSON,344,344,0
2016,HUGH,35,35,0
2016,HUGO,52,52,0
2016,HUSSAIN,29,29,0
2016,HUSSEIN,18,18,0
2016,HUXLEY,19,19,0
2016,IAN,100,100,0
2016,IBRAHEEM,13,13,0
2016,HEATH,9,9,0
2016,HASSAN,36,36,0
2016,HASHIR,8,8,0
2016,HASHIM,10,10,0
2016,HAADI,7,7,0
2016,HADI,21,21,0
2016,HAIDEN,6,6,0
2016,HAIDER,18,18,0
2016,HAMZA,89,89,0
2016,HAMZAH,9,9,0
2016,HANK,19,19,0
2016,HANS,8,8,0
2016,GURTAJ,7,7,0
2016,HANSON,6,6,0
2016,HARIS,11,11,0
2016,HAROLD,8,8,0
2016,HAROON,9,9,0
2016,HARRIS,11,11,0
2016,HARRISON,188,188,0
2016,HARRY,24,24,0
2016,HARVEY,55,55,0
2016,HASAN,24,24,0
2016,HARFATEH,6,6,0
2016,FRANK,28,28,0
2016,FRANCISCO,7,7,0
2016,FRANCIS,30,30,0
2016,ELIOTT,6,6,0
2016,ELNATHAN,7,7,0
2016,ELVIS,11,11,0
2016,ELYAS,12,12,0
2016,EMANUEL,8,8,0
2016,EMIL,7,7,0
2016,EMILE,9,9,0
2016,ÉMILE,16,16,0
2016,EMILIANO,6,6,0
2016,EMILIO,24,24,0
2016,EMIR,8,8,0
2016,EMMANUEL,56,56,0
2016,EMMET,15,15,0
2016,EMMETT,228,228,0
2016,EMMITT,17,17,0
2016,ENOCH,12,12,0
2016,ENZO,40,40,0
2016,ELIOT,10,10,0
2016,ELIJAH,284,284,0
2016,ELIAS,141,141,0
2016,ELI,152,152,0
2016,DREW,19,19,0
2016,DUKE,11,11,0
2016,DUNCAN,24,24,0
2016,DUSTIN,20,20,0
2016,EAMON,10,10,0
2016,EASON,18,18,0
2016,EASTON,169,169,0
2016,EDDIE,11,11,0
2016,ERIC,119,119,0
2016,EDDISON,7,7,0
2016,EDISON,32,32,0
2016,EDMUND,9,9,0
2016,EDWARD,107,107,0
2016,EDWIN,32,32,0
2016,EESA,25,25,0
2016,EHSAN,6,6,0
2016,EISA,6,6,0
2016,EKAM,10,10,0
2016,EDGAR,8,8,0
2016,ERICK,7,7,0
2016,ERIK,41,41,0
2016,ERNEST,7,7,0
2016,FILIP,11,11,0
2016,FINDLAY,8,8,0
2016,FINDLEY,7,7,0
2016,FINLAY,13,13,0
2016,FINN,102,102,0
2016,FINNEGAN,33,33,0
2016,FINNIAN,8,8,0
2016,FINNICK,7,7,0
2016,FERNANDO,8,8,0
2016,FINNIGAN,16,16,0
2016,FISHER,7,7,0
2016,FITZGERALD,6,6,0
2016,FLETCHER,17,17,0
2016,FLYNN,16,16,0
2016,FORREST,13,13,0
2016,FOSTER,10,10,0
2016,FOX,26,26,0
2016,FRANCESCO,16,16,0
2016,FIONN,7,7,0
2016,IBRAHIM,143,143,0
2016,FÉLIX,38,38,0
2016,FELIPE,9,9,0
2016,ESA,8,8,0
2016,ETHAN,720,720,0
2016,EUGENE,12,12,0
2016,EVAN,297,297,0
2016,EVANDER,8,8,0
2016,EVEREST,8,8,0
2016,EVERETT,148,148,0
2016,EWAN,24,24,0
2016,FELIX,127,127,0
2016,EYAD,10,10,0
2016,EZRA,122,122,0
2016,FAAIZ,6,6,0
2016,FAHAD,8,8,0
2016,FAISAL,11,11,0
2016,FARES,7,7,0
2016,FARHAN,6,6,0
2016,FARIS,15,15,0
2016,FATEH,19,19,0
2016,EZEKIEL,53,53,0
2016,DRAVEN,8,8,0
2016,IDREES,6,6,0
2016,ILYA,7,7,0
2016,JUJHAR,6,6,0
2016,JULES,8,8,0
2016,JULIAN,165,165,0
2016,JULIEN,30,30,0
2016,JULIUS,22,22,0
2016,ZUNAIRAH,6,0,6
2016,JUN,7,7,0
2016,JUNIOR,9,9,0
2016,JUSTIN,125,125,0
2016,JUSTUS,13,13,0
2016,KAAN,6,6,0
2016,KABIR,18,18,0
2016,KADE,19,19,0
2016,KADEN,37,37,0
2016,KAEDEN,14,14,0
2016,KAEL,6,6,0
2016,KAIDEN,79,79,0
2016,JUDAH,42,42,0
2016,JUAN,18,18,0
2016,JOVAN,16,16,0
2016,JOSIAH,70,70,0
2016,JIMMY,9,9,0
2016,JOAQUIM,8,8,0
2016,JOAQUIN,14,14,0
2016,JOE,6,6,0
2016,JOEL,68,68,0
2016,JOHAN,20,20,0
2016,JOHN,256,256,0
2016,JOHNATHAN,37,37,0
2016,KAINE,6,6,0
2016,JOHNNY,23,23,0
2016,JONAH,71,71,0
2016,JONAS,30,30,0
2016,JONATHAN,179,179,0
2016,JORGE,7,7,0
2016,JOSE,13,13,0
2016,JOSEPH,279,279,0
2016,JOSH,9,9,0
2016,JOSHUA,357,357,0
2016,JON,7,7,0
2016,JIBRIL,6,6,0
2016,KAIRO,6,6,0
2016,KAIUS,6,6,0
2016,KEAGAN,7,7,0
2016,KEANU,6,6,0
2016,KEATON,32,32,0
2016,KEEGAN,45,45,0
2016,KEENAN,21,21,0
2016,KEITH,16,16,0
2016,KELLAN,25,25,0
2016,KELVIN,7,7,0
2016,KEN,6,6,0
2016,KENAN,7,7,0
2016,KENDRICK,16,16,0
2016,KENNETH,41,41,0
2016,KENT,6,6,0
2016,KENZO,7,7,0
2016,KEON,8,8,0
2016,KEVIN,83,83,0
2016,KEYAAN,6,6,0
2016,KAYSON,16,16,0
2016,KAYSEN,10,10,0
2016,KAYDEN,122,122,0
2016,KAVIN,10,10,0
2016,KALEB,77,77,0
2016,KALVIN,6,6,0
2016,KAMERON,16,16,0
2016,KAMRAN,7,7,0
2016,KANE,42,42,0
2016,KARAM,9,9,0
2016,KARAN,6,6,0
2016,KAREEM,32,32,0
2016,KAITO,6,6,0
2016,KARIM,14,14,0
2016,KARMAN,7,7,0
2016,KARSEN,6,6,0
2016,KARSON,35,35,0
2016,KARTER,24,24,0
2016,KASEN,12,12,0
2016,KASH,16,16,0
2016,KASON,10,10,0
2016,KAVAN,7,7,0
2016,KARL,13,13,0
2016,JIBREEL,7,7,0
2016,JEVON,6,6,0
2016,JETT,19,19,0
2016,JACKY,11,11,0
2016,JACOB,626,626,0
2016,JACOBY,6,6,0
2016,JACQUES,7,7,0
2016,JAD,23,23,0
2016,JADEN,61,61,0
2016,JADON,8,8,0
2016,JAGGER,11,11,0
2016,JAHEIM,7,7,0
2016,JAHLEEL,6,6,0
2016,JAI,11,11,0
2016,JAIDEN,35,35,0
2016,JAIRUS,10,10,0
2016,JAIVEER,9,9,0
2016,JAKE,120,120,0
2016,JAKOB,41,41,0
2016,JAKUB,13,13,0
2016,JACKSON,423,423,0
2016,JACK,491,491,0
2016,JACE,115,115,0
2016,IZYAN,7,7,0
2016,ILYAS,26,26,0
2016,IMRAN,16,16,0
2016,ISA,18,18,0
2016,ISAAC,307,307,0
2016,ISAAK,16,16,0
2016,ISAIAH,163,163,0
2016,ISHAAN,20,20,0
2016,ISHAN,7,7,0
2016,JALEN,10,10,0
2016,ISIAH,9,9,0
2016,ISMAEL,6,6,0
2016,ISMAIL,14,14,0
2016,ISRAEL,20,20,0
2016,ISSA,16,16,0
2016,ISSAC,16,16,0
2016,IVAAN,8,8,0
2016,IVAN,67,67,0
2016,IZAAK,6,6,0
2016,ISMAEEL,7,7,0
2016,JAMAL,12,12,0
2016,JAMARI,6,6,0
2016,JAMES,585,585,0
2016,JAYDON,10,10,0
2016,JAYEN,6,6,0
2016,JAYLEN,12,12,0
2016,JAYSON,14,14,0
2016,JEDIDIAH,10,10,0
2016,JEEVAN,14,14,0
2016,JEFFERY,6,6,0
2016,JEFFREY,26,26,0
2016,JAYDAN,6,6,0
2016,JENSEN,24,24,0
2016,JEREMIAH,84,84,0
2016,JEREMY,73,73,0
2016,JERICHO,6,6,0
2016,JEROME,11,11,0
2016,JERRY,12,12,0
2016,JESSE,69,69,0
2016,JET,10,10,0
2016,JETHRO,10,10,0
2016,JENSON,12,12,0
2016,IDRIS,16,16,0
2016,JAYCEON,6,6,0
2016,JAY,19,19,0
2016,JAMESON,48,48,0
2016,JAMIESON,8,8,0
2016,JAMISON,6,6,0
2016,JAN,6,6,0
2016,JARED,18,18,0
2016,JARVIS,7,7,0
2016,JASE,50,50,0
2016,JASON,163,163,0
2016,JAYCE,69,69,0
2016,JASPER,117,117,0
2016,JAWAD,9,9,0
2016,JAX,73,73,0
2016,JAXEN,10,10,0
2016,JAXON,273,273,0
2016,JAXSEN,6,6,0
2016,JAXSON,160,160,0
2016,JAXTON,11,11,0
2016,JAXXON,7,7,0
2016,JAVIER,12,12,0
2016,KEYAN,6,6,0
2016,DRAKE,6,6,0
2016,DORIAN,10,10,0
2016,ARIS,12,12,0
2016,ARIYAN,9,9,0
2016,ARJAN,9,9,0
2016,ARJUN,65,65,0
2016,ARLO,43,43,0
2016,ARMAAN,41,41,0
2016,ARMAN,22,22,0
2016,ARMANDO,8,8,0
2016,ARMIN,14,14,0
2016,ARNAV,7,7,0
2016,ARON,9,9,0
2016,ARSH,12,12,0
2016,ARSHAN,6,6,0
2016,ARTEEN,6,6,0
2016,ARTHUR,71,71,0
2016,ARTIN,13,13,0
2016,ARUN,6,6,0
2016,ARIE,6,6,0
2016,ARIAN,14,14,0
2016,ARI,41,41,0
2016,ARHAM,25,25,0
2016,ANHAD,6,6,0
2016,ANISH,9,9,0
2016,ANMOL,11,11,0
2016,ANSH,12,12,0
2016,ANSON,22,22,0
2016,ANTHONY,234,234,0
2016,ANTOINE,20,20,0
2016,ANTON,20,20,0
2016,ARVIN,20,20,0
2016,ANTONI,7,7,0
2016,ANWAR,9,9,0
2016,APOLLO,18,18,0
2016,ARAD,8,8,0
2016,ARAN,8,8,0
2016,ARCHER,68,68,0
2016,ARCHIE,8,8,0
2016,AREN,10,10,0
2016,ARES,12,12,0
2016,ANTONIO,51,51,0
2016,ANGUS,13,13,0
2016,ARYAN,52,52,0
2016,ASHER,130,130,0
2016,AYDIN,40,40,0
2016,AYMAN,9,9,0
2016,AYOUB,15,15,0
2016,AZAAN,13,13,0
2016,AZIZ,7,7,0
2016,AZLAN,11,11,0
2016,BARRETT,25,25,0
2016,BASTIAN,7,7,0
2016,BEAU,75,75,0
2016,BECKETT,50,50,0
2016,BECKHAM,20,20,0
2016,BEN,31,31,0
2016,BENEDICT,10,10,0
2016,BENJAMIN,772,772,0
2016,BENNETT,159,159,0
2016,BENSON,45,45,0
2016,BENTLEY,126,126,0
2016,AYDEN,100,100,0
2016,AYDAN,6,6,0
2016,AYANSH,7,7,0
2016,AYAN,26,26,0
2016,ASHTON,114,114,0
2016,ASHWIN,20,20,0
2016,ATHARV,9,9,0
2016,ATLAS,27,27,0
2016,ATTICUS,41,41,0
2016,AUGUSTIN,7,7,0
2016,AUGUSTUS,14,14,0
2016,AUSTEN,13,13,0
2016,ASH,7,7,0
2016,AUSTIN,269,269,0
2016,AVEER,18,18,0
2016,AVI,9,9,0
2016,AVIRAJ,9,9,0
2016,AVRAJ,8,8,0
2016,AXEL,43,43,0
2016,AXL,11,11,0
2016,AXTON,9,9,0
2016,AYAAN,65,65,0
2016,AUSTON,16,16,0
2016,ANGELO,27,27,0
2016,ANGAD,20,20,0
2016,ANDY,26,26,0
2016,ADEN,13,13,0
2016,ADIL,9,9,0
2016,ADITYA,11,11,0
2016,ADNAN,11,11,0
2016,ADONIS,6,6,0
2016,ADRIAN,183,183,0
2016,ADRIANO,32,32,0
2016,ADRIEL,15,15,0
2016,ADRIEN,17,17,0
2016,ADVIK,12,12,0
2016,ADYAN,6,6,0
2016,AEDAN,11,11,0
2016,AFFAN,12,12,0
2016,AGAM,17,17,0
2016,AGAMBIR,6,6,0
2016,AHMAD,57,57,0
2016,AHMED,66,66,0
2016,ADAM,412,412,0
2016,ACHILLES,8,8,0
2016,ACE,22,22,0
2016,ABRAM,19,19,0
2016,AAHIL,9,9,0
2016,AARAN,6,6,0
2016,AARAV,81,81,0
2016,AARIZ,17,17,0
2016,AARON,191,191,0
2016,AARUSH,13,13,0
2016,AARYAN,30,30,0
2016,AAYAN,19,19,0
2016,AIDAN,111,111,0
2016,ABBAS,20,20,0
2016,ABDIRAHMAN,6,6,0
2016,ABDUL,30,30,0
2016,ABDULAZIZ,15,15,0
2016,ABDULLAH,74,74,0
2016,ABDULRAHMAN,9,9,0
2016,ABDURRAHMAN,11,11,0
2016,ABEL,68,68,0
2016,ABRAHAM,33,33,0
2016,ABDALLAH,10,10,0
2016,AIDEN,403,403,0
2016,AJ,6,6,0
2016,AJAY,15,15,0
2016,ALSTON,8,8,0
2016,ALVIN,30,30,0
2016,AMEER,16,16,0
2016,AMIN,6,6,0
2016,AMIR,53,53,0
2016,AMMAR,20,20,0
2016,AMOS,10,10,0
2016,ANAKIN,7,7,0
2016,ALLISTER,6,6,0
2016,ANAS,16,16,0
2016,ANDERSON,26,26,0
2016,ANDRE,43,43,0
2016,ANDRÉ,12,12,0
2016,ANDREAS,13,13,0
2016,ANDREI,18,18,0
2016,ANDREJ,6,6,0
2016,ANDRES,10,10,0
2016,ANDREW,237,237,0
2016,ANDERS,7,7,0
2016,BERNARD,6,6,0
2016,ALLEN,22,22,0
2016,ALISTAIR,14,14,0
2016,AJEET,6,6,0
2016,AKASH,9,9,0
2016,AKSHAYAN,9,9,0
2016,ALAN,23,23,0
2016,ALBERT,25,25,0
2016,ALDEN,17,17,0
2016,ALEC,28,28,0
2016,ALEJANDRO,13,13,0
2016,ALLAN,12,12,0
2016,ALEK,11,11,0
2016,ALEKSANDER,12,12,0
2016,ALESSANDRO,36,36,0
2016,ALESSIO,25,25,0
2016,ALEXANDER,495,495,0
2016,ALEXANDRE,46,46,0
2016,ALEXANDROS,6,6,0
2016,ALFRED,13,13,0
2016,ALIJAH,7,7,0
2016,ALEKSANDAR,13,13,0
2016,DOUGLAS,13,13,0
2016,BILAL,27,27,0
2016,BO,10,10,0
2016,CULLEN,23,23,0
2016,CURTIS,23,23,0
2016,CYRUS,39,39,0
2016,DALTON,16,16,0
2016,DAMIAN,65,65,0
2016,DAMIEN,57,57,0
2016,DAMON,29,29,0
2016,DANE,9,9,0
2016,DANIEL,443,443,0
2016,DANILO,7,7,0
2016,DANIYAL,11,11,0
2016,DANNY,7,7,0
2016,DANTE,83,83,0
2016,DARIAN,13,13,0
2016,DARIEN,9,9,0
2016,DARIO,17,17,0
2016,DARIUS,45,45,0
2016,CRUZ,30,30,0
2016,CROSBY,7,7,0
2016,CRISTIANO,22,22,0
2016,CRISTIAN,23,23,0
2016,COLE,183,183,0
2016,COLIN,80,80,0
2016,COLLIN,19,19,0
2016,COLSON,9,9,0
2016,COLT,16,16,0
2016,COLTEN,14,14,0
2016,COLTON,206,206,0
2016,CONNER,18,18,0
2016,DARREN,25,25,0
2016,CONNOR,297,297,0
2016,CONRAD,14,14,0
2016,COOPER,131,131,0
2016,CORBIN,26,26,0
2016,CORBYN,7,7,0
2016,COREY,12,12,0
2016,CORMAC,12,12,0
2016,CORNELIUS,11,11,0
2016,CORY,9,9,0
2016,CONOR,43,43,0
2016,COLBY,27,27,0
2016,DARSH,6,6,0
2016,DASHIELL,7,7,0
2016,DEVEN,7,7,0
2016,DEVIN,18,18,0
2016,DEXTER,24,24,0
2016,DHRUV,15,15,0
2016,DIEDRICH,6,6,0
2016,DIEGO,17,17,0
2016,DILAN,8,8,0
2016,DILLON,11,11,0
2016,DIMITRI,17,17,0
2016,DION,6,6,0
2016,DOMENIC,22,22,0
2016,DOMENICO,15,15,0
2016,DOMINIC,193,193,0
2016,DOMINICK,18,18,0
2016,DOMINIK,31,31,0
2016,DONALD,14,14,0
2016,DONOVAN,22,22,0
2016,DEVAN,7,7,0
2016,DEV,14,14,0
2016,DESMOND,39,39,0
2016,DERRICK,7,7,0
2016,DAVID,305,305,0
2016,DAVIN,15,15,0
2016,DAVIS,28,28,0
2016,DAWOOD,9,9,0
2016,DAWSON,55,55,0
2016,DAWUD,6,6,0
2016,DAX,26,26,0
2016,DAXTON,40,40,0
2016,DARWIN,10,10,0
2016,DEACON,36,36,0
2016,DECLAN,140,140,0
2016,DEKLAN,6,6,0
2016,DENIS,6,6,0
2016,DENIZ,6,6,0
2016,DENNIS,15,15,0
2016,DENVER,17,17,0
2016,DENZEL,6,6,0
2016,DEREK,31,31,0
2016,DEAN,60,60,0
2016,COHEN,118,118,0
2016,COEN,17,17,0
2016,CODY,35,35,0
2016,BRODIE,24,24,0
2016,BRODY,112,112,0
2016,BRONSON,14,14,0
2016,BROOKS,26,26,0
2016,BRUCE,44,44,0
2016,BRUNO,10,10,0
2016,BRYAN,34,34,0
2016,BRYCE,92,92,0
2016,BRYCEN,11,11,0
2016,BRYSON,87,87,0
2016,BYRON,8,8,0
2016,CADE,10,10,0
2016,CADEN,40,40,0
2016,CAEDEN,6,6,0
2016,CAELAN,6,6,0
2016,CAIDEN,13,13,0
2016,CAIN,12,12,0
2016,BRODERICK,6,6,0
2016,BROCK,36,36,0
2016,BRIAN,46,46,0
2016,BRETT,19,19,0
2016,BODHI,52,52,0
2016,BODIE,10,10,0
2016,BOSTON,12,12,0
2016,BOWEN,34,34,0
2016,BOWIE,7,7,0
2016,BRADEN,18,18,0
2016,BRADLEY,48,48,0
2016,BRADY,52,52,0
2016,CAINE,6,6,0
2016,BRAEDEN,9,9,0
2016,BRANTLEY,25,25,0
2016,BRAXTON,32,32,0
2016,BRAYDEN,177,177,0
2016,BRAYDON,13,13,0
2016,BRENDAN,17,17,0
2016,BRENDEN,8,8,0
2016,BRENNAN,19,19,0
2016,BRENT,9,9,0
2016,BRANDON,64,64,0
2016,CAIRO,13,13,0
2016,CAIUS,7,7,0
2016,CALDER,7,7,0
2016,CÉDRIC,11,11,0
2016,CHACE,9,9,0
2016,CHAD,7,7,0
2016,CHANCE,14,14,0
2016,CHARBEL,9,9,0
2016,CHARLES,210,210,0
2016,CHASE,172,172,0
2016,CHEVY,8,8,0
2016,CEDRIC,20,20,0
2016,CHRIS,13,13,0
2016,CHRISTOPHER,138,138,0
2016,CIAN,14,14,0
2016,CILLIAN,12,12,0
2016,CLARK,83,83,0
2016,CLAYTON,38,38,0
2016,CLEMENT,6,6,0
2016,CLIVE,6,6,0
2016,CLYDE,11,11,0
2016,CHRISTIAN,196,196,0
2016,BISHOP,6,6,0
2016,CAYSON,13,13,0
2016,CASTIEL,7,7,0
2016,CALEB,292,292,0
2016,CALLAHAN,8,8,0
2016,CALLAN,18,18,0
2016,CALLEN,14,14,0
2016,CALLUM,84,84,0
2016,CALUM,10,10,0
2016,CALVIN,82,82,0
2016,CAMDEN,49,49,0
2016,CAYDEN,43,43,0
2016,CAMILO,8,8,0
2016,CARL,18,18,0
2016,CARLOS,18,18,0
2016,CARMELO,15,15,0
2016,CARSEN,6,6,0
2016,CARSON,162,162,0
2016,CASH,13,13,0
2016,CASPIAN,6,6,0
2016,CASSIUS,20,20,0
2016,CAMPBELL,7,7,0
2016,KHALED,10,10,0
2016,KHALID,21,21,0
2016,KHALIL,20,20,0
2016,TYLER,162,162,0
2016,TYRELL,7,7,0
2016,TYSON,91,91,0
2016,UMAR,12,12,0
2016,URIAH,12,12,0
2016,USMAN,14,14,0
2016,UZAIR,8,8,0
2016,VALENTINO,12,12,0
2016,VAN,17,17,0
2016,VARUN,10,10,0
2016,VAUGHN,14,14,0
2016,VEER,16,16,0
2016,VIAAN,10,10,0
2016,VICTOR,60,60,0
2016,VIHAAN,32,32,0
2016,VIHAN,7,7,0
2016,VIKTOR,10,10,0
2016,TY,14,14,0
2016,TURNER,7,7,0
2016,TUCKER,35,35,0
2016,TRYSTAN,8,8,0
2016,TITAN,11,11,0
2016,TITUS,21,21,0
2016,TOBIAS,50,50,0
2016,TOBIN,9,9,0
2016,TOBY,26,26,0
2016,TOMAS,11,11,0
2016,TOMMY,16,16,0
2016,TONY,11,11,0
2016,VINCE,14,14,0
2016,TRACE,6,6,0
2016,TRENT,16,16,0
2016,TRENTON,14,14,0
2016,TREVOR,30,30,0
2016,TREY,9,9,0
2016,TRISTAN,190,190,0
2016,TRISTEN,8,8,0
2016,TRISTIN,6,6,0
2016,TROY,49,49,0
2016,TRAVIS,51,51,0
2016,TIMOTHY,69,69,0
2016,VINCENT,122,122,0
2016,VIRAJ,12,12,0
2016,WILLIAM,642,642,0
2016,WILLY,9,9,0
2016,WILSON,13,13,0
2016,WINSTON,41,41,0
2016,WOLFGANG,7,7,0
2016,WYATT,312,312,0
2016,WYLDER,6,6,0
2016,XANDER,61,61,0
2016,XAVIER,209,209,0
2016,YAHYA,35,35,0
2016,YANNICK,9,9,0
2016,YASEEN,32,32,0
2016,YASIN,11,11,0
2016,YASIR,10,10,0
2016,YASSIN,11,11,0
2016,YAZAN,12,12,0
2016,YOSEF,7,7,0
2016,WILLEM,13,13,0
2016,WILL,11,11,0
2016,WILHELM,6,6,0
2016,WILDER,7,7,0
2016,VIVAAN,18,18,0
2016,VLADIMIR,10,10,0
2016,VUK,7,7,0
2016,WADE,20,20,0
2016,WALI,19,19,0
2016,WALID,7,7,0
2016,WALKER,34,34,0
2016,WALLACE,16,16,0
2016,VINCENZO,19,19,0
2016,WALTER,25,25,0
2016,WARREN,15,15,0
2016,WAYLON,16,16,0
2016,WAYNE,8,8,0
2016,WES,6,6,0
2016,WESLEY,186,186,0
2016,WESTIN,8,8,0
2016,WESTLEY,21,21,0
2016,WESTON,85,85,0
2016,WARIS,11,11,0
2016,TIBERIUS,8,8,0
2016,TIAGO,22,22,0
2016,THORIN,8,8,0
2016,SHAUN,10,10,0
2016,SHAWN,40,40,0
2016,SHAYAAN,8,8,0
2016,SHAYAN,12,12,0
2016,SHAYNE,6,6,0
2016,SHELDON,6,6,0
2016,SHEPHERD,7,7,0
2016,SHIV,7,7,0
2016,SHIVAM,6,6,0
2016,SHREY,7,7,0
2016,SIDDHARTH,6,6,0
2016,SIDNEY,12,12,0
2016,SILAS,90,90,0
2016,SIMEON,6,6,0
2016,SIMON,109,109,0
2016,SLATER,6,6,0
2016,SMITH,12,12,0
2016,SHANE,33,33,0
2016,SHAAN,13,13,0
2016,SETH,55,55,0
2016,SERGIO,8,8,0
2016,SALMAN,12,12,0
2016,SALVATORE,10,10,0
2016,SAM,48,48,0
2016,SAMI,21,21,0
2016,SAMIR,8,8,0
2016,SAMSON,17,17,0
2016,SAMUEL,365,365,0
2016,SANTIAGO,41,41,0
2016,SOLOMON,15,15,0
2016,SANTINO,12,12,0
2016,SAYED,8,8,0
2016,SCOTT,24,24,0
2016,SEAMUS,8,8,0
2016,SEAN,57,57,0
2016,SEBASTIAN,283,283,0
2016,SEBASTIEN,13,13,0
2016,SÉBASTIEN,10,10,0
2016,SELIM,6,6,0
2016,SAUL,7,7,0
2016,SONNY,11,11,0
2016,SOREN,20,20,0
2016,STANLEY,15,15,0
2016,TEGH,7,7,0
2016,TEJAS,9,9,0
2016,TENNYSON,6,6,0
2016,TEO,8,8,0
2016,TEODOR,8,8,0
2016,TERENCE,6,6,0
2016,TERRANCE,7,7,0
2016,TERRENCE,14,14,0
2016,TEEGAN,6,6,0
2016,TERRY,6,6,0
2016,THATCHER,7,7,0
2016,THEO,91,91,0
2016,THÉO,19,19,0
2016,THEODOR,7,7,0
2016,THEODORE,297,297,0
2016,THÉODORE,12,12,0
2016,THIAGO,13,13,0
2016,THOMAS,353,353,0
2016,THADDEUS,6,6,0
2016,YOUNIS,7,7,0
2016,TAYM,7,7,0
2016,TATE,16,16,0
2016,STEFAN,39,39,0
2016,STEFANO,15,15,0
2016,STEPHEN,35,35,0
2016,STERLING,23,23,0
2016,STEVE,6,6,0
2016,STEVEN,41,41,0
2016,SUBHAN,13,13,0
2016,SULAIMAN,10,10,0
2016,TATUM,17,17,0
2016,SULEIMAN,7,7,0
2016,SULTAN,10,10,0
2016,SYED,49,49,0
2016,SYLAS,7,7,0
2016,TAHA,18,18,0
2016,TAIM,7,7,0
2016,TALHA,7,7,0
2016,TALON,6,6,0
2016,TANNER,48,48,0
2016,SULLIVAN,50,50,0
2016,SALIM,8,8,0
2016,YOUSEF,44,44,0
2016,YOUSSEF,20,20,0
2016,ALEEN,8,0,8
2016,ALEENA,53,0,53
2016,ALEESA,7,0,7
2016,ALEEZA,14,0,14
2016,ALEKSANDRA,14,0,14
2016,ALENA,14,0,14
2016,ALESHA,6,0,6
2016,ALESSA,6,0,6
2016,ALESSANDRA,22,0,22
2016,ALESSIA,75,0,75
2016,ALEX,112,106,6
2016,ALEXA,92,0,92
2016,ALEXANDRA,157,0,157
2016,ALEXANDRIA,18,0,18
2016,ALEXIA,43,0,43
2016,ALEXIE,14,0,14
2016,ALEXIS,144,13,131
2016,ALBA,7,0,7
2016,ALAYNA,48,0,48
2016,ALAYAH,8,0,8
2016,ALAYA,10,0,10
2016,AGNES,12,0,12
2016,AILA,19,0,19
2016,AILEEN,9,0,9
2016,AIMEE,12,0,12
2016,AINSLEY,47,0,47
2016,AISHA,53,0,53
2016,AIYANA,10,0,10
2016,AIYANNA,9,0,9
2016,ALI,167,161,6
2016,AIZA,22,0,22
2016,AKIRA,9,0,9
2016,AKSHARA,7,0,7
2016,AKSHAYA,9,0,9
2016,ALAIA,6,0,6
2016,ALAINA,23,0,23
2016,ALANA,25,0,25
2016,ALANNA,12,0,12
2016,ALANNAH,7,0,7
2016,AIZAH,17,0,17
2016,AGANETHA,7,0,7
2016,ALIA,27,0,27
2016,ALICE,222,0,222
2016,ALYSSIA,9,0,9
2016,ALYVIA,8,0,8
2016,AMAL,15,0,15
2016,AMALIA,8,0,8
2016,AMANDA,39,0,39
2016,AMANI,13,0,13
2016,AMARA,39,0,39
2016,AMARI,32,23,9
2016,AMARIS,6,0,6
2016,AMAYA,60,0,60
2016,AMAYAH,9,0,9
2016,AMBER,43,0,43
2016,AMEERA,9,0,9
2016,AMEERAH,8,0,8
2016,AMELIA,475,0,475
2016,AMÉLIA,9,0,9
2016,AMELIE,15,0,15
2016,ALYSSA,168,0,168
2016,ALYSON,11,0,11
2016,ALYSHA,6,0,6
2016,ALYA,9,0,9
2016,ALICIA,35,0,35
2016,ALINA,65,0,65
2016,ALISA,13,0,13
2016,ALISHA,32,0,32
2016,ALISON,23,0,23
2016,ALISSA,12,0,12
2016,ALIVIA,52,0,52
2016,ALIYA,33,0,33
2016,ALIANA,10,0,10
2016,ALIYAH,61,0,61
2016,ALLEGRA,9,0,9
2016,ALLIE,28,0,28
2016,ALLISON,59,0,59
2016,ALLY,7,0,7
2016,ALLYSON,11,0,11
2016,ALMA,17,0,17
2016,ALORA,14,0,14
2016,ALTHEA,7,0,7
2016,ALIZA,32,0,32
2016,ADRIENNE,10,0,10
2016,ADRIANNA,46,0,46
2016,ADRIANA,63,0,63
2016,ZAKI,6,6,0
2016,ZANDER,48,48,0
2016,ZANE,59,59,0
2016,ZAVIER,20,20,0
2016,ZAYAN,18,18,0
2016,ZAYD,31,31,0
2016,ZAYDEN,30,30,0
2016,ZAYN,80,80,0
2016,ZAYNE,23,23,0
2016,ZAYYAN,8,8,0
2016,ZECHARIAH,10,10,0
2016,ZEPHYR,6,6,0
2016,ZEV,9,9,0
2016,ZIDAN,7,7,0
2016,ZION,54,54,0
2016,ZIYAD,6,6,0
2016,ZORAWAR,11,11,0
2016,ZAKARY,7,7,0
2016,ZAKARIYA,25,25,0
2016,ZAKARIA,13,13,0
2016,ZAKAI,6,6,0
2016,YOUSUF,24,24,0
2016,YUG,6,6,0
2016,YUNUS,10,10,0
2016,YUSEF,12,12,0
2016,YUSUF,87,87,0
2016,YUVRAJ,20,20,0
2016,ZAC,8,8,0
2016,ZACH,6,6,0
2016,ZUBAIR,6,6,0
2016,ZACHARIAH,18,18,0
2016,ZACHARY,269,269,0
2016,ZACK,22,22,0
2016,ZACKARY,19,19,0
2016,ZAHIR,6,6,0
2016,ZAID,26,26,0
2016,ZAIDEN,10,10,0
2016,ZAIN,50,50,0
2016,ZAK,6,6,0
2016,ZACHARIE,8,8,0
2016,AADHYA,8,0,8
2016,AAHANA,8,0,8
2016,AAIRAH,7,0,7
2016,ADDILYN,20,0,20
2016,ADDILYNN,15,0,15
2016,ADDISON,202,0,202
2016,ADDISYN,21,0,21
2016,ADDYSON,11,0,11
2016,ADELA,9,0,9
2016,ADELAIDE,80,0,80
2016,ADELE,26,0,26
2016,ADDELYN,10,0,10
2016,ADÈLE,9,0,9
2016,ADELINE,86,0,86
2016,ADELLE,7,0,7
2016,ADELYN,54,0,54
2016,ADELYNN,26,0,26
2016,ADINA,10,0,10
2016,ADIRA,10,0,10
2016,ADLEY,9,0,9
2016,ADORA,6,0,6
2016,ADELINA,15,0,15
2016,YOUSIF,14,14,0
2016,ADALYNN,36,0,36
2016,ADALINE,51,0,51
2016,AALIYAH,113,0,113
2016,AAMINAH,7,0,7
2016,AANYA,25,0,25
2016,AARIA,7,0,7
2016,AARIYAH,6,0,6
2016,AARNA,6,0,6
2016,AAROHI,6,0,6
2016,AARUSHI,6,0,6
2016,ADALYN,54,0,54
2016,AARYA,27,0,27
2016,ABBEY,13,0,13
2016,ABBIE,7,0,7
2016,ABBIGAIL,13,0,13
2016,ABBY,42,0,42
2016,ABBYGAIL,9,0,9
2016,ABIGAIL,501,0,501
2016,ABRIELLE,10,0,10
2016,ADA,29,0,29
2016,AAVYA,6,0,6
2016,SAIF,15,15,0
2016,SAI,9,9,0
2016,SAHIL,11,11,0
2016,MANRAJ,16,16,0
2016,MANUEL,9,9,0
2016,MANVEER,6,6,0
2016,MARC,19,19,0
2016,MARCEL,21,21,0
2016,MARCELLO,14,14,0
2016,MARCELO,7,7,0
2016,MARCO,65,65,0
2016,MARCOS,7,7,0
2016,MARCUS,232,232,0
2016,MAREK,14,14,0
2016,MARIO,12,12,0
2016,MARK,74,74,0
2016,MARKO,25,25,0
2016,MARKUS,44,44,0
2016,MARLON,7,7,0
2016,MARSHALL,54,54,0
2016,MALIK,37,37,0
2016,MALEK,11,11,0
2016,MALCOLM,67,67,0
2016,MALAKAI,25,25,0
2016,LUCIUS,7,7,0
2016,LUIS,15,15,0
2016,LUKA,74,74,0
2016,LUKAS,116,116,0
2016,LUKE,275,275,0
2016,LYLE,6,6,0
2016,LYNDON,8,8,0
2016,MAAZ,9,9,0
2016,MARTIN,58,58,0
2016,MADDEN,18,18,0
2016,MAGNUS,25,25,0
2016,MAHDI,20,20,0
2016,MAHMOUD,10,10,0
2016,MAISON,6,6,0
2016,MAKAI,14,14,0
2016,MAKSIM,21,21,0
2016,MAKSYM,6,6,0
2016,MALACHI,48,48,0
2016,MADDOX,56,56,0
2016,LUCIEN,11,11,0
2016,MARVIN,14,14,0
2016,MASSIMO,29,29,0
2016,MAXWELL,159,159,0
2016,MAXX,9,9,0
2016,MAYSON,6,6,0
2016,MAZEN,9,9,0
2016,MEHDI,6,6,0
2016,MEHTAB,9,9,0
2016,MEKHI,7,7,0
2016,MEMPHIS,20,20,0
2016,MERRICK,12,12,0
2016,MESSIAH,7,7,0
2016,MICAH,85,85,0
2016,MICHAEL,363,363,0
2016,MICHEAL,11,11,0
2016,MIGUEL,55,55,0
2016,MIKAEEL,7,7,0
2016,MIKAEL,22,22,0
2016,MIKAIL,13,13,0
2016,MAXTON,13,13,0
2016,MAXSON,6,6,0
2016,MAXIMUS,99,99,0
2016,MAXIMILIANO,12,12,0
2016,MATEO,128,128,0
2016,MATEUS,9,9,0
2016,MATHÉO,8,8,0
2016,MATHEW,15,15,0
2016,MATHIAS,21,21,0
2016,MATHIEU,9,9,0
2016,MATHIS,18,18,0
2016,MATIAS,25,25,0
2016,MASON,485,485,0
2016,MATÍAS,6,6,0
2016,MATTEO,148,148,0
2016,MATTHEW,347,347,0
2016,MATTHIAS,21,21,0
2016,MAVERICK,98,98,0
2016,MAVRICK,6,6,0
2016,MAXIM,43,43,0
2016,MAXIME,28,28,0
2016,MAXIMILIAN,34,34,0
2016,MATT,7,7,0
2016,LUCIANO,17,17,0
2016,LUCIAN,11,11,0
2016,LUCCA,10,10,0
2016,KRISHIV,6,6,0
2016,KRISHNA,11,11,0
2016,KRISTIAN,14,14,0
2016,KRISTOPHER,8,8,0
2016,KURTIS,12,12,0
2016,KYAN,6,6,0
2016,KYE,11,11,0
2016,KYLE,88,88,0
2016,KYLER,20,20,0
2016,KYLO,8,8,0
2016,KYREN,7,7,0
2016,KYRIE,29,29,0
2016,KYSON,15,15,0
2016,LACHLAN,69,69,0
2016,LAITH,14,14,0
2016,LANCE,9,9,0
2016,LANDEN,31,31,0
2016,KRISH,23,23,0
2016,KORBIN,6,6,0
2016,KOLTON,25,25,0
2016,KOLE,8,8,0
2016,KIAAN,19,19,0
2016,KIAN,70,70,0
2016,KIDUS,7,7,0
2016,KIERAN,50,50,0
2016,KILLIAN,22,22,0
2016,KIMI,6,6,0
2016,KING,28,28,0
2016,KINGSLEY,38,38,0
2016,LANDON,175,175,0
2016,KINGSTON,79,79,0
2016,KNOX,31,31,0
2016,KOA,6,6,0
2016,KOBE,18,18,0
2016,KODY,9,9,0
2016,KOEN,14,14,0
2016,KOHEN,26,26,0
2016,KOHL,10,10,0
2016,KOLBY,8,8,0
2016,KIYAN,8,8,0
2016,LANDYN,20,20,0
2016,LANE,11,11,0
2016,LARRY,9,9,0
2016,LEWIS,37,37,0
2016,LIAM,745,745,0
2016,LINCOLN,421,421,0
2016,LINDEN,20,20,0
2016,LINKIN,10,10,0
2016,LINUS,9,9,0
2016,LIONEL,13,13,0
2016,LLEWYN,7,7,0
2016,LEVON,14,14,0
2016,LOCHLAN,56,56,0
2016,LOÏC,15,15,0
2016,LORENZO,60,60,0
2016,LOUIE,15,15,0
2016,LOUIS,52,52,0
2016,LOUKA,6,6,0
2016,LUC,8,8,0
2016,LUCA,185,185,0
2016,LUCAS,676,676,0
2016,LOGEN,6,6,0
2016,MIKHAIL,19,19,0
2016,LEVI,232,232,0
2016,LESTER,6,6,0
2016,LAWRENCE,19,19,0
2016,LAWSON,33,33,0
2016,LAYNE,6,6,0
2016,LAYTON,6,6,0
2016,LAZAR,6,6,0
2016,LEANDRO,19,19,0
2016,LEE,9,9,0
2016,LEGEND,11,11,0
2016,LEV,13,13,0
2016,LEIF,14,14,0
2016,LEO,290,290,0
2016,LÉO,22,22,0
2016,LEON,38,38,0
2016,LEONARD,19,19,0
2016,LEONARDO,95,95,0
2016,LEONEL,7,7,0
2016,LEONIDAS,21,21,0
2016,LEROY,9,9,0
2016,LELAND,13,13,0
2016,MILAN,37,37,0
2016,MILES,129,129,0
2016,MILLER,43,43,0
2016,RAYAN,55,55,0
2016,RAYDEN,12,12,0
2016,RAYLAN,10,10,0
2016,RAYMOND,37,37,0
2016,RAZA,7,7,0
2016,REECE,20,20,0
2016,REED,36,36,0
2016,REGINALD,9,9,0
2016,REHAN,7,7,0
2016,REID,83,83,0
2016,REILLY,9,9,0
2016,RÉMI,8,8,0
2016,REN,6,6,0
2016,REUBEN,20,20,0
2016,REYANSH,15,15,0
2016,RHETT,18,18,0
2016,RHYS,65,65,0
2016,RAYAAN,18,18,0
2016,RAY,14,14,0
2016,RAPHAËL,18,18,0
2016,RAPHAEL,36,36,0
2016,PRANAV,8,8,0
2016,PRESTON,77,77,0
2016,PRINCE,31,31,0
2016,PRINCETON,15,15,0
2016,QASIM,13,13,0
2016,QUENTIN,26,26,0
2016,QUINCY,10,10,0
2016,QUINTEN,7,7,0
2016,RIAAN,17,17,0
2016,QUINTIN,19,19,0
2016,QUINTUS,8,8,0
2016,RAFAEL,41,41,0
2016,RAHEEM,6,6,0
2016,RAIDEN,32,32,0
2016,RALPH,6,6,0
2016,RAMI,6,6,0
2016,RANVEER,10,10,0
2016,RANVIR,6,6,0
2016,QUINTON,39,39,0
2016,RIAN,13,13,0
2016,RICARDO,7,7,0
2016,RICHARD,61,61,0
2016,ROSHAN,8,8,0
2016,ROSS,7,7,0
2016,ROWEN,20,20,0
2016,ROY,19,19,0
2016,ROYCE,18,18,0
2016,RUDY,8,8,0
2016,RUSSELL,45,45,0
2016,RYDEN,8,8,0
2016,RONIN,28,28,0
2016,RYDER,134,134,0
2016,RYKER,105,105,0
2016,RYLAND,20,20,0
2016,RYLEY,11,11,0
2016,RYU,8,8,0
2016,SAAD,13,13,0
2016,SAEED,6,6,0
2016,SAFWAN,6,6,0
2016,SAHIB,21,21,0
2016,RYERSON,11,11,0
2016,PORTER,13,13,0
2016,RONAN,64,64,0
2016,RON,6,6,0
2016,RICKY,13,13,0
2016,RIDWAN,7,7,0
2016,RIO,10,10,0
2016,RISHAAN,10,10,0
2016,RISHI,7,7,0
2016,ROAN,6,6,0
2016,ROBERT,104,104,0
2016,ROCCO,30,30,0
2016,RONALD,10,10,0
2016,ROCKY,8,8,0
2016,RODNEY,6,6,0
2016,RODRIGO,6,6,0
2016,ROGER,9,9,0
2016,ROHAAN,7,7,0
2016,ROHAN,33,33,0
2016,ROLAND,16,16,0
2016,ROMAN,95,95,0
2016,ROMEO,25,25,0
2016,RODERICK,6,6,0
2016,AMIA,7,0,7
2016,PIERCE,19,19,0
2016,PHILIPPE,9,9,0
2016,NASH,126,126,0
2016,NASIR,9,9,0
2016,NATE,13,13,0
2016,NATHAN,504,504,0
2016,NATHANAEL,15,15,0
2016,NATHANIEL,188,188,0
2016,NEAL,8,8,0
2016,NEEL,9,9,0
2016,NEHEMIAH,11,11,0
2016,NEIL,39,39,0
2016,NELSON,10,10,0
2016,NEVIN,9,9,0
2016,NIAM,15,15,0
2016,NICHOLAS,295,295,0
2016,NICK,9,9,0
2016,NICKOLAS,8,8,0
2016,NICO,42,42,0
2016,NAKSH,6,6,0
2016,NABIL,7,7,0
2016,MYLO,8,8,0
2016,MYLES,111,111,0
2016,MILO,49,49,0
2016,MINH,6,6,0
2016,MITCHELL,28,28,0
2016,MOHAMAD,19,19,0
2016,MOHAMED,48,48,0
2016,MOHAMMAD,80,80,0
2016,MOHAMMED,60,60,0
2016,MOHID,7,7,0
2016,NICOLAS,77,77,0
2016,MOHSIN,6,6,0
2016,MOSES,14,14,0
2016,MOSHE,7,7,0
2016,MOUSA,6,6,0
2016,MUHAMMAD,270,270,0
2016,MUHAMMED,11,11,0
2016,MUJTABA,8,8,0
2016,MUSA,49,49,0
2016,MUSTAFA,42,42,0
2016,MONTGOMERY,7,7,0
2016,NIGEL,12,12,0
2016,NIHAAL,6,6,0
2016,NIHAL,11,11,0
2016,ORLANDO,10,10,0
2016,ORSON,11,11,0
2016,OSCAR,99,99,0
2016,OSKAR,15,15,0
2016,OSMAN,6,6,0
2016,OTIS,27,27,0
2016,OWEN,495,495,0
2016,OZZY,8,8,0
2016,ORION,24,24,0
2016,PABLO,6,6,0
2016,PAOLO,7,7,0
2016,PARSA,6,6,0
2016,PATRICK,93,93,0
2016,PAUL,51,51,0
2016,PAXTON,24,24,0
2016,PEARSON,8,8,0
2016,PETER,88,88,0
2016,PHILIP,48,48,0
2016,PANAGIOTIS,8,8,0
2016,PHILLIP,8,8,0
2016,ONYX,6,6,0
2016,OMARI,9,9,0
2016,NIKHIL,12,12,0
2016,NIKO,29,29,0
2016,NIKOLA,30,30,0
2016,NIKOLAI,23,23,0
2016,NIKOLAS,34,34,0
2016,NIVAAN,8,8,0
2016,NIXON,33,33,0
2016,NOAH,745,745,0
2016,OMER,11,11,0
2016,NOEL,12,12,0
2016,NORMAN,7,7,0
2016,NYLE,9,9,0
2016,ODIN,59,59,0
2016,OJAS,6,6,0
2016,OLIVER,603,603,0
2016,OLIVIER,46,46,0
2016,OLLIE,6,6,0
2016,OMAR,106,106,0
2016,NOLAN,257,257,0
2016,ZURI,13,0,13
2016,GRACE,368,0,368
2017,ZAYNAB,28,0,28
2017,KAMRAN,8,8,0
2017,JED,8,8,0
2017,TALON,8,8,0
2017,VINCE,8,8,0
2017,LYNDON,8,8,0
2017,SALEH,8,8,0
2017,SHAYAN,8,8,0
2017,KODA,8,8,0
2017,ROAN,8,8,0
2017,NOAM,8,8,0
2017,STUART,8,8,0
2017,JASHAN,8,8,0
2017,RON,8,8,0
2017,WOLF,8,8,0
2017,ARHAAN,8,8,0
2017,NICK,8,8,0
2017,YASH,8,8,0
2017,KAYAN,8,8,0
2017,ESSA,8,8,0
2017,CONSTANTINE,8,8,0
2017,TYE,8,8,0
2017,SINAN,8,8,0
2017,ABDALLAH,8,8,0
2017,YAQUB,8,8,0
2017,PRINCETON,8,8,0
2017,ATHARVA,8,8,0
2017,KRIS,8,8,0
2017,JERRY,8,8,0
2017,JENSON,8,8,0
2017,DEVAN,8,8,0
2017,VALENTINO,8,8,0
2017,RAHEEM,8,8,0
2017,SAHIL,8,8,0
2017,FAIZAN,8,8,0
2017,LEONEL,8,8,0
2017,JON,8,8,0
2017,ARIS,8,8,0
2017,SMITH,8,8,0
2017,ADITYA,8,8,0
2017,ALEXANDROS,8,8,0
2017,ARSH,8,8,0
2017,SALMAN,8,8,0
2017,PABLO,8,8,0
2017,MICHEAL,8,8,0
2017,ANISH,8,8,0
2017,BRODERICK,8,8,0
2017,NIKHIL,8,8,0
2017,EUGENE,9,9,0
2017,REYAAN,9,9,0
2017,DOMINICK,9,9,0
2017,CORY,9,9,0
2017,HASHIM,9,9,0
2017,MIKAEEL,8,8,0
2017,LOUKA,9,9,0
2017,MAREK,9,9,0
2017,RAMI,9,9,0
2017,EMANUEL,9,9,0
2017,SONNY,9,9,0
2017,HARLAN,9,9,0
2017,CONRAD,9,9,0
2017,LINKIN,9,9,0
2017,DEKLAN,9,9,0
2017,PIERSON,9,9,0
2017,ALEJANDRO,8,8,0
2017,MESSIAH,8,8,0
2017,PAOLO,8,8,0
2017,GRAYSEN,8,8,0
2017,NAYEL,8,8,0
2017,YOEL,8,8,0
2017,MUHAMMED,8,8,0
2017,JIMMY,8,8,0
2017,WILL,8,8,0
2017,OLLIE,8,8,0
2017,ARISH,8,8,0
2017,ROSS,8,8,0
2017,RIAN,8,8,0
2017,NIALL,8,8,0
2017,DENZEL,8,8,0
2017,KARL,8,8,0
2017,DUSTIN,8,8,0
2017,PEARCE,8,8,0
2017,WOLFE,8,8,0
2017,GURMAN,8,8,0
2017,HOWARD,8,8,0
2017,MATHÉO,8,8,0
2017,REX,9,9,0
2017,JAYDON,8,8,0
2017,TERRENCE,8,8,0
2017,CASEN,7,7,0
2017,KAIZEN,7,7,0
2017,ZAKI,7,7,0
2017,BRAEDEN,7,7,0
2017,NEAL,7,7,0
2017,HUSAYN,7,7,0
2017,AAMIR,7,7,0
2017,HENDRICK,7,7,0
2017,BODE,7,7,0
2017,FERGUS,7,7,0
2017,GAUGE,7,7,0
2017,EVANGELOS,7,7,0
2017,ELTON,7,7,0
2017,BARON,7,7,0
2017,NIGEL,7,7,0
2017,KORBIN,7,7,0
2017,EMIR,7,7,0
2017,QUINTEN,7,7,0
2017,HUZAIFA,7,7,0
2017,ABDIRAHMAN,7,7,0
2017,JACQUES,7,7,0
2017,DRAVEN,7,7,0
2017,KRITHIK,7,7,0
2017,MAHIR,7,7,0
2017,HARMAN,7,7,0
2017,QUINCY,7,7,0
2017,HISHAM,7,7,0
2017,AKRAM,7,7,0
2017,TOM,7,7,0
2017,BRUNO,7,7,0
2017,AZAN,7,7,0
2017,GIORGIO,7,7,0
2017,VUK,7,7,0
2017,DWAYNE,7,7,0
2017,JOAQUIN,7,7,0
2017,GURBAAZ,7,7,0
2017,SACHA,7,7,0
2017,THADDEUS,7,7,0
2017,JOHNATHON,7,7,0
2017,ILYA,7,7,0
2017,BASIL,7,7,0
2017,NORMAN,8,8,0
2017,MAJOR,7,7,0
2017,AYANSH,7,7,0
2017,ANDREI,8,8,0
2017,LEE,8,8,0
2017,RYERSON,8,8,0
2017,STEPHAN,8,8,0
2017,USMAN,8,8,0
2017,LANE,8,8,0
2017,MOSHE,8,8,0
2017,WILLEM,8,8,0
2017,ELIE,8,8,0
2017,HECTOR,8,8,0
2017,AREN,8,8,0
2017,CASTIEL,8,8,0
2017,ISHAN,8,8,0
2017,AYDAN,8,8,0
2017,KEANU,8,8,0
2017,ISMAEL,8,8,0
2017,SAI,8,8,0
2017,ARAN,8,8,0
2017,MATÍAS,8,8,0
2017,IGOR,7,7,0
2017,CALUM,8,8,0
2017,TERENCE,7,7,0
2017,LUCIEN,7,7,0
2017,KASEN,7,7,0
2017,EITAN,7,7,0
2017,JAKUB,7,7,0
2017,ASA,7,7,0
2017,SONAM,7,7,0
2017,SHALOM,7,7,0
2017,ERICK,7,7,0
2017,MOHID,7,7,0
2017,ADEM,7,7,0
2017,CLINTON,7,7,0
2017,KRYSTIAN,7,7,0
2017,CHANDLER,7,7,0
2017,ARIYAN,7,7,0
2017,GREYSEN,7,7,0
2017,EDMUND,7,7,0
2017,JOSEF,7,7,0
2017,JEROME,7,7,0
2017,KAYNE,7,7,0
2017,JAN,7,7,0
2017,ADVIK,9,9,0
2017,CAIUS,9,9,0
2017,WAYNE,10,10,0
2017,ISSAC,10,10,0
2017,FAISAL,10,10,0
2017,BENEDICT,10,10,0
2017,RUBEN,11,11,0
2017,HIMMAT,11,11,0
2017,ASHWIN,11,11,0
2017,THÉODORE,11,11,0
2017,OTTO,10,10,0
2017,ANTOINE,11,11,0
2017,TEJAS,11,11,0
2017,DONALD,11,11,0
2017,NIKOLAI,11,11,0
2017,DOMENICO,11,11,0
2017,FERNANDO,11,11,0
2017,HARIS,11,11,0
2017,AZAAN,11,11,0
2017,CASE,11,11,0
2017,JALEN,11,11,0
2017,STEFANO,11,11,0
2017,SIMEON,10,10,0
2017,KAEDEN,10,10,0
2017,SAYED,10,10,0
2017,LUCCA,10,10,0
2017,HAROLD,10,10,0
2017,GREY,10,10,0
2017,MAC,10,10,0
2017,KOLBY,10,10,0
2017,BODIE,10,10,0
2017,SALEM,10,10,0
2017,QUINTIN,10,10,0
2017,ARIE,10,10,0
2017,EASON,10,10,0
2017,ANAKIN,10,10,0
2017,EISA,10,10,0
2017,REHAN,10,10,0
2017,CARMELO,10,10,0
2017,ARIAN,10,10,0
2017,EYAD,10,10,0
2017,MATHEW,10,10,0
2017,MAHMOUD,10,10,0
2017,JUSTICE,10,10,0
2017,SANTINO,11,11,0
2017,CASSIUS,11,11,0
2017,FAHAD,11,11,0
2017,COEN,11,11,0
2017,CONNER,11,11,0
2017,ALIJAH,11,11,0
2017,ALDEN,11,11,0
2017,PORTER,11,11,0
2017,BENNY,11,11,0
2017,YUVAAN,11,11,0
2017,GRADY,11,11,0
2017,ZORAWAR,11,11,0
2017,SAMAR,12,12,0
2017,PRANAV,12,12,0
2017,QASIM,12,12,0
2017,ANTON,12,12,0
2017,BRENDAN,12,12,0
2017,EPHRAIM,12,12,0
2017,ZAIDEN,12,12,0
2017,GUS,12,12,0
2017,AMAR,11,11,0
2017,MEKHI,11,11,0
2017,ELVIN,11,11,0
2017,DANE,11,11,0
2017,JAXXON,11,11,0
2017,KASH,11,11,0
2017,RAPHAËL,11,11,0
2017,NIHAL,11,11,0
2017,AHAD,11,11,0
2017,KAYSEN,11,11,0
2017,JETHRO,11,11,0
2017,FRASER,11,11,0
2017,TERRY,11,11,0
2017,WOLFGANG,11,11,0
2017,AARAN,11,11,0
2017,SIDDHARTH,11,11,0
2017,MARVIN,11,11,0
2017,DANIYAL,11,11,0
2017,BRETT,11,11,0
2017,KHALIL,11,11,0
2017,VIAAN,11,11,0
2017,HEINRICH,11,11,0
2017,LUIS,11,11,0
2017,CROSBY,9,9,0
2017,MIKAIL,10,10,0
2017,TERRANCE,10,10,0
2017,AMAAN,9,9,0
2017,HUMZA,9,9,0
2017,EMMET,9,9,0
2017,ROHAAN,9,9,0
2017,ZEN,9,9,0
2017,JAVIER,9,9,0
2017,MIKE,9,9,0
2017,SUBHAN,9,9,0
2017,JAMAL,9,9,0
2017,KYAN,9,9,0
2017,KENZO,9,9,0
2017,TARIQ,9,9,0
2017,SHAYAAN,9,9,0
2017,EVANDER,9,9,0
2017,DERRICK,9,9,0
2017,FORREST,9,9,0
2017,AVRAJ,9,9,0
2017,AUDEN,9,9,0
2017,SHIVANSH,9,9,0
2017,MATEUS,9,9,0
2017,MEHTAB,9,9,0
2017,SACHIN,9,9,0
2017,MARWAN,9,9,0
2017,OMID,9,9,0
2017,ZAYAN,9,9,0
2017,LUCIUS,9,9,0
2017,LUQMAN,9,9,0
2017,BLAINE,9,9,0
2017,ROYAL,9,9,0
2017,EMILIANO,9,9,0
2017,NATHANAEL,9,9,0
2017,RANVEER,9,9,0
2017,FARES,9,9,0
2017,HEZEKIAH,9,9,0
2017,MANRAJ,9,9,0
2017,MATT,9,9,0
2017,ZIDAN,9,9,0
2017,ABDULAZIZ,9,9,0
2017,SULEIMAN,9,9,0
2017,JAGGER,9,9,0
2017,AUGUSTINE,9,9,0
2017,NYLE,10,10,0
2017,LOUIE,9,9,0
2017,MAAZ,9,9,0
2017,AMIN,10,10,0
2017,ARCHIE,10,10,0
2017,DAVE,10,10,0
2017,DARWIN,10,10,0
2017,ELON,10,10,0
2017,LEGEND,10,10,0
2017,KRISHNA,10,10,0
2017,ZAYAAN,10,10,0
2017,ZACH,10,10,0
2017,KEAGAN,10,10,0
2017,JOE,10,10,0
2017,LOÏC,10,10,0
2017,ONYX,10,10,0
2017,ADONIS,10,10,0
2017,IBRAHEEM,10,10,0
2017,ERNEST,10,10,0
2017,AUSTEN,10,10,0
2017,ZAVIYAR,10,10,0
2017,BYRON,10,10,0
2017,ROGER,9,9,0
2017,ZEV,10,10,0
2017,ZAC,10,10,0
2017,VIRAAJ,9,9,0
2017,ANDERS,9,9,0
2017,SHIV,9,9,0
2017,CAIN,9,9,0
2017,CADE,9,9,0
2017,LEROY,9,9,0
2017,ARES,9,9,0
2017,ADNAN,9,9,0
2017,DUKE,10,10,0
2017,AHAAN,9,9,0
2017,THATCHER,9,9,0
2017,ZEKE,10,10,0
2017,DARIO,10,10,0
2017,DION,10,10,0
2017,KENAN,10,10,0
2017,GUNNER,10,10,0
2017,LUC,10,10,0
2017,KILIAN,10,10,0
2017,TITAN,9,9,0
2017,TORIN,12,12,0
2017,MATTIA,7,7,0
2017,MAKSYM,7,7,0
2017,TYRA,6,0,6
2017,SWARA,6,0,6
2017,JAYCEE,6,0,6
2017,ARISSA,6,0,6
2017,MAUDE,6,0,6
2017,AUDRIANA,6,0,6
2017,NELLA,6,0,6
2017,AYEZA,6,0,6
2017,LYRIC,6,0,6
2017,DIBA,6,0,6
2017,BRYAR,6,0,6
2017,GOLDIE,6,0,6
2017,MAPLE,6,0,6
2017,AIYANA,6,0,6
2017,AAYAT,6,0,6
2017,ARIANE,6,0,6
2017,LIAM,744,744,0
2017,MANUEL,6,6,0
2017,ASIYAH,6,0,6
2017,MIHAILO,6,6,0
2017,RYKER,156,150,6
2017,KIANNA,6,0,6
2017,DIANE,6,0,6
2017,SASKIA,6,0,6
2017,EILIDH,6,0,6
2017,ISHA,6,0,6
2017,NAILA,6,0,6
2017,ELIORA,6,0,6
2017,DEFNE,6,0,6
2017,SAVANAH,6,0,6
2017,SAVERA,6,0,6
2017,ELYANA,6,0,6
2017,ZAHARA,6,0,6
2017,TIARA,6,0,6
2017,AALIYA,6,0,6
2017,BRAYLEE,6,0,6
2017,NERIAH,6,0,6
2017,JENNAH,6,0,6
2017,VIVIANA,6,0,6
2017,NOVAH,6,0,6
2017,NYA,6,0,6
2017,VAANI,6,0,6
2017,CALDER,6,6,0
2017,RAIN,6,6,0
2017,AVIRAJ,6,6,0
2017,KENTON,6,6,0
2017,AGAMJOT,6,6,0
2017,PARAM,6,6,0
2017,ORLANDO,6,6,0
2017,THORIN,6,6,0
2017,MAXIMILIANO,6,6,0
2017,FORD,6,6,0
2017,CASPER,6,6,0
2017,FOREST,6,6,0
2017,MARLON,6,6,0
2017,FREDERIC,6,6,0
2017,YEHUDA,6,6,0
2017,DANYAL,6,6,0
2017,EVEREST,6,6,0
2017,SAUL,6,6,0
2017,JAYVION,6,6,0
2017,CHAD,6,6,0
2017,GURJAS,6,6,0
2017,MATÉO,6,6,0
2017,KEIRAN,6,6,0
2017,EUAN,6,6,0
2017,RICKY,6,6,0
2017,EOIN,6,6,0
2017,SAMY,6,6,0
2017,TOMMY,6,6,0
2017,CAMILO,6,6,0
2017,AHYAN,6,6,0
2017,KEN,6,6,0
2017,KINNON,6,6,0
2017,SHAHEER,6,6,0
2017,LINKOLN,6,6,0
2017,GERALD,6,6,0
2017,LYNCOLN,6,6,0
2017,MAZIN,6,6,0
2017,BOGDAN,6,6,0
2017,TAYM,6,6,0
2017,TIAM,6,6,0
2017,SAMIR,6,6,0
2017,JAIVEER,6,6,0
2017,RANDY,6,6,0
2017,MUSAB,6,6,0
2017,AZARIAH,12,6,6
2017,SHOSHANA,6,0,6
2017,DIVINE,6,0,6
2017,LEORA,6,0,6
2017,DALLAS,55,49,6
2017,YI,6,0,6
2017,VAISHNAVI,6,0,6
2017,KAMIYAH,6,0,6
2017,RAEYA,6,0,6
2017,TEMPERANCE,6,0,6
2017,TASNIM,6,0,6
2017,SHANNON,6,0,6
2017,LEONORA,6,0,6
2017,ELIYAH,6,0,6
2017,ANGIE,6,0,6
2017,MIRELLA,6,0,6
2017,AZRA,6,0,6
2017,WANIYA,6,0,6
2017,ELLERY,6,0,6
2017,ARABELLE,6,0,6
2017,NIYAH,6,0,6
2017,PARISA,6,0,6
2017,ANJANA,6,0,6
2017,ZANIYAH,6,0,6
2017,PAULINE,6,0,6
2017,CHIMAMANDA,6,0,6
2017,RACHELLE,6,0,6
2017,LAYA,6,0,6
2017,EMELYN,6,0,6
2017,VIVIANNE,6,0,6
2017,SURAIYA,6,0,6
2017,ANIYA,6,0,6
2017,SANDY,6,0,6
2017,ALTHEA,6,0,6
2017,HOLLIS,6,0,6
2017,AAVYA,6,0,6
2017,NUSAYBAH,6,0,6
2017,CLARKE,21,15,6
2017,SUHANA,6,0,6
2017,IVANNA,6,0,6
2017,CALLEIGH,6,0,6
2017,AASIYAH,6,0,6
2017,ALBA,6,0,6
2017,SUNNY,6,0,6
2017,DELLA,6,0,6
2017,SAMIA,6,0,6
2017,ELISSA,6,0,6
2017,JAELYN,6,0,6
2017,FATMA,6,0,6
2017,MALIHA,6,0,6
2017,ANN,6,0,6
2017,TIJANA,6,0,6
2017,ALVINA,6,0,6
2017,SUSAN,6,0,6
2017,ARAYA,6,0,6
2017,AMEN,6,0,6
2017,RAPHAËLLE,6,0,6
2017,DENIZ,14,8,6
2017,MAIYA,6,0,6
2017,DARCY,19,13,6
2017,HAJIRA,6,0,6
2017,HADIA,6,0,6
2017,AVAYA,6,0,6
2017,ZEINAB,6,0,6
2017,AMRIT,6,0,6
2017,KALEIGH,6,0,6
2017,ADIRA,6,0,6
2017,AYZA,6,0,6
2017,NIYA,6,0,6
2017,MAKENZIE,6,0,6
2017,AAIMA,6,0,6
2017,MERCY,6,0,6
2017,ASPYN,6,0,6
2017,MITHRA,6,0,6
2017,ESMAE,6,0,6
2017,EMMA-LEE,6,0,6
2017,VIANNA,6,0,6
2017,SAPPHIRE,6,0,6
2017,AANAYA,6,0,6
2017,ELIF,6,0,6
2017,LEONIE,6,0,6
2017,BEXLEY,6,0,6
2017,FINLEIGH,6,0,6
2017,RAHAF,6,0,6
2017,GIOVANNA,6,0,6
2017,ADRIELLE,6,0,6
2017,KIERRA,6,0,6
2017,ELIOT,7,7,0
2017,LINDEN,6,6,0
2017,AYUB,6,6,0
2017,YAMIN,6,6,0
2017,NOVAK,6,6,0
2017,TREY,6,6,0
2017,DEEGAN,6,6,0
2017,RANBIR,6,6,0
2017,AVI,6,6,0
2017,ANDREJ,6,6,0
2017,SEBASTIÁN,6,6,0
2017,AUSTYN,6,6,0
2017,GIANCARLO,6,6,0
2017,MARCELO,6,6,0
2017,YASSIN,6,6,0
2017,BRICE,6,6,0
2017,NICOLA,6,6,0
2017,XZAVIER,6,6,0
2017,REILLY,7,7,0
2017,NICKAN,7,7,0
2017,LINK,7,7,0
2017,NEO,6,6,0
2017,WATSON,7,7,0
2017,YASIR,6,6,0
2017,SULAYMAN,6,6,0
2017,EHAN,6,6,0
2017,MELVIN,6,6,0
2017,ARAD,6,6,0
2017,WENDEL,6,6,0
2017,YUVAN,6,6,0
2017,ALFRED,6,6,0
2017,SAMRATH,6,6,0
2017,CAYSON,6,6,0
2017,LUKASZ,6,6,0
2017,KIMI,6,6,0
2017,TED,6,6,0
2017,BERNARD,6,6,0
2017,RIZWAN,6,6,0
2017,ESHAN,6,6,0
2017,KOA,6,6,0
2017,MOUSSA,6,6,0
2017,KAYLEB,6,6,0
2017,RASHAD,6,6,0
2017,ABDURRAHMAN,6,6,0
2017,AARNAV,6,6,0
2017,MATTIAS,7,7,0
2017,ZEPHYR,7,7,0
2017,DAN,7,7,0
2017,ANTONI,7,7,0
2017,EDGAR,7,7,0
2017,ATHAN,7,7,0
2017,ARIO,7,7,0
2017,ZOHAN,7,7,0
2017,NIKITA,7,7,0
2017,JAEDEN,7,7,0
2017,ALLISTER,7,7,0
2017,LAYTH,7,7,0
2017,DEVANSH,7,7,0
2017,SAMSON,7,7,0
2017,BRENDEN,7,7,0
2017,LAZAR,7,7,0
2017,MADDEX,7,7,0
2017,SHLOK,7,7,0
2017,LAYTON,7,7,0
2017,KARSEN,7,7,0
2017,BELLAMY,7,7,0
2017,PIERRE,7,7,0
2017,TRISTEN,7,7,0
2017,EDDIE,7,7,0
2017,JAXX,7,7,0
2017,MARIO,7,7,0
2017,LAYNE,7,7,0
2017,ALASTAIR,7,7,0
2017,FIONN,7,7,0
2017,PERRY,7,7,0
2017,TAMIM,7,7,0
2017,KRISTOPHER,7,7,0
2017,WARIS,7,7,0
2017,AVYAAN,7,7,0
2017,MATHIEU,7,7,0
2017,GRYPHON,7,7,0
2017,RODERICK,7,7,0
2017,ZIDANE,7,7,0
2017,EZRAH,7,7,0
2017,YASIN,7,7,0
2017,KOLTEN,7,7,0
2017,DIYAN,7,7,0
2017,TIBERIUS,7,7,0
2017,SHAI,6,6,0
2017,ÉLI,6,6,0
2017,BOSCO,6,6,0
2017,GURNAV,6,6,0
2017,BORNA,6,6,0
2017,BRANDEN,6,6,0
2017,IDREES,6,6,0
2017,FITZGERALD,6,6,0
2017,GERARD,6,6,0
2017,TIMUR,6,6,0
2017,MURRAY,6,6,0
2017,AZLAAN,6,6,0
2017,ODEN,6,6,0
2017,AMBROSE,6,6,0
2017,ARAS,6,6,0
2017,JAVON,6,6,0
2017,HARTLEY,6,6,0
2017,CLYDE,6,6,0
2017,YOSEF,6,6,0
2017,SARTAJ,6,6,0
2017,ADAMO,6,6,0
2017,MARCOS,6,6,0
2017,YOSEPH,6,6,0
2017,DALE,6,6,0
2017,DANIAL,6,6,0
2017,NILE,6,6,0
2017,KAVISH,6,6,0
2017,STIRLING,6,6,0
2017,MADDUX,6,6,0
2017,DANILO,6,6,0
2017,JEFFERY,6,6,0
2017,ROBERTO,6,6,0
2017,LANCE,6,6,0
2017,GRAEME,6,6,0
2017,JEEVAN,6,6,0
2017,EZEQUIEL,6,6,0
2017,TAYDEN,6,6,0
2017,TIM,6,6,0
2017,ARAV,6,6,0
2017,SAID,6,6,0
2017,SUFYAN,6,6,0
2017,KENJI,6,6,0
2017,TEGH,6,6,0
2017,LAURENT,6,6,0
2017,KYE,6,6,0
2017,FRANCISCO,6,6,0
2017,TYRELL,6,6,0
2017,TAREK,6,6,0
2017,JULIO,6,6,0
2017,KASHTON,6,6,0
2017,GARY,6,6,0
2017,CÉDRIC,6,6,0
2017,IRFAN,6,6,0
2017,MUAAZ,6,6,0
2017,IMMANUEL,6,6,0
2017,JOUD,6,6,0
2017,ADVAIT,6,6,0
2017,WES,6,6,0
2017,RAGHAV,6,6,0
2017,ASH,6,6,0
2017,DILAN,6,6,0
2017,BRAM,6,6,0
2017,THEOREN,6,6,0
2017,RIVAAN,6,6,0
2017,ZACKERY,6,6,0
2017,KALVIN,6,6,0
2017,KIT,6,6,0
2017,TRIPP,6,6,0
2017,KARMAN,6,6,0
2017,KRISHIV,6,6,0
2017,KAMAL,6,6,0
2017,VLADIMIR,6,6,0
2017,OZZY,6,6,0
2017,MAKAI,6,6,0
2017,NASSER,6,6,0
2017,KYLO,6,6,0
2017,FINNICK,6,6,0
2017,HEATH,6,6,0
2017,URIAH,6,6,0
2017,ESHAAN,6,6,0
2017,CLARENCE,6,6,0
2017,CEDAR,6,6,0
2017,KENT,6,6,0
2017,CIARAN,6,6,0
2017,WESTIN,6,6,0
2017,MANVEER,6,6,0
2017,YAAKOV,6,6,0
2017,KONRAD,6,6,0
2017,JADON,12,12,0
2017,FINLAY,12,12,0
2017,JAWAD,12,12,0
2017,CONOR,46,46,0
2017,ANDRE,46,46,0
2017,MAXIM,46,46,0
2017,ZAYDEN,46,46,0
2017,KADEN,47,47,0
2017,ALESSANDRO,47,47,0
2017,DARIUS,49,49,0
2017,PAUL,49,49,0
2017,WINSTON,46,46,0
2017,MARCO,49,49,0
2017,NIXON,49,49,0
2017,KIERAN,49,49,0
2017,DAXTON,50,50,0
2017,DAMIEN,50,50,0
2017,TANNER,50,50,0
2017,AUSTON,51,51,0
2017,BEN,51,51,0
2017,KANE,51,51,0
2017,MARSHALL,49,49,0
2017,ZAIN,51,51,0
2017,SULLIVAN,46,46,0
2017,SETH,45,45,0
2017,MUSA,40,40,0
2017,RAYYAN,40,40,0
2017,AYDIN,41,41,0
2017,STEVEN,41,41,0
2017,ENZO,41,41,0
2017,JUDAH,41,41,0
2017,OLIVIER,41,41,0
2017,FINNLEY,42,42,0
2017,ATTICUS,45,45,0
2017,ARYAN,43,43,0
2017,MALACHI,44,44,0
2017,ZANDER,44,44,0
2017,BRYAN,44,44,0
2017,NICO,44,44,0
2017,HENDRIX,44,44,0
2017,SEAN,45,45,0
2017,TUCKER,45,45,0
2017,RAYMOND,45,45,0
2017,KYRIE,44,44,0
2017,ATLAS,40,40,0
2017,ARLO,52,52,0
2017,COLIN,52,52,0
2017,EMMANUEL,59,59,0
2017,LOUIS,60,60,0
2017,TIMOTHY,60,60,0
2017,DAMIAN,60,60,0
2017,LORENZO,60,60,0
2017,BRADY,61,61,0
2017,AARAV,61,61,0
2017,MILO,61,61,0
2017,BODHI,59,59,0
2017,XANDER,61,61,0
2017,KAIDEN,62,62,0
2017,VICTOR,62,62,0
2017,MADDOX,62,62,0
2017,TRAVIS,63,63,0
2017,ARCHER,63,63,0
2017,MOHAMMED,63,63,0
2017,TOBIAS,63,63,0
2017,JAYCE,64,64,0
2017,DAWSON,62,62,0
2017,BRADLEY,52,52,0
2017,RICHARD,58,58,0
2017,SANTIAGO,58,58,0
2017,MALIK,53,53,0
2017,MOHAMED,53,53,0
2017,WALTER,53,53,0
2017,JAX,53,53,0
2017,CADEN,53,53,0
2017,LOCHLAN,53,53,0
2017,SAM,54,54,0
2017,BRIAN,55,55,0
2017,BECKETT,58,58,0
2017,JESSE,55,55,0
2017,ARJUN,56,56,0
2017,ZION,56,56,0
2017,LEON,56,56,0
2017,MIGUEL,57,57,0
2017,DANTE,57,57,0
2017,KINGSTON,57,57,0
2017,ABDULLAH,57,57,0
2017,HUGO,57,57,0
2017,MARTIN,56,56,0
2017,AHMED,65,65,0
2017,ARI,40,40,0
2017,BENSON,40,40,0
2017,JULIEN,31,31,0
2017,MITCHELL,31,31,0
2017,FÉLIX,31,31,0
2017,RHETT,31,31,0
2017,KNOX,32,32,0
2017,CYRUS,32,32,0
2017,ARVIN,32,32,0
2017,KAYSON,32,32,0
2017,YOUSUF,31,31,0
2017,FRANCIS,32,32,0
2017,MAXIMILIAN,32,32,0
2017,ROCCO,32,32,0
2017,DAMON,32,32,0
2017,DEVIN,32,32,0
2017,REMINGTON,32,32,0
2017,FRANCESCO,32,32,0
2017,YUVRAJ,32,32,0
2017,MASSIMO,33,33,0
2017,SHANE,32,32,0
2017,EDISON,33,33,0
2017,EVERLEY,28,0,28
2017,LAWSON,31,31,0
2017,DOMINIK,29,29,0
2017,HUSSAIN,29,29,0
2017,CLAYTON,29,29,0
2017,JOHNNY,29,29,0
2017,TIAGO,29,29,0
2017,STERLING,29,29,0
2017,ALAN,29,29,0
2017,NIKO,29,29,0
2017,SAMI,31,31,0
2017,TITUS,29,29,0
2017,YOUSSEF,30,30,0
2017,FINNEGAN,30,30,0
2017,ZAID,30,30,0
2017,ALVIN,30,30,0
2017,MARKUS,30,30,0
2017,HUXLEY,30,30,0
2017,NEIL,30,30,0
2017,BRUCE,30,30,0
2017,KABIR,29,29,0
2017,ABEL,40,40,0
2017,TROY,33,33,0
2017,JAD,33,33,0
2017,ARMAAN,36,36,0
2017,JAKOB,36,36,0
2017,KAREEM,36,36,0
2017,ABRAHAM,37,37,0
2017,ANDERSON,37,37,0
2017,CRUZ,37,37,0
2017,FATEH,37,37,0
2017,EDWIN,37,37,0
2017,GRANT,36,36,0
2017,YAHYA,37,37,0
2017,CAMDEN,38,38,0
2017,KARTER,38,38,0
2017,HASSAN,38,38,0
2017,YOUSEF,38,38,0
2017,MILLER,39,39,0
2017,ODIN,39,39,0
2017,STEFAN,39,39,0
2017,DESMOND,39,39,0
2017,PHILIP,38,38,0
2017,ALBERT,33,33,0
2017,QUINTON,36,36,0
2017,CODY,36,36,0
2017,GRAHAM,33,33,0
2017,DEREK,33,33,0
2017,KENNETH,33,33,0
2017,RAPHAEL,33,33,0
2017,ZAYNE,34,34,0
2017,GORDON,34,34,0
2017,SHAWN,34,34,0
2017,ALEXANDRE,34,34,0
2017,MALAKAI,36,36,0
2017,ANGELO,34,34,0
2017,CAYDEN,35,35,0
2017,BROOKS,35,35,0
2017,PAXTON,35,35,0
2017,BROCK,35,35,0
2017,DEACON,35,35,0
2017,KEEGAN,35,35,0
2017,ALESSIO,35,35,0
2017,SCOTT,36,36,0
2017,BARRETT,35,35,0
2017,RAFAEL,29,29,0
2017,JAMESON,65,65,0
2017,AMIR,66,66,0
2017,ADRIAN,179,179,0
2017,MAVERICK,181,181,0
2017,ASHER,183,183,0
2017,MARCUS,183,183,0
2017,BENNETT,187,187,0
2017,AARON,192,192,0
2017,XAVIER,195,195,0
2017,ANTHONY,202,202,0
2017,HARRISON,177,177,0
2017,ZACHARY,203,203,0
2017,WESLEY,211,211,0
2017,CHRISTIAN,211,211,0
2017,COLTON,213,213,0
2017,MAX,215,215,0
2017,EMMETT,220,220,0
2017,CHARLES,221,221,0
2017,JAXON,233,233,0
2017,ANDREW,234,234,0
2017,COLE,209,209,0
2017,SEBASTIAN,242,242,0
2017,LANDON,176,176,0
2017,JONATHAN,173,173,0
2017,TYLER,136,136,0
2017,JAXSON,136,136,0
2017,DECLAN,144,144,0
2017,CHRISTOPHER,146,146,0
2017,IBRAHIM,148,148,0
2017,ISAIAH,149,149,0
2017,MATTEO,156,156,0
2017,MATEO,157,157,0
2017,LUCA,175,175,0
2017,GAVIN,157,157,0
2017,ALI,159,159,0
2017,ELI,163,163,0
2017,DOMINIC,163,163,0
2017,FELIX,163,163,0
2017,NATHANIEL,163,163,0
2017,EASTON,166,166,0
2017,TRISTAN,170,170,0
2017,JULIAN,172,172,0
2017,GEORGE,158,158,0
2017,BRAYDEN,135,135,0
2017,JOSEPH,243,243,0
2017,LUKE,256,256,0
2017,LEO,391,391,0
2017,JACKSON,396,396,0
2017,HENRY,406,406,0
2017,DANIEL,411,411,0
2017,MASON,420,420,0
2017,ADAM,423,423,0
2017,LINCOLN,453,453,0
2017,OWEN,463,463,0
2017,GABRIEL,364,364,0
2017,ALEXANDER,489,489,0
2017,NATHAN,534,534,0
2017,JAMES,537,537,0
2017,OLIVER,544,544,0
2017,ETHAN,585,585,0
2017,JACOB,610,610,0
2017,LUCAS,642,642,0
2017,WILLIAM,665,665,0
2017,BENJAMIN,734,734,0
2017,JACK,521,521,0
2017,LEVI,246,246,0
2017,MATTHEW,364,364,0
2017,SAMUEL,352,352,0
2017,DAVID,259,259,0
2017,WYATT,259,259,0
2017,CALEB,260,260,0
2017,EVAN,261,261,0
2017,NICHOLAS,264,264,0
2017,JOHN,267,267,0
2017,GRAYSON,272,272,0
2017,NOLAN,276,276,0
2017,AIDEN,358,358,0
2017,MUHAMMAD,277,277,0
2017,CONNOR,285,285,0
2017,ISAAC,290,290,0
2017,THOMAS,313,313,0
2017,JOSHUA,323,323,0
2017,THEODORE,336,336,0
2017,AUSTIN,337,337,0
2017,HUDSON,342,342,0
2017,MICHAEL,351,351,0
2017,ELIJAH,284,284,0
2017,MUSTAFA,65,65,0
2017,EVERETT,134,134,0
2017,ELIAS,130,130,0
2017,CLARK,75,75,0
2017,ANTONIO,75,75,0
2017,RHYS,75,75,0
2017,RAYAN,76,76,0
2017,CALVIN,76,76,0
2017,BRANDON,76,76,0
2017,JEREMY,76,76,0
2017,ALEX,76,76,0
2017,BRYCE,75,75,0
2017,REID,77,77,0
2017,JOSIAH,79,79,0
2017,KIAN,79,79,0
2017,PETER,79,79,0
2017,LUKA,80,80,0
2017,JEREMIAH,81,81,0
2017,SILAS,84,84,0
2017,TYSON,85,85,0
2017,NICOLAS,85,85,0
2017,GRIFFIN,77,77,0
2017,HAMZA,86,86,0
2017,ZANE,74,74,0
2017,JONAH,73,73,0
2017,DEAN,66,66,0
2017,AXEL,66,66,0
2017,SYED,67,67,0
2017,BEAU,68,68,0
2017,EZEKIEL,68,68,0
2017,CALLUM,68,68,0
2017,IVAN,69,69,0
2017,LACHLAN,69,69,0
2017,MARK,74,74,0
2017,HARVEY,69,69,0
2017,AYDEN,71,71,0
2017,AYAAN,71,71,0
2017,AHMAD,71,71,0
2017,HOLDEN,71,71,0
2017,PRESTON,72,72,0
2017,JOEL,72,72,0
2017,KALEB,72,72,0
2017,MALCOLM,73,73,0
2017,RONAN,70,70,0
2017,JASPER,132,132,0
2017,IAN,86,86,0
2017,OSCAR,87,87,0
2017,ERIC,106,106,0
2017,GREYSON,108,108,0
2017,COOPER,108,108,0
2017,COHEN,109,109,0
2017,NASH,110,110,0
2017,MAXIMUS,110,110,0
2017,BRODY,110,110,0
2017,BENTLEY,111,111,0
2017,LUKAS,106,106,0
2017,VINCENT,112,112,0
2017,CARSON,120,120,0
2017,FINN,120,120,0
2017,JUSTIN,121,121,0
2017,WESTON,122,122,0
2017,OMAR,124,124,0
2017,CHASE,127,127,0
2017,MILES,128,128,0
2017,MAXWELL,129,129,0
2017,ZAYN,118,118,0
2017,KYLE,86,86,0
2017,THEO,105,105,0
2017,YUSUF,102,102,0
2017,BRYSON,87,87,0
2017,MOHAMMAD,88,88,0
2017,AIDAN,90,90,0
2017,KEVIN,91,91,0
2017,RYDER,94,94,0
2017,ASHTON,94,94,0
2017,ROMAN,95,95,0
2017,MICAH,95,95,0
2017,ARTHUR,104,104,0
2017,SIMON,95,95,0
2017,PATRICK,97,97,0
2017,KAYDEN,97,97,0
2017,ROBERT,98,98,0
2017,JAKE,100,100,0
2017,MYLES,101,101,0
2017,LEONARDO,101,101,0
2017,JACE,102,102,0
2017,JASON,102,102,0
2017,EDWARD,96,96,0
2017,VIHAAN,29,29,0
2017,MATTHIAS,29,29,0
2017,STEPHEN,28,28,0
2017,TAIM,15,15,0
2017,AXL,15,15,0
2017,SAAD,15,15,0
2017,GUNNAR,15,15,0
2017,PHILLIP,15,15,0
2017,AVEER,15,15,0
2017,CALLEN,15,15,0
2017,EKAM,15,15,0
2017,MAHDI,15,15,0
2017,ABDULRAHMAN,15,15,0
2017,KEON,15,15,0
2017,IMRAN,15,15,0
2017,ANAS,15,15,0
2017,SHAAN,15,15,0
2017,SYLAS,15,15,0
2017,JOSH,16,16,0
2017,SULAIMAN,16,16,0
2017,RIAAN,16,16,0
2017,REECE,15,15,0
2017,KRISTIAN,16,16,0
2017,MEMPHIS,15,15,0
2017,MIKHAIL,15,15,0
2017,ALLAN,14,14,0
2017,TOMAS,14,14,0
2017,MAYSON,14,14,0
2017,NELSON,14,14,0
2017,DOUGLAS,14,14,0
2017,ENOCH,14,14,0
2017,ZACK,14,14,0
2017,AFFAN,14,14,0
2017,BOAZ,15,15,0
2017,ALEKSANDAR,14,14,0
2017,YOUSIF,14,14,0
2017,COREY,14,14,0
2017,DANNY,14,14,0
2017,JAI,14,14,0
2017,MONTGOMERY,14,14,0
2017,HAMZAH,14,14,0
2017,LEANDRO,15,15,0
2017,ARNAV,15,15,0
2017,VEER,14,14,0
2017,CILLIAN,14,14,0
2017,NIKOLA,16,16,0
2017,DAVIS,16,16,0
2017,KARIM,17,17,0
2017,ORION,17,17,0
2017,TREVOR,17,17,0
2017,VAN,17,17,0
2017,KYLER,17,17,0
2017,SEBASTIEN,17,17,0
2017,ANGUS,17,17,0
2017,HENRI,17,17,0
2017,RONALD,17,17,0
2017,RAY,17,17,0
2017,FARHAN,17,17,0
2017,SHELDON,17,17,0
2017,FRANKLIN,17,17,0
2017,FLYNN,17,17,0
2017,JENSEN,17,17,0
2017,SAHIB,17,17,0
2017,BO,17,17,0
2017,ARMIN,17,17,0
2017,SEAMUS,17,17,0
2017,KAMERON,16,16,0
2017,TY,16,16,0
2017,CAIRO,16,16,0
2017,AARYAN,16,16,0
2017,GIBSON,16,16,0
2017,BRYCEN,16,16,0
2017,BRODIE,16,16,0
2017,HAROON,16,16,0
2017,MAXTON,16,16,0
2017,LIONEL,16,16,0
2017,WESTLEY,16,16,0
2017,DARIAN,16,16,0
2017,COLTEN,16,16,0
2017,RAYAAN,16,16,0
2017,MACK,16,16,0
2017,MATHIS,16,16,0
2017,DIMITRI,16,16,0
2017,ANSH,16,16,0
2017,SÉBASTIEN,16,16,0
2017,HANK,16,16,0
2017,KYLAN,16,16,0
2017,FLETCHER,16,16,0
2017,IZAIAH,17,17,0
2017,DORIAN,14,14,0
2017,ALISTAIR,14,14,0
2017,DARIEN,12,12,0
2017,ISSA,12,12,0
2017,TRENTON,12,12,0
2017,NEHEMIAH,12,12,0
2017,WALI,12,12,0
2017,JAMIESON,12,12,0
2017,ASHAR,12,12,0
2017,WILDER,12,12,0
2017,APOLLO,12,12,0
2017,JOSE,12,12,0
2017,ARJAN,12,12,0
2017,KADE,13,13,0
2017,YUNUS,13,13,0
2017,KAVIN,13,13,0
2017,KYSON,13,13,0
2017,MERRICK,13,13,0
2017,TEO,13,13,0
2017,OTIS,13,13,0
2017,ÉTIENNE,12,12,0
2017,KOBE,13,13,0
2017,JEDIDIAH,12,12,0
2017,LEIF,12,12,0
2017,KELLAN,12,12,0
2017,ELYAS,12,12,0
2017,OMER,12,12,0
2017,CEDRIC,12,12,0
2017,GARRETT,12,12,0
2017,ADEN,12,12,0
2017,ANDRÉ,12,12,0
2017,CARL,12,12,0
2017,ZAYYAN,12,12,0
2017,ANDRES,12,12,0
2017,KAIUS,12,12,0
2017,EMMITT,12,12,0
2017,AJAY,12,12,0
2017,BOSTON,12,12,0
2017,LEVON,12,12,0
2017,ADRIEL,12,12,0
2017,AZLAN,12,12,0
2017,DAVIN,12,12,0
2017,NEEL,12,12,0
2017,KRISH,14,14,0
2017,AYMAN,13,13,0
2017,LUCIAN,13,13,0
2017,COLSON,14,14,0
2017,KOHEN,14,14,0
2017,GURFATEH,14,14,0
2017,LAITH,14,14,0
2017,ATHARV,14,14,0
2017,KHALED,14,14,0
2017,KEITH,14,14,0
2017,VAUGHN,14,14,0
2017,RUDRA,14,14,0
2017,HARRIS,14,14,0
2017,AMOS,14,14,0
2017,DHRUV,14,14,0
2017,ZAVIER,14,14,0
2017,JAYSON,14,14,0
2017,JOVAN,14,14,0
2017,KAIRO,14,14,0
2017,NATE,14,14,0
2017,ANSON,14,14,0
2017,BRENNAN,14,14,0
2017,SAIF,13,13,0
2017,WILSON,13,13,0
2017,TATE,13,13,0
2017,WALLACE,13,13,0
2017,MALEK,13,13,0
2017,ARTIN,13,13,0
2017,DENIS,13,13,0
2017,VIKTOR,13,13,0
2017,HASHIR,13,13,0
2017,KOEN,13,13,0
2017,JAXTON,13,13,0
2017,ORSON,13,13,0
2017,MARCEL,13,13,0
2017,ABBAS,13,13,0
2017,AAHIL,13,13,0
2017,FRANCO,13,13,0
2017,OSMAN,13,13,0
2017,NICKOLAS,13,13,0
2017,CIAN,13,13,0
2017,GRAYDON,13,13,0
2017,GIULIANO,13,13,0
2017,PHILIPPE,13,13,0
2017,ABRAM,17,17,0
2017,HENDRIK,17,17,0
2017,AAYAN,17,17,0
2017,MAKSIM,24,24,0
2017,ANDREAS,24,24,0
2017,GAGE,24,24,0
2017,ROHAN,24,24,0
2017,REUBEN,24,24,0
2017,WALKER,24,24,0
2017,FOX,24,24,0
2017,AMARI,24,24,0
2017,MATIAS,23,23,0
2017,CRISTIAN,24,24,0
2017,KOLTON,24,24,0
2017,FILIP,24,24,0
2017,ISRAEL,24,24,0
2017,HUSSEIN,24,24,0
2017,DONOVAN,24,24,0
2017,KIAAN,24,24,0
2017,NIAM,25,25,0
2017,JULIUS,25,25,0
2017,JUAN,24,24,0
2017,FARIS,25,25,0
2017,RUSSELL,23,23,0
2017,BRONSON,23,23,0
2017,DOMENIC,22,22,0
2017,LELAND,22,22,0
2017,BOWEN,22,22,0
2017,RAIDEN,22,22,0
2017,ZAYD,22,22,0
2017,MOSES,22,22,0
2017,MADDEN,22,22,0
2017,ACE,23,23,0
2017,CARLOS,23,23,0
2017,MAGNUS,23,23,0
2017,BRANTLEY,23,23,0
2017,AGAM,23,23,0
2017,COLT,23,23,0
2017,MATHIAS,23,23,0
2017,DUNCAN,23,23,0
2017,KEENAN,23,23,0
2017,CAIDEN,23,23,0
2017,LEONIDAS,23,23,0
2017,COLBY,23,23,0
2017,JOHNATHAN,22,22,0
2017,AYAN,25,25,0
2017,CRISTIANO,25,25,0
2017,CORBIN,26,26,0
2017,JARED,26,26,0
2017,HADI,26,26,0
2017,ROMEO,26,26,0
2017,GREGORY,27,27,0
2017,KEATON,27,27,0
2017,FREDERICK,27,27,0
2017,ARHAM,27,27,0
2017,ROY,26,26,0
2017,DREW,27,27,0
2017,MAXIME,28,28,0
2017,DAX,28,28,0
2017,LEWIS,28,28,0
2017,KILLIAN,28,28,0
2017,THÉO,28,28,0
2017,GIOVANNI,28,28,0
2017,BRAXTON,28,28,0
2017,EESA,28,28,0
2017,DIEGO,27,27,0
2017,KING,25,25,0
2017,BECKHAM,26,26,0
2017,JETT,26,26,0
2017,SOREN,25,25,0
2017,AARUSH,25,25,0
2017,MOHAMAD,25,25,0
2017,ZAKARIYA,25,25,0
2017,ALLEN,25,25,0
2017,HARRY,25,25,0
2017,ANGAD,25,25,0
2017,RONIN,25,25,0
2017,VINCENZO,26,26,0
2017,DENVER,25,25,0
2017,KARSON,25,25,0
2017,ADRIANO,25,25,0
2017,ERIK,26,26,0
2017,NIKOLAS,26,26,0
2017,EMILIO,26,26,0
2017,REYANSH,26,26,0
2017,JASE,26,26,0
2017,CHANCE,26,26,0
2017,FRANK,25,25,0
2017,ABDUL,22,22,0
2017,KARAM,22,22,0
2017,JONAS,22,22,0
2017,LANDEN,18,18,0
2017,LANDYN,19,19,0
2017,AMEER,19,19,0
2017,ANDY,19,19,0
2017,CALLAN,19,19,0
2017,MARC,19,19,0
2017,ZAKARIA,19,19,0
2017,RYLAND,19,19,0
2017,LUCIANO,18,18,0
2017,KHALID,19,19,0
2017,ROLAND,19,19,0
2017,JAXEN,19,19,0
2017,DALTON,19,19,0
2017,SOLOMON,19,19,0
2017,BRADEN,19,19,0
2017,ILYAS,19,19,0
2017,MARKO,19,19,0
2017,FYNN,20,20,0
2017,CHRIS,19,19,0
2017,ALEC,20,20,0
2017,WAYLON,18,18,0
2017,HENRIK,18,18,0
2017,FINNIGAN,17,17,0
2017,HUGH,17,17,0
2017,VIRAJ,18,18,0
2017,AMMAR,18,18,0
2017,UMAR,18,18,0
2017,CULLEN,18,18,0
2017,CHARBEL,18,18,0
2017,AUGUSTUS,18,18,0
2017,WADE,18,18,0
2017,ISAAK,18,18,0
2017,RÉMI,18,18,0
2017,LEV,18,18,0
2017,CURTIS,18,18,0
2017,ZACKARY,18,18,0
2017,ARMAN,18,18,0
2017,ADRIEN,18,18,0
2017,SALVATORE,18,18,0
2017,TONY,18,18,0
2017,DENNIS,18,18,0
2017,ROYCE,20,20,0
2017,JAY,20,20,0
2017,CASH,20,20,0
2017,EWAN,21,21,0
2017,JEFFREY,21,21,0
2017,TAHA,21,21,0
2017,PIERCE,21,21,0
2017,TOBY,21,21,0
2017,QUENTIN,21,21,0
2017,STANLEY,21,21,0
2017,WARREN,21,21,0
2017,NOEL,21,21,0
2017,ISMAIL,21,21,0
2017,DEXTER,21,21,0
2017,PRINCE,22,22,0
2017,JAIDEN,22,22,0
2017,DARREN,22,22,0
2017,YAZAN,22,22,0
2017,BILAL,22,22,0
2017,IDRIS,22,22,0
2017,DILLON,22,22,0
2017,JAYLEN,21,21,0
2017,KENDRICK,21,21,0
2017,ZACHARIAH,21,21,0
2017,HAIDER,21,21,0
2017,ISHAAN,20,20,0
2017,REED,20,20,0
2017,LEONARD,20,20,0
2017,VIVAAN,20,20,0
2017,ALEKSANDER,20,20,0
2017,LAWRENCE,20,20,0
2017,GIANLUCA,20,20,0
2017,GIDEON,20,20,0
2017,AARIZ,20,20,0
2017,DEV,20,20,0
2017,ISA,20,20,0
2017,YASEEN,20,20,0
2017,LÉO,20,20,0
2017,HASAN,20,20,0
2017,GIUSEPPE,20,20,0
2017,MIKAEL,20,20,0
2017,JOHAN,21,21,0
2017,THIAGO,21,21,0
2017,TRENT,21,21,0
2017,ANAIYA,6,0,6
2017,CLAIRA,6,0,6
2017,NOAH,789,789,0
2017,KYAH,6,0,6
2017,DEBORAH,13,0,13
2017,VEDA,13,0,13
2017,KAYLEY,13,0,13
2017,LILIANE,13,0,13
2017,AVLEEN,13,0,13
2017,MARIELLE,13,0,13
2017,VIVIEN,13,0,13
2017,SIA,13,0,13
2017,AARNA,13,0,13
2017,RAEGAN,13,0,13
2017,LILLIANNA,13,0,13
2017,LAUREL,13,0,13
2017,LEIGHTON,23,10,13
2017,REEM,13,0,13
2017,SAANVI,13,0,13
2017,VAYDA,13,0,13
2017,WYNTER,13,0,13
2017,ANNABEL,13,0,13
2017,SUTTON,20,7,13
2017,LAURYN,13,0,13
2017,CLAUDIA,13,0,13
2017,INDIE,13,0,13
2017,LILIANNA,13,0,13
2017,HIBA,13,0,13
2017,FARAH,13,0,13
2017,SHILOH,22,9,13
2017,ISRA,13,0,13
2017,NOUR,13,0,13
2017,HAYLEE,13,0,13
2017,BRIA,13,0,13
2017,KYLEE,13,0,13
2017,AMREEN,13,0,13
2017,AVIANNA,13,0,13
2017,RAYNE,19,6,13
2017,WHITNEY,13,0,13
2017,NADINE,13,0,13
2017,JANESSA,13,0,13
2017,ELEANORA,14,0,14
2017,JOHANNA,14,0,14
2017,SCARLETTE,14,0,14
2017,SONIA,14,0,14
2017,VIOLETTE,14,0,14
2017,PARIS,14,0,14
2017,MAIRA,14,0,14
2017,PRINCESS,14,0,14
2017,ETTA,14,0,14
2017,DANIA,14,0,14
2017,CORALINE,14,0,14
2017,ROWEN,34,20,14
2017,FARRAH,14,0,14
2017,LYLAH,14,0,14
2017,LUCIE,14,0,14
2017,ESTELLA,14,0,14
2017,CORDELIA,14,0,14
2017,KALIYAH,13,0,13
2017,MEGHAN,13,0,13
2017,TRUDY,13,0,13
2017,IQRA,13,0,13
2017,ASEES,13,0,13
2017,GIULIANA,13,0,13
2017,JOLIE,13,0,13
2017,NOÉMIE,13,0,13
2017,DARIA,13,0,13
2017,CALLA,13,0,13
2017,JOURY,13,0,13
2017,CRYSTAL,13,0,13
2017,ANGELICA,13,0,13
2017,SAFIYA,13,0,13
2017,SHAM,13,0,13
2017,AYAT,13,0,13
2017,JANNAH,13,0,13
2017,HUDA,13,0,13
2017,ALANNA,13,0,13
2017,AZALEA,13,0,13
2017,LAMAR,11,0,11
2017,NAILAH,11,0,11
2017,AYSHA,11,0,11
2017,RAMONA,11,0,11
2017,BRYN,11,0,11
2017,CLARISSA,12,0,12
2017,ROSLYN,11,0,11
2017,EUNICE,12,0,12
2017,DUA,12,0,12
2017,KENSLEY,12,0,12
2017,CECELIA,12,0,12
2017,STEVIE,12,0,12
2017,LIANNA,12,0,12
2017,JAYDEN,285,273,12
2017,ZAYNA,12,0,12
2017,GWENYTH,11,0,11
2017,AMIRAH,11,0,11
2017,SELAH,11,0,11
2017,ESHAL,11,0,11
2017,MARGAUX,11,0,11
2017,ALEXIE,11,0,11
2017,ANDI,17,6,11
2017,ARIZONA,11,0,11
2017,AGATHA,11,0,11
2017,BEATRIX,11,0,11
2017,KINGSLEY,43,32,11
2017,MAËLLE,11,0,11
2017,AAHANA,11,0,11
2017,MADELYNN,11,0,11
2017,NIKA,11,0,11
2017,NOURA,11,0,11
2017,IMAAN,11,0,11
2017,ASHLYN,11,0,11
2017,GRACELYN,12,0,12
2017,ANDIE,12,0,12
2017,JUNO,12,0,12
2017,LUCIANA,12,0,12
2017,AKIRA,12,0,12
2017,AYVA,12,0,12
2017,ROWYN,12,0,12
2017,SARGUN,12,0,12
2017,CAITLYN,12,0,12
2017,CHARLIZE,12,0,12
2017,OCEAN,12,0,12
2017,ADDYSON,12,0,12
2017,JOURNEY,12,0,12
2017,SARINA,12,0,12
2017,HUSNA,12,0,12
2017,MELIA,12,0,12
2017,SELENE,12,0,12
2017,CANDICE,12,0,12
2017,MADALYN,13,0,13
2017,NELLY,12,0,12
2017,MARLEE,14,0,14
2017,MAJA,12,0,12
2017,JIA,12,0,12
2017,AKSHAYA,12,0,12
2017,AVNOOR,12,0,12
2017,CAMRYN,12,0,12
2017,KYA,12,0,12
2017,MAHI,12,0,12
2017,KAIRA,12,0,12
2017,KYLEIGH,12,0,12
2017,NELLIE,12,0,12
2017,IVORY,12,0,12
2017,BREE,12,0,12
2017,MAREN,12,0,12
2017,LILLIANA,12,0,12
2017,LIYA,12,0,12
2017,HEATHER,12,0,12
2017,ESMÉ,12,0,12
2017,SHYLA,12,0,12
2017,ADRIENNE,11,0,11
2017,MANHA,14,0,14
2017,SPENCER,111,97,14
2017,CYNTHIA,17,0,17
2017,NIMRAT,17,0,17
2017,SAMARA,17,0,17
2017,CHRISTINE,17,0,17
2017,ADLEY,17,0,17
2017,PAISLEE,17,0,17
2017,TENZIN,26,9,17
2017,FATIMAH,17,0,17
2017,WINTER,17,0,17
2017,JAPJI,17,0,17
2017,AYRA,17,0,17
2017,SAVANNA,17,0,17
2017,LOUISA,17,0,17
2017,MALIYAH,17,0,17
2017,ELYSE,17,0,17
2017,ELODIE,17,0,17
2017,TAYA,17,0,17
2017,WINIFRED,17,0,17
2017,MACI,16,0,16
2017,MALLORY,16,0,16
2017,KIERA,16,0,16
2017,KIANA,16,0,16
2017,TAMARA,16,0,16
2017,ALISON,16,0,16
2017,REINA,16,0,16
2017,RYAN,357,341,16
2017,KELLY,16,0,16
2017,ESHAAL,17,0,17
2017,SEHAJ,25,8,17
2017,LUCILLE,17,0,17
2017,CAMERON,197,180,17
2017,REYNA,17,0,17
2017,HALEY,17,0,17
2017,CLARE,17,0,17
2017,MEERA,16,0,16
2017,KALINA,17,0,17
2017,HARLEEN,17,0,17
2017,LOUISE,18,0,18
2017,EVELYNN,18,0,18
2017,YASMEEN,18,0,18
2017,MARLOWE,18,0,18
2017,WREN,24,6,18
2017,MIKA,18,0,18
2017,LEEN,18,0,18
2017,EMMY,18,0,18
2017,KRISTINA,18,0,18
2017,CASEY,43,25,18
2017,ROSA,18,0,18
2017,DAVINA,18,0,18
2017,KELSEY,18,0,18
2017,HARRIET,18,0,18
2017,GRETA,18,0,18
2017,KALLIE,18,0,18
2017,ROSEMARY,18,0,18
2017,NOA,18,0,18
2017,ALORA,17,0,17
2017,TALA,17,0,17
2017,NATASHA,17,0,17
2017,FRANKIE,23,6,17
2017,ALAYA,18,0,18
2017,MONICA,18,0,18
2017,MARISSA,18,0,18
2017,LENNOX,62,44,18
2017,CHARLEIGH,18,0,18
2017,RENEE,18,0,18
2017,MISHA,18,0,18
2017,SEERAT,18,0,18
2017,ROBYN,18,0,18
2017,SAOIRSE,18,0,18
2017,MINA,18,0,18
2017,ADINA,17,0,17
2017,KAYDENCE,16,0,16
2017,ALEAH,16,0,16
2017,MARA,16,0,16
2017,AMEERA,15,0,15
2017,MADINA,15,0,15
2017,CHARLEY,15,0,15
2017,IRA,25,10,15
2017,OAKLYN,15,0,15
2017,AYANA,15,0,15
2017,KATARINA,15,0,15
2017,NAVYA,15,0,15
2017,RIA,15,0,15
2017,AILA,15,0,15
2017,AMNA,15,0,15
2017,KLARA,15,0,15
2017,ALENA,15,0,15
2017,ELLIOT,133,118,15
2017,ANNALISE,15,0,15
2017,NEVE,15,0,15
2017,DELANEY,15,0,15
2017,AMAYAH,15,0,15
2017,ASTRID,14,0,14
2017,TASNEEM,14,0,14
2017,LINDA,14,0,14
2017,MCKENZIE,14,0,14
2017,EMMIE,14,0,14
2017,JESSIE,14,0,14
2017,SOFIE,14,0,14
2017,PATRICIA,14,0,14
2017,HAILEE,14,0,14
2017,HEAVEN,14,0,14
2017,AUDRINA,14,0,14
2017,ZARAH,14,0,14
2017,IYLA,14,0,14
2017,JIYA,14,0,14
2017,MALAK,14,0,14
2017,ELLIA,15,0,15
2017,ROMY,15,0,15
2017,ELISA,15,0,15
2017,EMMELINE,15,0,15
2017,CAITLIN,16,0,16
2017,HAVEN,16,0,16
2017,JAYDE,16,0,16
2017,ADDISYN,16,0,16
2017,KAYA,16,0,16
2017,NYAH,16,0,16
2017,ASPEN,23,7,16
2017,ELLEN,16,0,16
2017,MACIE,16,0,16
2017,BREANNA,16,0,16
2017,ERIKA,16,0,16
2017,KEZIAH,16,0,16
2017,ANANYA,16,0,16
2017,MARTINA,16,0,16
2017,LILIA,16,0,16
2017,OAKLEY,53,37,16
2017,IMANI,14,0,14
2017,MARIE,16,0,16
2017,AVAH,16,0,16
2017,DALIA,15,0,15
2017,HELEN,15,0,15
2017,REYA,15,0,15
2017,SANAA,15,0,15
2017,EVERLEE,15,0,15
2017,AVIANA,15,0,15
2017,BLAIRE,15,0,15
2017,BÉATRICE,15,0,15
2017,SAIGE,15,0,15
2017,SIYA,15,0,15
2017,TIANNA,16,0,16
2017,LEANNA,16,0,16
2017,CORALIE,16,0,16
2017,ANAYAH,16,0,16
2017,DANA,16,0,16
2017,BRAELYNN,16,0,16
2017,CHANEL,11,0,11
2017,RYLYNN,11,0,11
2017,CLEMENTINE,11,0,11
2017,YUNA,9,0,9
2017,SHAE,9,0,9
2017,ADÈLE,9,0,9
2017,AADHYA,9,0,9
2017,SAVREEN,9,0,9
2017,HALIMA,9,0,9
2017,REHMAT,9,0,9
2017,PALMER,9,0,9
2017,ZELDA,9,0,9
2017,MIRABELLE,9,0,9
2017,SAMA,9,0,9
2017,RIPLEY,9,0,9
2017,KASSIDY,9,0,9
2017,EMA,9,0,9
2017,LEYA,9,0,9
2017,AMIYA,8,0,8
2017,DEANNA,8,0,8
2017,ÉLODIE,8,0,8
2017,ROSALIND,8,0,8
2017,GEORGINA,8,0,8
2017,RYLAN,60,52,8
2017,ALIANA,8,0,8
2017,GWYNETH,8,0,8
2017,ILIANA,8,0,8
2017,ALIAH,8,0,8
2017,COLETTE,8,0,8
2017,LUISA,8,0,8
2017,MARCELLA,8,0,8
2017,JAZMIN,8,0,8
2017,KENSINGTON,8,0,8
2017,ARYANNA,8,0,8
2017,NEVEAH,8,0,8
2017,ANNELISE,8,0,8
2017,EVALINA,9,0,9
2017,ORIANA,8,0,8
2017,ALLY,9,0,9
2017,ALLYSON,9,0,9
2017,ANABELLE,9,0,9
2017,IVANA,9,0,9
2017,AIYLA,9,0,9
2017,JANNAT,9,0,9
2017,JAZMINE,9,0,9
2017,AAMINA,9,0,9
2017,TALIAH,9,0,9
2017,ALYSON,9,0,9
2017,ASMA,9,0,9
2017,ZUNAIRAH,9,0,9
2017,IRELAND,9,0,9
2017,EMAN,9,0,9
2017,SALLY,9,0,9
2017,ADELA,9,0,9
2017,CONSTANCE,9,0,9
2017,LUCINDA,9,0,9
2017,MAISY,9,0,9
2017,AUGUST,54,45,9
2017,INARA,9,0,9
2017,EMMALYN,9,0,9
2017,CARLA,9,0,9
2017,KAMRYN,9,0,9
2017,ARIANNE,9,0,9
2017,JUDITH,9,0,9
2017,EMMANUELLE,9,0,9
2017,REGAN,9,0,9
2017,SCOTTIE,9,0,9
2017,ZOFIA,9,0,9
2017,SALOME,9,0,9
2017,AGNES,9,0,9
2017,HALA,9,0,9
2017,JESSA,9,0,9
2017,MARGO,9,0,9
2017,GIORGIA,9,0,9
2017,CARTER,356,348,8
2017,KASSANDRA,8,0,8
2017,NIKKI,8,0,8
2017,RANA,8,0,8
2017,ANJALI,8,0,8
2017,FREYJA,8,0,8
2017,JAIDA,8,0,8
2017,SERENE,8,0,8
2017,SAISHA,8,0,8
2017,DORIS,8,0,8
2017,KARISSA,8,0,8
2017,THEODORA,8,0,8
2017,SHAYLA,8,0,8
2017,ALAA,8,0,8
2017,LINDSAY,8,0,8
2017,AMANI,8,0,8
2017,NAWAL,8,0,8
2017,JANNA,8,0,8
2017,JUDE,94,86,8
2017,AIMEE,8,0,8
2017,NIAMH,8,0,8
2017,SHRIYA,8,0,8
2017,CHANELLE,8,0,8
2017,REET,8,0,8
2017,ABBIGAIL,8,0,8
2017,GRACELYNN,8,0,8
2017,RITA,8,0,8
2017,IRELYNN,8,0,8
2017,CALEIGH,8,0,8
2017,MANREET,8,0,8
2017,VIKTORIA,8,0,8
2017,MENAAL,8,0,8
2017,HARLEIGH,8,0,8
2017,MADDIE,8,0,8
2017,EMRIE,8,0,8
2017,TATUM,23,15,8
2017,ELLA-ROSE,8,0,8
2017,AMANAT,8,0,8
2017,AMEERAH,8,0,8
2017,ARTEMIS,8,0,8
2017,HARNOOR,8,0,8
2017,BELLE,8,0,8
2017,HAFSAH,8,0,8
2017,CARMELA,8,0,8
2017,INGRID,8,0,8
2017,ZIA,8,0,8
2017,MALAIKA,8,0,8
2017,MARYANN,8,0,8
2017,ÉMILIE,8,0,8
2017,REEMA,8,0,8
2017,KRISTA,8,0,8
2017,LYANNA,8,0,8
2017,DANI,8,0,8
2017,TAHLIA,8,0,8
2017,ALYSHA,8,0,8
2017,ANABELLA,8,0,8
2017,MAGNOLIA,9,0,9
2017,HOORAIN,8,0,8
2017,MALIKA,8,0,8
2017,SYLVIE,8,0,8
2017,MILLA,8,0,8
2017,SAMIRA,8,0,8
2017,KATALEYA,8,0,8
2017,SOLEIL,8,0,8
2017,MAY,8,0,8
2017,EMMANUELLA,8,0,8
2017,VERONIKA,8,0,8
2017,GURNOOR,8,0,8
2017,SHREYA,8,0,8
2017,CARYS,8,0,8
2017,JASMIN,8,0,8
2017,ROYA,8,0,8
2017,TABITHA,8,0,8
2017,NEELA,8,0,8
2017,KAILYN,8,0,8
2017,VALERIA,9,0,9
2017,ELAYNA,9,0,9
2017,ANITA,9,0,9
2017,NAYLA,10,0,10
2017,KALEY,10,0,10
2017,ROSALEE,10,0,10
2017,ALISSA,10,0,10
2017,RAINE,10,0,10
2017,RAZAN,10,0,10
2017,EVELINA,10,0,10
2017,TEEGAN,10,0,10
2017,PETRA,10,0,10
2017,MAHA,10,0,10
2017,LEIGHA,10,0,10
2017,KHALEESI,10,0,10
2017,FERN,10,0,10
2017,EVELYNE,10,0,10
2017,ARYANA,10,0,10
2017,BABY,10,0,10
2017,KAMILA,10,0,10
2017,MADISYN,10,0,10
2017,LILYANA,10,0,10
2017,KATALINA,10,0,10
2017,ANTONIA,10,0,10
2017,JULIANNE,10,0,10
2017,VENUS,10,0,10
2017,KAELYN,10,0,10
2017,MONA,10,0,10
2017,MACEY,10,0,10
2017,ASIYA,10,0,10
2017,GISELE,10,0,10
2017,DESIREE,10,0,10
2017,BRITTANY,10,0,10
2017,TATIANA,10,0,10
2017,MISCHA,10,0,10
2017,VIOLA,10,0,10
2017,CATERINA,10,0,10
2017,KATRINA,10,0,10
2017,RACHAEL,10,0,10
2017,AMARAH,10,0,10
2017,SHANIA,11,0,11
2017,SHAYNA,11,0,11
2017,IZABELLE,11,0,11
2017,LORELAI,11,0,11
2017,PRECIOUS,11,0,11
2017,AVALON,11,0,11
2017,AZARIA,11,0,11
2017,RAE,11,0,11
2017,HADASSAH,11,0,11
2017,AMINAH,11,0,11
2017,ZURI,11,0,11
2017,SAKINA,11,0,11
2017,THERESA,11,0,11
2017,JADA,11,0,11
2017,ISABELA,11,0,11
2017,NOLA,10,0,10
2017,MIAH,10,0,10
2017,KACEY,10,0,10
2017,BARBARA,10,0,10
2017,CHEYENNE,10,0,10
2017,JAYA,10,0,10
2017,SHARON,10,0,10
2017,ARINA,10,0,10
2017,KRISTEN,10,0,10
2017,LEILANI,10,0,10
2017,STEFANIA,10,0,10
2017,BANI,10,0,10
2017,NAHLA,10,0,10
2017,TALIYAH,10,0,10
2017,FARIDA,10,0,10
2017,LAIBA,10,0,10
2017,KATHLEEN,10,0,10
2017,ELENI,10,0,10
2017,DUNYA,10,0,10
2017,NOELLA,10,0,10
2017,LONDYN,18,0,18
2017,SANDRA,10,0,10
2017,AANYA,10,0,10
2017,MARIANNE,9,0,9
2017,ASHLYNN,9,0,9
2017,LUELLA,9,0,9
2017,MIRACLE,9,0,9
2017,ISRAA,9,0,9
2017,SUMAYA,9,0,9
2017,AURÉLIE,9,0,9
2017,BAYAN,9,0,9
2017,EDNA,9,0,9
2017,COLLINS,9,0,9
2017,SKY,9,0,9
2017,COURTNEY,9,0,9
2017,KAREN,9,0,9
2017,ALAYAH,9,0,9
2017,SAFIA,9,0,9
2017,TEGAN,9,0,9
2017,ASIA,9,0,9
2017,SIMONA,9,0,9
2017,GURMEHAR,9,0,9
2017,ASEEL,9,0,9
2017,VIRGINIA,9,0,9
2017,HATTIE,9,0,9
2017,ARDEN,9,0,9
2017,AIDA,9,0,9
2017,SUSIE,9,0,9
2017,SYBIL,9,0,9
2017,SAHAR,9,0,9
2017,ZENDAYA,9,0,9
2017,PALOMA,9,0,9
2017,AMILIA,9,0,9
2017,KIMBERLY,9,0,9
2017,HAREEM,9,0,9
2017,PARNEET,9,0,9
2017,ZARIAH,9,0,9
2017,KADENCE,9,0,9
2017,JOYCE,9,0,9
2017,FATEMA,9,0,9
2017,GISELLE,10,0,10
2017,LAINEY,10,0,10
2017,SORAYA,10,0,10
2017,CHARLENE,10,0,10
2017,MAHEEN,10,0,10
2017,ELA,10,0,10
2017,HARLEE,10,0,10
2017,LORELEI,10,0,10
2017,ALYVIA,10,0,10
2017,GURNAAZ,10,0,10
2017,BETTY,10,0,10
2017,ROSALINA,10,0,10
2017,SCOTLYN,10,0,10
2017,JASLEEN,10,0,10
2017,MACKENNA,10,0,10
2017,LEANNE,10,0,10
2017,ROXANNE,10,0,10
2017,JENNY,10,0,10
2017,AVNEET,10,0,10
2017,MATTEA,10,0,10
2017,NAIA,10,0,10
2017,EVANGELINA,10,0,10
2017,AVNI,10,0,10
2017,ZOHA,10,0,10
2017,KAIYA,10,0,10
2017,YANA,10,0,10
2017,HAWA,10,0,10
2017,YASMINA,10,0,10
2017,SHAY,18,8,10
2017,MAHNOOR,10,0,10
2017,AMELIE,10,0,10
2017,EILEEN,10,0,10
2017,AVALYN,10,0,10
2017,DINA,10,0,10
2017,MORIAH,10,0,10
2017,HENLEY,18,0,18
2017,AUBRIE,19,0,19
2017,MARIANA,19,0,19
2017,KHLOE,55,0,55
2017,LANA,55,0,55
2017,CAMILA,54,0,54
2017,VERONICA,54,0,54
2017,ALIVIA,54,0,54
2017,EMERY,76,22,54
2017,ELIZA,55,0,55
2017,CHELSEA,54,0,54
2017,LILA,53,0,53
2017,NATALIA,53,0,53
2017,AMAYA,53,0,53
2017,LENA,53,0,53
2017,VERA,53,0,53
2017,RIVER,119,66,53
2017,AMBER,54,0,54
2017,JULIETTE,55,0,55
2017,AMARA,56,0,56
2017,MOLLY,56,0,56
2017,CECILIA,60,0,60
2017,ALESSIA,60,0,60
2017,LAURA,59,0,59
2017,REESE,73,14,59
2017,VIENNA,59,0,59
2017,ARIEL,65,7,58
2017,MIRA,58,0,58
2017,ROWAN,220,162,58
2017,MARGARET,58,0,58
2017,LILLY,58,0,58
2017,SABRINA,57,0,57
2017,KAIA,57,0,57
2017,EVANGELINE,57,0,57
2017,ANGELA,57,0,57
2017,NOOR,56,0,56
2017,EVE,51,0,51
2017,MORGAN,83,23,60
2017,LAILA,51,0,51
2017,ADALYN,51,0,51
2017,AMY,47,0,47
2017,FLORENCE,46,0,46
2017,RYLEIGH,46,0,46
2017,NINA,46,0,46
2017,HARLOW,46,0,46
2017,RAYNA,46,0,46
2017,NYLA,47,0,47
2017,ESTHER,46,0,46
2017,KYLA,45,0,45
2017,CORA,45,0,45
2017,SERENITY,45,0,45
2017,ADELYN,45,0,45
2017,MAKAYLA,45,0,45
2017,LEILA,45,0,45
2017,EVIE,45,0,45
2017,CELINE,47,0,47
2017,MIKAYLA,47,0,47
2017,VIVIENNE,47,0,47
2017,MARIAM,50,0,50
2017,MYLA,50,0,50
2017,BRIAR,50,0,50
2017,ADALYNN,50,0,50
2017,JANA,50,0,50
2017,AINSLEY,50,0,50
2017,ZOYA,49,0,49
2017,SAWYER,175,126,49
2017,MICHELLE,48,0,48
2017,MATILDA,48,0,48
2017,AYESHA,48,0,48
2017,DIANA,48,0,48
2017,LENNON,66,19,47
2017,LEIA,47,0,47
2017,DELILAH,47,0,47
2017,SIERRA,51,0,51
2017,JOANNA,60,0,60
2017,NICOLE,61,0,61
2017,BRIANNA,61,0,61
2017,JESSICA,83,0,83
2017,FREYA,83,0,83
2017,AUBREE,82,0,82
2017,BLAKE,252,170,82
2017,ROSALIE,82,0,82
2017,NOVA,88,6,82
2017,ALIYAH,86,0,86
2017,KAYLA,81,0,81
2017,VIVIAN,79,0,79
2017,NEVAEH,79,0,79
2017,SKYLAR,91,12,79
2017,MYRA,77,0,77
2017,ELISE,77,0,77
2017,JOSEPHINE,76,0,76
2017,SERENA,81,0,81
2017,KYLIE,86,0,86
2017,KEIRA,86,0,86
2017,KATHERINE,88,0,88
2017,AYLA,95,0,95
2017,MAEVE,93,0,93
2017,CHARLIE,248,155,93
2017,JADE,93,0,93
2017,BROOKE,92,0,92
2017,ALEXIS,99,8,91
2017,CALLIE,91,0,91
2017,LYDIA,91,0,91
2017,SLOANE,91,0,91
2017,ISABEL,91,0,91
2017,MADELINE,90,0,90
2017,TAYLOR,109,19,90
2017,SELENA,89,0,89
2017,PIPER,89,0,89
2017,FIONA,88,0,88
2017,SUMMER,75,0,75
2017,KAYLEE,75,0,75
2017,CATHERINE,75,0,75
2017,VANESSA,75,0,75
2017,ANASTASIA,65,0,65
2017,ADRIANA,65,0,65
2017,LIA,65,0,65
2017,THEA,65,0,65
2017,FAITH,64,0,64
2017,EVERLEIGH,64,0,64
2017,OLIVE,64,0,64
2017,HOLLY,64,0,64
2017,KENNEDY,63,0,63
2017,MELODY,63,0,63
2017,KIARA,63,0,63
2017,BIANCA,63,0,63
2017,HADLEY,62,0,62
2017,LILIANA,62,0,62
2017,BELLA,62,0,62
2017,ALLISON,66,0,66
2017,CHLOÉ,45,0,45
2017,ELOISE,67,0,67
2017,PAYTON,78,11,67
2017,AISHA,74,0,74
2017,REBECCA,74,0,74
2017,ZAHRA,73,0,73
2017,KATE,72,0,72
2017,ADELAIDE,72,0,72
2017,GABRIELLE,72,0,72
2017,JORDYN,71,0,71
2017,ZAINAB,70,0,70
2017,IRIS,69,0,69
2017,ARIELLE,69,0,69
2017,MADELEINE,69,0,69
2017,RYLEE,69,0,69
2017,ANGELINA,68,0,68
2017,EDEN,82,14,68
2017,MARY,68,0,68
2017,SYDNEY,67,0,67
2017,DANIELLA,45,0,45
2017,GEMMA,45,0,45
2017,ALAYNA,44,0,44
2017,NOELLE,32,0,32
2017,DANIKA,32,0,32
2017,ROSIE,32,0,32
2017,ANIKA,32,0,32
2017,ELLE,32,0,32
2017,JOSIE,32,0,32
2017,MELINA,32,0,32
2017,TRINITY,32,0,32
2017,ADRIANNA,32,0,32
2017,MIRIAM,32,0,32
2017,WILLA,32,0,32
2017,KENDALL,32,0,32
2017,NIA,32,0,32
2017,ALEXIA,31,0,31
2017,LOGAN,686,654,32
2017,MAISIE,32,0,32
2017,ADA,32,0,32
2017,JOY,33,0,33
2017,ELLIANA,34,0,34
2017,LUCIA,34,0,34
2017,MELANIE,34,0,34
2017,ALIYA,34,0,34
2017,SAGE,41,8,33
2017,ALEXANDRIA,33,0,33
2017,EMERSYN,33,0,33
2017,BLAIR,40,7,33
2017,NAYA,33,0,33
2017,CALI,33,0,33
2017,LINA,33,0,33
2017,CASSIDY,33,0,33
2017,MADDISON,33,0,33
2017,STEPHANIE,33,0,33
2017,ALICIA,33,0,33
2017,KIRA,31,0,31
2017,CHARLEE,31,0,31
2017,LEXI,31,0,31
2017,JUNIPER,31,0,31
2017,INAAYA,29,0,29
2017,KHADIJA,29,0,29
2017,MAIA,29,0,29
2017,DAHLIA,29,0,29
2017,ALESSANDRA,29,0,29
2017,JACQUELINE,29,0,29
2017,MARIAH,29,0,29
2017,SALMA,29,0,29
2017,REMI,40,11,29
2017,EMERSON,143,114,29
2017,BLAKELY,29,0,29
2017,CAMILLE,29,0,29
2017,CADENCE,29,0,29
2017,ZOÉ,28,0,28
2017,IRENE,28,0,28
2017,CARA,29,0,29
2017,TENLEY,34,0,34
2017,HAYLEY,29,0,29
2017,SAFA,30,0,30
2017,KATIE,31,0,31
2017,RHEA,31,0,31
2017,HAYDEN,146,115,31
2017,YARA,31,0,31
2017,GWENDOLYN,31,0,31
2017,FRANCESCA,30,0,30
2017,CELINA,30,0,30
2017,INAYA,30,0,30
2017,EDITH,30,0,30
2017,SHANAYA,30,0,30
2017,NADIA,30,0,30
2017,KATELYN,30,0,30
2017,HELENA,30,0,30
2017,GWEN,30,0,30
2017,MARGOT,30,0,30
2017,ADALINE,30,0,30
2017,VALENTINA,96,0,96
2017,CAROLINE,34,0,34
2017,TIANA,34,0,34
2017,BEATRICE,42,0,42
2017,OPHELIA,42,0,42
2017,BRINLEY,41,0,41
2017,HANA,41,0,41
2017,FINLEY,125,84,41
2017,ASHLEY,41,0,41
2017,LILAH,42,0,42
2017,ALEENA,40,0,40
2017,DAISY,40,0,40
2017,ARABELLA,40,0,40
2017,ARIELLA,40,0,40
2017,DAPHNE,39,0,39
2017,HOPE,39,0,39
2017,HEIDI,39,0,39
2017,PHOEBE,40,0,40
2017,POPPY,42,0,42
2017,JENNA,42,0,42
2017,ABBY,42,0,42
2017,KARA,44,0,44
2017,AYA,44,0,44
2017,JOCELYN,44,0,44
2017,MALIA,44,0,44
2017,TIFFANY,44,0,44
2017,CHRISTINA,43,0,43
2017,BROOKLYNN,43,0,43
2017,JULIANA,43,0,43
2017,JULIANNA,43,0,43
2017,LIANA,43,0,43
2017,MARLEY,50,7,43
2017,KAITLYN,43,0,43
2017,ANDREA,49,7,42
2017,AMINA,42,0,42
2017,OCTAVIA,42,0,42
2017,ALIZA,39,0,39
2017,ANNIE,39,0,39
2017,VALERIE,39,0,39
2017,MILENA,39,0,39
2017,ARIYA,36,0,36
2017,SELINA,35,0,35
2017,LIVIA,35,0,35
2017,MEGAN,35,0,35
2017,TEAGAN,35,0,35
2017,JANE,35,0,35
2017,HARLEY,44,9,35
2017,ELSIE,35,0,35
2017,ANNIKA,34,0,34
2017,LOLA,34,0,34
2017,JORDAN,199,165,34
2017,RAVEN,34,0,34
2017,ELAINA,34,0,34
2017,HANNA,34,0,34
2017,RYLIE,34,0,34
2017,CASSANDRA,36,0,36
2017,AMIRA,34,0,34
2017,JULIET,36,0,36
2017,GIA,37,0,37
2017,GIANNA,39,0,39
2017,ANA,39,0,39
2017,KARINA,39,0,39
2017,BRYNLEE,38,0,38
2017,LARA,38,0,38
2017,ELORA,38,0,38
2017,ZOË,38,0,38
2017,MICHAELA,38,0,38
2017,ALAINA,38,0,38
2017,GRACIE,38,0,38
2017,SIENA,38,0,38
2017,PARKER,198,161,37
2017,KENZIE,37,0,37
2017,KYRA,37,0,37
2017,BRYNN,37,0,37
2017,MAGGIE,36,0,36
2017,PYPER,8,0,8
2017,AUTUMN,97,0,97
2017,JASMINE,97,0,97
2017,LISA,22,0,22
2017,APRIL,22,0,22
2017,EMILIE,22,0,22
2017,ISOBEL,22,0,22
2017,MACY,22,0,22
2017,SASHA,32,10,22
2017,SHELBY,22,0,22
2017,JAMIE,57,35,22
2017,TIA,22,0,22
2017,SKYLA,22,0,22
2017,ADDILYN,22,0,22
2017,AYAH,22,0,22
2017,BRIELLA,22,0,22
2017,GENEVIEVE,23,0,23
2017,HUNTER,316,294,22
2017,ESME,22,0,22
2017,CHIARA,22,0,22
2017,MARTHA,22,0,22
2017,LACEY,21,0,21
2017,GLORIA,21,0,21
2017,JEMMA,21,0,21
2017,CARINA,21,0,21
2017,NANCY,21,0,21
2017,ELAINE,21,0,21
2017,MADILYN,21,0,21
2017,ELLIS,80,59,21
2017,ANNABELLA,22,0,22
2017,ADELINA,22,0,22
2017,KENDRA,22,0,22
2017,RAYA,22,0,22
2017,IMOGEN,22,0,22
2017,DANIELA,22,0,22
2017,CIARA,22,0,22
2017,SANAYA,23,0,23
2017,KATHRYN,21,0,21
2017,ELINA,23,0,23
2017,LEONA,23,0,23
2017,JOELLE,24,0,24
2017,ALIA,24,0,24
2017,NYLAH,24,0,24
2017,TARA,24,0,24
2017,ALMA,24,0,24
2017,MAVIS,24,0,24
2017,BRAELYN,24,0,24
2017,DANIELLE,24,0,24
2017,LEXIE,24,0,24
2017,SCARLET,24,0,24
2017,MARINA,24,0,24
2017,MAE,24,0,24
2017,ARIYAH,24,0,24
2017,ADELE,24,0,24
2017,PRESLEY,24,0,24
2017,SIMONE,23,0,23
2017,FAYE,23,0,23
2017,ERICA,23,0,23
2017,ANNE,23,0,23
2017,KAYLEIGH,23,0,23
2017,ELSA,23,0,23
2017,RAELYN,23,0,23
2017,ALANA,23,0,23
2017,ELLIOTT,136,113,23
2017,LYRA,23,0,23
2017,MILANA,23,0,23
2017,MEADOW,23,0,23
2017,LONDON,34,11,23
2017,BRIDGET,23,0,23
2017,HALLIE,23,0,23
2017,AKSHARA,23,0,23
2017,MELISSA,23,0,23
2017,DOROTHY,23,0,23
2017,MIRANDA,23,0,23
2017,SANA,21,0,21
2017,ANIYAH,21,0,21
2017,AIZA,21,0,21
2017,BLAYKE,19,0,19
2017,CARMEN,19,0,19
2017,ELISHA,28,9,19
2017,KAILEY,19,0,19
2017,LIYANA,19,0,19
2017,ERIN,19,0,19
2017,KHADIJAH,19,0,19
2017,MANNAT,19,0,19
2017,ELISABETH,19,0,19
2017,AMÉLIE,19,0,19
2017,JUDY,19,0,19
2017,HARLYN,19,0,19
2017,TERESA,19,0,19
2017,MEREDITH,20,0,20
2017,ALISA,19,0,19
2017,ALEKSANDRA,19,0,19
2017,CAMILLA,19,0,19
2017,REBEKAH,19,0,19
2017,EMAAN,19,0,19
2017,YASMINE,19,0,19
2017,MARWA,19,0,19
2017,MCKINLEY,19,0,19
2017,SKYLER,33,14,19
2017,THALIA,19,0,19
2017,HAYA,19,0,19
2017,ELIA,19,0,19
2017,ADELYNN,19,0,19
2017,JAYDA,19,0,19
2017,AIZAH,19,0,19
2017,HAFSA,19,0,19
2017,ZAINA,19,0,19
2017,GABRIELA,19,0,19
2017,JANELLE,19,0,19
2017,NILA,20,0,20
2017,AVERIE,20,0,20
2017,BRONWYN,20,0,20
2017,LILIAN,20,0,20
2017,PENNY,20,0,20
2017,IMAN,20,0,20
2017,REAGAN,20,0,20
2017,KATERINA,20,0,20
2017,JAYLA,21,0,21
2017,LAYAN,21,0,21
2017,ELIANNA,21,0,21
2017,MIYA,21,0,21
2017,FLORA,21,0,21
2017,IZABELLA,21,0,21
2017,CARLY,21,0,21
2017,MILLIE,21,0,21
2017,AMAL,21,0,21
2017,HARGUN,21,0,21
2017,LEYLA,21,0,21
2017,AURELIA,20,0,20
2017,YASMIN,24,0,24
2017,CATALEYA,20,0,20
2017,ANYA,20,0,20
2017,MELANIA,20,0,20
2017,AMALIA,20,0,20
2017,DESTINY,20,0,20
2017,GIULIA,20,0,20
2017,PRISCILLA,20,0,20
2017,ALEEZA,20,0,20
2017,LILITH,20,0,20
2017,DANICA,20,0,20
2017,CATALINA,20,0,20
2017,YUSRA,20,0,20
2017,LEENA,20,0,20
2017,RANIA,20,0,20
2017,DAKOTA,31,11,20
2017,JOLENE,20,0,20
2017,EMELIA,20,0,20
2017,AMIYAH,20,0,20
2017,ALLIE,24,0,24
2017,ARIAH,25,0,25
2017,JUNE,25,0,25
2017,PENELOPE,177,0,177
2017,CLARA,175,0,175
2017,JULIA,173,0,173
2017,ELEANOR,172,0,172
2017,EVERLY,169,0,169
2017,HAZEL,169,0,169
2017,MACKENZIE,197,17,180
2017,IVY,166,0,166
2017,MARIA,159,0,159
2017,AUBREY,161,6,155
2017,NORAH,153,0,153
2017,NATALIE,150,0,150
2017,ALEXANDRA,144,0,144
2017,SADIE,143,0,143
2017,LUCY,165,0,165
2017,BROOKLYN,183,0,183
2017,AURORA,184,0,184
2017,LILLIAN,187,0,187
2017,LAYLA,229,0,229
2017,MADISON,228,0,228
2017,ALICE,225,0,225
2017,ANNA,223,0,223
2017,EVA,222,0,222
2017,ISABELLE,216,0,216
2017,RILEY,300,85,215
2017,ADDISON,214,0,214
2017,ZOEY,210,0,210
2017,ELLIE,205,0,205
2017,HAILEY,201,0,201
2017,STELLA,196,0,196
2017,ZOE,195,0,195
2017,QUINN,256,63,193
2017,EMILIA,189,0,189
2017,ROSE,139,0,139
2017,GEORGIA,139,0,139
2017,ELENA,139,0,139
2017,RUBY,138,0,138
2017,MYA,110,0,110
2017,PAIGE,108,0,108
2017,TESSA,107,0,107
2017,ARYA,114,8,106
2017,KINSLEY,105,0,105
2017,ADELINE,104,0,104
2017,ELIANA,104,0,104
2017,ALEXA,103,0,103
2017,BRIELLE,102,0,102
2017,ALINA,100,0,100
2017,ZARA,100,0,100
2017,SARA,99,0,99
2017,ANAYA,99,0,99
2017,TALIA,98,0,98
2017,FATIMA,97,0,97
2017,RACHEL,110,0,110
2017,LEAH,243,0,243
2017,SIENNA,111,0,111
2017,LAUREN,112,0,112
2017,LUNA,136,0,136
2017,SAVANNAH,136,0,136
2017,NAOMI,133,0,133
2017,GABRIELLA,127,0,127
2017,WILLOW,127,0,127
2017,ARIANA,127,0,127
2017,PAISLEY,125,0,125
2017,ALYSSA,123,0,123
2017,ANNABELLE,122,0,122
2017,MARYAM,121,0,121
2017,MADELYN,121,0,121
2017,SAMANTHA,120,0,120
2017,ATHENA,117,0,117
2017,AALIYAH,115,0,115
2017,PEYTON,130,18,112
2017,ARIANNA,111,0,111
2017,LYLA,97,0,97
2017,NORA,244,0,244
2017,SARAH,262,0,262
2017,SLOAN,34,8,26
2017,RAELYNN,26,0,26
2017,JENNIFER,26,0,26
2017,LEA,26,0,26
2017,FRANCES,26,0,26
2017,LÉA,26,0,26
2017,PRISHA,26,0,26
2017,SYEDA,26,0,26
2017,FELICITY,27,0,27
2017,MCKENNA,27,0,27
2017,JULIE,27,0,27
2017,EMBER,27,0,27
2017,RORY,92,65,27
2017,ESTELLE,27,0,27
2017,SKYE,27,0,27
2017,MYAH,26,0,26
2017,GENESIS,26,0,26
2017,MAKENNA,26,0,26
2017,DIYA,25,0,25
2017,HARMONY,25,0,25
2017,PEARL,25,0,25
2017,MABEL,25,0,25
2017,ALISHA,25,0,25
2017,BETHANY,25,0,25
2017,KALI,25,0,25
2017,ANGEL,34,9,25
2017,RIYA,25,0,25
2017,DYLAN,222,197,25
2017,HALLE,25,0,25
2017,TINA,26,0,26
2017,AMANDA,26,0,26
2017,HANIYA,26,0,26
2017,MIKAELA,26,0,26
2017,CELESTE,27,0,27
2017,JILLIAN,28,0,28
2017,KINLEY,28,0,28
2017,LIV,28,0,28
2017,ARIA,380,0,380
2017,ISLA,344,0,344
2017,MILA,338,0,338
2017,SCARLETT,330,0,330
2017,GRACE,328,0,328
2017,CLAIRE,319,0,319
2017,AVERY,413,95,318
2017,SOFIA,317,0,317
2017,LILY,310,0,310
2017,MAYA,292,0,292
2017,ELIZABETH,288,0,288
2017,AUDREY,284,0,284
2017,SOPHIE,277,0,277
2017,VICTORIA,274,0,274
2017,HARPER,281,10,271
2017,HANNAH,410,0,410
2017,VIOLET,261,0,261
2017,MIA,413,0,413
2017,EMILY,416,0,416
2017,AARYA,28,0,28
2017,RUTH,28,0,28
2017,PHOENIX,72,44,28
2017,BAILEY,34,6,28
2017,RAINA,28,0,28
2017,OLIVIA,876,0,876
2017,EMMA,765,0,765
2017,CHARLOTTE,709,0,709
2017,AVA,607,0,607
2017,AMELIA,577,0,577
2017,SOPHIA,565,0,565
2017,EVELYN,459,0,459
2017,CHLOE,448,0,448
2017,ABIGAIL,447,0,447
2017,ELLA,425,0,425
2017,ISABELLA,416,0,416
2017,ZIYA,8,0,8
2017,SYLVIA,8,0,8
2017,TRISHA,8,0,8
2017,AVREEN,6,0,6
2017,KENDA,6,0,6
2017,BAANI,7,0,7
2017,ABBYGAIL,7,0,7
2017,JOVIE,7,0,7
2017,ELINOR,7,0,7
2017,AMAIA,7,0,7
2017,AMYRAH,7,0,7
2017,ELOÏSE,7,0,7
2017,AARIA,7,0,7
2017,MYRIAM,6,0,6
2017,MAYSA,7,0,7
2017,NAYELI,7,0,7
2017,DORA,7,0,7
2017,SAJE,7,0,7
2017,AMÉLIA,7,0,7
2017,MEAH,7,0,7
2017,KENZA,7,0,7
2017,KALEA,7,0,7
2017,RYANN,7,0,7
2017,SAMAIRA,7,0,7
2017,ZAARA,7,0,7
2017,TARYN,7,0,7
2017,AUDRA,6,0,6
2017,SIANNA,6,0,6
2017,KAWTHAR,6,0,6
2017,AYLAH,6,0,6
2017,REIGN,20,14,6
2017,AYANNA,6,0,6
2017,DELSA,6,0,6
2017,DENISE,6,0,6
2017,REMY,40,34,6
2017,CRISTINA,6,0,6
2017,SOFIJA,6,0,6
2017,CORINNE,6,0,6
2017,ARSEMA,6,0,6
2017,AVALYNN,6,0,6
2017,BEATRIZ,6,0,6
2017,ADEENA,6,0,6
2017,KACIE,6,0,6
2017,ASRA,6,0,6
2017,ELDANA,6,0,6
2017,ELLIOTTE,6,0,6
2017,ALEEN,6,0,6
2017,MAYRA,6,0,6
2017,NOVALEE,6,0,6
2017,RUMAYSA,6,0,6
2017,ELARA,6,0,6
2017,KRISHA,6,0,6
2017,MINAHIL,7,0,7
2017,JUBILEE,7,0,7
2017,CHARLI,7,0,7
2017,SHAHAD,7,0,7
2017,ABIGAEL,7,0,7
2017,LETICIA,7,0,7
2017,AURA,7,0,7
2017,NAIRA,7,0,7
2017,EKNOOR,7,0,7
2017,SCOUT,7,0,7
2017,SIDNEY,14,7,7
2017,JAZLYN,7,0,7
2017,ALLEGRA,7,0,7
2017,MAGDALENA,7,0,7
2017,KYLAH,7,0,7
2017,HARLYNN,7,0,7
2017,MAXINE,7,0,7
2017,ELLIANNA,7,0,7
2017,LILLIE,7,0,7
2017,NATHALIE,7,0,7
2017,ARWEN,7,0,7
2017,DIA,7,0,7
2017,ORIANNA,7,0,7
2017,MARGARETHA,7,0,7
2017,KARMA,13,6,7
2017,KRYSTAL,6,0,6
2017,ADDALYN,7,0,7
2017,MILAN,50,43,7
2017,BOWIE,13,7,6
2017,SUMAYYAH,7,0,7
2017,PERSEPHONE,7,0,7
2017,HAYLEIGH,7,0,7
2017,MARIANNA,7,0,7
2017,HANIA,7,0,7
2017,JAIME,7,0,7
2017,EZRA,139,132,7
2017,KIRAT,7,0,7
2017,PAULINA,7,0,7
2017,KAREENA,7,0,7
2017,ÉLISE,7,0,7
2017,PAITYN,7,0,7
2017,JERSEY,7,0,7
2017,CLEO,7,0,7
2017,HALLEY,7,0,7
2017,VADA,7,0,7
2017,ZARIA,7,0,7
2017,TESS,7,0,7
2017,SIMRAN,7,0,7
2017,VIDA,7,0,7
2017,NOORA,7,0,7
2017,DEVYN,7,0,7
2017,ASHLEEN,7,0,7
2017,AALEYAH,7,0,7
2017,JASNOOR,7,0,7
2017,ANAHAT,7,0,7
2017,BLESSING,6,0,6
2017,KENNA,7,0,7
2017,SIREEN,6,0,6
2017,CALLIOPE,7,0,7
2017,ANABIA,7,0,7
2017,BRYNLEY,7,0,7
2017,RAHMA,7,0,7
2017,NUSAIBA,7,0,7
2017,LILLIA,7,0,7
2017,BRIDGETTE,7,0,7
2017,NEDA,7,0,7
2017,CAROLYN,7,0,7
2017,SAHARA,7,0,7
2017,ARISHA,7,0,7
2017,SAKINAH,7,0,7
2017,LORETTA,7,0,7
2017,TORI,7,0,7
2017,KAYLIE,7,0,7
2017,JOEY,22,15,7
2017,AVELINE,7,0,7
2017,KAIRI,7,0,7
2017,JAYLAH,7,0,7
2017,AMARIS,7,0,7
2017,LAURIE,7,0,7
2017,MALAYA,7,0,7
2017,MARLENA,7,0,7
2017,SUSANA,7,0,7
2017,KYNLEE,7,0,7
2017,AREESHA,7,0,7
2017,ZEINA,7,0,7
2017,DIVINA,8,0,8
2017,ÉLOÏSE,8,0,8
2017,KAI,141,135,6
2017,ROBIN,20,12,8
2017,ABBEY,8,0,8
2017,KARLIE,8,0,8
2017,MAIZIE,8,0,8
2017,AAIRA,8,0,8
2017,EMERALD,8,0,8
2017,HEBA,8,0,8
2017,NUSAYBA,7,0,7
2017,BRIANA,7,0,7
2017,QUEENIE,7,0,7
2017,CINDY,7,0,7
2017,CLOVER,7,0,7
2017,BARAN,7,0,7
2017,ANTONELLA,7,0,7
2017,LARISSA,7,0,7
2017,CAMELLIA,7,0,7
2017,DELINA,7,0,7
2017,RIHANNA,7,0,7
2017,ROSALYN,7,0,7
2017,JAINA,7,0,7
2017,VICKY,7,0,7
2017,AMYRA,7,0,7
2017,DEVON,19,12,7
2017,MAYAR,7,0,7
2017,ALANNAH,7,0,7
2017,KAILA,7,0,7
2017,MAÉLIE,7,0,7
2017,ZAYA,7,0,7
2017,GURLEEN,6,0,6
2017,JENA,6,0,6
2017,THEIA,6,0,6
2017,KRISTINE,6,0,6
2017,PRIYA,6,0,6
2017,JEWEL,6,0,6
2017,SHEA,22,16,6
2017,YAEL,7,0,7
2017,JUSTINA,6,0,6
2017,LENNYN,6,0,6
2017,ELVINA,6,0,6
2017,LEELA,6,0,6
2017,KATELYNN,6,0,6
2017,ARIELA,6,0,6
2017,DAPHNÉE,6,0,6
2017,AYLIN,6,0,6
2017,INAYAH,6,0,6
2017,AVRIL,7,0,7
2017,SHYLAH,6,0,6
2017,HAVANA,6,0,6
2017,ELLY,6,0,6
2017,HANAN,7,0,7
2017,JADEN,62,56,6
2017,RIMA,7,0,7
2017,MEHAR,7,0,7
2017,SAHANA,7,0,7
2017,MÉLODIE,7,0,7
2017,OAKLYNN,7,0,7
2017,ROSHA,7,0,7
2017,AVIA,7,0,7
2017,ESMÉE,7,0,7
2017,MICHELA,7,0,7
2017,MADILYNN,7,0,7
2017,MALIAH,7,0,7
2017,SIMAR,7,0,7
2017,AJOONI,7,0,7
2017,BAHAR,7,0,7
2017,XIA,7,0,7
2017,BLYTHE,7,0,7
2017,TALEEN,7,0,7
2017,OLENA,7,0,7
2017,AOIFE,7,0,7
2017,MARTA,7,0,7
2017,ALYA,7,0,7
2017,LILYANNA,7,0,7
2017,LORENA,7,0,7
2018,JEROME                        ,12,12,0
2018,GIBSON                        ,12,12,0
2018,IMMANUEL                      ,12,12,0
2018,GRAYDON                       ,12,12,0
2018,HAROON                        ,12,12,0
2018,HAIDER                        ,12,12,0
2018,GURBAAZ                       ,12,12,0
2018,JOAQUIN                       ,12,12,0
2018,HAYES                         ,12,12,0
2018,KARL                          ,12,12,0
2018,MOSES                         ,12,12,0
2018,YASIN                         ,13,13,0
2018,LAYNE                         ,12,12,0
2018,LINDEN                        ,12,12,0
2018,LUCIEN                        ,12,12,0
2018,MARCEL                        ,12,12,0
2018,MARVIN                        ,12,12,0
2018,MEHTAAB                       ,12,12,0
2018,MIKHAIL                       ,12,12,0
2018,FAISAL                        ,12,12,0
2018,NOAM                          ,12,12,0
2018,KYSON                         ,12,12,0
2018,EMMITT                        ,12,12,0
2018,BENNY                         ,12,12,0
2018,ELIO                          ,12,12,0
2018,SAIF                          ,12,12,0
2018,VIRAJ                         ,13,13,0
2018,ZAVIER                        ,13,13,0
2018,AAYAN                         ,12,12,0
2018,ABBAS                         ,12,12,0
2018,ALDEN                         ,12,12,0
2018,ANDERS                        ,12,12,0
2018,ANDREI                        ,12,12,0
2018,ANDRES                        ,12,12,0
2018,ANDRÉ                         ,12,12,0
2018,ANTOINE                       ,12,12,0
2018,ARMIN                         ,12,12,0
2018,AUGUSTINE                     ,12,12,0
2018,AXTON                         ,12,12,0
2018,BENEDICT                      ,12,12,0
2018,BRADEN                        ,12,12,0
2018,BRAEDEN                       ,12,12,0
2018,BRENNAN                       ,12,12,0
2018,CARMELO                       ,12,12,0
2018,CASTIEL                       ,12,12,0
2018,CEDRIC                        ,12,12,0
2018,EASON                         ,12,12,0
2018,EDGAR                         ,12,12,0
2018,EMIR                          ,12,12,0
2018,SAMYAR                        ,12,12,0
2018,WALI                          ,11,11,0
2018,SULTAN                        ,12,12,0
2018,MATHEW                        ,11,11,0
2018,NAYEL                         ,11,11,0
2018,NELSON                        ,11,11,0
2018,OAKLAND                       ,11,11,0
2018,OSKAR                         ,11,11,0
2018,PARSA                         ,11,11,0
2018,QUINCY                        ,11,11,0
2018,RAY                           ,11,11,0
2018,RAYAAN                        ,11,11,0
2018,RUBEN                         ,11,11,0
2018,RYERSON                       ,11,11,0
2018,RÉMI                          ,11,11,0
2018,SAI                           ,11,11,0
2018,SELIM                         ,11,11,0
2018,SHAUN                         ,11,11,0
2018,THATCHER                      ,11,11,0
2018,TOBY                          ,11,11,0
2018,TOMMY                         ,11,11,0
2018,TONY                          ,11,11,0
2018,TY                            ,11,11,0
2018,URIAH                         ,11,11,0
2018,THÉODORE                      ,13,13,0
2018,WAYNE                         ,11,11,0
2018,MAKAI                         ,11,11,0
2018,SAYED                         ,12,12,0
2018,LIONEL                        ,11,11,0
2018,KHALED                        ,11,11,0
2018,SYLAS                         ,12,12,0
2018,YAZAN                         ,12,12,0
2018,YUNUS                         ,12,12,0
2018,ZAYYAN                        ,12,12,0
2018,ADONIS                        ,11,11,0
2018,AHAD                          ,11,11,0
2018,ANTON                         ,11,11,0
2018,ARCHIE                        ,11,11,0
2018,AVRAJ                         ,11,11,0
2018,AVYAAN                        ,11,11,0
2018,BOSTON                        ,11,11,0
2018,CALDER                        ,11,11,0
2018,CARL                          ,11,11,0
2018,COLTEN                        ,11,11,0
2018,DOMENICO                      ,11,11,0
2018,DORIAN                        ,11,11,0
2018,ESTEBAN                       ,11,11,0
2018,GIACOMO                       ,11,11,0
2018,ISSAC                         ,11,11,0
2018,JAI                           ,11,11,0
2018,JALEN                         ,11,11,0
2018,JAWAD                         ,11,11,0
2018,JOSH                          ,11,11,0
2018,LEIF                          ,11,11,0
2018,TERRENCE                      ,13,13,0
2018,LUCCA                         ,16,16,0
2018,NICKOLAS                      ,13,13,0
2018,ISSA                          ,15,15,0
2018,JASE                          ,15,15,0
2018,JAY                           ,15,15,0
2018,JIMMY                         ,15,15,0
2018,LELAND                        ,15,15,0
2018,LINKIN                        ,15,15,0
2018,LUIS                          ,15,15,0
2018,MERRICK                       ,15,15,0
2018,OTTO                          ,15,15,0
2018,QASIM                         ,15,15,0
2018,HEZEKIAH                      ,15,15,0
2018,RIAAN                         ,15,15,0
2018,SAMSON                        ,15,15,0
2018,SIMEON                        ,15,15,0
2018,TORIN                         ,15,15,0
2018,TRENT                         ,15,15,0
2018,VIKTOR                        ,15,15,0
2018,ZAIDEN                        ,15,15,0
2018,AJAY                          ,14,14,0
2018,ALIJAH                        ,14,14,0
2018,ARMAN                         ,14,14,0
2018,BRENDAN                       ,14,14,0
2018,ROYCE                         ,15,15,0
2018,GUNNER                        ,15,15,0
2018,EDDIE                         ,15,15,0
2018,DREW                          ,15,15,0
2018,LOÏC                          ,16,16,0
2018,WELLS                         ,11,11,0
2018,MADDEN                        ,16,16,0
2018,MAXIME                        ,16,16,0
2018,NATHANAEL                     ,16,16,0
2018,NIAM                          ,16,16,0
2018,NICK                          ,16,16,0
2018,QUINTIN                       ,16,16,0
2018,REECE                         ,16,16,0
2018,SANTINO                       ,16,16,0
2018,SONNY                         ,16,16,0
2018,YOUSUF                        ,16,16,0
2018,ZACK                          ,16,16,0
2018,ZACKARY                       ,16,16,0
2018,AARYAN                        ,15,15,0
2018,ABDULRAHMAN                   ,15,15,0
2018,ALLAN                         ,15,15,0
2018,AMIN                          ,15,15,0
2018,ARES                          ,15,15,0
2018,AVIRAJ                        ,15,15,0
2018,BRUCE                         ,15,15,0
2018,DEV                           ,15,15,0
2018,DONALD                        ,15,15,0
2018,BRUNO                         ,14,14,0
2018,BYRON                         ,14,14,0
2018,CALLAN                        ,14,14,0
2018,CILLIAN                       ,14,14,0
2018,AZLAN                         ,13,13,0
2018,BO                            ,13,13,0
2018,CALLEN                        ,13,13,0
2018,CASSIUS                       ,13,13,0
2018,CONNER                        ,13,13,0
2018,CONRAD                        ,13,13,0
2018,DAVIN                         ,13,13,0
2018,EPHRAIM                       ,13,13,0
2018,EVANDER                       ,13,13,0
2018,GREY                          ,13,13,0
2018,GURFATEH                      ,13,13,0
2018,GUS                           ,13,13,0
2018,HASHIR                        ,13,13,0
2018,JAKUB                         ,13,13,0
2018,JERRY                         ,13,13,0
2018,JOHAN                         ,13,13,0
2018,JONAS                         ,13,13,0
2018,KAIUS                         ,13,13,0
2018,KRISTIAN                      ,13,13,0
2018,LANCE                         ,13,13,0
2018,LUC                           ,13,13,0
2018,MAHDI                         ,13,13,0
2018,MIKAEEL                       ,13,13,0
2018,AZAAN                         ,13,13,0
2018,SHEA                          ,13,13,0
2018,AVEER                         ,13,13,0
2018,ARTIN                         ,13,13,0
2018,DEVON                         ,14,14,0
2018,FLETCHER                      ,14,14,0
2018,FOREST                        ,14,14,0
2018,HIMMAT                        ,14,14,0
2018,JAMAL                         ,14,14,0
2018,LEONIDAS                      ,14,14,0
2018,MAHMOUD                       ,14,14,0
2018,PORTER                        ,14,14,0
2018,ROLAND                        ,14,14,0
2018,SHAYAN                        ,14,14,0
2018,TATE                          ,14,14,0
2018,TEO                           ,14,14,0
2018,VINCENZO                      ,14,14,0
2018,VIRAAJ                        ,14,14,0
2018,WAYLON                        ,14,14,0
2018,WESTLEY                       ,14,14,0
2018,ADRIEL                        ,13,13,0
2018,AKSEL                         ,13,13,0
2018,ALFRED                        ,13,13,0
2018,ALISTAIR                      ,13,13,0
2018,ANHAD                         ,13,13,0
2018,ANSH                          ,13,13,0
2018,ARNAV                         ,13,13,0
2018,ASHWIN                        ,13,13,0
2018,WILLEM                        ,11,11,0
2018,KOBE                          ,9,9,0
2018,YOUNIS                        ,11,11,0
2018,YEHUDA                        ,9,9,0
2018,YOSEF                         ,9,9,0
2018,ZAVIAN                        ,9,9,0
2018,ÉTIENNE                       ,9,9,0
2018,AAHIL                         ,8,8,0
2018,AARISH                        ,8,8,0
2018,ABHIRAM                       ,8,8,0
2018,AKRAM                         ,8,8,0
2018,ALONZO                        ,8,8,0
2018,ANAKIN                        ,8,8,0
2018,ANDREAS                       ,8,8,0
2018,ANDREJ                        ,8,8,0
2018,ARAS                          ,8,8,0
2018,ARHAAN                        ,8,8,0
2018,ARSH                          ,8,8,0
2018,ARYEH                         ,8,8,0
2018,AXL                           ,8,8,0
2018,BRANSON                       ,8,8,0
2018,CALUM                         ,8,8,0
2018,COBY                          ,8,8,0
2018,COULSON                       ,8,8,0
2018,CROSBY                        ,8,8,0
2018,DAKSH                         ,8,8,0
2018,WALLACE                       ,9,9,0
2018,DARIEN                        ,8,8,0
2018,TOMAS                         ,9,9,0
2018,SAMARTH                       ,9,9,0
2018,MACKLIN                       ,9,9,0
2018,MARCELO                       ,9,9,0
2018,MEKHI                         ,9,9,0
2018,MYLO                          ,9,9,0
2018,NABIL                         ,9,9,0
2018,NAKSH                         ,9,9,0
2018,NEEL                          ,9,9,0
2018,NEHEMIAH                      ,9,9,0
2018,NICKAN                        ,9,9,0
2018,NIHAL                         ,9,9,0
2018,NILE                          ,9,9,0
2018,OM                            ,9,9,0
2018,ORLANDO                       ,9,9,0
2018,PHILIPPE                      ,9,9,0
2018,PRINCETON                     ,9,9,0
2018,RAKAN                         ,9,9,0
2018,REGINALD                      ,9,9,0
2018,REHAN                         ,9,9,0
2018,REILLY                        ,9,9,0
2018,RISHI                         ,9,9,0
2018,ROAN                          ,9,9,0
2018,RODRIGO                       ,9,9,0
2018,SAHIL                         ,9,9,0
2018,SUFYAN                        ,9,9,0
2018,MACK                          ,9,9,0
2018,DOMINICK                      ,8,8,0
2018,EDMUND                        ,8,8,0
2018,KHIZAR                        ,8,8,0
2018,KIYAN                         ,8,8,0
2018,KODY                          ,8,8,0
2018,KOLBY                         ,8,8,0
2018,KRIS                          ,8,8,0
2018,LANE                          ,8,8,0
2018,LEVON                         ,8,8,0
2018,LINUS                         ,8,8,0
2018,LOÏK                          ,8,8,0
2018,LUQMAN                        ,8,8,0
2018,LYLE                          ,8,8,0
2018,MAAZ                          ,8,8,0
2018,MAHER                         ,8,8,0
2018,MARCELLO                      ,8,8,0
2018,MATHIS                        ,8,8,0
2018,MATHÉO                        ,8,8,0
2018,MATTIAS                       ,8,8,0
2018,MELVIN                        ,8,8,0
2018,MIKAIL                        ,8,8,0
2018,MIKEL                         ,8,8,0
2018,NIRVAAN                       ,8,8,0
2018,OSMAN                         ,8,8,0
2018,PEDRO                         ,8,8,0
2018,KEON                          ,8,8,0
2018,DRAKE                         ,8,8,0
2018,KALVIN                        ,8,8,0
2018,JUSTICE                       ,8,8,0
2018,EKAM                          ,8,8,0
2018,ELIE                          ,8,8,0
2018,ELON                          ,8,8,0
2018,EVEREST                       ,8,8,0
2018,FAHAD                         ,8,8,0
2018,FISHER                        ,8,8,0
2018,FRANCISCO                     ,8,8,0
2018,FREDRICK                      ,8,8,0
2018,GERALD                        ,8,8,0
2018,GIORGIO                       ,8,8,0
2018,GRAYSEN                       ,8,8,0
2018,GUNNAR                        ,8,8,0
2018,GURTAJ                        ,8,8,0
2018,HAMZAH                        ,8,8,0
2018,HANSON                        ,8,8,0
2018,HARMAN                        ,8,8,0
2018,HOWARD                        ,8,8,0
2018,HUMZA                         ,8,8,0
2018,IDREES                        ,8,8,0
2018,ILYA                          ,8,8,0
2018,IZAIAH                        ,8,8,0
2018,JAIVEER                       ,8,8,0
2018,JAMISON                       ,8,8,0
2018,KALLUM                        ,8,8,0
2018,YASH                          ,11,11,0
2018,LEGEND                        ,9,9,0
2018,LAURENT                       ,9,9,0
2018,ISHAN                         ,10,10,0
2018,IVAAN                         ,10,10,0
2018,JAMIESON                      ,10,10,0
2018,JAN                           ,10,10,0
2018,JAVIER                        ,10,10,0
2018,JON                           ,10,10,0
2018,JOSE                          ,10,10,0
2018,KAMERON                       ,10,10,0
2018,KAVIN                         ,10,10,0
2018,KAYSON                        ,10,10,0
2018,KELLAN                        ,10,10,0
2018,LAYTON                        ,10,10,0
2018,MANUEL                        ,10,10,0
2018,MUHAMMED                      ,10,10,0
2018,NIALL                         ,10,10,0
2018,NIKOLAI                       ,10,10,0
2018,NORMAN                        ,10,10,0
2018,NYLE                          ,10,10,0
2018,ONYX                          ,10,10,0
2018,RUDY                          ,10,10,0
2018,RUMI                          ,10,10,0
2018,SAMAR                         ,10,10,0
2018,SAMIR                         ,10,10,0
2018,HARRIS                        ,10,10,0
2018,SAUL                          ,10,10,0
2018,GRADY                         ,10,10,0
2018,FARHAN                        ,10,10,0
2018,ZAVIYAR                       ,11,11,0
2018,ZAYAAN                        ,11,11,0
2018,ÉMILE                         ,11,11,0
2018,ADITYA                        ,10,10,0
2018,ALEKSANDAR                    ,10,10,0
2018,AMAR                          ,10,10,0
2018,APOLLO                        ,10,10,0
2018,ARIAN                         ,10,10,0
2018,AYUB                          ,10,10,0
2018,BOYD                          ,10,10,0
2018,CIAN                          ,10,10,0
2018,CONSTANTINE                   ,10,10,0
2018,COREY                         ,10,10,0
2018,DEEGAN                        ,10,10,0
2018,DEKLAN                        ,10,10,0
2018,DERRICK                       ,10,10,0
2018,DHRUV                         ,10,10,0
2018,ELIOT                         ,10,10,0
2018,ELVIN                         ,10,10,0
2018,ERNEST                        ,10,10,0
2018,ESA                           ,10,10,0
2018,EVAAN                         ,10,10,0
2018,EYAD                          ,10,10,0
2018,FYNN                          ,10,10,0
2018,LEANDER                       ,9,9,0
2018,SEAMUS                        ,10,10,0
2018,SHIVANSH                      ,10,10,0
2018,ELVIS                         ,9,9,0
2018,ELYAS                         ,9,9,0
2018,FARES                         ,9,9,0
2018,FINLAY                        ,9,9,0
2018,FIONN                         ,9,9,0
2018,GEORGIOS                      ,9,9,0
2018,GRAEME                        ,9,9,0
2018,GRYPHON                       ,9,9,0
2018,GURSHAAN                      ,9,9,0
2018,HASHIM                        ,9,9,0
2018,HENDRIK                       ,9,9,0
2018,HUZAIFA                       ,9,9,0
2018,ISMAEL                        ,9,9,0
2018,JAIRUS                        ,9,9,0
2018,JAXXON                        ,9,9,0
2018,JEDIDIAH                      ,9,9,0
2018,JETHRO                        ,9,9,0
2018,KAEDEN                        ,9,9,0
2018,KASON                         ,9,9,0
2018,KELVIN                        ,9,9,0
2018,KHALIL                        ,9,9,0
2018,KYLER                         ,16,16,0
2018,KOLE                          ,9,9,0
2018,DIMITRI                       ,9,9,0
2018,SHAAN                         ,10,10,0
2018,DAVIS                         ,9,9,0
2018,DANILO                        ,9,9,0
2018,SMITH                         ,10,10,0
2018,STEFANO                       ,10,10,0
2018,TAIM                          ,10,10,0
2018,TALHA                         ,10,10,0
2018,TALON                         ,10,10,0
2018,VAUGHN                        ,10,10,0
2018,WILSON                        ,10,10,0
2018,ABDALLAH                      ,9,9,0
2018,ABDULAZIZ                     ,9,9,0
2018,AFFAN                         ,9,9,0
2018,AMOS                          ,9,9,0
2018,ASHAR                         ,9,9,0
2018,BISHOP                        ,9,9,0
2018,BOBBY                         ,9,9,0
2018,BODIE                         ,9,9,0
2018,CAELAN                        ,9,9,0
2018,CHAD                          ,9,9,0
2018,COLLIN                        ,9,9,0
2018,CORNELIUS                     ,9,9,0
2018,CREW                          ,9,9,0
2018,CYRIL                         ,9,9,0
2018,CÉDRIC                        ,9,9,0
2018,DANE                          ,9,9,0
2018,DANIYAL                       ,9,9,0
2018,KENDRICK                      ,16,16,0
2018,ADVIK                         ,17,17,0
2018,KASH                          ,16,16,0
2018,PRESTON                       ,66,66,0
2018,ALEX                          ,65,65,0
2018,DANTE                         ,65,65,0
2018,ARJUN                         ,64,64,0
2018,AUSTON                        ,64,64,0
2018,DAMIAN                        ,64,64,0
2018,JEREMY                        ,64,64,0
2018,KANE                          ,64,64,0
2018,MOHAMED                       ,64,64,0
2018,AHMAD                         ,63,63,0
2018,DEAN                          ,63,63,0
2018,HOLDEN                        ,63,63,0
2018,MARK                          ,63,63,0
2018,SULLIVAN                      ,63,63,0
2018,LORENZO                       ,66,66,0
2018,ABDULLAH                      ,62,62,0
2018,MADDOX                        ,61,61,0
2018,MARCO                         ,60,60,0
2018,RONAN                         ,60,60,0
2018,LEON                          ,59,59,0
2018,ENZO                          ,58,58,0
2018,KADEN                         ,58,58,0
2018,BODHI                         ,57,57,0
2018,BRANDON                       ,57,57,0
2018,MUSA                          ,57,57,0
2018,COLIN                         ,56,56,0
2018,DAMIEN                        ,56,56,0
2018,MALIK                         ,56,56,0
2018,MALACHI                       ,55,55,0
2018,RHETT                         ,55,55,0
2018,IVAN                          ,61,61,0
2018,KINGSTON                      ,66,66,0
2018,KIAN                          ,66,66,0
2018,KALEB                         ,66,66,0
2018,JAMESON                       ,85,85,0
2018,ARCHER                        ,82,82,0
2018,EZEKIEL                       ,82,82,0
2018,LOUIS                         ,82,82,0
2018,RYDER                         ,81,81,0
2018,ARLO                          ,80,80,0
2018,HAMZA                         ,80,80,0
2018,JONAH                         ,79,79,0
2018,RAYAN                         ,79,79,0
2018,KAIDEN                        ,78,78,0
2018,BRYCE                         ,77,77,0
2018,BRYSON                        ,77,77,0
2018,JESSE                         ,77,77,0
2018,ZAIN                          ,77,77,0
2018,CALVIN                        ,76,76,0
2018,GRIFFIN                       ,76,76,0
2018,CLARK                         ,74,74,0
2018,AXEL                          ,66,66,0
2018,AHMED                         ,66,66,0
2018,TIMOTHY                       ,67,67,0
2018,MOHAMMED                      ,67,67,0
2018,AMIR                          ,67,67,0
2018,XANDER                        ,68,68,0
2018,SANTIAGO                      ,55,55,0
2018,ARYAN                         ,68,68,0
2018,CALLUM                        ,70,70,0
2018,ANTONIO                       ,71,71,0
2018,MILO                          ,72,72,0
2018,MALCOLM                       ,72,72,0
2018,LACHLAN                       ,72,72,0
2018,KEVIN                         ,74,74,0
2018,AYDEN                         ,69,69,0
2018,AARAV                         ,54,54,0
2018,LOCHLAN                       ,54,54,0
2018,REID                          ,54,54,0
2018,JAYCE                         ,44,44,0
2018,KIERAN                        ,44,44,0
2018,MUSTAFA                       ,44,44,0
2018,PAUL                          ,44,44,0
2018,TRAVIS                        ,44,44,0
2018,TUCKER                        ,44,44,0
2018,ANDERSON                      ,43,43,0
2018,ANDRE                         ,43,43,0
2018,DESMOND                       ,43,43,0
2018,MIGUEL                        ,43,43,0
2018,ABEL                          ,42,42,0
2018,ALEXANDRE                     ,42,42,0
2018,HENDRIX                       ,42,42,0
2018,RICHARD                       ,42,42,0
2018,WINSTON                       ,42,42,0
2018,CAMDEN                        ,41,41,0
2018,FREDERICK                     ,41,41,0
2018,ZAYNE                         ,39,39,0
2018,ZAYDEN                        ,39,39,0
2018,STEVEN                        ,39,39,0
2018,RAYYAN                        ,39,39,0
2018,NIKO                          ,39,39,0
2018,DARIUS                        ,39,39,0
2018,DAXTON                        ,44,44,0
2018,BEN                           ,39,39,0
2018,OLIVIER                       ,40,40,0
2018,BENSON                        ,40,40,0
2018,ARMAAN                        ,40,40,0
2018,YOUSEF                        ,41,41,0
2018,MARSHALL                      ,41,41,0
2018,KABIR                         ,41,41,0
2018,ARHAM                         ,39,39,0
2018,PATRICK                       ,86,86,0
2018,ATTICUS                       ,44,44,0
2018,PHILIP                        ,45,45,0
2018,ATLAS                         ,53,53,0
2018,RHYS                          ,53,53,0
2018,EMMANUEL                      ,52,52,0
2018,GORDON                        ,52,52,0
2018,HARVEY                        ,52,52,0
2018,MARTIN                        ,52,52,0
2018,SETH                          ,52,52,0
2018,SYED                          ,52,52,0
2018,CADEN                         ,51,51,0
2018,JAX                           ,51,51,0
2018,ODIN                          ,51,51,0
2018,BRYAN                         ,50,50,0
2018,HUGO                          ,50,50,0
2018,MAXIM                         ,50,50,0
2018,NICO                          ,50,50,0
2018,CRUZ                          ,49,49,0
2018,EDWIN                         ,49,49,0
2018,FÉLIX                         ,45,45,0
2018,COLT                          ,45,45,0
2018,SAM                           ,46,46,0
2018,RAPHAEL                       ,46,46,0
2018,NIXON                         ,46,46,0
2018,BROOKS                        ,46,46,0
2018,RAFAEL                        ,45,45,0
2018,JADEN                         ,47,47,0
2018,BRADY                         ,47,47,0
2018,BRADLEY                       ,47,47,0
2018,ZION                          ,49,49,0
2018,ZANE                          ,49,49,0
2018,VICTOR                        ,49,49,0
2018,TOBIAS                        ,49,49,0
2018,BRIAN                         ,47,47,0
2018,ANGELO                        ,38,38,0
2018,NICOLAS                       ,87,87,0
2018,JEREMIAH                      ,87,87,0
2018,SEBASTIAN                     ,278,278,0
2018,WYATT                         ,278,278,0
2018,JAXON                         ,270,270,0
2018,NOLAN                         ,263,263,0
2018,CALEB                         ,262,262,0
2018,EVAN                          ,259,259,0
2018,JOSEPH                        ,257,257,0
2018,LUKE                          ,257,257,0
2018,DAVID                         ,245,245,0
2018,COLTON                        ,242,242,0
2018,CHARLES                       ,238,238,0
2018,CONNOR                        ,236,236,0
2018,ZACHARY                       ,231,231,0
2018,ANDREW                        ,230,230,0
2018,JOSHUA                        ,278,278,0
2018,NICHOLAS                      ,219,219,0
2018,JOHN                          ,214,214,0
2018,XAVIER                        ,214,214,0
2018,EMMETT                        ,204,204,0
2018,WESLEY                        ,203,203,0
2018,ADRIAN                        ,199,199,0
2018,MAX                           ,194,194,0
2018,JULIAN                        ,188,188,0
2018,MAVERICK                      ,184,184,0
2018,ANTHONY                       ,183,183,0
2018,MATTEO                        ,179,179,0
2018,DOMINIC                       ,177,177,0
2018,MARCUS                        ,177,177,0
2018,ISAIAH                        ,172,172,0
2018,AARON                         ,171,171,0
2018,LUCA                          ,217,217,0
2018,ELIJAH                        ,280,280,0
2018,ISAAC                         ,281,281,0
2018,GRAYSON                       ,283,283,0
2018,LIAM                          ,795,795,0
2018,NOAH                          ,787,787,0
2018,LUCAS                         ,671,671,0
2018,WILLIAM                       ,660,660,0
2018,BENJAMIN                      ,643,643,0
2018,ETHAN                         ,595,595,0
2018,OLIVER                        ,569,569,0
2018,JACOB                         ,554,554,0
2018,JAMES                         ,540,540,0
2018,JACK                          ,501,501,0
2018,ALEXANDER                     ,492,492,0
2018,OWEN                          ,485,485,0
2018,MASON                         ,464,464,0
2018,NATHAN                        ,439,439,0
2018,LEO                           ,437,437,0
2018,THEODORE                      ,432,432,0
2018,DANIEL                        ,416,416,0
2018,LEVI                          ,293,293,0
2018,MATTHEW                       ,296,296,0
2018,AIDEN                         ,310,310,0
2018,SAMUEL                        ,314,314,0
2018,AUSTIN                        ,315,315,0
2018,MUHAMMAD                      ,316,316,0
2018,COLE                          ,168,168,0
2018,THOMAS                        ,334,334,0
2018,LINCOLN                       ,362,362,0
2018,JACKSON                       ,363,363,0
2018,HUDSON                        ,364,364,0
2018,GABRIEL                       ,383,383,0
2018,ADAM                          ,398,398,0
2018,HENRY                         ,415,415,0
2018,MICHAEL                       ,341,341,0
2018,JASPER                        ,167,167,0
2018,MATEO                         ,166,166,0
2018,BENNETT                       ,165,165,0
2018,JACE                          ,111,111,0
2018,COOPER                        ,110,110,0
2018,EDWARD                        ,110,110,0
2018,JASON                         ,110,110,0
2018,LUKA                          ,109,109,0
2018,ASHTON                        ,107,107,0
2018,BEAU                          ,106,106,0
2018,NASH                          ,106,106,0
2018,ROBERT                        ,106,106,0
2018,TYLER                         ,105,105,0
2018,VINCENT                       ,103,103,0
2018,JUSTIN                        ,99,99,0
2018,SIMON                         ,99,99,0
2018,MAXIMUS                       ,98,98,0
2018,OSCAR                         ,98,98,0
2018,SILAS                         ,98,98,0
2018,ERIC                          ,97,97,0
2018,YUSUF                         ,88,88,0
2018,DAWSON                        ,88,88,0
2018,COHEN                         ,88,88,0
2018,TYSON                         ,93,93,0
2018,AIDAN                         ,93,93,0
2018,LUKAS                         ,94,94,0
2018,ROMAN                         ,113,113,0
2018,JAKE                          ,94,94,0
2018,PETER                         ,95,95,0
2018,MOHAMMAD                      ,96,96,0
2018,CHASE                         ,96,96,0
2018,KAYDEN                        ,97,97,0
2018,JOSIAH                        ,97,97,0
2018,IAN                           ,97,97,0
2018,AYAAN                         ,94,94,0
2018,KYLE                          ,87,87,0
2018,ZAYN                          ,117,117,0
2018,MYLES                         ,121,121,0
2018,HARRISON                      ,165,165,0
2018,ASHER                         ,164,164,0
2018,LANDON                        ,163,163,0
2018,FELIX                         ,162,162,0
2018,ALI                           ,161,161,0
2018,CHRISTIAN                     ,161,161,0
2018,EASTON                        ,161,161,0
2018,GEORGE                        ,161,161,0
2018,NATHANIEL                     ,154,154,0
2018,ELI                           ,151,151,0
2018,RYKER                         ,150,150,0
2018,TRISTAN                       ,149,149,0
2018,MAXWELL                       ,148,148,0
2018,JONATHAN                      ,147,147,0
2018,MILES                         ,147,147,0
2018,ELIAS                         ,146,146,0
2018,JAXSON                        ,144,144,0
2018,LEONARDO                      ,122,122,0
2018,ARTHUR                        ,122,122,0
2018,GREYSON                       ,123,123,0
2018,THEO                          ,124,124,0
2018,FINN                          ,124,124,0
2018,IBRAHIM                       ,125,125,0
2018,BRODY                         ,120,120,0
2018,CHRISTOPHER                   ,126,126,0
2018,WESTON                        ,131,131,0
2018,OMAR                          ,134,134,0
2018,GAVIN                         ,135,135,0
2018,EVERETT                       ,139,139,0
2018,CARSON                        ,141,141,0
2018,DECLAN                        ,142,142,0
2018,BRAYDEN                       ,130,130,0
2018,KEENAN                        ,16,16,0
2018,AUGUST                        ,38,38,0
2018,CLAYTON                       ,38,38,0
2018,TITUS                         ,21,21,0
2018,YOUSSEF                       ,21,21,0
2018,BRANTLEY                      ,20,20,0
2018,DENNIS                        ,20,20,0
2018,DEXTER                        ,20,20,0
2018,DOMENIC                       ,20,20,0
2018,EWAN                          ,20,20,0
2018,FILIP                         ,20,20,0
2018,FORREST                       ,20,20,0
2018,GAGE                          ,20,20,0
2018,HANK                          ,20,20,0
2018,JAYLEN                        ,20,20,0
2018,VIAAN                         ,20,20,0
2018,AGAM                          ,19,19,0
2018,SUBHAN                        ,21,21,0
2018,ANDY                          ,19,19,0
2018,AUGUSTUS                      ,19,19,0
2018,CRISTIANO                     ,19,19,0
2018,DARIO                         ,19,19,0
2018,DARREN                        ,19,19,0
2018,FOX                           ,19,19,0
2018,HEATH                         ,19,19,0
2018,JOHNNY                        ,19,19,0
2018,KEITH                         ,19,19,0
2018,KOHEN                         ,19,19,0
2018,LEV                           ,19,19,0
2018,LOUIE                         ,19,19,0
2018,MEMPHIS                       ,19,19,0
2018,NATE                          ,19,19,0
2018,REX                           ,19,19,0
2018,ANGAD                         ,19,19,0
2018,SOREN                         ,21,21,0
2018,SEBASTIEN                     ,21,21,0
2018,RAPHAËL                       ,21,21,0
2018,WARREN                        ,23,23,0
2018,YUVRAJ                        ,23,23,0
2018,ZAYAN                         ,23,23,0
2018,ADEN                          ,22,22,0
2018,BRONSON                       ,22,22,0
2018,GRAHAM                        ,22,22,0
2018,HUSSAIN                       ,22,22,0
2018,ISRAEL                        ,22,22,0
2018,KADE                          ,22,22,0
2018,LUCIAN                        ,22,22,0
2018,RAIDEN                        ,22,22,0
2018,REYANSH                       ,22,22,0
2018,ROHAN                         ,22,22,0
2018,SAHIB                         ,22,22,0
2018,SAMI                          ,22,22,0
2018,SCOTT                         ,22,22,0
2018,TAHA                          ,22,22,0
2018,NOEL                          ,21,21,0
2018,MIKAEL                        ,21,21,0
2018,MANRAJ                        ,21,21,0
2018,LUCIANO                       ,21,21,0
2018,JEFFREY                       ,21,21,0
2018,GIDEON                        ,21,21,0
2018,SOLOMON                       ,19,19,0
2018,CORBIN                        ,21,21,0
2018,ARJAN                         ,21,21,0
2018,ALEC                          ,21,21,0
2018,AARIZ                         ,21,21,0
2018,VEER                          ,22,22,0
2018,TROY                          ,22,22,0
2018,TREVOR                        ,22,22,0
2018,CARLOS                        ,21,21,0
2018,UMAR                          ,19,19,0
2018,ZACHARIAH                     ,19,19,0
2018,ALEJANDRO                     ,18,18,0
2018,EMANUEL                       ,17,17,0
2018,FARIS                         ,17,17,0
2018,FRANKLIN                      ,17,17,0
2018,GIUSEPPE                      ,17,17,0
2018,ISMAIL                        ,17,17,0
2018,KHALID                        ,17,17,0
2018,LAWRENCE                      ,17,17,0
2018,LEANDRO                       ,17,17,0
2018,MALEK                         ,17,17,0
2018,MARIO                         ,17,17,0
2018,MOHAMAD                       ,17,17,0
2018,OTIS                          ,17,17,0
2018,SALMAN                        ,17,17,0
2018,AARUSH                        ,16,16,0
2018,ALEKSANDER                    ,16,16,0
2018,ALVIN                         ,16,16,0
2018,AMEER                         ,16,16,0
2018,KARAM                         ,16,16,0
2018,JARED                         ,16,16,0
2018,HUSSEIN                       ,16,16,0
2018,ENOCH                         ,16,16,0
2018,EMMET                         ,16,16,0
2018,DUSTIN                        ,16,16,0
2018,DUKE                          ,17,17,0
2018,DANNY                         ,16,16,0
2018,COLSON                        ,16,16,0
2018,COEN                          ,16,16,0
2018,BRODIE                        ,16,16,0
2018,BRETT                         ,16,16,0
2018,ARAM                          ,16,16,0
2018,AMMAR                         ,16,16,0
2018,CRISTIAN                      ,16,16,0
2018,ROCCO                         ,23,23,0
2018,DONOVAN                       ,17,17,0
2018,CADE                          ,17,17,0
2018,CAIDEN                        ,18,18,0
2018,CAIRO                         ,18,18,0
2018,CASH                          ,18,18,0
2018,CHANCE                        ,18,18,0
2018,CULLEN                        ,18,18,0
2018,DALTON                        ,18,18,0
2018,DARIAN                        ,18,18,0
2018,HECTOR                        ,18,18,0
2018,HENRIK                        ,18,18,0
2018,IBRAHEEM                      ,18,18,0
2018,ILYAS                         ,18,18,0
2018,JAXTON                        ,18,18,0
2018,JETT                          ,18,18,0
2018,JUAN                          ,18,18,0
2018,KRISH                         ,18,18,0
2018,LAITH                         ,18,18,0
2018,LANDEN                        ,18,18,0
2018,AYMAN                         ,17,17,0
2018,AYAN                          ,17,17,0
2018,ANAS                          ,17,17,0
2018,ALLEN                         ,17,17,0
2018,ZORAWAR                       ,18,18,0
2018,YUVAAN                        ,18,18,0
2018,CHARBEL                       ,17,17,0
2018,YOUSIF                        ,18,18,0
2018,WATSON                        ,18,18,0
2018,THIAGO                        ,18,18,0
2018,PHILLIP                       ,18,18,0
2018,PAXTON                        ,18,18,0
2018,OMER                          ,18,18,0
2018,LEONARD                       ,18,18,0
2018,WOLFGANG                      ,18,18,0
2018,CAYDEN                        ,38,38,0
2018,NIKOLAS                       ,23,23,0
2018,MARC                          ,23,23,0
2018,ZAID                          ,32,32,0
2018,DAMON                         ,31,31,0
2018,FRANCIS                       ,31,31,0
2018,HADI                          ,31,31,0
2018,HUXLEY                        ,31,31,0
2018,KENNETH                       ,31,31,0
2018,MALAKAI                       ,31,31,0
2018,NEIL                          ,31,31,0
2018,ZANDER                        ,31,31,0
2018,ABRAHAM                       ,30,30,0
2018,BRAXTON                       ,30,30,0
2018,DEVIN                         ,30,30,0
2018,FRANCESCO                     ,30,30,0
2018,JUDAH                         ,30,30,0
2018,MITCHELL                      ,32,32,0
2018,MARKO                         ,30,30,0
2018,THÉO                          ,30,30,0
2018,ZAKARIYA                      ,30,30,0
2018,CODY                          ,29,29,0
2018,DEREK                         ,29,29,0
2018,ISHAAN                        ,29,29,0
2018,JOHNATHAN                     ,29,29,0
2018,JULIEN                        ,29,29,0
2018,KARSON                        ,29,29,0
2018,LEWIS                         ,29,29,0
2018,LÉO                           ,29,29,0
2018,VIVAAN                        ,29,29,0
2018,ACE                           ,28,28,0
2018,ALAN                          ,28,28,0
2018,ANGUS                         ,28,28,0
2018,MASSIMO                       ,30,30,0
2018,GIANLUCA                      ,32,32,0
2018,ERIK                          ,32,32,0
2018,ADRIANO                       ,32,32,0
2018,JOEL                          ,38,38,0
2018,HASSAN                        ,37,37,0
2018,WALTER                        ,37,37,0
2018,ZAYD                          ,37,37,0
2018,DAX                           ,36,36,0
2018,DIEGO                         ,36,36,0
2018,LAWSON                        ,36,36,0
2018,TANNER                        ,36,36,0
2018,BECKETT                       ,35,35,0
2018,DEACON                        ,35,35,0
2018,EDISON                        ,35,35,0
2018,KEEGAN                        ,35,35,0
2018,MATTHIAS                      ,35,35,0
2018,STEPHEN                       ,35,35,0
2018,VIHAAN                        ,35,35,0
2018,WALKER                        ,35,35,0
2018,ALESSIO                       ,34,34,0
2018,ABDUL                         ,32,32,0
2018,YASEEN                        ,33,33,0
2018,SEAN                          ,33,33,0
2018,ORION                         ,33,33,0
2018,MATIAS                        ,33,33,0
2018,KINGSLEY                      ,33,33,0
2018,CYRUS                         ,28,28,0
2018,HARRY                         ,33,33,0
2018,AYDIN                         ,33,33,0
2018,ALESSANDRO                    ,33,33,0
2018,YAHYA                         ,34,34,0
2018,MILLER                        ,34,34,0
2018,FATEH                         ,34,34,0
2018,BECKHAM                       ,34,34,0
2018,CONOR                         ,33,33,0
2018,FINNEGAN                      ,28,28,0
2018,JULIUS                        ,28,28,0
2018,KIAAN                         ,28,28,0
2018,SULAIMAN                      ,26,26,0
2018,BILAL                         ,25,25,0
2018,BOWEN                         ,25,25,0
2018,JAIDEN                        ,25,25,0
2018,JENSEN                        ,25,25,0
2018,KAIRO                         ,25,25,0
2018,MARKUS                        ,25,25,0
2018,MATHIAS                       ,25,25,0
2018,QUINTON                       ,25,25,0
2018,REUBEN                        ,25,25,0
2018,SHANE                         ,25,25,0
2018,STANLEY                       ,25,25,0
2018,ZAKARIA                       ,25,25,0
2018,BARRETT                       ,24,24,0
2018,DOMINIK                       ,24,24,0
2018,DOUGLAS                       ,24,24,0
2018,FRANK                         ,24,24,0
2018,IMRAN                         ,23,23,0
2018,GARRETT                       ,23,23,0
2018,EMILIO                        ,23,23,0
2018,COLBY                         ,23,23,0
2018,ANSON                         ,23,23,0
2018,ABRAM                         ,23,23,0
2018,STEFAN                        ,26,26,0
2018,TIAGO                         ,24,24,0
2018,ROY                           ,24,24,0
2018,REED                          ,24,24,0
2018,QUENTIN                       ,24,24,0
2018,PRINCE                        ,24,24,0
2018,PIERCE                        ,24,24,0
2018,GIOVANNI                      ,24,24,0
2018,SHAWN                         ,24,24,0
2018,NIKOLA                        ,23,23,0
2018,MAXIMILIAN                    ,26,26,0
2018,MAGNUS                        ,26,26,0
2018,KNOX                          ,28,28,0
2018,RAYMOND                       ,28,28,0
2018,ROMEO                         ,28,28,0
2018,RONIN                         ,28,28,0
2018,WADE                          ,28,28,0
2018,ADRIEN                        ,27,27,0
2018,ARVIN                         ,27,27,0
2018,BROCK                         ,27,27,0
2018,CURTIS                        ,27,27,0
2018,GRANT                         ,27,27,0
2018,HASAN                         ,27,27,0
2018,HENRI                         ,27,27,0
2018,HUGH                          ,27,27,0
2018,JAKOB                         ,27,27,0
2018,KARTER                        ,27,27,0
2018,KEATON                        ,27,27,0
2018,KILLIAN                       ,27,27,0
2018,KARIM                         ,26,26,0
2018,KAREEM                        ,26,26,0
2018,JAD                           ,26,26,0
2018,ISA                           ,26,26,0
2018,IDRIS                         ,26,26,0
2018,GREGORY                       ,26,26,0
2018,MAKSIM                        ,26,26,0
2018,EESA                          ,26,26,0
2018,CHRIS                         ,26,26,0
2018,ALBERT                        ,26,26,0
2018,WILDER                        ,27,27,0
2018,RUSSELL                       ,27,27,0
2018,KOLTON                        ,27,27,0
2018,KING                          ,27,27,0
2018,DUNCAN                        ,26,26,0
2018,RYLAND                        ,14,14,0
2018,RAYDEN                        ,8,8,0
2018,ARNOLD                        ,7,7,0
2018,COLBIE                        ,7,0,7
2018,CLOVER                        ,7,0,7
2018,CINDY                         ,7,0,7
2018,CHELSEY                       ,7,0,7
2018,CHANTEL                       ,7,0,7
2018,CARYS                         ,7,0,7
2018,CARRIE                        ,7,0,7
2018,CAROLINA                      ,7,0,7
2018,CAPRI                         ,7,0,7
2018,BRYNNLEE                      ,7,0,7
2018,BRIE                          ,7,0,7
2018,COLLINS                       ,7,0,7
2018,BOWIE                         ,19,12,7
2018,BAHAR                         ,7,0,7
2018,AZARIA                        ,7,0,7
2018,AURA                          ,7,0,7
2018,AUDRÉE                        ,7,0,7
2018,ASHA                          ,7,0,7
2018,ARWEN                         ,7,0,7
2018,ARFA                          ,7,0,7
2018,ANISHA                        ,7,0,7
2018,ANAHAT                        ,7,0,7
2018,ALEXIE                        ,7,0,7
2018,ALEAH                         ,7,0,7
2018,BIANKA                        ,7,0,7
2018,CORALIE                       ,7,0,7
2018,CORALINE                      ,7,0,7
2018,DALLAS                        ,50,43,7
2018,JAELYN                        ,7,0,7
2018,JACLYN                        ,7,0,7
2018,IZABELLE                      ,7,0,7
2018,IZABEL                        ,7,0,7
2018,IVANKA                        ,7,0,7
2018,IVANA                         ,7,0,7
2018,IMANI                         ,7,0,7
2018,HOLLAND                       ,7,0,7
2018,HARLEE                        ,7,0,7
2018,HADIA                         ,7,0,7
2018,GWENYTH                       ,7,0,7
2018,GURMEHAR                      ,7,0,7
2018,GISELLE                       ,7,0,7
2018,FRANCINE                      ,7,0,7
2018,FINNLEY                       ,37,30,7
2018,EVANA                         ,7,0,7
2018,ESTELLA                       ,7,0,7
2018,ESMÉE                         ,7,0,7
2018,EMMIE                         ,7,0,7
2018,EMMALYN                       ,7,0,7
2018,ELOWEN                        ,7,0,7
2018,ELLIA                         ,7,0,7
2018,DONNA                         ,7,0,7
2018,DESIREE                       ,7,0,7
2018,DELLA                         ,7,0,7
2018,AKIRA                         ,7,0,7
2018,AISLINN                       ,7,0,7
2018,AIRA                          ,7,0,7
2018,ADELIA                        ,7,0,7
2018,NYA                           ,8,0,8
2018,NIKITA                        ,15,7,8
2018,NELLY                         ,8,0,8
2018,NALA                          ,8,0,8
2018,NAILA                         ,8,0,8
2018,NADA                          ,8,0,8
2018,MYRIAM                        ,8,0,8
2018,MISHKA                        ,8,0,8
2018,MIREILLE                      ,8,0,8
2018,MIHIKA                        ,8,0,8
2018,MEHER                         ,8,0,8
2018,MEARA                         ,8,0,8
2018,MARION                        ,8,0,8
2018,MAGNOLIA                      ,8,0,8
2018,MADISYN                       ,8,0,8
2018,MADALYN                       ,8,0,8
2018,MACIE                         ,8,0,8
2018,LIORA                         ,8,0,8
2018,LILLIE                        ,8,0,8
2018,LEXA                          ,8,0,8
2018,KAYLEY                        ,8,0,8
2018,KAVYA                         ,8,0,8
2018,KATIA                         ,8,0,8
2018,KARISSA                       ,8,0,8
2018,KALINA                        ,8,0,8
2018,PARISA                        ,8,0,8
2018,JAIDA                         ,7,0,7
2018,PRECIOUS                      ,8,0,8
2018,RACHAEL                       ,8,0,8
2018,ADELA                         ,7,0,7
2018,ADDELYN                       ,7,0,7
2018,AAROHI                        ,7,0,7
2018,AANYA                         ,7,0,7
2018,AAMINA                        ,7,0,7
2018,ZEYNEP                        ,8,0,8
2018,ZENDAYA                       ,8,0,8
2018,ZELDA                         ,8,0,8
2018,ZAYA                          ,8,0,8
2018,ZARIYAH                       ,8,0,8
2018,YASMINE                       ,8,0,8
2018,YANA                          ,8,0,8
2018,VIVIANNE                      ,8,0,8
2018,VIOLETTA                      ,8,0,8
2018,TRUDY                         ,8,0,8
2018,TILLY                         ,8,0,8
2018,SELENE                        ,8,0,8
2018,SAVREEN                       ,8,0,8
2018,SALWA                         ,8,0,8
2018,SALLY                         ,8,0,8
2018,RUMAYSA                       ,8,0,8
2018,RIHANNA                       ,8,0,8
2018,RENÉE                         ,8,0,8
2018,REEVA                         ,8,0,8
2018,RAMONA                        ,8,0,8
2018,PRIYA                         ,8,0,8
2018,JANET                         ,7,0,7
2018,JAPJI                         ,7,0,7
2018,JUSTINE                       ,7,0,7
2018,MAKS                          ,6,6,0
2018,MANVEER                       ,6,6,0
2018,MARLON                        ,6,6,0
2018,MATEJ                         ,6,6,0
2018,MATHEUS                       ,6,6,0
2018,MATT                          ,6,6,0
2018,MAXTON                        ,6,6,0
2018,MAZIN                         ,6,6,0
2018,MIKE                          ,6,6,0
2018,MILANO                        ,6,6,0
2018,MORRIS                        ,6,6,0
2018,MUAD                          ,6,6,0
2018,MURRAY                        ,6,6,0
2018,MUSAB                         ,6,6,0
2018,MYRON                         ,6,6,0
2018,NEVIN                         ,6,6,0
2018,NICOLA                        ,6,6,0
2018,NIHAAL                        ,6,6,0
2018,NIKKO                         ,6,6,0
2018,NISHAN                        ,6,6,0
2018,NUH                           ,6,6,0
2018,OLLIE                         ,6,6,0
2018,OMRAN                         ,6,6,0
2018,OREN                          ,6,6,0
2018,PAOLO                         ,6,6,0
2018,MADDUX                        ,6,6,0
2018,PEARSON                       ,6,6,0
2018,LYAM                          ,6,6,0
2018,LEONEL                        ,6,6,0
2018,JAEDEN                        ,6,6,0
2018,JAGGER                        ,6,6,0
2018,JASIAH                        ,6,6,0
2018,JAXEN                         ,6,6,0
2018,JEFFERY                       ,6,6,0
2018,JOE                           ,6,6,0
2018,JORAWAR                       ,6,6,0
2018,KAINE                         ,6,6,0
2018,KAISON                        ,6,6,0
2018,KAMAL                         ,6,6,0
2018,KASE                          ,6,6,0
2018,KASEN                         ,6,6,0
2018,KASHTON                       ,6,6,0
2018,KASPER                        ,6,6,0
2018,KAYSEN                        ,6,6,0
2018,KEELAN                        ,6,6,0
2018,KEREM                         ,6,6,0
2018,KIDUS                         ,6,6,0
2018,KIT                           ,6,6,0
2018,KONNER                        ,6,6,0
2018,KONSTANTIN                    ,6,6,0
2018,KURTIS                        ,6,6,0
2018,KYRIN                         ,6,6,0
2018,LEE                           ,6,6,0
2018,LEMUEL                        ,6,6,0
2018,LOKI                          ,6,6,0
2018,JOURY                         ,8,0,8
2018,PIERSON                       ,6,6,0
2018,QAIS                          ,6,6,0
2018,WILLY                         ,6,6,0
2018,YOHAN                         ,6,6,0
2018,YONATAN                       ,6,6,0
2018,YUVAN                         ,6,6,0
2018,ZAC                           ,6,6,0
2018,ZAIRE                         ,6,6,0
2018,ZAKAI                         ,6,6,0
2018,ZAKI                          ,6,6,0
2018,ZEN                           ,6,6,0
2018,ZEV                           ,6,6,0
2018,ZIAN                          ,6,6,0
2018,LIBBY                         ,7,0,7
2018,LAYLAH                        ,7,0,7
2018,LAREEN                        ,7,0,7
2018,LAIBA                         ,7,0,7
2018,KYRIE                         ,55,48,7
2018,KINZA                         ,7,0,7
2018,KEZIA                         ,7,0,7
2018,KENLEY                        ,7,0,7
2018,KEHLANI                       ,7,0,7
2018,KATHARINA                     ,7,0,7
2018,KATARINA                      ,7,0,7
2018,KATALINA                      ,7,0,7
2018,KAROLINA                      ,7,0,7
2018,KALIYAH                       ,7,0,7
2018,WES                           ,6,6,0
2018,PRANAV                        ,6,6,0
2018,WARIS                         ,6,6,0
2018,TRISTEN                       ,6,6,0
2018,RADIN                         ,6,6,0
2018,RAMI                          ,6,6,0
2018,RAYHAN                        ,6,6,0
2018,RISHAN                        ,6,6,0
2018,RONALD                        ,6,6,0
2018,RONEN                         ,6,6,0
2018,ROSS                          ,6,6,0
2018,RYLEY                         ,6,6,0
2018,SABIR                         ,6,6,0
2018,SACHA                         ,6,6,0
2018,SAID                          ,6,6,0
2018,SANAD                         ,6,6,0
2018,SERGIO                        ,6,6,0
2018,SHAI                          ,6,6,0
2018,SHELDON                       ,6,6,0
2018,SHMUEL                        ,6,6,0
2018,STIRLING                      ,6,6,0
2018,SULAYMAN                      ,6,6,0
2018,TAREK                         ,6,6,0
2018,TARIQ                         ,6,6,0
2018,TAVIAN                        ,6,6,0
2018,TEJAS                         ,6,6,0
2018,TILMAN                        ,6,6,0
2018,TOMÁS                         ,6,6,0
2018,TRENTON                       ,6,6,0
2018,VED                           ,6,6,0
2018,JADON                         ,6,6,0
2018,JAZMIN                        ,8,0,8
2018,JANNA                         ,8,0,8
2018,YASMEEN                       ,10,0,10
2018,VERONIKA                      ,10,0,10
2018,TATIANA                       ,10,0,10
2018,SUNNY                         ,10,0,10
2018,SHANIA                        ,10,0,10
2018,SERAPHINA                     ,10,0,10
2018,SCARLETTE                     ,10,0,10
2018,SARAI                         ,10,0,10
2018,SANAA                         ,10,0,10
2018,SAMARA                        ,10,0,10
2018,RYLAN                         ,49,39,10
2018,ZANIYAH                       ,10,0,10
2018,RYANN                         ,10,0,10
2018,RENEE                         ,10,0,10
2018,REMINGTON                     ,49,39,10
2018,REGAN                         ,10,0,10
2018,RAZAN                         ,10,0,10
2018,RAELYN                        ,10,0,10
2018,RAEGAN                        ,10,0,10
2018,PRINCESS                      ,10,0,10
2018,PATRICIA                      ,10,0,10
2018,NOELLA                        ,10,0,10
2018,NAILAH                        ,10,0,10
2018,MORIAH                        ,10,0,10
2018,RIA                           ,10,0,10
2018,AAIRA                         ,9,0,9
2018,AHANA                         ,9,0,9
2018,ALEKSANDRA                    ,9,0,9
2018,DENISE                        ,9,0,9
2018,DARIA                         ,9,0,9
2018,CHARLIZE                      ,9,0,9
2018,CECILY                        ,9,0,9
2018,CALLIOPE                      ,9,0,9
2018,CALEIGH                       ,9,0,9
2018,CAITLIN                       ,9,0,9
2018,BÉATRICE                      ,9,0,9
2018,BRYNLEY                       ,9,0,9
2018,BRONWYN                       ,9,0,9
2018,BRENNA                        ,9,0,9
2018,BRAELYN                       ,9,0,9
2018,BLYTHE                        ,9,0,9
2018,AVNI                          ,9,0,9
2018,AVANI                         ,9,0,9
2018,ARWA                          ,9,0,9
2018,ARIELA                        ,9,0,9
2018,ANN                           ,9,0,9
2018,ANJALI                        ,9,0,9
2018,ANGIE                         ,9,0,9
2018,ANAYAT                        ,9,0,9
2018,ANABELLE                      ,9,0,9
2018,ANAAYA                        ,9,0,9
2018,AMAIA                         ,9,0,9
2018,ALYANA                        ,9,0,9
2018,MONA                          ,10,0,10
2018,MISHA                         ,10,0,10
2018,MIRHA                         ,10,0,10
2018,MIRAYA                        ,10,0,10
2018,HALIMA                        ,10,0,10
2018,HALA                          ,10,0,10
2018,GRETA                         ,10,0,10
2018,EVELYNE                       ,10,0,10
2018,ESHAL                         ,10,0,10
2018,ELOWYN                        ,10,0,10
2018,ELENI                         ,10,0,10
2018,ELARA                         ,10,0,10
2018,DUA                           ,10,0,10
2018,DORIS                         ,10,0,10
2018,DAVINA                        ,10,0,10
2018,DARCY                         ,18,8,10
2018,CORDELIA                      ,10,0,10
2018,CHEYENNE                      ,10,0,10
2018,BRIANA                        ,10,0,10
2018,BLAYKE                        ,10,0,10
2018,BELLE                         ,10,0,10
2018,BAYLEE                        ,10,0,10
2018,AYRAH                         ,10,0,10
2018,AVERIE                        ,10,0,10
2018,AVALYNN                       ,10,0,10
2018,ANITA                         ,10,0,10
2018,AMELIE                        ,10,0,10
2018,ALIANNA                       ,10,0,10
2018,ÉLODIE                        ,11,0,11
2018,HARGUN                        ,10,0,10
2018,DEVYN                         ,9,0,9
2018,IDA                           ,10,0,10
2018,ISHA                          ,10,0,10
2018,MINAHIL                       ,10,0,10
2018,MIAH                          ,10,0,10
2018,MASA                          ,10,0,10
2018,MARIE                         ,10,0,10
2018,MARGO                         ,10,0,10
2018,MALINA                        ,10,0,10
2018,MAHIRA                        ,10,0,10
2018,MADDIE                        ,10,0,10
2018,LOUISA                        ,10,0,10
2018,LORENA                        ,10,0,10
2018,LILIANNA                      ,10,0,10
2018,LIANNA                        ,10,0,10
2018,LENNOX                        ,56,46,10
2018,KYA                           ,10,0,10
2018,KIRPA                         ,10,0,10
2018,KENSLEY                       ,10,0,10
2018,KELSEY                        ,10,0,10
2018,KEERAT                        ,10,0,10
2018,KAYLIE                        ,10,0,10
2018,KATERINA                      ,10,0,10
2018,KAREN                         ,10,0,10
2018,KAMILA                        ,10,0,10
2018,JOEY                          ,32,22,10
2018,JEWEL                         ,10,0,10
2018,JAZLYN                        ,10,0,10
2018,ILIANA                        ,10,0,10
2018,EDIE                          ,9,0,9
2018,EDNA                          ,9,0,9
2018,ELA                           ,9,0,9
2018,AVNOOR                        ,8,0,8
2018,AVNEET                        ,8,0,8
2018,AVINA                         ,8,0,8
2018,AVALYN                        ,8,0,8
2018,ATARAH                        ,8,0,8
2018,ATALIA                        ,8,0,8
2018,ASIYAH                        ,8,0,8
2018,ARIANNE                       ,8,0,8
2018,ANTONIA                       ,8,0,8
2018,ANIYA                         ,8,0,8
2018,AMAYRA                        ,8,0,8
2018,AMANAT                        ,8,0,8
2018,ALYVIA                        ,8,0,8
2018,ALYSSIA                       ,8,0,8
2018,ALEEN                         ,8,0,8
2018,ALANNAH                       ,8,0,8
2018,AGATHA                        ,8,0,8
2018,AAVYA                         ,8,0,8
2018,AAIRAH                        ,8,0,8
2018,ZEINA                         ,9,0,9
2018,WENDY                         ,9,0,9
2018,VIVIEN                        ,9,0,9
2018,VIOLETTE                      ,9,0,9
2018,VIOLA                         ,9,0,9
2018,VALERIA                       ,9,0,9
2018,AYEZA                         ,8,0,8
2018,VADA                          ,9,0,9
2018,AYLIN                         ,8,0,8
2018,BERNICE                       ,8,0,8
2018,JANICE                        ,8,0,8
2018,IRA                           ,18,10,8
2018,INARA                         ,8,0,8
2018,HUSNA                         ,8,0,8
2018,HARLYN                        ,8,0,8
2018,HANIA                         ,8,0,8
2018,HABIBA                        ,8,0,8
2018,ETTA                          ,8,0,8
2018,EMORY                         ,8,0,8
2018,EMBERLY                       ,8,0,8
2018,ELLEN                         ,8,0,8
2018,ELIN                          ,8,0,8
2018,DIANE                         ,8,0,8
2018,DENIZ                         ,8,0,8
2018,DELIA                         ,8,0,8
2018,DEFNE                         ,8,0,8
2018,DAYA                          ,8,0,8
2018,CRISTINA                      ,8,0,8
2018,COURTNEY                      ,8,0,8
2018,CLARISSA                      ,8,0,8
2018,CHANEL                        ,8,0,8
2018,CATALEYA                      ,8,0,8
2018,CAITLYN                       ,8,0,8
2018,BRAELYNN                      ,8,0,8
2018,BILLIE                        ,8,0,8
2018,AZARIAH                       ,14,6,8
2018,JAYLAH                        ,8,0,8
2018,SYLVIE                        ,9,0,9
2018,SKYLER                        ,24,15,9
2018,LAKELYN                       ,9,0,9
2018,KYLEIGH                       ,9,0,9
2018,KORA                          ,9,0,9
2018,KHALEESI                      ,9,0,9
2018,KAYDENCE                      ,9,0,9
2018,JIA                           ,9,0,9
2018,JEMMA                         ,9,0,9
2018,JAYDEN                        ,264,255,9
2018,JASMIN                        ,9,0,9
2018,JANNAT                        ,9,0,9
2018,IMAN                          ,9,0,9
2018,ILA                           ,9,0,9
2018,HAWA                          ,9,0,9
2018,HARNOOR                       ,9,0,9
2018,HANEEN                        ,9,0,9
2018,HAILEE                        ,9,0,9
2018,HADASSAH                      ,9,0,9
2018,GURNAAZ                       ,9,0,9
2018,GIOVANNA                      ,9,0,9
2018,EMMANUELLA                    ,9,0,9
2018,EMERALD                       ,9,0,9
2018,ELYSIA                        ,9,0,9
2018,ELISSA                        ,9,0,9
2018,ELIF                          ,9,0,9
2018,ELANA                         ,9,0,9
2018,LEANNE                        ,9,0,9
2018,SORAYA                        ,9,0,9
2018,LEORA                         ,9,0,9
2018,LUCIANA                       ,9,0,9
2018,SIMRAN                        ,9,0,9
2018,SHAY                          ,9,0,9
2018,SENA                          ,9,0,9
2018,SANVI                         ,9,0,9
2018,SAMA                          ,9,0,9
2018,ROSALIND                      ,9,0,9
2018,REET                          ,9,0,9
2018,RAHMA                         ,9,0,9
2018,NUSAYBAH                      ,9,0,9
2018,NOVALEE                       ,9,0,9
2018,NAVYA                         ,9,0,9
2018,MICAELA                       ,9,0,9
2018,MELANIA                       ,9,0,9
2018,MEDINA                        ,9,0,9
2018,MARILYN                       ,9,0,9
2018,MARIELLE                      ,9,0,9
2018,MARIELLA                      ,9,0,9
2018,MALIYA                        ,9,0,9
2018,MALAYA                        ,9,0,9
2018,MAKENZIE                      ,9,0,9
2018,MAJA                          ,9,0,9
2018,MAIYA                         ,9,0,9
2018,MAHI                          ,9,0,9
2018,MAHA                          ,9,0,9
2018,MACEY                         ,9,0,9
2018,LINDSEY                       ,9,0,9
2018,JACOBY                        ,6,6,0
2018,JABARI                        ,6,6,0
2018,ISAAK                         ,6,6,0
2018,IYLAH                         ,6,0,6
2018,JAELYNN                       ,6,0,6
2018,JAINA                         ,6,0,6
2018,JAMILA                        ,6,0,6
2018,JANESSA                       ,6,0,6
2018,JANNAH                        ,6,0,6
2018,JASVEEN                       ,6,0,6
2018,JAYME                         ,6,0,6
2018,JERSEY                        ,6,0,6
2018,JONI                          ,6,0,6
2018,JORDANA                       ,6,0,6
2018,IVANNA                        ,6,0,6
2018,JORDYNN                       ,6,0,6
2018,KAI                           ,161,155,6
2018,KAMRYN                        ,6,0,6
2018,KASSIDY                       ,6,0,6
2018,KENDA                         ,6,0,6
2018,KENZA                         ,6,0,6
2018,KIMORA                        ,6,0,6
2018,KINDA                         ,6,0,6
2018,KIRAT                         ,6,0,6
2018,LAILAH                        ,6,0,6
2018,LAINE                         ,6,0,6
2018,LIDIA                         ,6,0,6
2018,JUSTINA                       ,6,0,6
2018,IQRA                          ,6,0,6
2018,INGRID                        ,6,0,6
2018,INDIGO                        ,6,0,6
2018,DUNYA                         ,6,0,6
2018,EBONY                         ,6,0,6
2018,EKNOOR                        ,6,0,6
2018,ELEANORE                      ,6,0,6
2018,ELLISON                       ,6,0,6
2018,ELVIRA                        ,6,0,6
2018,ELYSSA                        ,6,0,6
2018,EMMANUELLE                    ,6,0,6
2018,EMRY                          ,6,0,6
2018,ESTER                         ,6,0,6
2018,EVELINE                       ,6,0,6
2018,FATEMA                        ,6,0,6
2018,FATMA                         ,6,0,6
2018,GAIA                          ,6,0,6
2018,GELILA                        ,6,0,6
2018,GILLIAN                       ,6,0,6
2018,GOLDIE                        ,6,0,6
2018,GURLEEN                       ,6,0,6
2018,GWYNETH                       ,6,0,6
2018,HAILIE                        ,6,0,6
2018,HARLEIGH                      ,6,0,6
2018,HATTIE                        ,6,0,6
2018,HAYAT                         ,6,0,6
2018,HEAVENLY                      ,6,0,6
2018,HEBA                          ,6,0,6
2018,LILY-ROSE                     ,6,0,6
2018,LILYANNA                      ,6,0,6
2018,LORI                          ,6,0,6
2018,LORRAINE                      ,6,0,6
2018,RABIA                         ,6,0,6
2018,RACHELLE                      ,6,0,6
2018,RAEYA                         ,6,0,6
2018,RAYAH                         ,6,0,6
2018,RIDA                          ,6,0,6
2018,ROSLYN                        ,6,0,6
2018,ROXANNE                       ,6,0,6
2018,ROYA                          ,6,0,6
2018,RUDRA                         ,18,12,6
2018,RUHI                          ,6,0,6
2018,SAANJH                        ,6,0,6
2018,SAFAA                         ,6,0,6
2018,SALEM                         ,13,7,6
2018,SANDRA                        ,6,0,6
2018,SANTANA                       ,6,0,6
2018,SAPPHIRE                      ,6,0,6
2018,SAVERA                        ,6,0,6
2018,SCOTTIE                       ,6,0,6
2018,SERAH                         ,6,0,6
2018,SHAE                          ,6,0,6
2018,SHIVANI                       ,6,0,6
2018,SIDAK                         ,12,6,6
2018,SIDRAH                        ,6,0,6
2018,SKY                           ,6,0,6
2018,STERLING                      ,38,32,6
2018,PALOMA                        ,6,0,6
2018,DENVER                        ,30,24,6
2018,PAISLEIGH                     ,6,0,6
2018,ODETTE                        ,6,0,6
2018,LYVIA                         ,6,0,6
2018,MAAHI                         ,6,0,6
2018,MADELAINE                     ,6,0,6
2018,MADINA                        ,6,0,6
2018,MAGALIE                       ,6,0,6
2018,MAIRA                         ,6,0,6
2018,MAKENA                        ,6,0,6
2018,MAPLE                         ,6,0,6
2018,MARGAUX                       ,6,0,6
2018,MARITA                        ,6,0,6
2018,MARIYA                        ,6,0,6
2018,MARIYAH                       ,6,0,6
2018,MAYRA                         ,6,0,6
2018,MILAN                         ,51,45,6
2018,MILLICENT                     ,6,0,6
2018,MOIRA                         ,6,0,6
2018,MUNTAHA                       ,6,0,6
2018,NAHLA                         ,6,0,6
2018,NAIMA                         ,6,0,6
2018,NAVA                          ,6,0,6
2018,NELLA                         ,6,0,6
2018,NERIAH                        ,6,0,6
2018,NOREEN                        ,6,0,6
2018,NOËLLE                        ,6,0,6
2018,OAKLEIGH                      ,6,0,6
2018,OONA                          ,6,0,6
2018,DAWN                          ,6,0,6
2018,DARYA                         ,6,0,6
2018,DARLENE                       ,6,0,6
2018,ROSELYN                       ,7,0,7
2018,ROSHA                         ,7,0,7
2018,RUBANI                        ,7,0,7
2018,RUBINA                        ,7,0,7
2018,RYLYNN                        ,7,0,7
2018,SAHAR                         ,7,0,7
2018,SAIRA                         ,7,0,7
2018,SAMIYA                        ,7,0,7
2018,SAMREEN                       ,7,0,7
2018,SERAFINA                      ,7,0,7
2018,SERENE                        ,7,0,7
2018,SHIRLEY                       ,7,0,7
2018,SIDNEY                        ,18,11,7
2018,SWARA                         ,7,0,7
2018,TANVI                         ,7,0,7
2018,TANYA                         ,7,0,7
2018,TARYN                         ,7,0,7
2018,TATUM                         ,28,21,7
2018,TEMPERANCE                    ,7,0,7
2018,TERESA                        ,7,0,7
2018,THERESA                       ,7,0,7
2018,TRISHA                        ,7,0,7
2018,UMAIZA                        ,7,0,7
2018,VENUS                         ,7,0,7
2018,WHITNEY                       ,7,0,7
2018,ROSANNA                       ,7,0,7
2018,WINSLOW                       ,7,0,7
2018,RIPLEY                        ,7,0,7
2018,RAVLEEN                       ,7,0,7
2018,MAHIKA                        ,7,0,7
2018,MALAIKA                       ,7,0,7
2018,MANREET                       ,7,0,7
2018,MARCELLA                      ,7,0,7
2018,MARLEE                        ,7,0,7
2018,MARLIE                        ,7,0,7
2018,MARLO                         ,7,0,7
2018,MARYANN                       ,7,0,7
2018,MAVEN                         ,7,0,7
2018,MAY                           ,7,0,7
2018,MELIA                         ,7,0,7
2018,MERYEM                        ,7,0,7
2018,MILEENA                       ,7,0,7
2018,MILEY                         ,7,0,7
2018,MIRABELLE                     ,7,0,7
2018,MIREYA                        ,7,0,7
2018,MURPHY                        ,21,14,7
2018,MYLAH                         ,7,0,7
2018,NAIRA                         ,7,0,7
2018,NELLIE                        ,7,0,7
2018,NIKI                          ,7,0,7
2018,ODESSA                        ,7,0,7
2018,PAULA                         ,7,0,7
2018,PERSEPHONE                    ,7,0,7
2018,RABAB                         ,7,0,7
2018,RINA                          ,7,0,7
2018,SUSANNA                       ,6,0,6
2018,ZARIYA                        ,7,0,7
2018,ZIA                           ,7,0,7
2018,ASHLEEN                       ,6,0,6
2018,AUBRIELLE                     ,6,0,6
2018,AUDRIANA                      ,6,0,6
2018,AUDRIANNA                     ,6,0,6
2018,AVAH                          ,6,0,6
2018,AVAYA                         ,6,0,6
2018,AVELYN                        ,6,0,6
2018,AVIRA                         ,6,0,6
2018,AYVAH                         ,6,0,6
2018,AZRA                          ,6,0,6
2018,BELLAMY                       ,12,6,6
2018,BENTLEY                       ,116,110,6
2018,BERKELEY                      ,6,0,6
2018,BETTY                         ,6,0,6
2018,BRAYLEE                       ,6,0,6
2018,BUSHRA                        ,6,0,6
2018,CALISTA                       ,6,0,6
2018,CANDICE                       ,6,0,6
2018,CASSIA                        ,6,0,6
2018,CHANA                         ,6,0,6
2018,CHAYA                         ,6,0,6
2018,CHLOË                         ,6,0,6
2018,CORAL                         ,6,0,6
2018,CÉLESTE                       ,6,0,6
2018,DAPHNÉE                       ,6,0,6
2018,ARYANNA                       ,6,0,6
2018,ZEINAB                        ,7,0,7
2018,ARINA                         ,6,0,6
2018,ARDEN                         ,6,0,6
2018,ZIVA                          ,7,0,7
2018,ÉLISE                         ,7,0,7
2018,AAHANA                        ,6,0,6
2018,AARIA                         ,6,0,6
2018,ABBEY                         ,6,0,6
2018,ABBIE                         ,6,0,6
2018,ABIGALE                       ,6,0,6
2018,ABIHA                         ,6,0,6
2018,ADDILYNN                      ,6,0,6
2018,ADINA                         ,6,0,6
2018,AERIS                         ,6,0,6
2018,AGANETHA                      ,6,0,6
2018,AIYLA                         ,6,0,6
2018,ALARA                         ,6,0,6
2018,ALBA                          ,6,0,6
2018,ALLYSON                       ,6,0,6
2018,AMARI                         ,35,29,6
2018,AMARIAH                       ,6,0,6
2018,AMEERAH                       ,6,0,6
2018,AMINAH                        ,6,0,6
2018,ANISA                         ,6,0,6
2018,ANNEKE                        ,6,0,6
2018,ANUSHKA                       ,6,0,6
2018,ANVI                          ,6,0,6
2018,ARA                           ,6,0,6
2018,ARI                           ,39,33,6
2018,TAHLIA                        ,6,0,6
2018,TEODORA                       ,6,0,6
2018,TESS                          ,6,0,6
2018,ROBERTO                       ,7,7,0
2018,ROCKY                         ,7,7,0
2018,ROGER                         ,7,7,0
2018,RÉMY                          ,7,7,0
2018,SAAD                          ,7,7,0
2018,SALEH                         ,7,7,0
2018,SALVATORE                     ,7,7,0
2018,SHAURYA                       ,7,7,0
2018,SIDDHARTH                     ,7,7,0
2018,STEPHAN                       ,7,7,0
2018,STUART                        ,7,7,0
2018,TEODOR                        ,7,7,0
2018,TITAN                         ,7,7,0
2018,TRIPP                         ,7,7,0
2018,UZAIR                         ,7,7,0
2018,VALEN                         ,7,7,0
2018,VARUN                         ,7,7,0
2018,WILFRED                       ,7,7,0
2018,YAQUB                         ,7,7,0
2018,YUSEF                         ,7,7,0
2018,ÉDOUARD                       ,7,7,0
2018,ABD                           ,6,6,0
2018,ADEL                          ,6,6,0
2018,ADNAN                         ,6,6,0
2018,AHYAN                         ,6,6,0
2018,RISHAAN                       ,7,7,0
2018,ALARIC                        ,6,6,0
2018,RIO                           ,7,7,0
2018,RIHAAN                        ,7,7,0
2018,MATÉO                         ,7,7,0
2018,MAXIMILIANO                   ,7,7,0
2018,MAZEN                         ,7,7,0
2018,MEHTAB                        ,7,7,0
2018,MERVIN                        ,7,7,0
2018,MIKAËL                        ,7,7,0
2018,MIR                           ,7,7,0
2018,MOHSIN                        ,7,7,0
2018,MONTGOMERY                    ,7,7,0
2018,MOSHE                         ,7,7,0
2018,NAVRAJ                        ,7,7,0
2018,NEEV                          ,7,7,0
2018,NIGEL                         ,7,7,0
2018,OAKLEN                        ,7,7,0
2018,OCEAN                         ,7,7,0
2018,OMARI                         ,7,7,0
2018,ORSON                         ,7,7,0
2018,PIERRE                        ,7,7,0
2018,QUINTEN                       ,7,7,0
2018,RAHIM                         ,7,7,0
2018,RAJAN                         ,7,7,0
2018,RANVEER                       ,7,7,0
2018,RANVIR                        ,7,7,0
2018,RICARDO                       ,7,7,0
2018,RICKY                         ,7,7,0
2018,RIHAN                         ,7,7,0
2018,MARWAN                        ,7,7,0
2018,ALASTAIR                      ,6,6,0
2018,AMEN                          ,6,6,0
2018,EMIL                          ,6,6,0
2018,EMRIC                         ,6,6,0
2018,ERVIN                         ,6,6,0
2018,EUGENE                        ,6,6,0
2018,EVREN                         ,6,6,0
2018,FABIAN                        ,6,6,0
2018,FINDLAY                       ,6,6,0
2018,FINNIAN                       ,6,6,0
2018,FINNIGAN                      ,6,6,0
2018,FLYNN                         ,6,6,0
2018,FREDERIK                      ,6,6,0
2018,GAEL                          ,6,6,0
2018,GARY                          ,6,6,0
2018,GIAN                          ,6,6,0
2018,GILBERT                       ,6,6,0
2018,GRAYDEN                       ,6,6,0
2018,HAADI                         ,6,6,0
2018,HAIDEN                        ,6,6,0
2018,HAMDAN                        ,6,6,0
2018,HARLEM                        ,6,6,0
2018,HAROLD                        ,6,6,0
2018,HARVIN                        ,6,6,0
2018,HASHEM                        ,6,6,0
2018,IRFAN                         ,6,6,0
2018,IRVIN                         ,6,6,0
2018,ELIYAHU                       ,6,6,0
2018,ALSTON                        ,6,6,0
2018,ELDON                         ,6,6,0
2018,DWAYNE                        ,6,6,0
2018,ARMANI                        ,6,6,0
2018,ARSHAN                        ,6,6,0
2018,ASAD                          ,6,6,0
2018,ASH                           ,6,6,0
2018,ATREUS                        ,6,6,0
2018,AZIZ                          ,6,6,0
2018,BABY                          ,6,6,0
2018,BARRY                         ,6,6,0
2018,BAYLOR                        ,6,6,0
2018,BENETT                        ,6,6,0
2018,BLAZE                         ,6,6,0
2018,BOGDAN                        ,6,6,0
2018,BORNA                         ,6,6,0
2018,BOSCO                         ,6,6,0
2018,BRICE                         ,6,6,0
2018,BRIGHT                        ,6,6,0
2018,CALLAHAN                      ,6,6,0
2018,CAMILO                        ,6,6,0
2018,CARVER                        ,6,6,0
2018,CLARENCE                      ,6,6,0
2018,CLARKSON                      ,6,6,0
2018,CLAUDIO                       ,6,6,0
2018,CLYDE                         ,6,6,0
2018,CORY                          ,6,6,0
2018,DENIS                         ,6,6,0
2018,EITAN                         ,6,6,0
2018,ZOFIA                         ,11,0,11
2018,MARCOS                        ,7,7,0
2018,MAKAIO                        ,7,7,0
2018,USMAN                         ,8,8,0
2018,VALENTINO                     ,8,8,0
2018,VAN                           ,8,8,0
2018,VINCE                         ,8,8,0
2018,VITO                          ,8,8,0
2018,VLADIMIR                      ,8,8,0
2018,WESTIN                        ,8,8,0
2018,WILL                          ,8,8,0
2018,ZIAD                          ,8,8,0
2018,ZIDAN                         ,8,8,0
2018,AAMIR                         ,7,7,0
2018,AHAAN                         ,7,7,0
2018,AKARAN                        ,7,7,0
2018,ALEXANDROS                    ,7,7,0
2018,ARCHIBALD                     ,7,7,0
2018,AREN                          ,7,7,0
2018,ARKIN                         ,7,7,0
2018,ARMANDO                       ,7,7,0
2018,LINDSAY                       ,7,0,7
2018,ARON                          ,7,7,0
2018,ATHARV                        ,7,7,0
2018,AYANSH                        ,7,7,0
2018,AYOUB                         ,7,7,0
2018,AYUSH                         ,7,7,0
2018,BARON                         ,7,7,0
2018,TREY                          ,8,8,0
2018,BILLY                         ,7,7,0
2018,TERRY                         ,8,8,0
2018,TEDDY                         ,8,8,0
2018,TINSLEY                       ,6,0,6
2018,TORI                          ,6,0,6
2018,TRACY                         ,6,0,6
2018,TÉA                           ,6,0,6
2018,VAIDA                         ,6,0,6
2018,VANI                          ,6,0,6
2018,VEERA                         ,6,0,6
2018,VESPER                        ,6,0,6
2018,VIANNA                        ,6,0,6
2018,VIKTORIA                      ,6,0,6
2018,WILHELMINA                    ,6,0,6
2018,YSABELLA                      ,6,0,6
2018,ZAMZAM                        ,6,0,6
2018,ZHAVIA                        ,6,0,6
2018,ZHURI                         ,6,0,6
2018,ZINNIA                        ,6,0,6
2018,ZORA                          ,6,0,6
2018,ZUNAIRAH                      ,6,0,6
2018,ÈVE                           ,6,0,6
2018,ÉMILIE                        ,6,0,6
2018,SAEED                         ,8,8,0
2018,SARIM                         ,8,8,0
2018,STELLAN                       ,8,8,0
2018,SULEIMAN                      ,8,8,0
2018,SÉBASTIEN                     ,8,8,0
2018,TERRANCE                      ,8,8,0
2018,MAKSYM                        ,7,7,0
2018,BOAZ                          ,7,7,0
2018,BRYCEN                        ,7,7,0
2018,ILAN                          ,7,7,0
2018,IZAAN                         ,7,7,0
2018,JAHAAN                        ,7,7,0
2018,JASHAN                        ,7,7,0
2018,JEEVAN                        ,7,7,0
2018,JONES                         ,7,7,0
2018,JOVAN                         ,7,7,0
2018,KACE                          ,7,7,0
2018,KAISER                        ,7,7,0
2018,KEAGAN                        ,7,7,0
2018,KEANU                         ,7,7,0
2018,KENAN                         ,7,7,0
2018,KHAI                          ,7,7,0
2018,KIYAAN                        ,7,7,0
2018,KLAYTON                       ,7,7,0
2018,KOBY                          ,7,7,0
2018,KYAN                          ,7,7,0
2018,KYE                           ,7,7,0
2018,KYLAN                         ,7,7,0
2018,KYLO                          ,7,7,0
2018,LANDYN                        ,7,7,0
2018,LAZAR                         ,7,7,0
2018,LEOPOLD                       ,7,7,0
2018,MAHAD                         ,7,7,0
2018,MAJOR                         ,7,7,0
2018,HUSAYN                        ,7,7,0
2018,BRIXTON                       ,7,7,0
2018,HARLEN                        ,7,7,0
2018,HARIS                         ,7,7,0
2018,BRYSEN                        ,7,7,0
2018,BURHAN                        ,7,7,0
2018,CARLO                         ,7,7,0
2018,CASPIAN                       ,7,7,0
2018,CEDAR                         ,7,7,0
2018,CHESTER                       ,7,7,0
2018,CHRISTOS                      ,7,7,0
2018,CORMAC                        ,7,7,0
2018,CORNY                         ,7,7,0
2018,DAVIAN                        ,7,7,0
2018,DENZEL                        ,7,7,0
2018,DEON                          ,7,7,0
2018,EMMERSON                      ,7,7,0
2018,ESSA                          ,7,7,0
2018,FAIZAN                        ,7,7,0
2018,FERGUS                        ,7,7,0
2018,FERNANDO                      ,7,7,0
2018,FINNICK                       ,7,7,0
2018,FOSTER                        ,7,7,0
2018,FRASER                        ,7,7,0
2018,GIANCARLO                     ,7,7,0
2018,GIULIANO                      ,7,7,0
2018,GURMAN                        ,7,7,0
2018,HAMMAD                        ,7,7,0
2018,HANS                          ,7,7,0
2018,HARLAN                        ,7,7,0
2018,ZAHRAA                        ,11,0,11
2018,VEDA                          ,11,0,11
2018,TIARA                         ,11,0,11
2018,DANIELLE                      ,36,0,36
2018,DANIELLA                      ,36,0,36
2018,CHARLEE                       ,36,0,36
2018,BLAIR                         ,45,9,36
2018,ADALYNN                       ,36,0,36
2018,RYLEIGH                       ,37,0,37
2018,REMI                          ,49,12,37
2018,NOA                           ,37,0,37
2018,MADDISON                      ,37,0,37
2018,KARA                          ,37,0,37
2018,GRACIE                        ,37,0,37
2018,FLORENCE                      ,36,0,36
2018,CALI                          ,37,0,37
2018,ANGELA                        ,37,0,37
2018,ABBY                          ,37,0,37
2018,MARLEY                        ,38,0,38
2018,KYLA                          ,38,0,38
2018,ELLE                          ,38,0,38
2018,SKYE                          ,39,0,39
2018,SELINA                        ,39,0,39
2018,POPPY                         ,39,0,39
2018,JENNA                         ,39,0,39
2018,HARLOW                        ,39,0,39
2018,GIA                           ,39,0,39
2018,ARIELLA                       ,37,0,37
2018,JUNIPER                       ,36,0,36
2018,MELINA                        ,36,0,36
2018,NYLA                          ,36,0,36
2018,HARLEY                        ,51,18,33
2018,ELORA                         ,33,0,33
2018,DAPHNE                        ,33,0,33
2018,CASSANDRA                     ,33,0,33
2018,ANDREA                        ,33,0,33
2018,ZOË                           ,34,0,34
2018,WREN                          ,34,0,34
2018,SIENA                         ,34,0,34
2018,PRESLEY                       ,40,6,34
2018,NOELLE                        ,34,0,34
2018,MEGHAN                        ,34,0,34
2018,MCKENNA                       ,34,0,34
2018,KAITLYN                       ,34,0,34
2018,JULIANA                       ,34,0,34
2018,ELLIANA                       ,34,0,34
2018,CAROLINE                      ,34,0,34
2018,ALEXANDRIA                    ,34,0,34
2018,ADALYN                        ,34,0,34
2018,SCARLET                       ,35,0,35
2018,SAGE                          ,59,24,35
2018,LILAH                         ,35,0,35
2018,KATELYN                       ,35,0,35
2018,CAMILLE                       ,35,0,35
2018,BRYNN                         ,35,0,35
2018,RAELYNN                       ,36,0,36
2018,CELESTE                       ,39,0,39
2018,ARABELLA                      ,39,0,39
2018,SIERRA                        ,40,0,40
2018,SERENITY                      ,40,0,40
2018,KHLOE                         ,44,0,44
2018,KENZIE                        ,44,0,44
2018,JANA                          ,44,0,44
2018,HEIDI                         ,44,0,44
2018,HAYLEY                        ,44,0,44
2018,BRIAR                         ,44,0,44
2018,ADA                           ,44,0,44
2018,HANA                          ,45,0,45
2018,EVIE                          ,45,0,45
2018,BRYNLEE                       ,45,0,45
2018,AINSLEY                       ,45,0,45
2018,ADELYN                        ,45,0,45
2018,VIVIENNE                      ,46,0,46
2018,SAWYER                        ,183,137,46
2018,MARGARET                      ,46,0,46
2018,LOLA                          ,46,0,46
2018,JULIANNA                      ,46,0,46
2018,HANNA                         ,46,0,46
2018,CHELSEA                       ,46,0,46
2018,BEATRICE                      ,46,0,46
2018,LAILA                         ,47,0,47
2018,PARKER                        ,221,173,48
2018,MARGOT                        ,48,0,48
2018,LARA                          ,48,0,48
2018,HOPE                          ,48,0,48
2018,LIANA                         ,44,0,44
2018,INAAYA                        ,33,0,33
2018,MELANIE                       ,44,0,44
2018,ELSIE                         ,43,0,43
2018,SABRINA                       ,40,0,40
2018,MAIA                          ,40,0,40
2018,JUNE                          ,40,0,40
2018,JOSIE                         ,40,0,40
2018,FRANCES                       ,40,0,40
2018,EVE                           ,40,0,40
2018,BRINLEY                       ,40,0,40
2018,ALIVIA                        ,40,0,40
2018,ALISHA                        ,40,0,40
2018,ALEENA                        ,40,0,40
2018,THEA                          ,41,0,41
2018,RAYNA                         ,41,0,41
2018,PHOEBE                        ,41,0,41
2018,MAKAYLA                       ,41,0,41
2018,LIVIA                         ,41,0,41
2018,LINA                          ,41,0,41
2018,DAISY                         ,41,0,41
2018,BROOKLYNN                     ,41,0,41
2018,KIRA                          ,42,0,42
2018,CHRISTINA                     ,42,0,42
2018,ANNIE                         ,42,0,42
2018,ALAYNA                        ,42,0,42
2018,TEAGAN                        ,43,0,43
2018,MILLIE                        ,43,0,43
2018,MIKAELA                       ,43,0,43
2018,VALERIE                       ,44,0,44
2018,KATIE                         ,33,0,33
2018,MAGGIE                        ,33,0,33
2018,SALMA                         ,33,0,33
2018,ANA                           ,26,0,26
2018,ALAINA                        ,26,0,26
2018,TIFFANY                       ,27,0,27
2018,RYLIE                         ,27,0,27
2018,ROSEMARY                      ,27,0,27
2018,MICHAELA                      ,27,0,27
2018,LOGAN                         ,603,576,27
2018,LIV                           ,27,0,27
2018,INAYA                         ,27,0,27
2018,HAYDEN                        ,137,110,27
2018,HANIYA                        ,27,0,27
2018,ELINA                         ,27,0,27
2018,DAHLIA                        ,27,0,27
2018,AYRA                          ,27,0,27
2018,ANNABELLA                     ,27,0,27
2018,AMANDA                        ,27,0,27
2018,WILLA                         ,28,0,28
2018,STEPHANIE                     ,28,0,28
2018,NIA                           ,28,0,28
2018,MINA                          ,28,0,28
2018,MEERA                         ,28,0,28
2018,MARTHA                        ,28,0,28
2018,MARIAH                        ,28,0,28
2018,LEXI                          ,28,0,28
2018,KIERA                         ,28,0,28
2018,ARIAH                         ,26,0,26
2018,KHADIJA                       ,28,0,28
2018,ASEES                         ,26,0,26
2018,DANIKA                        ,26,0,26
2018,AARYA                         ,24,0,24
2018,ZOÉ                           ,25,0,25
2018,YUSRA                         ,25,0,25
2018,TALA                          ,25,0,25
2018,PHOENIX                       ,80,55,25
2018,LOUISE                        ,25,0,25
2018,LIYANA                        ,25,0,25
2018,JULIE                         ,25,0,25
2018,IYLA                          ,25,0,25
2018,IRENE                         ,25,0,25
2018,ELISHA                        ,25,0,25
2018,ALESSANDRA                    ,25,0,25
2018,SYEDA                         ,26,0,26
2018,SHILOH                        ,39,13,26
2018,RUTH                          ,26,0,26
2018,RORY                          ,107,81,26
2018,ROBYN                         ,26,0,26
2018,RAYA                          ,26,0,26
2018,OAKLYN                        ,26,0,26
2018,NYLAH                         ,26,0,26
2018,LAYAN                         ,26,0,26
2018,LAUREL                        ,26,0,26
2018,JOY                           ,26,0,26
2018,JAMIE                         ,62,36,26
2018,HAFSA                         ,26,0,26
2018,CARMEN                        ,26,0,26
2018,EVANGELINE                    ,48,0,48
2018,JOCELYN                       ,28,0,28
2018,DANIELA                       ,28,0,28
2018,CHIARA                        ,30,0,30
2018,CASSIDY                       ,30,0,30
2018,ANIKA                         ,30,0,30
2018,AMINA                         ,30,0,30
2018,MALIA                         ,31,0,31
2018,IZABELLA                      ,31,0,31
2018,GWENDOLYN                     ,31,0,31
2018,GIANNA                        ,31,0,31
2018,ELISA                         ,31,0,31
2018,CELINA                        ,31,0,31
2018,CAMILLA                       ,31,0,31
2018,BAILEY                        ,31,0,31
2018,ALIYA                         ,31,0,31
2018,TRINITY                       ,32,0,32
2018,MILANA                        ,32,0,32
2018,MABEL                         ,32,0,32
2018,KYRA                          ,32,0,32
2018,JULIET                        ,32,0,32
2018,GENEVIEVE                     ,32,0,32
2018,ESTELLE                       ,32,0,32
2018,AYESHA                        ,32,0,32
2018,AYAH                          ,32,0,32
2018,ARIYA                         ,32,0,32
2018,ALICIA                        ,32,0,32
2018,ALEXIA                        ,32,0,32
2018,CHLOÉ                         ,30,0,30
2018,EMBER                         ,28,0,28
2018,ELAINA                        ,30,0,30
2018,GABRIELA                      ,30,0,30
2018,BRIELLA                       ,28,0,28
2018,YARA                          ,29,0,29
2018,PEARL                         ,29,0,29
2018,NAYA                          ,29,0,29
2018,MATILDA                       ,29,0,29
2018,LUCIA                         ,29,0,29
2018,KINLEY                        ,29,0,29
2018,KALI                          ,29,0,29
2018,JOELLE                        ,29,0,29
2018,FINLEY                        ,108,79,29
2018,CASEY                         ,59,30,29
2018,BRIDGET                       ,29,0,29
2018,ASHLEY                        ,29,0,29
2018,ANGELICA                      ,29,0,29
2018,ADALINE                       ,29,0,29
2018,SHANAYA                       ,30,0,30
2018,SASHA                         ,39,9,30
2018,RAVEN                         ,36,6,30
2018,MIRIAM                        ,30,0,30
2018,MIRANDA                       ,30,0,30
2018,KIANA                         ,30,0,30
2018,JORDAN                        ,205,175,30
2018,JACQUELINE                    ,30,0,30
2018,HELENA                        ,30,0,30
2018,HAVEN                         ,37,7,30
2018,ERIN                          ,30,0,30
2018,ELIZA                         ,48,0,48
2018,CORA                          ,48,0,48
2018,OPHELIA                       ,49,0,49
2018,LAUREN                        ,121,0,121
2018,BRIELLE                       ,121,0,121
2018,AYLA                          ,124,0,124
2018,NAOMI                         ,128,0,128
2018,GEORGIA                       ,128,0,128
2018,SIENNA                        ,129,0,129
2018,ELIANA                        ,130,0,130
2018,GABRIELLA                     ,131,0,131
2018,SADIE                         ,132,0,132
2018,WILLOW                        ,134,0,134
2018,ROSE                          ,134,0,134
2018,NATALIE                       ,138,0,138
2018,NORAH                         ,141,0,141
2018,PAISLEY                       ,145,0,145
2018,ARYA                          ,147,0,147
2018,ALEXANDRA                     ,147,0,147
2018,LUCY                          ,149,0,149
2018,ELENA                         ,149,0,149
2018,AUBREY                        ,159,9,150
2018,MARIA                         ,151,0,151
2018,LILLIAN                       ,156,0,156
2018,BROOKLYN                      ,159,0,159
2018,LUNA                          ,160,0,160
2018,RUBY                          ,161,0,161
2018,MACKENZIE                     ,180,17,163
2018,VALENTINA                     ,121,0,121
2018,CLARA                         ,163,0,163
2018,MYA                           ,115,0,115
2018,JASMINE                       ,113,0,113
2018,AUTUMN                        ,93,0,93
2018,ARIANNA                       ,93,0,93
2018,VIVIAN                        ,95,0,95
2018,MAEVE                         ,95,0,95
2018,ALEXIS                        ,108,13,95
2018,JADE                          ,96,0,96
2018,SELENA                        ,99,0,99
2018,MADELINE                      ,99,0,99
2018,AALIYAH                       ,99,0,99
2018,MADELYN                       ,100,0,100
2018,JOSEPHINE                     ,100,0,100
2018,BROOKE                        ,101,0,101
2018,NOVA                          ,108,6,102
2018,ATHENA                        ,102,0,102
2018,SAMANTHA                      ,103,0,103
2018,PEYTON                        ,116,13,103
2018,LYLA                          ,104,0,104
2018,SLOANE                        ,106,0,106
2018,SARA                          ,107,0,107
2018,MARYAM                        ,107,0,107
2018,SAVANNAH                      ,109,0,109
2018,ALYSSA                        ,110,0,110
2018,TESSA                         ,112,0,112
2018,RACHEL                        ,112,0,112
2018,ZARA                          ,113,0,113
2018,KINSLEY                       ,114,0,114
2018,CHARLIE                       ,240,147,93
2018,ARIANA                        ,163,0,163
2018,AURORA                        ,167,0,167
2018,VIOLET                        ,284,0,284
2018,LILY                          ,302,0,302
2018,SOFIA                         ,308,0,308
2018,SCARLETT                      ,316,0,316
2018,MAYA                          ,323,0,323
2018,GRACE                         ,329,0,329
2018,ISLA                          ,330,0,330
2018,AVERY                         ,440,100,340
2018,ARIA                          ,366,0,366
2018,ISABELLA                      ,383,0,383
2018,ELLA                          ,386,0,386
2018,HANNAH                        ,390,0,390
2018,MILA                          ,403,0,403
2018,ABIGAIL                       ,405,0,405
2018,CHLOE                         ,406,0,406
2018,EMILY                         ,409,0,409
2018,MIA                           ,453,0,453
2018,EVELYN                        ,470,0,470
2018,SOPHIA                        ,527,0,527
2018,AVA                           ,559,0,559
2018,AMELIA                        ,560,0,560
2018,CHARLOTTE                     ,682,0,682
2018,EMMA                          ,686,0,686
2018,OLIVIA                        ,863,0,863
2018,RAHEEM                        ,8,8,0
2018,SOPHIE                        ,279,0,279
2018,JULIA                         ,165,0,165
2018,CLAIRE                        ,278,0,278
2018,VICTORIA                      ,273,0,273
2018,ADDISON                       ,175,6,169
2018,PENELOPE                      ,171,0,171
2018,ELEANOR                       ,171,0,171
2018,RILEY                         ,265,86,179
2018,EVERLY                        ,183,0,183
2018,ISABELLE                      ,185,0,185
2018,STELLA                        ,187,0,187
2018,LEAH                          ,188,0,188
2018,HAZEL                         ,191,0,191
2018,ZOE                           ,194,0,194
2018,IVY                           ,196,0,196
2018,SARAH                         ,199,0,199
2018,EMILIA                        ,202,0,202
2018,QUINN                         ,252,44,208
2018,EVA                           ,208,0,208
2018,ANNA                          ,210,0,210
2018,ZOEY                          ,216,0,216
2018,ELLIE                         ,216,0,216
2018,HAILEY                        ,222,0,222
2018,MADISON                       ,225,0,225
2018,LAYLA                         ,225,0,225
2018,ALICE                         ,233,0,233
2018,NORA                          ,255,0,255
2018,AUDREY                        ,263,0,263
2018,HARPER                        ,272,8,264
2018,ELIZABETH                     ,274,0,274
2018,CARA                          ,24,0,24
2018,ADELINE                       ,92,0,92
2018,TALIA                         ,91,0,91
2018,AMIRA                         ,56,0,56
2018,ALEXA                         ,56,0,56
2018,VANESSA                       ,57,0,57
2018,LENNON                        ,79,22,57
2018,KAYLEE                        ,58,0,58
2018,JULIETTE                      ,58,0,58
2018,DIANA                         ,58,0,58
2018,DELILAH                       ,58,0,58
2018,CECILIA                       ,58,0,58
2018,ARIEL                         ,58,0,58
2018,AMBER                         ,58,0,58
2018,ALIYAH                        ,58,0,58
2018,ZOYA                          ,59,0,59
2018,VERONICA                      ,59,0,59
2018,PAYTON                        ,59,0,59
2018,NATALIA                       ,59,0,59
2018,MYRA                          ,59,0,59
2018,REBECCA                       ,60,0,60
2018,NINA                          ,60,0,60
2018,LEIA                          ,60,0,60
2018,EVERLEIGH                     ,60,0,60
2018,CAMILA                        ,60,0,60
2018,OCTAVIA                       ,61,0,61
2018,MIRA                          ,62,0,62
2018,SKYLAR                        ,70,7,63
2018,ESTHER                        ,56,0,56
2018,MIKAYLA                       ,63,0,63
2018,LILLY                         ,56,0,56
2018,CATHERINE                     ,55,0,55
2018,EMERSYN                       ,49,0,49
2018,RIVER                         ,121,71,50
2018,MORGAN                        ,75,25,50
2018,LEILA                         ,50,0,50
2018,LAURA                         ,50,0,50
2018,GEMMA                         ,50,0,50
2018,BIANCA                        ,50,0,50
2018,AMY                           ,50,0,50
2018,ADRIANA                       ,50,0,50
2018,HOLLY                         ,51,0,51
2018,EMERY                         ,77,26,51
2018,AYA                           ,51,0,51
2018,MICHELLE                      ,52,0,52
2018,ANGELINA                      ,52,0,52
2018,VERA                          ,53,0,53
2018,ARIELLE                       ,53,0,53
2018,ROWAN                         ,215,161,54
2018,MAISIE                        ,54,0,54
2018,LIA                           ,54,0,54
2018,ALLISON                       ,54,0,54
2018,OLIVE                         ,55,0,55
2018,NOOR                          ,55,0,55
2018,LILIANA                       ,55,0,55
2018,LILA                          ,55,0,55
2018,LANA                          ,55,0,55
2018,MYLA                          ,56,0,56
2018,ALINA                         ,92,0,92
2018,KIARA                         ,63,0,63
2018,JOANNA                        ,64,0,64
2018,JORDYN                        ,76,0,76
2018,AMAYA                         ,76,0,76
2018,MOLLY                         ,77,0,77
2018,KYLIE                         ,77,0,77
2018,KATHERINE                     ,77,0,77
2018,ANAYA                         ,77,0,77
2018,NEVAEH                        ,78,0,78
2018,FAITH                         ,78,0,78
2018,CALLIE                        ,78,0,78
2018,BELLA                         ,78,0,78
2018,SUMMER                        ,80,0,80
2018,ROSALIE                       ,81,0,81
2018,MARIAM                        ,81,0,81
2018,LYDIA                         ,81,0,81
2018,PAIGE                         ,82,0,82
2018,KEIRA                         ,82,0,82
2018,ELOISE                        ,83,0,83
2018,EDEN                          ,102,18,84
2018,BLAKE                         ,238,154,84
2018,ALESSIA                       ,84,0,84
2018,SERENA                        ,87,0,87
2018,ELISE                         ,87,0,87
2018,KAYLA                         ,88,0,88
2018,IRIS                          ,90,0,90
2018,FATIMA                        ,90,0,90
2018,TAYLOR                        ,96,21,75
2018,HADLEY                        ,63,0,63
2018,ANNABELLE                     ,74,0,74
2018,MELODY                        ,74,0,74
2018,ZAINAB                        ,65,0,65
2018,REESE                         ,79,14,65
2018,NICOLE                        ,65,0,65
2018,GABRIELLE                     ,65,0,65
2018,AMARA                         ,65,0,65
2018,ZAHRA                         ,66,0,66
2018,RYLEE                         ,66,0,66
2018,MARY                          ,66,0,66
2018,FREYA                         ,66,0,66
2018,BRIANNA                       ,66,0,66
2018,ANASTASIA                     ,66,0,66
2018,AISHA                         ,66,0,66
2018,MADELEINE                     ,68,0,68
2018,KATE                          ,68,0,68
2018,LENA                          ,69,0,69
2018,JESSICA                       ,69,0,69
2018,VIENNA                        ,70,0,70
2018,SYDNEY                        ,70,0,70
2018,AUBREE                        ,70,0,70
2018,KAIA                          ,72,0,72
2018,CELINE                        ,72,0,72
2018,KENNEDY                       ,73,0,73
2018,ISABEL                        ,73,0,73
2018,ADELAIDE                      ,73,0,73
2018,PIPER                         ,74,0,74
2018,FIONA                         ,74,0,74
2018,MAHEEN                        ,7,0,7
2018,EMELIA                        ,24,0,24
2018,LILIAN                        ,24,0,24
2018,CLARKE                        ,13,0,13
2018,CLAIRA                        ,13,0,13
2018,CATALINA                      ,13,0,13
2018,CAROLYN                       ,13,0,13
2018,BEATRIX                       ,13,0,13
2018,BAANI                         ,13,0,13
2018,AUDRINA                       ,13,0,13
2018,AUBRIE                        ,13,0,13
2018,ASHLYN                        ,13,0,13
2018,AMÉLIE                        ,13,0,13
2018,ALORA                         ,13,0,13
2018,CLAUDIA                       ,13,0,13
2018,ALISSA                        ,13,0,13
2018,AAYAT                         ,13,0,13
2018,ZAINA                         ,14,0,14
2018,WINNIE                        ,14,0,14
2018,TIANNA                        ,14,0,14
2018,SUMAYA                        ,14,0,14
2018,SHREYA                        ,14,0,14
2018,SAOIRSE                       ,14,0,14
2018,SAIGE                         ,14,0,14
2018,RAHAF                         ,14,0,14
2018,NOLA                          ,14,0,14
2018,MIKA                          ,23,9,14
2018,AIDA                          ,13,0,13
2018,DANIA                         ,13,0,13
2018,ELISABETH                     ,13,0,13
2018,EMAN                          ,13,0,13
2018,SHARON                        ,13,0,13
2018,SCOTLYN                       ,13,0,13
2018,SAMIRA                        ,13,0,13
2018,SAHANA                        ,13,0,13
2018,ROWEN                         ,29,16,13
2018,ROSALYN                       ,13,0,13
2018,RANIA                         ,13,0,13
2018,PRISCILLA                     ,13,0,13
2018,NOEMI                         ,13,0,13
2018,NIYA                          ,13,0,13
2018,NIKKI                         ,13,0,13
2018,NATASHA                       ,13,0,13
2018,MIYA                          ,13,0,13
2018,MCKINLEY                      ,13,0,13
2018,MAXINE                        ,13,0,13
2018,MARIANNA                      ,13,0,13
2018,MAREN                         ,13,0,13
2018,MALLORY                       ,13,0,13
2018,LYANNA                        ,13,0,13
2018,JULIANNE                      ,13,0,13
2018,JAYA                          ,13,0,13
2018,JASLEEN                       ,13,0,13
2018,INAYAH                        ,13,0,13
2018,IMOGEN                        ,13,0,13
2018,GRACELYNN                     ,13,0,13
2018,LORELEI                       ,14,0,14
2018,LILITH                        ,14,0,14
2018,LEIGHTON                      ,21,7,14
2018,LAYA                          ,14,0,14
2018,ORIANA                        ,15,0,15
2018,OAKLYNN                       ,15,0,15
2018,NIMRAT                        ,15,0,15
2018,NEVE                          ,15,0,15
2018,NADINE                        ,15,0,15
2018,MICAH                         ,103,88,15
2018,MEHREEN                       ,15,0,15
2018,MARIGOLD                      ,15,0,15
2018,LUCILLE                       ,15,0,15
2018,KHADIJAH                      ,15,0,15
2018,KATHLEEN                      ,15,0,15
2018,JANELLE                       ,15,0,15
2018,INDIE                         ,15,0,15
2018,FATIMAH                       ,15,0,15
2018,EMMELINE                      ,15,0,15
2018,DELANEY                       ,15,0,15
2018,CLEO                          ,15,0,15
2018,CARLA                         ,15,0,15
2018,ASIYA                         ,15,0,15
2018,ANNALISE                      ,15,0,15
2018,ANDIE                         ,15,0,15
2018,ANDI                          ,15,0,15
2018,ANABIA                        ,15,0,15
2018,AMANI                         ,15,0,15
2018,AARNA                         ,15,0,15
2018,RIVAAN                        ,8,8,0
2018,SHAYLA                        ,13,0,13
2018,REBEKAH                       ,15,0,15
2018,SAKINA                        ,15,0,15
2018,LAURYN                        ,14,0,14
2018,KRISHA                        ,14,0,14
2018,KASSANDRA                     ,14,0,14
2018,KALLIE                        ,14,0,14
2018,JIYA                          ,14,0,14
2018,JAYDA                         ,14,0,14
2018,HALEY                         ,14,0,14
2018,GWEN                          ,14,0,14
2018,FREYJA                        ,14,0,14
2018,EZRA                          ,162,148,14
2018,ESHAAL                        ,14,0,14
2018,CRYSTAL                       ,14,0,14
2018,CLEMENTINE                    ,14,0,14
2018,CAMRYN                        ,14,0,14
2018,AZALEA                        ,14,0,14
2018,ARIZONA                       ,14,0,14
2018,AMORA                         ,14,0,14
2018,AMIYAH                        ,14,0,14
2018,ADDILYN                       ,14,0,14
2018,ZAYNA                         ,15,0,15
2018,YUNA                          ,15,0,15
2018,YASMIN                        ,15,0,15
2018,SUTTON                        ,21,6,15
2018,STEVIE                        ,15,0,15
2018,SAVANNA                       ,15,0,15
2018,ROWYN                         ,15,0,15
2018,SHELBY                        ,13,0,13
2018,SIMONA                        ,13,0,13
2018,SOLEIL                        ,13,0,13
2018,IMAAN                         ,11,0,11
2018,ILARIA                        ,11,0,11
2018,HAVANA                        ,11,0,11
2018,HARLEEN                       ,11,0,11
2018,HAREEM                        ,11,0,11
2018,GURNOOR                       ,11,0,11
2018,EMA                           ,11,0,11
2018,ELLY                          ,11,0,11
2018,ELAYNA                        ,11,0,11
2018,DINA                          ,11,0,11
2018,CLARE                         ,11,0,11
2018,CELIA                         ,11,0,11
2018,CECELIA                       ,11,0,11
2018,CARTER                        ,331,320,11
2018,BREE                          ,11,0,11
2018,AYVA                          ,11,0,11
2018,AUSTYN                        ,18,7,11
2018,ARYANA                        ,11,0,11
2018,ARTEMIS                       ,11,0,11
2018,ARAYA                         ,11,0,11
2018,ANTONELLA                     ,11,0,11
2018,ANNABEL                       ,11,0,11
2018,AMYRA                         ,11,0,11
2018,AMREEN                        ,11,0,11
2018,ALYA                          ,11,0,11
2018,INDIANA                       ,11,0,11
2018,ALAYAH                        ,11,0,11
2018,ISABELA                       ,11,0,11
2018,JOURNEY                       ,11,0,11
2018,TALYA                         ,11,0,11
2018,SYBIL                         ,11,0,11
2018,SUSANA                        ,11,0,11
2018,SONIA                         ,11,0,11
2018,SIYA                          ,11,0,11
2018,SIDRA                         ,11,0,11
2018,SELAH                         ,11,0,11
2018,SAMAIRA                       ,11,0,11
2018,SAFIYA                        ,11,0,11
2018,RAYNE                         ,11,0,11
2018,PETRA                         ,11,0,11
2018,NOURA                         ,11,0,11
2018,NATHALIE                      ,11,0,11
2018,MICHELA                       ,11,0,11
2018,MANHA                         ,11,0,11
2018,MAEVA                         ,11,0,11
2018,LYRIC                         ,23,12,11
2018,LYNN                          ,11,0,11
2018,LYLAH                         ,11,0,11
2018,LARISSA                       ,11,0,11
2018,LAINEY                        ,11,0,11
2018,KRISTINA                      ,11,0,11
2018,KRISTEN                       ,11,0,11
2018,KADENCE                       ,11,0,11
2018,KACEY                         ,11,0,11
2018,JOLIE                         ,11,0,11
2018,AADHYA                        ,15,0,15
2018,ALANNA                        ,11,0,11
2018,ABBIGAIL                      ,11,0,11
2018,HEATHER                       ,12,0,12
2018,GRACELYN                      ,12,0,12
2018,GIULIA                        ,12,0,12
2018,ESMÉ                          ,12,0,12
2018,EMAAN                         ,12,0,12
2018,EILEEN                        ,12,0,12
2018,DEANNA                        ,12,0,12
2018,COLETTE                       ,12,0,12
2018,CHARLEIGH                     ,12,0,12
2018,CALLA                         ,12,0,12
2018,BRIA                          ,12,0,12
2018,AYANA                         ,12,0,12
2018,AVREEN                        ,12,0,12
2018,AOIFE                         ,12,0,12
2018,ANAYAH                        ,12,0,12
2018,ALLEGRA                       ,12,0,12
2018,ALENA                         ,12,0,12
2018,AIZAH                         ,12,0,12
2018,ADÈLE                         ,12,0,12
2018,ADIRA                         ,12,0,12
2018,ADDISYN                       ,12,0,12
2018,ÉLOÏSE                        ,13,0,13
2018,ZOHA                          ,13,0,13
2018,VAYDA                         ,13,0,13
2018,THALIA                        ,13,0,13
2018,HEAVEN                        ,12,0,12
2018,AJOONI                        ,11,0,11
2018,HENLEY                        ,12,0,12
2018,ILYANA                        ,12,0,12
2018,ZARIA                         ,12,0,12
2018,YAEL                          ,12,0,12
2018,TENZIN                        ,28,16,12
2018,TAMARA                        ,12,0,12
2018,SOFIE                         ,12,0,12
2018,SKYLA                         ,12,0,12
2018,REYNA                         ,12,0,12
2018,PAISLEE                       ,12,0,12
2018,NAYLA                         ,12,0,12
2018,MINHA                         ,12,0,12
2018,MERCY                         ,12,0,12
2018,MALIKA                        ,12,0,12
2018,MAISY                         ,12,0,12
2018,MAGDALENA                     ,12,0,12
2018,MADILYNN                      ,12,0,12
2018,LINDA                         ,12,0,12
2018,LENI                          ,12,0,12
2018,KEZIAH                        ,12,0,12
2018,KENSINGTON                    ,12,0,12
2018,JUDE                          ,99,87,12
2018,JOANNE                        ,12,0,12
2018,JESSA                         ,12,0,12
2018,JAZMINE                       ,12,0,12
2018,IVORY                         ,12,0,12
2018,IRELAND                       ,12,0,12
2018,HIBA                          ,12,0,12
2018,SHAM                          ,16,0,16
2018,SARINA                        ,16,0,16
2018,REHMAT                        ,16,0,16
2018,ALMA                          ,20,0,20
2018,ALLIE                         ,20,0,20
2018,ADELYNN                       ,20,0,20
2018,SLOAN                         ,21,0,21
2018,SAFA                          ,21,0,21
2018,MONROE                        ,21,0,21
2018,MELISSA                       ,21,0,21
2018,MARISSA                       ,21,0,21
2018,MARINA                        ,21,0,21
2018,MARIANA                       ,21,0,21
2018,LYRA                          ,21,0,21
2018,LEANNA                        ,21,0,21
2018,LACEY                         ,21,0,21
2018,KAILEY                        ,21,0,21
2018,JUDY                          ,21,0,21
2018,JOHANNA                       ,21,0,21
2018,EVERLEE                       ,21,0,21
2018,EVELYNN                       ,21,0,21
2018,EVELINA                       ,21,0,21
2018,EDITH                         ,21,0,21
2018,DANICA                        ,21,0,21
2018,DAKOTA                        ,34,13,21
2018,ASTRID                        ,21,0,21
2018,ANNIKA                        ,21,0,21
2018,ANIYAH                        ,21,0,21
2018,AMNA                          ,20,0,20
2018,ALIA                          ,21,0,21
2018,ANNE                          ,20,0,20
2018,APRIL                         ,20,0,20
2018,ALAYA                         ,19,0,19
2018,AILA                          ,19,0,19
2018,TIANA                         ,20,0,20
2018,SEHAJ                         ,26,6,20
2018,RITA                          ,20,0,20
2018,REIGN                         ,33,13,20
2018,MYAH                          ,20,0,20
2018,MAKENNA                       ,20,0,20
2018,MADELYNN                      ,20,0,20
2018,LÉA                           ,20,0,20
2018,LORELAI                       ,20,0,20
2018,LONDON                        ,20,0,20
2018,LEXIE                         ,20,0,20
2018,JAYLA                         ,20,0,20
2018,HELEN                         ,20,0,20
2018,HAYA                          ,20,0,20
2018,HARMONY                       ,20,0,20
2018,HALLIE                        ,20,0,20
2018,FAYE                          ,20,0,20
2018,FARAH                         ,20,0,20
2018,DESTINY                       ,20,0,20
2018,DANA                          ,20,0,20
2018,CHRISTINE                     ,20,0,20
2018,ASPEN                         ,26,6,20
2018,ARIYAH                        ,20,0,20
2018,ANYA                          ,20,0,20
2018,ALISA                         ,19,0,19
2018,ADELE                         ,21,0,21
2018,TINA                          ,22,0,22
2018,RAINA                         ,23,0,23
2018,NANCY                         ,23,0,23
2018,MILENA                        ,23,0,23
2018,MEREDITH                      ,23,0,23
2018,MAE                           ,23,0,23
2018,MACI                          ,23,0,23
2018,LEONA                         ,23,0,23
2018,GIULIANA                      ,23,0,23
2018,FRANCESCA                     ,23,0,23
2018,EMERSON                       ,129,106,23
2018,ELYSE                         ,23,0,23
2018,ELSA                          ,23,0,23
2018,DYLAN                         ,224,201,23
2018,DIYA                          ,23,0,23
2018,BLAKELY                       ,23,0,23
2018,BLAIRE                        ,23,0,23
2018,AVLEEN                        ,23,0,23
2018,AMAL                          ,23,0,23
2018,ALANA                         ,23,0,23
2018,ZAYNAB                        ,24,0,24
2018,SIMONE                        ,24,0,24
2018,RIYA                          ,24,0,24
2018,RHEA                          ,24,0,24
2018,MADILYN                       ,24,0,24
2018,MACY                          ,24,0,24
2018,TARA                          ,23,0,23
2018,ZURI                          ,22,0,22
2018,TENLEY                        ,23,0,23
2018,ADRIANNA                      ,22,0,22
2018,SARGUN                        ,22,0,22
2018,SANA                          ,22,0,22
2018,ROSIE                         ,22,0,22
2018,REYA                          ,22,0,22
2018,NADIA                         ,22,0,22
2018,MEGAN                         ,22,0,22
2018,MAVIS                         ,22,0,22
2018,MARLOWE                       ,22,0,22
2018,MALAK                         ,22,0,22
2018,LEENA                         ,22,0,22
2018,LEEN                          ,22,0,22
2018,KATRINA                       ,22,0,22
2018,KARINA                        ,22,0,22
2018,JILLIAN                       ,22,0,22
2018,JESSIE                        ,22,0,22
2018,JANE                          ,22,0,22
2018,HALLE                         ,22,0,22
2018,GLORIA                        ,22,0,22
2018,FRANKIE                       ,29,7,22
2018,ESME                          ,22,0,22
2018,ERICA                         ,22,0,22
2018,CIARA                         ,22,0,22
2018,CADENCE                       ,22,0,22
2018,ALIZA                         ,22,0,22
2018,ALISON                        ,22,0,22
2018,TIA                           ,23,0,23
2018,FELICITY                      ,24,0,24
2018,ANANYA                        ,19,0,19
2018,DEBORAH                       ,19,0,19
2018,AMALIA                        ,16,0,16
2018,AMAIRA                        ,16,0,16
2018,ALEEZA                        ,16,0,16
2018,AKSHARA                       ,16,0,16
2018,ADRIENNE                      ,16,0,16
2018,WYNTER                        ,17,0,17
2018,WINTER                        ,17,0,17
2018,TAYA                          ,17,0,17
2018,TASNEEM                       ,17,0,17
2018,SPENCER                       ,99,82,17
2018,REMY                          ,54,37,17
2018,REINA                         ,17,0,17
2018,REAGAN                        ,17,0,17
2018,OAKLEY                        ,46,29,17
2018,NOUR                          ,17,0,17
2018,MONICA                        ,17,0,17
2018,MEHAR                         ,17,0,17
2018,MEADOW                        ,17,0,17
2018,MCKENZIE                      ,17,0,17
2018,KLARA                         ,17,0,17
2018,KIMBERLY                      ,17,0,17
2018,KATHRYN                       ,17,0,17
2018,KAIRA                         ,17,0,17
2018,JOLENE                        ,17,0,17
2018,ELIANNA                       ,17,0,17
2018,AMAYAH                        ,16,0,16
2018,DALIA                         ,17,0,17
2018,AMEERA                        ,16,0,16
2018,AURELIA                       ,16,0,16
2018,NYRA                          ,16,0,16
2018,NILA                          ,16,0,16
2018,NIKA                          ,16,0,16
2018,NAVY                          ,16,0,16
2018,MARTINA                       ,16,0,16
2018,MALIYAH                       ,16,0,16
2018,MACKENNA                      ,16,0,16
2018,LONDYN                        ,16,0,16
2018,LILLIANA                      ,16,0,16
2018,LEILANI                       ,16,0,16
2018,KENDRA                        ,16,0,16
2018,KENDALL                       ,16,0,16
2018,KAYLEIGH                      ,16,0,16
2018,JOYCE                         ,16,0,16
2018,JADA                          ,16,0,16
2018,ISRA                          ,16,0,16
2018,HUDA                          ,16,0,16
2018,HARRIET                       ,16,0,16
2018,FARRAH                        ,16,0,16
2018,EMMY                          ,16,0,16
2018,ELODIE                        ,16,0,16
2018,ELLIOT                        ,133,117,16
2018,ELAINE                        ,16,0,16
2018,CARLY                         ,16,0,16
2018,BARBARA                       ,16,0,16
2018,AMIRAH                        ,16,0,16
2018,AYAT                          ,19,0,19
2018,CYNTHIA                       ,17,0,17
2018,AVIANNA                       ,17,0,17
2018,AIZA                          ,18,0,18
2018,SYLVIA                        ,19,0,19
2018,SIA                           ,19,0,19
2018,SEERAT                        ,19,0,19
2018,ROHAAN                        ,8,8,0
2018,ROSA                          ,19,0,19
2018,ROBIN                         ,45,26,19
2018,REEM                          ,19,0,19
2018,RAE                           ,19,0,19
2018,PRISHA                        ,19,0,19
2018,MARA                          ,19,0,19
2018,MANNAT                        ,19,0,19
2018,LUCIE                         ,19,0,19
2018,LISA                          ,19,0,19
2018,LEYLA                         ,19,0,19
2018,LEA                           ,19,0,19
2018,KELLY                         ,19,0,19
2018,KAYA                          ,19,0,19
2018,KAIYA                         ,19,0,19
2018,JENNIFER                      ,19,0,19
2018,ISOBEL                        ,19,0,19
2018,GENESIS                       ,19,0,19
2018,EVERLEY                       ,19,0,19
2018,ELLIOTT                       ,146,127,19
2018,DOROTHY                       ,19,0,19
2018,ALTHEA                        ,18,0,18
2018,CASSIE                        ,17,0,17
2018,ANGEL                         ,30,12,18
2018,BREANNA                       ,18,0,18
2018,AVIANA                        ,17,0,17
2018,AGNES                         ,17,0,17
2018,ADELINA                       ,17,0,17
2018,ADDYSON                       ,17,0,17
2018,AADYA                         ,17,0,17
2018,VIVIANA                       ,18,0,18
2018,SHYLA                         ,18,0,18
2018,SAANVI                        ,18,0,18
2018,RYAN                          ,372,354,18
2018,PENNY                         ,18,0,18
2018,PARIS                         ,18,0,18
2018,MARWA                         ,18,0,18
2018,LIYA                          ,18,0,18
2018,LILIA                         ,18,0,18
2018,JUDITH                        ,18,0,18
2018,JENNY                         ,18,0,18
2018,JAYDE                         ,18,0,18
2018,HUNTER                        ,310,292,18
2018,FLORA                         ,18,0,18
2018,ERIKA                         ,18,0,18
2018,EMILIE                        ,18,0,18
2018,ELLIS                         ,57,39,18
2018,CHARLEY                       ,18,0,18
2018,CARINA                        ,18,0,18
2018,CAMERON                       ,227,209,18
2018,BETHANY                       ,18,0,18
2018,LORETTA                       ,7,0,7
2019,KYLER,24,24,0
2019,NOAH,842,842,0
2019,MEHTAB,10,10,0
2019,MIKAEEL,10,10,0
2019,MIKHAIL,10,10,0
2019,NASIR,10,10,0
2019,NATAN,10,10,0
2019,NAVRAJ,10,10,0
2019,OMARI,10,10,0
2019,MARWAN,10,10,0
2019,PRANAV,10,10,0
2019,RAYAAN,10,10,0
2019,REILLY,10,10,0
2019,RIAN,10,10,0
2019,RISHI,10,10,0
2019,RUBEN,10,10,0
2019,SALEH,10,10,0
2019,SEAMUS,10,10,0
2019,RANVEER,10,10,0
2019,SEBASTIEN,10,10,0
2019,MARCELO,10,10,0
2019,MAKSIM,10,10,0
2019,JADON,10,10,0
2019,JAIVEER,10,10,0
2019,JAN,10,10,0
2019,JARED,10,10,0
2019,JERRY,10,10,0
2019,JOAQUIN,10,10,0
2019,JUJHAR,10,10,0
2019,MAKSYM,10,10,0
2019,JUSTICE,10,10,0
2019,KARIM,10,10,0
2019,KASEN,10,10,0
2019,KELVIN,10,10,0
2019,KEON,10,10,0
2019,KHALIL,10,10,0
2019,LOÏC,10,10,0
2019,LUCIAN,10,10,0
2019,KAMERON,10,10,0
2019,HEINRICH,10,10,0
2019,SÉBASTIEN,10,10,0
2019,SIDNEY,10,10,0
2019,CORNELIUS,9,9,0
2019,CRAIG,9,9,0
2019,DASH,9,9,0
2019,DAVIN,9,9,0
2019,DILAN,9,9,0
2019,DILLON,9,9,0
2019,EDDIE,9,9,0
2019,CONNER,9,9,0
2019,ELIAN,9,9,0
2019,GRADY,9,9,0
2019,HAMDAN,9,9,0
2019,HARIS,9,9,0
2019,HAROON,9,9,0
2019,ISMAEEL,9,9,0
2019,JAKUB,9,9,0
2019,JAXXON,9,9,0
2019,GIACOMO,9,9,0
2019,SHAYAAN,10,10,0
2019,CAIUS,9,9,0
2019,BENNET,9,9,0
2019,TIM,10,10,0
2019,TOMMY,10,10,0
2019,TY,10,10,0
2019,URIEL,10,10,0
2019,USMAN,10,10,0
2019,VIKTOR,10,10,0
2019,WELLS,10,10,0
2019,BRENNAN,9,9,0
2019,YI,10,10,0
2019,ADIL,9,9,0
2019,AHAAN,9,9,0
2019,ALEK,9,9,0
2019,ALSTON,9,9,0
2019,AREN,9,9,0
2019,ARNAUD,9,9,0
2019,ARTIN,9,9,0
2019,YUVAN,10,10,0
2019,HASHIR,10,10,0
2019,GURSHAN,10,10,0
2019,GIORGIO,10,10,0
2019,MATHEW,11,11,0
2019,MESSIAH,11,11,0
2019,MOSES,11,11,0
2019,ONYX,11,11,0
2019,PHILLIP,11,11,0
2019,QASIM,11,11,0
2019,RAHEEM,11,11,0
2019,LUIS,11,11,0
2019,REYAN,11,11,0
2019,SAIF,11,11,0
2019,SAYED,11,11,0
2019,SHAURYA,11,11,0
2019,SULAYMAN,11,11,0
2019,SULEIMAN,11,11,0
2019,TAHA,11,11,0
2019,TALHA,11,11,0
2019,SAI,11,11,0
2019,TERRENCE,11,11,0
2019,LINDEN,11,11,0
2019,LAINE,11,11,0
2019,ESA,11,11,0
2019,FARHAN,11,11,0
2019,GILBERT,11,11,0
2019,GIUSEPPE,11,11,0
2019,GUS,11,11,0
2019,HAIDER,11,11,0
2019,HUSSEIN,11,11,0
2019,LEGEND,11,11,0
2019,IBRAHEEM,11,11,0
2019,JAMAL,11,11,0
2019,JEROME,11,11,0
2019,JOE,11,11,0
2019,JOSH,11,11,0
2019,KEENAN,11,11,0
2019,KEITH,11,11,0
2019,KYSON,11,11,0
2019,IMMANUEL,11,11,0
2019,TOMAS,11,11,0
2019,TRENT,11,11,0
2019,TRIPP,11,11,0
2019,COLTEN,10,10,0
2019,DAN,10,10,0
2019,DANILO,10,10,0
2019,DENIZ,10,10,0
2019,DOMINICK,10,10,0
2019,DONALD,10,10,0
2019,ELON,10,10,0
2019,CAYDE,10,10,0
2019,EMILIANO,10,10,0
2019,ESSA,10,10,0
2019,EUGENE,10,10,0
2019,EVEREST,10,10,0
2019,FARES,10,10,0
2019,FINNIGAN,10,10,0
2019,FOSTER,10,10,0
2019,FREDRICK,10,10,0
2019,EPHRAIM,10,10,0
2019,CALLEN,10,10,0
2019,BRENT,10,10,0
2019,AVIRAJ,10,10,0
2019,VALENTINO,11,11,0
2019,YASIR,11,11,0
2019,YOUNIS,11,11,0
2019,ZAKI,11,11,0
2019,ZAVIER,11,11,0
2019,ZIDANE,11,11,0
2019,ABDULRAHMAN,10,10,0
2019,ALDEN,10,10,0
2019,ALLAN,10,10,0
2019,ARAD,10,10,0
2019,ARAN,10,10,0
2019,ARIAN,10,10,0
2019,ARMIN,10,10,0
2019,ASH,10,10,0
2019,ASHWIN,10,10,0
2019,AUGUSTINE,10,10,0
2019,AUSTEN,10,10,0
2019,JEFFERY,9,9,0
2019,ENOCH,11,11,0
2019,JIMMY,9,9,0
2019,KASON,9,9,0
2019,MOUSSA,8,8,0
2019,NIRVAAN,8,8,0
2019,NOAM,8,8,0
2019,OSKAR,8,8,0
2019,OTTO,8,8,0
2019,PHILIPPE,8,8,0
2019,RADIN,8,8,0
2019,MOSHE,8,8,0
2019,REUBEN,8,8,0
2019,SALEM,8,8,0
2019,SAMARTH,8,8,0
2019,SARIM,8,8,0
2019,STORM,8,8,0
2019,TORIN,8,8,0
2019,VAUGHN,8,8,0
2019,VED,8,8,0
2019,RIHAAN,8,8,0
2019,VIHAN,8,8,0
2019,MOKSH,8,8,0
2019,MIKAËL,8,8,0
2019,KREW,8,8,0
2019,KRISTIAN,8,8,0
2019,KRITHIK,8,8,0
2019,KYLO,8,8,0
2019,LANDYN,8,8,0
2019,LAURENT,8,8,0
2019,LAYTH,8,8,0
2019,MITHRAN,8,8,0
2019,LLEWYN,8,8,0
2019,LUCCA,8,8,0
2019,LYNDON,8,8,0
2019,MARCOS,8,8,0
2019,MATEUS,8,8,0
2019,MAVERIK,8,8,0
2019,MERRICK,8,8,0
2019,MICKEY,8,8,0
2019,LUC,8,8,0
2019,KOLTEN,8,8,0
2019,VINCE,8,8,0
2019,WOLF,8,8,0
2019,AYOUB,7,7,0
2019,BARRY,7,7,0
2019,BEAR,7,7,0
2019,BENEDICT,7,7,0
2019,BODEN,7,7,0
2019,BODIE,7,7,0
2019,BRADEN,7,7,0
2019,AYAANSH,7,7,0
2019,BRANSON,7,7,0
2019,BRODIE,7,7,0
2019,CAELAN,7,7,0
2019,CAMPBELL,7,7,0
2019,CÉDRIC,7,7,0
2019,CIAN,7,7,0
2019,CLIFFORD,7,7,0
2019,CORY,7,7,0
2019,BRAYDON,7,7,0
2019,WES,8,8,0
2019,ARON,7,7,0
2019,ARHAAN,7,7,0
2019,YASSIN,8,8,0
2019,ZAC,8,8,0
2019,ZADE,8,8,0
2019,ZAVIAN,8,8,0
2019,ZAYDAN,8,8,0
2019,ZEV,8,8,0
2019,ZIYAD,8,8,0
2019,ARMANI,7,7,0
2019,AADVIK,7,7,0
2019,AGAMJOT,7,7,0
2019,AJIT,7,7,0
2019,AKRAM,7,7,0
2019,ALASTAIR,7,7,0
2019,ALTON,7,7,0
2019,ANDERS,7,7,0
2019,ARAM,7,7,0
2019,ADNAN,7,7,0
2019,KOA,8,8,0
2019,KENZO,8,8,0
2019,KAINE,8,8,0
2019,ROBERTO,9,9,0
2019,ROGER,9,9,0
2019,ROSS,9,9,0
2019,SAMAR,9,9,0
2019,SHAAN,9,9,0
2019,SINAN,9,9,0
2019,STEVE,9,9,0
2019,RAYDEN,9,9,0
2019,TADHG,9,9,0
2019,TITAN,9,9,0
2019,TOBIN,9,9,0
2019,WOLFGANG,9,9,0
2019,YAHIA,9,9,0
2019,ZEPHYR,9,9,0
2019,,8,8,0
2019,ABDIRAHMAN,8,8,0
2019,TEGH,9,9,0
2019,ABDURRAHMAN,8,8,0
2019,QUINTIN,9,9,0
2019,OAKLEN,9,9,0
2019,KASPER,9,9,0
2019,KELLAN,9,9,0
2019,KELLEN,9,9,0
2019,KHALED,9,9,0
2019,KOEN,9,9,0
2019,KOSTA,9,9,0
2019,KRIS,9,9,0
2019,PIERRE,9,9,0
2019,KYMANI,9,9,0
2019,LAZAR,9,9,0
2019,MASAI,9,9,0
2019,MATHÉO,9,9,0
2019,MURRAY,9,9,0
2019,NEEL,9,9,0
2019,NIALL,9,9,0
2019,NIKITA,9,9,0
2019,KYRO,9,9,0
2019,AJAY,8,8,0
2019,ALISTER,8,8,0
2019,AMEEN,8,8,0
2019,ELWOOD,8,8,0
2019,EMIL,8,8,0
2019,EOIN,8,8,0
2019,EREN,8,8,0
2019,FAISAL,8,8,0
2019,FIONN,8,8,0
2019,FORD,8,8,0
2019,ELVIN,8,8,0
2019,FOREST,8,8,0
2019,GIANNI,8,8,0
2019,GIULIANO,8,8,0
2019,GRAEME,8,8,0
2019,HAKEEM,8,8,0
2019,ISHAN,8,8,0
2019,JAXX,8,8,0
2019,JENSON,8,8,0
2019,GARY,8,8,0
2019,EISA,8,8,0
2019,EDMUND,8,8,0
2019,EDGAR,8,8,0
2019,AMOS,8,8,0
2019,ANAS,8,8,0
2019,ANHAD,8,8,0
2019,ARCHIBALD,8,8,0
2019,ARIS,8,8,0
2019,ARIYAN,8,8,0
2019,AVIR,8,8,0
2019,BASIL,8,8,0
2019,BENICIO,8,8,0
2019,BRIGHTON,8,8,0
2019,BRIXTON,8,8,0
2019,CASE,8,8,0
2019,CASSIAN,8,8,0
2019,COLESON,8,8,0
2019,DAKSH,8,8,0
2019,DAVE,8,8,0
2019,DERRICK,8,8,0
2019,JON,9,9,0
2019,CROSBY,7,7,0
2019,DOUGLAS,11,11,0
2019,DAXON,11,11,0
2019,EKAM,18,18,0
2019,GURFATEH,18,18,0
2019,HASHIM,18,18,0
2019,JENSEN,18,18,0
2019,LUCIANO,18,18,0
2019,NIHAL,18,18,0
2019,NIKOLA,18,18,0
2019,CEDRIC,18,18,0
2019,PAXTON,18,18,0
2019,SHAYAN,18,18,0
2019,SYLAS,18,18,0
2019,WALLACE,18,18,0
2019,ZAIDEN,18,18,0
2019,AFFAN,17,17,0
2019,ARNAV,17,17,0
2019,CALUM,17,17,0
2019,QUENTIN,18,18,0
2019,ISRAEL,17,17,0
2019,BO,18,18,0
2019,ANGELO,18,18,0
2019,AUGUSTUS,19,19,0
2019,CHARBEL,19,19,0
2019,DARREN,19,19,0
2019,DUNCAN,19,19,0
2019,ELYAS,19,19,0
2019,ÉMILE,19,19,0
2019,EMMITT,19,19,0
2019,AZLAN,18,18,0
2019,JAYLEN,19,19,0
2019,MAGNUS,19,19,0
2019,MANRAJ,19,19,0
2019,OSMAN,19,19,0
2019,REED,19,19,0
2019,VAN,19,19,0
2019,WALI,19,19,0
2019,AMEER,18,18,0
2019,KRISH,19,19,0
2019,ANSON,19,19,0
2019,JUAN,17,17,0
2019,LAITH,17,17,0
2019,KARAM,16,16,0
2019,KASH,16,16,0
2019,KAYSEN,16,16,0
2019,LIONEL,16,16,0
2019,MAHDI,16,16,0
2019,MARVIN,16,16,0
2019,NATHANAEL,16,16,0
2019,JULIUS,16,16,0
2019,NICK,16,16,0
2019,SAMIR,16,16,0
2019,TEO,16,16,0
2019,VIRAJ,16,16,0
2019,WESTLEY,16,16,0
2019,YUNUS,16,16,0
2019,ZACKARY,16,16,0
2019,ZAVIYAR,16,16,0
2019,REECE,16,16,0
2019,KEANU,17,17,0
2019,JOHNNY,16,16,0
2019,FINLAY,16,16,0
2019,LANDEN,17,17,0
2019,LELAND,17,17,0
2019,MADDEN,17,17,0
2019,MAXIME,17,17,0
2019,MIKAEL,17,17,0
2019,PIERCE,17,17,0
2019,SOREN,17,17,0
2019,FRANKLIN,16,16,0
2019,THÉODORE,17,17,0
2019,ZACK,17,17,0
2019,ABBAS,16,16,0
2019,ADVIK,16,16,0
2019,BRENDAN,16,16,0
2019,COREY,16,16,0
2019,CREW,16,16,0
2019,EVANDER,16,16,0
2019,TITUS,17,17,0
2019,AMMAR,19,19,0
2019,ALLEN,19,19,0
2019,ALISTAIR,19,19,0
2019,WADE,23,23,0
2019,WILDER,23,23,0
2019,AARYAN,22,22,0
2019,ANGUS,22,22,0
2019,AXTON,22,22,0
2019,CHANCE,22,22,0
2019,CURTIS,22,22,0
2019,STEFAN,23,23,0
2019,DOMENIC,22,22,0
2019,GIANLUCA,22,22,0
2019,HENRIK,22,22,0
2019,KING,22,22,0
2019,MARKUS,22,22,0
2019,NIAM,22,22,0
2019,SCOTT,22,22,0
2019,THIAGO,22,22,0
2019,GAGE,22,22,0
2019,UMAR,22,22,0
2019,OTIS,23,23,0
2019,MATHIAS,23,23,0
2019,MEMPHIS,24,24,0
2019,RAIDEN,24,24,0
2019,RONIN,24,24,0
2019,STANLEY,24,24,0
2019,ADRIANO,23,23,0
2019,AZAAN,23,23,0
2019,BEN,23,23,0
2019,MOHAMAD,23,23,0
2019,BRANTLEY,23,23,0
2019,FLETCHER,23,23,0
2019,KAYSON,23,23,0
2019,KENDRICK,23,23,0
2019,KOLTON,23,23,0
2019,LEONARD,23,23,0
2019,LEV,23,23,0
2019,MASSIMO,23,23,0
2019,CRISTIANO,23,23,0
2019,WILSON,22,22,0
2019,ZACHARIAH,22,22,0
2019,ALVIN,21,21,0
2019,HENRI,20,20,0
2019,IZHAAN,20,20,0
2019,JOEY,20,20,0
2019,KEATON,20,20,0
2019,KOHEN,20,20,0
2019,LAWRENCE,20,20,0
2019,MACK,20,20,0
2019,DOMINIK,20,20,0
2019,NOEL,20,20,0
2019,SAHIB,20,20,0
2019,SANTINO,20,20,0
2019,THÉO,20,20,0
2019,YOUSSEF,20,20,0
2019,ADEN,19,19,0
2019,ALEC,19,19,0
2019,ALEJANDRO,19,19,0
2019,RIAAN,20,20,0
2019,DAVIS,20,20,0
2019,COLBY,20,20,0
2019,ATHARV,20,20,0
2019,BRONSON,21,21,0
2019,CORBIN,21,21,0
2019,DEXTER,21,21,0
2019,DIMITRI,21,21,0
2019,DORIAN,21,21,0
2019,FARIS,21,21,0
2019,FORREST,21,21,0
2019,GARRETT,21,21,0
2019,HUGH,21,21,0
2019,ILYAS,21,21,0
2019,LAWSON,21,21,0
2019,LÉO,21,21,0
2019,SHIVANSH,21,21,0
2019,SULAIMAN,21,21,0
2019,WARREN,21,21,0
2019,ABRAM,20,20,0
2019,ADRIEN,20,20,0
2019,AARIZ,15,15,0
2019,DOMENICO,11,11,0
2019,AAYAN,15,15,0
2019,ANDREAS,15,15,0
2019,YOUSIF,13,13,0
2019,YUVAAN,13,13,0
2019,AARAN,12,12,0
2019,ADITYA,12,12,0
2019,ALEKSANDAR,12,12,0
2019,ALIJAH,12,12,0
2019,AMAR,12,12,0
2019,TIAGO,13,13,0
2019,ANDRÉ,12,12,0
2019,APOLLO,12,12,0
2019,AVEER,12,12,0
2019,AYANSH,12,12,0
2019,BOSTON,12,12,0
2019,CASSIUS,12,12,0
2019,COLLIN,12,12,0
2019,CULLEN,12,12,0
2019,ANTOINE,12,12,0
2019,DANIYAL,12,12,0
2019,SUBHAN,13,13,0
2019,SALMAN,13,13,0
2019,JASRAJ,13,13,0
2019,JAYSON,13,13,0
2019,LEANDRO,13,13,0
2019,LOUIE,13,13,0
2019,LUCIEN,13,13,0
2019,LYLE,13,13,0
2019,MARC,13,13,0
2019,SAMSON,13,13,0
2019,MARCEL,13,13,0
2019,MIKAIL,13,13,0
2019,NELSON,13,13,0
2019,NYLE,13,13,0
2019,ORION,13,13,0
2019,RÉMI,13,13,0
2019,REX,13,13,0
2019,RIO,13,13,0
2019,MICHEAL,13,13,0
2019,JASE,13,13,0
2019,DANNY,12,12,0
2019,FLYNN,12,12,0
2019,ROHAAN,12,12,0
2019,RYERSON,12,12,0
2019,RYLAND,12,12,0
2019,SONNY,12,12,0
2019,TATE,12,12,0
2019,THATCHER,12,12,0
2019,TOBY,12,12,0
2019,RAPHAËL,12,12,0
2019,VIRAAJ,12,12,0
2019,ALARIC,11,11,0
2019,ANDREI,11,11,0
2019,ANTON,11,11,0
2019,ARIE,11,11,0
2019,BRYCEN,11,11,0
2019,CADE,11,11,0
2019,CONRAD,11,11,0
2019,ZIDAN,12,12,0
2019,DEVANSH,12,12,0
2019,QUINCY,12,12,0
2019,PARSA,12,12,0
2019,GUNNAR,12,12,0
2019,GURBAAZ,12,12,0
2019,HARRIS,12,12,0
2019,ISAAK,12,12,0
2019,ISSAC,12,12,0
2019,JAXEN,12,12,0
2019,JERICHO,12,12,0
2019,PORTER,12,12,0
2019,JOVAN,12,12,0
2019,KALVIN,12,12,0
2019,KAVIN,12,12,0
2019,MANUEL,12,12,0
2019,MAYSON,12,12,0
2019,MONTGOMERY,12,12,0
2019,NIKOLAI,12,12,0
2019,NOVAK,12,12,0
2019,KAIUS,12,12,0
2019,IMRAN,13,13,0
2019,HEZEKIAH,13,13,0
2019,HENDRIK,13,13,0
2019,SULTAN,15,15,0
2019,TONY,15,15,0
2019,WATSON,15,15,0
2019,YASIN,15,15,0
2019,ZAYYAN,15,15,0
2019,AARUSH,14,14,0
2019,ADRIEL,14,14,0
2019,NAYEL,15,15,0
2019,AHAD,14,14,0
2019,ARCHIE,14,14,0
2019,ARES,14,14,0
2019,AYMAN,14,14,0
2019,CALLAN,14,14,0
2019,CARL,14,14,0
2019,CARMELO,14,14,0
2019,CILLIAN,14,14,0
2019,ALEKSANDER,14,14,0
2019,DEV,14,14,0
2019,MARKO,15,15,0
2019,MAAZ,15,15,0
2019,ANSH,15,15,0
2019,BRETT,15,15,0
2019,BRUNO,15,15,0
2019,DANE,15,15,0
2019,DARIAN,15,15,0
2019,DENNIS,15,15,0
2019,DHRUV,15,15,0
2019,MAKAI,15,15,0
2019,DION,15,15,0
2019,GUNNER,15,15,0
2019,HAYES,15,15,0
2019,IVAAN,15,15,0
2019,JAXTON,15,15,0
2019,JOSE,15,15,0
2019,KARL,15,15,0
2019,KIYAN,15,15,0
2019,EWAN,15,15,0
2019,DEVON,14,14,0
2019,DONOVAN,14,14,0
2019,ELIO,14,14,0
2019,TAIM,14,14,0
2019,TREY,14,14,0
2019,VINCENZO,14,14,0
2019,YAZAN,14,14,0
2019,ZAYAAN,14,14,0
2019,AAHIL,13,13,0
2019,ALFRED,13,13,0
2019,STEFANO,14,14,0
2019,AMIN,13,13,0
2019,DUSTIN,13,13,0
2019,EASON,13,13,0
2019,FILIP,13,13,0
2019,FRANCO,13,13,0
2019,FYNN,13,13,0
2019,GIBSON,13,13,0
2019,HEATH,13,13,0
2019,CASPER,13,13,0
2019,SELIM,14,14,0
2019,SAAD,14,14,0
2019,RONALD,14,14,0
2019,FOX,14,14,0
2019,HAMZAH,14,14,0
2019,HIMMAT,14,14,0
2019,ISSA,14,14,0
2019,KENAN,14,14,0
2019,KOBE,14,14,0
2019,KRISHIV,14,14,0
2019,LANE,14,14,0
2019,LINKIN,14,14,0
2019,MAHMOUD,14,14,0
2019,MATHIS,14,14,0
2019,MUHAMMED,14,14,0
2019,NEHEMIAH,14,14,0
2019,OMER,14,14,0
2019,RAMI,14,14,0
2019,RAY,14,14,0
2019,RIYAN,14,14,0
2019,ADONIS,15,15,0
2019,DARIEN,7,7,0
2019,DAYTON,7,7,0
2019,DRAVEN,7,7,0
2019,KINGSTON,50,50,0
2019,BRADY,50,50,0
2019,BECKETT,50,50,0
2019,RAFAEL,51,51,0
2019,JAD,51,51,0
2019,HENDRIX,51,51,0
2019,CLAYTON,51,51,0
2019,RAPHAEL,50,50,0
2019,VICTOR,52,52,0
2019,MALACHI,52,52,0
2019,KANE,53,53,0
2019,AHMAD,53,53,0
2019,KIERAN,54,54,0
2019,JAYCE,54,54,0
2019,JADEN,54,54,0
2019,MALIK,55,55,0
2019,MARK,52,52,0
2019,JAX,55,55,0
2019,COLIN,49,49,0
2019,IDRIS,49,49,0
2019,SETH,44,44,0
2019,KAIRO,44,44,0
2019,ARMAAN,44,44,0
2019,TRAVIS,45,45,0
2019,MUSTAFA,45,45,0
2019,HASSAN,45,45,0
2019,VIHAAN,46,46,0
2019,COLT,49,49,0
2019,MARTIN,46,46,0
2019,AUSTON,46,46,0
2019,SULLIVAN,47,47,0
2019,BODHI,47,47,0
2019,ZAYDEN,48,48,0
2019,WINSTON,49,49,0
2019,MIGUEL,49,49,0
2019,KINGSLEY,49,49,0
2019,LOCHLAN,46,46,0
2019,EDWIN,43,43,0
2019,IVAN,55,55,0
2019,ZANE,56,56,0
2019,JEREMY,63,63,0
2019,SANTIAGO,64,64,0
2019,REID,64,64,0
2019,LACHLAN,64,64,0
2019,SAM,65,65,0
2019,TOBIAS,66,66,0
2019,KEVIN,66,66,0
2019,AARAV,61,61,0
2019,AHMED,66,66,0
2019,EMMANUEL,68,68,0
2019,JUSTIN,69,69,0
2019,DAWSON,69,69,0
2019,JESSE,70,70,0
2019,HAMZA,71,71,0
2019,ABDULLAH,71,71,0
2019,ARYAN,72,72,0
2019,AMIR,67,67,0
2019,GRIFFIN,55,55,0
2019,ATLAS,61,61,0
2019,HARVEY,61,61,0
2019,PRESTON,56,56,0
2019,NICO,56,56,0
2019,KALEB,56,56,0
2019,HUGO,56,56,0
2019,DEAN,56,56,0
2019,BRANDON,56,56,0
2019,ARJUN,56,56,0
2019,ENZO,61,61,0
2019,YOUSEF,57,57,0
2019,LEON,58,58,0
2019,FREDERICK,58,58,0
2019,ANTONIO,58,58,0
2019,KABIR,59,59,0
2019,CLARK,59,59,0
2019,XANDER,60,60,0
2019,ODIN,61,61,0
2019,TIMOTHY,58,58,0
2019,KIAAN,43,43,0
2019,OLIVIER,43,43,0
2019,CAYDEN,42,42,0
2019,FÉLIX,33,33,0
2019,DENVER,33,33,0
2019,BRIAN,33,33,0
2019,BRAXTON,33,33,0
2019,BOWEN,33,33,0
2019,BENSON,33,33,0
2019,ARHAM,33,33,0
2019,HASAN,33,33,0
2019,ZAYNE,34,34,0
2019,MAXIMILIAN,34,34,0
2019,MARSHALL,34,34,0
2019,CAMDEN,34,34,0
2019,BRYAN,34,34,0
2019,BECKHAM,34,34,0
2019,ANDERSON,34,34,0
2019,ALESSIO,34,34,0
2019,RAYYAN,34,34,0
2019,AGAM,34,34,0
2019,JETT,33,33,0
2019,TANNER,33,33,0
2019,CADEN,31,31,0
2019,ARMAN,31,31,0
2019,ALESSANDRO,31,31,0
2019,ABDUL,31,31,0
2019,YAHYA,32,32,0
2019,SHAWN,32,32,0
2019,ROCCO,32,32,0
2019,SAMI,33,33,0
2019,RHYS,32,32,0
2019,RAYMOND,32,32,0
2019,NIKOLAS,32,32,0
2019,FINNLEY,32,32,0
2019,CYRUS,32,32,0
2019,CRUZ,32,32,0
2019,ANGAD,32,32,0
2019,TUCKER,33,33,0
2019,REYANSH,32,32,0
2019,KNOX,35,35,0
2019,KENNETH,35,35,0
2019,GRAHAM,35,35,0
2019,GORDON,39,39,0
2019,ABEL,39,39,0
2019,ZAYD,40,40,0
2019,RONAN,40,40,0
2019,NIXON,40,40,0
2019,MAXIM,40,40,0
2019,HOLDEN,40,40,0
2019,JUDAH,39,39,0
2019,DAX,40,40,0
2019,SEAN,41,41,0
2019,PAUL,41,41,0
2019,MOHAMED,41,41,0
2019,RHETT,42,42,0
2019,JOEL,42,42,0
2019,EDISON,42,42,0
2019,DAMIEN,42,42,0
2019,DALLAS,40,40,0
2019,NEIL,39,39,0
2019,NIKO,39,39,0
2019,PHILIP,39,39,0
2019,WAYLON,36,36,0
2019,WALKER,36,36,0
2019,QUINTON,36,36,0
2019,MALAKAI,36,36,0
2019,MADDOX,36,36,0
2019,LEWIS,36,36,0
2019,ISA,36,36,0
2019,BARRETT,36,36,0
2019,ARVIN,36,36,0
2019,RICHARD,37,37,0
2019,KADEN,37,37,0
2019,DESMOND,37,37,0
2019,MATIAS,38,38,0
2019,MARCO,38,38,0
2019,DAXTON,38,38,0
2019,ATTICUS,38,38,0
2019,VIVAAN,39,39,0
2019,MAXIMUS,73,73,0
2019,DEACON,31,31,0
2019,EZEKIEL,74,74,0
2019,SYED,75,75,0
2019,MATTEO,196,196,0
2019,DECLAN,198,198,0
2019,JOHN,200,200,0
2019,MILES,205,205,0
2019,EMMETT,207,207,0
2019,CONNOR,211,211,0
2019,MAVERICK,214,214,0
2019,ASHER,193,193,0
2019,WESLEY,218,218,0
2019,EVAN,220,220,0
2019,CHARLES,220,220,0
2019,JAXON,222,222,0
2019,ZACHARY,229,229,0
2019,LUCA,229,229,0
2019,LUKE,230,230,0
2019,SEBASTIAN,232,232,0
2019,NICHOLAS,218,218,0
2019,NOLAN,235,235,0
2019,ANTHONY,188,188,0
2019,MATEO,187,187,0
2019,COLE,159,159,0
2019,AARON,161,161,0
2019,KAI,162,162,0
2019,MAX,164,164,0
2019,NATHANIEL,165,165,0
2019,MAXWELL,165,165,0
2019,GEORGE,166,166,0
2019,JASPER,187,187,0
2019,ELIAS,167,167,0
2019,ALI,173,173,0
2019,JULIAN,174,174,0
2019,ADRIAN,176,176,0
2019,BENNETT,179,179,0
2019,HARRISON,180,180,0
2019,MYLES,181,181,0
2019,ANDREW,183,183,0
2019,ELI,167,167,0
2019,FELIX,157,157,0
2019,JOSEPH,238,238,0
2019,JOSHUA,243,243,0
2019,JACKSON,404,404,0
2019,LEO,423,423,0
2019,ADAM,438,438,0
2019,HENRY,446,446,0
2019,ALEXANDER,447,447,0
2019,THEODORE,449,449,0
2019,OWEN,464,464,0
2019,NATHAN,404,404,0
2019,JACOB,486,486,0
2019,JACK,551,551,0
2019,OLIVER,562,562,0
2019,WILLIAM,596,596,0
2019,ETHAN,608,608,0
2019,BENJAMIN,625,625,0
2019,LUCAS,668,668,0
2019,LIAM,783,783,0
2019,JAMES,496,496,0
2019,DAVID,240,240,0
2019,DANIEL,401,401,0
2019,LINCOLN,366,366,0
2019,CALEB,252,252,0
2019,WYATT,254,254,0
2019,COLTON,257,257,0
2019,ISAAC,262,262,0
2019,SAMUEL,282,282,0
2019,MICHAEL,295,295,0
2019,GRAYSON,298,298,0
2019,MASON,396,396,0
2019,AUSTIN,298,298,0
2019,MATTHEW,302,302,0
2019,ELIJAH,310,310,0
2019,THOMAS,316,316,0
2019,HUDSON,317,317,0
2019,LEVI,328,328,0
2019,GABRIEL,346,346,0
2019,AIDEN,350,350,0
2019,MUHAMMAD,301,301,0
2019,LANDON,156,156,0
2019,ISAIAH,155,155,0
2019,DOMINIC,152,152,0
2019,BRODY,85,85,0
2019,KIAN,86,86,0
2019,LOUIS,87,87,0
2019,DANTE,87,87,0
2019,BROOKS,87,87,0
2019,OSCAR,88,88,0
2019,JOSIAH,88,88,0
2019,CALLUM,85,85,0
2019,TYSON,90,90,0
2019,SILAS,91,91,0
2019,PATRICK,91,91,0
2019,ERIC,91,91,0
2019,AXEL,92,92,0
2019,YUSUF,93,93,0
2019,MALCOLM,93,93,0
2019,RYDER,94,94,0
2019,SIMON,91,91,0
2019,JAMESON,97,97,0
2019,JACE,85,85,0
2019,COHEN,83,83,0
2019,MILO,75,75,0
2019,PETER,76,76,0
2019,ARCHER,76,76,0
2019,NICOLAS,77,77,0
2019,JONAH,77,77,0
2019,AYDEN,77,77,0
2019,MUSA,78,78,0
2019,AYAAN,83,83,0
2019,LORENZO,79,79,0
2019,DAMIAN,80,80,0
2019,CHASE,80,80,0
2019,ZION,81,81,0
2019,TYLER,81,81,0
2019,KAIDEN,82,82,0
2019,JEREMIAH,82,82,0
2019,MOHAMMED,83,83,0
2019,KYLE,79,79,0
2019,CALVIN,97,97,0
2019,VINCENT,98,98,0
2019,JASON,99,99,0
2019,IBRAHIM,123,123,0
2019,NASH,125,125,0
2019,JAXSON,125,125,0
2019,JONATHAN,126,126,0
2019,KAYDEN,127,127,0
2019,BEAU,128,128,0
2019,TRISTAN,129,129,0
2019,EVERETT,122,122,0
2019,OMAR,130,130,0
2019,LUKA,135,135,0
2019,GAVIN,135,135,0
2019,CARSON,138,138,0
2019,CHRISTIAN,140,140,0
2019,MARCUS,145,145,0
2019,ARTHUR,150,150,0
2019,XAVIER,151,151,0
2019,EASTON,131,131,0
2019,LEONARDO,122,122,0
2019,WESTON,118,118,0
2019,ASHTON,117,117,0
2019,IAN,102,102,0
2019,COOPER,102,102,0
2019,AIDAN,102,102,0
2019,BRAYDEN,103,103,0
2019,BENTLEY,103,103,0
2019,LUKAS,104,104,0
2019,ZAYN,105,105,0
2019,ROBERT,105,105,0
2019,FINN,105,105,0
2019,BRYSON,105,105,0
2019,ROMAN,108,108,0
2019,RYKER,109,109,0
2019,MOHAMMAD,109,109,0
2019,GREYSON,109,109,0
2019,EDWARD,110,110,0
2019,CHRISTOPHER,114,114,0
2019,JAKE,116,116,0
2019,ARLO,74,74,0
2019,KILLIAN,31,31,0
2019,LEONIDAS,31,31,0
2019,ZAYAN,31,31,0
2019,AVYAN,6,6,0
2019,AXL,6,6,0
2019,AYUB,6,6,0
2019,AZIZ,6,6,0
2019,BASTIEN,6,6,0
2019,BERKLEY,6,6,0
2019,BORNA,6,6,0
2019,AVYAAN,6,6,0
2019,CAMILO,6,6,0
2019,CLAY,6,6,0
2019,COBY,6,6,0
2019,COEN,6,6,0
2019,COLTER,6,6,0
2019,CONAN,6,6,0
2019,CONSTANTINE,6,6,0
2019,DARWIN,6,6,0
2019,CASPIAN,6,6,0
2019,DASHIELL,6,6,0
2019,ATTILA,6,6,0
2019,ASHAR,6,6,0
2019,ABDALLAH,6,6,0
2019,ABE,6,6,0
2019,ABHIRAJ,6,6,0
2019,ACHILLES,6,6,0
2019,ADAMO,6,6,0
2019,ADLER,6,6,0
2019,ADONAI,6,6,0
2019,ATREUS,6,6,0
2019,AKSEL,6,6,0
2019,AMBROSE,6,6,0
2019,AMJAD,6,6,0
2019,ANDRES,6,6,0
2019,ANISH,6,6,0
2019,ANTONY,6,6,0
2019,ARAV,6,6,0
2019,ARISH,6,6,0
2019,ALMIR,6,6,0
2019,AATHIRAN,6,6,0
2019,DAWUD,6,6,0
2019,DEKLAN,6,6,0
2019,IAIN,6,6,0
2019,IDREES,6,6,0
2019,IGNATIUS,6,6,0
2019,IZAAN,6,6,0
2019,JAI,6,6,0
2019,JALEN,6,6,0
2019,JAWAD,6,6,0
2019,HUSAYN,6,6,0
2019,JIYAAN,6,6,0
2019,JOVEN,6,6,0
2019,JOZIAH,6,6,0
2019,KAEDEN,6,6,0
2019,KASE,6,6,0
2019,KEIRAN,6,6,0
2019,KEYAN,6,6,0
2019,KOLE,6,6,0
2019,JOAQUIM,6,6,0
2019,DEEN,6,6,0
2019,HUMZA,6,6,0
2019,HARFATEH,6,6,0
2019,DENIS,6,6,0
2019,DENZEL,6,6,0
2019,DEVAN,6,6,0
2019,EAMON,6,6,0
2019,EDDISON,6,6,0
2019,EYAD,6,6,0
2019,FRANZ,6,6,0
2019,HAROLD,6,6,0
2019,FRASER,6,6,0
2019,GRAY,6,6,0
2019,GRAYDON,6,6,0
2019,GREY,6,6,0
2019,GRYFFIN,6,6,0
2019,GURBAZ,6,6,0
2019,GUSTAVO,6,6,0
2019,HANAD,6,6,0
2019,GARETH,6,6,0
2019,AARNAV,6,6,0
2019,AAMIR,6,6,0
2019,AADEN,6,6,0
2019,IZAIAH,7,7,0
2019,JAGGER,7,7,0
2019,JAMIESON,7,7,0
2019,JAVIER,7,7,0
2019,JIBREEL,7,7,0
2019,JONES,7,7,0
2019,JORAWAR,7,7,0
2019,ISMAEL,7,7,0
2019,JUNIOR,7,7,0
2019,KAIN,7,7,0
2019,KASHTON,7,7,0
2019,KAWHI,7,7,0
2019,KEAGAN,7,7,0
2019,KOLBY,7,7,0
2019,KYLAN,7,7,0
2019,LANCE,7,7,0
2019,JUSTUS,7,7,0
2019,LAYTON,7,7,0
2019,HUZAIFA,7,7,0
2019,HECTOR,7,7,0
2019,DUKE,7,7,0
2019,DWAYNE,7,7,0
2019,EMANUEL,7,7,0
2019,EMILE,7,7,0
2019,EMRYS,7,7,0
2019,EVAAN,7,7,0
2019,FAHAD,7,7,0
2019,HOLLIS,7,7,0
2019,FERGUS,7,7,0
2019,FISHER,7,7,0
2019,FRANCISCO,7,7,0
2019,GIAN,7,7,0
2019,GLENN,7,7,0
2019,GURMAN,7,7,0
2019,GURSHAAN,7,7,0
2019,GURSHABAD,7,7,0
2019,FERNANDO,7,7,0
2019,LEE,7,7,0
2019,LEIF,7,7,0
2019,LEONEL,7,7,0
2019,ROCKY,7,7,0
2019,RUDRA,7,7,0
2019,SACHA,7,7,0
2019,SHAI,7,7,0
2019,SHAUN,7,7,0
2019,SIDDHARTH,7,7,0
2019,STEPHAN,7,7,0
2019,REGINALD,7,7,0
2019,TRENTON,7,7,0
2019,VICENTE,7,7,0
2019,WALEED,7,7,0
2019,WARIS,7,7,0
2019,YOSEF,7,7,0
2019,YUSEF,7,7,0
2019,ZAKARIA,7,7,0
2019,ZIAD,7,7,0
2019,VANCE,7,7,0
2019,PETAR,7,7,0
2019,PEDRO,7,7,0
2019,PASCAL,7,7,0
2019,LEROY,7,7,0
2019,LINUS,7,7,0
2019,MAHAD,7,7,0
2019,MAHIR,7,7,0
2019,MAJD,7,7,0
2019,MARLO,7,7,0
2019,MIRAN,7,7,0
2019,NABIL,7,7,0
2019,NIHAAL,7,7,0
2019,NIKHIL,7,7,0
2019,NIVAAN,7,7,0
2019,NORMAN,7,7,0
2019,NUH,7,7,0
2019,OLLIE,7,7,0
2019,OM,7,7,0
2019,OZZY,7,7,0
2019,PABLO,7,7,0
2019,KRISTOPHER,6,6,0
2019,KYAN,6,6,0
2019,KYE,6,6,0
2019,KYZER,6,6,0
2019,MALEK,26,26,0
2019,KHALID,26,26,0
2019,KARTER,26,26,0
2019,ISMAIL,26,26,0
2019,HUXLEY,26,26,0
2019,GREGORY,26,26,0
2019,FRANCESCO,26,26,0
2019,NATE,26,26,0
2019,FATEH,26,26,0
2019,BRUCE,26,26,0
2019,BROCK,26,26,0
2019,ANDY,26,26,0
2019,ALBERT,26,26,0
2019,ZAID,27,27,0
2019,KARSON,27,27,0
2019,JONAS,27,27,0
2019,CONOR,26,26,0
2019,HADI,27,27,0
2019,PRINCE,26,26,0
2019,STEPHEN,26,26,0
2019,YUVRAJ,25,25,0
2019,VEER,25,25,0
2019,TREVOR,25,25,0
2019,STEVEN,25,25,0
2019,SOLOMON,25,25,0
2019,SHANE,25,25,0
2019,ROY,25,25,0
2019,ROMEO,26,26,0
2019,ROLAND,25,25,0
2019,JAKOB,25,25,0
2019,DEVIN,25,25,0
2019,CRISTIAN,25,25,0
2019,CARLOS,25,25,0
2019,AYDIN,25,25,0
2019,VIAAN,26,26,0
2019,STERLING,26,26,0
2019,JOHAN,25,25,0
2019,GIDEON,27,27,0
2019,FRANK,27,27,0
2019,DARIUS,27,27,0
2019,EMILIO,29,29,0
2019,DIEGO,29,29,0
2019,CASH,29,29,0
2019,BRADLEY,29,29,0
2019,ALEXANDRE,29,29,0
2019,ALAN,29,29,0
2019,ZAKARIYA,30,30,0
2019,GIOVANNI,29,29,0
2019,ROHAN,30,30,0
2019,JAY,30,30,0
2019,ERIK,30,30,0
2019,EESA,30,30,0
2019,DARIO,30,30,0
2019,COLSON,30,30,0
2019,CODY,30,30,0
2019,CAIRO,30,30,0
2019,KEEGAN,30,30,0
2019,GRANT,29,29,0
2019,KADE,29,29,0
2019,MITCHELL,29,29,0
2019,DAMON,27,27,0
2019,DALTON,27,27,0
2019,CHRIS,27,27,0
2019,ABRAHAM,27,27,0
2019,YASEEN,28,28,0
2019,ROYCE,28,28,0
2019,MATTHIAS,28,28,0
2019,JEFFREY,28,28,0
2019,ISHAAN,28,28,0
2019,DEREK,28,28,0
2019,ANDRE,28,28,0
2019,ACE,28,28,0
2019,ZANDER,29,29,0
2019,YOUSUF,29,29,0
2019,WALTER,29,29,0
2019,TROY,29,29,0
2019,RUSSELL,29,29,0
2019,ZORAWAR,25,25,0
2019,KAREEM,24,24,0
2019,ARJAN,24,24,0
2019,CAIDEN,24,24,0
2019,MORDECHAI,6,6,0
2019,MURAD,6,6,0
2019,MUSAB,6,6,0
2019,MYER,6,6,0
2019,NAEL,6,6,0
2019,NOBLE,6,6,0
2019,OAKLAND,6,6,0
2019,MIVAAN,6,6,0
2019,ORSON,6,6,0
2019,PAOLO,6,6,0
2019,PARAM,6,6,0
2019,PERCY,6,6,0
2019,PERRY,6,6,0
2019,PIERSON,6,6,0
2019,PRIMO,6,6,0
2019,QUINTEN,6,6,0
2019,OZAN,6,6,0
2019,RAJA,6,6,0
2019,MELVIN,6,6,0
2019,MEER,6,6,0
2019,LEDGER,6,6,0
2019,LEVON,6,6,0
2019,LEXINGTON,6,6,0
2019,LOUKA,6,6,0
2019,LUDOVIC,6,6,0
2019,LUQMAN,6,6,0
2019,LUTHER,6,6,0
2019,MEHMET,6,6,0
2019,LYAM,6,6,0
2019,MAJOR,6,6,0
2019,MANVEER,6,6,0
2019,MARIO,6,6,0
2019,MARIUS,6,6,0
2019,MATHIEU,6,6,0
2019,MATÍAS,6,6,0
2019,MATTIAS,6,6,0
2019,MAC,6,6,0
2019,RAKAN,6,6,0
2019,RALPH,6,6,0
2019,RAVI,6,6,0
2019,VEDANSH,6,6,0
2019,WAYNE,6,6,0
2019,WILFRED,6,6,0
2019,WILLEM,6,6,0
2019,YAAKOV,6,6,0
2019,ZECHARIAH,6,6,0
2019,ZEKE,6,6,0
2019,VANSH,6,6,0
2019,ZEPHANIAH,6,6,0
2019,JOHNATHAN,24,24,0
2019,JAIDEN,24,24,0
2019,HUSSAIN,24,24,0
2019,HARRY,24,24,0
2019,HANK,24,24,0
2019,FRANCIS,24,24,0
2019,FINNEGAN,24,24,0
2019,JULIEN,24,24,0
2019,TIAM,6,6,0
2019,THEODOR,6,6,0
2019,TERRANCE,6,6,0
2019,RAYHAN,6,6,0
2019,REN,6,6,0
2019,RICARDO,6,6,0
2019,RICHIE,6,6,0
2019,RIDHAAN,6,6,0
2019,RISHAAN,6,6,0
2019,RIYANSH,6,6,0
2019,ROAN,6,6,0
2019,RODNEY,6,6,0
2019,RODRIGO,6,6,0
2019,SALVATORE,6,6,0
2019,SEYON,6,6,0
2019,SHEPHERD,6,6,0
2019,SHIV,6,6,0
2019,SOHAM,6,6,0
2019,TAMIM,6,6,0
2019,TEDDY,6,6,0
2019,BILAL,24,24,0
2019,THEO,147,147,0
2019,ZARIYAH,6,0,6
2019,ZIYA,6,0,6
2019,HANEEN,9,0,9
2019,HADASSAH,9,0,9
2019,FARRAH,9,0,9
2019,FARAH,9,0,9
2019,ERIKA,9,0,9
2019,ÉLOÏSE,9,0,9
2019,DELPHINE,9,0,9
2019,COLETTE,9,0,9
2019,CLARISSA,9,0,9
2019,CASSIA,9,0,9
2019,CARTER,288,279,9
2019,CALLIOPE,9,0,9
2019,CAITLYN,9,0,9
2019,BRYNLEY,9,0,9
2019,BRIDGETTE,9,0,9
2019,BARBARA,9,0,9
2019,AVRIL,9,0,9
2019,AVNOOR,9,0,9
2019,AVNEET,9,0,9
2019,AUBRIE,9,0,9
2019,ATARAH,9,0,9
2019,HARNOOR,9,0,9
2019,ASHLYNN,9,0,9
2019,IMAAN,9,0,9
2019,ISABELA,9,0,9
2019,MIRAYA,9,0,9
2019,MARIELLA,9,0,9
2019,MARIANNE,9,0,9
2019,MAHIRA,9,0,9
2019,MACKENNA,9,0,9
2019,LORETTA,9,0,9
2019,LILLIANNA,9,0,9
2019,LENI,9,0,9
2019,LAUREL,9,0,9
2019,LARK,9,0,9
2019,LAIBA,9,0,9
2019,KINZA,9,0,9
2019,KIMORA,9,0,9
2019,KEERAT,9,0,9
2019,KARMA,9,0,9
2019,KAILEY,9,0,9
2019,KAELYN,9,0,9
2019,JUNO,9,0,9
2019,JOLIE,9,0,9
2019,JAPNEET,9,0,9
2019,ISADORA,9,0,9
2019,IRHA,9,0,9
2019,MOMINA,9,0,9
2019,ARYANNA,9,0,9
2019,ANAHAT,9,0,9
2019,ROXANNE,10,0,10
2019,ROSALYN,10,0,10
2019,REMINGTON,45,35,10
2019,PERSEPHONE,10,0,10
2019,PATRICIA,10,0,10
2019,NEVE,10,0,10
2019,NATHALIE,10,0,10
2019,NAILA,10,0,10
2019,MISHKA,10,0,10
2019,MIRACLE,10,0,10
2019,MILLICENT,10,0,10
2019,MELANIA,10,0,10
2019,MCKENZIE,10,0,10
2019,MATTEA,10,0,10
2019,MADISYN,10,0,10
2019,MADILYNN,10,0,10
2019,LORELEI,10,0,10
2019,LEYA,10,0,10
2019,LEANNE,10,0,10
2019,KASSIDY,10,0,10
2019,KAIRI,10,0,10
2019,SAFIA,10,0,10
2019,ARYANA,9,0,9
2019,SAFIYAH,10,0,10
2019,SHAY,17,7,10
2019,AN,9,0,9
2019,AMARI,48,39,9
2019,ALANNAH,9,0,9
2019,ALAÏA,9,0,9
2019,AKIRA,9,0,9
2019,AIRA,9,0,9
2019,AGATHA,9,0,9
2019,ADITI,9,0,9
2019,AATHIRA,9,0,9
2019,AARIA,9,0,9
2019,AALIYA,9,0,9
2019,ZARIAH,10,0,10
2019,YUNA,10,0,10
2019,YASMINA,10,0,10
2019,VAYDA,10,0,10
2019,VADA,10,0,10
2019,TORI,10,0,10
2019,TASNEEM,10,0,10
2019,SUNNY,10,0,10
2019,SHREYA,10,0,10
2019,SHELBY,10,0,10
2019,SAHAR,10,0,10
2019,JUDITH,10,0,10
2019,NADA,9,0,9
2019,NOVALEE,9,0,9
2019,HAJRA,8,0,8
2019,HADIYA,8,0,8
2019,HADIA,8,0,8
2019,GWYNETH,8,0,8
2019,GURNOOR,8,0,8
2019,GURBANI,8,0,8
2019,ELIYANAH,8,0,8
2019,ELISSA,8,0,8
2019,EESHA,8,0,8
2019,EDIE,8,0,8
2019,DESIREE,8,0,8
2019,DEFNE,8,0,8
2019,DARYA,8,0,8
2019,COURTNEY,8,0,8
2019,CONSTANCE,8,0,8
2019,CLOVER,8,0,8
2019,CHARLIZE,8,0,8
2019,CHARLENE,8,0,8
2019,CAROLINA,8,0,8
2019,CARLA,8,0,8
2019,BUSHRA,8,0,8
2019,HARGUN,8,0,8
2019,BLYTHE,8,0,8
2019,IDA,8,0,8
2019,INDIGO,8,0,8
2019,LAYAL,8,0,8
2019,KYRIE,49,41,8
2019,KRISTA,8,0,8
2019,KINSLEE,8,0,8
2019,KIANNA,8,0,8
2019,KHALEESI,8,0,8
2019,KENSLEY,8,0,8
2019,KENLEY,8,0,8
2019,KELSEY,8,0,8
2019,KEHLANI,8,0,8
2019,KAYLIN,8,0,8
2019,KAYLEY,8,0,8
2019,KAMRYN,8,0,8
2019,JESSA,8,0,8
2019,JAZMYN,8,0,8
2019,JASNOOR,8,0,8
2019,JASMIN,8,0,8
2019,JANESSA,8,0,8
2019,JANAYA,8,0,8
2019,IVANNA,8,0,8
2019,INIYA,8,0,8
2019,INAYAT,8,0,8
2019,NADINE,9,0,9
2019,BLESSING,8,0,8
2019,AYVA,8,0,8
2019,SWARA,9,0,9
2019,SUSIE,9,0,9
2019,SUSAN,9,0,9
2019,SOHA,9,0,9
2019,SHANNON,9,0,9
2019,SHAM,9,0,9
2019,SHALOM,9,0,9
2019,SERENE,9,0,9
2019,SERAFINA,9,0,9
2019,SAVANNA,9,0,9
2019,SALLY,9,0,9
2019,SAHARA,9,0,9
2019,SAFIYYAH,9,0,9
2019,RUHI,9,0,9
2019,ROYA,9,0,9
2019,RAZAN,9,0,9
2019,RANIA,9,0,9
2019,RAHMA,9,0,9
2019,RAEGAN,9,0,9
2019,PERLA,9,0,9
2019,NURA,9,0,9
2019,TAHLIA,9,0,9
2019,BERNICE,8,0,8
2019,TAYA,9,0,9
2019,UNA,9,0,9
2019,AVAH,8,0,8
2019,AUSTYN,8,0,8
2019,ARWA,8,0,8
2019,ARIANE,8,0,8
2019,AMORA,8,0,8
2019,AMIYA,8,0,8
2019,AMEENA,8,0,8
2019,ALITA,8,0,8
2019,ADRIENNE,8,0,8
2019,ADIRA,8,0,8
2019,ADINA,8,0,8
2019,ADÈLE,8,0,8
2019,ADDISYN,8,0,8
2019,AAHANA,8,0,8
2019,ZOFIA,9,0,9
2019,ZEINA,9,0,9
2019,WINNIE,9,0,9
2019,VIVIEN,9,0,9
2019,VIANNA,9,0,9
2019,VERONIKA,9,0,9
2019,VALERIA,9,0,9
2019,TEODORA,9,0,9
2019,LEORA,8,0,8
2019,JUDE,105,95,10
2019,JONI,10,0,10
2019,RAE,12,0,12
2019,PAITYN,12,0,12
2019,NIKA,12,0,12
2019,MINAHIL,12,0,12
2019,MAXINE,12,0,12
2019,MAHA,12,0,12
2019,MAGDALENA,12,0,12
2019,LORELAI,12,0,12
2019,LEILANI,12,0,12
2019,KATHLEEN,12,0,12
2019,KASSANDRA,12,0,12
2019,JENNY,12,0,12
2019,JAMIE,45,33,12
2019,INDIE,12,0,12
2019,IMAN,12,0,12
2019,ILYANA,12,0,12
2019,HEATHER,12,0,12
2019,HARLEEN,12,0,12
2019,HAILEE,12,0,12
2019,ESTELLA,12,0,12
2019,ESHAL,12,0,12
2019,RAYNE,12,0,12
2019,EMMANUELLE,12,0,12
2019,REAGAN,18,6,12
2019,RIA,12,0,12
2019,CRYSTAL,11,0,11
2019,CORALIE,11,0,11
2019,CIARA,11,0,11
2019,CELIA,11,0,11
2019,BRAELYNN,11,0,11
2019,ANNABEL,11,0,11
2019,ANISHA,11,0,11
2019,ALLY,11,0,11
2019,ALISSA,11,0,11
2019,ALENA,11,0,11
2019,ALEEN,11,0,11
2019,ALANNA,11,0,11
2019,ABBIGAIL,11,0,11
2019,AAYAT,11,0,11
2019,AADHIRA,11,0,11
2019,ZELDA,12,0,12
2019,SUMAYA,12,0,12
2019,STEVIE,12,0,12
2019,SAISHA,12,0,12
2019,ROSALEE,12,0,12
2019,RITA,12,0,12
2019,REBEKAH,12,0,12
2019,DARCY,27,16,11
2019,EMAN,12,0,12
2019,ELLIOT,124,112,12
2019,ROBYN,13,0,13
2019,RENEE,13,0,13
2019,NOURA,13,0,13
2019,MYAH,13,0,13
2019,MIRANDA,13,0,13
2019,MEHR,13,0,13
2019,MEHER,13,0,13
2019,MARIGOLD,13,0,13
2019,MANHA,13,0,13
2019,MACIE,13,0,13
2019,LYRA,13,0,13
2019,LOUISA,13,0,13
2019,LILIANNA,13,0,13
2019,KORA,13,0,13
2019,KENDALL,13,0,13
2019,KAYA,13,0,13
2019,KATERINA,13,0,13
2019,KADENCE,13,0,13
2019,JOYCE,13,0,13
2019,JEMMA,13,0,13
2019,IRELAND,13,0,13
2019,ROSALIND,13,0,13
2019,ELOWEN,12,0,12
2019,ROWYN,13,0,13
2019,SPENCER,86,73,13
2019,ELLEN,12,0,12
2019,ELENI,12,0,12
2019,DELLA,12,0,12
2019,CYNTHIA,12,0,12
2019,CATALINA,12,0,12
2019,CATALEYA,12,0,12
2019,CASSIE,12,0,12
2019,CARLY,12,0,12
2019,CARA,12,0,12
2019,AYSHA,12,0,12
2019,AURA,12,0,12
2019,ANDI,12,0,12
2019,AMÉLIE,12,0,12
2019,AMARAH,12,0,12
2019,AGNES,12,0,12
2019,ADLEY,12,0,12
2019,ZURI,13,0,13
2019,WINIFRED,13,0,13
2019,VIOLETTE,13,0,13
2019,TIARA,13,0,13
2019,TALEEN,13,0,13
2019,SARINA,13,0,13
2019,JOVIE,10,0,10
2019,DINA,11,0,11
2019,EILA,11,0,11
2019,AVIANA,10,0,10
2019,AVAYA,10,0,10
2019,ASHLYN,10,0,10
2019,ARIZONA,10,0,10
2019,ANNALISE,10,0,10
2019,ANN,10,0,10
2019,ANAYAH,10,0,10
2019,AMILIA,10,0,10
2019,AMELIE,10,0,10
2019,AMÉLIA,10,0,10
2019,ALLEGRA,10,0,10
2019,AIDA,10,0,10
2019,ZENDAYA,11,0,11
2019,ZARAH,11,0,11
2019,YANA,11,0,11
2019,TIANNA,11,0,11
2019,TERESA,11,0,11
2019,TATIANA,11,0,11
2019,SYBIL,11,0,11
2019,SHYLA,11,0,11
2019,SHEA,17,6,11
2019,AVNI,10,0,10
2019,SHARON,11,0,11
2019,AZARIAH,10,0,10
2019,BAYAN,10,0,10
2019,JIA,10,0,10
2019,JANNAH,10,0,10
2019,IVA,10,0,10
2019,ISHA,10,0,10
2019,INAYAH,10,0,10
2019,ILA,10,0,10
2019,HALA,10,0,10
2019,GIORGIA,10,0,10
2019,EMMELINE,10,0,10
2019,ELOÏSE,10,0,10
2019,ELLY,10,0,10
2019,ELLIA,10,0,10
2019,DEMI,10,0,10
2019,DANI,10,0,10
2019,CLARKE,21,11,10
2019,CECILY,10,0,10
2019,CALISTA,10,0,10
2019,BOWIE,20,10,10
2019,BONNIE,10,0,10
2019,BETHEL,10,0,10
2019,BÉATRICE,10,0,10
2019,BANI,10,0,10
2019,DIVINE,11,0,11
2019,SCOTTIE,11,0,11
2019,SANVI,11,0,11
2019,KALLIE,11,0,11
2019,KALINA,11,0,11
2019,JOHANNA,11,0,11
2019,JAZMINE,11,0,11
2019,IVORY,11,0,11
2019,IQRA,11,0,11
2019,INARA,11,0,11
2019,IMOGEN,11,0,11
2019,HEAVEN,11,0,11
2019,HARLOWE,11,0,11
2019,HARLEE,11,0,11
2019,HANIA,11,0,11
2019,FARIDA,11,0,11
2019,FAIZA,11,0,11
2019,EVALYN,11,0,11
2019,ESMÉ,11,0,11
2019,EMA,11,0,11
2019,ELIF,11,0,11
2019,ELIA,18,7,11
2019,ELA,11,0,11
2019,EIRA,11,0,11
2019,KAREN,11,0,11
2019,SCARLETTE,11,0,11
2019,KAYDENCE,11,0,11
2019,KYLEE,11,0,11
2019,SALWA,11,0,11
2019,SAKINA,11,0,11
2019,SAFIYA,11,0,11
2019,RYLAN,38,27,11
2019,RUBANI,11,0,11
2019,ROWEN,30,19,11
2019,RENÉE,11,0,11
2019,PRISCILLA,11,0,11
2019,PAISLEE,11,0,11
2019,NAVYA,11,0,11
2019,NAVA,11,0,11
2019,NAILAH,11,0,11
2019,NAHLA,11,0,11
2019,MIAH,11,0,11
2019,MARILYN,11,0,11
2019,MALAIKA,11,0,11
2019,MADINA,11,0,11
2019,LYVIA,11,0,11
2019,LYLAH,11,0,11
2019,LIBERTY,11,0,11
2019,LAMAR,11,0,11
2019,KRISTINA,11,0,11
2019,MACEY,8,0,8
2019,MADALYN,8,0,8
2019,MAHI,8,0,8
2019,GURASEES,6,0,6
2019,GLORY,6,0,6
2019,FERN,6,0,6
2019,FATMA,6,0,6
2019,EZRA,155,149,6
2019,ETTA,6,0,6
2019,ENYA,6,0,6
2019,EMMERSON,13,7,6
2019,EMILEE,6,0,6
2019,EMERALD,6,0,6
2019,ELSPETH,6,0,6
2019,ELLIANNA,6,0,6
2019,ELLERY,6,0,6
2019,ELISHEVA,6,0,6
2019,DREW,20,14,6
2019,DORIS,6,0,6
2019,DIANE,6,0,6
2019,DIAMOND,6,0,6
2019,DEVYN,6,0,6
2019,DAYNA,6,0,6
2019,DAYA,6,0,6
2019,GURLEEN,6,0,6
2019,CRISTINA,6,0,6
2019,HAISLEY,6,0,6
2019,HARLYN,6,0,6
2019,KAELYNN,6,0,6
2019,JUSTINA,6,0,6
2019,JULIETA,6,0,6
2019,JOURNEY,6,0,6
2019,JOURNEE,6,0,6
2019,JOSLYN,6,0,6
2019,JOOD,6,0,6
2019,JOANNE,6,0,6
2019,JIND,6,0,6
2019,JENICA,6,0,6
2019,JAYNE,6,0,6
2019,JAYLAH,6,0,6
2019,JAYDEN,282,276,6
2019,JAYDE,6,0,6
2019,JAYA,6,0,6
2019,JAPLEEN,6,0,6
2019,JANNA,6,0,6
2019,JANELLA,6,0,6
2019,HERA,6,0,6
2019,HEBA,6,0,6
2019,HATTIE,6,0,6
2019,HANAN,6,0,6
2019,KAMIYAH,6,0,6
2019,CORALINE,6,0,6
2019,CHIMAMANDA,6,0,6
2019,ARINA,6,0,6
2019,ARIAM,6,0,6
2019,ARDEN,6,0,6
2019,ANVI,6,0,6
2019,ANJALI,6,0,6
2019,ANAIYAH,6,0,6
2019,ANABELLA,6,0,6
2019,AMBAR,6,0,6
2019,ALYA,6,0,6
2019,ALLIYAH,6,0,6
2019,ALIDA,6,0,6
2019,ALEYNA,6,0,6
2019,ALEX,71,65,6
2019,AIYLA,6,0,6
2019,AICHA,6,0,6
2019,ADITRI,6,0,6
2019,ADELA,6,0,6
2019,ABRIELLE,6,0,6
2019,AARVI,6,0,6
2019,AAMINAH,6,0,6
2019,AAIRAH,6,0,6
2019,ARISSA,6,0,6
2019,CLAIR,6,0,6
2019,ASPYN,6,0,6
2019,AUGUST,43,37,6
2019,CHERISH,6,0,6
2019,CHAYA,6,0,6
2019,CHARLI,6,0,6
2019,CAYLA,6,0,6
2019,CATERINA,6,0,6
2019,CAROLYN,6,0,6
2019,CAITLIN,6,0,6
2019,CAELYN,6,0,6
2019,BRYCE,60,54,6
2019,BRONWYN,6,0,6
2019,BRIGITTE,6,0,6
2019,BRIE,6,0,6
2019,BRIANNE,6,0,6
2019,BREE,6,0,6
2019,BEATRIZ,6,0,6
2019,BAHAR,6,0,6
2019,AZARIA,6,0,6
2019,AYEZA,6,0,6
2019,AYAN,41,35,6
2019,AYAAT,6,0,6
2019,AVIRA,6,0,6
2019,ASYA,6,0,6
2019,ZUNAIRAH,7,0,7
2019,KARISSA,6,0,6
2019,KATRINA,6,0,6
2019,SCOTLAND,6,0,6
2019,SAVERA,6,0,6
2019,SAVANAH,6,0,6
2019,SAPHIRA,6,0,6
2019,SANAYA,6,0,6
2019,SAMARAH,6,0,6
2019,SABINE,6,0,6
2019,SABA,6,0,6
2019,RYLYNN,6,0,6
2019,RYANN,6,0,6
2019,RUMAISA,6,0,6
2019,ROSLYN,6,0,6
2019,ROSALINA,6,0,6
2019,ROSABELLE,6,0,6
2019,RIVKA,6,0,6
2019,RIHANNA,6,0,6
2019,RIDLEY,6,0,6
2019,RIDA,6,0,6
2019,RHIAN,6,0,6
2019,RHEYA,6,0,6
2019,RENATA,6,0,6
2019,SELENE,6,0,6
2019,REET,6,0,6
2019,SELMA,6,0,6
2019,SHANELLE,6,0,6
2019,ZAIN,82,76,6
2019,WILHELMINA,6,0,6
2019,VIVIANA,6,0,6
2019,VEDA,6,0,6
2019,VANIA,6,0,6
2019,VALKYRIE,6,0,6
2019,VAEDA,6,0,6
2019,TRACY,6,0,6
2019,TILLY,6,0,6
2019,TESS,6,0,6
2019,TANYA,6,0,6
2019,TANISHA,6,0,6
2019,TABITHA,6,0,6
2019,SUHANA,6,0,6
2019,SONIA,6,0,6
2019,SOFIJA,6,0,6
2019,SOFÍA,6,0,6
2019,SILVANA,6,0,6
2019,SIANNA,6,0,6
2019,SHIFA,6,0,6
2019,SHANIA,6,0,6
2019,SERAPHINA,6,0,6
2019,KATELYNN,6,0,6
2019,REEMA,6,0,6
2019,RAAVI,6,0,6
2019,MAËLLE,6,0,6
2019,MADDIE,6,0,6
2019,LYNN,6,0,6
2019,LOU,6,0,6
2019,LOTTIE,6,0,6
2019,LINDSAY,6,0,6
2019,LILYANA,6,0,6
2019,LILLIE,6,0,6
2019,LIELLE,6,0,6
2019,LIDIA,6,0,6
2019,LIBBY,6,0,6
2019,LIANNA,6,0,6
2019,LIAN,6,0,6
2019,KRYSTAL,6,0,6
2019,KRISTEN,6,0,6
2019,KORI,6,0,6
2019,KINDA,6,0,6
2019,KIERRA,6,0,6
2019,KENZA,6,0,6
2019,KAYAL,6,0,6
2019,KAVYA,6,0,6
2019,MAHSA,6,0,6
2019,RAIN,13,7,6
2019,MAIRA,6,0,6
2019,MALIHA,6,0,6
2019,PYPER,6,0,6
2019,PIPPA,6,0,6
2019,PALOMA,6,0,6
2019,NOEMI,6,0,6
2019,NIKOLINA,6,0,6
2019,NELL,6,0,6
2019,NAWAL,6,0,6
2019,NAJMA,6,0,6
2019,MYLAH,6,0,6
2019,MONA,6,0,6
2019,MITHRA,6,0,6
2019,MICHELA,6,0,6
2019,MERCY,6,0,6
2019,MAZIKEEN,6,0,6
2019,MATEA,6,0,6
2019,MARTA,6,0,6
2019,MARLIE,6,0,6
2019,MARJORIE,6,0,6
2019,MARIELLE,6,0,6
2019,MARIAN,6,0,6
2019,MARAM,6,0,6
2019,MAISEY,6,0,6
2019,ZIA,7,0,7
2019,ZEHRA,7,0,7
2019,ZAYA,7,0,7
2019,CAROL,7,0,7
2019,BRYNNLEE,7,0,7
2019,BRIANA,7,0,7
2019,BREANNA,7,0,7
2019,BELLAMY,20,13,7
2019,BAYLEE,7,0,7
2019,AYLIN,7,0,7
2019,AYLEEN,7,0,7
2019,AYANNA,7,0,7
2019,AVALINA,7,0,7
2019,ASIYAH,7,0,7
2019,ARYAH,7,0,7
2019,ARIANNE,7,0,7
2019,ARI,40,33,7
2019,ARBELLA,7,0,7
2019,ANTONIA,7,0,7
2019,ANIYA,7,0,7
2019,ANITA,7,0,7
2019,ANISA,7,0,7
2019,ANAIAH,7,0,7
2019,ANABIYA,7,0,7
2019,CHANA,7,0,7
2019,ANABELLE,7,0,7
2019,CHLOË,7,0,7
2019,COLBIE,7,0,7
2019,GILLIAN,7,0,7
2019,GHAZAL,7,0,7
2019,GAIA,7,0,7
2019,EMMI,7,0,7
2019,EMME,7,0,7
2019,EMMALYN,7,0,7
2019,EMERIE,7,0,7
2019,ELLIOTTE,7,0,7
2019,ELAYNA,7,0,7
2019,ELARA,7,0,7
2019,ELANA,7,0,7
2019,EKNOOR,7,0,7
2019,DUAA,7,0,7
2019,DIA,7,0,7
2019,DENISE,7,0,7
2019,DELINA,7,0,7
2019,DEANNA,7,0,7
2019,DEA,7,0,7
2019,DARIA,7,0,7
2019,DANAE,7,0,7
2019,COLLINS,7,0,7
2019,CHRISTELLE,7,0,7
2019,GINA,7,0,7
2019,AMINAH,7,0,7
2019,AMANAT,7,0,7
2019,RAYAN,96,88,8
2019,RAYAH,8,0,8
2019,RAPHAËLLE,8,0,8
2019,RANA,8,0,8
2019,PRINCESS,8,0,8
2019,PAULA,8,0,8
2019,OPAL,8,0,8
2019,OCEAN,19,11,8
2019,NIMRIT,8,0,8
2019,NELLA,8,0,8
2019,NALA,8,0,8
2019,MOIRA,8,0,8
2019,MILLER,43,35,8
2019,MENAAL,8,0,8
2019,MELIA,8,0,8
2019,MEHREEN,8,0,8
2019,MAVEN,8,0,8
2019,MASA,8,0,8
2019,MALINA,8,0,8
2019,MALAYA,8,0,8
2019,MAKENZIE,8,0,8
2019,RIPLEY,8,0,8
2019,AMEN,15,8,7
2019,ROMI,8,0,8
2019,SAIGE,8,0,8
2019,ALYSSIA,7,0,7
2019,ALTHEA,7,0,7
2019,ALIANA,7,0,7
2019,ALEKSANDRA,7,0,7
2019,ALEAH,7,0,7
2019,AILEEN,7,0,7
2019,ADDYSON,7,0,7
2019,AAVYA,7,0,7
2019,ZARIA,8,0,8
2019,VIANA,8,0,8
2019,VEERA,8,0,8
2019,TARYN,8,0,8
2019,TALYA,8,0,8
2019,SYLVIE,8,0,8
2019,SUTTON,8,0,8
2019,STACEY,8,0,8
2019,SKY,8,0,8
2019,SIMRAN,8,0,8
2019,SARIAH,8,0,8
2019,SAMIA,8,0,8
2019,SAMAYA,8,0,8
2019,ROSHA,8,0,8
2019,GURNAAZ,7,0,7
2019,GWENYTH,7,0,7
2019,HAILIE,7,0,7
2019,SAPPHIRE,7,0,7
2019,SANDRA,7,0,7
2019,SAMREEN,7,0,7
2019,SAMIYA,7,0,7
2019,SAMAIRA,7,0,7
2019,SAAVI,7,0,7
2019,RORI,7,0,7
2019,RHIANNON,7,0,7
2019,RAMEEN,7,0,7
2019,RAINE,7,0,7
2019,RACHELLE,7,0,7
2019,PAISLEIGH,7,0,7
2019,NYOMI,7,0,7
2019,NUHA,7,0,7
2019,NIKKI,7,0,7
2019,NIKI,7,0,7
2019,NESSA,7,0,7
2019,NATALYA,7,0,7
2019,NAOMIE,7,0,7
2019,NAIA,7,0,7
2019,MORIAH,7,0,7
2019,SAVREEN,7,0,7
2019,MONROE,7,0,7
2019,SCOTLYN,7,0,7
2019,SHAYLA,7,0,7
2019,ZAHARA,7,0,7
2019,YVONNE,7,0,7
2019,YSABELLA,7,0,7
2019,YASMEEN,7,0,7
2019,YASHVI,7,0,7
2019,WHITNEY,7,0,7
2019,VIVIANNE,7,0,7
2019,VITTORIA,7,0,7
2019,VIDA,7,0,7
2019,VANYA,7,0,7
2019,VAANI,7,0,7
2019,TIARAOLUWA,7,0,7
2019,THERESA,7,0,7
2019,THEIA,7,0,7
2019,TEGAN,7,0,7
2019,TATUM,20,13,7
2019,TALIYAH,7,0,7
2019,SUSANA,7,0,7
2019,SUKHMANI,7,0,7
2019,SITARA,7,0,7
2019,SIDAK,7,0,7
2019,SELAH,7,0,7
2019,MONICA,7,0,7
2019,MOKSHA,7,0,7
2019,MIRABELLE,7,0,7
2019,KEZIAH,7,0,7
2019,KENSINGTON,7,0,7
2019,KAYLIE,7,0,7
2019,KATALINA,7,0,7
2019,KACEY,7,0,7
2019,JOUD,13,6,7
2019,JEWEL,7,0,7
2019,JAZMIN,7,0,7
2019,JASLEEN,7,0,7
2019,JAPNOOR,7,0,7
2019,JANICE,7,0,7
2019,JANAE,7,0,7
2019,JAIDA,7,0,7
2019,IZZAH,7,0,7
2019,IVANKA,7,0,7
2019,INES,7,0,7
2019,HOORAIN,7,0,7
2019,HIRA,7,0,7
2019,HAVANA,7,0,7
2019,HARLEIGH,7,0,7
2019,HALEIGH,7,0,7
2019,KINSLEIGH,7,0,7
2019,KRISHA,7,0,7
2019,KRISHNA,13,6,7
2019,KYAH,7,0,7
2019,MILANIA,7,0,7
2019,MÉLODIE,7,0,7
2019,MAY,7,0,7
2019,MARION,7,0,7
2019,MARGO,7,0,7
2019,MARCELLA,7,0,7
2019,MAPLE,7,0,7
2019,MANREET,7,0,7
2019,MALIAH,7,0,7
2019,MAJESTY,7,0,7
2019,HUSNA,13,0,13
2019,MAJA,7,0,7
2019,MAHNOOR,7,0,7
2019,LORI,7,0,7
2019,LEYNA,7,0,7
2019,LEXA,7,0,7
2019,LÉONIE,7,0,7
2019,LAVINIA,7,0,7
2019,LARISSA,7,0,7
2019,LAREEN,7,0,7
2019,LAMEES,7,0,7
2019,KYNLEE,7,0,7
2019,MAISY,7,0,7
2019,HAYLEY,13,0,13
2019,GRETA,13,0,13
2019,GIULIANA,13,0,13
2019,AMAL,42,0,42
2019,ROWAN,204,161,43
2019,LEXI,43,0,43
2019,KAITLYN,43,0,43
2019,MAKAYLA,44,0,44
2019,LINA,45,0,45
2019,GIA,45,0,45
2019,EVE,45,0,45
2019,CASSANDRA,45,0,45
2019,ADALYNN,45,0,45
2019,REESE,58,12,46
2019,NICOLE,46,0,46
2019,LEILA,46,0,46
2019,INAAYA,46,0,46
2019,EMERSYN,46,0,46
2019,CAROLINE,46,0,46
2019,ADRIANA,46,0,46
2019,VALERIE,47,0,47
2019,REMI,67,20,47
2019,NYLA,47,0,47
2019,LILA,47,0,47
2019,CHARLEE,42,0,42
2019,KIRA,47,0,47
2019,ANGELA,41,0,41
2019,DAPHNE,41,0,41
2019,ALEXANDRIA,39,0,39
2019,ABBY,39,0,39
2019,KYLA,40,0,40
2019,JULIANA,40,0,40
2019,HOLLY,40,0,40
2019,HANA,40,0,40
2019,AYESHA,40,0,40
2019,AYA,40,0,40
2019,ARABELLA,40,0,40
2019,ANGELINA,40,0,40
2019,ANDREA,40,0,40
2019,ALIVIA,40,0,40
2019,ALAYNA,40,0,40
2019,MCKENNA,41,0,41
2019,MAIA,41,0,41
2019,LOLA,41,0,41
2019,LIV,41,0,41
2019,HANIYA,41,0,41
2019,FLORENCE,41,0,41
2019,FELICITY,41,0,41
2019,EVIE,41,0,41
2019,ANIKA,41,0,41
2019,ASEES,39,0,39
2019,JOSIE,47,0,47
2019,ELORA,47,0,47
2019,BRYNLEE,51,0,51
2019,BIANCA,51,0,51
2019,ARIELLA,51,0,51
2019,LIA,52,0,52
2019,LAILA,52,0,52
2019,HELENA,52,0,52
2019,CATHERINE,52,0,52
2019,AMY,52,0,52
2019,AMIRA,52,0,52
2019,RYLEIGH,53,0,53
2019,OLIVE,53,0,53
2019,ADALINE,53,0,53
2019,POPPY,54,0,54
2019,PAYTON,54,0,54
2019,MARGARET,54,0,54
2019,HOPE,54,0,54
2019,ADA,54,0,54
2019,VANESSA,55,0,55
2019,LILLY,55,0,55
2019,GEMMA,55,0,55
2019,ANNIE,55,0,55
2019,JORDYN,51,0,51
2019,HEIDI,47,0,47
2019,MICHELLE,51,0,51
2019,MIRA,51,0,51
2019,BRINLEY,47,0,47
2019,AMBER,47,0,47
2019,ALEENA,47,0,47
2019,LILAH,48,0,48
2019,LIANA,48,0,48
2019,JOANNA,48,0,48
2019,CHELSEA,48,0,48
2019,ALIYA,48,0,48
2019,MILLIE,49,0,49
2019,LANA,49,0,49
2019,ESTHER,49,0,49
2019,BRIAR,49,0,49
2019,ARIELLE,49,0,49
2019,AINSLEY,49,0,49
2019,REBECCA,50,0,50
2019,PARKER,200,150,50
2019,NINA,50,0,50
2019,CORA,50,0,50
2019,VIVIENNE,51,0,51
2019,SAWYER,164,113,51
2019,PHOEBE,51,0,51
2019,MIKAYLA,51,0,51
2019,ALLISON,55,0,55
2019,BRYNN,39,0,39
2019,AMINA,38,0,38
2019,EVELYNN,31,0,31
2019,DANIELLE,31,0,31
2019,TIFFANY,32,0,32
2019,SKYE,32,0,32
2019,MELINA,32,0,32
2019,KYRA,32,0,32
2019,JORDAN,176,144,32
2019,JANA,32,0,32
2019,CASSIDY,32,0,32
2019,CAMILLE,32,0,32
2019,ASHLEY,32,0,32
2019,ALIA,32,0,32
2019,RYLIE,33,0,33
2019,RUTH,33,0,33
2019,RAYNA,33,0,33
2019,MALIA,33,0,33
2019,LIVIA,33,0,33
2019,KINLEY,33,0,33
2019,JUNIPER,33,0,33
2019,JOLENE,33,0,33
2019,EMBER,33,0,33
2019,FLORA,31,0,31
2019,ELLIANA,33,0,33
2019,GENEVIEVE,31,0,31
2019,KHADIJA,31,0,31
2019,LOGAN,529,499,30
2019,LEONA,30,0,30
2019,KIANA,30,0,30
2019,KATELYN,30,0,30
2019,HAYDEN,147,117,30
2019,HAYA,30,0,30
2019,EMELIA,30,0,30
2019,ELLIOTT,138,108,30
2019,ALICIA,30,0,30
2019,ALAINA,30,0,30
2019,AIZA,30,0,30
2019,ADRIANNA,30,0,30
2019,ZOË,31,0,31
2019,WREN,38,7,31
2019,SHANAYA,31,0,31
2019,SABRINA,31,0,31
2019,RAVEN,38,7,31
2019,OAKLYN,31,0,31
2019,MIRIAM,31,0,31
2019,MICHAELA,31,0,31
2019,LILIAN,31,0,31
2019,KALI,31,0,31
2019,ELLE,39,0,39
2019,EDITH,33,0,33
2019,CALI,33,0,33
2019,SERENITY,37,0,37
2019,OPHELIA,37,0,37
2019,NOA,37,0,37
2019,MEHAR,37,0,37
2019,MEADOW,37,0,37
2019,MATILDA,37,0,37
2019,KHLOE,37,0,37
2019,KENZIE,37,0,37
2019,JUNE,37,0,37
2019,JOY,37,0,37
2019,JOCELYN,37,0,37
2019,ESME,37,0,37
2019,CELESTE,37,0,37
2019,BAILEY,37,0,37
2019,SLOAN,38,0,38
2019,ROSIE,38,0,38
2019,NAYA,38,0,38
2019,MADDISON,38,0,38
2019,JANE,38,0,38
2019,DANIELLA,38,0,38
2019,BLAIR,38,0,38
2019,TALA,37,0,37
2019,CHLOÉ,33,0,33
2019,YARA,37,0,37
2019,CAMILLA,36,0,36
2019,BROOKLYNN,33,0,33
2019,ADALYN,33,0,33
2019,SIERRA,34,0,34
2019,MILENA,34,0,34
2019,MELISSA,34,0,34
2019,LIYANA,34,0,34
2019,ADELYN,34,0,34
2019,RORY,122,87,35
2019,NOELLE,35,0,35
2019,LEIA,35,0,35
2019,LAYAN,35,0,35
2019,KARA,35,0,35
2019,JULIET,35,0,35
2019,JENNA,35,0,35
2019,HADLEY,35,0,35
2019,CHRISTINA,35,0,35
2019,BEATRICE,35,0,35
2019,ANYA,35,0,35
2019,TEAGAN,36,0,36
2019,NADIA,36,0,36
2019,FRANCES,36,0,36
2019,ARIYA,36,0,36
2019,ZOYA,56,0,56
2019,VIENNA,56,0,56
2019,MORGAN,77,21,56
2019,GABRIELLA,139,0,139
2019,ELENA,140,0,140
2019,MARIA,141,0,141
2019,PAISLEY,146,0,146
2019,LUCY,147,0,147
2019,AYLA,147,0,147
2019,AUBREY,158,9,149
2019,NAOMI,151,0,151
2019,WILLOW,154,0,154
2019,ADDISON,156,0,156
2019,CLARA,157,0,157
2019,ARYA,159,0,159
2019,RUBY,165,0,165
2019,RILEY,239,73,166
2019,AURORA,173,0,173
2019,MACKENZIE,192,18,174
2019,BROOKLYN,175,0,175
2019,MADISON,176,0,176
2019,LILLIAN,176,0,176
2019,ISABELLE,181,0,181
2019,LEAH,186,0,186
2019,ELIANA,137,0,137
2019,ZOE,187,0,187
2019,ROSE,136,0,136
2019,NORAH,135,0,135
2019,JASMINE,102,0,102
2019,ISABEL,102,0,102
2019,ALYSSA,103,0,103
2019,LYDIA,104,0,104
2019,SIENNA,106,0,106
2019,BRIELLE,106,0,106
2019,MYA,107,0,107
2019,LYLA,107,0,107
2019,ALEXANDRA,108,0,108
2019,MAEVE,109,0,109
2019,RACHEL,111,0,111
2019,EVERLEIGH,112,0,112
2019,TESSA,113,0,113
2019,VALENTINA,114,0,114
2019,ZARA,115,0,115
2019,NATALIE,116,0,116
2019,SARA,119,0,119
2019,ARIANA,120,0,120
2019,PEYTON,136,12,124
2019,SADIE,125,0,125
2019,MADELYN,128,0,128
2019,GEORGIA,135,0,135
2019,SELENA,102,0,102
2019,SARAH,190,0,190
2019,QUINN,265,71,194
2019,SOFIA,309,0,309
2019,AVERY,394,85,309
2019,HARPER,319,8,311
2019,SCARLETT,320,0,320
2019,ISLA,349,0,349
2019,EMILY,357,0,357
2019,ARIA,359,0,359
2019,MILA,366,0,366
2019,HANNAH,369,0,369
2019,ISABELLA,392,0,392
2019,ELLA,394,0,394
2019,CHLOE,419,0,419
2019,MIA,422,0,422
2019,ABIGAIL,439,0,439
2019,EVELYN,440,0,440
2019,AMELIA,526,0,526
2019,SOPHIA,538,0,538
2019,AVA,575,0,575
2019,EMMA,662,0,662
2019,CHARLOTTE,686,0,686
2019,OLIVIA,934,0,934
2019,MAYA,305,0,305
2019,JULIA,193,0,193
2019,LILY,304,0,304
2019,GRACE,288,0,288
2019,STELLA,195,0,195
2019,ANNA,195,0,195
2019,EVA,199,0,199
2019,LUNA,201,0,201
2019,ZOEY,202,0,202
2019,ELEANOR,209,0,209
2019,HAZEL,211,0,211
2019,PENELOPE,213,0,213
2019,HAILEY,214,0,214
2019,EVERLY,216,0,216
2019,IVY,224,0,224
2019,EMILIA,227,0,227
2019,LAYLA,229,0,229
2019,ALICE,236,0,236
2019,ELLIE,242,0,242
2019,VICTORIA,243,0,243
2019,NORA,254,0,254
2019,SOPHIE,259,0,259
2019,VIOLET,261,0,261
2019,CLAIRE,276,0,276
2019,AUDREY,283,0,283
2019,ELIZABETH,296,0,296
2019,MARYAM,101,0,101
2019,NOVA,105,6,99
2019,CALLIE,98,0,98
2019,EDEN,77,15,62
2019,CELINE,62,0,62
2019,LARA,63,0,63
2019,MYLA,64,0,64
2019,HANNA,64,0,64
2019,DELILAH,64,0,64
2019,ARIANNA,64,0,64
2019,LENNON,93,28,65
2019,VERONICA,66,0,66
2019,THEA,66,0,66
2019,NOOR,66,0,66
2019,ALEXIS,74,8,66
2019,ALESSIA,66,0,66
2019,ZAINAB,67,0,67
2019,LENA,67,0,67
2019,FAITH,67,0,67
2019,KAYLEE,68,0,68
2019,AISHA,68,0,68
2019,KAYLA,69,0,69
2019,JESSICA,69,0,69
2019,KAIA,70,0,70
2019,VERA,62,0,62
2019,SYDNEY,72,0,72
2019,ARIEL,61,0,61
2019,OCTAVIA,61,0,61
2019,MOLLY,56,0,56
2019,MARY,56,0,56
2019,MARGOT,56,0,56
2019,GABRIELLE,56,0,56
2019,ELSIE,56,0,56
2019,MAISIE,57,0,57
2019,LILIANA,57,0,57
2019,JULIETTE,57,0,57
2019,ELIZA,57,0,57
2019,KATHERINE,58,0,58
2019,KATE,58,0,58
2019,AMAYA,58,0,58
2019,LAURA,59,0,59
2019,HARLOW,59,0,59
2019,EVANGELINE,59,0,59
2019,DIANA,59,0,59
2019,CAMILA,59,0,59
2019,KEIRA,60,0,60
2019,EMERY,79,19,60
2019,BRIANNA,60,0,60
2019,ALIYAH,60,0,60
2019,NATALIA,61,0,61
2019,PAIGE,72,0,72
2019,MELODY,72,0,72
2019,ROSALIE,74,0,74
2019,SKYLAR,90,6,84
2019,SERENA,85,0,85
2019,ELOISE,86,0,86
2019,MADELINE,87,0,87
2019,FIONA,87,0,87
2019,BROOKE,87,0,87
2019,PIPER,88,0,88
2019,SUMMER,90,0,90
2019,AALIYAH,90,0,90
2019,KINSLEY,92,0,92
2019,IRIS,92,0,92
2019,ATHENA,93,0,93
2019,ALINA,93,0,93
2019,TALIA,94,0,94
2019,JOSEPHINE,94,0,94
2019,SAVANNAH,95,0,95
2019,LAUREN,96,0,96
2019,JADE,96,0,96
2019,SLOANE,97,0,97
2019,ADELINE,97,0,97
2019,CHARLIE,258,160,98
2019,BELLA,83,0,83
2019,KIARA,83,0,83
2019,MYRA,83,0,83
2019,ADELAIDE,82,0,82
2019,ANAYA,74,0,74
2019,TAYLOR,95,20,75
2019,RIVER,144,69,75
2019,ZAHRA,77,0,77
2019,FREYA,77,0,77
2019,SAMANTHA,78,0,78
2019,MADELEINE,78,0,78
2019,FATIMA,78,0,78
2019,ANASTASIA,78,0,78
2019,VIVIAN,79,0,79
2019,MAGGIE,30,0,30
2019,NEVAEH,79,0,79
2019,AMARA,79,0,79
2019,KYLIE,80,0,80
2019,KENNEDY,80,0,80
2019,AUTUMN,80,0,80
2019,RYLEE,81,0,81
2019,ELISE,81,0,81
2019,AUBREE,81,0,81
2019,MARIAM,82,0,82
2019,CECILIA,82,0,82
2019,BLAKE,231,149,82
2019,ANNABELLE,79,0,79
2019,ZIAN,6,6,0
2019,MARIAH,30,0,30
2019,RHEA,30,0,30
2019,EMBERLY,16,0,16
2019,ELISABETH,16,0,16
2019,DAVINA,16,0,16
2019,CORDELIA,16,0,16
2019,CANDICE,16,0,16
2019,BRIA,16,0,16
2019,AVLEEN,16,0,16
2019,AMANI,16,0,16
2019,AMAIRA,16,0,16
2019,ADDILYN,16,0,16
2019,ZOHA,17,0,17
2019,TIA,17,0,17
2019,ROSEMARY,17,0,17
2019,ROMY,17,0,17
2019,RIYA,17,0,17
2019,MILEY,17,0,17
2019,MARTINA,17,0,17
2019,MAEVA,17,0,17
2019,LILLIANA,17,0,17
2019,LEIGHTON,17,0,17
2019,KHADIJAH,17,0,17
2019,GIULIA,16,0,16
2019,JANELLE,17,0,17
2019,HAREEM,16,0,16
2019,KAIRA,16,0,16
2019,AAIRA,15,0,15
2019,SYLVIA,16,0,16
2019,SORAYA,16,0,16
2019,SOLEIL,16,0,16
2019,SOFIE,16,0,16
2019,SAMARA,16,0,16
2019,RYAN,341,325,16
2019,RAINA,16,0,16
2019,PARIS,16,0,16
2019,NOUR,16,0,16
2019,MINHA,16,0,16
2019,MIKA,16,0,16
2019,MARWA,16,0,16
2019,MAGNOLIA,16,0,16
2019,MADILYN,16,0,16
2019,LINDA,16,0,16
2019,LEYLA,16,0,16
2019,LENNOX,57,41,16
2019,LEA,16,0,16
2019,LACEY,16,0,16
2019,KAMILA,16,0,16
2019,JIYA,16,0,16
2019,AANYA,15,0,15
2019,JACQUELINE,17,0,17
2019,HALEY,17,0,17
2019,NOLA,18,0,18
2019,MIYA,18,0,18
2019,MCKINLEY,18,0,18
2019,MARLOWE,18,0,18
2019,MARLEE,18,0,18
2019,MARISSA,18,0,18
2019,MARINA,18,0,18
2019,MANNAT,18,0,18
2019,MALLORY,18,0,18
2019,KAYLEIGH,18,0,18
2019,KATHRYN,18,0,18
2019,KALIYAH,18,0,18
2019,HELEN,18,0,18
2019,FALLON,18,0,18
2019,EMILIE,18,0,18
2019,ELISHA,27,9,18
2019,ELIANNA,18,0,18
2019,DEBORAH,18,0,18
2019,DANIKA,18,0,18
2019,CELINA,18,0,18
2019,BELLE,18,0,18
2019,NYA,18,0,18
2019,IRA,26,9,17
2019,REYNA,18,0,18
2019,SIMONE,18,0,18
2019,EVELINA,17,0,17
2019,ESTELLE,17,0,17
2019,ÉLODIE,17,0,17
2019,ELAINA,17,0,17
2019,DELANEY,17,0,17
2019,DANA,17,0,17
2019,CLEMENTINE,17,0,17
2019,CECELIA,17,0,17
2019,CASEY,44,27,17
2019,CAMRYN,17,0,17
2019,AZALEA,17,0,17
2019,ANNABELLA,17,0,17
2019,ANDIE,17,0,17
2019,AMNA,17,0,17
2019,AMIRAH,17,0,17
2019,ALORA,17,0,17
2019,ALAIA,17,0,17
2019,ADELYNN,17,0,17
2019,WYNTER,18,0,18
2019,THEODORA,18,0,18
2019,THALIA,18,0,18
2019,SEHAJ,27,9,18
2019,BEATRIX,18,0,18
2019,ALISA,15,0,15
2019,ARTEMIS,15,0,15
2019,NYRA,14,0,14
2019,NYAH,14,0,14
2019,NOÉMIE,14,0,14
2019,NIYA,14,0,14
2019,NELLIE,14,0,14
2019,NANCY,14,0,14
2019,MISHA,14,0,14
2019,MILAN,51,37,14
2019,MALIYAH,14,0,14
2019,MALIKA,14,0,14
2019,MADELYNN,14,0,14
2019,LUCIE,14,0,14
2019,LONDYN,14,0,14
2019,LAURYN,14,0,14
2019,KLARA,14,0,14
2019,KATARINA,14,0,14
2019,IVANA,14,0,14
2019,HUDA,14,0,14
2019,HAYLEE,14,0,14
2019,HAWA,14,0,14
2019,HALIMA,14,0,14
2019,ROSELYN,14,0,14
2019,GURMEHAR,14,0,14
2019,SAIRA,14,0,14
2019,TAMARA,14,0,14
2019,GIADA,13,0,13
2019,FREYJA,13,0,13
2019,ESHAAL,13,0,13
2019,EMMIE,13,0,13
2019,ELOWYN,13,0,13
2019,ELEANORA,13,0,13
2019,DYLAN,186,173,13
2019,CLAIRA,13,0,13
2019,BLAYKE,13,0,13
2019,BILLIE,13,0,13
2019,AYANA,13,0,13
2019,AUDRINA,13,0,13
2019,ARWEN,13,0,13
2019,AMAYAH,13,0,13
2019,ALARA,13,0,13
2019,AJOONI,13,0,13
2019,AIZAH,13,0,13
2019,AADHYA,13,0,13
2019,YASMIN,14,0,14
2019,VALENCIA,14,0,14
2019,TENZIN,33,19,14
2019,SAMIRA,14,0,14
2019,AMEERA,15,0,15
2019,GISELLE,14,0,14
2019,ELAINE,14,0,14
2019,LAYA,15,0,15
2019,KAIYA,15,0,15
2019,JAYDA,15,0,15
2019,JANNAT,15,0,15
2019,JADA,15,0,15
2019,ISRA,15,0,15
2019,ISOBEL,15,0,15
2019,IMANI,15,0,15
2019,HENLEY,15,0,15
2019,GRACELYN,15,0,15
2019,GEORGINA,15,0,15
2019,ELINA,15,0,15
2019,DALIA,15,0,15
2019,CLEO,15,0,15
2019,CLAUDIA,15,0,15
2019,CHARLEIGH,15,0,15
2019,CARMEN,15,0,15
2019,BRIELLA,15,0,15
2019,AVIANNA,15,0,15
2019,AURELIA,15,0,15
2019,ASEEL,15,0,15
2019,LAYNE,28,13,15
2019,ELLIS,61,47,14
2019,LILIA,15,0,15
2019,MAKENNA,15,0,15
2019,EILEEN,14,0,14
2019,DOROTHY,14,0,14
2019,DANIA,14,0,14
2019,CAMERON,172,158,14
2019,CALLA,14,0,14
2019,BRAELYN,14,0,14
2019,BABY,27,13,14
2019,AZRA,14,0,14
2019,ASIYA,14,0,14
2019,ANAISHA,14,0,14
2019,AKSHARA,14,0,14
2019,VIOLA,15,0,15
2019,SIMONA,15,0,15
2019,REYA,15,0,15
2019,REEM,15,0,15
2019,RAMONA,15,0,15
2019,PETRA,15,0,15
2019,NAVY,15,0,15
2019,NATASHA,15,0,15
2019,MIRHA,15,0,15
2019,MICAH,93,78,15
2019,MACI,15,0,15
2019,ANGELICA,18,0,18
2019,ANANYA,18,0,18
2019,AMREEN,18,0,18
2019,ELODIE,24,0,24
2019,AYRA,24,0,24
2019,ASTRID,24,0,24
2019,APRIL,24,0,24
2019,ANNIKA,24,0,24
2019,AMIYAH,24,0,24
2019,AMANDA,24,0,24
2019,ALANA,24,0,24
2019,ZAINA,25,0,25
2019,TRINITY,25,0,25
2019,TARA,25,0,25
2019,PRESLEY,25,0,25
2019,OAKLYNN,25,0,25
2019,MEREDITH,25,0,25
2019,MEERA,25,0,25
2019,MARLEY,25,0,25
2019,LONDON,32,7,25
2019,LEEN,25,0,25
2019,HARRIET,25,0,25
2019,GWEN,25,0,25
2019,GLORIA,25,0,25
2019,FATIMAH,24,0,24
2019,GENESIS,25,0,25
2019,FINLEY,112,88,24
2019,HARLEY,42,18,24
2019,ELISA,23,0,23
2019,DAISY,23,0,23
2019,CHRISTINE,23,0,23
2019,CHARLEY,23,0,23
2019,BRIDGET,23,0,23
2019,AYAH,23,0,23
2019,AMALIA,23,0,23
2019,ALIZA,23,0,23
2019,AARYA,23,0,23
2019,AARNA,23,0,23
2019,WILLA,24,0,24
2019,SEERAT,24,0,24
2019,SCARLET,24,0,24
2019,SASHA,24,0,24
2019,REHMAT,24,0,24
2019,RAELYN,24,0,24
2019,NIA,24,0,24
2019,LILITH,24,0,24
2019,JULIE,24,0,24
2019,JAPJI,24,0,24
2019,IYLA,24,0,24
2019,HALLE,24,0,24
2019,ELSA,23,0,23
2019,BLAKELY,25,0,25
2019,ANIYAH,25,0,25
2019,SAGE,43,15,28
2019,SAFA,28,0,28
2019,MINA,28,0,28
2019,MIKAELA,28,0,28
2019,MELANIE,28,0,28
2019,LUCIA,28,0,28
2019,LEENA,28,0,28
2019,KIMBERLY,28,0,28
2019,CADENCE,28,0,28
2019,AHANA,28,0,28
2019,TENLEY,29,0,29
2019,MILANA,29,0,29
2019,KIERA,29,0,29
2019,IZABELLA,29,0,29
2019,IRENE,29,0,29
2019,INAYA,29,0,29
2019,GRACIE,29,0,29
2019,GIANNA,29,0,29
2019,DAHLIA,29,0,29
2019,ALEXIA,29,0,29
2019,ALESSANDRA,29,0,29
2019,YUSRA,28,0,28
2019,ARIYAH,25,0,25
2019,ZOÉ,28,0,28
2019,ANGEL,44,17,27
2019,SIENA,26,0,26
2019,SANA,26,0,26
2019,RAELYNN,26,0,26
2019,MABEL,26,0,26
2019,LUCILLE,26,0,26
2019,ELYSE,26,0,26
2019,DIYA,26,0,26
2019,DAKOTA,40,14,26
2019,CHIARA,26,0,26
2019,ALLIE,26,0,26
2019,YASMINE,27,0,27
2019,SELINA,27,0,27
2019,PHOENIX,76,49,27
2019,MARTHA,27,0,27
2019,MACY,27,0,27
2019,KARINA,27,0,27
2019,JULIANNA,27,0,27
2019,HAFSA,27,0,27
2019,ERIN,27,0,27
2019,EMERSON,127,100,27
2019,ARIAH,27,0,27
2019,ALISHA,27,0,27
2019,ERICA,23,0,23
2019,FRANCESCA,23,0,23
2019,GWENDOLYN,23,0,23
2019,ALAYA,19,0,19
2019,ADELINA,19,0,19
2019,WINTER,20,0,20
2019,TINA,20,0,20
2019,SKYLA,20,0,20
2019,SIYA,20,0,20
2019,SAOIRSE,20,0,20
2019,SALMA,20,0,20
2019,ROSA,20,0,20
2019,ROBIN,41,21,20
2019,RAYA,20,0,20
2019,PENNY,20,0,20
2019,OAKLEY,70,50,20
2019,MEGHAN,20,0,20
2019,LYANNA,20,0,20
2019,LUCIANA,20,0,20
2019,LOUISE,20,0,20
2019,LISA,20,0,20
2019,LEXIE,20,0,20
2019,KENDRA,20,0,20
2019,KELLY,20,0,20
2019,ALAYAH,19,0,19
2019,GABRIELA,20,0,20
2019,AMYRA,19,0,19
2019,ANTONELLA,19,0,19
2019,ALEXA,18,0,18
2019,ALEEZA,18,0,18
2019,AILA,18,0,18
2019,ZAYNA,19,0,19
2019,SKYLER,37,18,19
2019,SIDRA,19,0,19
2019,SAMA,19,0,19
2019,PRISHA,19,0,19
2019,NIMRAT,19,0,19
2019,NILA,19,0,19
2019,MARIE,19,0,19
2019,MARIANA,19,0,19
2019,MALAK,19,0,19
2019,LIYA,19,0,19
2019,JESSIE,19,0,19
2019,HUNTER,269,250,19
2019,HAVEN,19,0,19
2019,FRANKIE,19,0,19
2019,CARINA,19,0,19
2019,BAANI,19,0,19
2019,ASMA,19,0,19
2019,ANNE,19,0,19
2019,DUA,20,0,20
2019,DESTINY,20,0,20
2019,BETHANY,20,0,20
2019,FAYE,22,0,22
2019,EVERLEY,22,0,22
2019,EVERLEE,22,0,22
2019,EMMY,22,0,22
2019,DANIELA,22,0,22
2019,DANICA,22,0,22
2019,CLARE,22,0,22
2019,BLAIRE,22,0,22
2019,ANABIA,22,0,22
2019,ADELE,22,0,22
2019,TIANA,23,0,23
2019,SYEDA,23,0,23
2019,STEPHANIE,23,0,23
2019,SAANVI,23,0,23
2019,MAVIS,23,0,23
2019,MARA,23,0,23
2019,LEANNA,23,0,23
2019,LÉA,23,0,23
2019,LAINEY,23,0,23
2019,KATIE,23,0,23
2019,HARMONY,23,0,23
2019,JENNIFER,22,0,22
2019,JILLIAN,22,0,22
2019,MAE,22,0,22
2019,MEGAN,22,0,22
2019,AYAT,20,0,20
2019,ANA,20,0,20
2019,AADYA,20,0,20
2019,ZAYNAB,21,0,21
2019,SIA,21,0,21
2019,REMY,66,45,21
2019,REINA,21,0,21
2019,REIGN,34,13,21
2019,PEARL,21,0,21
2019,MAREN,21,0,21
2019,NYLAH,30,0,30
2019,JUDY,21,0,21
2019,JAYLA,21,0,21
2019,HIBA,21,0,21
2019,HALLIE,21,0,21
2019,EMAAN,21,0,21
2019,AVERIE,21,0,21
2019,ASPEN,21,0,21
2019,ALMA,21,0,21
2019,ALISON,21,0,21
2019,SHILOH,33,11,22
2019,SARGUN,22,0,22
2019,JOELLE,21,0,21
2019,ZORAVAR,6,6,0
